0
0
0
0
0
115
0
272
151
114
120
943
931
905
817
729
701
827
855
953
793
0
875
876
706
907
831
913
796
873
972
0
805
950
802
775
815
912
853
983
845
877
893
705
963
744
840
775
775
953
717
710
821
708
721
934
856
779
802
721
826
976
764
713
900
782
879
732
956
700
914
799
702
960
878
878
746
986
959
826
961
823
978
945
920
901
971
794
728
881
771
979
806
805
938
881
907
737
898
964
0
0
0
103
215
0
177
147
0
134
280
807
847
900
756
810
907
844
857
861
982
862
819
983
719
979
796
806
780
772
0
734
710
736
788
889
717
761
880
753
983
949
811
803
799
742
711
989
784
801
825
790
752
837
882
960
784
946
0
761
823
931
958
933
784
850
862
871
715
847
930
793
932
813
854
851
838
967
883
910
937
751
966
943
707
857
770
874
856
729
934
788
986
883
830
810
846
910
802
729
0
0
0
199
147
0
0
0
0
143
259
912
767
855
913
988
832
0
901
793
763
781
734
857
737
955
886
845
808
898
847
716
797
776
956
968
814
802
884
833
937
713
919
906
830
759
854
890
917
783
778
736
730
775
925
742
795
759
882
764
885
823
824
747
815
917
849
706
707
731
891
989
966
707
969
799
761
718
930
864
734
831
929
779
763
778
727
927
834
772
760
914
852
743
913
890
965
913
884
927
0
103
199
0
0
0
290
157
0
0
0
810
976
959
921
794
0
869
804
930
980
0
783
724
730
911
962
912
719
819
864
947
884
824
966
898
901
818
731
871
740
886
901
810
940
780
808
961
768
794
907
720
785
769
987
768
701
852
761
860
793
731
738
896
983
983
822
900
760
870
954
902
701
728
958
854
953
985
830
968
770
757
764
864
818
838
987
810
778
741
977
892
877
978
979
969
818
861
987
814
0
215
147
0
0
0
0
0
0
0
297
0
0
930
935
716
868
931
848
758
954
743
862
744
971
805
906
720
756
832
906
0
925
822
886
810
826
809
793
942
925
962
735
704
812
715
896
0
750
852
839
929
752
885
787
858
965
766
752
922
774
826
840
880
891
734
780
721
896
853
736
820
870
946
896
850
718
942
729
914
829
739
934
941
725
965
894
888
868
865
864
846
774
748
957
776
763
863
895
898
115
0
0
0
0
0
0
0
0
298
0
811
820
971
875
0
704
838
806
0
980
844
834
710
810
0
795
789
716
849
837
946
764
778
814
0
962
738
0
859
915
927
915
798
986
918
806
752
845
778
943
766
948
716
781
796
978
803
746
729
932
792
907
832
846
731
712
745
896
850
918
800
892
763
982
977
836
815
957
781
978
753
735
939
719
761
747
989
742
889
906
847
950
954
909
934
782
843
823
865
0
177
0
290
0
0
0
288
0
132
0
989
980
843
771
856
852
917
888
781
893
899
922
722
896
920
831
962
926
975
774
0
943
842
0
715
806
754
745
728
972
718
852
936
927
938
790
929
968
857
745
808
845
818
818
802
812
739
815
848
958
952
766
870
882
758
800
714
899
871
868
847
904
873
808
948
724
739
798
725
967
981
922
866
908
766
947
889
952
800
900
753
703
912
902
930
980
957
882
981
272
147
0
157
0
0
288
0
0
210
0
746
954
859
829
845
843
842
786
932
834
753
936
934
874
840
815
0
826
761
776
758
712
836
0
775
941
791
0
714
739
887
905
723
757
701
941
964
739
950
759
707
939
803
899
896
724
0
0
843
923
866
778
822
834
971
942
800
773
772
0
0
971
805
916
860
941
794
906
979
766
954
865
793
762
728
908
820
933
790
791
756
831
748
963
972
826
800
981
858
151
0
0
0
0
0
0
0
0
0
0
724
721
952
869
953
727
986
907
770
853
860
885
968
715
890
894
726
781
949
951
914
894
764
744
755
878
899
818
914
762
727
857
777
967
876
725
833
845
942
791
803
906
974
943
880
734
758
788
757
723
859
834
955
756
700
848
859
910
745
821
943
714
977
754
963
743
841
756
978
719
938
708
806
919
905
871
789
800
900
910
792
726
742
976
828
962
843
839
828
114
134
143
0
0
298
132
210
0
0
0
918
818
876
834
885
0
984
866
718
802
0
835
957
790
930
951
784
776
756
915
912
980
754
982
846
716
730
977
948
924
780
783
976
920
764
819
785
815
894
740
796
776
877
850
986
946
724
939
783
906
852
920
915
912
759
756
749
803
930
795
989
762
929
938
824
808
902
727
729
853
888
915
989
732
805
892
954
781
987
828
791
748
864
806
900
907
767
880
733
120
280
259
0
297
0
0
0
0
0
0
736
791
0
769
711
729
818
833
876
703
714
818
781
766
719
835
844
912
893
852
713
830
785
913
706
875
904
985
847
963
739
787
929
868
849
943
915
759
822
877
908
897
949
795
821
855
847
821
976
709
988
782
720
815
773
927
744
822
891
779
935
907
836
756
981
929
715
936
838
819
869
964
760
806
946
726
858
738
746
725
860
827
774
807
765
795
913
917
799
943
807
912
810
0
811
989
746
724
918
736
0
0
73
0
0
0
0
0
0
0
0
0
0
0
0
0
0
0
0
0
0
0
0
0
0
0
0
0
739
756
0
878
843
713
0
873
873
0
782
727
785
715
0
806
851
935
891
826
739
716
802
913
924
0
0
855
0
706
924
0
831
926
811
778
811
959
750
808
860
743
749
774
729
741
839
831
822
884
885
866
983
769
790
899
715
750
906
912
759
931
847
767
976
0
820
980
954
721
818
791
0
0
0
62
0
0
0
0
0
0
0
0
0
0
0
0
0
0
0
0
0
0
0
0
0
0
0
0
0
877
798
806
797
978
926
868
0
989
720
730
820
765
963
889
948
966
769
766
771
0
917
895
720
0
768
944
0
0
753
714
884
834
0
950
951
962
883
0
704
965
879
838
883
795
831
731
825
771
827
977
868
936
752
953
730
812
898
0
803
905
900
855
959
930
971
843
859
952
876
0
73
0
0
0
118
0
0
0
0
0
0
0
0
0
0
0
0
0
0
0
0
0
0
0
0
0
0
0
778
0
836
831
0
753
0
848
812
982
784
805
0
753
881
879
0
725
925
0
801
986
974
911
705
953
760
740
750
979
858
745
849
0
864
722
857
706
884
904
810
819
743
797
700
922
781
910
818
827
785
755
817
707
969
811
731
0
739
711
897
817
756
913
921
935
875
771
829
869
834
769
0
62
0
0
0
502
0
0
0
0
0
0
0
0
0
0
0
0
0
0
0
0
0
0
0
0
0
0
0
832
893
942
819
737
867
854
957
761
819
734
989
0
830
976
750
894
771
0
810
760
824
848
887
967
776
777
812
892
984
936
812
766
719
918
0
859
927
930
853
798
945
982
967
727
914
918
940
898
827
977
798
725
797
920
979
955
950
952
930
729
810
988
794
716
0
856
845
953
885
711
0
0
118
0
0
0
25
0
0
0
0
0
0
0
0
0
0
0
0
0
0
0
0
0
0
0
0
0
794
831
900
798
791
868
961
833
773
851
708
744
933
920
908
0
904
0
716
703
0
0
0
837
709
811
0
772
707
781
940
739
886
757
739
977
769
987
857
0
839
739
857
979
734
731
949
844
981
738
938
948
724
710
765
737
902
968
889
763
898
701
907
832
0
868
704
852
843
727
0
729
0
0
0
502
0
0
0
357
0
0
0
0
0
0
0
0
0
0
0
0
0
0
0
0
0
0
0
0
0
0
713
921
933
738
0
808
844
790
873
0
731
813
943
723
887
716
0
0
749
975
880
0
784
802
755
0
0
718
867
961
858
719
900
858
731
825
911
866
806
971
884
919
921
882
752
914
872
722
802
950
947
875
978
781
798
874
878
973
777
827
844
0
869
931
838
917
842
986
984
818
0
0
0
0
25
0
0
0
499
0
0
0
0
0
0
0
0
0
0
0
0
0
0
0
0
0
0
0
777
770
926
809
0
900
933
983
0
790
839
723
887
899
966
810
0
890
708
969
963
834
808
943
0
911
0
0
0
0
0
824
909
906
0
712
955
943
807
968
931
804
784
789
803
788
774
955
850
767
961
826
734
713
857
913
867
852
956
834
809
855
857
901
804
848
806
888
786
907
866
833
0
0
0
0
0
357
0
0
0
249
0
0
0
0
0
0
0
0
0
0
0
0
0
0
0
0
0
0
713
767
709
948
0
0
815
988
764
708
798
943
803
710
954
712
769
754
0
0
847
864
806
722
909
727
891
967
779
827
765
859
857
796
970
0
0
899
832
896
731
0
766
805
784
960
787
987
810
833
904
819
875
979
961
861
743
803
942
833
701
953
861
793
930
758
0
781
932
770
718
876
0
0
0
0
0
0
499
0
0
0
401
0
0
0
0
0
0
0
0
0
0
0
0
0
0
0
0
0
735
963
742
776
862
725
0
827
748
853
753
0
722
879
716
989
862
929
717
766
724
730
790
950
779
952
0
800
882
0
0
837
757
963
847
828
921
0
942
843
959
760
721
809
732
977
701
813
719
939
857
899
887
920
942
707
717
845
719
775
738
793
982
763
980
954
980
893
834
853
802
703
0
0
0
0
0
0
0
249
0
0
0
230
0
0
0
0
0
0
0
0
0
0
0
0
0
0
0
0
805
0
0
963
936
887
854
956
0
726
961
819
895
884
887
871
0
712
889
981
804
955
918
0
754
0
937
752
889
912
866
904
860
888
761
939
916
803
932
781
745
890
928
963
761
784
811
919
728
955
804
732
973
980
955
902
766
749
723
855
729
0
862
781
0
743
844
899
753
860
0
714
0
0
0
0
0
0
0
0
401
0
0
0
224
0
0
0
0
0
0
0
0
0
0
0
0
0
0
0
788
722
912
0
726
701
763
0
0
954
836
772
805
749
817
855
809
0
963
0
0
707
833
745
923
881
0
791
986
972
947
864
0
0
815
881
870
803
959
708
930
922
830
826
897
879
911
808
776
794
813
756
0
0
878
717
753
983
837
791
931
875
819
734
783
862
834
922
936
885
835
818
0
0
0
0
0
0
0
0
0
230
0
0
0
247
0
0
0
0
0
0
0
0
0
0
0
0
0
0
787
0
0
986
940
734
908
903
0
881
988
771
887
831
842
779
829
884
783
709
886
0
756
920
753
0
888
869
896
784
818
890
900
703
862
831
976
751
741
793
708
815
799
943
860
890
977
931
871
821
901
863
891
896
956
913
861
734
931
966
912
876
983
857
724
744
710
722
934
968
957
781
0
0
0
0
0
0
0
0
0
0
224
0
0
0
342
0
0
0
0
0
0
0
0
0
0
0
0
0
881
905
715
968
930
955
900
0
836
979
858
868
781
808
706
929
726
0
783
966
0
906
818
825
760
944
822
939
0
0
0
733
0
883
808
915
866
708
980
917
832
963
871
880
937
923
804
933
819
732
787
0
763
761
704
905
936
0
867
850
797
706
719
737
730
971
810
896
874
715
790
766
0
0
0
0
0
0
0
0
0
0
0
247
0
0
0
68
0
0
0
0
0
0
0
0
0
0
0
0
747
986
828
878
826
0
904
879
840
971
948
752
920
803
0
982
812
934
960
959
907
0
738
0
951
722
915
977
711
0
945
842
843
895
762
815
867
909
793
724
876
706
0
0
841
709
856
814
841
863
916
808
947
727
920
857
798
772
904
860
710
907
979
955
911
805
0
920
840
890
930
719
0
0
0
0
0
0
0
0
0
0
0
0
342
0
0
0
362
0
0
0
0
0
0
0
0
0
0
0
782
890
977
968
779
732
0
741
783
978
0
908
789
945
910
826
846
780
0
793
742
750
791
773
0
936
0
0
963
795
972
939
957
836
784
793
882
728
925
789
910
912
711
940
947
764
878
856
715
918
776
756
964
943
920
892
924
841
845
946
887
831
796
886
962
906
795
831
815
894
951
835
0
0
0
0
0
0
0
0
0
0
0
0
0
68
0
0
0
90
0
0
0
0
0
0
0
0
0
0
736
0
883
754
721
924
981
748
823
889
965
731
913
933
967
738
970
939
812
805
0
869
765
861
0
916
0
0
705
858
956
749
0
905
821
812
855
929
977
806
797
819
984
850
850
925
822
725
925
939
831
960
753
707
716
791
818
933
969
889
874
913
806
845
912
720
789
962
0
726
784
844
0
0
0
0
0
0
0
0
0
0
0
0
0
0
362
0
0
0
199
0
0
0
0
0
0
0
0
0
856
706
749
831
815
793
765
717
790
0
759
709
946
700
955
796
986
967
853
885
857
741
0
770
0
976
923
889
814
0
0
0
0
0
743
860
710
731
900
907
0
952
818
989
823
908
775
822
777
794
835
802
781
952
949
705
780
797
902
714
701
796
780
808
719
756
716
926
826
781
776
912
0
0
0
0
0
0
0
0
0
0
0
0
0
0
0
90
0
0
0
177
0
0
0
0
0
0
0
0
981
804
920
726
796
801
0
848
718
910
703
742
771
858
778
988
949
804
0
880
707
884
949
704
776
910
734
851
897
723
0
733
989
842
902
970
905
796
873
958
901
0
732
722
755
0
832
709
714
866
890
978
731
804
825
847
761
815
852
821
843
873
772
898
819
832
849
975
761
949
756
893
0
0
0
0
0
0
0
0
0
0
0
0
0
0
0
0
199
0
0
0
103
0
0
0
0
0
0
0
924
776
765
779
738
885
754
841
976
742
962
726
804
923
900
709
713
0
0
834
832
765
812
872
770
0
979
703
764
0
730
867
969
824
984
809
976
855
872
893
829
910
808
920
918
802
714
896
950
981
785
847
0
899
867
760
850
889
848
737
828
972
0
847
864
906
837
774
776
951
915
852
0
0
0
0
0
0
0
0
0
0
0
0
0
0
0
0
0
177
0
0
0
9
0
0
0
0
0
0
780
796
708
966
963
785
927
922
788
972
749
782
936
853
766
0
0
987
980
0
842
0
875
0
848
744
711
754
868
900
0
735
767
870
744
0
844
0
939
988
849
795
901
0
921
763
974
903
847
889
749
973
768
979
747
857
908
877
708
717
938
0
734
716
947
0
946
0
758
914
912
713
0
0
0
0
0
0
0
0
0
0
0
0
0
0
0
0
0
0
103
0
0
0
298
0
0
0
0
0
973
702
966
796
941
932
813
828
914
911
751
971
798
902
897
861
761
946
959
740
0
770
768
712
0
732
955
975
727
905
807
803
725
765
907
892
916
843
783
967
742
803
903
981
831
742
915
905
957
723
712
747
924
720
886
911
762
987
821
921
702
805
710
797
884
925
764
943
712
894
980
830
0
0
0
0
0
0
0
0
0
0
0
0
0
0
0
0
0
0
0
9
0
0
0
261
0
0
0
0
966
0
763
858
793
755
951
893
757
806
0
703
0
946
889
786
816
913
707
755
801
0
975
0
901
885
0
700
760
708
950
0
0
784
917
839
912
883
705
917
956
785
845
848
721
799
855
844
786
928
0
935
934
986
704
852
934
797
796
882
899
950
736
776
824
822
778
842
836
764
754
785
0
0
0
0
0
0
0
0
0
0
0
0
0
0
0
0
0
0
0
0
298
0
0
0
485
0
0
0
806
731
786
900
700
793
850
707
896
921
985
806
943
751
898
883
858
848
864
768
0
837
0
714
702
0
835
711
726
757
754
949
852
956
978
716
739
965
733
701
865
790
860
860
954
890
832
731
953
945
772
952
964
911
814
984
820
954
888
761
842
802
788
956
966
886
814
0
0
744
982
913
0
0
0
0
0
0
0
0
0
0
0
0
0
0
0
0
0
0
0
0
0
261
0
0
0
470
0
0
0
845
0
964
950
866
900
836
893
893
893
970
905
766
0
853
870
780
888
823
774
956
977
0
0
827
0
713
981
948
861
879
941
897
826
902
982
898
754
918
762
936
887
906
861
758
903
983
920
836
861
942
798
876
820
795
864
826
773
775
878
775
889
968
898
810
0
715
775
755
846
706
0
0
0
0
0
0
0
0
0
0
0
0
0
0
0
0
0
0
0
0
0
0
485
0
0
0
407
0
779
970
860
895
759
769
724
988
846
980
789
0
882
778
933
754
0
913
900
0
779
0
825
0
853
0
767
931
0
984
862
0
0
941
933
972
770
881
885
869
868
775
890
920
896
819
728
969
912
752
829
748
768
822
877
711
730
785
925
971
858
815
717
814
901
826
962
806
941
878
716
875
0
0
0
0
0
0
0
0
0
0
0
0
0
0
0
0
0
0
0
0
0
0
0
470
0
0
0
294
822
913
986
719
927
796
785
704
0
906
0
816
916
820
827
856
0
0
956
978
733
843
751
801
717
0
774
733
840
900
707
833
973
928
745
786
902
803
765
0
881
769
800
971
948
724
934
940
841
743
835
814
0
911
783
956
761
897
946
819
853
912
761
802
818
809
738
754
791
899
730
904
0
0
0
0
0
0
0
0
0
0
0
0
0
0
0
0
0
0
0
0
0
0
0
0
407
0
0
0
870
880
712
964
803
848
773
0
880
817
940
922
0
719
903
948
0
0
794
960
831
771
738
895
750
983
951
841
832
815
922
897
787
962
836
751
887
761
849
814
913
754
869
803
866
825
973
859
939
733
940
803
754
939
926
849
0
822
738
832
709
853
880
884
731
793
0
745
0
818
977
985
0
0
0
0
0
0
0
0
0
0
0
0
0
0
0
0
0
0
0
0
0
0
0
0
0
294
0
0
820
0
928
984
0
947
890
790
822
893
721
862
0
854
928
847
854
863
984
758
0
968
967
0
0
0
739
916
772
923
0
744
782
762
810
763
947
954
0
772
968
717
883
840
977
879
791
829
813
702
814
867
951
737
958
822
768
810
978
752
707
983
753
833
871
942
859
728
714
914
948
847
739
0
778
0
794
0
777
713
735
805
788
787
881
747
782
736
856
981
924
780
973
966
806
0
779
822
870
820
0
175
133
0
272
245
0
195
281
274
161
0
0
168
203
841
807
843
916
0
780
920
925
730
0
0
766
944
773
0
864
709
974
763
884
931
872
975
745
933
750
702
826
736
895
766
791
779
700
984
783
837
967
873
848
796
778
851
802
761
853
845
983
937
740
925
915
972
739
762
924
963
756
877
0
832
831
0
770
767
963
0
722
0
905
986
890
0
706
804
776
796
702
0
731
845
970
913
880
0
175
0
0
165
0
222
0
0
0
0
299
0
0
220
0
851
715
731
838
742
921
773
940
955
865
0
877
766
971
943
755
802
960
711
838
782
800
970
907
785
983
929
849
869
975
821
914
957
841
726
756
822
839
941
722
901
950
749
898
854
727
877
949
713
886
962
927
718
887
727
780
739
0
798
836
893
900
713
926
709
742
0
912
0
715
828
977
883
749
920
765
708
966
763
786
0
860
986
712
928
133
0
0
110
143
0
0
0
0
0
0
0
0
0
0
732
976
755
843
877
951
801
788
895
759
929
0
747
747
712
925
829
929
817
709
716
919
976
916
795
825
988
812
957
853
973
884
943
848
849
747
742
936
813
974
875
843
795
940
938
784
893
811
919
901
735
915
852
905
857
783
787
878
806
831
942
798
921
809
948
776
963
0
986
968
878
968
754
831
726
779
966
796
858
900
964
895
719
964
984
0
165
110
0
0
0
0
0
112
0
171
0
0
0
200
790
700
898
731
916
942
853
963
824
704
717
0
958
763
742
779
701
732
716
703
928
750
803
859
982
969
749
827
766
802
934
878
806
863
974
874
920
887
728
938
700
740
885
707
824
721
705
803
906
810
704
798
936
723
777
976
929
843
797
0
819
791
933
0
0
862
936
726
940
930
826
779
721
815
796
738
963
941
793
700
950
759
927
803
0
272
0
143
0
0
0
0
0
0
0
0
0
0
0
0
737
0
702
810
746
0
788
0
785
799
732
756
911
0
860
988
929
922
794
770
913
862
755
750
904
989
945
893
897
821
726
809
980
939
818
862
880
961
944
809
858
735
767
724
819
719
963
799
830
940
812
986
927
757
967
920
868
713
978
753
737
868
738
900
0
725
887
701
734
955
0
732
924
793
801
885
785
932
755
793
866
769
796
848
947
245
222
0
0
0
0
0
0
0
109
294
0
0
0
0
790
947
807
783
948
944
975
956
821
708
935
710
943
941
835
953
981
873
843
896
752
966
924
986
782
906
784
942
768
841
850
791
946
798
733
970
828
938
846
852
826
923
936
748
773
717
744
742
759
780
715
918
938
701
876
764
849
0
926
0
867
961
0
933
815
0
854
763
908
900
904
0
981
765
0
754
927
813
951
850
900
724
785
773
890
0
0
0
0
0
0
0
0
0
183
0
222
0
0
0
850
0
804
895
932
892
865
749
760
765
944
820
746
890
963
874
783
894
798
822
818
836
764
745
960
819
939
855
954
923
941
906
797
824
832
971
958
923
901
701
710
753
777
703
894
907
840
711
854
808
896
806
790
941
725
819
943
873
868
848
854
833
808
983
988
827
956
0
903
0
879
741
748
717
848
841
922
828
893
707
836
988
704
0
790
195
0
0
0
0
0
0
0
0
0
272
0
0
0
0
865
759
952
788
917
916
839
981
810
773
769
814
744
802
904
890
795
723
721
748
954
752
848
879
797
744
935
984
802
987
971
751
746
903
787
870
933
926
856
929
896
737
955
816
930
814
775
989
890
961
0
752
929
964
833
785
915
873
0
812
957
773
844
0
764
748
0
0
0
836
840
783
823
790
718
976
788
914
757
896
893
846
0
880
822
281
0
0
112
0
0
0
0
0
0
0
0
0
0
0
834
782
806
771
966
771
0
949
709
750
968
956
767
791
778
778
808
984
769
711
826
860
743
772
919
978
771
737
768
868
920
733
768
869
952
775
909
794
962
818
842
855
715
842
944
930
775
784
917
768
750
845
968
739
845
815
759
0
989
982
761
851
790
790
708
853
726
954
881
979
971
978
889
0
910
742
972
911
806
921
893
980
906
817
893
274
0
0
0
0
109
183
0
0
0
0
145
0
0
0
727
859
954
846
976
769
846
972
868
752
888
826
976
787
783
911
969
762
702
890
852
749
781
922
843
868
784
938
716
845
948
781
756
919
965
748
770
809
826
917
830
949
953
900
757
847
953
801
783
794
852
778
857
950
942
894
822
782
720
784
819
708
873
839
798
753
961
836
988
858
948
0
965
759
703
962
749
751
0
985
893
789
0
940
721
161
299
0
171
0
294
0
272
0
0
0
0
299
0
0
811
826
928
759
796
828
903
977
954
810
843
837
713
812
0
857
957
824
788
710
809
923
815
943
831
852
800
798
981
736
728
774
750
745
799
929
722
778
726
817
708
988
821
939
725
943
717
825
778
907
839
943
745
759
791
740
877
727
730
805
734
744
0
723
943
0
819
772
771
868
752
908
731
709
742
726
782
971
703
806
970
0
816
922
862
0
0
0
0
0
0
222
0
0
145
0
0
0
196
0
782
880
916
860
769
935
886
739
868
812
848
959
766
740
842
740
740
871
787
762
821
758
0
985
931
827
963
752
728
765
768
729
924
897
700
763
985
907
764
857
790
906
872
808
744
863
710
790
736
720
929
766
808
707
803
796
908
785
820
0
989
933
731
887
803
722
895
805
887
781
920
789
913
946
771
804
936
798
0
943
905
882
916
0
0
0
0
0
0
0
0
0
0
0
0
299
0
0
0
118
935
900
978
728
852
743
917
717
982
733
970
755
870
895
889
753
748
887
948
890
904
707
824
734
718
799
815
748
886
889
858
766
989
897
812
862
807
773
763
965
851
878
907
723
801
721
821
752
730
785
752
948
845
939
906
776
897
715
765
753
0
920
813
899
710
879
884
749
831
808
803
945
933
700
858
923
853
902
946
751
766
778
820
719
854
168
220
0
0
0
0
0
0
0
0
0
196
0
0
0
824
727
772
930
759
769
798
955
817
972
951
786
903
918
910
727
912
846
762
716
926
857
953
809
804
787
713
988
757
780
841
781
722
776
979
901
951
970
786
842
761
854
750
782
978
925
708
837
775
769
885
716
818
803
974
877
949
0
963
881
830
908
943
966
954
716
887
817
842
706
0
910
967
955
778
900
766
897
889
898
0
933
827
903
928
203
0
0
200
0
0
0
0
0
0
0
0
118
0
0
0
760
903
948
942
789
902
766
854
982
891
943
703
847
870
722
805
921
851
921
956
956
735
973
889
829
773
955
966
958
790
913
842
736
751
750
920
701
736
891
910
744
735
792
799
890
721
882
925
987
787
781
818
899
943
850
795
806
889
879
976
0
723
810
712
989
871
855
779
929
982
826
738
796
988
709
0
861
786
883
853
754
856
948
847
841
851
732
790
737
790
850
865
834
727
811
782
935
824
0
0
313
0
0
0
0
0
0
0
0
0
0
0
0
0
0
0
0
954
913
900
966
762
866
704
819
796
880
977
826
923
987
937
739
721
970
819
720
706
957
861
820
847
871
895
941
934
960
742
768
858
796
802
896
880
986
821
851
948
0
750
904
887
0
769
862
0
809
829
726
812
846
970
986
949
713
0
761
816
858
870
0
0
0
854
807
715
976
700
0
947
0
759
782
859
826
880
900
727
760
313
0
248
247
0
0
0
0
0
0
0
0
0
0
0
0
0
0
832
820
817
961
858
944
729
729
724
820
974
884
834
843
755
914
742
710
813
824
782
954
708
869
842
908
773
784
856
784
795
701
965
978
812
724
734
946
855
935
966
725
894
0
716
890
754
929
712
0
884
0
934
780
939
967
804
0
987
946
913
848
780
913
0
0
863
843
731
755
898
702
807
804
952
806
954
928
916
978
772
903
0
248
0
61
403
0
0
0
0
0
0
0
0
0
0
0
0
0
863
934
963
767
762
801
976
952
855
820
889
962
823
781
773
715
707
905
961
865
802
868
957
836
985
786
810
973
779
946
759
852
766
803
739
0
758
724
847
891
769
925
771
716
0
708
0
717
889
963
783
783
960
0
812
853
0
0
980
959
707
864
888
900
956
794
984
916
838
843
731
810
783
895
788
771
846
759
860
728
930
948
0
247
61
0
407
365
0
0
0
0
0
0
0
0
0
0
0
0
798
777
951
724
802
809
846
781
742
0
738
718
790
700
828
765
951
853
791
937
728
944
859
952
894
953
716
769
802
0
882
761
752
746
815
0
788
939
821
826
766
0
0
703
0
969
0
766
981
0
709
966
959
793
805
885
880
834
0
740
755
768
823
0
978
960
758
0
742
877
916
746
948
932
917
966
976
796
769
852
759
942
0
0
403
407
0
357
547
0
0
0
0
0
0
0
0
0
0
0
980
835
950
789
948
732
948
743
730
939
797
753
792
721
931
780
815
935
769
796
866
891
890
783
858
940
887
939
721
761
764
860
922
729
848
843
757
783
976
739
771
801
810
0
749
963
847
724
804
0
886
0
907
742
0
857
707
832
842
0
801
0
774
779
733
831
0
780
921
951
942
0
944
892
916
771
769
828
935
743
769
789
0
0
0
365
357
0
382
261
0
0
0
0
0
0
0
0
0
0
823
979
820
762
769
738
803
726
842
906
808
811
764
707
772
799
740
812
989
903
917
916
706
784
816
826
845
820
826
823
885
793
774
932
958
923
723
906
709
716
0
986
760
0
975
834
864
730
955
707
0
906
0
750
869
741
884
765
0
770
0
837
956
0
843
771
968
920
773
801
853
788
975
865
839
0
846
903
886
917
798
902
0
0
0
0
547
382
0
323
306
0
0
0
0
0
0
0
0
0
728
745
892
846
717
711
819
886
794
702
923
808
913
751
921
744
986
758
797
764
965
910
857
732
736
843
982
758
976
931
823
731
826
792
952
866
859
852
988
802
917
974
824
0
880
808
806
790
918
833
756
818
738
791
765
0
949
812
875
768
975
0
977
825
751
738
967
925
940
788
963
0
956
749
981
949
972
977
739
717
955
766
0
0
0
0
0
261
323
0
474
61
0
0
0
0
0
0
0
0
748
946
963
895
963
896
771
735
916
851
745
924
926
934
772
844
906
960
862
859
842
705
938
957
0
797
926
928
764
958
824
738
840
907
766
778
834
920
782
913
895
911
848
837
0
943
722
950
0
745
920
825
0
773
861
770
704
872
0
712
0
714
0
0
801
895
0
730
955
895
824
785
821
760
810
709
868
954
868
982
817
854
0
0
0
0
0
0
306
474
0
434
457
0
0
0
0
0
0
0
900
891
837
864
808
745
705
808
732
979
855
725
933
731
780
882
714
866
937
737
873
952
944
976
907
977
793
932
713
933
747
896
880
832
870
822
955
915
720
924
720
705
887
709
784
0
909
779
754
923
753
760
951
0
0
0
776
770
848
0
901
702
0
853
717
750
0
0
865
759
704
799
708
765
773
750
752
810
812
733
972
982
0
0
0
0
0
0
0
61
434
0
62
298
0
0
0
0
0
0
808
784
912
872
732
738
866
830
764
752
740
711
848
842
971
704
741
850
947
0
812
874
808
745
918
915
737
876
900
784
815
983
891
846
882
834
756
912
815
0
0
953
967
811
802
911
727
952
0
881
0
944
722
936
916
976
910
0
744
732
885
0
827
0
0
983
0
0
0
929
717
732
935
944
769
968
888
843
848
970
951
891
0
0
0
0
0
0
0
0
457
62
0
144
272
0
0
0
0
0
831
845
810
978
950
916
938
740
756
975
951
948
920
737
958
817
752
920
806
838
716
918
885
892
796
755
706
877
782
850
917
983
734
731
758
971
700
759
773
0
768
760
776
0
755
0
891
0
937
0
888
822
915
0
0
923
734
979
711
955
0
835
0
767
774
951
739
766
877
0
0
756
710
820
814
956
826
837
959
755
786
943
0
0
0
0
0
0
0
0
0
298
144
0
596
32
0
0
0
0
865
821
971
795
737
817
834
904
928
896
791
772
887
870
905
811
818
810
720
898
877
919
842
963
729
974
702
716
879
862
849
822
780
712
800
942
848
756
927
855
944
740
777
772
0
0
967
800
752
791
869
939
977
0
0
889
851
703
754
975
700
711
713
931
733
841
916
944
766
747
958
911
943
746
744
767
976
713
766
870
903
703
0
0
0
0
0
0
0
0
0
0
272
596
0
200
497
0
0
0
959
763
861
777
949
847
977
964
706
780
989
950
988
918
895
860
956
902
721
734
949
798
715
849
745
806
794
837
732
871
706
900
721
745
714
800
859
749
744
0
0
750
812
707
0
0
779
882
889
986
896
0
711
963
705
814
897
764
868
727
760
726
981
0
840
832
772
773
971
747
763
0
941
890
802
791
787
812
740
895
918
847
0
0
0
0
0
0
0
0
0
0
0
32
200
0
522
458
0
0
727
747
711
722
811
861
703
975
709
988
756
889
882
755
836
888
983
865
778
920
727
787
973
743
739
901
771
882
956
715
707
760
896
896
899
773
910
803
822
706
0
979
892
781
718
0
827
0
912
972
784
0
0
795
858
0
723
0
900
905
708
757
948
984
900
815
923
0
943
712
742
860
835
963
904
778
783
0
842
889
910
870
0
0
0
0
0
0
0
0
0
0
0
0
497
522
0
23
458
0
948
713
954
882
852
976
744
829
751
794
746
838
965
854
931
806
965
768
866
795
758
896
744
971
795
847
864
981
700
847
731
870
853
850
871
772
745
930
891
924
753
858
984
940
867
0
765
0
866
947
818
0
945
972
956
0
0
730
0
807
950
754
861
862
707
922
0
864
755
925
779
988
953
874
890
778
911
857
740
753
727
722
0
0
0
0
0
0
0
0
0
0
0
0
0
458
23
0
0
561
755
772
933
781
744
935
842
838
722
803
723
731
868
957
813
917
876
904
937
0
740
723
915
726
835
706
916
758
914
930
891
954
736
918
868
0
821
795
779
0
714
745
936
739
961
824
859
837
904
864
890
733
842
939
749
0
733
867
735
803
0
949
879
0
833
897
744
709
802
829
701
929
981
783
795
808
969
957
740
748
912
805
0
0
0
0
0
0
0
0
0
0
0
0
0
0
458
0
0
0
863
776
763
915
745
938
738
704
973
810
864
864
809
750
968
835
757
733
775
740
831
941
844
909
790
744
954
923
799
793
989
902
820
800
847
0
943
989
935
831
884
849
812
886
858
909
857
757
860
0
900
0
843
957
0
0
989
969
767
725
0
852
941
0
973
787
782
974
960
929
732
922
873
894
723
984
762
824
871
887
846
921
0
0
0
0
0
0
0
0
0
0
0
0
0
0
0
561
0
0
814
729
761
890
926
932
933
912
896
972
940
806
805
701
728
863
897
962
868
798
887
941
704
0
770
865
889
940
702
932
966
701
870
892
904
971
714
762
907
926
834
0
766
757
719
906
796
963
888
0
703
883
895
836
905
0
842
824
870
765
784
956
897
941
928
962
762
763
711
817
716
794
843
798
721
769
702
788
787
948
762
851
954
832
863
798
980
823
728
748
900
808
831
865
959
727
948
755
863
814
0
248
270
152
0
244
0
154
165
0
0
720
845
964
764
964
781
989
818
968
827
833
944
719
727
807
881
953
960
813
707
728
946
763
873
805
977
929
836
811
0
864
719
739
900
0
970
847
761
815
862
808
762
784
821
743
902
984
744
907
917
978
826
933
745
836
810
884
838
709
703
770
896
822
748
711
890
710
762
890
716
921
913
820
934
777
835
979
745
946
891
784
845
821
763
747
713
772
776
729
248
0
215
0
0
0
238
0
112
0
228
771
838
960
932
932
748
703
860
770
911
708
730
975
809
720
711
704
878
854
969
958
896
982
808
916
754
938
756
778
950
722
918
977
858
712
0
828
939
881
831
915
815
793
812
860
970
809
0
892
839
716
902
972
786
751
763
931
782
716
928
913
752
818
954
826
852
809
821
904
926
956
900
817
963
951
950
820
892
963
837
912
810
971
861
711
954
933
763
761
270
215
0
0
0
0
109
289
0
195
0
810
871
952
771
787
796
710
800
927
901
795
890
950
705
774
876
741
878
851
799
854
850
977
948
860
963
824
981
811
951
857
0
769
731
955
0
921
916
870
976
866
867
882
855
710
905
976
844
916
912
739
982
770
902
887
947
872
800
919
750
862
966
836
752
860
749
923
758
707
857
956
966
961
767
724
789
762
846
895
864
872
978
795
777
722
882
781
915
890
152
0
0
0
224
252
275
284
0
260
0
736
760
969
989
892
916
886
971
745
826
756
723
719
989
939
931
946
746
838
761
953
718
836
724
941
743
808
929
959
962
706
859
987
825
943
899
0
803
803
751
708
909
728
929
731
796
855
0
843
883
965
898
881
803
761
954
975
970
976
803
755
924
764
848
743
781
815
0
824
953
735
762
858
762
802
948
769
717
963
808
732
950
737
949
811
852
744
745
926
0
0
0
224
0
278
0
235
0
0
117
752
773
700
846
768
804
932
969
900
778
972
790
941
804
934
974
879
986
967
718
985
942
815
739
794
841
902
715
750
883
884
927
857
911
807
832
942
932
959
741
980
793
925
977
900
873
872
939
783
705
733
754
885
765
849
0
745
907
916
859
750
986
745
879
772
922
943
985
734
809
973
866
944
801
809
732
738
711
896
745
738
916
817
847
861
976
935
938
932
244
0
0
252
278
0
208
106
0
0
0
986
889
757
767
827
944
787
841
782
753
885
907
732
853
773
761
823
959
883
930
830
729
957
798
906
756
727
936
808
0
904
930
0
866
968
896
843
781
708
793
917
724
789
806
907
958
893
988
967
917
701
918
869
0
814
772
933
785
795
982
904
782
960
797
919
843
831
931
718
804
889
704
729
976
846
948
803
819
771
705
866
938
834
977
703
744
842
738
933
0
238
109
275
0
208
0
104
211
224
125
814
861
875
728
954
915
913
969
723
880
888
720
978
829
920
978
868
826
910
864
968
914
781
725
979
978
729
838
860
704
810
853
839
806
931
731
959
745
930
708
832
876
910
797
0
901
829
849
742
956
865
762
868
881
913
968
750
983
825
969
989
906
819
744
978
868
852
827
799
787
829
819
729
952
781
743
726
886
735
808
830
740
904
964
975
829
838
704
912
154
0
289
284
235
106
104
0
0
223
171
771
846
746
793
738
837
858
776
824
720
955
869
881
936
860
935
929
961
937
734
770
829
978
967
766
719
853
819
743
965
819
798
739
971
804
0
760
890
922
815
963
706
912
819
952
0
910
795
803
785
790
936
775
769
754
717
702
929
988
749
945
784
939
935
771
784
800
963
815
713
773
796
724
855
742
730
842
794
916
732
764
756
928
706
709
751
722
973
896
165
112
0
0
0
0
211
0
0
0
162
703
863
763
818
921
943
740
808
732
774
938
845
949
758
718
772
806
823
751
831
757
739
753
981
954
938
888
869
749
879
743
945
857
884
784
766
721
928
830
799
871
0
711
984
818
732
808
901
903
845
860
887
890
800
869
883
826
849
812
827
893
942
855
984
737
938
798
752
748
988
955
880
820
820
0
939
906
702
851
979
752
975
896
780
988
794
803
810
972
0
0
195
260
0
0
224
223
0
0
0
976
929
826
934
816
980
921
766
987
895
941
833
731
752
702
779
978
978
966
929
764
934
735
922
865
708
915
964
774
838
797
982
979
919
789
805
809
963
826
943
880
0
940
850
989
722
920
0
981
848
860
906
920
971
803
840
736
869
957
766
897
768
954
802
768
716
981
728
886
757
966
977
974
889
738
797
808
923
745
855
740
951
791
989
756
746
723
864
940
0
228
0
0
117
0
125
171
162
0
0
880
711
831
950
832
766
784
836
935
802
846
920
732
928
733
728
920
945
943
779
864
941
939
866
793
806
989
760
729
883
700
967
734
921
803
784
732
761
897
860
937
841
947
850
823
755
918
921
831
721
954
861
896
948
866
977
895
975
853
802
821
841
923
987
868
845
736
765
889
780
958
826
884
962
718
753
811
808
924
725
711
948
772
950
889
838
731
864
806
720
771
810
736
752
986
814
771
703
976
880
0
235
0
0
0
0
0
116
777
845
949
782
765
948
740
779
746
920
707
763
818
725
719
908
762
919
732
806
741
795
922
727
731
882
788
960
977
784
879
890
923
709
764
925
908
0
802
763
742
799
890
758
819
724
825
879
766
821
973
934
726
850
941
971
920
948
728
768
858
841
790
923
834
823
790
792
764
913
926
933
848
920
887
988
882
965
868
809
805
845
838
871
760
773
889
861
846
863
929
711
235
0
263
0
0
166
0
0
870
826
766
749
853
866
720
914
861
901
857
778
838
965
761
766
728
905
805
946
839
831
781
914
949
752
774
787
701
811
911
977
804
856
878
822
775
832
714
974
915
855
832
903
728
934
973
791
791
914
884
878
809
791
906
751
733
781
774
729
766
781
913
987
843
781
700
721
707
751
934
731
842
737
870
918
755
854
957
750
701
964
960
952
969
700
757
875
746
763
826
831
0
263
0
0
0
0
0
140
815
975
916
757
749
716
905
775
972
971
770
727
987
894
747
947
908
871
892
726
831
731
910
918
844
914
955
987
813
919
808
931
933
814
856
725
822
709
896
903
905
844
731
983
969
940
859
829
779
957
943
806
980
946
797
746
768
756
750
924
989
722
842
937
755
773
828
931
772
921
772
780
971
958
905
895
836
931
813
968
728
764
932
771
989
846
767
728
793
818
934
950
0
0
0
0
0
0
0
110
739
811
729
728
922
821
826
732
825
794
874
927
810
888
989
889
820
789
954
858
822
825
818
940
981
872
850
810
719
728
776
871
819
841
715
925
777
714
950
847
957
786
953
920
912
841
939
813
700
841
848
863
939
798
824
903
869
919
745
897
897
776
736
739
914
715
765
780
799
744
844
882
704
817
811
860
888
806
917
835
863
964
932
787
892
768
827
954
738
921
816
832
0
0
0
0
0
265
146
162
702
957
952
823
818
847
822
821
986
728
856
834
778
868
742
952
933
800
781
738
884
771
827
898
738
722
767
833
939
955
794
821
732
863
918
939
794
866
981
889
723
928
945
836
752
743
733
702
984
726
849
974
818
733
832
787
952
965
799
700
812
979
751
721
742
707
951
815
740
986
906
714
741
752
818
956
983
965
876
757
897
781
748
796
916
804
944
915
837
943
980
766
0
166
0
0
265
0
0
0
974
737
858
809
726
839
780
922
810
881
729
772
741
865
889
800
790
900
987
746
885
827
785
827
938
802
961
904
857
804
813
901
787
916
776
831
835
890
785
749
712
0
772
861
829
835
940
814
783
756
747
874
862
970
971
870
775
748
929
763
862
901
750
970
710
905
853
935
812
758
960
866
850
920
810
902
865
768
904
733
962
989
703
710
886
932
787
913
858
740
921
784
0
0
0
0
146
0
0
128
824
806
713
864
917
838
840
864
909
771
934
760
977
864
906
900
791
910
828
725
866
977
755
977
948
950
826
819
899
732
756
863
0
808
756
960
802
978
847
973
747
935
952
942
748
814
803
867
837
822
742
920
880
828
958
933
909
770
722
985
807
951
920
819
813
961
791
769
989
797
862
937
947
806
720
721
778
866
937
775
868
818
860
800
971
969
841
969
776
808
766
836
116
0
140
110
162
0
128
0
967
794
841
899
858
730
850
968
897
979
788
914
892
846
847
753
756
792
791
860
983
868
817
798
724
947
734
875
887
973
0
891
763
947
964
753
781
731
0
768
924
934
964
798
768
0
754
951
967
839
936
887
961
938
923
926
794
809
778
907
773
970
701
720
824
865
937
796
903
764
859
737
0
838
898
734
920
795
0
740
798
968
770
927
745
900
782
723
824
732
987
935
777
870
815
739
702
974
824
967
0
0
172
0
276
214
274
0
152
806
986
852
877
774
950
703
831
726
748
827
769
936
707
725
710
875
713
979
920
980
0
896
761
727
943
707
952
804
899
979
720
986
911
876
822
911
939
737
873
941
813
728
944
846
901
856
962
826
726
764
763
786
736
706
782
802
728
866
917
965
842
873
812
716
877
949
727
758
740
831
887
827
911
901
826
778
753
880
720
774
895
802
845
826
975
811
957
737
806
794
0
0
213
225
111
0
0
0
0
805
883
743
978
748
954
912
748
742
864
774
790
752
969
797
765
978
857
961
942
955
878
956
704
920
920
716
949
825
867
747
886
704
814
820
877
783
926
958
848
722
974
938
809
852
701
929
818
917
817
857
965
842
891
957
954
868
944
891
916
910
705
952
874
918
919
798
787
896
723
941
941
833
708
795
756
972
885
888
955
938
941
846
949
766
916
729
952
858
713
841
172
213
0
0
111
162
0
0
188
938
830
913
979
957
909
902
963
976
806
807
899
953
811
920
737
781
913
861
707
902
717
913
905
857
892
791
705
847
760
857
911
852
984
795
711
956
849
822
796
901
875
700
858
826
710
896
842
830
708
790
851
761
910
861
708
957
859
890
706
857
938
944
808
885
842
715
973
744
915
844
704
944
730
890
723
790
907
720
869
845
833
920
782
749
757
728
823
809
864
899
0
225
0
0
244
145
0
162
0
881
810
890
969
776
934
930
972
828
900
765
715
730
731
979
902
798
867
743
717
766
753
861
936
798
924
818
780
761
850
908
762
934
820
864
730
761
0
768
778
950
843
740
735
923
753
737
855
949
988
906
878
854
744
820
869
836
952
783
784
732
957
976
745
892
963
849
743
971
726
909
0
719
975
950
719
941
732
978
881
949
731
732
765
853
749
922
818
726
917
858
276
111
111
244
0
0
0
0
0
907
846
965
818
763
782
980
826
962
907
795
750
812
0
955
968
874
852
803
845
749
983
734
0
772
841
933
797
815
889
877
987
797
954
826
785
897
822
810
851
749
795
885
767
936
777
955
715
953
821
872
907
750
735
847
842
985
894
858
816
736
0
907
918
796
729
745
739
795
835
790
770
727
809
705
989
804
853
829
936
758
752
928
948
866
716
821
847
839
838
730
214
0
162
145
0
0
0
0
0
737
910
913
861
863
843
957
800
843
767
913
906
898
739
950
889
878
956
942
719
723
837
931
867
904
845
969
902
852
848
708
821
796
888
773
925
946
738
978
802
898
940
707
724
748
703
816
842
900
939
808
723
782
792
871
908
786
953
940
826
843
797
977
915
755
974
806
901
847
706
744
865
807
720
774
939
934
773
920
860
718
702
733
740
720
905
826
822
780
840
850
274
0
0
0
0
0
0
0
0
898
802
884
987
895
823
882
981
839
880
917
912
0
711
952
763
973
834
833
775
855
791
966
850
860
946
889
714
821
737
717
921
882
761
775
971
819
832
752
761
854
938
824
819
773
894
930
944
757
725
744
801
978
799
895
773
810
716
887
845
982
926
793
737
706
702
794
771
864
916
954
889
881
711
876
931
974
761
978
935
772
779
728
779
914
775
732
821
922
864
968
0
0
0
162
0
0
0
0
0
964
729
927
814
898
865
981
858
828
733
799
759
803
897
930
898
777
809
701
738
729
931
912
797
710
887
874
701
843
828
938
702
899
842
878
858
853
709
707
853
727
784
721
719
717
907
814
930
847
943
863
721
925
890
941
784
973
769
939
820
758
928
932
876
877
716
837
882
981
758
923
940
953
704
741
946
879
823
868
929
806
978
920
746
861
972
825
986
810
909
897
152
0
188
0
0
0
0
0
0
