0
222
0
0
939
0
497
731
0
0
419
0
663
946
417
934
704
396
496
0
0
986
461
369
402
470
989
400
856
115
0
0
192
541
624
517
564
797
286
324
0
610
0
0
0
648
290
0
0
0
0
244
921
389
967
731
0
0
485
197
449
0
787
439
665
942
0
0
270
0
853
421
809
745
619
0
994
809
0
410
279
935
306
843
140
0
0
501
195
456
304
583
813
578
214
201
732
239
617
0
222
0
436
0
327
0
524
938
725
322
517
157
968
0
392
297
0
981
108
629
864
520
274
520
801
106
751
985
0
173
188
554
216
0
942
0
0
922
0
0
516
649
573
105
464
968
647
673
819
490
457
0
186
712
141
0
0
563
443
604
683
582
0
330
0
694
795
105
926
472
913
414
179
0
670
504
0
229
960
822
224
665
674
235
823
966
997
907
992
944
0
757
250
488
663
877
174
748
506
142
0
436
0
842
641
0
158
756
838
651
564
918
964
575
890
0
520
0
484
0
413
397
850
0
0
623
0
388
578
0
0
638
745
0
481
0
134
144
562
718
615
256
966
941
328
992
477
611
202
479
343
0
0
257
0
589
362
493
0
974
503
856
140
244
913
0
154
260
0
0
283
0
883
461
350
346
0
893
0
970
448
209
938
0
357
0
902
396
0
724
127
0
635
0
352
173
551
763
0
881
0
0
842
0
0
435
789
868
834
616
988
781
981
967
765
278
0
0
101
390
0
0
844
546
707
554
0
369
346
142
0
751
0
393
0
581
331
311
552
942
621
303
149
0
241
0
0
496
0
0
0
831
213
168
631
560
119
915
231
0
105
605
0
849
156
252
545
146
0
378
612
0
0
0
878
0
298
956
0
878
926
341
751
0
309
259
538
296
0
0
888
404
0
782
491
924
957
0
542
556
939
327
641
0
0
0
0
315
310
418
0
0
111
0
137
0
0
466
361
799
464
323
995
726
851
397
0
576
0
617
815
711
823
599
727
996
954
570
754
496
227
0
128
719
578
0
122
901
160
381
657
251
876
687
332
144
572
277
733
651
474
659
0
658
884
0
252
0
747
619
685
794
0
683
922
238
0
296
0
386
162
678
175
717
394
201
0
578
239
226
0
125
0
174
506
340
0
653
625
409
0
0
0
435
0
0
321
182
795
0
385
0
0
938
0
0
884
0
524
760
0
0
437
982
594
823
283
968
847
726
658
258
231
393
0
0
0
629
710
457
463
232
432
0
590
566
244
533
0
934
949
122
820
0
151
653
543
316
0
423
125
0
499
0
634
233
422
472
961
0
619
535
0
0
827
655
559
251
992
959
267
0
0
0
0
979
102
540
681
212
930
326
641
940
936
0
464
265
970
0
497
524
158
789
0
321
0
779
746
908
343
0
849
0
341
0
790
552
849
938
129
307
976
634
299
780
453
0
0
0
700
0
0
1000
911
149
840
990
0
730
914
918
857
155
504
120
231
750
448
306
0
203
0
116
372
978
196
205
0
486
517
0
336
0
588
631
321
692
0
836
711
114
623
612
162
858
0
593
265
0
207
553
0
0
365
287
479
189
841
685
642
975
662
704
663
0
314
474
431
547
731
938
756
868
315
182
779
0
473
177
985
457
787
645
432
0
996
128
923
379
887
299
0
567
0
796
0
169
500
657
965
0
695
271
366
0
362
570
166
0
828
0
178
184
0
322
232
0
268
0
362
0
0
111
250
353
647
310
589
919
182
144
983
160
0
764
672
914
426
156
369
786
496
0
692
272
259
669
0
679
220
746
301
0
754
378
205
700
319
254
485
473
556
563
538
166
190
467
812
0
0
725
838
834
310
795
746
473
0
807
298
0
330
0
993
0
485
453
735
447
402
985
0
648
354
0
122
152
0
716
154
0
0
0
233
647
997
623
473
270
393
0
122
818
673
800
713
227
971
0
433
532
0
0
683
169
569
861
941
0
0
986
448
0
0
423
524
368
313
382
781
366
945
137
167
420
466
663
747
331
328
698
814
277
857
984
141
641
730
351
625
320
0
0
562
0
493
434
136
524
0
322
651
616
418
0
908
177
807
0
321
550
0
679
597
418
153
472
0
365
937
802
0
173
239
0
0
973
166
445
0
261
590
193
213
230
294
897
0
789
223
123
385
402
558
332
0
705
319
953
963
173
191
216
0
748
311
300
0
444
679
966
317
353
386
980
0
285
514
0
804
107
260
605
568
0
999
172
0
0
847
670
294
796
367
633
816
481
0
452
481
551
0
745
491
980
825
692
827
595
419
517
564
988
0
385
343
985
298
321
0
626
130
0
181
661
183
210
661
528
145
853
784
985
744
0
387
149
117
917
969
0
212
953
479
0
432
845
320
872
452
330
713
975
0
617
822
230
566
0
991
0
141
827
434
739
947
659
416
183
0
410
723
639
183
0
0
0
575
0
581
0
813
627
195
571
280
0
825
0
842
427
866
0
0
557
0
0
0
435
771
714
128
0
965
328
0
332
467
485
0
157
918
781
0
0
0
457
0
550
626
0
0
201
573
0
711
859
0
387
0
0
572
0
631
747
720
248
350
292
0
0
537
917
119
441
160
958
761
633
0
0
0
0
515
715
321
439
543
901
833
310
0
0
984
0
543
504
940
980
640
633
0
915
416
644
0
267
985
0
984
218
798
0
147
147
386
0
696
318
0
963
664
995
878
0
143
498
0
108
674
746
618
910
809
932
884
480
551
492
663
968
964
981
111
0
849
787
330
0
130
0
0
873
312
0
959
868
810
373
819
388
981
852
445
361
597
631
0
981
428
863
834
183
0
276
779
199
252
383
191
699
551
372
332
355
0
702
0
990
183
366
970
0
0
975
300
0
638
627
151
706
757
757
920
0
574
0
523
129
937
638
310
766
409
343
220
146
564
598
552
847
212
553
0
701
362
739
0
0
0
789
652
469
189
661
0
0
886
391
946
0
575
967
0
938
0
645
0
679
0
201
873
0
0
519
717
722
0
0
114
0
149
284
664
690
0
0
618
343
0
453
0
132
864
246
775
892
233
229
224
0
209
0
0
113
495
891
0
456
874
346
869
0
967
504
432
265
359
0
571
527
473
552
573
516
0
217
697
532
457
371
754
0
0
442
178
383
466
0
868
0
176
0
831
0
277
603
0
781
625
750
830
883
104
852
870
260
942
0
417
392
890
765
137
0
341
432
993
597
181
573
312
0
0
686
608
0
202
783
276
945
137
593
0
467
327
0
847
731
559
933
992
253
871
0
0
762
541
277
472
524
108
643
309
857
0
0
897
0
730
262
795
0
441
0
0
165
816
0
0
202
834
0
0
712
243
752
480
0
959
336
370
0
121
887
437
461
399
974
648
0
0
520
446
595
0
335
846
0
697
381
0
923
0
0
572
637
330
949
934
297
0
278
0
0
0
0
0
418
661
0
0
519
686
0
0
664
156
832
456
0
359
834
314
506
596
292
416
513
599
805
400
963
100
466
828
641
515
588
249
478
553
0
0
0
0
859
0
177
956
108
0
0
543
672
540
366
530
763
0
0
462
937
757
999
0
390
378
363
307
929
720
295
457
0
842
0
0
941
939
749
0
681
580
322
525
234
722
0
678
0
274
918
579
648
277
0
0
866
704
0
520
0
0
884
790
996
485
153
183
711
959
717
608
0
0
0
0
570
663
0
0
550
0
115
940
190
0
689
177
393
962
215
204
812
0
278
127
954
584
304
407
842
754
934
737
294
500
762
732
399
229
0
0
964
653
0
0
151
294
591
872
573
0
404
200
473
925
0
870
675
0
354
437
423
0
904
228
438
891
136
363
627
470
620
161
139
321
524
132
190
803
895
645
385
898
700
0
695
396
981
0
0
466
0
552
128
453
472
210
859
868
722
0
664
0
0
0
506
557
0
170
526
0
579
101
185
430
585
0
172
0
585
333
731
306
998
706
453
306
0
0
984
417
0
0
591
999
316
0
284
846
104
0
0
366
281
888
947
0
481
663
523
367
0
331
932
585
107
557
667
0
0
939
461
0
170
431
0
301
241
968
0
403
322
0
0
176
249
880
553
804
537
637
218
835
0
130
243
496
108
484
101
361
524
849
923
735
0
661
0
810
0
202
156
0
0
0
157
722
805
788
318
143
834
0
856
920
635
802
946
775
191
447
721
419
974
795
550
672
568
0
0
551
0
857
706
0
744
623
108
0
661
911
143
171
134
0
484
1000
666
654
0
663
183
161
0
248
711
560
676
0
862
506
0
120
524
0
0
814
391
203
218
417
0
408
815
489
303
700
0
977
363
899
0
0
0
0
932
0
629
0
390
799
760
938
379
447
365
528
387
373
0
783
832
570
506
157
0
661
0
129
748
279
0
584
716
803
352
715
136
0
641
725
627
517
341
412
222
895
0
598
787
828
0
570
977
0
457
381
907
0
0
889
872
0
816
435
610
520
245
734
0
236
930
0
853
451
0
839
462
0
0
157
0
0
252
924
644
0
863
237
817
757
646
242
340
937
356
0
0
0
0
963
364
975
0
317
0
0
864
413
0
464
0
129
887
402
937
145
0
819
114
276
456
663
557
722
661
0
678
839
230
619
772
0
877
870
864
0
531
280
955
223
647
977
178
258
590
682
631
0
318
372
401
644
668
982
0
730
669
0
714
704
189
111
0
785
970
796
426
0
352
119
545
246
442
537
0
177
0
0
555
953
0
460
635
973
0
306
780
486
769
280
593
839
720
883
676
0
0
867
471
144
878
0
619
0
454
986
520
397
0
323
0
307
299
985
802
853
0
388
0
945
0
0
0
805
0
678
0
0
194
696
626
0
802
804
0
470
500
118
208
722
716
794
666
814
931
186
952
309
601
0
285
575
548
518
637
0
0
995
111
473
893
100
685
643
655
0
668
760
107
523
821
351
350
0
704
275
875
613
416
194
607
345
415
421
325
836
775
0
974
705
791
127
426
227
683
951
445
582
948
403
896
113
350
535
0
461
274
850
844
995
437
976
0
0
0
784
572
981
149
137
359
0
170
788
129
839
0
0
137
428
273
0
421
957
845
601
0
652
829
390
0
376
883
667
818
754
641
0
0
0
135
228
0
410
492
335
772
0
953
107
0
895
471
980
402
680
0
946
631
138
284
741
0
607
445
462
0
463
939
884
996
223
222
785
678
0
209
135
237
131
980
481
0
784
152
153
333
333
929
841
336
760
802
260
407
369
520
0
546
726
982
634
567
648
173
985
0
852
284
593
834
550
526
318
748
230
194
137
0
433
0
0
0
460
568
670
0
766
0
488
135
907
0
0
110
142
311
109
716
388
350
904
822
0
443
927
0
466
924
0
0
467
367
0
347
121
530
533
0
783
756
0
358
212
427
914
0
180
920
0
166
384
227
540
902
967
0
101
474
454
199
365
168
861
645
0
0
211
193
486
100
611
890
595
396
402
801
0
707
851
594
299
0
354
239
744
631
445
664
0
314
0
0
143
279
619
696
428
433
0
0
727
138
292
224
405
458
118
548
850
658
206
840
749
0
955
741
0
860
494
709
487
888
637
345
288
342
918
559
702
597
773
661
331
0
0
592
537
858
166
734
214
549
300
531
980
668
0
0
779
437
780
0
898
540
939
0
0
936
806
825
843
956
983
0
0
253
519
0
504
595
835
628
448
0
470
106
623
554
397
823
780
796
0
0
0
747
361
690
467
506
115
579
834
0
772
626
273
0
0
0
813
0
0
622
0
942
971
557
425
0
487
576
641
0
788
367
268
368
185
0
251
172
891
281
0
0
752
619
678
680
0
566
0
123
407
571
162
843
478
809
0
161
675
368
875
854
639
134
0
352
766
143
174
171
497
102
431
0
846
384
0
216
349
390
0
753
939
0
914
836
574
297
624
213
989
751
0
0
0
283
453
0
122
0
387
720
597
0
327
596
940
101
0
584
0
0
0
0
727
813
0
903
793
0
793
453
0
666
724
864
573
408
627
304
773
999
0
380
937
685
0
882
245
967
0
782
961
0
578
759
157
721
0
0
118
0
0
782
579
898
566
765
0
419
0
0
0
394
467
999
289
0
339
572
502
238
237
0
840
842
729
725
0
574
646
851
935
629
623
630
265
677
747
346
400
985
388
369
576
968
0
169
152
973
149
248
631
0
0
292
190
185
856
716
877
802
421
0
138
0
903
0
962
277
582
356
599
183
450
854
986
887
883
626
702
0
130
839
156
255
239
584
0
900
338
488
962
411
438
565
711
228
0
684
385
709
532
976
847
414
632
0
0
992
326
0
590
369
354
849
431
0
543
0
305
592
708
679
438
152
0
216
551
738
0
600
568
406
197
171
0
943
444
357
856
0
578
346
0
847
0
500
0
166
117
350
0
618
847
416
0
430
920
803
870
804
957
460
292
0
793
962
0
747
649
464
0
111
749
431
736
773
624
799
791
843
0
141
795
405
726
182
790
384
139
146
0
191
159
563
713
492
836
0
793
292
548
270
381
890
534
316
201
374
0
895
747
923
519
858
858
199
647
211
163
696
929
803
384
792
735
718
735
0
0
0
646
204
879
698
358
499
849
931
115
173
0
142
617
726
0
657
716
445
917
292
981
343
731
513
689
585
635
352
864
0
845
568
224
622
0
277
747
0
435
397
0
0
783
879
370
819
397
964
0
543
976
272
0
211
0
876
889
594
107
520
721
498
594
0
936
887
917
703
548
550
0
796
608
334
0
0
519
654
0
756
310
436
591
156
604
665
329
418
774
0
513
420
453
611
0
0
721
0
388
660
774
770
436
732
674
366
420
498
0
188
0
0
815
658
700
965
154
0
969
0
428
0
559
599
177
0
802
715
0
470
601
670
405
0
793
582
649
435
0
919
704
388
0
916
295
0
124
293
361
392
543
995
201
622
619
596
0
833
997
0
496
0
218
111
130
220
931
109
769
357
928
0
854
435
646
833
922
969
0
105
962
0
707
681
0
839
168
811
0
0
806
544
389
678
406
262
204
583
993
960
0
706
134
743
515
701
215
623
0
554
638
751
711
258
0
0
0
261
0
0
863
453
933
805
393
172
946
136
531
500
0
0
458
942
453
356
464
397
919
0
915
872
354
476
561
776
898
821
292
747
293
0
0
444
300
714
504
949
701
397
0
240
121
0
0
0
541
781
195
0
563
473
123
320
0
317
527
227
961
701
332
541
879
605
926
897
548
824
471
594
741
0
0
751
883
661
0
253
216
820
277
0
177
464
182
734
0
173
192
216
745
0
823
231
0
695
0
590
212
537
834
0
992
400
962
0
775
0
280
118
652
766
118
971
0
599
0
0
704
915
0
834
0
459
561
827
654
475
891
713
104
540
293
641
429
929
0
100
404
794
951
0
750
559
318
675
410
205
893
373
628
624
260
881
470
153
925
840
475
359
854
388
993
870
835
740
806
389
634
761
221
569
527
173
597
444
386
0
821
0
529
0
0
504
868
657
0
0
541
0
0
393
599
393
1000
271
0
193
953
917
183
132
253
963
215
585
191
641
955
208
829
0
548
557
666
183
111
0
388
872
834
0
298
852
366
532
0
984
707
774
773
308
0
783
976
905
0
435
283
367
687
168
950
780
0
816
0
695
817
573
0
224
410
0
274
643
763
934
868
889
611
694
993
156
326
496
0
0
235
129
0
657
730
379
887
0
914
859
988
797
664
261
407
425
764
921
0
0
624
942
481
0
727
0
911
366
233
213
479
119
0
864
871
100
204
333
447
725
223
722
390
488
850
425
724
450
749
783
0
354
0
298
0
0
0
432
360
460
638
586
364
843
0
399
866
111
326
954
0
0
0
218
238
647
395
0
955
431
204
971
819
0
332
450
620
176
201
240
618
568
0
287
0
0
0
0
0
985
860
121
0
325
876
347
0
987
0
633
694
556
0
0
155
661
0
499
621
0
517
0
0
581
996
0
149
0
647
230
0
441
276
246
0
466
812
731
721
627
647
716
0
135
658
0
864
854
431
879
916
476
459
852
0
0
0
841
647
382
0
147
716
883
0
0
708
393
315
396
423
631
106
0
816
0
116
877
582
148
0
358
0
581
515
918
260
684
464
490
547
0
0
0
982
462
279
0
397
0
517
0
168
957
716
0
156
0
960
515
174
0
329
367
898
211
0
0
0
0
564
0
134
331
954
0
840
362
997
294
432
160
779
775
0
828
0
306
419
517
977
794
376
907
206
487
573
986
736
370
295
561
561
366
0
0
0
0
0
206
554
0
833
568
0
0
640
511
162
0
348
534
280
794
131
301
519
0
186
0
278
287
612
347
188
417
780
652
727
550
0
904
381
663
474
0
804
196
0
855
468
660
806
838
0
0
0
619
732
909
956
399
0
636
752
381
0
212
0
698
797
922
144
311
570
629
990
570
623
897
845
958
199
892
762
641
278
998
974
341
178
666
883
0
840
576
408
887
773
819
0
776
827
532
432
841
0
0
207
634
635
0
839
625
882
216
100
128
872
615
424
0
386
734
653
191
0
639
0
187
405
526
391
854
220
895
893
751
0
0
0
0
240
133
756
357
529
124
242
853
0
717
885
0
485
177
265
386
0
0
0
0
641
0
646
469
365
0
996
484
286
0
562
552
754
710
0
166
473
0
320
761
252
233
541
515
127
706
795
412
258
814
667
0
749
641
627
883
624
397
124
898
654
0
360
647
0
207
0
110
733
121
866
466
543
0
603
0
265
143
814
558
0
336
325
809
450
752
605
375
448
442
408
907
717
784
222
141
937
721
402
374
274
188
148
886
446
618
0
831
421
578
184
0
712
961
700
0
827
252
724
0
551
788
244
683
654
0
779
498
324
0
718
942
496
457
730
0
270
789
872
633
383
229
277
588
954
453
550
222
590
931
818
110
0
0
304
626
799
964
293
821
475
984
460
382
206
634
110
0
937
241
867
270
370
282
0
217
944
0
879
468
726
0
973
800
0
627
0
718
0
953
925
0
0
358
476
0
672
672
407
0
240
333
108
931
843
0
0
611
804
919
736
774
293
639
280
122
174
977
573
735
230
462
150
691
0
979
709
856
0
516
615
621
227
463
914
828
393
223
452
0
191
224
472
249
584
306
672
895
682
186
754
142
955
788
773
702
791
0
361
292
891
707
638
0
554
635
733
937
0
755
254
575
515
0
0
797
839
587
747
873
489
461
319
901
598
0
222
632
926
382
167
450
679
575
0
963
0
939
163
258
404
805
885
968
340
979
529
224
967
0
560
520
251
539
931
323
386
851
908
866
568
113
572
953
0
381
402
721
610
649
256
303
0
232
918
0
0
123
330
0
699
0
524
478
304
0
568
0
631
952
641
311
741
367
999
0
843
543
392
747
713
774
586
147
0
0
121
241
755
0
0
829
811
747
141
292
251
888
461
0
0
284
177
877
269
0
744
604
694
0
0
423
748
898
0
592
443
0
980
460
327
346
148
0
462
817
571
159
572
500
285
833
932
446
242
593
709
0
294
843
0
414
512
0
858
880
791
823
0
573
966
149
128
432
857
178
122
385
713
0
551
209
108
553
407
0
0
598
0
309
0
109
0
268
0
130
0
976
543
293
104
773
364
716
833
839
866
867
254
0
0
0
389
240
174
352
309
0
544
910
355
931
0
0
375
0
207
537
0
519
269
0
620
127
283
0
125
0
151
210
838
0
200
256
315
865
203
785
992
864
629
0
0
0
355
476
577
420
969
0
0
0
891
433
675
0
381
590
0
105
941
0
719
0
155
184
818
402
975
0
372
0
643
0
842
984
0
787
318
601
0
716
860
368
380
839
141
272
995
0
540
308
843
883
568
625
466
270
575
829
0
0
969
964
0
999
891
772
711
0
994
506
684
378
153
175
915
0
550
245
768
599
395
750
521
264
758
343
976
447
973
623
0
502
352
498
199
413
267
480
193
778
871
167
428
0
0
0
299
829
929
209
949
0
924
0
708
317
0
464
328
241
578
590
504
0
673
558
0
515
332
0
309
0
754
417
551
828
372
0
0
388
494
185
937
156
795
0
201
0
293
0
0
0
0
882
543
370
515
811
389
969
0
413
175
0
954
551
347
162
821
785
796
807
400
113
569
437
589
0
581
659
450
677
843
0
0
338
984
0
0
659
0
556
449
969
451
575
871
106
0
315
533
464
208
0
546
942
647
110
0
149
919
831
593
0
802
251
648
968
992
0
0
566
120
322
800
332
617
715
355
113
857
0
934
0
0
0
401
285
135
350
709
0
685
255
405
211
622
444
641
783
399
0
0
216
0
282
0
747
240
964
413
0
970
364
260
551
0
260
998
274
0
757
129
320
544
223
785
236
294
205
0
363
831
0
0
345
808
975
942
0
0
943
0
715
0
766
905
233
134
918
186
0
722
874
481
0
472
0
0
686
460
835
611
937
0
110
290
647
477
0
122
244
231
232
713
0
822
321
0
495
0
0
737
0
857
570
644
575
228
904
487
251
0
239
726
0
619
300
429
976
866
708
640
100
603
0
0
141
174
0
175
970
0
935
980
936
526
284
206
0
914
0
101
120
0
0
359
0
226
910
0
142
369
914
0
775
360
812
700
144
138
242
877
418
149
494
938
791
494
510
358
884
633
312
994
794
0
359
576
118
254
510
0
490
672
896
0
673
611
496
901
533
750
0
227
705
230
439
702
891
0
859
294
591
706
977
668
548
0
822
888
172
882
584
182
876
596
714
929
905
111
393
511
128
0
217
797
292
352
999
0
364
935
0
0
323
343
0
648
919
765
858
421
838
316
463
712
540
244
268
512
137
777
508
646
100
218
420
404
970
829
889
0
117
624
0
0
217
770
0
601
910
121
846
691
593
353
689
0
474
868
591
625
0
0
0
0
819
202
0
160
0
448
268
971
319
566
543
0
0
897
0
500
999
0
0
982
518
410
0
637
891
245
0
790
889
0
504
0
0
326
315
162
872
265
944
839
251
309
891
954
260
980
0
0
108
0
0
865
0
640
343
530
138
632
0
214
103
293
885
446
0
266
0
698
202
812
333
513
434
947
136
0
700
181
140
975
0
185
468
853
471
316
500
941
344
979
275
746
171
0
853
679
675
985
522
0
490
479
0
381
934
306
0
0
953
0
901
990
456
0
177
762
316
744
457
0
637
492
443
345
281
967
900
384
594
833
949
100
435
954
396
0
615
143
0
587
888
0
772
551
551
936
323
108
0
129
0
0
970
184
206
0
726
965
734
171
445
0
330
0
409
913
0
0
905
0
0
0
551
0
0
369
0
365
909
708
0
119
212
820
588
107
843
531
253
196
862
212
0
0
239
570
0
882
996
0
457
343
0
657
949
0
362
433
963
991
833
183
874
730
956
732
0
623
381
730
0
335
927
288
0
0
338
139
107
997
701
404
283
0
423
348
424
814
879
747
461
544
711
347
0
526
343
0
129
0
0
777
736
179
838
0
768
883
990
684
0
0
826
852
0
778
613
204
642
273
140
235
641
906
779
401
0
324
894
796
998
684
827
312
989
167
538
260
835
648
972
314
793
124
688
905
670
701
443
244
0
0
831
251
122
203
0
532
173
0
310
366
346
262
108
399
284
108
907
669
0
772
0
342
0
782
488
146
520
0
397
794
367
0
631
534
0
558
468
873
0
910
0
162
260
284
0
0
0
0
0
679
0
0
733
0
250
688
505
951
301
899
745
489
971
570
272
906
0
0
349
972
0
0
721
603
524
347
0
258
0
298
806
600
635
0
231
769
778
598
499
821
488
199
778
995
815
0
725
921
186
0
213
876
820
0
0
0
191
141
0
970
869
795
0
229
846
0
0
0
995
0
466
918
752
961
962
0
721
496
0
951
687
0
106
280
386
0
726
489
0
355
994
821
998
206
648
865
0
777
679
0
0
0
311
359
284
0
897
0
247
480
693
720
0
212
0
257
147
710
479
603
954
778
493
587
267
0
740
267
731
332
504
684
0
267
0
602
845
481
251
377
173
335
0
271
721
447
994
389
712
257
168
687
0
116
111
0
216
827
0
0
0
0
0
0
104
661
0
714
111
953
924
559
619
0
411
191
498
0
240
0
168
218
0
794
734
336
0
461
284
931
506
785
274
0
919
0
970
736
0
0
0
190
0
0
542
949
0
967
163
0
623
533
787
502
717
378
974
155
409
689
0
0
584
208
0
919
332
635
0
775
0
198
0
934
971
569
793
119
712
996
254
0
794
215
560
705
762
967
141
0
631
332
151
372
250
683
0
434
984
0
967
441
543
0
0
911
889
704
473
107
0
702
678
578
438
159
594
218
121
750
950
238
816
131
653
325
973
319
177
0
684
796
0
914
765
640
184
179
0
0
190
0
702
599
172
0
778
515
0
436
741
0
431
968
269
912
498
747
0
227
422
333
822
382
670
329
405
785
122
0
132
710
0
830
0
929
697
370
838
520
233
217
898
0
642
799
616
731
0
589
560
144
653
978
353
169
748
739
0
975
504
0
672
964
0
143
872
189
893
0
0
597
680
759
565
563
0
111
0
559
780
647
0
301
191
809
800
901
877
0
378
807
757
0
858
343
206
838
733
311
0
702
0
0
755
861
0
796
766
368
205
549
0
943
318
718
0
159
125
677
680
861
283
771
265
149
0
659
934
177
941
447
0
410
197
0
617
782
0
517
0
289
156
228
423
560
464
0
0
362
119
572
543
196
647
569
311
947
543
300
432
0
540
653
366
171
0
111
100
895
467
773
0
157
711
713
936
130
0
318
0
395
116
519
0
450
0
598
269
375
153
400
129
101
421
530
0
0
0
359
0
599
0
0
0
611
124
0
0
0
546
440
641
0
964
0
0
549
118
590
811
785
571
994
127
105
851
0
424
403
407
153
0
129
0
138
110
435
698
639
837
0
752
703
943
844
190
0
563
493
915
277
316
205
310
861
300
659
504
0
265
165
366
0
281
134
816
0
685
471
367
661
566
721
228
492
887
220
0
675
816
0
877
0
639
752
627
0
0
0
175
113
320
120
838
138
726
768
250
284
542
172
755
0
0
0
975
270
969
745
770
277
396
0
437
0
426
619
770
129
0
0
453
120
562
778
368
0
279
767
0
195
0
829
0
125
766
0
677
362
695
239
766
568
692
0
252
485
443
0
231
733
0
0
589
941
0
416
940
638
359
816
530
0
888
0
435
785
643
980
0
331
0
0
0
836
917
931
541
410
0
955
582
186
0
605
0
222
744
207
915
569
544
0
316
632
965
883
688
0
949
0
861
611
0
0
757
0
441
603
0
334
625
302
568
477
168
119
973
978
564
214
475
949
704
0
471
526
874
0
0
877
420
901
709
195
230
387
629
948
0
773
912
748
566
868
0
197
604
974
0
651
423
486
919
0
444
183
980
627
0
0
763
151
947
484
610
970
655
402
347
0
123
0
684
0
703
109
781
205
695
431
148
0
187
375
718
632
604
537
0
437
223
0
463
0
734
990
505
897
0
778
0
124
975
757
0
807
803
132
816
630
641
527
193
529
955
335
849
125
789
551
722
751
720
663
800
0
0
570
164
142
653
127
0
437
448
576
0
0
0
305
0
0
501
740
238
449
683
503
105
474
125
517
182
0
679
0
640
151
571
0
0
294
0
1000
520
796
0
680
121
0
407
118
385
793
548
769
195
893
817
204
0
278
405
448
0
926
694
0
550
589
785
359
712
214
171
684
951
0
967
515
796
0
270
0
807
0
0
716
0
360
518
368
821
126
290
793
162
150
324
791
312
618
0
401
692
949
377
649
0
776
684
295
593
329
780
221
726
0
247
373
807
0
0
850
0
0
582
856
605
659
0
0
144
986
966
410
633
706
527
202
0
591
481
666
245
426
668
0
530
592
571
0
709
292
550
357
0
373
573
971
358
287
526
442
953
382
0
519
245
0
236
0
540
103
445
0
301
247
163
0
766
0
969
441
803
0
0
0
584
794
534
837
722
985
184
0
0
122
0
0
468
562
610
752
249
0
940
0
158
968
218
0
822
837
692
0
425
851
962
0
789
717
215
538
265
787
0
140
0
0
499
336
983
448
317
723
0
757
473
834
462
872
663
654
734
0
760
946
533
537
162
0
532
548
0
928
563
628
0
819
0
612
391
408
925
167
0
269
768
581
294
226
244
293
0
0
899
480
0
436
368
0
745
603
132
716
0
0
101
418
0
740
229
653
735
0
354
270
720
325
483
0
621
679
0
742
479
668
964
646
497
0
271
0
0
709
741
536
339
181
0
693
458
916
761
439
330
244
849
658
0
0
160
0
353
639
915
757
552
0
937
573
523
0
0
352
107
631
0
858
843
782
976
270
796
0
473
624
224
0
581
347
854
907
0
450
423
0
599
659
205
910
268
885
330
826
745
693
623
741
205
546
770
0
816
0
584
101
0
0
236
0
728
463
269
953
974
868
536
507
0
747
512
859
0
872
246
487
834
235
654
272
142
377
0
958
196
373
0
0
0
844
657
563
793
665
0
913
156
884
634
588
0
0
386
183
416
920
573
0
757
0
367
663
236
119
523
138
783
166
478
579
847
381
608
854
123
260
410
332
515
188
220
717
0
679
748
620
395
450
0
0
512
446
0
852
489
720
533
0
549
440
277
334
630
360
794
418
0
0
232
264
278
393
453
726
621
455
727
899
960
542
562
0
0
0
397
103
605
528
197
0
781
657
621
431
260
0
0
281
278
0
736
0
0
942
694
0
252
0
233
631
764
423
980
0
644
0
516
712
999
404
0
183
930
545
821
284
756
734
809
898
414
890
334
435
320
881
0
450
918
417
895
784
358
575
898
127
750
677
363
142
137
0
409
0
971
0
787
431
0
641
396
625
641
518
534
0
236
232
0
0
0
538
261
337
0
771
246
677
605
0
894
835
149
814
0
0
764
202
626
0
910
803
551
0
0
0
0
293
0
598
848
0
396
0
795
154
545
252
422
321
672
524
0
0
0
574
0
243
0
200
331
161
0
246
351
741
0
214
0
566
632
534
0
646
0
470
274
620
260
780
893
222
476
0
0
283
521
843
831
369
777
266
913
778
570
212
502
968
943
0
0
302
527
368
837
740
0
264
0
0
0
651
318
946
140
803
991
288
0
739
0
194
188
274
634
760
987
379
182
208
287
278
599
621
304
608
488
693
478
994
246
0
660
0
105
260
146
0
472
692
914
368
285
0
267
0
217
752
390
473
932
0
853
442
350
0
358
549
161
765
0
316
0
833
317
153
643
176
684
652
751
141
0
963
592
0
264
0
0
914
508
0
0
613
272
0
717
269
318
964
437
568
193
821
722
229
728
278
0
0
0
0
0
777
224
0
767
457
579
893
322
664
216
832
842
587
979
494
175
244
175
169
367
247
758
0
650
0
370
667
0
433
0
270
926
0
0
747
961
0
426
313
514
575
985
523
697
480
378
925
585
248
451
537
0
607
212
300
675
0
0
201
519
922
527
925
763
201
464
727
0
937
672
0
443
125
758
0
0
0
646
698
0
204
906
257
378
912
718
0
0
477
529
126
985
653
463
393
538
651
0
0
0
681
0
947
0
209
755
162
190
115
748
542
461
927
591
241
833
682
436
507
0
0
701
0
196
234
993
276
465
573
1000
0
472
0
378
619
0
836
156
382
0
0
0
129
532
0
363
0
107
711
0
0
704
445
427
531
368
419
992
374
654
969
227
840
934
240
490
550
0
721
672
939
0
0
343
338
345
775
100
202
905
642
0
147
974
498
0
0
426
168
955
290
184
735
269
453
261
318
0
0
0
0
558
855
418
0
0
987
674
133
854
735
440
753
838
651
0
133
853
890
0
0
249
0
436
513
0
590
0
0
0
853
913
283
612
685
619
711
369
781
804
581
984
937
457
959
307
870
557
560
839
177
275
462
914
980
875
0
326
0
0
0
961
475
868
618
547
0
0
402
407
163
980
151
976
984
808
360
218
812
0
273
0
710
155
747
159
549
619
119
335
793
0
0
953
726
337
946
777
681
0
0
832
528
240
845
110
133
440
965
0
0
635
941
491
523
562
540
0
735
228
615
551
634
0
605
366
468
664
0
169
421
414
0
0
794
535
114
786
366
107
0
218
638
371
336
929
675
667
676
462
0
875
0
0
668
854
0
0
895
756
105
701
359
889
568
0
904
0
374
0
258
460
210
447
0
975
812
420
333
0
140
349
479
409
0
125
118
770
973
849
162
0
354
974
621
0
140
224
0
558
832
0
692
631
0
0
460
474
755
792
460
139
0
112
877
532
679
169
0
669
906
0
0
928
828
291
346
449
274
0
809
179
883
0
0
0
623
496
945
260
813
798
310
754
370
720
0
0
0
0
0
613
463
180
0
639
0
590
747
310
962
332
854
611
0
0
381
240
274
240
404
327
838
973
0
942
700
404
513
0
235
972
603
689
227
677
590
129
978
125
150
122
270
868
455
771
803
0
947
855
528
692
0
186
779
0
516
0
672
946
698
945
345
779
783
331
478
941
752
0
0
143
539
920
0
605
582
669
602
813
745
0
461
0
683
0
612
0
137
605
627
0
766
0
0
295
354
0
862
0
555
416
939
920
0
134
394
369
923
436
0
541
388
694
287
0
663
133
188
333
805
346
0
623
659
0
144
970
434
551
641
0
954
0
422
680
811
0
564
789
324
0
720
536
727
246
991
767
0
418
240
631
186
0
511
0
699
585
696
581
621
902
694
440
0
898
0
821
412
159
0
0
832
434
471
0
0
764
956
0
619
670
350
878
922
827
162
692
167
568
195
147
409
0
121
457
437
939
506
157
953
194
884
0
779
0
467
354
519
591
707
879
993
993
0
982
474
756
148
108
885
148
200
0
0
0
138
829
947
0
906
0
778
0
333
861
785
0
214
551
791
0
325
507
899
677
288
457
209
0
845
0
779
511
0
0
0
595
388
0
247
541
0
325
260
566
0
451
920
994
0
527
139
844
461
0
512
887
0
465
0
504
346
0
238
655
858
272
420
0
571
147
343
442
887
0
423
461
0
0
0
607
996
166
437
352
999
849
858
156
681
605
870
156
0
462
0
357
886
931
968
0
256
502
556
943
242
889
136
0
779
721
493
584
822
283
571
453
475
722
312
468
483
0
960
605
0
579
755
0
110
0
0
0
0
0
116
946
0
186
135
603
332
584
272
314
493
913
0
465
0
479
659
866
743
837
751
850
306
996
994
0
0
298
0
559
0
259
466
999
280
386
220
178
437
842
0
0
120
0
460
345
223
384
780
766
289
431
858
604
0
926
835
326
0
279
804
529
446
843
340
462
315
352
449
0
877
0
0
369
401
603
587
208
382
771
994
120
949
751
618
562
0
747
542
0
739
893
162
987
133
460
516
699
0
116
0
117
509
429
955
628
949
0
803
125
530
204
511
844
423
0
110
922
214
838
762
279
364
298
809
229
893
956
296
251
593
669
663
172
0
0
146
383
461
0
904
170
524
252
635
415
222
227
0
143
0
0
199
665
839
897
740
496
0
0
196
124
618
0
979
817
865
498
969
715
418
117
700
0
0
524
267
0
670
265
127
562
704
720
0
610
621
512
562
894
0
322
190
674
440
474
0
585
595
946
117
0
117
796
146
0
215
155
848
148
845
416
788
0
682
748
307
0
539
604
148
216
665
742
0
960
0
0
0
992
265
0
747
0
825
696
564
466
399
0
228
431
0
924
973
421
785
540
898
174
339
543
647
329
168
548
806
0
0
397
0
242
0
0
529
571
203
199
451
0
149
624
181
365
324
347
0
919
329
149
105
778
0
663
401
752
679
859
0
835
194
664
115
133
965
755
672
696
388
0
509
117
0
0
885
371
0
591
0
448
0
507
460
133
342
225
249
0
330
0
503
0
459
0
410
822
970
878
386
959
0
679
331
0
0
318
598
0
974
941
438
0
0
644
0
325
678
902
540
171
572
0
211
418
811
824
389
0
985
0
855
853
831
611
224
159
785
413
575
766
494
0
140
909
894
0
740
332
405
0
851
368
471
800
692
249
0
0
0
149
188
216
748
854
0
792
946
581
0
186
429
796
0
0
0
342
0
734
0
957
307
0
880
830
948
425
214
243
176
443
552
721
353
0
279
224
448
926
162
267
207
220
328
847
842
0
552
868
648
939
891
301
814
0
306
836
0
967
939
497
502
305
163
774
0
471
634
235
860
517
468
0
421
804
967
572
992
267
871
905
938
0
975
708
796
258
267
635
785
659
0
0
526
0
949
0
742
872
0
814
274
832
542
735
0
460
698
621
247
135
955
146
885
0
0
723
326
392
256
853
548
216
816
547
892
498
0
186
324
420
624
537
889
793
935
665
209
341
678
0
553
746
698
670
427
963
847
0
0
749
136
241
391
863
780
775
209
0
0
102
238
592
696
0
0
594
761
129
121
0
660
717
578
919
0
500
864
480
106
233
791
217
0
0
998
0
731
0
122
934
424
279
874
0
377
940
479
246
397
0
634
842
461
440
635
139
945
902
541
603
628
0
371
342
723
0
0
794
527
799
0
337
343
908
230
462
0
935
0
816
810
0
138
686
306
674
938
751
175
0
0
301
814
294
866
664
212
176
0
0
363
968
203
237
486
0
135
101
0
431
237
708
929
513
806
741
221
0
0
168
806
885
184
736
560
285
629
193
0
134
494
770
185
119
684
298
332
775
0
177
403
767
0
570
649
0
668
487
103
0
760
587
927
753
941
0
345
694
0
332
949
215
0
0
326
0
0
424
0
183
130
0
255
638
985
869
0
829
145
168
756
0
738
0
843
235
0
0
717
0
0
0
277
796
0
995
553
0
520
681
627
0
218
817
769
974
237
474
936
0
0
679
803
420
544
0
569
657
325
957
838
0
0
774
520
833
0
778
315
918
510
0
468
212
827
806
504
0
132
941
407
0
0
164
0
158
964
834
605
764
987
979
591
838
491
112
779
440
325
584
0
155
591
734
392
794
424
0
472
877
879
845
919
0
0
423
299
0
414
516
0
0
478
355
140
823
357
309
394
0
365
754
857
367
0
878
0
831
446
580
470
403
417
757
280
705
131
454
806
846
840
438
384
453
389
0
527
730
876
716
0
485
712
293
251
932
0
871
533
186
358
601
853
820
312
600
684
198
710
447
153
195
877
142
776
968
646
235
528
202
379
494
241
651
523
877
783
0
260
272
803
848
0
0
256
527
0
472
0
969
483
916
0
600
258
516
349
577
313
0
788
836
948
219
0
966
0
259
201
979
287
378
984
633
557
0
701
0
595
322
620
322
0
646
593
791
980
199
825
384
842
152
792
611
678
751
173
379
347
0
0
177
961
639
539
446
0
167
464
0
884
910
471
588
989
635
0
0
0
0
0
0
420
653
684
218
497
654
197
626
182
175
833
0
562
532
331
898
566
314
125
148
448
957
853
799
183
877
969
0
749
0
0
333
709
0
539
476
469
259
478
909
480
505
0
997
902
538
0
102
479
205
141
816
0
143
362
277
0
525
161
0
408
242
839
127
481
365
843
0
729
0
735
0
406
883
597
887
0
156
0
265
700
280
931
242
355
428
208
722
633
121
316
107
167
0
267
934
830
410
129
829
901
127
295
0
0
272
0
0
208
244
682
133
540
679
478
0
0
493
530
845
0
307
548
0
130
879
483
749
0
0
315
478
965
0
677
339
605
548
730
0
298
156
501
907
396
296
578
540
189
700
641
481
0
498
739
603
335
234
139
0
815
340
720
426
0
168
956
216
725
216
718
0
262
661
444
0
987
0
619
386
0
122
323
593
476
0
0
874
312
846
500
843
538
231
0
971
0
197
0
0
709
0
593
822
271
142
781
910
287
175
436
853
0
169
941
821
451
913
204
416
507
0
216
337
0
845
916
0
0
0
244
319
0
407
863
745
244
0
653
434
364
0
195
992
0
0
239
681
841
319
730
0
0
0
0
0
846
722
321
176
489
937
883
227
784
861
983
349
0
551
735
721
204
0
386
914
0
960
732
0
827
174
386
709
577
0
546
481
994
691
941
531
260
769
602
569
929
0
138
125
195
437
329
837
0
377
657
803
278
169
507
890
735
0
752
412
920
0
511
788
460
880
816
343
255
919
0
0
315
244
0
349
0
0
820
192
152
888
996
507
355
674
456
944
724
0
226
212
685
254
351
452
435
108
0
781
0
0
524
249
303
356
676
683
152
645
0
390
574
738
0
0
583
253
0
859
633
515
909
0
252
977
851
0
420
0
942
0
794
593
344
253
835
778
845
793
697
617
110
766
230
448
780
692
0
0
621
551
599
367
0
0
228
669
0
159
994
465
844
0
133
830
547
908
638
0
600
333
478
319
349
0
454
0
425
0
158
0
403
1000
219
180
304
0
127
888
0
930
642
485
625
481
771
674
0
625
697
678
132
880
700
0
0
951
153
0
0
0
646
0
0
388
993
216
821
988
694
174
956
0
724
573
908
294
969
299
647
472
0
353
979
196
648
598
481
119
370
782
435
0
387
576
221
0
709
958
431
0
621
247
0
0
615
906
0
0
0
0
423
682
342
948
892
230
985
0
258
709
965
0
0
454
0
857
421
462
0
566
862
181
403
579
583
757
0
404
125
326
975
473
320
551
714
746
789
750
381
0
190
553
0
0
0
445
333
0
253
753
851
600
0
660
960
820
0
797
556
0
399
0
0
735
866
843
0
829
110
0
359
689
275
862
972
499
251
712
838
0
698
677
629
0
726
425
741
196
260
0
304
758
701
249
551
0
143
0
527
479
0
748
225
425
498
462
869
423
516
0
0
407
0
0
857
0
804
928
206
353
967
870
903
0
813
250
635
0
0
641
662
556
0
0
128
618
652
830
0
274
803
804
977
0
867
582
333
211
519
939
935
568
646
774
0
277
529
664
0
329
0
641
551
230
568
0
0
929
0
0
576
0
746
212
314
821
377
996
520
517
639
362
948
0
0
851
536
373
0
0
608
0
0
0
634
0
539
832
139
659
110
307
249
214
0
0
0
299
349
539
677
863
820
425
421
804
0
346
0
228
862
755
214
707
578
488
0
782
174
940
704
563
0
745
0
910
469
883
923
918
895
537
363
0
471
948
929
193
0
0
629
406
204
770
706
0
0
261
0
367
636
0
788
462
113
414
0
209
149
686
118
474
171
0
793
488
173
254
233
0
837
695
0
0
247
962
339
0
0
0
488
650
196
436
0
928
920
434
844
866
922
0
0
243
186
935
829
0
577
476
339
745
192
0
462
928
346
0
620
525
743
239
853
0
214
663
352
491
506
936
663
538
562
491
965
809
189
104
0
579
645
637
899
963
144
403
841
486
504
914
623
197
879
436
134
177
0
407
155
898
752
646
244
150
572
512
891
949
919
460
254
868
0
0
124
199
335
0
217
289
0
239
773
305
373
0
181
0
281
293
693
0
234
513
605
828
0
471
461
743
214
539
330
176
324
0
145
414
313
469
605
244
152
158
0
206
0
620
0
250
550
940
486
759
201
877
173
924
340
0
0
166
0
980
328
932
661
852
0
648
385
218
0
364
878
896
336
100
595
836
630
171
698
732
743
464
504
425
661
211
381
469
683
691
953
0
433
0
831
835
510
591
853
239
688
778
0
794
898
156
752
766
912
0
807
789
0
0
278
0
478
370
993
0
366
291
605
0
0
837
838
604
0
443
420
816
168
516
0
259
548
0
888
0
566
353
228
525
250
0
968
857
192
402
732
174
551
957
0
464
314
190
493
825
0
884
0
870
572
277
898
835
0
975
0
113
760
611
835
574
265
0
358
674
515
182
868
764
0
0
0
365
654
0
0
858
675
924
593
611
0
625
679
570
905
995
271
215
0
228
703
568
748
0
0
717
693
844
0
598
994
667
276
590
468
346
582
0
512
751
762
148
503
552
624
810
756
0
788
478
730
653
996
403
862
967
862
743
550
968
0
451
0
912
239
748
763
0
653
265
474
467
434
692
332
480
0
260
637
0
700
0
0
0
619
350
802
890
628
297
677
943
499
366
701
734
657
921
499
0
212
0
0
979
381
880
0
0
0
937
490
0
675
0
670
815
721
560
642
423
943
692
566
501
0
215
458
657
736
848
246
0
465
0
664
449
669
764
887
850
279
216
0
721
537
0
0
0
836
909
0
434
507
1000
181
870
755
239
940
857
451
0
588
504
617
506
0
542
625
970
431
812
136
827
467
551
886
942
330
0
0
130
0
317
0
535
260
595
448
624
747
444
849
420
215
0
0
0
621
0
0
996
779
709
402
791
381
708
802
0
672
0
985
882
701
0
447
705
799
560
844
0
868
740
850
538
916
563
0
0
0
433
573
0
0
274
602
956
0
306
364
665
459
353
889
138
738
478
948
480
298
364
355
219
403
903
214
853
486
192
0
588
0
392
0
142
881
556
409
0
547
0
524
595
485
492
391
0
949
866
695
243
932
0
454
0
407
396
0
213
346
357
931
498
623
173
0
0
0
0
698
484
498
856
721
823
590
317
251
110
896
0
522
996
443
725
994
762
616
464
190
252
0
238
0
265
761
793
0
396
660
0
1000
0
169
0
813
0
465
996
298
742
0
0
793
686
0
355
219
505
156
0
674
180
579
0
707
0
759
402
912
504
392
0
