0
903
506
885
278
445
605
80
330
165
510
196
749
330
188
605
427
403
295
270
639
306
492
829
855
799
962
980
575
210
415
503
955
8
581
27
188
762
177
48
32
16
205
879
242
356
28
886
463
417
948
395
539
246
321
453
990
555
846
650
911
27
567
958
323
222
87
16
38
771
827
664
727
280
855
924
274
648
124
468
996
492
887
134
467
271
636
924
768
416
412
102
227
412
804
0
434
170
324
619
903
0
538
71
218
118
997
435
826
518
630
881
349
281
664
497
492
948
837
189
742
45
796
65
873
248
805
422
141
969
904
762
833
158
309
769
668
431
999
474
719
669
108
645
747
717
188
139
118
158
725
820
518
362
132
741
881
584
406
945
958
37
768
381
635
769
759
527
79
319
976
559
403
386
904
741
623
540
140
260
273
286
95
114
967
617
440
316
807
990
363
467
96
868
754
0
367
242
191
992
506
538
0
17
776
978
388
850
233
325
781
694
617
516
334
275
612
384
570
678
200
260
3
472
185
315
404
798
744
421
582
519
82
154
198
435
3
547
347
448
998
566
577
468
937
442
54
597
122
167
531
292
603
708
206
631
678
341
855
910
0
156
804
368
489
721
27
870
940
134
917
122
957
335
575
513
292
911
717
851
184
656
376
778
272
824
173
83
232
131
193
39
431
115
552
0
669
243
299
630
885
71
17
0
157
17
613
549
574
630
96
873
500
685
611
337
354
240
172
267
903
532
13
384
633
701
126
434
995
717
756
240
380
429
475
435
910
379
847
864
22
270
719
439
836
865
770
83
434
149
986
437
703
126
381
964
878
321
265
343
338
673
743
900
682
55
409
886
110
777
471
65
604
507
589
749
551
73
229
379
669
849
216
209
767
874
713
695
559
381
666
534
180
907
942
0
811
698
443
372
278
218
776
157
0
575
201
453
876
243
495
814
605
331
939
802
473
925
336
789
10
824
832
129
749
780
468
81
232
223
608
301
636
272
753
694
270
281
327
845
399
44
756
652
101
997
222
186
595
562
924
344
181
57
894
789
64
305
886
932
773
687
51
405
860
122
276
703
581
760
862
588
286
105
686
790
334
455
383
198
0
51
602
241
394
185
808
905
332
368
291
845
556
65
670
0
867
552
662
61
445
118
978
17
575
0
438
759
465
784
678
73
310
350
203
476
927
691
325
867
747
192
212
775
957
399
175
743
266
841
66
799
975
655
296
480
996
676
246
273
746
107
207
590
323
498
289
747
640
67
917
110
896
123
629
95
176
472
65
253
591
625
581
295
421
478
921
34
865
100
599
474
315
489
366
702
128
825
615
589
0
943
205
821
397
89
261
0
491
37
182
796
359
182
853
0
105
121
429
854
605
997
388
613
201
438
0
637
686
651
216
450
809
131
104
59
370
289
703
630
569
57
660
145
459
402
316
377
906
824
488
907
0
124
504
764
937
666
479
999
676
6
445
720
955
514
516
211
648
467
223
630
397
60
891
771
852
180
436
724
0
188
671
0
593
288
554
964
204
679
477
597
477
150
415
667
669
880
165
941
0
604
516
476
750
914
112
0
82
408
74
537
672
801
461
0
830
185
506
0
80
435
850
549
453
759
637
0
751
667
125
700
423
680
4
229
490
143
174
793
993
241
406
540
789
929
916
584
351
327
811
342
594
172
912
711
717
646
228
684
813
428
46
819
407
489
269
715
248
244
306
904
286
797
531
455
317
106
15
655
0
381
335
0
188
216
523
317
139
113
333
774
996
121
370
207
282
811
185
421
0
495
899
569
794
635
283
0
696
627
575
902
95
219
898
0
120
522
960
0
330
826
233
574
876
465
686
751
0
986
904
699
653
449
164
379
867
276
578
612
340
812
273
77
373
344
820
714
896
191
489
62
775
377
681
483
889
598
585
307
826
272
909
957
253
601
702
716
645
698
209
940
100
864
72
798
862
336
116
220
445
473
245
93
212
323
445
814
0
691
994
954
836
238
876
702
483
542
439
934
0
903
495
196
106
965
784
0
254
24
409
884
406
104
345
0
260
521
705
0
165
518
325
630
243
784
651
667
986
0
384
206
844
505
169
399
946
747
689
785
589
321
637
874
699
732
647
84
179
204
368
245
783
908
475
921
17
596
535
891
123
467
977
560
878
785
686
245
670
7
754
853
293
395
70
270
97
813
737
495
0
850
876
0
288
884
312
112
0
284
701
142
176
733
201
160
751
609
436
587
0
733
808
961
430
254
282
0
504
621
672
208
684
320
134
0
75
746
505
0
510
630
781
96
495
678
216
125
904
384
0
468
750
388
49
76
510
281
6
891
322
812
172
695
171
206
115
91
624
658
676
290
957
586
386
688
969
704
64
897
238
591
323
700
576
358
650
319
956
332
188
728
398
163
374
252
74
839
825
708
0
223
235
0
526
39
355
4
0
719
927
376
268
219
469
742
896
459
99
119
0
228
316
257
547
710
448
0
409
34
551
733
575
192
561
0
399
830
337
0
196
881
694
873
814
73
450
700
699
206
468
0
475
843
574
931
622
270
515
548
756
92
952
2
273
243
257
671
529
316
177
172
50
674
248
931
368
774
236
785
919
219
785
614
110
522
820
362
137
888
112
761
414
159
909
708
802
656
867
262
0
655
284
0
703
386
625
721
0
187
639
641
806
572
342
627
60
984
206
919
0
545
989
499
799
865
624
0
922
624
801
654
182
844
71
0
136
931
171
0
749
349
617
500
605
310
809
423
653
844
750
475
0
366
771
521
102
450
802
898
758
51
145
283
824
653
613
509
184
765
200
832
0
553
0
0
280
125
394
0
305
470
892
692
152
272
590
276
108
848
444
444
686
952
171
565
153
526
83
593
0
593
918
0
886
21
128
511
0
599
101
227
101
962
980
978
91
330
64
540
0
942
556
150
432
681
823
0
869
105
467
146
485
860
145
0
411
999
747
0
330
281
516
685
331
350
131
680
449
505
388
843
366
0
451
190
877
306
283
490
295
187
646
63
962
349
201
111
735
574
136
100
129
217
910
605
633
474
457
634
967
95
678
596
177
940
183
987
924
495
309
176
431
500
900
696
750
506
742
801
272
646
50
876
623
938
746
817
6
819
810
59
797
533
782
508
48
689
65
147
0
466
351
493
231
562
829
0
641
46
610
589
599
301
859
0
99
153
375
0
188
664
334
611
939
203
104
4
164
169
49
574
771
451
0
604
200
398
587
12
656
66
368
921
416
520
905
567
248
254
804
225
698
672
30
185
748
505
75
181
466
149
62
910
293
560
713
312
265
687
924
286
952
791
326
338
464
535
219
473
995
736
990
0
971
5
61
285
0
649
110
699
30
290
30
132
538
793
300
384
0
142
820
846
132
886
609
0
49
675
855
145
439
666
603
0
93
363
602
0
605
497
275
337
802
476
59
229
379
399
76
931
521
190
604
0
510
900
66
864
660
583
33
891
550
102
495
193
813
9
661
979
202
749
220
334
236
466
374
222
181
92
368
28
473
895
451
83
622
587
745
859
868
832
620
67
554
756
538
176
824
646
507
676
634
537
565
444
825
194
717
553
851
730
784
116
321
27
177
209
356
69
244
666
214
689
975
0
968
127
109
137
0
480
154
0
695
8
162
0
427
492
612
354
473
927
370
490
867
946
510
622
102
877
200
510
0
536
192
811
874
546
306
0
217
268
539
259
825
320
616
217
0
770
0
0
787
515
7
0
339
581
960
723
634
87
942
0
893
71
252
626
167
947
911
969
837
37
0
681
0
144
18
0
997
261
976
74
0
823
587
469
712
468
587
574
487
535
0
638
0
34
191
591
610
492
593
0
986
543
554
642
0
845
973
0
989
388
331
0
403
948
384
240
925
691
289
143
276
747
281
270
450
306
398
900
536
0
193
141
815
7
403
378
698
873
153
769
558
683
324
969
889
490
203
411
508
448
542
579
485
925
727
364
201
889
581
374
812
185
728
96
979
143
719
920
491
310
402
297
225
768
736
975
664
208
793
376
614
18
813
426
455
682
705
55
994
718
0
106
0
487
676
332
423
501
243
0
668
691
30
662
0
872
82
0
88
698
547
0
295
837
570
172
336
325
703
174
578
689
6
515
802
283
587
66
192
193
0
657
514
637
23
355
944
432
106
905
807
906
121
611
736
2
886
254
752
923
954
909
72
849
403
353
335
867
934
0
504
397
529
408
528
198
961
434
808
193
0
189
0
820
973
0
793
363
428
514
0
544
994
399
894
491
813
195
429
532
0
846
0
224
256
244
728
789
505
0
880
83
855
642
0
107
534
0
252
629
615
0
270
189
678
267
789
867
630
793
612
785
891
548
898
490
12
864
811
141
657
0
753
344
4
48
622
454
101
501
665
255
587
694
0
236
0
0
601
564
821
0
930
568
578
252
159
880
603
0
651
844
680
367
32
509
892
982
869
897
0
968
0
782
800
0
659
897
550
624
0
71
550
52
139
119
731
921
239
956
0
354
0
832
88
98
704
786
367
0
467
410
806
811
0
413
793
0
81
617
257
0
639
742
200
903
10
747
569
993
340
589
322
756
758
295
656
660
874
815
514
753
0
709
332
475
212
902
965
736
147
786
760
928
390
898
358
583
641
393
578
226
995
858
302
215
897
44
786
497
595
106
670
671
668
954
49
53
336
476
860
915
666
757
337
963
488
106
176
324
827
3
542
69
777
809
24
124
851
198
0
383
0
740
256
474
569
890
573
0
468
329
35
861
0
482
962
0
236
776
238
0
306
45
260
532
824
192
57
241
812
321
812
92
51
187
66
583
546
7
637
344
709
0
534
350
958
359
406
163
163
950
789
881
527
669
0
0
38
363
790
0
988
802
991
541
854
196
578
0
624
941
903
668
499
996
190
618
245
503
0
920
0
626
595
0
510
465
349
719
0
762
169
798
714
10
997
550
479
717
0
559
0
148
762
323
778
675
239
0
584
488
975
485
0
918
153
0
601
838
510
0
492
796
3
13
832
212
660
406
273
637
172
952
145
646
368
33
306
403
23
4
332
534
0
0
936
213
81
950
641
534
827
112
0
0
0
0
536
324
661
0
406
152
773
667
208
507
360
0
9
5
813
238
458
98
691
321
418
598
0
108
0
352
659
0
449
429
711
67
0
87
67
91
241
72
109
831
85
178
0
736
0
13
213
819
166
404
827
0
188
418
840
919
0
318
862
0
369
489
325
0
829
65
472
384
129
775
145
540
77
874
695
2
283
63
921
891
0
378
355
48
475
350
0
0
47
347
0
604
176
10
785
295
0
0
0
0
85
877
131
0
638
671
791
933
515
664
218
0
875
335
127
110
51
246
960
263
205
435
0
553
0
900
156
0
820
816
188
251
0
135
171
110
191
479
203
727
575
904
0
122
0
419
286
179
927
978
154
0
259
396
543
222
0
765
901
0
667
174
917
0
855
873
185
633
749
957
459
789
373
699
171
273
824
962
416
550
217
698
944
622
212
958
936
47
0
529
858
805
172
612
938
718
620
757
663
841
945
952
881
617
214
68
498
735
500
648
332
156
544
910
120
820
843
587
320
699
450
61
432
48
801
251
139
642
217
256
685
868
625
862
102
627
301
139
997
988
667
285
751
300
776
305
764
839
821
596
961
0
939
121
152
715
0
0
294
0
92
459
562
0
799
248
315
701
780
399
402
929
344
732
206
243
653
349
520
102
268
873
432
454
902
359
213
347
529
0
132
109
351
116
671
102
926
952
436
266
589
402
45
97
660
854
576
949
782
496
273
866
122
359
422
61
128
88
488
776
412
337
927
783
634
75
279
321
542
8
449
994
505
691
703
938
915
559
966
470
866
505
935
218
587
383
744
924
565
801
256
456
866
800
784
225
0
0
650
0
597
193
165
0
962
805
404
126
468
175
316
916
820
647
115
257
613
201
905
495
539
153
106
101
965
406
81
0
858
132
0
867
866
215
256
736
0
0
0
0
700
932
789
0
448
496
558
6
791
79
999
0
213
929
581
772
612
242
522
872
683
912
0
88
0
685
706
0
474
567
903
701
0
805
697
289
639
984
257
0
224
305
0
485
0
677
834
945
771
331
363
0
253
569
122
42
0
0
748
0
483
244
426
0
980
422
798
434
81
743
377
584
714
84
91
671
509
111
567
193
259
769
905
501
736
163
950
604
805
109
867
0
297
737
187
759
534
247
283
175
494
204
980
436
144
340
352
722
708
307
468
414
898
995
546
280
911
801
682
155
145
821
942
635
537
435
486
900
140
691
119
99
715
915
983
537
378
776
588
590
745
36
0
629
0
38
58
211
812
585
318
0
502
696
871
572
0
0
3
0
256
578
482
0
575
141
744
995
232
266
906
351
896
179
624
529
184
735
248
813
825
558
807
665
147
163
641
176
172
351
866
297
0
618
569
436
19
430
476
659
950
621
557
0
736
284
979
619
947
853
165
0
71
120
120
0
144
180
562
481
635
366
0
791
0
78
657
0
775
240
217
194
0
771
673
947
98
301
452
0
761
283
0
0
0
316
573
793
188
857
760
0
622
884
315
179
0
0
306
0
606
483
602
0
210
969
421
717
223
841
824
327
191
204
658
316
765
574
254
9
320
683
906
255
786
950
534
10
612
116
215
737
618
0
529
260
922
908
943
864
391
156
177
514
316
677
425
857
226
872
289
321
785
161
436
529
432
182
186
483
927
522
932
846
459
628
275
861
827
450
885
947
993
862
602
379
640
619
572
366
386
776
475
15
909
511
651
657
992
963
573
768
586
410
525
18
0
0
486
0
940
37
94
0
415
904
582
756
608
66
488
811
489
368
676
177
200
136
804
661
616
324
121
587
760
789
827
785
938
671
256
187
569
529
0
508
0
0
0
0
130
612
655
0
17
527
679
463
967
874
200
0
331
940
264
0
308
961
349
529
229
695
0
521
0
924
845
0
636
346
867
44
0
553
751
542
194
869
197
0
151
0
0
0
0
512
550
287
184
330
685
0
805
500
460
732
0
0
162
0
478
330
552
0
503
762
519
240
301
799
907
342
62
245
290
172
832
100
225
979
217
969
611
694
928
881
112
295
718
102
736
759
436
260
508
0
363
294
103
418
581
911
431
118
890
790
429
692
341
879
627
563
555
371
870
257
604
748
873
432
845
967
513
743
647
229
33
312
941
62
266
884
0
514
80
682
776
150
829
0
517
0
0
0
0
638
245
942
142
385
137
0
674
465
766
561
0
0
0
0
184
557
378
0
955
833
82
380
636
975
0
594
775
783
957
50
0
129
698
202
0
889
736
0
390
527
0
0
620
926
0
534
19
922
0
363
0
0
0
0
953
379
214
0
62
468
865
233
11
409
524
0
725
904
712
0
750
27
182
753
120
267
0
331
0
335
58
0
618
985
814
197
0
965
501
336
825
609
264
0
782
0
0
0
0
2
149
371
939
189
786
0
993
185
178
206
0
0
0
0
64
400
435
0
8
158
154
429
272
655
124
172
377
908
586
674
553
217
672
749
770
490
2
236
898
669
0
0
757
952
0
247
430
908
0
294
0
0
0
0
988
839
599
0
182
269
305
774
934
741
34
0
439
321
96
0
649
576
737
522
685
895
0
458
0
811
520
0
423
385
608
674
0
482
269
461
216
682
410
0
685
0
0
0
0
253
686
657
98
56
463
0
762
193
649
435
0
0
0
0
508
463
525
0
581
309
198
475
753
296
504
912
681
475
386
248
0
910
30
220
0
203
886
0
358
0
0
0
663
436
0
283
476
943
0
103
0
0
0
0
468
527
387
0
355
530
488
554
611
844
532
0
64
727
912
0
846
243
198
650
258
230
0
361
0
975
49
0
872
271
193
653
0
248
636
826
416
164
19
0
118
0
0
0
0
512
525
745
823
766
962
0
32
838
975
707
0
0
0
0
143
980
527
0
27
769
435
435
694
480
764
711
483
921
688
931
0
605
185
334
0
411
254
0
583
0
0
0
841
266
0
175
659
864
0
418
0
0
0
0
516
751
740
0
90
816
486
566
731
994
536
0
0
748
518
0
362
340
449
290
751
0
0
765
0
0
295
0
51
697
631
243
0
195
935
341
47
254
555
0
167
0
0
0
0
172
297
533
958
396
78
0
26
302
116
378
0
0
0
0
987
379
415
0
188
668
3
910
270
996
937
717
889
17
969
368
280
633
748
236
787
508
752
601
641
38
536
85
945
589
700
494
950
391
130
581
953
988
468
516
0
355
904
923
219
294
19
15
516
755
581
32
76
652
578
917
683
169
886
997
48
47
768
494
397
891
548
786
893
776
710
319
422
951
512
62
359
508
329
746
817
554
451
128
781
889
14
482
856
504
946
313
514
203
899
174
407
844
239
298
602
678
590
0
762
431
547
379
281
676
666
646
598
596
704
774
125
474
505
466
515
448
923
564
393
363
324
877
952
402
932
204
621
156
612
911
379
839
527
751
355
0
187
223
868
825
787
5
475
123
389
871
623
908
528
671
964
620
823
890
517
265
85
364
637
354
599
202
411
453
366
344
399
874
574
295
429
169
639
0
299
0
0
0
0
179
112
780
753
905
590
0
881
881
837
640
0
0
0
0
821
3
364
0
177
999
347
847
327
246
479
228
585
535
64
236
394
457
75
374
7
542
954
821
578
790
661
131
881
45
789
980
557
177
655
431
214
599
387
740
904
187
0
670
722
661
282
940
30
533
620
0
0
519
438
0
782
299
396
149
253
0
0
121
0
0
471
0
592
236
448
624
0
311
94
399
189
700
501
0
650
0
0
0
0
313
918
375
918
726
735
0
25
684
617
361
0
0
0
0
201
407
218
0
48
474
448
864
845
273
999
684
307
891
897
785
0
634
181
222
0
579
909
0
226
0
0
0
617
97
0
436
0
514
0
118
0
0
0
0
923
223
670
0
774
766
94
382
410
994
19
0
0
796
193
0
831
369
0
813
812
0
0
113
0
0
454
0
364
390
827
299
0
227
456
192
599
947
433
0
781
0
0
0
0
895
677
719
825
86
489
0
499
653
534
407
0
0
0
0
418
132
156
0
32
719
998
22
399
746
676
813
826
123
238
919
305
967
466
181
339
485
72
930
995
988
406
638
214
660
448
144
736
316
17
890
62
182
355
90
219
868
722
774
0
215
836
493
443
520
73
275
102
793
796
71
158
699
707
203
871
283
721
807
145
199
185
527
816
561
385
38
155
580
917
692
12
749
523
524
558
0
0
0
0
578
418
617
283
28
329
0
888
378
131
157
0
0
0
0
438
923
588
0
16
669
566
270
44
107
6
428
272
467
591
219
470
95
149
92
581
925
849
568
858
802
152
671
68
854
496
340
284
677
527
790
468
269
530
816
294
825
661
766
215
0
292
915
537
246
852
579
579
719
886
13
729
30
771
569
22
640
202
615
301
965
178
384
927
265
203
337
475
1
942
9
471
586
172
0
94
0
0
0
0
280
957
575
306
808
273
0
974
419
20
76
0
0
0
0
173
599
916
0
205
108
577
719
756
207
445
46
909
977
323
785
892
678
62
368
960
727
403
578
302
991
773
791
498
576
558
352
979
425
679
429
865
305
488
486
19
787
282
94
836
292
0
318
104
414
134
903
657
514
967
996
522
807
335
835
160
448
423
711
557
847
878
464
127
458
738
29
574
279
744
701
345
445
292
115
708
655
0
0
0
479
681
50
340
443
961
0
705
788
990
466
0
0
0
0
223
151
680
0
879
645
468
439
652
590
720
819
957
560
700
614
692
596
910
28
723
364
353
252
215
541
667
933
735
949
6
722
619
857
463
692
233
774
554
566
15
5
940
382
493
915
318
0
34
958
838
374
7
652
437
115
348
261
14
540
289
815
476
948
0
0
157
0
956
504
70
868
0
57
721
36
706
763
128
0
22
0
0
0
0
506
834
39
839
319
214
0
717
162
83
658
0
0
0
0
228
943
832
0
242
747
937
836
101
323
955
407
253
878
576
110
152
177
293
473
634
201
335
159
897
854
208
515
500
782
791
708
947
226
967
341
11
934
611
731
516
475
30
410
443
537
104
34
0
9
708
119
576
993
708
180
510
644
628
335
176
287
600
373
69
445
980
525
958
714
456
604
528
657
863
397
617
232
578
0
868
0
0
0
0
871
162
596
946
875
455
0
944
276
973
335
0
0
0
0
867
485
755
0
356
717
442
865
997
498
514
489
601
785
358
522
272
940
560
895
87
889
867
880
44
196
507
664
648
496
79
307
853
872
874
879
409
741
844
994
755
123
533
994
520
246
414
958
9
0
301
822
529
833
530
922
663
672
872
700
403
217
174
49
610
191
760
0
645
993
36
799
0
468
886
249
988
767
687
0
226
0
0
0
0
379
80
139
442
303
7
0
463
891
504
152
0
0
0
0
176
31
806
0
28
188
54
770
222
289
516
269
702
686
650
820
590
183
713
451
942
581
934
603
786
578
360
218
332
273
999
468
165
289
200
627
524
34
532
536
581
389
620
19
73
852
134
838
708
301
0
0
0
735
0
0
470
942
0
273
521
0
0
65
0
0
703
0
595
117
189
631
0
932
249
893
591
933
629
0
610
0
0
0
0
30
850
158
70
24
817
0
832
790
919
460
0
0
0
0
919
424
792
0
886
139
597
83
186
747
211
715
716
245
319
362
276
987
312
83
0
374
0
0
497
0
0
0
156
866
0
414
0
321
0
563
0
0
0
0
32
871
0
0
275
579
903
374
119
822
0
0
0
382
0
0
303
379
0
177
258
0
0
615
0
0
0
0
358
637
896
81
0
771
389
942
791
590
240
0
556
0
0
0
0
621
781
738
915
308
348
0
0
84
389
570
0
0
0
0
554
681
348
0
463
118
122
434
595
640
648
248
645
670
956
137
108
924
265
622
893
812
504
651
595
624
9
875
544
122
213
898
71
785
331
555
725
439
64
0
76
623
0
0
102
579
657
7
576
529
0
0
0
791
0
0
837
179
0
990
934
0
0
663
0
0
0
0
707
228
745
599
0
814
779
935
691
640
560
0
902
0
0
0
0
838
803
245
113
161
624
0
0
261
594
72
0
0
0
0
935
63
806
0
417
158
167
149
562
67
467
244
698
7
332
888
848
495
687
587
71
185
397
844
106
941
5
335
910
359
929
995
120
161
940
371
904
321
727
748
652
908
519
796
793
719
514
652
993
833
735
382
791
0
844
389
955
540
377
75
837
227
17
24
586
126
317
197
538
353
634
750
636
794
644
317
71
232
632
208
865
90
816
505
695
682
146
597
645
942
837
0
0
547
26
251
0
0
0
0
696
684
676
0
948
725
531
986
924
917
223
306
209
754
188
112
444
309
924
745
252
728
529
680
670
903
813
127
120
422
581
546
120
436
264
870
712
96
912
518
578
528
438
193
796
886
967
437
708
530
0
0
0
844
0
0
0
961
0
244
137
0
0
27
0
0
0
0
1000
903
223
99
0
798
131
834
920
0
181
0
91
0
0
0
0
0
712
88
510
968
223
0
0
103
682
859
0
0
0
0
902
13
709
0
395
820
292
437
344
110
630
904
940
853
728
761
444
176
286
859
626
96
408
367
671
668
238
110
820
61
772
280
0
529
0
257
0
0
0
0
917
671
0
0
71
13
996
115
180
922
0
0
0
389
0
0
0
398
0
873
594
0
0
533
0
0
0
0
542
17
644
501
0
410
526
428
555
0
682
0
198
0
0
0
0
0
394
482
885
472
390
0
0
109
949
731
0
0
0
0
485
81
794
0
539
518
603
703
181
896
397
286
100
293
398
414
686
431
952
868
167
979
528
32
668
499
458
51
843
128
612
911
144
432
308
604
750
649
846
362
683
964
782
831
158
729
522
348
510
663
470
303
837
955
0
0
0
206
0
775
263
0
0
242
0
0
0
0
460
84
159
233
0
792
424
188
642
0
690
0
102
0
0
0
0
0
796
183
640
691
870
0
0
0
216
938
0
0
0
0
909
906
0
0
246
362
708
126
57
123
60
797
864
395
163
159
952
500
791
832
947
143
198
509
954
996
98
246
587
88
242
801
180
182
961
748
27
576
243
340
169
620
299
369
699
30
807
261
644
672
942
379
179
540
961
398
206
0
927
212
600
85
38
172
357
731
632
856
14
799
871
851
0
808
922
320
110
0
16
0
561
0
0
0
0
0
960
579
641
810
473
0
0
0
564
331
0
0
0
0
563
507
0
0
321
132
206
381
894
629
891
531
72
70
374
909
171
900
326
620
911
719
961
892
49
190
691
960
320
488
522
682
562
186
349
873
182
737
198
449
886
823
396
0
707
771
335
14
628
872
0
0
0
377
0
0
0
927
0
76
91
0
0
833
0
0
0
0
354
784
501
611
0
646
272
7
327
0
668
0
608
0
0
0
0
0
843
797
790
77
428
0
0
0
826
875
0
0
0
0
929
12
0
0
453
741
631
964
789
95
771
455
798
270
252
708
565
696
338
67
969
920
434
982
53
618
321
263
699
776
872
155
481
483
529
432
753
522
650
290
997
890
149
813
203
569
835
540
335
700
273
177
990
75
244
873
775
212
76
0
696
763
170
388
983
198
192
790
294
328
561
153
709
652
626
752
2
529
952
467
651
137
889
483
480
152
212
712
376
835
132
526
659
864
187
636
803
479
248
5
224
818
0
0
990
881
678
878
64
176
852
317
862
97
74
802
153
750
464
554
837
491
808
869
336
245
418
205
450
412
683
145
635
927
229
845
120
685
258
751
48
517
253
812
871
22
160
289
176
403
521
258
934
837
137
594
263
600
91
696
0
0
0
817
0
0
0
0
932
305
179
259
0
434
894
589
208
0
512
0
570
0
0
0
0
0
997
123
586
350
670
0
0
0
816
913
0
0
0
0
333
978
0
0
555
584
341
321
305
472
180
106
336
813
839
656
526
506
535
756
37
310
193
897
476
503
598
435
61
337
912
821
366
522
695
967
267
895
230
0
47
265
0
0
283
640
448
815
287
217
0
0
0
227
0
0
0
85
0
763
0
0
0
221
0
0
0
0
92
760
70
401
0
366
377
103
277
0
809
0
641
0
0
0
0
0
569
890
448
552
339
0
0
0
609
491
0
0
0
0
269
866
0
0
846
406
855
265
886
65
436
15
116
737
825
867
83
742
219
538
0
402
0
0
860
0
0
0
432
927
0
942
0
932
0
513
0
0
0
0
768
85
0
0
721
202
423
476
600
174
0
0
0
17
0
0
0
38
0
170
0
0
0
630
0
0
0
0
560
995
4
488
0
996
211
348
705
0
138
0
959
0
0
0
0
0
483
353
315
570
471
0
0
0
379
161
0
0
0
0
6
660
0
0
650
945
910
343
932
253
724
655
220
495
708
262
593
801
473
176
681
297
189
968
915
920
108
553
48
783
88
635
791
846
521
743
331
458
361
765
494
364
121
113
807
615
711
948
373
49
65
615
663
24
27
533
242
172
833
388
817
221
630
0
374
1000
539
762
526
546
745
689
312
962
69
434
416
0
181
0
336
0
0
0
0
0
876
383
328
850
398
0
0
0
839
225
0
0
0
0
111
195
0
0
911
958
0
338
773
591
0
0
445
0
0
0
0
272
995
824
0
225
0
0
666
0
0
0
801
634
0
537
0
459
0
647
0
0
0
0
397
637
0
0
145
301
557
0
69
610
0
0
0
586
0
0
0
357
0
983
0
0
0
374
0
0
0
0
368
165
553
930
0
140
252
868
841
0
445
0
637
0
0
0
0
0
353
948
436
531
68
0
0
0
27
171
0
0
0
0
298
426
0
0
27
37
156
673
687
625
188
381
473
850
223
655
593
646
736
646
144
768
820
782
757
626
352
900
251
75
685
435
78
628
924
229
335
811
975
0
891
354
0
0
199
965
847
0
445
191
0
0
0
126
0
0
0
731
0
198
0
0
0
1000
0
0
0
0
714
783
312
306
0
102
553
219
605
0
749
0
870
0
0
0
0
0
348
479
147
590
371
0
0
0
174
584
0
0
0
0
512
742
0
0
567
768
804
743
51
581
671
335
245
876
235
284
918
50
990
507
18
736
973
800
337
595
659
156
139
279
706
486
657
275
845
33
58
520
49
295
548
599
471
454
185
178
878
157
980
760
703
0
0
317
0
0
0
632
0
192
0
0
0
539
0
0
0
0
969
1
955
957
0
359
28
855
138
0
871
0
61
0
0
0
0
0
980
794
521
791
230
0
0
0
934
827
0
0
0
0
242
598
0
0
958
381
368
900
405
295
0
0
93
0
0
0
0
876
0
676
0
975
0
0
963
0
0
0
642
321
0
900
0
861
0
312
0
0
0
0
786
202
0
0
527
384
464
0
525
0
0
0
0
197
0
0
0
856
0
790
0
0
0
762
0
0
0
0
364
468
891
33
0
707
423
320
515
0
882
0
876
0
0
0
0
0
98
129
501
743
710
0
0
0
627
0
0
0
0
0
61
803
0
0
323
635
489
682
860
421
593
188
212
288
526
703
886
623
971
634
997
664
793
659
488
510
449
820
217
542
474
140
775
827
636
941
618
423
872
51
893
411
592
364
816
927
127
956
958
645
595
358
707
538
1000
542
460
14
354
294
932
92
560
526
368
714
969
364
0
655
637
0
0
232
962
588
727
0
0
0
714
0
0
0
0
0
56
29
974
38
368
0
0
0
153
0
0
0
0
0
257
281
0
0
222
769
721
55
122
478
288
216
323
884
39
386
21
938
5
537
261
208
363
897
106
465
429
816
256
8
567
691
240
450
346
62
985
385
271
697
776
453
236
390
561
265
458
504
714
993
117
637
228
353
903
17
84
799
784
328
305
760
995
546
165
783
1
468
655
0
544
121
292
920
876
876
605
0
0
0
752
0
0
0
0
0
643
89
19
1000
876
0
0
0
72
0
0
0
0
0
742
707
0
0
87
759
27
409
276
921
554
523
445
312
355
625
128
746
61
565
976
793
428
550
176
349
711
188
685
449
903
119
217
885
867
266
814
608
193
631
710
366
448
827
385
203
738
70
456
36
189
896
745
634
223
644
159
871
501
561
179
70
4
745
553
312
955
891
637
544
0
84
458
38
915
60
11
967
865
632
589
0
0
0
0
0
101
930
486
650
602
0
0
0
422
0
0
0
0
0
526
19
0
0
16
527
870
886
703
34
964
317
814
112
4
721
511
817
285
444
74
376
514
624
324
719
67
251
868
994
701
99
194
947
44
884
197
674
653
243
319
344
624
299
38
337
29
868
604
799
631
81
599
750
99
501
233
851
611
153
259
401
488
689
930
306
957
33
0
121
84
0
0
893
327
280
576
0
0
0
608
0
0
0
0
0
957
684
381
989
757
0
0
0
336
0
0
0
0
0
233
988
0
0
38
79
940
110
581
865
204
139
0
0
0
0
0
6
0
825
0
614
0
0
827
0
0
0
625
505
0
715
0
993
0
0
0
0
0
0
422
399
0
0
155
475
574
0
528
0
0
0
0
636
0
0
0
0
0
709
0
0
0
312
0
0
0
0
0
292
458
0
0
585
956
677
86
0
0
0
265
0
0
0
0
0
81
239
316
290
423
0
0
0
148
0
0
0
0
0
220
70
0
0
771
319
134
777
760
100
679
113
691
284
719
187
599
819
649
194
823
18
544
71
3
762
87
135
862
691
805
915
771
862
553
514
965
482
248
195
951
874
311
227
580
1
279
57
657
468
932
771
814
794
798
410
792
808
646
652
434
366
996
962
140
102
359
707
232
920
38
893
585
0
881
760
728
756
456
294
781
383
0
0
0
0
961
440
460
0
973
0
0
0
469
0
0
0
0
0
976
73
0
0
827
976
917
471
862
599
477
333
994
701
927
639
101
810
110
717
587
813
994
550
542
169
67
171
102
703
697
983
673
602
751
80
501
269
636
935
512
574
94
456
917
942
744
721
863
886
249
389
779
644
131
526
424
922
272
626
894
377
211
69
252
553
28
423
962
876
915
327
956
881
0
425
902
797
427
740
809
160
718
941
652
463
18
844
988
794
501
54
197
950
98
915
661
820
952
959
229
892
940
235
664
559
122
65
588
474
597
774
954
142
376
641
227
59
699
553
469
426
399
52
69
798
91
110
627
938
289
537
947
379
542
682
336
461
826
341
62
295
399
192
692
9
701
36
397
249
893
942
935
317
834
428
188
320
7
752
589
103
348
434
868
219
855
320
588
876
60
280
677
760
425
0
314
0
0
0
363
0
0
0
0
0
99
442
889
0
598
0
0
0
704
0
0
0
0
0
624
868
0
0
727
403
957
604
286
315
477
996
836
176
268
806
101
797
30
851
712
455
894
139
777
714
241
191
301
915
639
378
98
640
194
776
825
216
416
47
359
429
189
599
12
471
345
706
617
988
591
791
691
71
920
555
642
110
327
2
208
277
705
416
841
605
138
515
727
605
11
576
86
728
902
314
0
318
126
131
528
12
450
182
543
623
640
602
959
0
834
0
0
0
847
0
0
0
0
0
351
743
0
0
280
386
335
507
105
489
150
121
238
733
219
572
962
533
290
730
468
682
491
119
809
10
72
479
139
559
984
776
301
619
869
150
609
682
164
254
508
169
700
947
749
586
445
763
232
767
933
590
640
232
0
0
0
0
0
529
0
0
0
0
0
0
0
0
0
0
967
0
0
756
797
0
318
0
0
0
241
0
0
0
0
0
622
506
228
0
885
0
0
0
608
0
0
0
0
0
995
514
0
0
855
904
575
589
686
366
415
370
876
201
469
342
980
782
30
784
587
705
813
731
24
997
109
203
997
966
257
588
452
572
197
829
264
410
19
555
329
639
501
433
523
172
292
128
578
687
629
240
560
632
181
682
690
16
668
952
512
809
138
181
445
749
871
882
0
0
865
0
0
456
427
0
126
0
0
0
986
0
0
0
0
0
191
53
557
0
980
0
0
0
710
0
0
0
0
0
955
465
0
0
924
741
513
749
790
702
667
207
702
160
742
627
978
508
132
116
574
55
195
921
124
550
831
727
988
470
0
590
0
366
0
0
0
0
0
0
746
0
0
0
524
0
115
0
0
0
0
0
0
208
0
0
0
0
0
467
0
0
0
0
0
0
0
0
0
0
632
0
0
294
740
0
131
0
0
0
579
0
0
0
0
0
644
407
336
0
391
0
0
0
803
0
0
0
0
0
318
94
0
0
274
623
292
551
334
128
669
282
483
751
896
60
91
48
538
321
487
994
429
239
851
479
85
575
667
866
224
745
761
386
151
517
782
685
118
167
817
299
650
781
558
94
708
22
868
226
610
556
902
865
91
198
102
561
608
651
570
641
959
336
637
870
61
876
714
752
589
608
265
781
809
363
528
241
986
579
0
0
0
0
0
0
611
605
730
0
650
0
0
0
698
0
0
0
0
0
397
597
0
0
648
540
911
73
455
825
880
811
542
609
459
984
330
689
793
27
535
718
532
956
198
717
178
904
285
505
305
36
283
776
0
0
0
0
0
0
554
0
0
0
0
0
655
0
0
0
0
0
0
90
0
0
0
0
0
137
0
0
0
0
0
0
0
0
0
0
0
0
0
383
160
0
12
0
0
0
0
0
0
0
0
0
762
599
627
0
196
0
0
0
81
0
0
0
0
0
921
824
0
0
124
140
717
229
383
615
165
185
439
436
99
206
64
65
300
177
0
0
0
0
0
0
0
0
751
935
0
0
0
475
0
0
0
0
0
0
451
0
0
0
0
0
0
0
0
0
0
0
0
816
0
0
0
0
0
889
0
0
0
0
0
0
0
0
0
0
0
0
0
0
718
0
450
0
0
0
0
0
0
0
0
0
161
937
234
0
437
0
0
0
501
0
0
0
0
0
182
995
0
0
468
260
851
379
198
589
941
421
934
587
119
919
540
147
384
209
638
106
846
354
383
559
736
122
300
218
485
629
0
15
0
0
0
0
0
0
128
0
0
0
0
0
0
0
0
0
0
0
0
505
0
0
0
0
0
483
0
0
0
0
0
0
0
0
0
0
0
0
0
0
941
0
182
0
0
0
0
0
0
0
0
0
790
0
421
0
489
0
0
0
838
0
0
0
0
0
681
0
0
0
996
273
184
669
0
0
0
0
0
0
0
0
0
0
0
356
0
0
0
0
0
0
0
0
776
587
0
0
0
909
0
0
0
0
0
0
781
0
0
0
0
0
0
0
0
0
0
0
0
695
0
0
0
0
0
480
0
0
0
0
0
0
0
0
0
0
0
0
0
0
652
0
543
0
0
0
0
0
0
0
0
0
957
0
965
0
313
0
0
0
147
0
0
0
0
0
754
0
0
0
492
286
656
849
51
943
604
495
903
733
228
545
942
466
142
69
34
487
224
832
740
148
13
419
305
383
677
38
316
511
512
638
2
253
512
172
889
179
313
895
578
280
479
506
871
379
30
621
838
682
0
0
0
0
0
152
0
0
0
0
0
0
0
0
0
0
0
0
0
0
463
0
623
0
0
0
0
0
0
0
0
0
880
0
108
0
188
0
0
0
693
0
0
0
0
0
15
0
0
0
887
95
376
216
602
205
516
899
495
808
316
989
556
351
820
244
191
676
256
88
256
762
213
286
764
744
834
58
573
651
550
245
149
686
525
297
14
112
918
677
418
957
681
834
162
80
850
781
803
146
712
394
796
960
843
212
997
569
483
876
353
348
980
98
56
643
101
957
81
961
18
99
640
622
191
644
611
762
161
790
957
880
0
897
919
651
270
123
235
0
996
0
0
0
0
0
575
0
0
0
134
114
778
209
241
821
476
569
196
961
257
499
150
493
846
666
591
332
244
98
474
323
819
179
839
924
945
211
793
657
287
942
371
657
745
533
482
780
375
719
617
575
50
39
596
139
158
738
245
597
88
482
183
579
797
712
123
890
353
383
948
479
794
129
29
89
930
684
239
440
844
442
602
506
53
407
605
599
937
0
0
0
897
0
0
0
634
0
0
0
722
0
0
0
0
0
793
0
0
0
467
967
272
767
394
397
750
794
106
430
547
799
432
231
132
214
610
423
728
704
569
778
166
927
821
565
771
812
188
992
184
142
939
98
823
958
856
753
918
825
283
306
340
839
946
442
70
915
113
645
510
885
640
641
790
376
586
448
315
328
436
147
521
501
974
19
486
381
316
460
988
889
959
228
557
336
730
627
234
421
965
108
919
0
0
0
192
0
0
0
771
0
0
0
0
0
249
0
0
0
271
617
824
874
185
89
914
635
965
254
710
865
681
562
886
689
492
501
789
786
890
675
404
978
596
801
331
585
857
963
330
385
189
56
766
396
504
905
726
86
28
808
443
319
875
303
24
308
161
942
968
472
691
810
77
835
350
552
570
850
531
590
791
743
38
1000
650
989
290
0
794
0
0
0
0
0
0
0
0
0
0
0
651
0
0
0
515
0
0
0
276
0
0
0
0
0
145
0
0
0
636
440
173
713
808
261
112
283
784
282
448
624
823
829
609
975
593
243
505
367
573
239
827
154
961
256
363
318
760
573
685
137
786
463
962
78
946
590
735
489
329
273
961
214
455
7
817
348
624
837
223
390
870
473
428
132
670
339
471
398
68
371
230
710
368
876
602
757
423
973
501
598
834
885
980
391
650
196
437
489
313
188
270
634
192
515
0
524
437
610
329
793
89
0
0
0
829
0
0
0
924
316
83
695
905
0
0
0
0
0
0
0
0
0
0
0
0
0
0
0
0
0
0
0
0
456
0
0
0
768
0
0
0
0
0
0
313
0
0
0
0
0
0
0
0
0
0
0
0
0
0
0
0
0
0
526
0
0
0
0
0
0
0
0
0
0
0
0
0
0
54
0
0
0
0
0
0
0
0
0
0
0
123
0
0
0
524
0
0
0
841
0
0
0
0
0
561
0
0
0
768
807
232
559
332
491
82
696
254
504
409
922
869
641
49
968
986
668
880
467
468
584
188
259
939
866
253
502
622
586
805
674
993
762
32
26
514
881
25
499
888
974
705
717
944
463
832
0
0
0
0
0
0
0
0
659
0
0
0
0
0
0
0
0
0
0
0
0
0
0
197
0
0
0
0
0
0
0
0
0
0
0
235
0
0
0
437
0
0
0
273
0
0
0
0
0
621
0
0
0
416
990
131
381
368
37
408
627
24
621
34
624
105
46
675
127
543
691
83
410
329
488
418
396
121
800
569
696
884
410
500
465
185
193
838
302
203
881
684
653
378
419
788
162
276
891
790
84
261
547
103
109
0
0
0
864
0
0
0
0
0
0
0
0
0
0
0
0
0
0
950
0
0
0
0
0
0
0
0
0
0
0
0
0
0
0
610
0
0
0
593
0
0
0
0
0
876
0
0
0
412
363
193
666
291
182
74
575
409
672
551
801
467
610
855
109
554
30
855
806
35
975
840
543
152
784
122
871
315
525
460
766
178
649
975
116
899
837
617
534
131
20
990
83
973
504
919
389
594
26
682
949
216
564
826
187
816
609
379
839
27
174
934
627
153
72
422
336
148
469
98
704
847
608
710
803
698
81
501
838
147
693
996
722
771
276
329
841
273
593
0
204
210
495
0
0
988
0
0
0
102
467
39
534
845
796
537
902
884
208
733
654
146
589
145
137
642
662
642
811
861
485
919
222
715
225
42
572
179
18
732
561
206
435
707
378
174
640
361
407
157
76
466
658
335
152
460
570
72
251
859
731
938
331
875
636
913
491
161
225
171
584
827
0
0
0
0
0
0
0
915
0
0
0
0
0
0
0
0
0
0
0
0
0
0
0
793
0
0
0
204
0
0
0
0
0
32
0
0
0
227
96
431
180
556
359
672
95
406
684
575
182
485
599
439
0
0
0
0
0
0
0
0
0
0
0
0
0
0
0
0
0
0
0
0
0
407
0
0
0
0
0
0
0
0
0
0
0
0
0
0
0
0
0
0
803
0
0
0
0
0
0
0
0
0
0
0
0
0
0
661
0
0
0
0
0
0
0
0
0
0
0
0
0
0
0
89
0
0
0
210
0
0
0
0
0
331
0
0
0
412
868
115
907
65
182
801
219
104
320
192
844
860
301
666
480
845
872
107
413
482
918
318
765
0
0
0
0
0
0
0
0
0
0
0
0
844
0
0
0
0
0
0
0
0
0
0
0
0
0
0
0
0
0
0
479
0
0
0
0
0
0
0
0
0
0
0
0
0
0
820
0
0
0
0
0
0
0
0
0
0
0
0
0
0
0
0
0
0
0
495
0
0
0
0
0
343
0
0
0
804
754
552
942
670
853
461
898
345
134
561
71
145
859
603
154
973
82
534
793
962
153
862
901
294
650
748
3
306
486
162
0
0
0
0
0
239
0
0
0
0
0
0
0
0
0
0
0
0
0
0
0
0
0
0
248
0
0
0
0
0
0
0
0
0
0
0
0
0
0
952
0
0
0
0
0
0
0
0
0
0
0
0
0
0
0
0
0
0
0
0
0
0
0
0
0
0
0
0
0
0
0
0
0
0
0
0
0
0
0
0
0
0
0
0
0
0
0
0
0
0
0
0
0
0
0
0
0
0
0
0
0
0
0
0
0
298
0
0
0
0
0
0
0
0
0
0
0
0
0
0
0
0
0
0
5
0
0
0
0
0
0
0
0
0
0
0
0
0
0
959
0
0
0
0
0
0
0
0
0
0
0
0
0
0
0
0
0
0
0
0
0
0
0
0
0
0
0
0
0
434
367
669
811
867
105
830
120
260
75
399
136
411
99
93
695
989
88
252
81
236
601
369
667
92
597
483
256
606
940
478
184
64
508
143
987
602
821
201
418
438
173
223
228
867
176
919
554
935
696
902
485
909
563
929
224
333
269
6
111
298
512
242
61
257
742
526
233
220
976
229
624
351
995
955
318
397
921
182
681
754
15
575
793
249
145
829
561
621
876
988
32
331
343
0
0
0
0
0
0
170
242
243
698
552
121
185
522
521
746
830
931
999
153
363
8
388
698
629
617
776
838
489
174
459
193
244
578
483
37
330
557
400
463
980
379
678
3
407
132
923
599
151
943
485
31
424
681
63
684
13
81
906
507
12
818
978
866
660
195
426
742
598
803
281
707
19
988
70
73
892
868
743
514
465
94
597
824
995
0
0
0
0
0
0
0
0
0
0
0
0
0
0
0
0
0
0
0
0
0
324
191
299
443
662
429
506
960
705
505
337
171
747
375
602
162
331
547
615
257
238
510
325
917
562
165
426
482
602
94
552
378
435
525
527
415
590
364
218
156
588
916
680
832
755
806
792
348
806
676
709
794
0
0
0
0
0
0
0
0
0
0
0
0
0
0
0
0
0
0
940
0
0
0
0
0
0
0
0
0
0
0
0
0
0
0
0
0
0
0
0
0
0
0
0
0
0
0
0
0
619
992
630
372
61
854
0
0
0
0
0
0
0
0
0
0
0
0
0
0
0
0
0
0
0
0
0
0
0
0
0
0
0
0
0
0
0
0
0
0
0
0
0
0
0
0
0
0
0
0
0
0
0
0
0
0
0
0
0
0
0
0
0
0
0
0
0
0
0
0
235
0
0
0
0
0
0
0
0
0
0
0
0
0
0
0
0
0
0
0
0
0
0
0
0
0
0
0
0
0
