0
69
497
995
422
800
304
42
970
387
88
734
494
248
116
989
72
704
42
407
100
801
864
705
365
420
597
738
847
902
544
463
695
399
686
106
814
22
451
132
525
478
260
167
819
846
802
364
253
404
383
819
643
147
627
426
761
865
208
482
767
499
553
138
323
492
484
118
871
618
519
107
257
123
427
229
507
25
671
601
282
284
142
463
847
291
344
529
628
943
49
736
971
748
385
707
525
608
295
438
69
0
375
99
781
521
734
114
583
296
774
510
412
317
246
469
102
385
54
784
54
568
1
930
673
628
470
803
590
347
138
554
663
17
954
809
909
947
53
996
497
298
802
750
890
831
758
522
436
357
925
891
951
172
773
32
999
489
984
102
586
51
250
822
497
527
150
450
48
734
511
620
89
727
527
578
340
164
364
90
539
495
345
268
688
207
524
767
895
493
783
769
430
510
696
852
563
469
40
236
497
375
0
404
684
690
56
309
629
973
382
544
749
475
437
680
303
574
900
857
363
983
429
124
460
848
267
142
511
30
998
69
908
906
398
740
646
211
648
328
277
886
959
558
299
810
702
598
282
725
72
331
5
705
860
438
916
216
270
856
118
802
571
732
981
924
73
862
170
406
373
851
636
557
539
220
724
151
762
211
784
158
995
765
273
124
733
527
11
521
802
34
22
433
834
601
854
774
764
513
995
99
404
0
108
934
551
335
173
423
504
906
222
124
592
342
81
334
869
735
346
629
880
394
320
134
681
245
542
248
704
842
664
331
343
723
927
998
833
490
732
501
100
18
366
523
221
364
337
691
279
26
235
695
695
979
595
607
551
977
529
519
293
36
185
630
61
14
434
177
978
438
323
133
947
774
982
862
345
14
525
322
211
892
514
637
951
196
489
737
365
798
171
32
260
134
414
22
406
155
422
781
684
108
0
926
767
534
23
990
425
477
338
778
234
982
300
169
806
580
201
956
53
349
841
687
821
35
370
261
710
668
150
215
481
260
78
267
468
707
264
63
565
660
344
829
917
977
839
780
488
864
824
793
990
720
589
243
210
992
568
262
273
91
956
921
30
888
832
586
511
800
699
619
940
139
350
787
272
91
225
279
960
780
117
627
503
472
960
897
479
322
905
245
169
264
357
309
642
179
800
521
690
934
926
0
587
772
57
744
785
861
594
313
311
255
186
29
253
894
448
630
370
741
746
66
699
628
720
705
530
990
184
129
478
51
273
711
802
1000
627
730
496
432
145
342
571
764
834
968
674
693
824
597
496
952
219
316
292
270
803
829
566
304
721
793
220
162
322
789
332
801
980
881
1000
507
265
122
672
656
203
692
67
788
283
4
873
171
757
760
674
402
976
843
764
969
868
112
992
361
304
734
56
551
767
587
0
369
137
846
583
549
278
670
374
531
199
578
862
872
73
79
833
395
319
691
133
23
258
574
353
832
115
519
572
922
741
916
549
590
478
286
246
522
170
501
670
608
427
65
199
532
539
881
438
219
187
824
35
18
166
907
435
660
556
676
893
885
199
298
944
200
378
232
971
800
782
968
842
276
626
788
580
149
212
984
808
46
534
619
730
431
311
78
796
943
487
618
740
558
42
114
309
335
534
772
369
0
382
198
323
321
300
664
696
631
542
44
742
209
613
372
662
580
154
29
802
675
180
477
467
807
475
762
271
99
947
333
435
726
781
705
153
790
559
833
270
467
539
824
23
554
331
511
672
509
131
971
403
744
280
404
126
59
70
237
788
631
495
444
968
63
16
381
578
342
609
736
84
732
703
79
198
175
292
677
387
344
161
367
160
468
88
913
460
699
620
431
206
222
970
583
629
173
23
57
137
382
0
506
432
29
524
775
436
739
509
194
633
318
720
6
433
514
261
349
36
599
262
557
836
391
377
498
915
577
135
619
733
996
761
438
848
519
271
116
66
4
546
873
368
298
968
989
539
796
173
356
58
534
962
44
1000
745
875
96
432
399
640
21
328
1000
230
327
325
180
804
349
872
208
565
480
863
527
723
921
134
750
467
782
655
560
379
774
357
74
398
118
919
923
387
296
973
423
990
744
846
198
506
0
589
60
337
259
984
158
752
741
709
712
829
375
751
865
67
893
144
989
873
898
172
543
597
141
274
501
636
978
53
345
474
328
844
595
562
331
136
155
269
523
551
492
129
908
507
660
413
389
429
136
330
840
600
449
780
167
882
574
542
96
330
869
608
975
553
11
539
676
559
649
731
906
575
303
846
619
713
251
194
751
74
559
897
456
581
684
155
20
892
133
88
774
382
504
425
785
583
323
432
589
0
394
709
535
507
303
369
142
472
605
409
210
464
507
634
779
387
743
720
827
266
772
418
520
252
831
466
194
622
780
562
761
279
536
238
954
777
472
895
32
156
172
508
23
940
431
286
441
910
921
198
168
570
964
465
48
50
467
309
126
458
444
225
709
903
347
425
286
911
729
274
825
200
886
470
984
69
683
17
437
37
505
914
819
35
633
244
545
845
175
734
510
544
906
477
861
549
321
29
60
394
0
800
514
77
452
709
91
100
925
869
851
895
833
403
749
596
847
319
743
206
273
514
524
545
405
404
586
838
385
197
668
326
844
594
843
620
684
42
383
24
626
349
10
927
916
709
792
926
578
407
419
634
47
196
89
606
36
533
378
305
594
466
775
761
350
905
523
4
295
447
11
60
103
936
12
592
440
81
51
49
950
164
534
827
902
378
865
80
389
494
412
749
222
338
594
278
300
524
337
709
800
0
301
406
99
796
357
799
932
310
388
221
699
293
292
674
165
527
659
898
890
459
551
20
442
166
936
878
425
239
23
794
846
389
348
767
921
674
897
70
150
772
427
989
397
602
463
506
842
818
496
302
452
413
776
92
332
651
460
579
411
290
927
953
878
549
891
623
957
121
833
843
509
333
314
781
151
453
184
931
44
593
427
634
939
468
259
281
666
248
317
475
124
778
313
670
664
775
259
535
514
301
0
330
399
80
961
689
748
809
382
108
348
465
504
753
539
376
256
188
866
153
524
320
888
467
497
769
455
459
968
263
854
474
440
899
985
908
917
97
558
848
929
146
715
290
690
149
314
39
299
906
560
313
215
451
634
901
367
196
470
935
970
829
472
859
618
752
681
499
430
260
559
846
85
871
268
339
928
10
610
914
303
570
867
157
656
225
123
116
246
437
592
234
311
374
696
436
984
507
77
406
330
0
918
748
56
852
413
422
157
130
427
929
483
181
246
360
717
88
910
119
357
205
175
635
716
977
520
270
708
518
839
828
678
57
283
831
935
369
377
907
819
539
61
656
973
674
716
571
34
430
399
343
822
405
510
968
335
906
118
643
250
464
882
488
94
839
535
395
792
885
872
887
818
763
810
181
262
856
712
543
98
947
901
182
31
463
360
989
469
680
342
982
255
531
631
739
158
303
452
99
399
918
0
911
884
897
767
97
161
928
189
562
614
376
829
47
791
126
478
691
853
799
121
417
924
935
926
621
967
487
67
956
248
100
936
922
93
222
820
420
187
249
52
206
412
186
426
71
822
203
557
355
133
418
615
181
764
858
601
827
929
695
161
94
229
167
668
530
629
596
165
793
810
119
634
460
72
808
681
843
985
186
6
814
952
82
616
72
102
303
81
300
186
199
542
509
752
369
709
796
80
748
911
0
769
197
299
101
74
87
385
577
695
165
977
350
253
217
810
87
26
36
209
131
480
381
684
965
916
61
160
294
526
484
58
841
223
450
250
996
68
324
870
210
989
173
793
107
63
514
71
906
972
998
177
527
244
981
465
267
6
989
708
687
438
548
988
1000
262
134
792
593
960
314
227
553
126
464
40
128
257
685
885
1
830
398
296
704
385
574
334
169
29
578
44
194
741
142
91
357
961
56
884
769
0
991
636
70
344
302
90
582
119
31
482
963
516
85
291
277
340
666
461
72
173
883
771
332
884
141
955
552
979
303
65
391
694
248
57
621
861
689
547
890
807
1000
502
823
659
224
345
677
584
831
469
84
244
911
346
899
594
286
379
902
171
645
824
92
810
177
369
854
355
328
27
721
516
607
99
12
557
97
517
323
537
958
158
42
54
900
869
806
253
862
742
633
709
472
100
799
689
852
897
197
991
0
317
292
787
169
236
650
29
478
887
547
855
388
826
579
177
361
241
352
538
677
8
144
905
122
932
487
312
311
634
184
612
853
69
600
234
734
745
936
250
347
873
665
579
865
64
405
680
414
694
984
567
732
31
908
364
857
968
96
353
207
243
970
951
690
640
157
134
633
906
490
851
702
409
406
907
976
935
288
298
174
275
407
784
857
735
580
894
872
209
318
712
605
925
932
748
413
767
299
636
317
0
368
21
387
431
973
622
130
191
657
401
776
20
622
579
146
758
695
808
707
632
775
367
297
302
934
555
580
531
862
406
354
636
141
837
534
949
1
413
197
803
52
563
549
996
811
540
855
671
884
371
472
916
323
453
385
358
565
181
474
349
446
962
686
339
769
485
354
906
58
754
487
403
715
709
44
894
172
567
250
833
100
54
363
346
201
448
73
613
720
829
409
869
310
809
422
97
101
70
292
368
0
203
762
297
976
373
645
252
739
554
30
802
94
973
708
704
242
54
698
251
634
849
480
809
600
77
85
803
18
510
125
655
948
86
608
622
877
235
873
708
572
850
825
743
650
367
643
208
142
14
637
551
840
536
769
657
393
87
174
414
477
202
532
435
594
162
635
981
712
357
504
439
966
798
416
874
571
496
226
318
801
568
983
629
956
630
79
372
6
375
210
851
388
382
157
161
74
344
787
21
203
0
211
481
264
468
37
30
317
633
500
740
85
551
761
837
584
832
132
47
603
62
213
342
368
912
480
720
295
226
214
621
778
999
292
917
365
566
849
787
108
614
757
368
595
555
179
388
416
886
533
463
426
540
582
386
59
855
945
489
787
832
847
397
83
198
410
305
113
207
903
824
465
428
578
447
245
236
36
881
864
1
429
880
53
370
833
662
433
751
464
895
221
108
130
928
87
302
169
387
762
211
0
678
397
600
985
319
27
253
877
105
458
817
179
312
71
997
272
638
613
524
881
386
625
232
294
436
107
771
517
396
8
205
919
733
533
683
377
439
793
413
656
466
722
579
609
552
284
925
509
712
302
636
193
349
435
538
424
318
58
532
120
622
113
123
131
37
672
570
510
497
808
206
978
345
901
778
966
802
705
930
124
394
349
741
395
580
514
865
507
833
699
348
427
189
385
90
236
431
297
481
678
0
437
237
280
386
778
12
500
221
951
1000
815
81
810
821
89
318
453
149
604
455
862
331
324
760
834
244
446
719
516
275
995
123
60
429
639
527
320
490
325
844
155
447
132
904
274
415
487
107
5
729
977
822
626
912
656
622
133
893
403
852
809
733
64
304
966
156
309
624
404
145
433
682
601
128
720
79
365
673
460
320
841
746
319
154
261
67
634
403
293
465
929
562
577
582
650
973
976
264
397
437
0
171
210
252
285
454
539
308
128
696
63
261
30
696
102
241
470
787
146
585
509
111
70
187
287
653
628
267
386
148
871
374
544
14
917
126
753
123
860
565
2
770
698
937
486
411
785
349
563
56
175
232
98
298
436
302
416
886
162
734
635
378
992
600
396
519
733
59
759
586
844
63
302
661
188
95
420
628
848
134
687
66
691
29
349
893
779
749
292
504
483
614
695
119
29
622
373
468
600
237
171
0
988
185
347
305
938
940
700
543
651
300
713
73
860
898
605
961
381
174
105
951
223
79
661
210
890
390
643
270
472
622
755
193
686
954
730
979
980
657
533
919
544
922
867
347
437
122
320
388
84
706
502
797
817
101
740
901
35
260
485
703
964
969
663
549
561
112
940
852
412
644
820
564
136
743
597
470
267
681
821
699
133
802
36
144
387
596
674
753
181
376
165
31
478
130
645
37
985
280
210
988
0
18
122
101
521
217
834
695
524
377
801
600
272
17
524
660
988
15
619
637
599
360
448
175
601
584
434
417
346
67
825
327
401
846
314
888
997
517
722
224
212
532
877
881
265
134
958
506
391
128
90
794
875
89
836
133
101
396
979
320
915
868
319
33
329
217
350
1000
263
262
714
586
376
169
738
803
142
245
35
628
23
675
599
989
743
847
165
539
246
829
977
482
887
191
252
30
319
386
252
185
18
0
821
779
538
450
809
487
595
326
742
563
783
933
446
437
871
248
641
445
351
411
92
675
558
480
678
642
54
558
460
720
674
563
182
567
11
852
480
855
476
47
80
476
311
233
712
140
302
430
342
662
352
328
900
113
485
757
47
857
62
375
121
282
979
55
113
898
133
287
781
787
253
759
847
590
511
542
370
720
258
180
262
873
720
319
527
376
360
47
350
963
547
657
739
317
27
778
285
347
122
821
0
832
426
455
913
159
699
194
525
3
951
329
449
568
724
729
268
737
428
794
830
773
460
409
21
95
690
779
995
800
281
609
638
289
135
485
906
95
11
961
959
806
125
324
274
661
756
307
993
125
302
873
659
518
530
318
753
651
950
633
432
564
773
435
136
612
17
409
163
83
819
273
902
347
30
248
261
705
574
477
557
898
827
743
659
256
717
791
253
516
855
401
554
633
253
12
454
305
101
779
832
0
677
494
48
492
976
661
747
195
568
185
860
252
638
339
479
315
179
570
393
4
309
519
124
467
641
77
399
716
581
689
335
230
556
432
829
666
186
957
8
221
407
743
144
542
358
787
628
6
671
478
194
91
244
305
348
441
751
301
713
780
692
381
146
958
406
740
571
745
156
525
544
138
998
704
710
530
353
467
836
172
266
206
898
188
88
126
217
85
388
776
30
500
877
500
539
938
521
538
426
677
0
774
749
18
670
167
192
257
816
244
38
772
109
254
395
262
4
399
925
828
377
595
76
916
915
635
953
24
849
284
400
350
311
664
942
393
934
335
919
707
435
968
562
800
665
259
227
923
774
354
605
285
158
874
281
55
439
964
468
781
111
441
18
741
232
470
419
895
54
668
463
554
69
842
668
990
832
807
391
543
772
273
890
866
910
478
810
291
826
20
802
740
105
221
308
940
217
450
455
494
774
0
276
411
616
236
789
292
891
240
52
639
96
869
241
369
147
353
881
464
138
690
476
744
631
403
546
740
571
307
803
935
272
904
648
732
499
632
475
500
341
101
128
722
501
709
779
182
635
997
154
775
415
190
226
73
56
517
169
65
256
332
28
123
668
88
281
706
444
861
695
663
908
664
150
184
115
475
377
597
418
514
459
153
119
691
87
277
579
622
94
85
458
951
128
700
834
809
913
48
749
276
0
239
647
359
686
211
242
459
661
432
95
954
57
262
925
83
588
596
872
208
119
336
56
882
174
537
510
797
968
819
671
940
188
772
761
475
102
296
102
339
162
60
513
937
667
799
591
887
611
545
949
964
968
828
180
183
726
770
467
242
763
882
656
593
333
553
716
236
399
17
906
331
215
129
519
762
498
141
520
524
551
524
357
853
26
340
177
579
973
551
817
1000
696
543
695
487
159
492
18
411
239
0
476
794
451
487
811
483
756
266
506
806
669
517
177
114
824
991
826
249
42
774
628
975
591
180
587
213
14
222
7
514
264
121
226
896
710
584
211
136
288
261
799
313
367
893
362
682
889
559
167
595
97
8
499
137
110
574
739
662
523
408
725
295
291
246
188
907
686
954
398
343
481
478
572
271
915
274
252
545
20
320
205
799
36
666
361
146
708
761
179
815
63
651
524
595
699
976
670
616
647
476
0
926
352
659
776
736
399
369
178
857
714
241
932
763
575
940
142
676
711
162
192
489
821
415
739
85
787
358
597
915
246
450
87
272
636
2
119
871
547
46
786
887
169
861
597
587
947
597
200
930
568
341
79
889
149
417
762
516
198
230
227
88
451
744
982
220
106
809
740
723
260
51
922
99
577
501
831
405
442
888
175
121
209
461
241
758
704
837
312
81
261
300
377
326
194
661
167
236
359
794
926
0
130
944
974
274
754
976
77
301
29
875
328
646
427
697
964
853
211
363
974
847
995
924
335
269
594
330
267
929
731
59
997
462
875
220
805
546
282
214
291
109
937
83
207
358
181
790
576
9
500
441
509
995
862
697
462
207
656
743
732
861
335
942
635
947
814
909
646
927
78
273
741
947
135
636
466
404
166
467
635
417
131
72
352
695
242
584
71
810
30
713
801
742
525
747
192
789
686
451
352
130
0
648
2
386
582
357
680
469
477
677
612
397
546
350
674
261
97
873
832
377
479
210
263
49
15
301
432
218
905
685
357
970
663
484
480
797
68
11
879
682
216
81
474
351
480
677
491
915
539
17
520
265
578
686
597
124
475
35
488
862
227
813
822
449
22
947
211
998
267
711
916
333
619
978
194
586
936
497
716
924
480
173
538
808
54
832
997
821
696
73
600
563
3
195
257
292
211
487
659
944
648
0
63
753
986
271
384
857
883
119
790
972
679
672
844
900
300
871
528
297
835
390
833
684
256
576
573
128
1
545
386
879
364
554
532
173
948
248
924
748
841
90
851
116
577
40
681
728
860
953
292
515
620
908
455
363
496
955
640
619
415
417
169
458
451
53
648
833
468
802
549
435
733
53
622
838
878
769
977
935
381
883
677
707
698
132
272
89
102
860
272
783
951
568
816
891
242
811
776
974
2
63
0
303
528
90
368
329
203
576
633
874
86
394
454
16
587
312
219
523
680
462
10
958
936
278
462
237
227
219
884
557
419
514
230
190
208
587
171
187
744
464
790
496
668
832
280
822
597
396
363
143
629
452
712
309
382
759
629
170
890
945
24
20
132
996
328
490
707
1000
590
726
996
345
780
385
425
455
520
926
684
771
8
632
251
47
638
318
241
898
17
933
329
185
244
240
459
483
736
274
386
753
303
0
878
638
305
662
979
173
118
49
96
790
33
571
454
817
930
312
692
777
374
702
217
592
485
555
633
278
324
870
333
955
465
798
184
566
252
8
127
720
937
397
484
391
923
126
563
59
989
875
744
534
930
315
905
738
110
533
222
138
917
852
525
497
277
732
264
627
478
781
761
474
562
197
239
459
270
621
965
332
144
775
634
603
613
453
470
605
524
446
449
860
38
52
661
756
399
754
582
986
528
878
0
609
264
59
878
507
484
855
272
828
981
650
953
700
481
528
597
979
770
837
257
342
268
686
289
230
449
383
695
447
599
712
395
821
639
883
583
507
452
139
310
136
776
972
837
767
409
296
377
835
383
385
264
453
31
294
475
92
121
273
478
298
886
501
63
730
286
705
438
328
761
668
23
968
708
967
916
884
905
367
849
62
524
149
787
961
660
437
568
252
772
639
432
266
369
976
357
271
90
638
609
0
779
223
196
251
586
984
838
283
596
620
278
133
829
635
536
422
891
15
851
632
904
677
61
267
881
740
932
585
216
558
37
844
246
782
433
409
63
541
758
724
824
874
212
673
546
518
788
905
638
266
141
723
360
349
529
351
122
991
260
802
959
100
565
496
246
153
848
844
279
326
794
263
518
487
61
141
122
297
480
213
881
604
146
381
988
871
724
638
109
96
95
506
178
77
680
384
368
305
264
779
0
808
507
482
894
753
924
828
562
593
353
673
175
388
150
254
483
269
387
868
646
781
66
36
856
722
995
129
119
519
386
400
723
695
431
343
782
570
763
619
902
929
210
715
594
461
339
366
196
574
611
182
890
844
17
195
937
452
167
750
558
18
660
432
522
790
519
595
536
844
846
854
839
67
160
955
932
302
809
342
386
455
585
174
15
248
729
339
254
869
954
806
857
301
469
857
329
662
59
223
808
0
488
110
517
914
634
495
561
312
711
201
242
796
858
804
653
43
794
260
826
767
991
256
248
220
391
770
397
106
807
262
704
800
61
113
738
643
911
976
699
283
703
932
155
952
19
983
683
689
592
397
135
130
491
498
548
901
819
890
299
366
344
145
170
559
271
562
238
594
389
474
828
956
294
552
487
934
600
368
625
862
509
105
619
641
268
479
395
241
57
669
714
29
477
883
203
979
878
196
507
488
0
13
37
772
669
818
579
573
153
18
282
47
731
281
175
709
817
493
374
848
401
28
869
31
813
362
265
188
206
694
452
146
810
66
464
706
817
434
603
227
637
23
999
399
359
222
86
375
902
20
401
341
398
789
54
66
846
831
810
523
829
342
501
833
116
331
954
843
348
440
678
248
526
979
312
555
77
912
232
331
111
951
637
445
737
315
262
369
262
517
241
875
677
119
576
173
507
251
482
110
13
0
929
166
164
511
61
696
106
247
943
826
780
821
538
642
671
727
820
662
982
653
753
774
851
136
72
140
279
144
546
706
321
669
938
817
161
281
39
517
707
421
866
58
502
790
231
907
773
340
365
250
771
510
506
456
802
758
702
221
917
571
670
270
66
136
777
620
767
899
57
100
484
303
311
580
85
480
294
324
70
223
599
351
428
179
4
147
925
177
932
328
612
790
633
118
484
586
894
517
37
929
0
858
966
109
658
835
984
651
379
72
446
405
703
339
827
624
217
315
594
919
167
38
995
113
598
718
447
994
833
508
759
663
551
274
544
396
415
82
859
63
339
864
449
841
14
836
41
20
740
667
746
253
246
469
364
522
598
364
977
764
608
467
4
155
472
684
921
985
283
936
58
65
634
531
803
720
436
760
187
79
360
411
794
570
399
353
83
114
763
646
397
972
874
49
855
984
753
914
772
166
858
0
857
956
823
132
611
425
911
706
354
848
877
804
18
875
781
31
976
633
823
944
408
617
158
535
161
466
366
112
317
949
509
528
637
221
294
377
606
521
758
18
22
338
646
657
166
995
955
506
571
180
219
277
253
436
282
337
839
834
427
539
546
269
895
42
674
908
831
922
841
391
184
862
18
295
107
834
287
661
448
92
830
393
925
881
588
824
575
427
546
679
86
96
272
838
924
634
669
164
966
857
0
429
104
23
130
129
631
866
222
972
977
655
314
759
422
958
510
684
116
223
585
799
956
192
228
306
759
608
945
722
516
648
945
470
606
848
326
35
661
841
499
389
721
581
90
390
522
159
409
302
669
499
404
357
725
691
780
968
65
824
873
523
32
383
897
917
935
93
223
694
612
406
510
226
771
244
653
210
175
675
773
4
828
464
596
991
940
697
350
672
394
790
828
283
828
495
818
511
109
956
429
0
294
865
140
288
263
928
502
117
14
167
646
742
134
11
254
58
272
873
100
354
898
848
100
384
752
788
654
533
646
137
374
26
845
51
37
913
308
759
790
991
325
905
965
64
754
527
975
655
760
882
383
925
72
279
488
674
199
23
368
551
156
24
70
97
369
222
450
248
853
354
125
214
517
446
628
890
601
558
460
309
377
138
872
826
142
964
674
844
454
33
981
596
562
561
579
61
658
823
104
294
0
934
168
632
80
415
148
189
763
563
726
410
801
512
289
796
490
356
202
270
815
706
957
101
131
234
78
618
203
910
211
722
651
284
856
94
725
55
488
624
652
248
803
843
139
128
361
17
670
935
819
891
331
26
864
693
532
554
298
492
172
626
150
558
377
820
250
57
69
636
655
621
396
719
267
390
584
480
409
519
595
690
208
249
676
853
261
900
16
571
650
620
593
312
573
696
835
132
23
865
934
0
465
713
735
442
43
543
904
429
149
195
141
323
661
927
458
69
422
250
708
527
596
545
928
588
564
636
353
352
545
165
763
831
248
195
54
208
128
616
435
458
298
924
865
646
98
552
964
717
643
951
5
235
824
824
539
331
968
129
508
349
772
848
907
420
996
621
600
141
948
778
8
516
386
643
434
678
21
124
76
476
119
42
711
211
97
300
587
454
953
278
353
711
153
106
984
611
130
140
168
465
0
666
897
190
328
542
407
971
401
321
261
741
589
702
679
572
855
217
955
20
143
706
793
548
683
763
632
15
786
25
888
410
292
53
167
520
477
823
674
330
511
796
92
916
454
475
13
411
147
172
705
695
793
597
881
511
989
908
23
10
427
929
819
187
68
861
234
837
86
999
205
275
148
270
417
642
95
467
916
744
336
774
162
363
873
871
312
817
700
133
673
201
18
247
651
425
129
288
632
713
666
0
213
516
917
986
135
283
194
868
309
595
908
31
344
172
901
527
998
900
669
606
526
572
313
22
694
593
622
383
763
324
112
384
463
546
486
277
220
970
771
612
979
423
720
739
700
492
627
773
860
695
990
496
438
672
539
507
940
927
989
146
539
249
324
689
734
534
608
292
919
995
871
472
346
54
690
641
915
631
56
628
192
974
832
528
219
930
481
829
175
242
282
943
379
911
631
263
80
735
897
213
0
272
334
35
22
864
520
188
678
322
379
213
936
787
521
610
361
73
955
363
985
21
983
519
206
207
955
841
843
523
73
92
390
117
123
146
611
503
960
731
592
457
289
265
275
157
426
32
438
979
720
952
219
509
796
660
431
916
397
715
61
52
870
547
745
949
622
917
733
123
374
622
67
558
779
77
635
403
882
975
489
847
377
297
523
312
528
635
388
796
47
826
72
706
866
928
415
442
190
516
272
0
595
669
838
127
599
139
276
899
512
856
816
796
654
470
281
240
375
471
292
120
412
648
745
904
792
710
454
438
375
878
998
270
386
527
580
79
771
929
72
284
422
210
634
103
761
999
916
595
589
219
187
131
173
413
286
709
602
290
656
206
210
890
936
1
877
365
533
60
544
755
825
460
995
399
953
546
174
591
821
995
479
835
680
692
597
536
150
858
731
780
446
354
222
502
148
43
328
917
334
595
0
121
350
665
242
174
586
505
864
160
894
707
814
295
907
108
471
734
712
707
930
643
146
109
54
825
926
957
859
959
106
590
218
728
525
125
907
724
358
775
933
220
430
298
865
489
216
607
243
316
824
971
356
389
441
792
463
690
973
412
989
807
250
413
235
566
683
429
14
193
327
720
800
716
24
740
537
180
415
924
210
390
462
777
979
422
254
804
281
821
405
848
972
117
189
543
542
986
35
669
121
0
193
350
961
61
570
68
173
929
41
331
598
885
587
952
172
433
997
514
465
58
155
747
775
575
339
167
200
30
746
313
757
903
463
234
987
882
92
819
794
701
866
132
208
984
270
551
210
292
35
403
58
429
910
926
506
149
674
186
173
1000
347
197
873
849
377
639
917
686
401
674
281
581
849
571
510
587
739
335
263
833
10
374
770
891
483
653
175
538
703
877
977
14
763
904
407
135
22
838
350
193
0
29
606
723
445
120
977
782
155
832
447
636
669
458
42
116
133
894
576
29
286
708
91
824
142
825
583
58
523
620
570
123
418
301
697
630
217
71
715
98
169
64
482
102
856
977
992
270
18
744
534
136
921
578
842
314
716
426
793
502
873
803
708
787
439
527
126
954
846
563
609
689
284
307
797
213
85
269
49
684
958
702
837
15
269
43
709
642
339
804
655
167
563
429
971
283
864
127
665
350
29
0
460
165
818
855
448
867
506
150
452
55
133
32
323
654
291
670
628
300
896
515
593
281
249
234
265
944
627
861
151
199
829
12
882
367
143
44
739
794
797
170
767
586
118
529
568
803
166
280
962
330
198
407
818
39
571
71
107
823
665
52
572
108
793
320
753
730
314
182
638
335
400
803
968
14
787
594
15
256
936
217
257
851
387
794
817
671
827
18
314
646
726
149
401
194
520
599
242
961
606
460
0
899
691
277
93
135
449
331
569
4
868
664
76
202
484
464
29
908
570
841
892
957
939
618
135
353
144
346
113
938
757
93
133
26
901
889
295
928
748
820
499
51
802
519
262
829
907
404
44
840
168
419
496
299
34
822
63
659
579
563
850
614
413
490
123
979
888
567
289
230
350
935
819
222
358
330
301
576
278
592
342
632
868
260
493
727
624
875
759
742
410
195
321
868
188
139
174
61
723
165
899
0
135
934
270
111
868
116
137
105
585
910
221
39
987
478
252
571
436
413
71
239
96
469
883
677
784
434
941
609
948
693
461
675
706
458
853
305
837
634
553
250
571
293
273
566
435
126
1000
600
570
634
302
906
430
203
514
224
865
549
825
757
656
325
860
980
997
11
135
556
311
272
671
7
597
267
432
573
462
485
268
904
646
826
374
820
217
781
422
134
801
141
261
309
678
276
586
570
445
818
691
135
0
330
479
886
315
865
647
789
585
632
307
257
901
626
563
152
881
932
106
36
868
540
887
469
626
223
686
562
522
814
916
781
338
717
716
741
640
975
138
822
732
36
91
304
660
59
745
449
964
47
452
560
399
557
71
345
64
996
743
368
466
844
565
657
517
852
485
432
664
904
940
514
915
929
218
128
237
555
686
677
781
767
848
662
315
31
958
11
512
323
741
595
322
899
505
68
120
855
277
934
330
0
201
991
927
935
865
51
516
24
821
270
857
650
30
297
127
683
235
265
19
637
232
415
146
574
597
499
808
706
632
423
613
925
590
854
162
556
323
497
981
185
956
721
556
70
875
780
465
196
413
313
343
355
906
677
405
811
650
595
722
155
2
533
722
480
906
829
942
648
188
264
246
731
905
1
227
633
289
61
66
991
401
982
594
976
510
254
289
661
589
908
379
512
864
173
977
448
93
270
479
201
0
523
193
82
52
908
514
915
106
698
526
204
405
258
573
514
27
834
390
720
671
490
881
385
736
119
697
747
437
677
799
790
4
573
936
908
492
527
924
630
921
793
676
237
96
167
48
89
776
215
822
133
972
584
680
540
367
555
579
447
770
919
224
855
95
666
393
732
772
121
450
59
685
545
219
278
230
267
36
256
28
653
919
633
684
58
796
927
702
31
213
856
160
929
782
867
135
111
886
991
523
0
119
187
970
857
839
786
586
622
621
800
395
70
882
207
246
492
723
769
765
144
570
970
370
83
507
800
481
882
854
503
425
734
354
358
484
150
73
61
30
220
893
788
432
882
50
606
92
451
405
418
998
831
414
855
643
179
609
132
698
544
212
476
11
186
934
499
761
226
87
997
357
386
884
324
449
881
856
248
869
753
167
823
116
272
490
458
679
344
936
816
894
41
155
506
449
868
315
927
193
119
0
913
813
733
546
255
482
98
975
744
634
652
436
580
502
903
339
235
553
363
917
900
391
525
958
772
90
295
953
461
285
695
778
892
118
450
862
14
888
162
885
631
399
574
467
36
332
634
510
615
177
469
694
671
208
388
552
904
937
922
532
47
961
957
335
632
475
896
272
462
970
879
557
870
383
740
722
220
31
774
38
944
223
873
356
69
572
172
787
796
707
331
832
150
331
116
865
935
82
187
913
0
615
718
118
74
213
580
491
375
276
72
154
949
994
952
757
872
125
615
155
860
992
788
75
480
728
146
819
802
419
83
595
473
871
48
170
434
832
322
199
495
640
542
309
533
651
901
968
181
527
84
984
884
142
416
284
274
486
867
877
80
959
8
919
475
102
710
636
875
663
364
419
333
695
932
995
391
813
851
995
408
585
100
202
422
855
901
521
654
814
598
447
452
569
137
647
865
52
970
813
615
0
958
395
113
988
105
736
210
551
936
792
888
135
293
612
152
662
284
596
365
862
687
855
47
391
867
504
325
525
918
730
771
618
734
406
177
586
789
298
444
21
96
126
378
460
367
335
764
244
244
567
371
14
886
925
415
411
347
881
476
806
221
707
500
296
584
2
220
484
554
514
955
447
585
129
770
362
136
113
617
799
354
270
250
217
527
610
470
295
885
636
55
4
105
789
51
908
857
733
718
958
0
723
205
71
542
609
225
623
802
292
58
581
699
330
363
978
478
678
812
544
471
959
153
563
150
902
474
836
435
441
363
519
511
373
978
511
332
944
968
328
330
458
305
579
196
906
858
981
911
732
472
637
533
509
487
785
437
265
311
125
407
435
341
102
211
119
805
480
532
230
465
599
216
119
397
265
72
598
158
956
898
815
708
955
998
361
281
907
587
669
133
868
585
585
516
514
839
546
118
395
723
0
259
402
988
378
153
104
348
909
770
616
892
904
785
570
27
551
976
214
74
755
782
660
711
918
967
14
88
153
122
107
620
851
438
800
801
200
63
1000
869
444
594
411
470
118
601
465
346
31
916
551
463
712
107
349
122
134
233
324
743
968
101
339
136
871
546
797
173
190
798
712
558
519
106
188
140
718
535
192
848
706
527
20
900
73
240
108
952
458
32
664
910
632
24
915
786
255
74
113
205
259
0
183
421
541
941
239
556
495
210
703
941
441
315
489
662
882
500
558
168
844
259
122
147
855
272
947
516
639
887
257
89
636
323
699
980
378
16
230
608
225
466
290
935
643
827
267
899
908
323
840
426
302
5
563
320
958
712
274
144
562
128
162
288
547
282
68
948
208
184
395
37
386
807
206
279
447
161
228
100
957
596
143
669
955
375
471
172
42
323
76
221
307
821
106
586
482
213
988
71
402
183
0
904
70
654
860
239
742
274
616
785
612
927
931
336
753
232
478
157
575
670
85
157
86
315
94
234
749
547
123
727
557
133
619
881
232
381
327
975
709
775
927
970
250
929
6
594
364
453
536
540
636
729
56
388
506
140
661
542
800
722
60
261
46
214
11
248
587
566
821
844
400
262
694
144
994
466
306
384
101
545
706
606
363
471
734
433
116
654
202
39
257
270
698
622
98
580
105
542
988
421
904
0
277
188
328
942
534
699
586
495
776
450
245
701
372
633
990
597
936
364
235
425
631
302
558
904
954
896
427
527
539
947
940
1000
971
578
325
553
903
761
953
829
464
695
989
286
857
385
769
582
193
977
175
84
391
302
756
358
665
501
513
799
786
291
879
924
171
252
639
246
723
704
452
546
833
366
759
752
131
928
793
526
985
292
712
997
133
291
484
987
901
857
526
621
975
491
736
609
378
541
70
277
0
774
879
391
648
961
251
493
438
868
887
466
557
778
535
895
436
65
413
490
897
699
238
438
559
250
229
578
220
774
139
507
800
342
180
11
347
350
878
472
882
161
708
379
968
358
657
386
349
822
232
706
128
430
307
787
259
709
937
313
887
109
682
748
187
8
883
782
695
800
146
706
508
112
608
788
234
588
548
572
21
120
707
514
894
670
464
478
626
650
204
800
744
375
210
225
153
941
654
188
774
0
957
972
15
196
401
584
382
114
206
537
257
807
806
555
549
744
520
279
626
311
629
890
823
788
507
340
724
982
350
265
782
609
804
539
425
905
549
859
488
94
687
902
96
565
393
59
435
626
98
502
90
342
993
628
227
779
667
367
169
937
216
841
744
127
583
433
431
61
810
321
759
317
945
654
78
564
683
313
983
412
930
465
576
628
29
252
563
30
405
395
634
276
551
623
104
239
860
328
879
957
0
723
896
754
499
535
566
964
400
812
945
935
382
409
982
742
820
514
462
74
122
426
880
438
25
164
151
862
787
122
968
736
349
676
286
523
891
618
94
229
438
171
353
181
87
855
538
912
298
797
794
662
125
6
923
182
799
893
861
83
81
90
464
720
507
409
343
113
66
669
663
949
722
533
618
636
763
22
519
648
643
58
29
300
908
571
152
297
258
70
652
72
936
802
348
556
239
942
391
972
723
0
889
366
456
445
177
487
132
381
311
971
711
263
69
632
264
78
133
60
211
163
929
155
671
364
762
345
272
672
842
84
872
559
911
4
623
752
839
167
548
645
207
474
174
945
424
656
436
817
875
352
302
671
774
635
591
362
597
207
474
851
790
937
452
63
782
738
464
938
551
509
516
646
203
353
632
694
206
745
146
155
286
896
570
436
881
127
573
882
436
154
792
292
909
495
742
534
648
15
896
889
0
329
416
215
373
719
203
729
69
586
735
515
118
396
16
440
40
885
523
686
264
593
601
90
211
14
91
656
276
732
208
649
729
295
957
681
535
668
988
824
243
349
414
489
318
622
302
101
89
328
873
478
354
997
887
682
587
358
351
116
496
397
139
541
570
643
706
817
274
528
648
137
910
352
15
593
207
904
109
747
708
515
841
413
932
683
514
207
580
949
888
58
770
210
274
699
961
196
754
366
329
0
315
410
649
1
995
348
925
123
10
528
520
936
244
963
769
541
870
777
960
654
282
539
784
525
225
203
626
703
565
731
274
447
121
499
395
530
1000
92
970
446
477
787
58
133
416
740
836
900
659
194
605
154
611
889
947
181
480
577
668
484
310
758
763
911
817
161
544
637
945
374
211
545
786
622
955
792
54
775
91
593
892
71
106
235
27
246
502
994
135
581
616
703
616
586
251
401
499
456
416
315
0
299
768
801
174
897
524
77
379
79
64
861
181
153
266
348
926
702
924
47
284
495
158
322
279
692
788
79
480
906
825
11
833
430
792
629
262
810
951
962
202
832
532
893
886
901
133
113
518
91
285
775
545
559
597
790
677
40
832
391
136
724
619
976
434
281
396
221
470
26
722
165
25
383
841
710
825
575
824
281
957
239
36
265
834
492
903
952
293
699
892
941
785
495
493
584
535
445
215
410
299
0
781
424
95
326
187
517
950
768
297
462
135
886
588
622
708
262
68
613
142
345
995
211
960
67
580
198
863
575
200
60
843
260
885
596
134
177
690
686
532
847
120
403
162
35
101
485
530
244
158
415
949
167
200
576
491
681
280
923
776
824
902
699
603
39
415
294
606
845
651
763
888
763
843
454
926
339
142
249
939
96
868
19
390
723
339
757
612
330
904
441
612
776
438
382
566
177
373
649
768
781
0
147
690
730
517
373
498
614
821
833
144
220
551
219
342
268
18
877
463
268
765
892
780
788
149
175
527
303
886
103
509
559
872
165
792
369
640
339
435
397
622
852
734
260
396
757
318
305
874
190
964
595
930
9
915
728
822
126
972
874
929
283
227
517
82
377
848
51
284
831
410
324
523
438
957
167
825
234
618
469
540
637
720
769
235
872
152
363
785
315
927
450
868
114
964
487
719
1
801
424
147
0
222
514
20
502
624
537
335
265
626
39
518
288
267
13
384
183
847
688
273
514
117
283
212
292
723
846
470
936
333
846
887
793
593
854
157
769
594
83
113
809
635
485
979
47
753
348
281
226
968
97
568
500
539
860
597
563
837
212
210
703
637
707
859
606
326
37
856
248
292
112
73
375
859
200
583
265
135
883
887
232
671
765
553
125
662
978
570
489
931
245
887
206
400
132
203
995
174
95
690
222
0
548
20
344
845
143
591
243
632
882
726
21
30
396
196
668
291
207
124
637
627
4
984
677
921
619
984
12
314
85
818
810
960
355
134
485
162
198
123
733
378
703
320
857
651
441
55
73
828
8
341
441
17
953
396
59
767
673
715
932
23
421
63
521
35
913
94
195
53
384
92
878
959
30
58
944
353
677
469
415
490
144
363
615
284
478
27
662
336
701
466
537
812
381
729
348
897
326
730
514
548
0
745
699
37
551
645
357
539
336
938
551
527
661
405
546
344
524
733
951
503
873
808
387
134
713
69
592
781
871
763
119
314
328
633
354
635
410
131
64
992
964
915
62
950
751
439
56
180
499
79
509
520
292
363
989
409
546
594
155
999
866
339
758
661
308
725
54
167
463
390
998
106
746
523
627
144
784
626
146
881
570
917
155
596
678
551
882
753
372
557
257
945
311
69
925
524
187
517
20
20
745
0
307
13
452
249
935
44
242
69
168
256
663
236
650
529
767
527
196
472
171
46
344
750
251
683
440
151
268
810
634
227
27
906
906
981
305
37
304
600
969
868
375
633
301
964
517
183
137
889
995
265
515
143
875
296
518
461
952
399
58
864
18
841
759
55
208
520
546
117
270
590
313
620
861
346
434
223
574
385
970
900
860
365
812
976
500
232
633
778
807
935
971
586
123
77
517
373
502
344
699
307
0
778
753
271
722
9
338
70
470
95
940
947
123
628
895
11
489
960
757
534
161
467
194
17
81
453
339
181
460
553
721
490
58
712
113
672
966
396
663
319
121
432
713
468
169
726
110
149
862
578
620
629
744
377
788
339
19
359
502
449
22
499
790
488
128
477
486
123
386
218
757
570
151
113
941
686
597
736
370
391
992
862
544
214
558
478
990
535
806
382
711
735
10
379
950
498
624
845
37
13
778
0
694
425
338
841
444
575
144
985
642
561
333
943
493
521
737
897
760
619
367
782
751
437
51
184
928
262
72
126
516
851
754
357
207
570
156
519
549
33
282
564
780
781
65
770
574
417
697
686
908
452
534
835
905
366
983
222
790
841
338
389
991
624
616
823
277
146
527
728
903
123
199
938
609
562
499
119
83
525
788
687
471
74
168
157
597
895
555
409
263
515
528
79
768
614
537
143
551
452
753
694
0
634
716
252
323
385
588
835
522
173
664
49
783
802
365
479
674
730
160
655
74
37
49
931
10
856
808
464
607
702
487
504
903
510
309
733
561
329
979
773
692
111
256
467
739
762
462
597
455
712
930
383
638
196
683
86
231
14
646
721
325
652
435
674
220
611
580
525
463
418
829
757
948
522
808
697
507
958
75
855
959
755
844
575
936
436
549
982
69
118
520
64
297
821
335
591
645
249
271
425
634
0
535
518
197
803
759
808
94
181
516
736
769
34
798
322
402
431
468
560
559
505
950
44
610
712
681
40
99
409
403
439
824
497
624
59
112
217
55
435
381
441
332
242
662
516
207
124
363
309
315
385
266
574
689
375
907
836
657
581
905
248
458
330
970
503
79
125
234
301
12
93
693
814
706
747
800
772
480
47
153
782
259
670
364
65
744
742
632
396
936
861
462
833
265
243
357
935
722
338
716
535
0
567
832
667
987
545
969
598
86
971
430
22
171
905
976
311
88
379
897
914
164
593
914
543
843
128
12
406
715
966
465
808
404
759
940
350
113
136
146
18
28
763
523
198
656
475
496
382
905
264
141
611
592
902
773
41
166
90
965
803
298
511
771
960
771
907
987
697
882
133
461
916
632
437
481
90
728
391
563
660
122
85
235
413
520
820
264
16
244
181
135
144
626
632
539
44
9
841
252
518
567
0
255
50
777
501
106
371
476
748
510
433
32
245
843
78
913
774
456
819
534
427
303
98
985
257
557
907
709
798
428
206
145
586
852
1000
898
612
958
741
123
882
408
230
743
35
955
759
738
453
723
182
397
20
340
20
995
390
64
843
924
796
612
731
929
724
882
630
367
26
675
781
423
677
882
295
146
867
150
711
147
157
425
490
279
514
78
440
963
153
886
220
39
882
336
242
338
444
323
197
832
255
0
923
895
39
490
878
929
385
696
834
260
169
764
796
460
357
581
35
827
634
570
947
186
685
97
976
44
416
578
978
433
844
412
263
133
17
406
232
668
656
725
227
732
488
640
629
110
31
360
890
135
401
365
740
955
522
754
139
865
92
979
592
72
358
92
217
143
901
706
338
613
799
854
953
819
504
902
918
855
86
631
897
626
462
133
40
769
266
588
551
518
726
938
69
70
575
385
803
667
50
923
0
871
271
928
145
962
707
852
601
134
264
969
943
699
74
684
633
902
939
867
901
6
885
517
935
894
874
447
345
682
63
644
262
287
409
740
470
88
593
295
88
861
862
619
170
533
294
349
844
130
341
250
667
506
159
527
128
646
916
423
457
284
775
819
71
44
889
458
717
925
790
503
461
802
325
474
967
272
315
302
699
311
74
60
885
541
348
622
219
288
21
551
168
470
144
588
759
987
777
895
871
0
127
194
769
326
525
563
854
414
357
868
487
620
398
155
244
378
468
157
182
814
1
323
288
172
571
245
901
601
302
820
714
781
163
571
419
281
333
291
451
335
227
415
890
222
475
529
17
491
398
771
746
571
409
975
361
98
454
720
289
422
933
794
715
739
295
853
716
590
4
425
285
419
525
836
14
947
94
558
238
629
122
211
523
870
926
708
342
267
30
527
256
95
985
835
808
545
501
39
271
127
0
21
903
176
608
469
774
22
309
112
618
431
118
20
545
865
259
656
31
952
830
537
298
567
496
236
778
128
661
564
586
787
83
745
895
706
553
246
744
942
813
417
945
138
92
351
195
498
789
510
253
180
302
655
17
552
475
739
265
210
220
701
98
794
928
305
741
854
573
734
695
83
918
435
88
516
234
904
438
890
426
163
686
777
702
262
268
13
396
661
663
940
642
522
94
969
106
490
928
194
21
0
207
323
295
40
764
406
642
992
740
206
919
892
845
80
281
225
463
82
398
958
174
250
226
36
966
720
188
136
376
253
819
156
54
444
716
188
982
635
822
169
24
917
121
122
937
548
54
506
246
219
669
760
670
964
13
700
275
634
430
866
169
797
748
837
640
162
936
354
778
595
730
441
153
639
749
954
559
823
880
929
264
960
924
68
18
384
196
405
236
947
561
173
181
598
371
878
145
769
903
207
0
68
438
236
513
155
179
361
558
222
923
133
175
389
666
123
360
616
296
158
275
833
318
881
802
79
95
743
169
759
273
525
668
861
236
907
220
947
449
458
20
852
273
991
452
901
66
456
469
277
499
882
935
717
411
492
157
103
298
132
64
170
820
634
975
556
908
358
892
473
771
363
122
887
547
896
250
788
438
155
593
654
47
613
877
183
668
546
650
123
333
664
516
86
476
929
962
326
176
323
68
0
