0
0
0
282
545
424
0
0
0
373
0
0
0
163
0
0
0
0
0
0
0
0
0
0
0
647
0
0
453
0
478
0
0
806
0
0
0
0
0
0
0
0
305
895
0
0
183
656
0
0
835
0
0
0
0
0
0
0
0
0
0
0
0
0
0
0
0
0
450
0
291
0
791
0
0
0
0
358
0
0
0
0
0
0
0
0
0
0
0
0
0
0
0
888
244
0
915
0
0
0
0
0
0
0
243
0
0
0
0
0
0
0
0
0
0
548
0
0
0
0
0
0
0
0
0
596
618
0
758
0
0
0
0
762
0
0
0
0
0
810
477
0
0
0
0
0
0
0
629
0
781
0
0
723
258
0
0
296
0
0
0
627
0
0
0
0
0
301
507
0
0
651
414
0
0
361
0
0
0
0
0
0
946
273
864
0
0
175
0
0
0
0
0
0
0
725
0
0
268
0
0
0
0
0
0
0
0
0
0
0
571
0
0
0
0
195
0
0
0
0
738
0
0
662
0
769
0
232
0
0
224
0
0
0
0
0
0
0
0
0
846
0
0
0
0
570
0
891
0
0
0
0
0
142
0
0
0
293
0
0
0
0
219
0
0
0
0
0
586
371
575
744
0
0
0
0
0
0
0
670
0
0
0
0
0
0
0
889
0
0
0
0
0
576
160
232
0
0
0
0
282
0
0
0
0
332
0
0
0
0
631
0
0
0
595
0
953
0
0
107
302
981
0
844
0
0
0
0
0
0
0
0
0
0
0
0
0
0
437
0
0
0
218
0
0
907
913
0
0
0
0
0
0
991
0
0
0
0
0
0
0
0
0
0
0
0
775
0
0
0
0
0
0
997
0
0
0
0
118
0
159
0
0
508
0
0
0
132
0
840
0
0
0
0
0
0
235
0
0
0
545
243
0
0
0
0
0
890
454
0
0
0
0
0
0
282
0
0
0
0
0
0
0
0
0
0
0
0
0
0
0
0
0
0
0
0
0
0
0
0
0
0
0
0
0
0
0
0
0
0
865
0
0
635
0
0
474
399
0
0
0
0
159
0
0
0
0
0
702
0
0
490
0
784
0
0
0
0
0
0
566
537
0
804
223
0
0
0
920
850
0
739
739
0
0
0
0
0
0
0
424
0
0
332
0
0
0
0
0
0
0
0
0
0
0
243
0
0
0
0
0
0
0
0
0
0
241
0
0
0
0
0
613
922
0
0
393
0
0
0
0
0
834
0
0
0
0
0
0
363
0
0
0
938
196
0
0
0
0
0
0
0
0
0
0
0
0
0
276
258
0
0
312
0
0
547
0
132
0
0
0
0
0
0
0
0
0
0
390
0
0
0
0
0
0
0
340
0
145
0
0
0
0
0
0
0
0
0
0
343
0
397
0
0
722
0
0
0
0
0
0
0
0
0
0
0
557
614
702
0
482
0
0
0
144
0
0
0
0
0
0
0
0
0
0
0
0
0
399
0
0
0
0
0
0
0
547
690
388
0
0
424
0
393
360
155
0
0
0
0
0
0
0
0
248
0
0
0
0
0
0
0
0
0
455
0
0
833
0
0
0
109
0
0
0
0
0
0
0
0
0
0
0
0
890
0
0
0
0
0
0
0
0
0
855
0
0
0
0
505
0
0
0
698
510
0
0
0
394
0
0
0
0
916
0
0
0
0
0
0
0
0
175
675
0
942
355
0
0
0
0
0
788
726
0
536
604
0
220
922
335
0
0
0
0
0
0
0
251
0
0
0
0
0
0
0
0
0
0
0
0
0
457
0
0
0
0
0
0
0
0
0
222
0
190
0
0
0
0
0
0
0
0
0
454
0
0
0
0
848
127
0
0
0
0
0
0
0
638
629
0
0
0
0
0
0
390
672
0
0
0
0
0
475
0
795
867
0
0
0
0
0
0
0
333
0
0
722
0
0
0
555
0
0
960
0
0
906
0
0
0
0
0
0
178
0
0
0
0
0
0
356
289
0
0
0
0
0
0
804
174
0
0
0
0
0
0
0
0
0
631
0
0
0
0
0
0
625
667
0
373
0
0
0
0
0
343
0
848
0
932
0
0
0
0
0
0
0
0
963
0
451
0
0
116
0
0
662
0
0
0
0
0
0
171
0
0
0
923
0
0
0
0
0
0
0
0
0
0
0
0
0
132
0
0
0
0
0
0
0
0
0
0
0
0
0
0
0
0
0
885
0
0
0
558
0
0
0
0
321
0
0
792
0
0
0
0
0
0
0
111
0
0
0
0
0
0
0
0
0
0
0
571
631
0
0
0
0
127
932
0
0
0
0
990
0
0
0
0
0
665
0
0
0
365
0
0
0
0
0
0
0
0
0
0
0
0
0
0
0
0
0
0
0
261
0
0
0
0
0
249
0
796
846
0
0
0
949
0
0
0
0
0
0
0
660
0
403
0
0
0
0
0
184
0
0
0
295
832
230
667
0
0
0
0
0
967
0
0
0
956
0
0
0
0
117
0
0
0
217
0
0
0
0
0
0
397
0
0
0
0
0
0
0
0
0
130
0
0
0
243
0
0
0
0
0
0
0
0
0
0
0
0
508
364
569
0
0
0
0
0
0
0
0
0
0
0
0
0
0
810
0
0
0
0
694
0
0
0
0
0
0
725
575
0
0
0
0
0
0
0
517
0
0
0
0
0
0
0
0
0
0
0
0
0
0
0
0
0
0
0
0
0
280
0
545
0
0
803
0
0
0
0
0
0
0
0
0
0
0
0
0
0
0
0
0
0
0
0
0
0
0
0
0
0
0
0
0
0
0
0
0
0
0
0
0
0
0
0
0
0
0
0
0
0
0
0
0
667
285
571
0
0
815
0
0
0
768
0
0
0
0
0
0
0
389
0
0
0
262
145
0
0
0
0
0
0
825
0
0
950
0
303
0
0
0
0
0
0
978
0
358
190
0
0
0
333
0
0
349
163
0
0
0
0
0
0
0
0
0
0
0
0
0
0
0
0
0
931
0
0
0
0
510
461
0
0
0
0
0
0
220
0
0
0
0
119
0
0
579
886
0
0
0
552
689
0
0
899
0
0
0
0
0
0
0
0
0
162
0
0
0
0
0
317
0
0
0
0
0
850
0
0
0
0
0
306
0
0
0
0
0
0
0
0
0
0
0
0
0
0
0
0
532
0
0
0
0
291
0
0
0
0
595
0
0
722
855
0
0
990
0
0
0
0
0
199
928
642
986
713
0
0
0
0
0
0
0
0
0
0
210
0
0
0
0
0
0
0
0
138
471
140
837
0
0
0
0
0
924
941
0
0
0
0
0
0
0
201
0
407
0
308
0
468
460
0
0
281
0
0
0
0
609
0
0
0
0
0
141
0
0
0
779
0
108
0
0
0
0
0
0
0
141
691
964
0
645
0
0
0
548
195
0
282
243
0
0
0
0
0
0
0
0
0
0
0
0
298
0
522
462
0
707
0
0
440
0
0
0
0
0
0
0
0
0
0
318
0
0
0
0
0
360
0
351
842
0
0
0
0
0
0
0
0
593
0
0
479
634
0
892
0
802
0
0
336
115
0
0
0
0
0
0
0
269
0
0
0
0
0
0
679
0
879
0
0
0
0
421
0
0
0
0
0
0
0
0
0
0
0
0
0
953
0
0
0
0
0
0
0
130
0
0
199
0
0
980
0
0
0
0
0
0
0
0
0
0
0
0
0
0
0
0
603
0
0
0
0
0
0
0
0
0
135
0
475
0
0
0
0
0
118
0
0
0
583
0
0
0
0
0
0
0
0
0
0
0
0
918
0
0
0
394
0
0
810
158
0
0
982
0
0
0
0
0
0
0
0
0
0
525
0
0
0
0
0
0
0
0
0
0
0
0
0
0
0
0
0
0
0
0
0
0
928
0
980
0
0
352
0
0
0
999
0
0
217
0
0
0
0
0
0
0
622
658
0
0
0
0
0
0
0
0
0
0
0
0
313
0
0
0
0
0
127
0
0
433
797
628
0
0
0
0
0
0
0
0
0
0
0
0
988
0
0
0
0
0
0
0
0
0
0
0
0
0
0
717
933
502
0
0
0
0
0
797
0
249
0
0
0
0
0
0
0
0
0
0
638
0
0
0
0
931
642
298
0
0
0
0
0
0
854
0
0
0
0
0
0
0
0
0
174
0
0
0
0
0
0
0
0
953
0
431
0
0
0
349
0
624
0
0
0
879
0
0
0
0
215
0
0
0
0
0
965
0
726
0
0
0
884
672
0
0
754
0
0
0
0
0
0
780
0
806
0
0
962
0
0
0
443
0
714
0
0
143
0
0
792
0
0
0
0
107
0
0
0
505
629
963
0
0
0
0
986
0
0
352
0
0
0
298
0
0
0
0
629
0
927
0
0
986
0
0
0
0
0
0
0
0
0
0
311
756
0
0
0
0
212
0
0
0
0
552
0
0
0
0
0
0
0
0
0
0
0
0
0
0
0
0
0
0
0
0
586
0
0
0
0
551
0
0
0
0
0
0
0
0
943
0
0
0
263
0
333
0
181
0
0
0
0
0
738
302
0
0
0
0
0
0
665
243
0
0
713
522
0
0
0
0
0
0
0
0
0
0
0
0
0
0
0
0
0
0
0
0
0
0
762
0
116
963
0
0
0
0
0
0
0
0
0
0
0
956
0
0
508
0
0
0
815
0
0
805
0
0
0
952
0
0
0
0
0
901
0
997
0
0
0
0
770
0
0
0
0
0
0
688
0
0
0
163
0
0
0
0
0
0
0
0
0
0
0
981
0
0
0
0
0
451
0
0
0
0
0
462
0
0
0
298
0
0
0
0
0
0
0
0
0
0
635
0
0
0
0
945
0
0
0
0
438
0
0
0
806
771
457
522
0
0
516
0
0
0
0
0
0
0
739
0
0
493
0
670
860
0
0
0
0
0
0
0
0
0
0
339
678
460
0
0
0
0
0
617
0
113
0
0
0
0
0
992
0
0
0
0
0
0
0
0
0
0
0
0
0
0
0
0
0
0
0
0
0
0
0
0
0
0
854
0
0
0
0
0
559
0
0
0
0
0
0
0
877
0
0
656
712
0
0
0
0
0
298
0
0
0
0
0
0
0
971
738
0
0
533
0
0
0
0
0
0
0
0
0
0
625
833
0
823
0
0
735
0
421
0
0
0
0
0
0
627
0
0
0
368
0
0
620
0
0
0
0
0
0
0
0
0
868
743
0
0
0
662
844
0
0
0
698
0
0
0
0
0
510
0
707
0
999
0
0
0
0
0
0
0
0
0
0
0
0
245
0
881
0
0
0
0
0
689
0
101
0
611
0
0
0
468
795
0
0
0
0
0
0
0
0
0
0
0
0
0
0
0
652
0
0
992
0
0
0
0
540
0
0
0
0
0
0
544
0
0
726
0
248
0
0
0
0
0
0
384
0
0
0
0
0
0
451
0
0
0
0
0
0
0
0
0
510
0
116
365
0
0
461
0
0
0
0
0
0
0
0
559
0
0
0
0
0
351
0
609
0
0
727
437
0
0
0
0
0
0
0
304
0
0
0
0
0
649
0
634
0
0
0
886
0
0
561
0
0
0
285
0
0
0
889
0
0
715
0
0
0
530
0
0
0
0
0
0
0
0
0
890
674
0
0
739
0
301
0
217
0
892
0
0
0
0
979
0
0
647
596
769
0
0
0
0
0
0
0
0
0
0
0
0
0
0
0
0
0
0
0
0
0
0
0
0
0
0
0
0
0
584
0
0
0
0
170
223
0
0
0
0
0
0
0
0
0
0
0
0
0
0
0
0
0
0
747
0
0
0
0
0
0
0
0
0
0
0
0
450
0
265
113
916
232
0
851
0
752
0
858
0
0
0
0
0
0
0
0
0
0
0
353
0
0
0
252
0
359
0
618
0
0
0
241
557
0
390
0
0
0
0
0
0
440
0
217
0
629
0
0
0
0
0
0
0
0
0
0
0
0
0
0
0
0
0
0
0
648
0
873
0
0
0
303
0
0
0
0
0
0
0
498
0
0
0
0
0
0
0
0
0
0
0
187
0
0
0
0
0
0
0
822
0
0
573
0
0
0
0
0
880
0
0
0
0
0
0
191
0
0
0
0
0
247
0
0
0
0
0
0
232
0
0
0
614
0
672
662
0
0
0
0
0
0
0
0
0
0
0
0
0
0
0
0
0
0
650
373
0
0
0
0
0
190
971
217
0
0
0
0
0
0
0
571
0
396
151
0
0
0
0
0
0
0
229
0
0
0
962
0
0
0
0
322
0
0
0
288
0
0
0
0
107
0
225
0
0
0
0
962
0
0
0
884
728
0
0
743
0
513
648
0
0
101
0
0
0
0
453
758
0
0
0
0
702
394
0
0
0
0
0
0
0
0
0
0
0
927
0
0
0
0
351
0
0
650
0
0
0
0
0
0
0
777
0
0
118
0
0
585
0
0
0
0
0
358
0
0
0
0
0
0
0
0
0
309
0
0
0
355
649
0
0
334
0
0
0
0
0
0
362
0
820
0
0
0
0
0
0
0
0
0
0
0
0
0
0
0
0
0
0
0
0
0
354
0
681
0
0
0
0
0
0
0
0
0
0
0
0
0
0
0
0
0
0
0
0
0
0
0
0
0
0
0
0
373
0
0
0
0
0
0
0
0
0
0
0
0
0
0
0
0
711
0
0
912
0
0
0
0
0
0
0
0
772
317
0
889
725
0
0
890
499
0
988
0
0
0
0
0
0
0
488
297
0
0
0
359
0
882
0
0
0
0
0
0
0
400
0
0
0
0
0
0
0
0
832
0
478
0
224
0
0
0
482
0
0
0
0
0
0
0
0
0
0
0
0
0
0
635
0
245
609
0
0
0
0
0
0
0
0
0
0
0
0
0
283
0
0
0
377
0
578
0
0
0
0
742
849
0
0
0
0
666
0
0
0
0
650
0
0
0
859
0
0
0
0
0
0
0
0
0
0
467
0
446
0
0
0
0
319
0
0
0
0
952
970
0
0
0
0
0
0
179
683
0
0
0
0
0
0
0
0
0
0
0
0
0
0
0
0
220
210
0
0
0
0
986
0
0
0
0
0
0
0
0
0
0
0
0
0
0
0
0
0
0
0
0
0
0
360
0
0
0
0
0
0
0
744
0
484
388
0
0
0
0
377
300
0
0
899
0
0
494
0
0
0
0
0
0
0
0
600
0
0
0
0
0
0
0
0
0
0
0
0
913
0
296
467
0
0
0
618
0
0
0
166
0
0
0
0
0
0
613
0
0
0
0
0
0
0
0
0
0
0
0
174
0
0
0
877
881
0
584
0
0
0
0
0
0
0
0
0
157
0
0
0
0
386
0
0
0
0
0
909
0
0
0
0
0
0
0
0
0
0
0
0
0
0
0
0
0
0
0
0
0
0
0
0
0
0
0
0
351
654
0
0
0
838
0
687
0
565
0
0
0
0
0
0
0
0
0
0
0
0
0
0
0
806
762
0
0
0
922
0
916
475
0
0
508
0
0
0
0
0
0
0
0
0
0
0
0
727
0
0
0
0
0
0
0
0
0
0
0
181
0
0
0
0
0
262
302
0
0
0
0
0
975
0
106
755
0
0
0
0
0
0
0
0
0
487
0
0
575
0
769
0
672
875
761
0
0
0
0
0
0
0
0
0
656
362
0
0
0
0
0
0
0
0
0
0
948
0
0
0
0
0
0
0
0
0
0
0
0
144
0
0
171
0
364
0
0
0
0
603
622
0
0
0
0
0
0
437
0
0
0
0
0
0
0
0
0
0
0
0
0
408
0
0
0
0
592
0
0
148
681
0
0
400
511
916
0
0
142
0
0
733
0
0
894
0
0
0
0
0
0
0
0
0
0
0
0
0
0
613
404
0
362
724
0
0
0
0
0
0
0
0
0
338
0
0
0
0
0
0
0
141
0
0
0
0
0
0
0
0
0
795
0
0
569
0
0
0
0
0
658
0
0
0
945
656
0
0
0
0
190
777
0
0
0
157
0
0
0
0
0
0
0
0
0
0
0
0
539
0
0
0
0
0
0
0
0
0
569
0
0
256
350
0
0
0
0
0
0
492
0
0
0
0
383
0
0
0
0
0
546
0
523
0
0
521
0
0
0
293
0
0
0
992
0
338
705
0
0
634
0
678
0
0
0
0
0
0
393
0
0
867
0
0
0
0
119
0
0
0
0
0
0
0
0
712
0
0
0
0
971
0
0
0
0
0
181
0
0
0
999
0
0
0
513
0
0
0
956
259
0
899
0
164
0
327
0
0
290
0
0
0
0
344
472
0
0
732
0
0
0
0
0
0
0
0
877
0
0
851
0
0
0
0
0
0
167
0
920
0
0
0
704
0
0
0
0
0
0
0
0
0
0
0
0
0
0
0
0
0
0
0
0
0
0
0
0
0
318
0
0
0
0
0
0
0
0
0
170
0
217
0
0
0
0
0
0
0
0
999
0
689
0
0
777
0
0
0
0
0
0
0
0
0
0
0
0
610
345
462
0
0
0
0
0
0
0
0
0
0
0
0
0
0
0
0
0
0
0
0
0
593
0
0
0
0
0
0
0
0
0
0
0
0
0
0
0
0
329
0
0
375
0
0
0
0
437
0
0
0
0
0
923
0
0
0
0
0
0
0
0
0
0
762
0
0
689
0
223
0
0
118
0
283
0
0
0
408
0
0
689
0
234
0
0
144
0
0
915
0
0
239
0
600
0
0
0
0
0
0
0
682
241
0
0
0
0
0
644
0
0
817
0
0
479
0
0
0
0
0
0
0
0
0
0
0
0
0
780
0
609
0
0
0
946
0
0
0
0
796
0
0
0
0
810
0
0
0
0
0
0
0
0
0
0
0
579
0
0
0
0
0
0
0
0
0
0
0
0
648
0
0
0
0
0
0
0
0
0
0
0
234
0
0
0
0
0
821
0
0
0
0
838
0
0
0
0
0
0
0
0
0
565
0
0
0
0
0
0
0
0
0
0
756
0
110
0
0
0
0
0
500
0
0
0
0
0
0
0
0
0
0
579
0
0
0
0
0
0
0
0
0
0
0
477
846
0
0
0
0
0
0
0
0
0
0
886
138
0
0
0
0
0
116
438
0
101
0
0
0
0
0
0
0
0
386
0
0
0
0
0
0
0
0
0
0
101
272
0
0
0
0
0
0
0
0
0
0
763
0
0
0
114
722
0
0
720
0
0
0
0
0
710
516
0
0
0
0
0
0
0
0
0
0
0
0
0
0
431
0
0
0
0
0
0
0
0
513
0
0
0
960
0
0
0
0
0
0
0
0
0
0
0
0
0
0
0
471
0
0
0
953
0
963
0
0
0
0
0
873
0
585
0
0
0
0
0
0
0
513
777
0
0
0
0
0
0
480
0
0
153
0
0
0
0
0
792
0
382
397
0
0
0
0
0
0
382
0
0
0
0
927
0
0
477
0
0
781
0
0
0
202
0
882
0
0
0
0
0
0
0
0
0
0
718
0
0
0
222
0
0
223
449
305
0
0
218
0
834
0
175
0
0
0
0
0
0
140
0
0
0
0
311
0
0
298
611
304
0
0
0
0
0
377
360
0
262
0
0
0
0
144
0
0
0
0
826
0
0
0
0
0
0
0
136
0
0
0
0
0
945
0
0
0
0
0
0
451
139
0
0
0
0
0
565
0
0
181
0
647
0
0
809
0
0
229
0
0
0
0
0
0
0
147
0
0
0
0
0
0
0
0
0
895
0
0
0
0
0
0
675
0
0
0
0
0
0
837
360
0
0
431
756
0
0
0
0
0
0
0
0
0
0
0
0
0
302
592
0
0
0
0
0
101
0
826
0
0
708
0
381
0
0
0
0
0
0
0
0
0
0
0
0
0
0
0
0
250
0
0
0
131
0
0
0
607
0
0
0
0
0
0
605
0
0
0
0
766
0
0
913
824
0
0
0
0
0
0
0
0
0
0
0
0
0
0
0
0
0
0
0
333
0
261
0
0
552
0
0
135
0
0
0
0
806
0
0
0
0
0
0
0
711
578
0
0
0
0
0
0
0
0
821
272
480
0
0
0
0
0
0
0
0
0
716
0
0
0
603
0
0
267
0
0
0
0
298
181
0
0
0
0
0
806
0
0
0
0
0
0
0
0
910
0
0
0
0
990
982
0
0
0
0
0
322
0
0
601
0
0
0
0
0
0
0
570
907
0
0
0
942
0
0
0
0
0
689
0
351
0
0
0
0
0
771
0
0
0
0
303
571
0
0
0
0
0
0
0
539
956
0
915
0
0
0
0
708
0
0
515
0
337
0
954
0
0
0
0
0
0
0
491
0
0
0
0
0
0
0
0
0
0
0
0
447
0
0
0
0
875
0
0
418
0
0
0
0
0
0
0
0
0
988
0
0
0
0
0
0
0
0
0
0
183
0
0
913
0
0
0
355
0
0
0
0
0
0
0
842
475
0
0
0
0
457
0
468
0
0
0
0
0
0
0
0
909
0
148
0
259
0
0
0
0
0
0
0
0
515
0
921
0
0
0
0
0
0
590
0
0
150
0
0
0
0
0
875
887
0
0
404
0
0
0
955
0
0
725
0
0
277
637
827
572
0
0
0
0
0
0
0
0
0
0
0
0
422
0
0
0
0
0
0
656
0
891
0
0
0
0
0
722
0
0
0
0
0
0
0
0
0
349
0
0
522
0
795
0
0
0
396
358
912
0
0
0
0
681
0
0
0
0
0
0
153
0
381
0
0
921
0
463
0
896
0
649
0
0
0
0
257
0
0
0
345
0
0
0
0
0
0
0
0
0
0
0
466
0
0
0
0
0
0
0
0
0
0
0
0
0
0
0
0
0
647
0
0
0
0
0
0
0
0
0
629
0
0
0
0
399
0
0
0
0
0
667
899
0
0
0
313
0
212
0
0
0
0
649
0
0
151
0
0
0
0
0
0
0
0
899
0
239
0
0
0
0
0
0
337
0
463
0
200
624
0
579
0
0
0
0
0
0
0
0
524
0
0
181
0
0
0
0
0
629
0
0
0
0
0
0
0
0
0
0
0
0
0
0
0
0
0
0
0
0
0
0
0
0
0
0
0
0
542
0
0
0
0
0
363
0
0
0
0
0
0
285
0
924
0
0
0
624
0
0
0
0
0
0
0
0
0
0
0
742
0
0
975
0
0
0
0
0
838
0
0
0
0
0
0
0
0
200
0
0
0
0
0
0
0
0
0
0
0
0
0
0
0
0
0
0
0
0
0
0
820
0
0
0
0
0
0
0
0
0
0
0
0
0
0
0
0
0
732
0
0
0
659
0
284
0
0
0
0
835
781
0
0
865
0
0
0
0
0
249
810
571
0
941
0
0
0
0
0
0
516
971
0
634
0
0
0
0
0
849
744
0
0
400
0
164
0
600
0
0
0
0
0
0
954
0
896
624
0
0
561
0
0
0
0
0
0
0
0
0
0
865
977
308
0
0
0
449
0
0
0
719
576
0
688
0
0
0
139
0
0
0
0
0
0
650
919
0
0
0
0
0
0
674
0
868
0
0
0
0
0
0
0
0
0
0
0
555
0
0
0
0
0
0
0
0
0
0
0
0
0
738
0
0
0
0
0
0
0
0
0
0
106
511
0
0
0
0
0
0
0
136
0
716
0
0
0
0
0
561
0
0
0
0
0
217
619
0
0
0
0
0
0
0
0
0
0
0
209
0
0
606
781
0
0
927
0
0
0
0
0
0
0
0
934
0
0
0
0
0
0
0
0
0
0
477
481
0
0
0
0
0
0
0
0
0
788
0
132
796
0
0
0
0
0
118
0
0
0
0
0
0
0
0
0
0
0
0
0
0
484
0
755
916
0
327
0
0
0
0
0
0
0
0
0
0
649
579
0
0
0
0
0
122
0
0
0
0
0
0
0
0
761
0
724
772
0
0
0
0
927
0
0
0
0
0
0
0
0
0
0
0
406
0
0
800
0
0
0
0
0
378
0
0
0
946
0
0
0
0
723
142
991
635
938
0
726
0
0
846
0
815
0
0
0
0
0
879
552
956
0
0
0
0
0
498
0
0
0
0
388
0
0
0
0
0
0
0
0
0
792
0
0
0
0
0
0
0
0
0
0
0
0
0
0
0
0
0
0
0
0
0
0
0
0
352
927
0
281
0
0
0
0
0
0
0
791
0
0
0
748
214
0
0
0
0
0
0
0
711
0
0
0
0
0
0
0
0
0
0
258
0
0
0
196
0
0
960
0
0
0
0
0
0
0
0
127
0
0
0
0
533
0
886
0
0
0
0
0
0
0
0
0
0
0
0
610
0
0
0
0
0
0
0
0
590
0
0
0
0
0
122
0
0
0
0
0
0
0
0
967
500
0
0
705
0
0
0
0
0
0
385
0
287
0
0
0
378
379
0
0
962
641
0
726
624
325
0
0
0
757
0
0
0
0
0
978
0
0
0
0
0
0
0
0
0
536
0
0
0
694
0
0
0
593
0
0
0
0
0
0
0
0
0
0
0
0
0
0
666
0
0
0
142
569
290
345
0
0
763
382
0
0
603
0
0
0
0
0
0
0
0
0
0
0
0
688
0
0
0
0
0
102
0
0
0
0
0
0
0
0
0
0
0
0
0
0
0
700
787
0
0
925
0
0
0
0
0
0
0
0
0
0
0
0
0
0
0
0
0
0
0
0
474
0
547
604
0
0
0
0
0
0
0
0
583
0
0
0
508
0
0
0
0
0
0
229
0
772
0
0
0
0
0
0
0
462
0
0
0
397
0
0
0
0
0
0
0
0
0
217
0
0
0
0
0
437
0
0
0
0
0
725
0
0
0
0
0
0
0
0
368
0
0
0
0
0
0
584
0
0
0
0
0
590
0
0
654
0
247
0
0
0
733
161
889
0
0
0
0
296
293
0
399
0
690
0
906
0
949
0
768
0
0
0
0
433
0
0
0
0
0
0
561
747
0
0
309
317
0
0
0
0
0
0
0
0
0
0
0
0
945
0
0
0
150
257
0
0
0
619
0
0
0
688
437
0
744
0
0
0
0
0
0
0
0
0
0
0
0
0
0
869
0
0
0
254
0
468
211
0
0
0
0
0
0
0
0
0
191
853
0
991
0
877
0
241
0
0
0
0
0
0
0
0
388
220
0
0
0
0
0
162
201
479
0
797
215
0
0
739
0
0
0
0
0
0
0
0
0
377
0
0
733
256
0
0
682
0
0
0
0
0
267
491
0
0
0
0
0
0
0
0
0
0
0
744
0
0
0
0
0
207
0
0
0
0
0
0
288
0
0
0
0
467
0
0
0
0
0
0
0
998
0
218
0
0
291
925
0
0
0
0
233
0
0
727
608
0
0
0
0
0
0
0
0
922
0
0
0
0
0
0
0
634
0
628
0
0
0
0
0
0
0
0
0
0
0
889
0
300
0
0
0
350
0
0
241
565
114
0
0
0
0
0
0
0
0
0
0
0
0
0
0
0
0
0
0
0
0
0
0
0
755
0
0
0
0
936
0
0
0
0
0
0
0
0
0
0
935
0
0
0
0
0
0
0
0
0
0
333
0
0
715
0
0
0
0
0
0
0
0
0
0
0
0
335
0
0
0
0
0
0
407
0
0
0
0
0
815
0
0
0
0
0
0
962
0
725
650
0
0
0
0
0
344
0
0
0
722
0
0
0
0
0
0
0
0
0
0
0
0
0
0
0
0
0
0
0
0
0
0
0
858
0
0
0
0
0
189
0
0
0
898
0
0
0
0
0
0
132
0
0
0
0
0
608
0
0
0
480
0
0
703
299
445
0
0
0
0
627
0
0
0
0
424
0
0
0
0
0
0
0
0
892
0
0
0
0
0
493
0
0
285
0
0
0
355
0
0
0
0
0
894
0
472
0
0
0
0
0
0
0
0
0
0
345
524
0
0
0
0
0
967
0
0
0
0
0
0
0
0
0
0
0
0
276
0
0
923
0
874
0
0
0
0
0
0
783
0
965
0
0
0
0
0
0
457
0
0
0
0
202
0
0
0
777
0
0
0
0
219
0
159
0
0
0
0
0
0
725
0
0
308
0
0
0
0
0
0
0
0
0
0
0
0
0
649
0
0
899
0
487
0
0
0
0
0
0
0
0
0
0
0
0
0
0
0
0
865
0
0
0
500
0
0
0
0
0
0
0
0
974
239
0
0
0
0
0
0
0
0
0
775
0
405
0
0
0
0
0
963
323
290
0
582
0
874
519
121
0
0
411
410
0
206
0
354
0
0
0
0
0
0
0
393
0
0
0
0
575
0
0
0
802
0
0
0
0
805
670
0
652
0
0
0
0
0
890
0
0
0
0
0
0
0
0
0
0
720
382
0
0
298
0
875
0
0
0
977
0
761
0
0
102
725
0
207
0
0
0
974
0
835
883
0
989
0
0
0
0
0
683
0
0
0
0
0
0
0
0
0
871
0
0
0
0
0
0
0
789
0
950
715
0
840
0
389
0
0
0
0
0
0
0
360
0
178
0
0
0
0
317
468
0
0
0
965
0
0
860
0
0
0
0
0
0
0
499
859
0
0
0
0
0
732
0
0
0
0
0
451
250
181
0
887
0
181
0
308
0
0
0
0
0
0
0
0
755
858
0
239
835
0
0
0
0
0
0
471
0
0
0
0
0
0
716
0
0
0
0
0
0
0
0
446
322
0
0
0
0
0
0
0
0
0
0
0
0
0
0
0
0
0
0
155
0
0
0
660
0
389
0
460
0
0
0
0
0
0
0
625
0
889
0
187
322
334
0
0
494
0
575
0
0
0
0
644
0
0
0
139
0
0
0
0
0
0
0
0
0
724
0
705
0
0
0
0
0
0
0
0
883
0
0
0
0
0
0
0
0
0
0
0
816
0
0
0
0
0
0
0
0
0
0
0
0
0
0
0
0
0
0
149
0
0
0
0
0
0
0
0
775
0
0
0
0
0
0
0
0
0
0
0
336
0
0
726
0
0
0
833
992
0
0
0
0
0
988
0
0
0
0
0
492
0
0
0
0
0
0
0
0
0
0
0
0
0
0
0
0
772
352
0
0
0
0
0
0
0
0
0
0
0
0
0
0
0
0
883
0
0
334
0
0
0
0
127
0
987
0
0
0
677
0
621
0
0
0
0
0
0
0
794
0
0
0
0
0
0
301
0
0
0
0
0
0
0
0
403
0
0
0
0
115
0
0
0
0
952
0
0
0
0
0
0
0
0
0
0
0
0
769
0
0
0
0
0
0
0
0
0
0
0
0
404
0
0
0
0
0
0
927
0
0
0
0
0
0
0
276
0
989
0
0
0
0
0
134
0
0
0
0
0
116
0
381
0
777
673
0
861
0
576
0
0
0
0
0
0
0
0
0
0
0
700
0
583
808
450
507
586
0
702
276
0
251
0
0
0
0
0
0
281
0
0
0
0
0
0
0
823
0
715
0
0
0
0
0
0
0
0
0
0
0
0
0
817
0
0
927
0
131
0
0
0
0
0
0
449
0
0
0
0
0
0
0
0
0
0
0
0
0
0
0
0
0
0
0
0
0
0
0
0
944
0
662
922
0
0
0
0
0
678
0
0
0
0
0
0
0
486
0
676
0
0
0
0
0
0
0
371
0
0
258
0
0
0
0
0
0
262
0
0
0
918
0
0
0
0
0
0
0
0
0
0
288
0
0
0
0
0
672
0
0
0
0
0
0
710
0
0
0
0
0
0
0
0
0
0
209
0
281
0
0
0
0
0
936
0
0
0
0
0
0
0
134
0
0
0
0
166
0
445
0
206
0
0
653
0
0
0
0
0
0
0
877
0
0
0
426
237
0
0
0
0
0
0
0
291
0
575
0
0
0
0
0
0
885
0
0
145
850
0
0
0
0
884
0
0
0
0
0
0
450
0
0
0
0
0
0
0
875
0
0
0
0
0
756
516
0
0
0
806
0
0
0
629
0
0
0
0
0
0
0
0
0
288
0
189
923
0
0
471
0
883
0
0
0
0
0
0
0
0
774
0
0
0
251
0
0
0
0
690
0
0
0
0
0
0
386
232
0
759
0
0
0
161
0
0
651
744
0
490
0
0
0
356
0
0
517
0
0
0
0
0
0
672
0
0
0
735
540
0
0
0
0
0
0
0
0
0
761
0
383
0
0
479
0
0
477
565
0
0
447
955
0
0
820
0
0
927
0
0
0
0
0
0
0
0
0
0
0
0
0
0
0
0
0
0
0
0
0
695
0
0
0
0
0
894
0
833
0
0
0
0
0
824
0
0
0
0
0
447
562
0
0
0
0
791
414
0
0
0
312
0
0
289
0
0
0
0
0
0
0
0
988
0
0
0
0
0
0
530
265
0
0
362
0
0
0
0
0
0
0
0
0
0
110
0
0
0
607
0
0
0
0
0
0
719
606
0
0
385
0
368
0
0
0
0
874
0
0
0
0
0
0
0
166
0
0
0
0
0
166
0
0
0
0
0
0
0
0
0
456
0
0
0
0
0
0
0
0
0
435
0
0
0
0
0
0
0
997
784
0
0
0
0
0
184
0
0
0
609
0
394
0
0
0
901
0
421
0
0
113
822
0
0
0
0
0
0
0
0
0
877
0
0
0
0
0
0
0
0
0
0
466
0
0
576
781
0
0
0
0
0
869
0
0
0
0
0
683
0
0
334
0
0
0
0
0
0
0
344
0
0
0
0
0
578
0
0
0
0
0
0
0
0
0
0
0
927
917
0
0
0
0
0
977
0
0
0
0
0
0
248
0
0
558
0
0
0
0
0
0
0
0
754
586
0
0
0
0
0
916
0
107
820
488
0
600
0
0
0
0
0
0
0
0
0
781
181
0
0
0
725
0
0
0
0
0
0
0
287
0
0
0
0
0
898
0
775
0
0
0
0
0
0
445
0
695
0
344
0
0
0
433
0
0
0
0
0
0
0
0
307
0
0
398
0
0
0
484
0
106
0
328
0
112
0
361
0
0
0
547
0
0
0
0
0
0
0
0
0
269
0
0
0
0
997
339
0
0
0
232
0
0
0
297
467
0
351
0
0
0
0
0
0
0
0
0
0
0
0
0
0
0
0
0
688
0
0
0
0
0
0
0
467
0
0
0
0
0
0
816
0
116
944
0
774
0
166
0
0
0
0
0
0
0
0
0
0
0
0
0
0
0
0
0
0
0
0
679
0
0
0
0
721
0
0
0
0
0
0
0
0
0
0
0
0
0
0
306
0
0
810
0
0
0
0
678
0
0
0
0
573
225
0
0
0
0
654
0
613
0
851
0
0
0
0
0
647
0
0
875
0
0
0
0
0
927
0
0
0
0
0
0
0
0
0
0
405
0
0
0
0
0
0
206
0
0
0
0
0
0
0
365
0
0
872
0
0
0
0
573
0
0
0
0
973
0
0
0
0
0
0
0
0
0
358
0
0
0
0
132
0
0
0
0
295
0
825
0
0
0
158
0
0
0
0
460
0
0
0
851
0
0
0
0
446
0
0
0
404
546
0
0
0
0
0
0
0
0
0
0
277
0
0
0
0
0
0
791
0
0
0
254
0
0
0
0
0
0
716
0
0
381
662
0
0
0
0
0
433
0
365
0
0
0
0
0
0
710
502
0
0
0
0
0
0
0
0
678
0
0
0
0
0
0
0
0
0
118
0
0
0
0
0
0
832
0
0
0
0
0
0
0
0
0
0
0
0
544
0
0
0
0
0
0
0
0
0
0
0
0
0
593
0
500
0
202
0
0
0
0
637
0
0
0
0
0
0
0
378
0
0
0
0
0
0
0
0
0
0
0
127
0
922
0
0
0
0
0
0
0
0
0
0
0
0
0
0
0
0
0
0
0
0
0
781
0
0
0
488
0
792
0
0
0
0
0
670
0
0
0
0
0
804
321
230
0
0
0
141
0
0
0
0
551
0
0
0
0
0
752
0
0
0
359
0
0
0
0
362
523
0
0
0
0
0
0
809
605
910
418
827
0
0
0
139
0
0
0
379
700
584
468
0
0
0
783
0
0
0
0
0
777
0
653
251
0
0
0
0
0
0
0
0
0
0
0
0
0
0
0
0
0
0
0
0
768
922
0
0
0
0
0
0
0
0
0
0
159
566
0
0
0
174
0
667
0
950
0
0
0
982
0
0
0
770
0
627
0
0
0
0
0
0
0
0
0
838
0
724
0
0
0
0
0
0
882
0
0
0
0
572
0
0
0
0
0
0
0
0
787
0
211
0
935
0
0
0
0
0
0
987
673
0
0
0
894
0
578
0
0
872
0
0
0
0
0
0
0
0
0
0
0
0
0
0
0
0
0
0
531
0
0
609
0
0
0
0
0
537
0
0
0
0
0
0
0
0
0
0
0
0
0
780
0
0
0
0
726
0
858
0
962
0
882
0
0
0
656
0
0
0
0
0
0
0
0
0
0
0
0
0
0
0
0
0
0
0
748
0
0
0
0
0
0
132
965
0
0
0
0
0
0
0
0
0
0
0
0
0
0
0
0
0
0
0
0
0
0
0
453
0
0
388
0
0
0
0
0
0
0
0
0
0
493
0
946
0
0
0
0
0
457
0
792
0
0
303
0
0
679
0
0
0
0
0
0
0
0
890
0
880
0
0
0
319
0
687
362
0
521
0
0
0
0
0
0
229
0
0
0
0
0
0
0
0
0
0
214
962
0
0
0
0
0
0
0
963
0
0
0
0
861
0
0
0
833
0
0
0
0
0
0
0
0
0
0
0
0
191
0
0
0
0
0
0
0
0
0
0
0
251
0
0
0
0
273
0
508
804
0
0
0
0
0
0
0
0
0
779
0
0
0
806
0
0
617
0
248
674
0
0
0
0
0
0
0
0
0
0
0
167
0
0
0
0
0
0
0
0
0
0
0
0
0
0
0
406
0
641
925
0
0
998
0
0
0
323
871
0
0
0
0
0
0
0
0
0
0
0
0
0
710
0
0
0
0
0
0
0
0
527
0
0
0
0
0
0
228
0
0
0
0
0
0
0
864
0
0
223
0
455
0
0
0
0
0
0
0
0
879
0
0
0
0
0
0
368
0
0
0
0
0
0
0
0
0
565
0
0
0
0
0
0
0
0
0
0
766
990
0
0
0
0
0
0
0
0
0
0
0
0
0
0
0
0
0
290
0
0
0
677
576
678
0
690
0
0
0
0
0
0
502
0
0
0
0
191
0
0
0
195
566
0
0
0
0
0
0
0
0
0
0
0
0
0
0
0
0
0
0
0
0
0
0
0
0
0
0
108
0
0
0
0
0
0
113
0
0
0
0
0
884
0
0
0
0
0
0
0
0
920
0
780
0
431
0
0
0
982
0
0
0
0
0
0
934
0
0
726
0
590
0
218
0
0
0
0
0
0
0
0
0
0
0
0
0
456
0
0
0
573
0
0
0
0
453
0
0
0
0
0
0
981
0
0
729
340
673
0
0
0
941
0
0
0
0
0
0
0
0
0
0
0
0
967
0
0
0
0
0
0
0
962
0
0
0
0
0
739
0
0
728
0
0
0
0
0
0
0
293
0
0
0
0
0
0
0
0
0
0
0
0
0
0
650
0
800
0
624
0
0
0
0
0
0
0
582
0
446
0
621
0
0
0
0
0
0
0
307
0
0
0
0
0
0
0
0
527
195
0
0
0
0
0
0
0
0
979
254
0
0
0
0
0
0
175
889
132
0
0
833
0
0
0
0
0
0
0
0
0
0
717
0
0
688
0
620
0
0
0
0
0
0
0
952
913
0
0
0
0
0
0
609
0
0
0
0
913
0
0
0
0
0
0
919
0
0
0
325
0
0
0
0
0
608
0
0
0
322
0
0
0
0
877
0
0
0
0
0
0
0
0
0
0
0
0
0
0
566
0
0
0
0
817
0
0
0
0
0
0
107
0
0
452
0
0
0
0
920
390
0
0
0
0
0
0
0
0
0
0
0
933
0
943
0
0
0
0
301
0
0
0
0
0
970
0
0
0
0
0
0
0
0
0
0
0
0
824
0
0
0
0
0
0
0
0
0
0
0
0
654
0
291
0
0
457
874
0
0
0
0
0
0
0
0
824
0
0
0
0
0
0
0
0
0
388
0
0
0
981
0
0
0
881
533
0
0
304
0
0
0
0
0
0
0
0
0
840
850
0
0
0
0
0
0
0
978
0
0
421
0
502
0
0
0
0
0
0
0
0
191
743
0
400
0
296
0
0
0
0
704
0
0
579
0
0
0
0
0
988
0
0
0
732
0
0
0
0
0
0
0
0
925
0
0
0
519
0
0
0
0
0
0
0
0
0
0
0
398
0
0
0
0
0
0
0
0
0
0
0
0
817
881
0
0
0
778
0
0
0
0
920
347
769
0
0
0
0
0
0
0
0
631
111
956
0
0
0
0
0
0
0
443
0
0
0
0
384
217
0
0
0
0
0
0
467
0
0
338
992
0
0
0
0
0
0
147
0
0
0
0
0
0
0
0
0
0
711
0
0
247
191
0
0
0
0
121
0
0
0
0
0
0
0
0
0
0
0
0
0
973
0
781
0
0
0
0
0
0
0
0
0
533
0
0
0
0
734
203
0
0
0
0
0
0
0
0
0
739
0
109
0
0
0
0
0
358
0
0
0
525
0
0
0
163
992
0
0
0
0
0
513
0
0
0
0
0
0
0
0
0
0
946
0
0
718
0
0
322
0
0
647
0
0
0
0
0
0
757
0
0
853
0
333
480
0
0
789
0
0
0
0
0
426
386
0
0
0
0
0
0
0
0
768
0
0
0
0
0
729
0
0
0
0
0
0
0
0
183
0
386
0
0
121
0
0
0
0
739
0
0
222
0
0
0
0
190
0
0
0
0
0
714
263
0
0
0
0
892
0
0
648
0
0
0
0
0
0
0
338
0
0
0
0
0
0
0
0
0
0
0
0
0
0
0
0
378
0
0
0
0
0
0
0
0
0
0
0
0
0
0
0
486
237
232
0
0
927
0
0
0
0
0
922
0
0
0
0
0
340
0
0
0
778
0
0
0
0
877
0
0
0
0
0
888
0
576
0
0
0
0
0
0
0
0
280
0
532
141
0
0
0
0
0
0
0
0
0
0
353
0
0
0
0
0
0
0
948
0
705
0
0
0
0
0
0
0
0
0
0
422
0
0
659
0
0
0
0
0
0
0
991
0
0
0
202
411
950
0
0
0
0
0
0
0
0
0
917
484
679
0
678
0
0
0
0
0
228
0
673
979
0
304
0
734
0
0
0
0
0
0
0
282
100
244
0
160
0
0
0
0
190
0
0
0
0
0
0
691
0
0
0
0
333
0
0
0
0
0
0
0
0
0
0
0
618
0
0
0
0
0
0
0
0
513
0
0
0
601
0
0
0
0
0
674
0
0
0
0
0
733
0
233
715
703
0
410
715
0
149
794
0
676
0
759
447
0
0
0
0
0
0
488
0
0
0
0
0
0
0
254
0
0
0
203
183
877
0
0
0
0
0
0
0
0
725
232
0
0
0
0
0
0
0
117
545
0
0
964
0
0
797
143
0
0
0
0
0
0
0
247
101
0
0
179
0
0
0
0
0
0
329
0
0
0
222
0
0
0
0
0
0
0
284
0
0
0
0
0
0
161
877
0
0
299
0
0
0
0
0
0
0
0
0
0
562
435
0
106
0
0
0
0
0
531
0
0
0
0
0
0
0
0
0
0
0
0
0
0
0
742
0
0
0
915
0
0
235
0
340
0
0
0
0
0
0
333
0
0
0
0
0
0
181
0
0
0
0
0
0
0
0
354
0
683
0
0
0
0
634
0
0
796
0
0
0
0
0
0
0
0
0
0
0
868
477
946
0
0
0
889
0
0
0
445
0
206
840
0
0
0
700
0
0
0
0
0
0
0
0
0
0
792
0
0
0
251
0
0
0
0
107
0
0
0
386
0
0
0
742
0
0
0
627
0
0
0
0
0
0
0
0
625
0
0
0
0
0
645
0
0
249
0
0
0
0
868
451
979
252
0
0
0
0
0
0
0
0
0
0
0
0
0
0
0
0
0
0
0
0
0
0
0
0
0
481
0
0
978
0
0
241
727
0
0
777
0
0
0
0
0
0
0
0
0
0
0
0
328
0
0
0
0
0
0
0
0
0
0
941
0
0
0
920
0
0
0
0
0
0
0
0
0
0
0
268
0
0
0
145
0
0
667
0
0
803
0
291
0
0
0
0
792
0
0
0
743
0
0
0
0
0
681
832
0
166
0
0
141
678
0
375
0
0
960
223
0
0
0
0
0
0
0
0
0
0
0
0
0
0
0
0
608
0
0
0
354
389
0
0
0
583
0
0
161
0
0
0
0
721
0
0
0
0
609
0
0
0
0
0
0
0
0
347
0
0
0
282
0
0
0
0
0
989
0
0
0
0
0
0
0
0
0
0
217
0
349
0
0
0
0
0
0
0
0
0
0
0
0
359
0
0
0
0
0
0
0
0
0
0
0
0
0
0
0
449
0
0
0
0
0
0
542
0
0
0
0
0
0
0
0
0
0
0
0
0
0
0
0
0
0
808
0
0
0
0
0
977
112
0
0
0
0
0
0
493
0
0
0
0
0
452
0
769
0
121
0
100
0
0
627
0
989
0
