0
915
960
987
783
621
756
975
728
31
8
884
954
441
53
875
300
885
4
968
79
18
679
911
911
387
542
912
95
942
873
926
918
905
56
9
960
336
90
795
3
956
957
805
854
572
28
930
875
920
1
879
61
84
901
911
21
909
910
879
6
890
985
830
9
35
7
10
758
83
9
918
652
980
792
8
844
794
738
825
1
980
21
916
955
2
90
968
8
17
7
943
813
893
923
6
841
915
757
893
915
0
922
829
957
763
964
972
890
865
861
787
49
871
897
873
816
273
959
389
796
710
934
873
783
971
98
805
895
850
91
839
898
986
863
908
468
811
26
986
886
35
69
870
817
28
822
945
987
778
892
873
847
966
889
911
537
831
64
321
953
994
851
864
833
396
990
754
64
877
774
87
423
811
851
757
798
559
889
369
770
36
492
928
883
932
963
509
902
396
75
854
62
59
832
35
5
994
932
850
960
922
0
889
877
770
897
856
902
960
638
891
891
703
701
910
797
64
866
768
336
492
334
908
943
97
44
894
463
801
921
933
96
38
365
408
867
855
813
976
871
853
883
834
890
933
569
823
913
767
933
98
955
448
855
803
759
816
932
760
994
999
998
85
823
63
915
982
789
835
924
54
867
64
46
448
813
854
924
858
984
861
948
993
91
768
996
911
750
772
776
821
364
898
845
60
785
868
933
967
987
829
889
0
804
983
976
789
876
31
783
2
914
74
657
44
396
887
371
294
587
968
854
972
892
986
335
954
924
810
917
341
894
62
752
864
832
27
32
900
33
314
98
917
966
857
901
561
928
75
890
834
930
995
967
928
63
873
996
42
904
40
491
27
770
83
851
438
839
852
971
973
57
967
926
474
971
532
951
18
34
54
32
23
894
865
973
46
972
921
83
965
948
898
778
856
909
427
945
897
783
957
877
804
0
905
927
888
831
976
976
320
932
72
999
773
474
970
881
49
49
416
884
22
60
2
994
897
81
993
904
813
978
854
45
758
910
557
485
28
837
57
953
489
948
885
6
984
30
62
951
826
858
435
686
779
5
38
769
909
821
91
825
76
912
903
717
832
799
565
875
48
979
883
932
836
586
894
308
25
882
891
91
889
285
893
894
995
43
907
71
876
973
751
405
808
71
894
975
912
621
763
770
983
905
0
891
784
926
759
1
540
889
916
478
909
786
800
921
796
942
859
897
893
885
874
894
828
11
46
1
874
277
941
298
452
915
85
910
860
18
979
918
812
998
925
993
819
971
911
441
679
863
308
475
1
11
912
93
60
1
1
856
43
823
981
850
92
629
985
82
370
338
957
990
874
955
903
830
333
94
774
914
824
41
8
898
922
50
962
9
11
900
879
970
661
768
969
980
990
756
964
897
976
927
891
0
854
948
944
917
870
576
994
951
857
834
507
927
919
974
906
921
872
942
977
291
965
997
750
935
758
840
21
947
392
932
907
910
908
74
55
968
505
840
378
273
10
782
777
931
842
55
917
877
947
65
18
888
880
842
81
412
850
325
914
52
970
908
899
347
5
767
914
960
904
71
401
39
69
976
790
287
793
507
878
52
968
805
86
590
876
862
914
753
857
988
923
806
822
975
972
856
789
888
784
854
0
944
915
948
875
922
861
882
15
470
994
91
949
960
989
999
511
997
491
681
652
622
784
780
329
834
879
3
594
857
957
290
880
403
854
300
843
1
11
940
490
60
17
317
587
878
940
900
932
908
56
993
844
34
879
982
896
292
867
894
955
18
879
96
892
764
32
775
679
850
898
866
906
919
967
970
929
34
992
940
30
627
930
945
780
803
750
965
950
959
766
70
996
728
890
902
876
831
926
948
944
0
998
894
920
999
865
938
56
765
971
767
304
965
903
853
967
381
21
12
875
967
1
994
940
818
541
72
873
821
923
979
526
343
977
78
37
917
960
882
880
995
930
937
73
929
66
913
967
91
839
952
923
778
679
979
644
393
928
53
917
964
820
932
898
796
985
894
70
77
738
809
867
861
291
868
737
797
760
803
959
916
979
889
628
777
981
834
788
834
997
861
983
31
865
960
31
976
759
944
915
998
0
841
81
827
861
977
9
891
890
905
955
901
964
828
795
928
855
936
905
967
867
786
44
763
993
74
864
887
883
863
459
84
973
644
934
76
660
855
770
32
776
977
980
893
827
500
301
898
791
38
805
997
969
874
986
978
982
963
98
39
984
935
901
982
649
64
914
58
985
910
859
772
5
941
850
982
76
776
974
43
873
907
35
532
856
876
887
787
610
996
14
8
861
638
783
976
1
917
948
894
841
0
892
955
897
997
97
768
489
810
911
37
859
879
850
826
94
967
334
996
538
9
824
864
985
852
1
10
916
988
98
3
875
863
811
860
925
921
923
41
43
82
885
910
45
954
959
980
914
18
936
724
935
698
820
943
881
952
26
809
90
9
13
74
953
985
35
36
253
865
912
3
916
898
908
64
5
890
968
814
914
7
954
985
940
965
1
856
959
995
839
884
787
891
2
320
540
870
875
920
81
892
0
99
771
970
10
928
796
929
935
943
81
962
876
869
514
94
979
926
957
930
15
813
982
12
256
812
998
929
836
37
339
939
51
919
359
52
988
842
905
889
26
988
793
800
991
994
477
760
942
64
992
31
858
803
50
59
689
824
610
811
954
913
308
775
10
999
931
3
812
824
65
41
914
811
846
538
861
877
12
33
965
865
903
10
899
888
21
5
881
954
49
891
914
932
889
576
922
999
827
955
99
0
524
876
906
858
869
882
867
52
854
82
945
986
45
907
885
970
755
899
294
972
41
26
882
98
920
847
741
811
880
946
970
960
75
553
912
750
77
41
661
21
837
993
847
45
78
2
860
338
851
803
29
87
16
538
24
871
950
751
975
961
620
94
937
27
558
771
826
952
18
592
839
910
908
314
666
867
958
943
874
985
755
15
505
20
852
765
83
441
871
703
74
72
916
994
861
865
861
897
771
524
0
901
41
780
791
65
955
794
893
898
864
993
69
996
951
978
85
870
972
855
879
949
955
434
888
753
859
929
90
871
783
967
894
454
38
812
805
914
89
71
893
942
888
889
860
924
595
839
989
766
40
923
770
811
963
373
760
998
676
787
594
959
930
2
17
15
957
771
12
977
831
957
852
387
962
13
353
870
771
769
878
502
447
853
926
843
963
53
897
701
657
999
478
951
882
938
977
997
970
876
901
0
49
840
928
96
980
2
944
857
997
250
733
981
864
924
926
752
788
942
468
941
958
968
858
806
679
67
65
885
908
935
988
900
506
890
967
809
888
932
15
750
23
455
752
768
769
371
922
48
970
876
491
396
289
910
893
911
907
919
77
935
805
751
7
92
876
70
564
839
540
978
768
901
917
46
909
820
948
661
32
882
995
810
927
996
999
875
873
910
44
773
909
857
15
56
9
97
10
906
41
49
0
24
886
31
310
78
89
828
860
865
852
35
890
867
924
75
963
930
864
876
467
941
28
794
876
3
510
810
779
797
727
39
788
297
787
288
886
954
966
877
510
938
981
998
6
20
852
856
980
994
4
851
830
803
58
9
769
75
73
915
333
882
775
693
964
947
841
969
930
957
2
896
784
772
27
6
915
801
766
719
340
445
8
317
58
300
816
797
396
474
786
834
470
765
891
768
928
858
780
840
24
0
759
869
72
977
50
882
932
923
782
2
878
991
999
934
754
868
640
850
733
80
911
801
53
708
68
99
998
887
892
97
3
992
852
999
56
383
720
853
796
367
704
872
918
897
32
565
355
980
752
969
259
873
15
970
975
907
946
805
565
899
45
878
926
973
29
41
636
84
780
922
857
953
480
735
874
887
397
928
21
33
44
956
917
885
273
64
887
970
800
507
994
971
890
489
796
869
791
928
886
759
0
868
965
67
44
82
874
833
984
768
657
984
267
989
810
528
938
921
895
993
85
638
863
921
976
641
589
999
622
81
935
902
49
813
50
16
442
887
868
937
67
808
768
763
795
776
538
908
661
795
775
898
871
904
850
889
836
2
927
936
3
572
853
855
962
63
958
862
873
911
931
977
867
889
694
421
994
633
844
909
83
951
824
4
959
866
371
881
921
927
91
767
905
810
929
882
65
96
31
869
868
0
931
976
999
974
12
559
822
762
981
906
964
754
790
958
31
808
861
867
2
938
775
886
885
793
914
680
779
981
521
989
42
879
991
671
875
84
842
942
962
881
851
824
768
918
898
21
893
983
76
887
913
886
76
977
752
850
911
9
254
31
2
26
898
9
950
999
883
892
969
549
808
866
396
18
934
9
825
63
872
938
758
968
389
768
294
49
796
919
949
304
955
911
935
867
955
980
310
72
965
931
0
974
852
957
697
9
968
351
809
836
15
794
770
864
890
28
849
781
977
28
983
893
873
819
250
965
936
763
832
1
516
328
948
759
779
857
904
967
930
299
853
762
24
38
60
870
854
54
968
251
997
817
13
326
90
930
59
901
546
419
61
917
989
827
790
84
358
877
765
998
59
767
34
752
923
786
936
881
870
892
850
79
796
336
587
49
942
974
960
965
901
37
943
52
794
2
78
977
67
976
974
0
791
843
574
780
4
50
597
841
788
8
982
945
869
28
5
918
753
856
944
73
881
918
853
790
3
976
74
21
976
14
896
894
460
919
3
891
756
914
940
977
78
861
890
516
5
909
587
885
74
8
914
871
938
751
896
915
34
669
826
53
765
959
85
969
52
92
758
27
93
2
11
957
996
936
923
992
619
99
970
18
710
492
968
416
859
906
989
903
964
859
81
854
893
944
89
50
44
999
852
791
0
881
811
988
836
69
16
727
897
465
906
510
441
853
676
903
926
880
645
30
623
69
969
74
849
923
971
28
921
955
21
70
80
45
993
918
66
976
820
980
905
301
788
910
975
83
70
916
862
960
379
16
988
967
811
90
931
918
989
810
757
79
1
983
55
554
993
845
915
5
98
844
604
565
958
855
396
399
938
679
934
334
854
884
897
921
999
853
828
879
962
82
898
857
828
882
82
974
957
843
881
0
912
814
356
775
997
534
779
825
614
94
929
809
840
79
37
368
775
917
915
76
792
360
644
951
907
603
992
562
937
866
43
882
884
1
987
995
941
8
283
935
962
957
743
914
990
941
803
946
497
883
896
12
897
375
585
364
959
804
903
54
71
759
999
994
888
841
253
10
976
40
957
874
770
559
84
823
937
911
873
908
972
22
893
872
511
967
795
850
876
945
864
997
860
932
874
12
697
574
811
912
0
960
926
959
278
663
848
964
386
684
871
1
795
916
999
32
878
559
350
548
88
914
56
688
905
925
325
989
961
890
918
545
913
10
985
876
336
957
483
446
771
989
963
863
63
954
917
985
920
953
937
602
864
787
944
800
973
809
34
944
959
908
793
731
857
791
905
797
800
97
979
884
954
799
911
39
939
911
783
943
892
60
885
942
997
381
928
826
869
986
993
250
865
923
833
559
9
780
988
814
960
0
999
819
915
96
17
725
78
772
957
368
984
781
885
68
951
63
639
51
760
808
946
357
997
370
310
690
90
82
975
899
784
987
2
298
850
966
41
916
969
993
915
822
76
837
98
953
65
984
817
635
73
46
6
977
69
853
604
28
823
884
955
983
863
27
864
994
814
885
4
928
10
906
888
867
38
387
971
97
986
2
874
977
491
21
855
94
514
45
69
733
852
782
984
822
968
4
836
356
926
999
0
56
974
994
859
2
622
99
806
62
2
314
93
880
992
8
644
14
811
764
331
888
902
616
881
934
933
678
892
992
66
893
801
770
14
1
12
988
99
918
4
996
773
792
814
925
924
978
957
1
957
58
791
921
756
5
56
874
920
753
1
990
921
859
853
36
920
17
17
848
85
35
887
764
462
542
98
44
335
994
894
291
681
12
936
967
94
907
996
981
35
2
768
762
351
50
69
775
959
819
56
0
965
767
856
783
816
790
970
878
838
991
909
778
904
973
937
754
35
954
953
459
972
904
44
818
916
757
884
727
987
690
973
12
929
906
819
951
983
31
45
963
955
662
501
918
768
947
13
64
612
348
964
859
54
72
874
898
765
937
895
636
918
924
910
775
589
857
907
828
845
839
28
859
803
912
805
894
954
897
828
965
652
875
905
334
979
885
951
864
890
878
657
981
809
597
16
997
278
915
974
965
0
890
496
32
978
75
67
775
796
646
777
883
878
935
869
916
956
922
770
785
925
508
771
931
42
971
27
938
962
900
514
860
932
939
871
910
945
75
935
924
47
434
94
966
968
69
11
797
78
917
935
924
672
990
863
980
497
930
356
29
806
971
862
289
91
882
25
971
53
11
51
964
866
95
895
463
924
81
11
997
622
967
967
996
926
970
978
924
867
991
984
906
836
841
727
534
663
96
994
767
890
0
15
866
878
846
632
962
959
998
86
632
896
599
641
846
858
859
893
950
875
924
944
973
966
877
918
903
760
917
90
937
758
964
275
308
945
13
895
86
52
976
890
36
984
690
982
509
860
871
890
903
873
955
924
60
939
608
753
881
974
971
931
80
928
822
345
870
860
62
938
82
904
942
850
801
810
993
46
750
784
1
867
538
957
755
85
926
924
999
267
964
15
788
897
779
848
17
859
856
496
15
0
547
287
759
32
947
46
38
859
920
900
867
988
926
517
305
785
85
876
862
77
970
830
853
816
969
907
14
942
757
995
930
953
916
30
941
885
917
711
924
979
1
963
907
796
666
819
787
399
645
68
905
992
556
882
985
961
957
867
994
796
928
34
999
922
38
875
996
15
922
902
873
91
921
917
904
1
935
780
994
786
9
930
899
870
752
75
934
989
754
794
8
465
825
964
725
2
783
32
866
547
0
791
352
949
858
9
938
919
869
970
948
872
860
845
965
9
914
858
57
836
874
922
538
869
62
9
910
851
800
865
7
294
996
947
938
993
758
878
753
360
859
928
974
713
337
732
899
942
993
862
8
953
321
972
802
938
943
966
910
975
95
873
871
946
961
9
869
31
973
347
926
839
933
341
813
874
758
329
940
44
824
15
294
972
788
963
754
810
790
770
982
906
614
386
78
622
816
978
878
287
791
0
684
45
50
907
841
995
13
991
922
900
964
870
518
792
892
842
80
764
936
898
759
694
838
46
952
768
813
971
988
95
934
98
779
69
879
873
874
982
8
52
909
489
908
956
96
825
60
881
81
417
946
892
62
860
970
933
493
869
909
42
85
22
936
658
436
877
887
957
918
898
96
894
978
277
840
834
818
763
864
813
972
855
942
930
868
528
958
864
945
510
94
684
772
99
790
75
846
759
352
684
0
966
950
932
3
983
868
816
656
968
780
854
946
64
796
936
972
10
975
55
93
808
41
891
958
74
781
789
892
766
790
968
831
871
499
800
512
760
827
479
685
966
903
876
909
942
758
82
904
765
862
890
870
841
983
676
61
727
788
868
858
63
786
948
309
40
83
900
905
986
38
62
854
941
21
879
541
993
985
982
41
879
468
864
640
938
31
890
869
441
929
871
957
806
970
67
632
32
949
45
966
0
964
354
851
554
965
887
793
78
966
46
788
780
774
870
418
513
461
312
784
822
928
91
490
50
849
590
842
762
943
868
960
859
915
636
882
789
950
862
938
909
989
954
436
798
862
937
70
958
947
972
70
754
796
71
373
952
911
926
876
757
516
816
856
470
251
864
56
863
365
752
45
298
947
3
72
74
852
12
26
949
941
876
850
921
808
28
28
853
809
1
368
62
878
775
962
947
858
50
950
964
0
861
914
80
990
593
842
992
49
860
947
924
63
457
991
835
916
942
904
392
924
999
387
929
271
853
80
269
894
900
962
870
827
835
58
893
976
960
761
755
565
791
787
984
937
756
871
93
978
963
750
865
905
955
903
759
520
983
751
968
15
93
757
932
1
926
9
908
408
864
758
452
392
594
873
864
1
256
882
955
958
467
733
895
861
849
5
676
840
795
984
2
838
796
959
46
9
907
932
354
861
0
796
931
875
860
328
39
353
867
872
1
857
716
802
974
3
811
85
861
762
4
50
772
933
69
9
823
315
820
368
870
888
935
917
923
49
949
970
42
10
323
528
802
83
925
6
970
822
853
642
550
918
868
749
86
856
807
701
693
776
406
954
23
981
762
960
468
867
832
910
915
932
857
821
887
10
812
98
434
968
941
80
993
867
781
918
903
79
916
781
314
991
646
998
38
938
841
3
851
914
796
0
785
952
914
965
769
682
979
913
856
26
890
977
810
766
853
256
886
817
17
962
946
867
28
938
851
413
960
41
986
890
950
87
917
489
72
905
895
927
86
779
908
870
391
709
319
323
930
793
556
785
8
388
12
899
978
281
967
903
898
74
720
951
859
336
811
855
27
557
85
907
957
923
883
916
998
920
888
858
28
911
85
2
977
753
926
37
999
885
93
909
777
86
859
919
995
983
554
80
931
785
0
841
80
980
883
818
833
879
803
6
974
953
932
625
818
618
46
917
808
876
941
912
866
5
783
826
73
376
955
921
780
887
824
988
27
992
963
914
512
57
775
857
65
863
893
948
48
317
868
346
585
830
814
851
945
951
568
936
29
777
869
618
960
90
26
813
32
485
910
910
290
979
863
988
929
847
753
806
794
801
638
938
28
856
880
368
32
68
880
778
883
632
920
869
13
868
965
990
875
952
841
0
928
819
495
68
903
778
503
871
940
757
915
948
986
977
56
979
937
765
908
769
85
999
990
51
1
534
757
63
80
999
899
981
953
20
44
839
48
657
36
938
86
323
66
339
779
987
842
914
936
937
285
877
579
862
829
865
967
899
793
946
537
795
986
976
900
28
860
908
880
526
459
98
836
741
859
679
876
53
863
775
983
944
645
775
878
951
992
904
878
896
900
970
991
816
887
593
860
914
80
928
0
978
772
851
911
975
754
755
584
863
824
16
969
550
923
17
955
880
877
1
993
963
918
3
999
958
885
806
773
859
964
878
49
927
63
976
933
317
794
858
261
753
53
954
872
874
998
959
845
61
857
18
876
904
968
375
618
64
794
817
839
3
886
871
33
837
18
74
403
343
84
3
37
811
929
67
3
708
921
886
893
73
30
917
559
63
8
973
935
599
867
948
922
656
793
842
328
965
980
819
978
0
905
998
33
868
4
931
944
862
982
2
67
879
883
803
918
64
883
89
986
36
34
85
527
431
1
45
854
910
959
875
893
784
861
856
5
924
907
949
878
42
763
923
294
977
740
686
972
936
881
2
907
948
917
572
93
96
992
987
51
956
35
853
314
57
979
55
854
977
973
875
339
880
90
65
510
68
976
885
873
881
623
915
350
639
644
937
869
641
988
872
900
968
78
992
39
769
883
495
772
905
0
919
295
772
893
39
14
929
51
29
953
915
861
529
393
912
852
843
979
847
962
853
62
536
975
769
891
64
683
983
908
834
97
999
274
11
752
860
870
713
357
926
857
868
839
989
952
597
300
821
832
925
868
496
932
880
880
925
603
957
69
883
98
953
918
968
300
78
644
863
939
946
871
885
810
99
641
793
819
918
69
76
548
51
14
754
916
846
926
860
964
780
966
49
353
682
818
68
851
998
919
0
824
7
894
830
25
972
932
436
757
90
939
46
96
74
14
36
792
797
26
987
807
988
32
985
274
854
757
872
912
890
885
13
796
929
993
916
317
887
3
865
899
534
960
921
38
940
971
802
858
824
814
985
849
81
945
994
937
805
870
834
917
489
812
505
843
37
934
811
51
970
783
908
779
998
589
914
250
853
969
792
88
760
811
35
956
858
517
845
870
854
46
860
867
979
833
903
911
33
295
824
0
772
900
981
84
765
505
950
342
896
870
650
965
39
888
809
855
765
905
23
52
884
41
31
930
951
997
855
952
973
778
870
89
81
836
80
276
522
935
963
92
844
848
474
816
739
950
799
877
270
79
952
596
3
771
963
979
854
817
890
966
948
998
840
1
917
76
860
919
960
967
935
797
887
999
680
965
790
74
360
914
808
764
954
922
859
305
965
518
946
788
947
872
913
879
778
975
868
772
7
772
0
874
859
875
923
948
808
764
14
772
15
26
600
868
962
982
876
968
59
788
953
981
85
883
904
806
837
878
992
992
874
478
79
906
951
880
931
852
589
327
51
875
900
872
290
830
997
892
867
916
43
945
855
554
941
901
572
28
933
857
885
925
378
11
960
660
925
359
75
894
988
727
892
622
779
936
3
849
644
56
946
331
953
770
893
785
9
792
64
780
924
1
856
803
503
754
4
893
894
900
874
0
11
69
868
868
7
981
806
84
920
950
723
903
842
885
635
911
43
698
975
78
968
673
55
928
6
859
753
860
807
7
853
76
875
254
4
840
777
29
989
7
579
986
806
793
897
499
63
877
772
72
907
961
2
763
28
822
569
901
6
993
273
940
882
855
921
52
553
454
900
39
97
81
981
763
976
923
951
688
357
888
459
785
950
85
914
892
796
774
63
857
26
6
871
755
931
39
830
981
859
11
0
858
869
46
956
956
964
74
943
823
846
954
890
870
984
956
519
730
925
889
896
936
977
46
491
906
990
964
888
17
2
10
940
25
23
902
867
85
58
972
53
850
382
502
819
955
930
753
764
939
759
963
88
972
930
945
823
561
984
819
10
490
880
770
923
988
912
38
506
788
3
935
521
832
74
971
907
905
997
902
972
925
875
876
858
842
936
870
457
716
890
974
940
584
944
14
25
84
875
69
858
0
852
764
6
979
83
852
952
812
845
954
764
907
24
908
994
930
783
770
900
776
890
99
52
988
864
906
987
944
654
896
988
924
784
869
839
765
971
950
986
892
969
28
943
12
935
20
835
972
750
779
783
919
875
987
913
928
30
971
782
60
995
32
41
842
750
812
890
297
992
902
989
1
21
28
603
925
370
616
904
508
924
862
57
80
972
418
991
802
977
953
757
863
862
929
972
765
923
868
869
852
0
497
917
787
810
999
901
872
955
933
41
945
73
787
911
996
856
802
998
82
767
966
962
947
23
947
852
978
580
904
966
931
971
791
998
902
5
650
783
85
769
528
833
313
929
882
55
972
991
952
874
896
920
778
767
75
62
911
777
17
930
776
43
905
77
805
967
787
852
49
42
516
976
921
992
325
310
881
44
771
944
77
836
764
10
513
835
974
810
932
915
824
982
51
932
505
948
868
46
764
497
0
58
10
293
943
948
865
979
787
769
37
936
988
49
904
863
898
647
968
90
853
827
917
762
963
52
831
256
884
871
308
899
978
979
881
850
652
942
938
4
754
848
942
950
787
887
74
899
759
302
974
1
892
933
890
951
441
931
317
937
977
82
889
41
914
809
288
999
813
879
328
14
955
562
989
690
934
818
931
973
970
874
936
975
461
916
3
766
625
948
16
2
29
436
950
808
7
956
6
917
58
0
8
927
810
944
9
952
757
844
976
851
914
935
822
939
8
731
920
670
913
31
876
869
569
984
451
778
432
438
827
3
260
960
953
790
876
926
973
545
840
81
905
796
829
904
3
717
936
297
942
879
873
98
834
826
679
842
587
73
980
885
26
661
89
888
886
56
50
991
948
896
21
937
961
90
933
916
42
966
830
922
898
55
312
942
811
853
818
986
969
67
953
757
342
764
981
956
979
787
10
8
0
391
802
910
453
952
814
861
883
984
892
760
889
789
859
877
879
929
880
944
877
347
966
749
94
791
898
48
931
76
951
916
557
885
950
954
751
454
816
856
829
789
899
57
774
52
789
635
339
61
847
955
930
858
863
55
878
929
893
910
988
21
71
932
954
383
16
671
759
894
70
866
890
82
678
757
971
877
853
538
759
93
784
904
85
256
618
977
550
879
915
90
896
14
806
964
83
810
293
927
391
0
368
864
6
980
805
12
855
800
899
54
13
73
807
877
83
938
828
340
283
887
983
823
56
841
821
965
997
571
961
830
523
72
868
928
977
921
300
606
895
961
455
936
267
98
917
899
897
84
966
448
995
435
308
917
940
66
827
45
793
837
893
15
966
720
442
875
779
460
80
43
918
975
892
884
27
918
816
869
694
808
822
392
861
886
46
56
923
883
861
939
870
772
84
74
852
999
943
810
802
368
0
46
965
889
752
586
995
67
888
922
294
71
952
750
886
96
912
964
904
975
803
913
899
914
999
980
717
958
65
81
865
52
898
19
13
804
290
864
497
871
91
844
430
997
790
882
952
901
889
855
967
686
475
877
900
913
500
954
800
993
942
750
877
853
887
84
857
919
45
882
545
899
992
727
938
903
969
62
838
41
928
924
762
817
917
979
17
803
529
46
650
15
920
943
952
901
948
944
910
864
46
0
775
856
564
424
972
15
881
99
441
986
575
948
42
896
888
33
968
970
898
863
960
946
95
837
367
478
864
871
792
65
830
876
73
628
933
87
724
940
83
887
811
879
881
832
797
911
911
803
928
779
1
947
932
967
301
959
991
847
888
23
510
796
868
842
904
3
993
884
913
784
66
987
962
760
907
9
46
891
91
999
4
17
808
937
955
918
393
96
965
26
950
823
812
872
865
9
453
6
965
775
0
14
897
62
763
6
831
412
854
599
78
852
870
890
610
993
932
845
962
34
3
54
951
339
853
6
963
23
993
886
927
980
839
982
901
480
871
939
47
945
749
767
924
39
984
21
537
759
63
5
11
65
908
91
898
980
994
45
889
455
938
367
937
942
967
891
918
1
10
987
893
690
900
917
14
910
952
958
490
387
50
962
876
765
880
64
912
74
39
600
723
846
845
955
979
952
952
980
889
856
14
0
256
869
380
22
882
752
916
913
740
984
985
858
826
940
37
43
36
71
985
314
13
929
936
884
81
7
852
950
762
852
13
488
904
968
923
795
908
946
942
962
854
976
999
909
831
816
873
38
912
18
56
839
791
914
477
78
860
752
981
704
67
962
930
756
66
987
985
2
801
973
514
90
942
851
768
74
50
929
772
946
941
908
877
883
852
14
888
868
903
954
954
933
787
757
814
805
752
564
897
256
0
892
15
901
560
826
90
1
62
50
832
954
934
782
11
68
275
851
931
967
795
60
985
856
851
868
355
337
942
416
950
397
966
594
943
857
936
874
813
58
842
938
13
910
64
932
996
769
93
888
993
952
38
18
760
2
924
768
998
872
808
881
299
914
976
995
876
298
770
12
860
937
757
800
813
781
849
271
933
867
912
769
1
89
843
36
809
962
842
890
764
41
769
844
861
12
586
424
62
869
892
0
619
815
3
50
674
25
880
874
915
564
969
890
935
788
461
867
946
302
783
283
913
981
863
932
408
24
894
710
40
835
889
936
279
902
948
905
785
455
821
986
47
879
321
760
42
909
60
880
844
923
805
936
942
860
595
769
6
918
768
851
853
940
820
941
336
850
14
929
932
758
995
865
971
789
590
853
69
28
866
85
993
986
979
792
855
982
885
870
907
945
37
976
883
855
995
972
763
380
15
619
0
805
697
986
71
809
827
778
809
882
842
337
853
671
880
87
927
914
889
969
351
821
952
997
793
406
413
952
852
673
606
559
917
969
883
947
25
978
40
892
851
6
953
994
904
821
1
842
34
778
997
724
64
338
839
371
20
897
763
824
762
977
980
8
957
966
1
906
939
964
930
7
988
892
842
80
9
938
5
999
963
36
847
797
765
876
635
984
24
73
936
851
984
800
67
15
6
22
901
815
805
0
963
42
26
863
946
422
881
854
950
2
7
924
99
975
971
346
270
86
902
5
60
52
59
948
672
643
48
81
923
746
85
976
994
899
5
916
818
907
857
890
994
999
40
91
1
81
879
679
969
935
992
851
989
922
852
32
795
768
24
78
905
283
483
41
12
819
871
275
953
294
95
766
762
269
823
851
783
990
918
34
962
26
905
968
911
956
908
787
988
914
892
899
888
881
831
882
560
3
697
963
0
861
882
913
906
861
320
979
941
958
52
809
431
915
802
819
813
676
871
885
926
703
976
419
563
827
25
830
621
963
959
526
46
886
994
96
995
316
829
985
851
998
491
825
856
412
982
979
874
698
31
803
766
48
856
565
776
918
38
861
301
935
446
916
988
951
910
308
916
996
934
790
943
894
315
413
826
51
3
85
853
987
23
59
43
519
994
911
49
935
760
54
922
99
412
752
826
50
986
42
861
0
939
965
320
789
686
934
917
882
897
787
935
86
880
40
907
982
966
832
936
263
945
898
974
8
870
346
624
712
767
34
936
789
14
911
920
958
334
830
864
85
27
76
43
850
896
644
986
820
858
29
40
970
980
355
538
898
60
890
788
962
771
969
99
983
945
945
30
947
98
968
868
900
820
960
73
1
999
527
62
807
52
788
698
730
930
996
904
822
889
13
294
441
854
916
90
674
71
26
882
939
0
995
98
898
989
767
49
913
869
800
361
956
31
84
885
817
19
978
959
537
829
954
779
893
990
54
278
980
839
838
88
860
561
921
680
809
927
9
833
823
770
912
823
325
292
393
978
943
803
87
923
876
994
980
908
21
870
516
910
957
989
993
918
31
75
13
941
938
779
831
960
962
368
41
376
534
958
431
536
988
884
953
975
925
783
856
863
939
789
73
71
986
599
913
1
25
809
863
913
965
995
0
829
958
891
575
956
28
978
10
953
912
914
803
858
865
551
983
28
79
818
854
967
426
930
872
701
898
524
785
753
753
994
940
945
934
3
35
396
63
83
903
981
914
867
928
982
881
50
16
770
491
4
752
661
893
854
5
975
743
963
915
4
45
935
895
885
993
69
871
859
870
870
986
955
757
885
1
975
32
41
981
78
889
770
802
898
8
859
807
952
575
78
740
62
880
827
946
906
320
98
829
0
855
410
754
873
979
945
44
971
942
8
760
930
784
261
5
531
90
696
969
850
62
565
889
815
5
62
67
879
462
514
37
55
843
40
7
990
915
851
717
850
52
894
53
963
952
59
538
811
396
851
969
795
983
54
909
83
914
863
822
996
963
924
86
917
758
879
499
915
827
888
890
921
63
806
45
769
985
31
85
968
896
900
998
647
731
877
877
750
948
852
984
50
874
778
422
861
789
898
958
855
0
548
76
999
950
774
987
405
62
371
946
782
544
531
805
979
87
900
906
945
949
859
379
971
988
872
887
922
94
753
996
761
980
925
10
754
982
438
832
92
970
955
917
98
26
689
24
963
289
830
259
775
76
968
587
70
990
63
76
773
955
47
52
711
878
873
800
636
835
935
950
780
80
773
854
891
274
930
883
673
936
776
82
968
920
879
83
886
42
870
985
832
915
809
881
320
686
989
891
410
548
0
857
83
568
62
80
989
702
912
953
19
913
81
927
759
984
1
971
79
6
73
915
916
919
867
858
864
968
96
770
29
849
797
758
64
789
839
799
629
908
18
964
39
809
824
871
373
910
803
873
898
887
251
885
916
941
954
837
792
662
434
976
924
753
874
512
882
58
917
87
887
999
859
910
64
854
951
904
55
977
890
767
90
670
929
938
96
896
890
858
954
564
882
854
979
934
767
575
754
76
857
0
991
871
940
25
983
908
974
980
287
859
865
874
995
909
895
36
74
844
816
828
403
81
793
946
776
58
49
46
832
73
990
83
877
835
852
565
985
899
879
820
984
90
610
950
760
893
58
15
871
913
997
74
862
803
917
98
814
501
94
890
979
360
982
760
789
893
923
917
824
899
964
959
683
757
997
806
928
46
99
966
853
913
880
828
912
888
610
826
934
969
842
950
941
917
49
956
873
999
83
991
0
990
861
767
947
835
702
955
50
683
75
987
871
308
18
898
872
877
922
28
38
30
886
875
885
887
970
869
44
865
942
9
774
924
971
875
82
347
96
932
935
9
811
751
998
911
9
970
904
886
817
8
960
946
985
953
925
918
966
36
1
859
8
827
950
976
49
489
988
981
878
875
983
872
855
837
6
491
52
962
827
31
944
340
964
33
993
940
782
890
337
2
958
882
913
28
979
950
568
871
990
0
986
38
833
814
1
896
937
914
755
2
69
788
902
28
2
801
732
97
940
928
807
884
636
854
32
785
29
951
882
918
87
54
973
48
370
5
892
898
901
13
954
975
676
907
769
975
850
76
13
914
379
497
920
65
924
768
968
984
963
928
52
479
862
960
949
72
27
953
49
893
908
912
952
878
859
906
988
947
917
876
877
283
904
968
932
37
11
935
853
7
52
897
869
978
945
774
62
940
861
986
0
884
19
986
976
33
959
914
858
536
923
858
19
974
910
893
8
31
774
40
935
819
500
762
3
936
934
90
824
652
423
867
57
979
338
767
764
796
982
74
913
961
787
919
75
907
889
977
326
871
16
883
953
984
978
947
69
690
907
974
909
685
938
761
970
905
992
20
927
784
834
890
973
992
753
990
864
23
762
869
347
887
975
970
845
43
68
788
671
924
809
787
800
10
44
987
80
25
767
38
884
0
903
945
429
643
572
874
71
25
46
912
921
814
982
956
794
797
864
29
938
971
60
994
977
983
952
886
924
980
811
64
967
883
957
914
32
985
649
953
308
620
594
77
73
946
836
752
90
938
988
896
937
817
957
13
11
982
796
713
489
966
909
755
42
895
963
44
63
861
97
885
778
992
860
964
906
947
963
569
966
983
803
898
962
36
275
461
880
99
431
935
361
953
971
405
989
983
947
833
19
903
0
878
279
852
977
980
878
855
915
769
12
74
925
95
857
943
791
49
62
982
848
829
964
774
3
973
767
792
851
46
926
932
990
960
775
894
64
985
775
94
959
935
915
805
2
850
930
751
967
12
602
635
1
64
797
509
666
337
908
903
989
565
10
927
914
839
976
856
999
13
870
874
807
888
987
852
52
984
749
823
913
863
34
71
851
867
87
975
915
86
956
912
942
62
702
908
835
814
986
945
878
0
969
872
912
948
906
869
730
832
925
640
868
699
967
55
270
63
806
924
885
878
801
862
66
281
879
8
757
448
474
836
874
904
679
70
914
35
10
937
930
805
333
565
927
911
59
896
811
897
864
73
957
612
78
860
819
732
956
876
954
791
323
86
512
48
933
5
274
796
89
478
7
17
944
978
831
451
94
56
899
960
3
985
931
946
927
971
802
880
31
914
8
371
912
974
702
1
976
429
279
969
0
878
921
992
794
6
98
596
509
990
922
860
453
826
736
950
269
310
586
969
4
881
927
60
710
844
798
813
971
586
955
71
850
77
58
36
999
27
2
751
882
899
936
9
901
915
90
375
787
46
58
348
917
871
787
899
96
909
436
787
528
779
57
657
317
924
11
929
81
79
853
2
654
580
256
778
791
841
914
946
54
314
967
302
914
346
819
40
84
803
760
946
953
980
955
896
33
643
852
872
878
0
975
807
837
984
913
918
880
943
796
914
859
49
904
612
856
14
844
947
793
64
283
704
80
794
559
854
532
894
903
401
898
738
985
253
931
558
17
7
775
45
3
254
546
34
931
585
944
6
791
964
935
890
399
942
825
942
798
984
802
908
775
36
794
907
752
993
836
906
76
10
896
904
884
432
898
821
999
95
951
13
795
783
889
270
813
907
885
858
930
782
19
287
50
937
959
572
977
912
921
975
0
851
990
868
750
924
938
754
46
7
944
52
836
49
950
885
956
58
820
770
821
965
864
738
889
924
951
308
830
39
866
809
910
865
3
771
15
92
693
878
572
31
419
669
918
364
800
977
921
859
924
903
645
993
60
758
862
937
83
870
857
938
858
949
860
916
80
951
875
940
988
966
871
438
48
965
980
837
339
929
60
283
969
86
676
982
817
865
784
544
913
859
683
914
914
874
980
948
992
807
851
0
911
868
295
874
72
880
955
922
919
839
49
759
850
685
830
757
913
988
770
88
976
825
369
858
18
25
333
69
906
867
859
912
812
826
957
876
964
926
853
2
61
826
989
959
973
69
756
54
672
873
68
862
881
82
937
756
925
391
65
86
261
878
870
317
276
880
254
25
924
931
308
827
931
997
717
367
853
936
985
913
351
902
871
966
19
551
261
531
81
865
75
755
858
71
878
906
794
837
990
911
0
899
22
779
77
956
850
903
772
50
252
937
15
22
956
963
63
885
635
981
803
1
770
984
34
882
94
976
919
861
772
3
824
952
771
70
947
973
855
26
917
53
810
804
809
853
5
72
990
955
905
8
81
904
70
871
6
709
863
323
753
42
713
887
522
931
4
23
784
971
899
3
76
571
958
478
6
884
856
981
821
5
885
832
978
983
5
805
927
874
987
2
536
25
855
869
6
984
868
868
899
0
928
422
855
83
8
25
876
947
750
871
27
721
14
920
945
948
996
802
97
980
36
861
54
891
774
790
967
291
5
916
65
18
12
564
841
29
962
898
989
765
757
903
34
604
56
874
863
924
992
953
417
765
958
93
970
319
893
66
53
763
357
3
935
852
840
902
869
791
978
260
951
961
65
864
963
81
851
863
952
60
926
936
959
28
531
979
759
995
871
69
923
46
915
730
98
913
750
295
22
928
0
943
31
858
21
869
887
4
48
898
957
37
949
766
942
945
58
797
943
21
492
948
32
91
914
287
970
868
941
898
41
592
977
839
969
41
63
9
827
959
79
54
944
28
874
898
980
60
556
321
946
862
947
978
822
323
948
339
954
923
926
865
963
589
777
867
839
998
979
960
916
830
81
871
23
7
868
932
997
52
703
263
537
79
90
87
984
909
308
788
858
912
769
832
596
918
924
874
779
422
943
0
972
859
820
925
990
70
945
968
98
976
836
989
988
79
951
99
64
916
928
993
23
889
824
793
929
737
850
908
914
839
831
540
930
636
958
950
790
85
1
71
959
823
920
765
497
939
882
972
892
890
972
963
853
930
48
779
872
294
857
899
92
327
29
85
765
902
881
953
557
523
865
792
993
852
355
408
793
59
976
945
829
818
696
900
1
895
18
902
19
921
12
925
509
880
938
72
77
855
31
972
0
976
952
911
810
909
998
879
942
863
5
931
823
770
267
88
293
955
883
91
894
285
41
507
34
797
982
64
811
910
957
978
957
84
862
999
84
969
983
759
908
884
753
937
930
608
985
802
62
870
70
750
642
793
317
987
874
977
868
534
844
51
989
58
971
5
850
790
885
72
52
65
886
950
337
24
406
948
419
898
954
854
969
906
971
36
898
28
974
814
74
640
990
943
754
880
956
83
858
859
976
0
814
975
954
971
79
24
873
20
712
979
892
931
979
435
956
2
932
768
865
893
8
878
992
760
76
5
846
908
852
768
2
780
873
883
358
52
55
999
793
955
1
895
356
753
961
938
860
841
754
865
550
556
868
842
998
740
839
960
848
875
7
972
950
650
652
876
950
868
898
830
927
762
942
894
413
672
563
974
779
967
850
945
79
74
872
2
910
982
925
868
922
796
46
955
850
8
21
820
952
814
0
964
761
980
792
1
977
962
865
959
3
901
837
638
996
90
963
996
973
894
898
52
940
803
776
890
538
314
387
901
896
922
911
892
877
92
554
994
731
983
990
636
29
881
957
943
970
983
796
905
918
785
346
914
959
686
989
921
474
900
579
53
986
783
942
926
954
928
19
876
980
852
416
710
952
643
827
8
893
426
62
949
6
844
877
801
893
956
95
699
860
914
7
922
903
25
869
925
911
975
964
0
991
75
799
724
558
514
924
781
51
96
797
79
874
968
509
911
46
995
922
968
30
959
974
968
861
666
962
917
784
857
931
969
765
758
993
888
857
863
921
918
806
974
867
966
933
676
71
955
868
8
585
936
845
972
952
38
816
872
986
850
892
85
938
973
751
977
13
73
839
13
950
40
852
48
25
870
990
930
565
859
73
816
922
732
8
794
857
967
453
859
944
919
772
876
887
990
810
954
761
991
0
816
43
926
59
765
942
16
830
27
895
30
380
8
902
750
972
43
50
805
627
916
43
814
877
867
13
46
772
953
977
549
998
27
845
841
791
27
859
924
971
971
994
910
493
61
373
903
749
388
830
937
61
936
597
940
739
290
806
382
969
769
4
545
454
921
804
628
982
488
397
835
673
81
830
346
54
872
889
379
915
828
28
97
31
797
943
55
826
49
52
839
50
947
4
70
909
971
980
75
816
0
334
391
58
21
581
37
910
43
935
854
990
17
396
772
921
907
962
86
930
979
873
914
12
958
353
909
27
480
867
808
59
93
915
253
905
864
853
910
862
931
796
975
869
727
952
759
86
12
814
285
857
881
300
971
950
830
793
502
28
528
754
840
816
300
290
933
901
904
966
889
606
923
621
624
278
701
815
971
916
403
38
940
774
864
791
270
736
904
836
49
252
750
48
945
998
79
792
799
43
334
0
968
940
794
923
925
893
72
848
595
34
7
75
776
83
71
9
590
945
889
907
7
33
943
870
820
6
735
889
866
767
2
5
10
797
994
36
775
289
80
928
95
909
788
911
520
856
899
851
877
18
2
821
802
799
997
897
819
943
833
848
81
856
606
864
87
480
968
594
936
559
746
963
712
980
898
5
988
919
81
30
928
40
29
49
63
950
612
49
759
937
871
898
968
879
24
1
724
926
391
968
0
40
950
973
38
34
759
787
889
51
943
854
821
965
876
11
876
780
628
35
954
965
874
771
948
915
874
694
396
34
11
98
976
800
814
920
589
91
928
34
873
42
868
926
983
807
978
945
579
876
907
832
858
877
892
499
955
12
313
942
905
829
895
497
724
871
923
943
279
917
85
959
767
839
524
62
872
867
793
886
807
935
938
62
806
269
856
950
850
15
27
957
98
942
873
977
558
59
58
940
40
0
3
912
607
899
750
983
936
761
813
62
364
948
973
900
862
803
777
532
985
865
985
769
661
801
887
421
18
752
957
844
40
97
885
17
857
882
822
999
871
85
858
876
751
701
281
951
862
904
948
925
824
270
867
63
930
935
929
950
796
789
961
871
940
939
795
857
902
969
976
526
34
838
785
67
887
858
946
875
884
819
971
982
924
310
14
885
685
22
721
37
976
863
20
962
514
765
21
794
950
3
0
798
794
787
841
772
888
982
893
59
898
898
751
879
914
750
981
856
940
903
755
878
32
766
397
994
934
923
996
604
957
979
4
17
907
25
345
922
946
22
63
757
968
693
967
568
829
968
917
868
814
79
916
877
753
20
882
787
829
899
455
91
83
47
908
936
948
883
994
46
936
88
753
879
922
864
776
885
636
500
60
848
885
586
844
956
830
956
14
949
836
5
712
865
924
942
581
923
973
912
798
0
441
635
886
913
900
853
923
832
845
778
405
970
753
965
834
876
965
10
15
502
882
719
928
633
9
786
936
565
874
884
928
848
828
971
870
38
961
936
786
516
15
776
903
936
865
375
572
496
985
952
43
772
764
835
55
887
904
57
936
844
887
945
946
874
905
947
899
886
789
860
753
462
94
968
58
887
854
762
994
829
878
969
947
58
757
963
920
766
989
931
979
959
781
16
37
925
38
607
794
441
0
687
900
888
865
71
6
35
60
856
808
661
857
950
788
887
1
899
505
447
995
340
21
844
825
936
923
958
770
954
10
85
845
53
860
875
9
658
948
816
93
406
898
29
967
618
93
932
849
596
945
72
939
972
972
74
3
774
267
430
811
749
942
813
785
25
5
994
14
561
994
514
753
96
49
970
32
3
977
964
801
4
793
820
913
63
945
942
988
823
892
3
51
830
910
893
34
899
787
635
687
0
988
881
899
937
841
5
785
909
71
768
988
959
834
787
856
888
20
853
810
445
33
909
63
881
992
855
559
799
906
35
839
11
62
996
869
436
309
856
757
954
74
777
899
64
96
880
81
3
855
907
759
750
991
899
717
52
98
997
879
767
962
58
455
978
916
96
911
921
940
37
996
770
46
869
785
936
983
774
862
881
64
770
988
885
948
945
79
770
931
901
96
27
43
72
759
750
841
886
900
988
0
284
74
891
915
994
868
427
894
969
923
766
997
610
959
21
852
926
927
8
44
83
872
870
619
396
84
911
888
887
28
51
938
15
31
877
40
470
932
23
720
869
793
794
992
880
945
771
554
961
963
779
952
759
936
789
917
790
881
924
854
842
821
40
818
995
920
680
945
55
761
29
832
44
29
934
952
3
66
927
283
821
770
635
996
58
951
267
979
837
797
895
935
848
787
983
772
913
888
881
284
0
888
812
757
932
933
945
975
980
806
70
861
996
995
5
765
843
996
317
956
951
938
892
99
399
823
39
867
764
859
964
82
922
973
887
83
251
1
981
951
618
946
817
987
925
994
963
941
2
88
783
874
302
297
635
899
882
832
39
976
938
986
892
907
316
958
809
934
843
980
849
73
865
951
90
886
973
281
60
704
965
88
981
802
797
99
88
435
638
79
30
854
595
889
936
888
900
865
899
74
888
0
852
893
850
967
897
912
990
822
996
983
14
839
881
83
963
999
58
917
824
758
850
970
938
937
939
38
462
803
866
904
902
347
957
900
864
926
762
859
960
537
839
51
603
937
979
901
763
972
919
896
974
942
339
897
952
797
984
999
13
47
851
857
829
334
927
3
40
925
797
990
942
882
824
924
767
879
710
80
864
976
803
97
943
64
293
956
996
874
380
990
34
51
761
982
853
71
937
891
812
852
0
