0
100
0
0
0
0
0
0
0
0
0
0
0
0
0
0
0
0
0
0
793
0
0
0
0
0
0
0
0
0
0
0
0
0
0
0
695
0
657
0
0
0
0
0
0
716
0
872
0
0
885
0
0
0
0
0
0
0
0
0
0
0
0
0
0
0
0
0
605
0
870
0
0
0
0
0
0
0
0
0
0
0
0
0
767
0
0
720
0
0
0
0
0
0
0
0
684
0
0
0
100
0
100
100
100
836
100
100
100
100
100
100
100
100
100
100
100
714
701
100
100
100
100
100
100
100
100
100
100
100
100
100
100
100
100
100
100
100
100
100
100
781
100
100
100
100
735
100
100
100
100
700
100
100
100
100
100
100
100
100
847
100
100
100
100
100
100
100
100
100
100
100
100
100
100
100
100
100
100
100
100
100
100
100
100
100
100
100
100
100
100
100
100
100
100
100
100
100
100
100
0
100
0
738
0
0
0
0
0
0
662
0
0
0
0
0
0
844
0
755
0
0
0
0
0
0
0
0
0
0
0
0
0
0
0
0
723
0
0
0
0
0
0
798
0
0
0
0
0
0
0
0
623
0
0
0
0
767
0
0
0
0
0
0
0
658
637
0
0
0
0
0
0
0
678
0
0
0
0
0
0
0
823
0
723
0
0
0
0
0
0
0
0
0
0
0
0
0
0
0
0
100
738
0
0
0
0
0
0
0
0
0
699
650
0
0
0
0
0
0
611
0
0
679
0
0
0
0
0
0
0
0
833
0
0
685
0
0
858
0
0
0
0
0
0
0
0
0
0
0
0
0
0
0
0
885
0
0
0
0
0
0
0
0
0
0
0
0
0
0
0
0
0
0
0
0
0
0
0
0
0
825
0
0
0
0
0
0
0
0
0
0
0
838
0
0
0
881
0
0
0
100
0
0
0
0
0
0
0
0
894
859
0
0
0
0
0
0
0
0
0
0
0
0
0
0
0
676
0
0
731
0
0
895
0
0
0
0
849
0
0
0
0
0
0
772
0
0
0
0
0
739
0
0
0
0
0
0
0
0
0
0
0
0
694
0
829
0
0
0
0
0
742
0
0
0
0
764
802
0
770
0
0
0
0
0
851
0
0
0
0
0
0
0
0
0
0
0
0
0
0
836
0
0
0
0
844
0
0
0
0
0
0
0
836
0
876
874
0
0
0
0
0
0
0
0
0
0
722
0
0
0
0
0
732
874
0
841
0
0
0
613
817
0
0
0
0
0
0
0
817
0
0
0
0
0
0
0
0
616
0
610
0
822
0
0
0
0
0
0
0
0
0
0
0
0
0
0
0
0
0
0
0
0
0
0
0
0
0
0
0
0
0
0
0
0
0
0
641
0
0
100
0
0
0
844
0
0
0
0
0
0
0
619
0
889
0
0
0
0
0
0
0
0
0
0
0
625
0
0
774
622
0
0
0
0
808
0
0
0
886
0
682
0
0
829
0
0
0
0
0
0
0
0
0
0
0
0
710
0
0
0
0
0
0
0
0
0
0
0
643
0
0
851
0
0
0
686
0
846
0
0
0
0
0
0
700
0
752
0
848
841
0
0
885
625
0
845
0
0
0
100
0
0
0
0
0
0
0
0
0
889
0
0
0
0
0
836
726
0
0
0
0
0
0
829
0
0
0
742
728
0
0
0
0
0
642
0
0
0
656
0
0
0
0
773
0
865
0
0
0
0
0
0
0
0
0
0
760
784
0
0
721
0
0
0
696
0
0
0
0
0
0
641
0
0
0
0
0
0
0
0
0
0
0
0
0
0
0
0
868
0
804
0
0
0
0
0
0
0
0
100
0
0
0
0
0
0
0
0
0
0
0
0
0
0
0
0
0
0
0
0
0
0
0
0
0
0
0
0
0
0
671
0
0
0
0
0
0
0
705
0
0
0
0
0
0
0
0
0
0
0
883
0
0
0
0
0
703
0
0
0
0
0
0
0
0
879
0
0
709
0
0
665
0
0
0
696
0
0
790
0
0
900
0
0
0
0
0
0
0
0
0
0
0
0
0
0
0
0
0
100
0
0
0
0
0
0
0
0
0
0
0
0
0
0
0
0
0
0
0
0
0
0
0
0
848
0
0
0
0
0
0
0
0
0
0
0
0
0
0
0
0
0
0
0
0
0
642
0
0
0
0
0
675
0
790
0
0
0
651
0
0
0
0
0
0
0
0
0
0
0
0
836
0
0
0
618
760
0
0
0
0
0
0
0
0
781
0
0
751
0
0
0
0
733
0
0
0
0
0
100
662
0
894
0
0
0
0
0
0
0
0
0
0
0
0
0
0
0
0
0
0
0
0
0
0
0
0
780
0
752
0
713
786
0
0
0
0
0
0
0
0
0
0
0
0
0
0
0
0
0
0
0
747
0
0
0
0
0
660
0
0
0
0
672
0
694
609
0
0
0
0
0
0
0
682
0
0
0
0
0
811
0
0
0
0
0
0
0
0
0
0
0
856
0
626
0
0
0
0
100
0
0
859
0
0
889
0
0
0
0
0
0
873
0
0
0
0
0
0
0
0
0
0
0
0
653
0
0
0
848
0
0
0
0
0
0
0
0
0
0
0
0
0
0
0
0
0
0
0
0
0
0
0
0
0
0
845
0
0
0
0
0
0
0
0
0
0
0
0
0
0
0
822
0
0
0
0
0
0
838
0
0
0
0
897
672
0
0
0
0
0
0
890
0
700
0
0
839
0
100
0
699
0
0
0
0
0
0
0
0
0
614
0
0
0
0
0
0
0
0
0
899
0
0
0
0
0
0
618
0
0
0
0
762
0
0
786
0
0
0
0
0
0
0
0
0
0
783
0
0
0
0
0
0
0
0
824
651
0
0
0
0
0
0
0
0
0
0
0
0
0
0
0
0
0
0
0
0
0
867
0
0
0
0
0
0
0
0
0
603
0
0
0
0
831
0
735
799
0
100
0
650
0
0
619
0
0
0
0
0
614
0
0
0
0
0
653
0
0
0
0
0
0
768
0
0
0
0
0
0
0
723
0
0
0
0
0
0
610
0
0
0
0
0
0
0
0
645
0
0
0
0
0
0
0
0
0
0
747
0
0
0
0
0
865
0
0
0
0
0
754
0
0
0
0
0
0
0
727
0
702
730
0
0
724
0
0
0
0
0
0
700
0
0
0
0
833
691
0
100
0
0
0
836
0
0
0
0
0
873
0
0
0
0
0
0
0
0
0
0
0
0
0
0
852
0
0
0
792
0
863
0
0
0
0
0
0
0
0
896
0
0
621
0
0
0
0
0
768
0
0
0
0
0
0
0
720
0
0
0
0
893
0
0
0
0
0
0
770
0
0
0
0
0
0
0
0
0
850
0
0
713
764
0
768
690
624
0
0
851
0
0
0
0
0
0
0
0
0
100
0
0
0
0
889
0
0
0
0
0
0
0
0
0
841
0
0
0
0
0
674
0
0
0
0
0
0
0
0
0
664
0
0
0
0
0
0
0
0
0
0
0
0
0
0
0
0
0
0
0
0
0
0
0
0
0
0
0
0
0
0
0
0
0
0
0
836
0
0
0
697
0
0
0
0
0
0
0
0
0
0
0
0
0
0
0
0
0
0
0
0
0
0
0
0
0
0
0
0
100
0
0
0
876
0
0
0
0
0
0
0
0
0
841
0
864
0
0
0
0
0
0
0
0
0
0
691
0
0
0
0
860
0
0
0
844
0
0
0
0
0
0
0
0
0
0
0
0
0
0
0
658
0
0
0
0
0
0
0
0
0
0
0
891
655
0
0
0
0
886
0
0
0
0
0
0
0
0
0
0
0
0
0
719
0
0
0
0
0
0
0
0
614
0
0
0
0
0
0
714
844
0
0
874
0
836
0
0
0
0
0
0
0
0
864
0
0
0
0
0
0
0
0
0
718
0
0
0
839
0
0
0
0
0
0
0
0
0
0
857
0
0
0
0
0
0
0
0
0
0
0
0
0
0
0
0
900
0
0
0
618
0
0
0
782
0
0
0
0
0
0
0
0
0
641
0
0
825
0
822
0
0
0
0
0
0
0
0
0
0
0
0
0
708
0
0
0
0
0
701
0
0
0
0
0
726
0
0
0
0
0
653
0
0
0
0
0
0
0
894
0
0
752
0
0
0
0
0
892
0
0
665
0
0
0
0
0
0
0
0
0
0
0
0
0
0
0
0
0
0
0
0
837
0
0
0
0
0
0
685
0
0
0
0
0
0
802
0
0
624
0
0
0
0
675
0
0
0
0
0
0
0
0
0
0
0
0
0
0
0
0
0
0
746
0
0
0
0
0
100
755
0
0
0
0
0
0
0
0
0
0
0
0
0
0
0
0
0
0
0
811
0
0
0
0
0
0
0
0
0
0
0
0
0
799
876
0
0
0
0
0
0
623
0
0
0
0
0
0
0
608
0
0
0
0
0
0
0
0
608
0
0
0
0
0
0
0
0
727
0
0
0
0
0
0
0
0
0
0
0
0
0
0
877
0
830
0
0
803
0
652
761
0
0
0
0
0
0
793
100
0
611
0
0
0
0
0
0
0
0
0
0
0
0
0
0
0
0
0
675
0
0
0
0
0
0
0
0
0
0
0
0
0
0
0
0
0
0
0
0
0
0
0
0
0
0
0
0
0
794
0
0
0
0
0
0
818
0
0
0
0
661
0
0
0
0
0
0
0
633
0
0
0
0
0
0
0
0
0
0
0
0
0
0
652
823
0
0
0
0
0
885
0
0
0
0
0
0
0
100
0
0
0
0
0
0
0
0
0
0
0
0
0
0
0
0
894
0
675
0
0
850
813
0
644
0
0
763
0
0
0
0
0
0
0
709
0
845
0
0
0
0
740
0
0
0
0
0
0
754
796
0
0
0
0
0
655
0
649
0
0
0
0
0
0
0
737
0
651
0
0
0
0
0
0
0
0
0
0
0
0
0
0
0
0
0
759
0
0
0
0
0
0
0
0
0
0
0
0
100
0
0
0
0
0
0
0
0
0
0
0
0
0
674
0
0
0
811
0
0
0
673
0
0
0
763
0
0
0
0
0
0
821
0
0
0
821
0
0
0
0
0
0
789
0
0
0
0
0
715
0
0
0
0
0
0
0
0
0
0
0
0
0
0
0
0
0
0
0
0
0
0
0
0
0
0
0
0
0
0
798
0
0
0
0
0
0
0
0
0
0
0
0
0
0
0
0
0
0
100
0
679
0
0
0
0
0
0
0
0
899
0
0
0
0
0
0
0
0
850
673
0
0
0
664
696
0
0
0
0
0
0
0
617
0
0
665
0
0
0
0
0
0
0
0
0
0
0
0
697
0
0
0
0
0
0
0
0
813
0
0
0
0
0
0
0
792
0
710
0
0
0
0
0
0
0
0
880
0
760
0
0
0
0
763
0
0
0
0
829
0
0
0
0
0
0
0
0
0
100
0
0
0
0
0
0
0
0
0
0
0
0
0
0
0
0
752
0
0
813
0
0
0
0
0
0
0
0
0
0
880
0
0
0
0
0
0
737
0
0
0
0
0
0
0
0
0
0
0
0
0
709
0
0
0
0
0
0
0
0
0
0
0
0
0
792
0
0
0
887
0
0
0
0
0
0
694
0
0
0
0
0
0
0
0
0
0
0
0
687
0
0
0
794
0
0
0
0
0
100
0
0
0
0
0
829
0
0
0
0
0
768
0
0
0
0
0
0
0
0
0
0
0
0
0
0
0
0
632
0
800
0
701
0
0
0
0
0
0
0
800
0
0
0
0
0
0
0
0
0
0
0
0
812
0
0
0
0
0
0
0
0
0
842
0
0
0
0
0
0
0
0
843
854
0
742
0
0
0
0
0
776
733
0
0
0
0
0
0
0
0
875
0
0
746
0
0
0
0
100
0
0
0
0
0
0
0
848
0
0
0
0
852
0
0
718
0
0
0
644
0
664
0
0
0
721
0
0
0
0
0
0
0
0
0
744
0
0
0
0
727
701
0
0
0
0
0
0
897
0
0
0
860
0
0
0
0
0
0
0
0
0
0
0
0
0
0
0
702
0
799
0
0
829
0
0
0
0
0
0
0
0
0
626
0
0
600
0
0
875
0
0
0
0
0
0
0
0
0
100
0
0
676
0
625
0
0
0
0
653
0
0
0
0
0
0
0
0
0
0
763
696
0
0
721
0
0
0
666
0
0
0
0
0
0
642
0
0
0
0
659
806
0
0
0
0
0
0
0
0
0
0
0
717
0
0
0
0
0
0
703
865
0
0
0
0
0
0
631
0
717
0
714
0
0
0
0
0
0
0
0
0
0
0
0
0
0
0
680
0
0
828
0
0
0
0
0
0
0
100
0
0
0
722
0
0
0
0
0
0
0
0
0
0
691
0
0
0
0
0
0
0
0
0
0
0
0
0
853
0
0
0
840
0
0
0
0
0
0
789
0
0
0
665
0
606
0
885
638
0
0
0
0
0
0
0
0
0
0
0
827
0
0
0
0
0
793
0
0
0
0
0
0
0
0
0
675
0
0
0
0
0
0
0
0
0
0
698
0
0
0
0
0
0
0
0
0
0
0
100
0
0
0
0
0
742
0
0
780
0
0
0
0
0
0
0
0
0
0
763
0
0
0
0
0
0
0
0
0
0
0
0
0
0
0
0
0
0
738
0
680
0
0
0
0
0
0
0
0
0
0
0
0
0
0
0
0
0
0
0
0
0
0
0
0
0
0
0
0
0
0
0
777
0
0
0
776
0
0
0
0
0
0
0
0
804
0
736
0
0
0
0
0
0
0
0
0
642
0
100
0
0
731
0
774
728
0
0
0
0
618
0
792
0
0
839
892
0
0
0
0
0
0
632
0
666
853
0
0
0
0
0
0
0
0
0
774
0
0
0
0
0
0
0
0
740
752
0
0
0
0
724
0
0
0
0
0
0
0
0
0
0
0
0
0
0
0
0
0
0
0
0
0
0
0
0
0
0
0
0
826
0
0
0
0
0
746
0
689
0
0
0
0
0
0
0
0
0
0
100
0
0
0
0
622
0
0
0
752
848
0
0
0
0
0
0
0
0
0
0
0
0
0
0
0
0
0
0
0
0
0
0
0
0
0
0
0
0
0
0
0
0
0
0
0
0
666
0
0
835
0
0
0
672
0
0
0
893
0
0
0
0
0
0
0
793
0
0
0
0
0
0
0
0
0
0
0
0
0
0
0
764
871
0
0
0
0
0
0
0
0
0
0
0
0
0
0
0
0
100
0
833
0
0
0
0
671
0
0
0
0
0
863
664
0
0
0
0
0
0
0
0
880
800
0
0
0
0
0
0
0
0
0
0
0
0
0
0
0
0
0
0
0
0
736
0
0
0
0
0
0
0
0
0
692
0
0
0
0
0
0
0
0
0
0
0
0
0
735
0
0
0
0
0
0
0
0
0
0
0
0
808
0
0
898
0
0
0
0
0
0
0
0
0
0
0
0
0
0
100
0
0
895
0
0
0
0
0
713
0
0
723
0
0
860
0
665
0
0
0
0
0
0
0
0
0
0
0
0
0
0
0
0
652
0
0
0
0
0
0
0
0
0
0
0
0
0
0
0
0
828
0
664
0
0
0
0
0
0
785
0
0
890
0
0
0
0
0
0
0
0
749
0
0
0
0
0
659
0
0
0
0
0
0
0
0
0
0
0
0
0
0
0
814
0
0
0
0
0
100
0
0
0
732
0
0
0
0
786
0
0
0
0
0
0
0
0
0
0
0
821
0
0
701
0
0
840
0
0
0
0
0
0
0
0
0
0
0
0
0
810
0
0
0
0
0
868
0
0
0
0
710
0
0
0
0
0
0
0
0
0
0
0
0
0
0
0
0
0
0
0
0
0
0
0
0
0
659
0
0
0
0
0
0
0
766
0
0
0
0
0
0
0
0
0
0
0
0
0
100
0
685
0
874
0
0
0
0
0
0
762
0
0
0
0
0
0
0
0
0
0
617
0
0
0
0
0
0
0
0
0
652
0
0
0
0
0
0
0
0
0
0
0
0
0
869
0
756
0
0
0
0
0
0
0
795
0
0
0
0
0
0
0
0
0
797
0
0
0
0
0
691
825
0
0
0
0
0
0
0
0
0
0
0
0
0
0
0
0
0
0
766
706
0
0
607
0
0
695
100
723
0
0
0
808
642
0
0
0
0
0
0
0
0
0
0
0
799
0
0
0
0
0
0
0
0
0
0
0
0
0
0
0
0
0
0
0
0
0
0
0
0
0
0
0
0
0
0
0
0
0
0
0
0
0
0
0
0
765
0
0
0
0
0
0
714
0
0
0
0
0
803
0
0
0
0
0
0
709
0
0
0
0
0
0
0
0
0
0
0
0
0
0
0
0
0
0
801
0
100
0
0
0
841
0
0
0
0
0
0
0
0
0
0
844
0
0
876
0
709
0
0
0
0
744
642
0
0
0
0
0
0
0
0
0
0
0
799
0
0
0
0
0
0
0
0
0
0
0
0
0
649
0
0
0
0
0
0
0
0
0
0
838
0
749
0
0
0
0
0
0
0
0
0
0
0
0
0
0
0
755
0
0
0
0
0
0
0
0
0
0
0
0
0
0
0
0
0
657
100
0
858
849
0
0
0
0
0
0
0
786
0
0
0
0
0
0
0
0
0
821
665
0
0
0
0
0
0
774
0
0
0
0
0
0
0
0
0
0
0
0
0
0
760
0
0
0
0
0
859
0
0
0
0
0
831
0
0
788
0
0
0
0
0
808
0
0
0
0
0
654
0
0
0
0
0
0
0
0
0
0
0
0
0
0
0
0
0
0
0
0
751
0
0
0
0
0
0
0
100
0
0
0
0
0
0
0
0
0
0
0
0
0
0
0
0
0
0
0
845
0
0
737
0
0
0
0
0
0
0
0
0
0
0
0
799
0
0
0
0
0
0
735
0
0
0
0
0
0
0
0
0
0
0
0
0
0
0
0
0
0
0
0
0
0
0
0
0
0
0
0
0
0
0
0
0
0
0
0
644
0
0
0
0
707
0
0
0
0
667
0
0
0
0
0
0
0
0
0
100
0
0
0
0
886
656
705
0
0
0
0
610
0
0
0
0
0
0
0
0
0
0
0
0
0
0
0
738
0
0
0
0
0
0
0
0
0
0
0
0
0
622
0
0
0
0
0
0
0
0
0
0
822
0
0
874
0
0
0
863
0
0
0
0
0
0
0
0
0
0
0
0
0
0
0
0
676
0
0
0
0
0
0
0
0
0
682
0
0
0
0
0
0
0
0
708
0
0
0
781
0
0
0
613
0
0
0
0
0
0
0
0
896
0
0
857
0
0
0
0
0
0
0
0
0
0
789
0
0
0
0
0
0
0
0
0
0
0
0
0
0
0
0
0
0
0
0
0
700
0
0
0
0
0
0
0
0
657
0
0
0
884
0
0
0
0
0
0
0
0
831
741
0
0
0
0
0
713
0
0
0
0
0
0
0
0
0
0
0
0
883
716
0
0
669
0
0
0
0
100
0
0
0
817
682
0
0
0
0
0
0
0
0
0
0
0
0
0
0
0
0
0
0
800
727
659
0
680
0
0
0
0
810
0
0
0
0
0
0
0
0
0
0
0
0
0
0
0
662
0
0
0
0
755
0
0
0
0
0
0
0
0
872
0
0
0
0
0
0
816
0
0
0
0
666
0
725
0
0
667
0
0
0
0
0
615
0
0
0
0
0
0
0
805
0
0
0
636
0
100
798
0
0
0
0
0
0
0
0
0
0
0
0
0
0
0
0
0
0
0
0
0
0
0
701
806
0
0
0
0
0
0
0
0
0
0
0
0
622
0
0
0
0
0
0
0
0
620
0
0
754
0
0
0
0
731
0
0
0
0
0
0
0
0
0
0
0
683
0
0
0
0
0
0
0
0
0
0
0
0
0
784
0
0
0
0
0
684
0
826
0
0
0
603
0
687
0
0
0
100
0
0
0
0
0
0
0
0
0
0
0
0
621
0
0
0
0
623
0
740
0
0
0
0
0
0
0
0
0
0
0
0
0
0
0
0
0
735
0
0
0
0
0
0
869
0
0
0
0
0
0
0
0
0
0
0
0
0
0
0
0
895
0
0
0
0
0
0
0
0
0
0
0
848
0
0
0
0
667
0
0
631
0
0
0
0
0
0
0
0
0
0
0
0
0
0
0
0
716
100
0
0
772
0
829
773
0
0
0
0
0
0
0
0
0
0
0
0
0
0
789
0
0
0
0
0
665
0
0
0
0
0
0
0
0
0
760
0
0
0
0
0
0
0
0
0
0
0
0
0
635
0
0
0
0
0
0
0
0
715
0
0
826
828
0
0
0
0
0
0
805
0
0
0
0
0
0
0
0
0
0
0
0
0
0
0
0
0
0
0
0
741
0
0
0
0
0
819
0
735
0
0
0
0
0
0
0
0
0
0
0
0
0
0
0
0
0
0
0
0
0
0
0
0
0
0
0
0
0
0
736
0
0
0
0
0
0
0
0
0
0
0
869
0
0
0
627
0
0
0
0
827
0
854
0
0
0
0
0
0
0
0
0
0
0
0
0
0
707
0
0
0
0
0
0
806
0
0
0
0
0
0
0
0
0
0
0
0
0
0
0
0
0
0
0
0
0
0
872
100
0
0
0
0
0
865
0
0
0
0
0
0
0
0
0
0
0
0
0
0
0
0
0
0
0
0
606
0
740
0
0
0
0
869
0
0
0
0
0
0
0
0
0
0
0
0
0
0
0
0
0
0
0
0
0
0
0
0
0
0
644
0
869
0
0
0
0
809
0
0
0
741
0
0
0
0
0
0
0
0
0
0
0
0
0
628
785
0
0
0
0
0
629
0
0
0
0
0
0
100
0
0
0
0
0
0
0
642
0
0
0
0
0
0
0
0
0
0
0
0
0
0
0
0
0
0
0
0
752
666
0
0
868
0
0
0
0
0
0
0
0
0
0
0
627
0
0
0
0
0
0
0
861
0
0
0
0
0
0
0
0
0
0
0
0
0
0
0
0
0
0
0
0
830
0
716
0
0
0
0
0
0
0
764
0
751
0
0
0
0
0
0
0
0
0
0
0
0
0
100
0
0
0
0
0
0
0
0
0
0
783
645
0
0
0
0
0
0
0
0
0
0
0
0
0
0
885
0
0
0
0
0
0
756
0
0
0
0
0
0
0
620
0
0
0
0
0
0
0
0
0
0
891
607
0
841
0
0
0
0
0
0
0
0
0
0
0
0
0
0
823
0
0
0
0
0
0
733
0
0
0
0
0
0
0
642
0
0
0
0
0
0
0
0
0
0
0
798
885
100
0
0
0
817
0
0
0
0
0
0
0
0
768
0
0
0
0
0
0
0
0
0
0
0
897
0
638
0
0
0
0
0
0
0
0
0
0
0
0
700
662
0
0
0
0
0
0
0
0
0
0
0
0
0
0
0
0
0
882
0
0
0
0
0
0
681
0
0
0
0
0
0
0
0
0
0
0
0
790
812
751
0
0
0
0
0
741
0
784
0
0
0
0
0
0
0
0
0
0
700
0
0
739
0
0
0
0
0
0
0
0
0
0
0
0
0
0
0
794
754
715
697
0
0
0
0
0
0
0
835
0
0
0
0
0
0
859
0
0
0
0
0
0
0
0
0
0
0
0
0
0
0
0
0
635
0
827
0
0
838
0
0
0
0
0
0
884
0
0
0
0
732
0
0
0
822
0
0
0
0
0
0
0
0
0
0
0
0
0
0
873
777
0
0
808
0
0
0
0
100
623
0
0
0
0
0
883
0
0
0
0
0
0
0
0
0
0
608
0
796
0
0
0
0
0
0
0
0
0
0
0
828
0
0
0
0
0
0
0
0
0
754
0
635
0
0
0
0
0
0
0
0
622
865
0
0
694
0
0
840
735
0
613
0
0
0
775
0
0
0
0
0
0
0
0
0
0
705
636
605
0
723
0
679
0
0
703
0
621
0
0
0
0
0
0
0
0
0
0
100
0
0
0
0
0
0
0
0
0
0
0
0
0
0
658
0
0
0
0
0
0
0
709
0
0
0
0
0
724
0
0
0
710
0
0
649
0
0
0
0
0
0
0
0
827
0
0
0
0
0
0
0
0
0
0
0
0
0
811
0
749
0
628
0
0
0
0
0
0
0
0
0
0
0
0
0
0
0
0
0
0
0
0
752
0
0
0
727
0
0
0
0
0
0
0
746
0
0
0
100
0
0
0
0
0
0
0
675
747
0
0
0
0
0
0
0
837
0
0
0
0
0
0
0
860
0
0
0
0
0
0
664
0
0
0
0
0
0
822
0
0
0
0
0
0
0
861
891
0
0
622
0
0
0
0
0
719
763
0
0
0
0
0
851
0
0
0
0
0
0
0
0
0
0
0
0
0
0
0
0
0
0
0
0
0
876
0
0
0
808
835
0
814
0
0
0
0
0
0
100
0
885
0
0
0
0
0
0
0
0
0
0
0
0
0
0
0
0
0
0
0
0
0
812
0
717
0
0
0
672
0
0
0
0
0
0
0
0
0
0
755
0
0
0
854
0
0
607
0
0
865
0
0
0
0
0
0
0
0
0
0
0
0
0
0
0
0
0
0
0
631
0
0
0
0
0
0
0
802
0
0
0
0
668
0
0
0
0
0
0
0
0
0
0
757
0
0
0
0
100
0
0
0
0
0
0
0
790
0
0
0
0
0
0
0
0
0
0
0
0
0
0
0
0
0
0
0
0
0
0
692
0
0
0
0
0
0
0
0
0
0
0
0
0
0
0
0
0
0
635
0
0
0
0
0
0
0
0
0
868
0
0
0
0
0
0
0
0
0
877
0
787
0
0
618
0
0
0
0
0
0
0
0
0
0
0
0
0
0
0
0
0
0
0
0
0
0
0
0
100
767
0
0
0
0
0
0
0
0
0
0
0
0
0
0
0
0
0
0
0
0
0
0
0
0
0
0
0
0
0
0
0
0
795
0
0
831
0
874
0
0
731
0
0
0
0
0
841
0
0
0
0
0
0
0
0
0
0
0
0
870
0
0
0
0
0
0
0
0
0
0
0
0
0
0
0
0
0
0
0
689
0
0
0
756
0
0
0
880
0
0
0
878
0
0
0
0
0
0
100
0
0
0
0
710
760
703
0
0
845
824
0
720
0
0
900
0
0
818
655
0
0
0
0
0
0
0
0
0
0
0
0
0
0
0
0
0
0
0
0
0
0
0
0
0
0
0
0
0
827
694
0
719
0
0
0
0
0
0
0
0
0
0
0
814
681
0
0
0
0
844
0
0
0
874
0
0
0
0
0
0
0
778
0
866
0
0
0
0
633
0
0
0
842
852
0
0
0
0
100
0
0
0
616
0
784
0
0
0
0
651
0
0
0
0
0
0
0
0
0
0
0
0
0
0
0
0
0
0
893
0
0
0
0
0
0
0
0
0
657
0
0
0
0
0
0
0
0
0
0
0
0
763
0
0
0
0
0
720
0
0
0
0
0
0
0
0
0
0
0
0
0
0
0
848
0
805
0
0
705
0
0
0
0
0
0
0
0
0
719
0
0
0
857
0
0
0
0
0
847
0
0
0
0
0
0
0
651
660
0
0
747
0
0
0
0
0
0
0
649
0
813
0
0
0
0
0
0
0
0
0
0
0
0
765
0
788
0
0
0
0
0
0
0
0
0
0
0
882
0
0
811
0
0
0
0
0
720
0
0
0
0
0
864
0
850
0
0
0
717
0
0
0
0
0
0
0
0
0
0
0
0
0
0
0
0
0
0
0
0
0
0
0
0
893
0
0
0
0
100
0
0
0
610
0
0
0
0
0
0
0
0
0
0
0
0
685
608
0
0
0
0
0
0
0
0
0
0
0
0
0
785
0
0
0
0
0
0
863
0
0
0
0
715
0
0
0
0
0
838
840
0
0
0
868
0
0
0
0
0
0
0
751
0
0
0
0
0
0
0
0
0
0
0
898
779
0
0
0
0
0
0
0
0
0
846
0
0
0
0
0
0
605
0
0
0
825
0
0
100
0
0
0
0
0
721
0
0
0
0
0
0
0
0
0
618
0
0
0
0
0
0
0
0
0
703
827
0
0
0
0
0
0
0
0
0
0
0
0
0
0
0
0
0
0
644
0
0
0
0
735
749
0
0
0
870
0
0
0
0
0
0
0
0
0
783
756
0
0
0
0
0
0
0
836
0
857
0
0
0
721
0
0
0
645
0
0
0
0
0
0
0
0
632
0
0
0
0
0
100
0
0
0
822
0
0
0
0
0
0
0
0
893
0
0
0
0
0
661
0
0
0
0
0
0
865
0
0
0
0
0
0
0
0
0
0
0
0
0
884
0
0
895
0
0
0
0
0
0
0
0
0
0
0
0
0
0
0
0
0
0
0
0
820
0
0
0
0
0
731
0
0
0
0
0
0
0
0
0
0
0
0
0
0
824
0
0
0
0
0
0
689
761
0
0
0
0
0
0
100
0
0
694
0
0
0
0
0
0
0
0
0
0
0
0
0
0
0
0
0
0
0
0
0
0
0
0
0
0
0
0
890
0
0
0
838
0
0
0
0
872
0
0
826
0
869
0
0
0
0
613
628
0
0
0
0
0
0
0
751
0
0
0
0
0
716
0
0
0
0
0
0
0
0
783
0
0
0
0
0
0
0
0
0
0
0
0
0
0
0
0
0
0
0
0
0
642
0
0
100
658
0
0
0
0
0
0
0
672
0
0
0
0
0
891
0
0
0
0
0
0
0
0
842
0
0
0
0
0
0
0
0
0
0
0
0
0
0
0
0
0
0
0
828
0
0
0
0
0
0
0
0
851
0
0
0
0
0
864
0
0
820
0
0
0
0
0
635
0
0
0
0
0
665
0
0
0
0
801
0
0
0
0
850
787
601
634
0
0
0
0
0
0
690
0
0
0
0
0
100
637
0
829
0
0
696
0
0
0
0
0
865
0
0
655
782
0
0
0
0
0
0
0
0
0
0
0
0
0
0
0
0
0
0
0
749
808
0
0
0
0
0
0
0
0
0
0
0
0
0
0
0
0
0
0
0
814
0
0
0
0
0
0
0
0
0
0
0
682
0
0
0
800
0
0
601
0
0
0
0
0
0
0
0
764
0
0
732
0
0
749
785
0
0
0
0
0
0
0
100
0
0
0
0
0
0
879
0
694
0
0
0
0
0
0
0
0
0
0
0
0
0
792
0
0
0
0
0
0
793
0
0
0
797
714
0
0
0
0
0
0
0
0
0
0
0
0
0
681
0
0
0
0
0
0
0
681
0
850
0
783
0
716
0
0
0
0
0
0
685
0
0
0
0
0
0
0
0
0
0
0
0
0
0
0
0
0
0
0
0
0
705
0
0
0
0
0
0
605
100
0
0
0
0
0
0
0
0
609
0
0
0
0
836
0
0
802
0
0
737
0
792
0
0
0
0
793
0
0
0
0
0
0
0
0
0
0
0
0
0
0
0
0
0
0
0
0
0
0
884
775
0
0
0
0
0
0
0
0
0
756
0
0
0
0
0
0
0
0
0
0
0
626
0
815
0
0
0
0
0
0
0
818
0
0
830
0
0
0
0
713
0
0
0
0
0
0
0
0
100
0
0
0
0
0
0
0
0
0
0
0
0
0
0
0
0
0
0
0
0
0
0
0
0
0
0
0
0
0
0
0
0
0
0
0
0
0
0
0
0
0
683
0
0
0
809
0
0
0
0
0
0
0
0
0
0
0
0
0
0
0
0
0
635
0
0
0
0
0
714
0
0
0
0
0
0
0
811
0
788
0
0
0
0
0
0
0
0
0
0
0
0
0
0
676
0
0
0
870
100
0
0
0
0
643
0
709
0
0
0
0
0
770
0
0
0
0
727
0
651
0
710
0
0
702
631
0
0
0
0
735
0
0
0
0
0
0
0
0
0
0
0
0
0
707
0
0
0
0
0
0
0
0
0
0
0
0
0
0
0
0
0
0
0
682
0
0
0
0
0
0
0
0
0
0
0
0
0
0
0
0
722
0
0
0
0
0
0
0
0
830
0
0
0
0
0
0
0
0
100
0
0
0
0
0
0
0
0
0
0
0
0
0
0
886
0
624
0
633
0
0
0
887
0
0
0
0
0
0
0
0
0
0
0
0
0
0
0
0
0
816
0
0
0
0
0
0
0
0
0
0
0
0
0
877
0
0
0
717
0
0
731
0
0
0
685
0
714
0
0
892
0
0
665
0
0
0
0
0
0
0
0
0
0
0
756
0
0
0
0
0
0
0
0
0
0
0
0
0
100
0
0
742
0
0
0
0
0
0
0
0
754
0
697
0
0
0
0
0
0
0
0
0
0
799
717
0
0
0
0
0
0
0
0
0
0
654
0
0
831
0
0
0
805
0
0
0
823
0
0
0
0
0
631
0
0
844
0
0
0
0
0
0
0
0
0
0
0
0
892
0
0
0
0
0
0
0
0
0
0
879
641
0
0
814
0
0
0
0
0
0
0
0
0
0
0
0
0
0
100
0
0
0
0
851
641
665
836
0
0
0
0
0
0
0
0
0
0
0
0
0
0
0
0
0
0
0
0
0
0
0
749
0
691
803
0
0
0
0
741
0
0
0
0
0
741
0
0
0
732
0
0
0
0
787
0
0
0
0
0
0
0
0
0
0
0
0
0
0
0
0
0
0
0
625
0
0
0
0
0
0
743
0
0
0
0
0
0
0
0
0
0
0
0
0
0
0
0
0
100
678
0
0
0
0
0
0
0
0
822
0
0
0
0
0
0
0
0
0
0
0
0
0
843
0
714
0
777
0
0
0
0
0
825
0
0
0
0
0
0
0
0
0
0
0
0
0
0
0
0
0
0
0
0
0
0
0
0
0
0
0
0
0
0
800
0
626
0
0
0
0
0
0
0
0
0
0
785
0
0
864
0
0
0
827
0
0
691
0
0
0
0
0
0
0
0
0
0
0
100
0
0
0
0
0
0
0
0
0
0
0
0
0
0
0
0
0
0
0
0
0
0
0
854
829
0
0
0
0
0
0
0
0
0
0
0
0
0
0
0
0
0
848
0
0
0
830
0
0
0
0
0
0
0
0
0
0
0
0
0
0
0
0
665
0
0
0
0
0
665
0
0
0
0
0
0
0
0
0
899
0
0
0
0
0
0
0
0
0
0
0
0
685
0
0
0
0
0
0
100
0
0
0
0
0
0
0
0
682
0
0
0
0
0
0
641
675
0
0
0
0
0
0
0
0
0
0
0
0
0
0
0
0
0
0
0
0
0
0
0
666
0
0
0
0
0
0
0
0
0
0
0
0
0
618
0
874
848
0
898
836
0
783
0
0
0
815
0
0
0
0
625
0
0
0
0
0
0
0
0
0
0
0
0
0
0
0
0
0
0
678
0
0
0
0
0
0
0
0
100
0
0
764
0
686
0
696
618
0
0
0
0
0
0
0
0
0
0
0
0
0
0
0
742
0
0
0
0
0
0
0
0
0
0
0
0
0
0
0
0
0
0
0
0
806
0
716
0
0
822
0
0
0
0
0
0
0
0
0
779
0
0
0
0
601
0
0
0
0
0
0
0
0
0
0
0
0
0
0
0
634
0
0
623
0
0
0
0
0
0
0
0
755
0
0
0
0
0
0
100
0
0
802
0
0
0
0
760
0
0
0
0
0
0
0
0
0
0
0
0
0
0
694
0
0
0
675
776
0
0
0
0
0
0
0
0
0
0
676
0
725
0
0
0
0
0
0
0
0
0
0
0
0
0
0
0
0
805
0
0
857
0
0
0
0
0
0
0
0
0
0
0
0
0
0
0
0
0
0
0
0
0
0
0
0
0
0
0
0
766
0
0
654
0
0
0
703
0
0
100
0
0
0
0
846
0
0
0
0
0
0
0
0
0
0
825
0
0
0
0
0
880
0
0
0
0
0
0
0
0
0
659
659
0
0
0
0
0
0
713
0
0
0
0
0
0
0
733
0
0
705
0
0
0
0
0
0
0
0
0
0
0
0
0
0
0
0
811
0
0
0
0
785
0
0
0
0
0
800
0
864
674
0
0
0
0
0
0
0
0
810
0
0
0
0
0
0
0
0
100
0
0
770
0
0
0
790
0
0
0
0
727
850
0
0
0
0
0
0
0
0
0
0
0
0
0
0
0
0
0
0
0
0
0
709
0
0
0
0
0
0
0
667
0
0
0
0
0
790
0
636
0
0
802
0
0
0
0
0
0
0
0
0
801
0
0
0
0
0
0
0
0
0
0
0
0
0
800
0
0
0
0
0
672
0
0
0
0
0
0
0
0
0
0
0
0
0
0
0
100
0
825
0
0
0
0
0
0
0
838
867
0
0
0
0
822
0
0
0
0
0
760
0
0
0
0
0
0
0
0
0
0
0
0
0
0
0
644
0
0
667
0
0
0
0
0
0
0
812
0
605
0
0
0
0
0
0
705
0
0
0
0
0
0
0
0
0
788
0
0
0
0
0
899
0
0
0
0
0
0
0
0
0
0
842
0
0
0
870
0
0
0
851
0
0
0
0
0
0
100
823
0
0
0
0
0
0
0
811
0
0
702
0
0
0
0
0
0
0
0
798
0
0
0
0
0
0
0
826
0
0
0
0
0
0
755
0
0
0
0
0
0
0
0
0
0
0
0
751
0
0
0
0
0
0
689
0
0
0
0
721
0
0
0
0
0
0
0
0
0
879
0
864
0
0
634
0
864
0
0
0
0
0
0
0
0
0
0
0
0
0
0
0
0
0
0
0
644
0
100
0
0
0
0
0
0
900
0
0
0
0
730
713
0
0
0
0
0
0
0
0
0
0
776
0
0
0
0
0
764
808
0
0
0
0
0
0
0
0
0
0
784
631
0
0
0
0
0
0
0
723
0
0
0
0
0
0
0
0
0
0
0
0
0
0
0
0
0
722
0
641
743
0
0
0
0
0
674
0
0
0
0
0
0
0
0
0
0
0
797
0
0
0
799
0
0
0
0
767
100
723
0
0
0
0
0
0
0
0
0
0
0
764
0
0
0
0
0
0
0
0
0
0
733
0
0
0
0
0
871
0
0
0
0
0
0
0
0
0
0
0
0
0
0
0
0
0
0
0
0
0
0
0
0
0
0
778
0
0
0
0
0
0
0
0
0
818
0
0
0
0
0
0
0
0
0
0
0
0
0
0
0
0
0
657
0
0
0
0
0
615
0
0
0
729
0
0
0
0
100
0
0
0
0
0
0
0
0
0
0
0
0
0
0
719
0
0
877
0
0
0
0
0
0
626
0
0
0
0
0
0
0
0
0
0
0
0
0
0
0
0
0
0
0
0
0
764
0
0
0
679
752
0
668
0
0
0
0
0
0
0
0
0
850
0
0
0
0
0
0
0
0
0
0
0
623
0
0
672
0
0
0
0
0
826
0
0
0
0
0
0
0
0
641
0
0
0
0
0
100
0
0
851
0
700
0
0
0
0
897
0
724
768
0
0
0
0
0
652
0
0
763
0
0
0
0
0
0
0
0
898
0
0
0
0
0
0
707
0
0
0
0
0
0
0
0
0
0
0
0
0
0
0
0
0
756
866
0
0
0
645
824
0
787
764
0
0
0
0
0
814
0
827
0
0
0
0
0
0
842
0
0
657
826
0
0
0
0
0
0
0
0
0
0
0
0
661
0
720
100
0
0
0
0
0
0
0
781
0
672
0
0
690
0
0
0
0
830
823
0
0
0
0
0
0
0
0
804
0
0
0
0
766
0
0
0
0
0
0
0
615
0
0
0
0
628
751
642
0
0
0
0
876
0
0
0
0
0
0
846
0
0
0
601
0
0
830
0
0
756
0
0
0
0
0
0
0
0
0
0
0
0
0
0
0
0
0
0
0
742
0
0
0
0
0
0
0
0
0
100
0
0
0
0
752
0
0
0
0
0
0
0
624
0
0
0
0
0
0
759
0
0
0
0
600
0
0
0
746
0
0
0
0
0
0
0
0
0
682
0
0
0
0
0
0
785
0
0
741
0
703
0
0
0
0
0
0
0
0
0
0
0
0
634
0
0
0
0
0
0
0
0
0
0
0
0
0
0
0
0
0
0
0
0
0
0
0
0
600
0
0
0
0
0
0
0
0
0
0
100
0
0
0
0
0
0
0
0
0
0
0
0
0
0
0
0
0
0
0
0
0
0
0
0
0
0
698
736
0
0
0
0
0
0
0
0
0
0
0
0
0
684
0
0
0
0
0
0
0
0
0
727
0
0
0
0
0
0
0
0
0
0
0
0
732
0
0
0
0
0
0
0
691
0
0
0
0
0
0
0
0
0
0
0
0
0
0
0
0
0
0
0
875
0
0
0
0
0
0
100
0
0
0
0
848
868
0
751
0
0
0
0
0
0
0
0
0
803
0
0
0
0
0
0
0
680
0
0
689
0
0
0
0
0
0
0
0
0
0
0
0
0
0
0
0
0
0
0
784
0
621
0
0
0
0
880
0
0
0
0
0
0
0
0
0
0
0
0
0
0
0
0
0
0
0
0
0
0
0
870
0
0
0
0
0
0
600
0
0
0
0
0
0
0
0
0
0
0
0
100
0
0
0
0
841
0
0
0
0
0
603
0
851
0
0
0
0
0
0
0
0
829
687
0
875
0
0
0
0
0
0
0
0
0
0
0
0
667
0
0
0
826
0
0
0
0
0
0
0
0
0
0
808
0
0
0
633
719
0
0
0
0
0
0
0
0
0
0
0
0
0
0
0
0
0
0
766
0
0
0
0
797
0
0
0
742
0
0
0
0
0
0
0
0
0
0
680
0
0
100
0
0
0
0
0
804
0
0
0
0
0
0
0
0
0
0
0
652
0
0
0
0
0
0
0
0
0
0
0
0
0
0
0
0
0
0
0
0
0
883
0
0
0
0
0
0
0
0
0
873
0
0
835
0
0
0
0
0
0
0
0
0
0
0
749
0
713
0
830
0
0
0
0
0
678
0
0
810
0
0
0
0
615
0
0
0
0
0
0
0
0
0
0
0
0
0
0
0
0
100
0
838
0
0
0
0
0
0
0
0
0
700
0
0
0
0
0
761
885
0
0
0
0
875
0
828
0
0
0
0
0
0
0
766
0
0
751
0
0
716
0
0
0
741
0
0
0
0
0
777
0
0
0
0
0
0
0
0
0
0
0
689
0
0
785
705
0
0
0
0
0
0
0
0
0
0
0
0
0
0
0
0
0
0
0
0
0
0
0
0
0
0
0
0
0
0
0
0
0
100
0
0
0
0
885
0
0
0
856
890
0
0
0
0
614
0
0
0
0
0
0
0
0
0
0
0
0
0
0
0
0
0
0
706
0
0
0
0
0
0
0
0
0
0
0
629
0
0
0
0
0
0
814
0
0
878
0
0
0
605
0
761
0
0
0
0
0
0
0
0
0
0
0
685
0
755
654
0
0
851
0
0
0
0
0
0
0
875
0
0
0
0
0
0
0
0
811
0
0
100
0
0
0
0
625
0
0
733
0
0
0
0
0
0
0
708
746
0
0
0
0
0
794
0
0
0
0
0
0
0
0
814
0
0
0
0
0
0
0
0
805
603
0
0
0
0
0
0
0
0
0
0
0
0
0
0
842
857
0
0
632
0
0
690
0
0
0
0
0
0
0
0
0
0
0
0
0
0
0
0
0
799
0
641
0
0
0
0
0
0
0
0
0
0
858
0
0
0
684
100
0
0
0
0
0
0
0
0
626
700
831
0
0
0
0
0
0
0
0
0
0
0
0
746
0
0
0
0
0
0
0
0
0
0
0
0
0
0
0
669
0
0
0
0
0
0
0
0
0
808
0
0
0
757
0
0
852
0
893
0
0
0
0
0
0
0
0
676
0
0
0
0
0
0
0
0
0
0
0
0
0
0
729
0
0
0
0
0
0
0
0
0
0
858
0
0
0
0
0
100
0
881
0
0
845
0
0
0
0
0
0
0
0
0
0
0
0
0
0
0
0
0
0
0
0
0
0
0
0
0
0
0
0
607
0
0
0
0
708
0
0
687
0
0
0
0
0
0
0
0
0
746
0
0
0
0
0
0
0
0
0
0
0
0
0
0
0
0
0
0
0
0
0
0
0
0
0
0
0
0
0
0
0
0
0
0
0
0
0
0
0
0
0
0
0
0
0
0
0
100
0
0
0
641
0
0
0
0
0
0
735
833
0
0
0
0
0
0
0
0
0
0
0
0
0
0
0
0
0
0
0
0
0
0
0
0
0
0
0
0
0
0
0
0
0
0
0
0
0
0
0
0
0
0
0
0
0
0
0
825
0
0
642
0
0
0
0
0
0
0
0
0
0
0
0
0
703
0
0
0
0
0
0
0
661
0
0
0
0
680
0
0
811
0
0
0
0
0
0
100
0
0
0
0
0
0
0
0
0
839
799
691
0
0
0
0
0
0
0
0
0
0
0
0
0
0
0
642
0
0
0
0
0
0
801
0
0
0
0
0
636
0
0
819
0
0
0
798
0
0
0
0
0
0
0
0
0
0
0
0
0
0
0
0
0
0
0
0
0
0
0
0
0
0
0
0
0
0
0
0
644
0
0
0
0
0
0
0
0
0
0
0
0
0
0
0
0
0
