0
266
99
8
4
667
940
3
357
634
257
520
1000
900
539
863
481
338
797
576
7
994
378
505
358
25
731
369
271
859
978
311
706
335
911
44
330
45
119
254
365
336
411
858
980
703
90
730
16
23
889
627
543
929
262
907
376
555
32
496
955
178
27
161
910
203
373
150
971
216
472
263
567
242
365
101
526
559
232
984
996
151
867
585
817
570
253
586
369
499
264
867
939
583
372
306
463
870
275
944
266
0
919
60
800
155
222
487
276
775
632
373
399
84
519
334
645
714
226
691
141
186
138
959
299
954
849
181
368
470
508
7
645
608
581
936
314
154
636
294
851
938
162
412
689
487
515
987
333
746
804
37
144
264
347
895
917
417
691
548
662
671
14
276
773
837
989
659
959
234
467
93
667
611
670
389
913
243
695
26
804
42
979
315
296
711
145
838
816
756
69
642
995
381
617
186
540
753
528
563
99
919
0
212
543
349
803
908
456
795
75
205
930
748
485
236
583
806
610
685
356
2
43
445
923
58
908
279
252
716
530
568
809
637
3
140
811
463
910
722
741
762
46
817
815
408
19
310
692
862
208
600
565
493
812
555
653
821
355
566
948
555
44
357
224
358
33
253
585
787
970
477
368
550
20
570
611
304
8
29
322
242
438
579
905
815
244
557
833
972
585
168
774
954
679
199
834
49
754
587
8
60
212
0
553
229
79
498
35
502
328
630
568
387
145
190
569
164
470
878
128
992
625
668
262
376
277
178
162
112
657
929
748
300
954
958
814
21
851
486
816
360
408
743
689
503
188
876
844
364
32
250
221
701
277
322
594
86
613
372
718
901
100
618
291
668
357
754
396
675
567
695
488
404
802
687
860
31
94
881
739
682
823
562
372
561
704
51
541
316
371
30
109
327
581
25
160
432
261
478
4
800
543
553
0
947
815
184
662
682
720
335
470
181
130
926
698
628
649
755
19
623
98
352
128
52
279
984
205
877
147
239
190
312
79
100
19
424
486
395
96
306
3
881
456
628
106
896
655
718
711
510
351
727
76
671
91
443
972
833
930
979
490
213
96
605
598
590
448
461
171
739
840
301
199
79
931
20
477
565
368
430
663
15
880
937
561
570
70
547
812
563
734
392
112
89
119
569
200
250
667
155
349
229
947
0
361
485
589
561
137
720
792
610
361
326
339
499
829
314
312
822
200
69
137
613
82
583
770
381
702
250
653
21
137
660
955
913
869
677
715
271
214
661
949
517
629
532
501
295
862
607
158
925
731
131
230
466
369
797
58
719
355
853
256
729
417
899
351
832
971
647
811
778
684
172
542
106
794
682
115
225
218
109
894
573
826
362
381
745
554
224
200
988
336
598
922
666
827
487
940
222
803
79
815
361
0
73
613
240
812
894
387
63
183
997
927
365
20
197
897
138
204
146
766
583
790
93
996
733
108
975
473
75
264
124
879
601
8
536
566
896
741
88
677
174
103
236
790
563
917
370
42
151
631
800
536
582
640
845
873
770
237
291
107
333
910
366
396
400
514
224
128
959
864
398
354
777
156
875
212
875
548
257
997
666
195
527
391
360
837
630
842
587
701
610
640
893
636
434
3
487
908
498
184
485
73
0
528
492
516
626
416
651
510
712
413
845
989
295
285
847
54
380
592
346
618
492
421
724
290
348
249
612
865
583
518
131
795
139
405
404
686
748
605
589
301
664
180
336
38
319
215
825
50
116
643
454
418
240
931
445
679
507
532
740
785
184
88
109
383
508
881
477
337
33
661
107
241
396
243
746
909
964
859
961
46
43
832
795
682
870
301
856
875
575
939
353
114
934
357
276
456
35
662
589
613
528
0
407
339
341
778
203
276
544
383
638
320
244
16
588
443
430
95
130
756
660
56
298
761
362
164
498
165
157
499
930
880
816
417
840
182
305
971
242
746
408
82
500
274
860
940
64
570
967
14
645
736
828
272
791
786
976
379
512
502
428
831
200
784
841
609
886
909
976
618
190
293
379
610
745
530
242
920
79
355
653
130
848
327
975
662
520
613
72
111
73
138
870
634
775
795
502
682
561
240
492
407
0
343
503
439
12
326
977
426
27
226
85
1000
157
563
509
162
401
719
309
95
24
218
119
863
315
829
630
324
856
214
136
544
928
651
674
389
293
881
385
478
212
111
883
725
193
262
396
535
597
496
963
45
537
865
258
442
708
715
998
963
946
349
742
42
474
38
614
620
52
898
67
87
986
784
636
513
358
706
104
385
62
116
86
847
95
956
141
469
410
436
732
257
632
75
328
720
137
812
516
339
343
0
284
571
641
548
666
64
862
328
669
383
570
712
774
423
423
757
964
850
814
407
22
467
356
550
458
327
954
995
739
416
782
555
388
22
976
34
964
923
759
311
675
72
66
25
621
313
1000
749
330
860
656
450
727
843
303
193
2
438
951
892
826
828
411
865
353
82
242
909
977
176
975
292
455
109
77
538
361
682
231
471
775
439
176
565
754
884
684
668
394
520
373
205
630
335
720
894
626
341
503
284
0
244
256
791
462
291
732
370
17
245
778
446
665
391
12
620
531
117
282
641
870
540
555
974
314
497
591
631
811
199
768
788
930
46
19
897
475
280
747
49
892
566
890
12
792
961
628
232
518
762
817
193
396
744
173
146
14
769
984
602
190
511
919
40
545
495
514
741
350
629
467
253
731
85
457
577
171
90
910
710
785
817
738
478
486
498
24
374
283
1000
399
930
568
470
792
387
416
778
439
571
244
0
331
667
942
367
995
71
792
873
429
54
12
694
453
472
138
675
420
346
858
304
222
140
156
608
595
225
94
716
880
375
360
458
847
410
370
420
448
522
418
948
465
703
882
730
657
107
361
87
743
786
745
323
970
694
350
214
960
540
510
453
303
598
746
865
129
484
868
682
861
406
587
596
427
196
721
416
277
691
826
42
858
554
104
831
771
639
843
900
84
748
387
181
610
63
651
203
12
641
256
331
0
664
325
763
282
475
139
411
307
43
479
982
748
156
539
828
112
468
31
564
667
827
541
110
814
858
358
841
723
345
442
926
874
994
840
250
449
855
562
48
300
229
343
57
730
976
291
8
912
559
555
645
107
415
672
579
194
458
850
487
778
253
440
766
896
404
885
495
195
481
975
764
8
768
97
449
645
578
118
160
170
351
828
659
930
527
636
539
519
485
145
130
361
183
510
276
326
548
791
667
664
0
776
96
87
659
907
98
39
648
181
983
668
539
638
880
302
558
367
939
226
660
164
152
689
612
328
740
212
693
519
421
546
474
299
515
393
485
864
310
466
231
318
923
830
976
564
423
389
225
388
559
15
142
984
400
465
606
826
874
126
556
505
399
201
813
155
563
100
886
332
664
981
813
26
453
749
739
116
740
49
246
941
761
584
737
645
863
334
236
190
926
326
997
712
544
977
666
462
942
325
776
0
120
425
602
693
203
216
11
177
622
332
171
132
483
187
199
60
857
122
472
988
819
370
991
411
856
178
212
759
772
245
945
251
746
716
192
420
388
221
674
663
385
309
353
746
226
469
110
79
588
342
255
329
78
446
838
871
611
857
418
903
414
918
463
804
874
608
800
618
44
826
789
728
546
914
416
276
696
204
143
524
136
710
972
132
481
645
583
569
698
339
927
413
383
426
64
291
367
763
96
120
0
233
955
317
572
919
752
145
108
986
139
955
732
37
598
407
714
866
216
121
130
348
89
930
367
390
10
764
788
597
458
993
454
863
803
655
880
697
751
345
68
850
247
494
371
695
392
507
197
830
891
946
172
999
22
323
743
822
36
95
695
569
580
553
510
108
408
248
860
684
549
278
696
957
273
111
825
842
603
633
894
424
900
377
338
714
806
164
628
499
365
845
638
27
862
732
995
282
87
425
233
0
929
932
897
887
929
913
75
737
900
537
220
263
805
872
9
183
357
790
470
736
456
180
514
330
718
33
768
493
416
992
184
997
873
520
407
875
937
865
720
68
498
114
731
106
88
738
657
580
495
639
537
156
769
256
121
711
487
769
699
687
5
924
251
647
273
72
730
883
259
110
736
791
682
843
248
25
362
898
778
238
980
184
797
226
610
470
649
829
20
989
320
226
328
370
71
475
659
602
955
929
0
477
170
780
986
554
708
813
991
966
737
915
754
287
867
570
863
742
429
269
54
75
192
303
986
725
588
261
111
475
679
81
188
598
800
948
226
810
443
231
359
701
572
916
146
813
119
276
556
911
650
534
173
708
952
212
782
886
451
133
819
736
845
495
308
869
641
54
914
187
921
115
534
743
680
128
992
491
22
414
28
53
576
691
685
878
755
314
197
295
244
85
669
17
792
139
907
693
317
932
477
0
345
71
467
322
830
140
595
370
555
332
574
820
146
634
439
420
660
914
117
855
953
952
350
94
325
191
665
685
247
980
222
929
59
444
99
101
411
222
74
329
91
96
20
707
791
694
81
279
976
470
873
839
699
641
387
727
238
411
17
537
533
621
212
681
147
482
61
435
975
158
312
831
360
2
866
46
503
722
178
107
7
141
356
128
19
312
897
285
16
1000
383
245
873
411
98
203
572
897
170
345
0
199
426
577
33
321
291
291
655
510
306
107
86
732
704
400
328
656
112
239
483
451
268
57
698
841
146
513
868
245
858
613
978
593
162
793
702
115
21
767
168
929
314
75
476
453
737
667
716
73
219
516
702
639
181
439
822
130
878
932
623
520
273
132
555
624
745
101
23
942
922
124
517
701
505
608
129
255
488
66
994
186
2
992
623
822
138
847
588
157
570
778
429
307
39
216
919
887
780
71
199
0
15
562
591
946
708
813
592
698
219
187
81
953
32
252
116
958
471
848
808
920
285
63
815
725
580
571
657
947
371
48
781
230
721
717
669
216
709
894
279
184
366
487
347
530
93
379
650
72
665
218
893
736
875
289
879
959
973
549
540
400
752
801
20
943
249
963
685
557
59
42
809
879
460
696
530
362
164
69
378
138
43
625
98
200
204
54
443
563
712
446
54
43
648
11
752
929
986
467
426
15
0
292
748
286
54
651
49
938
841
841
216
155
449
791
66
749
534
747
365
866
469
563
540
750
319
911
549
660
436
330
269
402
253
850
812
762
638
914
967
121
925
586
284
374
77
912
235
993
186
351
39
272
516
979
205
715
434
931
779
904
896
302
905
64
624
585
633
176
236
901
514
181
755
419
708
799
173
721
505
959
445
668
352
69
146
380
430
509
774
665
12
479
181
177
145
913
554
322
577
562
292
0
487
774
36
790
891
738
80
47
2
756
801
966
705
596
70
11
322
135
138
340
821
395
550
688
531
904
629
932
964
286
744
612
373
158
314
480
982
10
40
364
362
997
417
221
276
689
143
250
798
120
54
70
932
472
454
202
994
151
10
938
356
11
897
84
494
330
500
694
189
174
435
688
923
267
378
296
358
299
923
262
128
137
766
592
95
162
423
391
694
982
983
622
108
75
708
830
33
591
748
487
0
645
157
107
969
174
35
601
933
400
148
973
687
650
809
97
858
597
676
73
867
991
815
268
195
401
450
494
442
55
708
386
876
767
299
507
274
886
845
644
307
579
45
109
680
304
799
384
748
341
785
630
723
220
237
798
539
594
98
101
477
336
425
640
838
932
147
705
388
805
169
19
877
105
137
781
25
954
58
376
52
613
583
346
130
401
423
12
453
748
668
332
986
737
813
140
321
946
286
774
645
0
715
200
23
306
249
207
874
866
227
416
382
330
482
622
285
975
947
646
50
484
999
317
616
359
477
69
363
930
847
329
325
208
154
968
447
732
155
517
44
67
231
637
139
133
712
448
297
337
819
306
894
214
615
417
967
718
327
338
438
991
447
687
510
522
992
45
625
773
623
571
877
132
669
984
731
849
908
277
279
82
790
618
756
719
757
620
472
156
539
171
139
900
991
595
291
708
54
36
157
715
0
932
513
971
514
322
61
587
971
568
778
711
604
805
606
103
448
196
869
949
4
179
848
805
771
606
131
128
634
761
506
179
66
328
652
274
425
117
410
955
972
162
381
838
982
897
187
851
437
831
642
186
46
877
961
708
463
937
984
701
516
100
862
635
518
531
715
971
358
130
877
795
25
262
369
181
279
178
984
583
93
492
660
309
964
531
138
539
638
132
955
537
966
370
291
813
651
790
107
200
932
0
796
999
105
192
606
871
880
279
847
409
182
824
733
64
695
649
61
525
354
270
328
982
111
893
88
973
265
426
223
713
82
158
273
980
518
816
642
10
915
526
152
40
857
758
554
384
340
338
715
2
137
613
54
859
138
354
491
840
698
254
854
334
214
447
668
293
693
150
141
299
960
289
271
368
252
162
205
770
996
421
56
95
850
117
675
828
880
483
732
220
737
555
655
592
49
891
969
23
513
796
0
456
809
505
165
303
504
750
413
117
259
887
277
513
284
360
870
35
774
398
891
932
926
970
174
757
483
132
804
184
930
243
699
837
926
152
744
852
688
413
378
751
495
70
385
699
829
958
291
898
659
384
727
515
909
780
819
386
968
112
160
500
253
19
232
285
323
167
991
500
210
930
859
470
716
112
877
381
733
724
298
24
814
282
420
112
302
187
37
263
915
332
510
698
938
738
174
306
971
999
456
0
492
412
250
719
791
973
70
571
66
892
987
638
766
274
74
439
550
357
429
555
381
470
809
121
453
78
621
594
392
946
45
248
839
887
447
717
971
606
708
744
125
786
464
412
157
115
895
133
597
377
303
744
369
521
554
970
849
695
749
775
858
189
364
828
659
457
524
178
159
396
978
508
530
657
147
702
108
290
761
218
407
641
346
468
558
199
598
805
754
574
306
219
841
80
35
249
514
105
809
492
0
715
928
142
417
591
949
130
950
332
167
880
151
914
905
139
404
853
757
824
575
226
98
47
183
704
84
37
544
591
216
946
181
48
658
319
216
493
761
797
575
404
899
535
308
845
841
7
472
527
813
766
335
360
753
487
955
131
741
873
811
175
928
958
870
981
815
192
636
140
311
7
568
929
239
250
975
348
362
119
22
870
858
31
367
60
407
872
287
820
107
187
841
47
601
207
322
192
505
412
715
0
624
309
187
253
108
231
783
33
579
721
655
876
919
607
852
973
498
399
217
380
447
800
750
536
186
924
154
118
375
142
409
622
219
900
443
5
731
357
390
91
920
981
326
991
894
194
621
391
472
26
40
839
770
173
790
805
907
604
251
126
425
126
84
56
771
150
525
408
706
645
809
748
190
653
473
249
164
863
467
540
304
564
939
857
714
9
867
146
86
81
216
2
933
874
61
606
165
250
928
624
0
180
42
670
837
103
850
915
625
959
43
226
62
19
978
875
282
888
288
729
178
653
979
819
844
556
574
846
194
203
945
170
175
565
926
657
765
501
780
398
399
682
801
225
869
224
667
346
20
162
611
915
8
943
480
410
311
725
102
780
455
741
880
971
606
140
35
369
335
608
637
300
312
21
75
612
498
315
356
555
222
667
226
122
866
183
570
634
732
953
155
756
400
866
587
871
303
719
142
309
180
0
301
783
279
952
699
747
180
378
847
904
980
121
222
174
403
568
525
916
2
928
473
153
206
592
45
940
435
585
296
903
716
245
215
614
613
966
683
361
35
130
517
84
47
858
621
431
375
608
95
580
768
757
240
842
669
894
513
871
603
63
719
12
243
603
654
494
911
581
3
954
79
137
264
865
165
829
550
974
140
827
660
472
216
357
863
439
704
32
449
801
148
227
971
880
504
791
417
187
42
301
0
581
843
551
904
608
992
578
668
35
200
375
115
278
465
634
943
865
945
278
264
27
329
811
174
273
650
126
389
526
437
874
462
212
490
346
87
149
666
498
967
518
666
530
673
315
902
723
40
533
807
236
323
302
985
705
121
458
984
636
994
791
128
124
189
953
44
936
140
958
100
660
124
583
157
630
458
314
156
541
164
988
121
790
742
420
400
252
791
966
973
416
568
279
750
973
591
253
670
783
581
0
361
949
482
669
427
52
311
614
630
734
261
340
973
805
928
305
845
884
632
827
728
986
854
761
70
960
542
545
764
582
379
150
27
556
31
361
297
69
521
486
512
69
279
909
262
704
134
735
158
144
722
43
499
725
241
181
43
208
96
380
985
495
759
624
330
314
811
814
19
955
879
518
499
324
327
497
608
110
152
819
130
470
429
660
328
116
66
705
687
382
778
847
413
70
949
108
837
279
843
361
0
880
26
675
831
198
69
670
999
2
576
397
905
973
190
760
415
943
955
142
362
956
532
751
881
452
142
573
334
246
94
19
685
706
544
863
176
616
724
97
565
172
400
739
24
56
318
331
78
730
319
556
679
437
141
58
352
665
845
432
964
693
43
760
45
154
463
21
424
913
601
131
930
856
954
591
595
814
689
370
348
736
269
914
656
958
749
596
650
330
711
409
117
571
130
231
103
952
551
949
880
0
378
799
875
957
912
636
946
706
158
792
323
372
550
92
639
535
303
864
239
656
867
377
801
48
520
609
948
10
690
724
316
839
93
846
434
512
774
533
195
272
634
609
477
799
402
405
634
961
6
630
893
518
919
823
333
91
850
57
550
883
496
76
119
636
910
851
486
869
8
795
880
214
995
631
225
858
612
991
89
456
54
117
112
471
534
70
809
482
604
182
259
66
950
783
850
699
904
482
26
378
0
373
316
600
425
610
969
263
785
447
279
492
235
223
772
158
461
928
450
708
966
58
974
380
532
14
130
856
477
885
357
612
787
763
442
655
133
887
99
22
487
67
317
257
293
119
7
57
803
715
833
491
95
842
995
457
10
695
52
32
694
544
254
294
722
486
395
677
536
139
816
136
739
811
94
358
328
411
930
180
75
855
239
848
747
11
97
622
805
824
887
892
332
33
915
747
608
669
675
799
373
0
159
363
295
228
616
965
502
148
82
292
193
45
196
940
710
970
481
955
385
232
297
897
949
957
595
424
524
434
147
657
750
666
284
879
525
276
864
350
802
217
552
140
507
404
611
499
911
741
773
773
824
601
124
831
788
466
845
162
850
598
365
851
741
816
96
715
566
405
417
544
416
199
716
841
740
856
367
514
192
953
483
808
365
322
858
285
606
733
277
987
167
579
625
180
992
427
831
875
316
159
0
490
916
202
461
917
691
575
606
700
67
19
639
216
911
537
353
6
908
81
299
918
790
557
229
350
116
750
214
521
638
981
796
385
440
336
997
65
550
119
139
146
873
500
382
445
573
160
731
448
2
902
157
52
605
606
920
374
827
559
336
938
762
360
306
271
896
404
840
928
782
768
880
723
212
178
390
330
303
952
451
920
866
135
597
975
103
64
513
638
880
721
959
378
578
52
198
957
600
363
490
0
205
363
4
700
550
581
562
487
685
860
764
475
211
567
218
10
756
491
84
79
369
208
697
550
650
74
631
294
946
700
888
848
180
207
398
307
887
963
252
411
136
411
250
974
37
199
343
812
509
703
442
651
849
721
180
745
297
653
411
162
46
408
3
214
741
686
182
651
555
788
375
345
693
212
10
718
986
350
268
285
469
138
676
947
448
695
284
766
151
655
43
847
668
311
69
912
425
295
916
205
0
497
313
661
374
999
414
662
371
69
583
325
30
949
385
199
705
257
686
289
591
287
884
969
881
269
862
593
694
121
754
669
46
283
676
212
698
342
763
108
106
793
902
589
836
233
736
799
736
986
896
203
198
354
670
963
415
96
858
412
817
743
881
661
88
748
305
674
388
930
360
442
519
759
764
33
725
94
57
63
563
340
73
646
196
649
360
274
914
876
226
904
35
614
670
636
610
228
202
363
497
0
686
988
453
964
119
930
622
129
205
597
985
236
640
630
185
561
434
221
116
87
631
338
730
695
154
846
439
147
46
859
305
257
84
178
862
756
392
530
189
697
280
667
903
244
393
107
543
394
48
442
967
379
447
880
288
325
980
689
815
689
456
949
677
605
971
389
22
46
458
926
421
772
788
768
588
325
698
815
540
821
867
50
869
61
870
74
905
919
62
980
200
630
999
946
969
616
461
4
313
686
0
528
351
568
811
210
504
30
41
821
759
356
959
543
41
175
347
548
406
584
245
940
408
946
285
256
940
695
292
601
522
198
877
826
7
796
382
384
675
913
61
981
190
111
962
722
706
665
981
372
915
531
576
141
18
647
703
487
408
503
628
517
174
589
242
293
976
19
847
874
546
245
597
493
261
191
841
725
750
395
991
484
949
525
35
439
139
607
19
121
375
734
2
706
263
965
917
700
661
988
528
0
304
434
271
322
985
675
86
1
443
987
386
30
585
220
728
65
493
814
551
767
531
100
869
815
268
24
869
245
509
24
269
781
789
507
691
553
911
99
339
155
341
841
422
393
691
496
495
556
916
721
221
406
765
425
90
515
19
188
106
629
103
301
746
881
34
897
410
994
474
945
458
416
111
665
146
580
319
550
815
999
4
354
774
550
404
852
978
222
115
261
576
158
785
502
691
550
374
453
351
304
0
212
730
882
732
29
914
570
611
304
440
471
443
742
338
531
996
358
174
471
284
951
144
452
530
222
71
65
11
583
859
37
403
2
423
420
844
366
562
981
391
443
622
876
416
886
518
331
519
414
95
502
370
231
730
987
310
876
896
532
236
664
408
385
964
475
370
840
299
251
993
992
475
685
513
571
911
688
268
317
179
270
398
357
853
973
875
174
278
340
397
792
447
148
575
581
999
964
568
434
212
0
426
480
17
398
887
571
277
116
184
6
266
658
489
490
695
89
559
314
65
18
611
710
568
523
262
721
508
577
55
804
684
250
1
616
700
411
187
766
104
467
948
690
736
353
654
104
157
465
781
123
170
316
16
333
692
844
655
501
790
180
82
478
923
280
420
250
515
746
454
184
679
247
868
657
549
531
195
616
848
328
891
429
757
498
282
403
465
973
905
323
279
82
606
562
414
119
811
271
730
426
0
728
460
647
55
255
627
204
72
196
3
204
814
684
317
739
537
623
921
85
803
660
725
100
842
400
707
964
441
677
713
887
744
768
908
412
306
823
347
862
964
857
387
373
719
501
658
393
412
741
450
621
23
746
862
364
718
295
563
336
500
212
759
747
448
449
393
716
863
997
81
980
245
947
660
904
401
359
805
982
932
555
824
399
888
568
634
805
973
372
492
292
700
487
662
930
210
322
882
480
728
0
384
327
212
825
560
584
224
837
945
704
343
107
678
685
895
899
72
431
913
172
746
821
577
968
543
696
864
959
812
357
79
90
91
370
487
114
585
652
660
256
870
904
57
829
735
371
764
914
849
494
889
804
208
32
711
862
917
38
274
111
311
49
522
855
485
192
803
873
188
222
858
371
436
629
450
477
771
111
926
381
575
217
288
525
943
928
190
550
235
193
67
685
371
622
504
985
732
17
460
384
0
285
805
37
346
640
592
524
571
822
962
834
218
470
735
966
225
937
55
284
909
956
386
750
409
115
63
647
873
110
833
631
898
384
531
885
636
691
884
210
249
523
948
817
269
47
939
264
537
852
627
37
600
250
510
607
370
319
860
883
675
892
418
562
864
420
655
520
598
929
613
48
330
932
494
69
606
893
970
470
226
380
729
916
865
305
760
92
223
45
19
860
69
129
30
675
29
398
647
327
285
0
242
372
532
253
970
17
197
404
191
24
727
577
813
4
937
273
745
543
522
564
528
116
953
292
903
108
717
172
816
915
927
822
237
500
463
93
500
707
232
868
653
164
723
953
476
435
358
247
543
144
565
221
351
158
42
215
940
725
72
566
948
48
310
388
880
407
800
59
978
781
269
964
442
363
131
88
174
809
98
447
178
2
945
845
415
639
772
196
639
764
583
205
41
86
914
887
55
212
805
242
0
493
24
257
295
930
419
139
428
305
140
355
897
200
801
805
649
387
818
112
274
371
217
106
122
791
859
328
444
194
275
140
340
74
694
764
888
721
108
46
460
941
224
751
210
867
359
939
929
264
493
701
727
925
151
825
64
193
66
890
465
300
466
221
697
875
948
444
593
230
402
286
55
930
128
973
757
121
47
800
653
928
278
884
943
535
158
940
216
475
325
597
821
1
570
571
255
825
37
372
493
0
943
808
406
694
492
451
467
291
666
156
278
249
684
306
222
846
785
519
636
220
21
776
377
336
508
981
188
780
873
509
137
190
112
568
438
979
957
782
867
713
512
673
901
139
924
616
262
347
812
277
76
731
631
50
570
262
25
12
703
229
231
674
751
937
226
99
162
721
253
744
708
847
634
265
483
453
183
750
979
473
264
632
955
303
461
710
911
211
30
985
759
443
611
277
627
560
346
532
24
943
0
419
789
168
320
587
182
162
474
301
211
584
735
218
968
504
373
944
430
146
199
477
614
377
793
201
293
824
46
737
712
242
473
137
122
122
984
891
929
469
820
472
650
124
905
589
907
895
555
322
671
131
800
116
967
396
621
792
882
343
318
663
345
865
810
101
793
717
850
612
386
329
761
426
132
78
704
536
819
153
27
827
142
864
928
970
537
567
949
236
356
987
304
116
204
584
640
253
257
808
419
0
395
889
562
111
720
257
24
87
134
775
685
580
354
580
895
914
977
801
465
176
499
55
674
997
541
238
607
260
484
305
566
612
823
746
268
307
840
406
286
637
786
640
372
128
376
917
653
594
91
230
536
643
14
535
313
961
730
57
923
385
68
720
443
411
702
669
812
373
876
325
506
223
804
621
84
186
844
206
329
728
362
239
450
481
353
218
385
640
959
386
440
184
72
224
592
970
295
406
789
395
0
343
975
246
21
851
619
849
877
701
783
789
838
569
539
490
739
218
717
457
519
970
837
127
349
855
937
495
787
343
263
339
51
194
161
1
387
702
167
62
254
904
213
415
555
417
821
86
443
466
582
454
645
597
1000
628
657
730
830
309
850
68
231
222
115
216
762
158
767
208
179
713
184
594
37
924
556
592
811
986
956
656
708
955
6
10
199
630
543
30
471
6
196
837
524
17
930
694
168
889
343
0
935
78
670
843
564
803
327
949
596
854
224
645
394
370
178
576
621
318
773
351
949
274
449
225
107
956
851
704
397
624
927
908
466
765
132
486
274
932
40
851
438
695
32
691
355
613
972
369
640
418
736
496
749
232
107
976
976
353
247
498
359
74
21
709
638
314
299
154
66
82
930
392
544
154
574
45
174
854
532
867
966
385
908
756
705
185
41
585
443
266
3
945
571
197
419
492
320
562
975
935
0
477
228
763
417
129
903
980
319
546
667
470
344
462
627
976
206
283
696
845
266
743
38
71
95
341
499
86
454
30
702
844
557
614
725
436
318
813
504
771
851
587
496
548
566
372
833
797
845
240
828
963
330
518
361
291
564
746
494
114
701
329
767
894
914
480
507
968
328
158
243
946
591
118
846
940
273
761
751
377
58
232
81
491
257
561
175
220
742
658
204
704
822
404
139
451
587
111
246
78
477
0
146
223
505
582
128
356
949
403
547
16
564
417
530
867
282
692
642
435
487
282
152
635
1000
728
370
988
398
475
3
99
726
124
602
635
318
540
184
709
9
829
955
662
948
718
930
58
873
931
272
45
860
762
87
8
423
226
371
731
572
91
168
279
967
982
274
447
652
273
699
45
216
375
194
435
650
70
881
801
974
297
299
84
686
434
347
728
338
489
814
343
962
191
428
467
182
720
21
670
228
146
0
24
289
269
360
346
483
142
818
674
556
973
503
685
106
912
225
920
737
817
809
705
968
276
995
664
679
35
160
430
81
624
245
803
728
351
982
590
151
983
178
671
555
901
979
719
770
445
791
537
656
817
743
912
389
469
695
106
916
96
929
184
121
10
886
732
274
980
837
248
946
142
203
585
126
960
452
48
380
897
918
79
289
221
548
65
531
490
684
107
834
24
305
291
162
257
851
843
763
223
24
0
564
582
448
386
315
199
230
891
562
652
947
599
528
240
971
610
478
172
235
94
612
219
696
584
685
725
78
740
767
819
331
958
115
46
533
800
457
743
27
14
44
100
490
355
237
679
786
865
450
193
786
559
225
110
392
88
146
20
314
366
925
40
845
155
425
518
926
839
181
409
945
296
389
542
142
520
532
949
790
369
591
116
406
493
996
695
317
678
218
727
140
666
474
24
619
564
417
505
289
564
0
931
437
454
259
716
373
54
295
946
462
514
640
160
176
396
142
73
416
694
937
557
79
85
161
802
31
168
426
708
155
725
603
572
395
809
435
35
161
276
357
618
213
853
291
507
976
258
727
396
745
555
388
79
507
738
813
707
75
487
586
364
644
517
117
816
152
887
48
622
170
903
526
545
573
609
14
957
557
208
287
87
584
814
358
89
739
685
470
577
355
156
301
87
849
803
129
582
269
582
931
0
325
678
903
900
180
917
133
490
671
984
883
431
336
213
302
116
378
328
369
657
371
648
737
427
132
93
807
976
588
903
127
251
414
71
812
940
910
773
224
291
96
256
107
532
379
442
843
744
323
645
559
588
197
657
119
791
476
347
284
362
307
44
410
642
744
447
658
219
175
716
437
764
334
948
130
595
229
697
884
631
245
551
174
559
537
895
735
813
897
278
211
134
877
327
903
128
360
448
437
325
0
323
245
22
856
137
22
317
352
180
541
478
912
749
125
101
569
356
570
754
932
81
485
943
679
777
737
594
733
482
643
269
236
278
1000
15
203
837
358
668
605
729
333
740
512
708
303
173
970
107
15
342
830
580
276
694
453
530
374
997
579
67
955
10
852
717
319
900
565
245
874
582
246
10
856
424
350
550
969
338
940
767
471
314
623
899
966
4
200
249
584
775
701
949
980
356
346
386
454
678
323
0
357
841
188
301
874
727
76
64
225
570
602
659
790
851
172
143
948
784
240
336
656
106
572
480
219
290
599
146
868
738
813
527
413
376
373
989
33
357
598
417
910
785
502
715
193
146
694
415
142
255
891
495
556
81
737
93
77
417
45
231
972
915
688
971
216
443
926
215
462
379
94
690
477
524
116
650
881
730
408
531
284
65
921
72
225
937
801
684
735
685
783
596
319
949
483
315
259
903
245
357
0
90
917
605
740
152
121
918
38
508
773
879
126
265
318
310
599
359
311
483
461
984
729
887
7
22
490
916
340
93
595
978
334
732
150
659
253
754
590
899
366
184
428
998
2
14
350
672
984
329
946
639
911
279
667
379
912
221
109
637
162
526
413
606
493
5
657
614
212
150
19
724
885
434
750
74
269
695
946
100
951
18
85
431
937
273
805
306
218
580
789
854
546
403
142
199
716
900
22
841
90
0
801
328
754
811
682
701
966
408
899
923
863
817
89
165
905
902
843
291
80
20
156
386
263
367
738
531
359
848
95
39
208
56
971
959
585
396
448
351
396
88
831
963
438
769
214
579
400
78
172
537
650
976
716
650
235
276
680
139
381
152
378
708
761
731
765
613
490
27
685
316
357
147
214
631
862
154
285
869
144
611
803
913
55
745
649
222
968
354
838
224
667
547
818
230
373
180
856
188
917
801
0
789
458
946
960
166
788
431
838
910
675
706
191
518
415
205
43
342
256
799
879
961
867
970
320
821
934
374
505
384
425
937
216
234
787
675
461
832
400
109
200
946
951
984
960
194
465
446
999
156
534
470
73
72
993
689
304
133
838
40
751
744
797
357
501
966
346
556
706
839
612
657
521
294
593
846
256
815
452
710
660
172
284
543
387
846
504
580
569
645
470
16
674
891
54
917
137
301
605
328
789
0
38
311
919
574
169
943
462
465
977
255
845
614
22
292
812
815
685
47
195
863
939
318
824
175
189
915
935
740
604
428
472
467
970
567
171
971
514
383
784
349
892
602
540
458
606
838
22
769
173
873
219
665
186
143
799
712
982
857
495
125
575
390
780
683
87
31
544
93
787
750
638
946
694
439
940
268
530
568
725
746
909
522
818
785
373
895
539
394
344
564
556
562
295
133
22
874
740
754
458
38
0
701
573
528
745
799
254
75
688
446
217
486
727
845
684
841
186
256
651
206
144
191
505
477
470
272
380
568
516
648
263
93
477
695
739
647
224
508
841
742
826
190
510
850
826
871
323
256
708
839
516
218
351
250
384
448
897
758
70
786
404
91
398
361
149
361
863
846
763
666
981
700
121
147
695
24
222
523
100
821
956
564
112
519
944
914
490
370
462
417
973
652
946
490
317
727
152
811
946
311
701
0
813
642
803
629
237
717
300
323
712
758
683
496
375
489
429
703
829
6
420
117
20
626
884
138
156
931
415
251
567
667
368
488
840
811
128
881
609
42
828
511
453
487
874
611
743
121
952
699
702
893
39
798
748
297
187
554
385
464
899
920
399
35
666
297
176
434
442
284
796
888
754
46
292
869
71
262
842
577
386
528
274
636
430
977
739
178
627
530
503
947
462
671
352
76
121
682
960
919
573
813
0
796
567
67
175
23
652
812
220
847
570
150
357
32
562
179
119
434
132
154
253
624
519
680
876
362
325
302
242
611
550
404
301
778
959
477
886
474
411
919
303
778
126
857
822
711
212
641
639
736
272
120
341
337
851
384
699
412
535
981
682
130
498
69
616
512
655
879
385
848
669
859
601
245
65
721
400
968
750
116
371
220
146
801
218
576
976
867
685
599
514
984
180
64
918
701
166
574
528
642
796
0
460
144
555
482
160
827
856
558
653
648
420
96
604
173
897
78
477
314
225
550
395
967
945
451
228
373
365
670
20
802
199
684
864
337
909
38
865
40
598
253
556
418
36
487
782
387
181
875
516
54
785
819
437
340
829
157
308
326
801
517
967
521
724
774
133
525
440
180
46
305
522
509
11
508
707
543
409
953
217
21
199
465
717
621
206
282
106
528
640
883
541
225
38
966
788
169
745
803
567
460
0
111
501
742
695
372
853
1
756
234
456
144
410
532
918
436
258
602
849
748
503
155
625
584
259
959
101
389
570
687
79
172
398
33
976
614
353
545
746
440
505
903
95
769
886
727
439
289
979
70
630
306
831
338
958
115
845
991
225
84
518
486
97
533
887
276
336
207
283
257
198
24
583
577
964
696
115
292
106
776
477
176
457
318
283
692
912
240
160
431
478
570
508
408
431
943
799
629
67
144
111
0
386
435
963
670
814
42
506
691
213
400
926
157
334
472
559
757
257
595
163
977
953
893
401
610
526
913
611
860
931
542
354
661
618
620
82
495
865
766
399
414
695
699
451
238
822
879
205
932
723
894
642
715
291
895
841
894
869
47
666
512
565
195
99
864
997
398
676
84
877
269
859
55
441
864
63
903
122
377
614
499
519
773
696
642
225
971
176
336
912
602
773
899
838
462
254
237
175
555
501
386
0
783
925
930
413
366
899
983
166
656
62
211
796
559
392
227
615
927
192
700
255
805
714
975
559
243
304
31
20
106
777
107
190
52
242
514
129
896
201
918
569
687
133
411
130
959
715
472
220
214
186
2
898
133
7
194
224
858
530
69
172
272
22
350
65
307
212
178
826
781
37
804
677
959
647
108
791
336
377
55
970
351
845
435
920
610
396
213
749
659
879
923
910
465
75
717
23
482
742
435
783
0
209
949
373
429
909
163
19
855
6
667
500
955
751
753
507
614
836
71
67
990
895
923
232
695
8
94
477
794
156
241
293
898
909
741
484
404
813
463
580
5
819
17
878
973
434
454
237
615
46
137
659
597
472
621
667
621
673
279
400
634
487
802
550
887
698
862
7
789
403
684
713
812
873
717
859
508
793
674
837
949
266
487
737
478
142
302
125
790
126
863
675
977
688
300
652
160
695
963
925
209
0
369
827
159
889
907
217
665
518
324
88
52
162
812
434
37
270
817
372
473
99
631
984
26
29
881
565
682
875
396
379
67
977
350
868
885
155
804
553
924
736
537
932
549
931
202
798
417
877
613
384
377
527
391
346
431
315
909
739
609
67
217
119
963
342
756
796
507
2
250
887
357
110
172
328
981
201
997
127
274
743
282
817
172
73
116
101
851
265
817
706
255
446
323
812
827
372
670
930
949
369
0
814
115
121
699
245
411
641
72
9
901
142
296
570
644
477
248
57
277
989
301
996
804
322
739
368
115
212
243
610
87
176
629
682
495
563
874
510
251
845
533
623
540
779
994
539
967
961
54
727
303
813
472
20
375
902
262
24
477
317
552
139
252
763
392
382
691
423
1
744
79
833
816
444
188
293
541
349
449
38
152
809
235
416
378
569
172
318
89
191
845
217
712
220
856
853
814
413
373
827
814
0
921
278
484
871
233
667
481
724
76
766
50
878
497
476
779
760
431
979
403
151
42
242
682
430
225
875
746
745
986
975
467
861
195
100
608
108
647
495
621
520
400
904
151
594
718
708
859
515
744
766
26
162
608
723
704
56
799
257
140
146
411
108
530
384
553
420
616
768
90
631
915
194
780
824
238
855
225
71
635
705
94
694
328
356
143
310
165
518
614
486
758
847
558
1
42
366
429
159
115
921
0
155
152
352
310
947
123
978
118
442
604
781
191
71
18
820
909
996
995
867
979
438
823
663
218
548
909
530
784
292
253
406
481
886
800
408
273
308
212
273
752
896
10
98
327
463
138
909
369
335
40
611
95
40
134
318
402
293
507
873
136
106
189
675
911
844
700
908
91
898
927
275
873
46
607
937
107
95
1000
968
612
937
369
570
948
599
905
415
22
727
683
570
653
756
506
899
909
889
121
278
155
0
12
917
800
828
526
168
116
515
927
410
793
685
537
967
171
125
808
585
315
579
562
15
109
257
964
242
636
455
731
587
975
332
618
248
72
869
681
132
801
302
938
101
338
937
354
780
521
360
839
915
580
533
735
331
405
119
404
500
411
793
697
913
99
366
411
412
370
384
822
140
509
737
260
495
956
341
728
276
219
557
657
754
784
359
902
205
292
845
496
150
648
234
691
983
163
907
699
484
152
12
0
547
682
370
681
538
699
85
167
269
279
996
725
463
371
498
569
817
296
905
372
880
894
997
859
920
513
109
85
596
764
664
44
860
730
641
147
555
20
905
356
477
438
984
491
819
554
753
770
8
768
807
158
78
634
7
611
382
250
902
280
61
339
562
187
306
487
531
237
340
137
712
484
787
851
499
370
995
696
79
371
932
240
311
843
43
812
684
375
357
420
456
213
166
19
217
245
871
352
917
547
0
938
609
100
898
378
87
377
338
554
89
563
281
587
119
75
570
711
815
561
937
573
666
961
79
358
77
457
427
8
981
826
684
883
54
482
624
943
64
11
336
991
701
840
386
970
487
173
943
757
236
144
730
961
57
499
445
974
589
667
981
155
981
766
823
114
885
500
74
190
242
305
343
704
86
988
664
584
85
648
81
336
483
291
342
815
841
489
32
96
144
400
656
855
665
411
233
310
800
682
938
0
364
261
478
922
350
566
100
354
180
737
738
501
804
654
253
145
244
704
561
826
195
46
355
706
538
577
196
768
813
789
549
259
914
61
745
249
624
897
425
447
516
698
968
849
955
790
480
240
323
722
319
6
803
911
573
37
836
903
190
341
391
104
347
585
636
463
694
112
473
566
263
397
454
398
679
685
161
737
485
656
461
80
256
685
186
429
562
604
410
926
62
6
518
641
667
947
828
370
609
364
0
961
855
966
994
714
469
123
865
373
265
207
831
84
586
838
557
51
570
362
527
43
653
104
361
171
721
97
26
728
278
110
187
435
101
963
585
84
640
687
100
254
112
695
131
805
410
842
302
43
556
630
715
741
160
199
233
244
111
841
443
467
862
652
691
93
764
568
137
612
339
624
30
475
35
725
802
427
943
106
984
20
799
47
256
703
179
173
532
157
211
667
324
72
481
123
526
681
100
261
961
0
548
544
804
172
105
414
879
184
870
46
360
617
369
816
833
541
70
381
391
832
130
385
682
90
416
449
453
546
696
736
921
975
23
685
633
494
838
510
862
854
160
749
741
907
311
669
985
499
679
893
833
773
731
343
736
393
962
422
622
948
964
660
884
500
888
438
122
823
51
927
702
3
160
78
31
132
679
572
729
156
879
195
651
829
119
897
918
334
796
500
88
9
724
978
168
538
898
478
855
548
0
926
255
91
125
546
246
75
743
936
418
906
499
756
972
316
547
745
360
795
848
62
231
910
277
645
749
914
957
791
115
158
942
557
176
330
932
522
635
334
500
775
873
604
725
894
705
725
437
518
491
773
448
812
799
107
722
393
876
690
857
256
210
707
721
979
122
746
194
908
844
99
430
740
168
93
777
480
887
386
961
863
206
6
434
78
436
472
559
955
52
901
76
118
116
699
378
922
966
544
926
0
442
162
894
319
410
355
72
498
921
714
264
69
585
371
812
554
837
682
327
116
471
710
691
578
739
416
273
682
534
312
922
59
236
500
147
992
518
214
253
858
811
251
102
513
121
241
141
919
95
824
2
509
736
543
706
691
416
736
387
870
249
232
108
957
984
268
161
466
557
726
81
767
426
807
737
219
7
263
867
939
144
420
132
477
258
559
392
751
162
142
766
442
515
85
87
350
994
804
255
442
0
253
631
419
512
488
182
798
356
900
867
642
168
30
563
224
630
870
975
86
775
785
826
118
116
276
111
843
743
831
124
42
901
694
705
45
531
447
19
189
175
126
780
871
458
181
58
823
842
601
902
703
986
394
665
496
886
353
373
904
523
868
46
782
891
307
1
765
614
124
624
819
708
976
594
290
22
367
970
318
191
117
154
314
602
757
227
753
812
296
50
604
927
167
377
566
714
172
91
162
253
0
311
525
512
82
747
327
771
845
939
995
774
109
734
200
842
301
662
847
439
817
42
160
740
696
825
248
680
360
517
809
514
189
388
625
715
668
232
364
928
425
455
603
984
43
352
333
995
124
157
442
896
48
981
495
518
654
719
57
948
653
460
867
929
840
387
132
725
602
245
331
155
588
733
599
490
738
320
824
505
20
253
225
849
257
615
507
434
570
878
781
410
269
338
100
469
105
125
894
631
311
0
972
793
473
158
140
164
466
583
381
954
327
392
988
587
856
520
95
176
738
858
170
49
204
842
25
128
2
701
879
181
174
805
773
971
293
285
828
958
126
741
63
636
208
665
91
457
831
52
651
203
442
372
556
331
104
501
829
817
164
941
713
469
406
702
486
436
635
803
958
725
903
482
146
916
531
821
175
477
626
624
550
748
595
927
614
37
644
497
191
793
279
554
354
123
414
546
319
419
525
972
0
858
773
749
670
839
541
372
617
679
581
112
336
701
875
613
956
565
478
554
351
246
143
603
362
992
866
505
460
755
435
169
623
358
693
323
659
870
84
880
719
994
96
845
850
10
788
605
849
198
967
915
916
519
157
658
735
269
723
224
512
820
286
167
274
318
318
728
115
603
127
643
868
340
359
934
189
470
884
519
395
503
163
192
836
270
477
476
71
685
996
89
180
865
879
246
410
512
512
793
858
0
80
798
127
253
673
306
186
199
25
89
598
610
575
72
141
754
486
104
828
941
524
633
898
491
46
608
696
419
688
19
571
130
150
167
457
981
56
971
12
791
380
432
57
695
466
606
721
354
379
531
721
414
465
393
371
47
953
751
673
472
637
62
932
813
540
351
46
572
251
269
738
93
848
374
915
272
138
680
967
155
977
700
71
817
248
779
18
537
725
563
737
373
184
75
355
488
82
473
773
80
0
388
338
527
620
463
540
834
160
119
922
640
939
111
469
884
498
831
659
761
136
894
778
22
503
129
530
708
923
877
877
877
141
991
524
815
771
606
243
128
985
964
550
52
845
920
180
670
447
576
221
95
781
412
764
939
476
210
901
650
786
254
40
504
184
982
533
395
414
236
813
595
95
505
935
380
156
876
945
625
953
255
67
372
57
760
820
967
463
281
738
265
870
743
72
182
747
158
749
798
388
0
699
414
955
870
753
49
432
569
666
893
353
73
410
684
24
771
930
584
710
424
238
414
722
255
362
799
267
105
132
795
299
500
178
192
150
140
603
124
495
693
883
32
162
374
745
963
880
141
406
502
123
741
914
264
435
867
139
124
640
904
851
771
709
590
800
809
71
278
527
978
39
384
740
568
931
362
451
584
893
805
990
473
277
431
909
171
371
587
501
207
46
936
498
798
327
140
670
127
338
699
0
745
830
275
528
754
261
200
827
636
114
138
436
668
374
639
527
737
972
900
980
28
178
488
164
173
378
137
669
25
960
210
159
636
525
35
654
189
759
43
496
694
850
827
297
415
288
18
765
370
170
450
849
537
358
359
924
905
372
213
438
851
9
151
457
435
812
1000
413
334
208
425
604
516
415
325
228
259
401
714
895
99
989
979
996
125
498
119
804
831
360
418
921
356
771
164
839
253
527
414
745
0
748
944
563
587
478
250
487
434
934
870
732
394
283
843
636
645
132
377
184
53
107
66
69
721
296
781
984
262
289
930
396
140
408
369
494
953
624
760
76
544
598
559
653
96
325
647
425
231
316
621
494
852
247
939
616
589
128
415
695
587
829
983
743
35
940
15
376
732
56
937
428
648
251
302
373
959
610
975
923
631
301
403
995
808
569
75
654
84
617
906
714
900
845
466
541
673
620
955
830
748
0
