0
898
646
662
939
716
959
950
884
584
981
894
807
978
881
699
840
994
951
780
444
745
731
985
744
922
625
976
479
890
837
948
791
929
716
885
820
984
901
941
898
959
743
900
753
596
163
687
988
847
443
997
854
782
948
799
705
922
890
853
948
907
806
565
924
987
833
930
971
908
732
829
901
913
775
959
953
716
951
846
714
875
777
882
985
985
671
696
997
803
985
692
794
41
740
925
862
828
268
857
898
0
746
910
1
767
842
983
890
915
731
872
598
959
614
714
871
867
993
815
861
751
757
899
765
862
426
914
924
867
956
922
996
388
619
643
486
986
966
839
681
999
863
724
947
905
685
845
723
909
770
845
895
786
875
755
849
733
956
671
635
962
918
956
736
923
846
953
958
942
998
770
874
786
994
972
875
702
491
851
886
318
694
314
803
837
632
947
781
748
953
887
916
622
856
839
995
932
917
858
646
746
0
911
215
596
891
149
288
983
871
905
762
963
833
443
788
459
872
825
845
757
711
997
909
849
962
633
839
839
915
423
794
782
705
479
861
665
776
932
705
632
735
516
807
992
957
782
822
751
947
992
920
722
741
940
895
632
774
859
689
913
854
949
889
708
877
953
256
978
943
805
677
992
915
800
986
908
815
964
386
928
920
920
419
689
802
885
730
513
720
960
905
615
921
852
939
652
664
992
662
910
911
0
855
806
972
924
941
627
973
910
958
878
615
924
933
773
991
743
518
940
898
540
996
310
987
400
667
951
876
868
858
884
919
727
978
853
779
974
982
957
849
686
300
997
751
956
723
888
399
933
391
911
816
988
971
696
865
894
989
992
931
889
940
964
972
884
897
923
615
697
727
695
911
242
594
693
709
668
957
667
451
933
786
852
874
962
718
73
453
832
994
864
375
881
391
965
874
788
939
1
215
855
0
941
980
844
541
857
660
605
817
865
910
997
879
910
790
646
463
491
258
972
956
995
933
803
858
972
722
746
605
908
839
612
626
993
909
999
964
938
892
892
915
919
586
779
881
901
796
925
919
350
603
844
808
962
978
865
951
957
997
907
971
730
674
944
733
442
925
958
938
632
921
906
863
822
689
804
784
849
927
768
710
985
922
977
935
990
924
875
592
851
404
916
925
995
954
806
716
767
596
806
941
0
721
931
958
957
850
822
595
986
704
419
849
638
997
565
972
991
457
967
657
962
987
734
305
681
945
976
729
772
470
808
992
887
834
909
944
709
891
687
865
646
628
984
1
675
980
954
616
903
894
940
845
932
834
978
999
956
488
642
944
889
980
849
927
625
980
998
774
973
821
495
766
780
959
919
180
851
916
779
731
970
457
654
736
970
952
968
886
932
751
682
994
778
924
764
959
842
891
972
980
721
0
648
761
364
675
621
938
732
983
962
845
856
991
569
956
935
981
984
896
947
912
934
943
649
972
922
980
853
922
782
867
501
873
613
669
960
971
917
975
864
888
832
674
964
1
898
905
777
837
688
896
543
805
866
838
512
965
981
783
930
821
742
692
963
371
910
901
793
957
704
812
738
933
987
666
853
366
773
773
903
897
988
933
963
924
819
857
966
937
718
919
498
732
761
950
983
149
924
844
931
648
0
999
682
990
673
786
957
559
453
972
965
227
834
852
815
918
784
826
993
463
953
979
747
1
636
981
821
987
973
801
804
739
923
887
957
564
888
946
481
894
984
808
731
965
864
482
698
488
997
870
291
936
768
442
556
603
843
856
928
851
938
776
525
805
342
948
651
875
868
959
915
986
637
808
994
993
672
990
959
778
946
559
976
746
945
926
532
898
954
918
613
756
601
884
890
288
941
541
958
761
999
0
982
946
980
975
763
458
427
628
674
969
114
961
856
778
764
927
881
803
322
785
839
992
817
909
1
939
849
631
396
840
997
941
913
999
804
970
654
929
814
761
930
999
509
982
928
839
972
695
977
977
982
387
779
960
702
844
772
977
984
531
886
860
536
987
874
776
879
478
722
427
954
771
913
906
963
992
943
815
808
733
880
315
990
980
985
865
996
325
850
487
921
584
915
983
627
857
957
364
682
982
0
658
951
898
997
875
981
718
980
797
893
824
5
372
598
914
933
902
917
853
910
874
940
888
549
592
752
608
997
767
737
858
933
914
918
962
761
994
687
978
903
937
766
873
938
835
226
523
606
963
976
842
462
406
876
248
791
861
950
852
878
789
640
796
890
635
737
862
946
747
909
957
972
876
895
682
906
833
861
890
656
740
374
785
869
765
974
509
973
834
611
981
731
871
973
660
850
675
990
946
658
0
831
770
833
921
971
918
883
812
757
638
810
875
990
735
793
602
792
992
697
936
781
950
884
960
802
1
980
715
978
977
931
979
901
539
943
924
783
712
787
817
837
870
942
936
911
971
874
863
992
824
747
817
999
558
932
712
948
776
878
525
639
748
965
998
874
892
899
646
892
887
952
762
813
805
688
648
720
987
984
914
988
966
995
749
829
696
775
828
765
894
872
905
910
605
822
621
673
980
951
831
0
822
885
762
897
980
475
955
914
909
933
747
856
912
986
931
825
891
831
649
838
857
807
763
916
820
982
993
678
894
911
556
156
806
938
757
738
645
997
849
986
874
772
926
791
978
970
974
358
955
833
770
710
539
741
758
874
670
817
909
820
910
864
497
869
973
316
898
970
693
346
920
845
336
877
934
9
917
671
646
988
955
958
708
738
879
930
738
905
807
598
762
958
817
595
938
786
975
898
770
822
0
953
397
853
785
999
324
922
997
806
476
876
857
793
904
622
758
990
943
738
914
540
924
911
986
956
890
684
757
924
925
588
910
999
487
871
648
313
860
989
452
346
950
720
979
800
639
888
967
929
608
984
996
900
576
949
852
738
895
671
782
957
855
182
929
754
641
972
890
844
905
807
986
990
939
974
917
905
963
984
960
760
900
844
988
995
995
552
978
959
963
878
865
986
732
957
763
997
833
885
953
0
999
882
816
989
788
497
994
865
710
630
941
845
933
911
949
906
850
634
698
977
990
389
556
867
922
999
768
956
916
943
960
876
922
1
727
889
942
131
925
943
471
694
939
733
929
966
1000
691
653
1
837
938
898
834
899
919
247
849
428
716
880
986
973
932
923
751
577
879
842
900
856
271
909
921
646
762
977
470
739
990
953
633
829
973
607
914
881
614
833
615
910
704
983
559
458
875
921
762
397
999
0
859
759
992
687
968
995
911
856
897
371
781
664
912
619
886
895
975
825
999
795
92
969
892
976
893
552
508
940
777
586
480
809
978
627
724
915
908
250
976
580
513
719
516
520
881
997
911
915
880
842
380
665
658
522
541
981
738
953
887
941
546
985
893
981
998
1000
862
738
826
282
721
692
477
958
881
985
917
913
917
783
965
714
998
759
956
699
714
443
924
997
419
962
453
427
981
971
897
853
882
859
0
956
907
918
913
861
487
190
921
465
852
992
374
909
985
910
857
877
918
810
876
765
895
689
946
926
907
980
826
827
956
799
1
919
949
974
986
687
591
966
638
963
864
995
999
980
779
869
914
993
778
848
507
989
434
768
629
976
932
846
795
842
922
755
719
782
892
872
871
665
841
637
720
830
822
936
855
865
273
933
952
698
778
734
802
840
871
788
933
879
849
845
972
628
718
918
980
785
816
759
956
0
858
993
850
962
955
464
953
903
854
930
955
773
958
692
812
984
688
713
987
131
834
522
798
784
774
854
857
997
862
655
983
695
973
662
887
758
988
873
849
854
909
914
909
995
880
831
877
979
995
914
300
717
652
990
792
795
914
741
941
981
950
892
862
639
971
675
987
989
931
906
124
863
927
866
953
713
953
837
878
933
435
559
709
994
867
459
773
910
638
856
965
674
980
883
475
999
989
992
907
858
0
867
789
501
945
799
691
937
996
899
871
882
891
905
821
955
910
776
838
984
985
874
896
918
888
977
931
823
26
898
714
969
945
1000
881
976
866
822
833
952
980
977
972
939
941
964
888
918
868
504
679
865
401
927
806
801
893
434
585
972
997
924
742
992
389
728
644
975
965
923
911
837
956
820
971
699
991
774
890
705
893
609
948
951
993
872
991
790
997
991
227
969
797
812
955
324
788
687
918
993
867
0
144
623
958
674
542
512
997
591
949
971
917
937
904
969
945
696
408
954
505
860
632
797
488
393
740
553
230
902
953
460
929
655
603
727
721
623
934
819
758
649
876
995
980
926
998
981
951
594
949
689
948
988
976
333
553
511
740
984
508
726
953
875
809
878
987
523
983
818
950
753
963
658
637
891
1000
370
676
820
721
764
449
780
815
825
743
646
565
569
834
114
893
757
914
922
497
968
913
850
789
144
0
820
884
890
464
653
964
580
949
832
651
971
980
865
981
960
707
632
840
889
926
922
943
799
554
806
594
952
874
545
816
668
817
871
964
556
974
934
965
610
909
829
921
899
848
401
261
538
753
985
881
936
993
969
950
234
509
995
781
141
924
639
966
886
747
940
821
840
767
749
765
558
356
987
976
780
746
905
950
841
995
444
861
845
518
463
972
956
852
961
824
638
909
997
994
995
861
962
501
623
820
0
957
745
641
961
956
928
944
847
646
957
282
978
946
936
909
878
990
904
610
938
417
1
918
647
888
358
925
944
616
894
961
236
344
677
290
752
884
616
654
981
543
763
804
977
702
970
783
778
803
976
875
853
964
918
495
923
393
898
829
763
915
967
924
989
646
814
913
119
443
997
552
943
979
664
875
745
760
954
900
745
751
757
940
491
991
935
815
856
5
810
933
806
865
911
487
955
945
958
884
957
0
945
860
990
1
965
947
944
959
749
974
919
746
984
990
779
872
927
732
393
926
868
707
853
539
597
674
930
819
894
953
982
887
981
314
939
858
879
578
651
911
994
960
999
759
772
609
935
714
697
358
889
996
431
942
772
984
825
959
860
519
782
400
730
946
750
665
963
796
959
678
980
838
961
706
951
746
940
966
731
757
711
898
258
457
981
918
778
372
875
747
476
710
856
190
464
799
674
890
745
945
0
597
274
820
751
766
1000
782
751
937
943
840
831
924
450
476
804
969
952
539
776
951
605
925
28
778
907
767
646
923
837
763
615
987
559
986
952
967
949
875
788
945
918
983
752
773
697
944
980
877
971
861
815
883
758
607
969
615
272
916
735
999
875
869
917
888
611
948
958
427
978
798
924
859
856
841
860
884
985
899
997
540
972
967
984
784
764
598
990
856
876
630
897
921
953
691
542
464
641
860
597
0
855
368
994
773
919
698
750
980
791
919
970
831
952
876
867
973
992
731
362
927
275
496
981
990
954
782
776
940
770
994
799
498
899
777
880
985
983
791
444
426
884
405
452
877
977
827
708
987
842
968
972
759
999
677
819
960
789
724
963
960
651
309
400
996
947
953
696
819
666
895
877
993
993
684
1000
973
744
765
909
996
956
657
896
826
927
914
735
912
857
941
371
465
903
937
512
653
961
990
274
855
0
998
996
979
891
620
776
607
915
523
932
938
819
977
845
679
774
975
289
616
920
568
967
873
946
805
850
806
1
983
827
805
811
813
207
886
686
940
898
906
923
988
647
919
752
946
999
807
986
958
977
899
945
902
163
753
931
938
702
880
812
1
896
723
761
911
881
742
951
693
921
736
845
993
638
887
922
862
849
310
995
962
947
993
881
933
793
986
793
845
781
852
854
996
997
964
956
1
820
368
998
0
886
615
938
554
559
977
824
220
743
413
992
877
956
820
964
955
837
632
778
813
892
937
745
880
783
814
773
930
963
725
894
798
958
365
381
981
794
880
816
977
766
784
810
762
996
972
637
747
983
930
919
769
839
985
949
633
905
515
712
927
707
996
816
798
203
756
955
835
944
826
742
909
333
901
625
426
962
987
933
987
912
463
803
902
602
931
904
933
664
992
930
899
591
580
928
965
751
994
996
886
0
846
939
944
628
940
773
747
907
678
958
857
671
856
906
770
509
857
576
879
988
845
940
141
857
954
942
878
876
881
728
720
667
545
968
804
914
982
933
541
978
851
572
983
679
643
950
308
952
927
518
937
882
996
796
961
796
943
833
876
984
749
792
858
874
989
616
861
169
850
485
1000
1
368
976
914
633
400
803
734
934
953
322
917
792
825
622
911
912
374
955
871
949
949
944
947
766
773
979
615
846
0
983
779
663
942
989
944
151
918
975
910
496
975
872
822
855
976
730
875
939
898
935
743
637
813
977
988
944
950
590
873
930
893
824
752
819
789
997
984
507
719
962
954
999
969
954
859
858
538
986
952
321
987
940
996
841
860
967
808
883
731
629
619
902
770
875
986
638
637
253
909
874
924
479
924
839
667
858
305
943
979
785
853
992
891
758
949
619
909
773
882
971
832
847
944
1000
919
891
938
939
983
0
522
931
878
679
987
606
860
794
673
793
899
766
612
973
881
748
832
930
833
678
924
781
951
798
582
694
712
972
822
912
791
651
794
894
844
888
989
907
970
783
980
984
933
680
901
818
638
980
917
985
974
419
964
959
604
663
737
935
848
879
997
558
868
928
540
751
805
974
880
947
676
890
867
839
951
972
681
649
747
839
910
697
831
990
906
886
985
958
891
917
651
646
959
782
698
620
554
944
779
522
0
854
984
742
936
541
1000
968
997
949
993
894
990
948
749
947
931
835
863
646
687
915
698
972
860
988
562
740
641
922
804
757
916
526
996
761
870
882
415
914
869
257
727
1
694
824
919
487
808
746
954
932
801
771
809
874
848
938
951
720
977
756
983
897
991
990
699
996
962
930
936
837
956
915
876
722
945
972
1
992
874
936
649
943
850
895
910
692
905
937
971
957
749
751
750
776
559
628
663
931
854
0
511
989
990
867
651
836
893
37
845
496
971
638
987
838
908
918
515
906
933
930
843
999
889
818
916
871
976
817
420
599
980
839
454
426
892
960
812
942
977
505
453
706
895
946
895
991
565
954
948
970
942
933
843
703
977
522
617
895
998
853
923
971
991
871
502
922
995
891
755
948
922
423
868
746
976
922
636
817
940
781
838
738
634
975
857
812
821
904
980
282
974
937
980
607
977
940
942
878
984
511
0
990
681
957
719
912
561
950
802
930
931
734
889
786
487
694
920
711
566
594
894
998
682
713
535
718
933
937
995
979
805
764
959
887
975
996
793
925
987
388
844
955
959
416
433
851
885
621
825
623
914
784
332
960
449
825
899
100
930
669
808
859
902
639
920
975
674
756
916
791
996
794
858
605
729
980
981
909
888
950
857
914
698
825
877
984
955
969
865
978
919
943
791
915
824
773
989
679
742
989
990
0
980
973
996
720
629
660
886
976
704
975
841
864
201
938
917
892
321
697
972
757
627
781
454
971
614
941
182
804
869
978
720
979
798
785
885
944
61
941
915
770
907
925
980
796
994
999
877
737
689
433
876
926
930
966
749
947
951
999
463
805
968
989
707
997
930
955
979
929
388
782
884
908
772
853
821
1
549
884
807
540
977
999
918
688
910
945
981
946
746
840
919
523
220
747
944
987
936
990
681
980
0
515
939
753
714
939
609
947
990
865
979
862
995
921
978
997
998
958
873
971
481
542
981
914
923
981
618
606
584
935
810
934
919
655
909
784
999
731
912
164
951
402
918
429
989
981
850
963
979
985
885
712
649
617
746
690
994
890
624
840
960
665
701
699
770
650
983
716
619
705
919
839
470
922
987
939
592
960
763
924
990
795
810
713
776
696
960
936
984
831
970
932
743
907
151
606
541
867
957
973
515
0
970
950
941
978
981
520
587
549
618
510
936
708
612
915
829
761
971
962
743
870
479
884
807
940
845
424
891
931
571
987
570
953
940
578
969
880
890
44
868
960
951
934
777
979
999
995
724
844
687
917
799
991
832
994
998
757
950
941
803
849
756
945
623
729
908
885
643
479
727
612
808
782
973
849
752
802
916
911
389
92
876
987
838
408
707
909
990
924
831
938
413
678
918
860
1000
651
719
996
939
970
0
839
878
998
847
691
477
900
925
282
995
929
971
994
972
664
967
687
527
859
837
958
987
803
916
542
663
543
349
997
799
945
454
983
810
904
738
795
690
812
683
547
913
907
817
902
434
922
884
608
784
897
937
942
847
402
844
920
547
951
640
788
884
398
761
820
486
861
978
626
992
867
801
631
608
1
820
986
556
969
765
131
984
954
632
878
779
450
952
819
992
958
975
794
968
836
912
720
753
950
839
0
872
653
791
547
895
912
942
977
648
827
908
321
990
915
659
883
963
939
715
784
971
663
966
953
891
925
698
960
995
945
830
827
531
401
904
624
422
860
954
977
991
777
768
950
801
994
763
780
954
931
827
553
927
743
899
918
956
23
796
635
626
377
700
984
986
665
853
993
887
501
804
396
997
980
982
956
867
892
895
834
985
505
840
990
872
476
876
977
877
857
910
673
997
893
561
629
714
941
878
872
0
115
520
857
680
928
994
919
844
991
952
737
851
897
756
880
905
809
970
871
885
974
899
868
893
744
996
927
855
703
948
902
703
913
973
606
996
654
353
986
763
991
748
392
868
619
763
579
871
668
932
803
768
958
1000
988
929
640
932
987
819
943
534
901
966
776
779
909
834
873
739
840
767
715
993
890
922
976
689
522
874
860
889
904
927
804
867
845
956
671
496
793
949
37
950
660
939
978
998
653
115
0
952
772
891
719
966
980
707
809
879
957
980
957
963
881
966
568
417
683
615
886
760
305
849
857
569
774
991
911
986
862
970
879
818
907
978
926
594
957
740
754
919
909
623
562
722
990
226
706
860
91
893
517
589
731
998
979
979
942
912
745
921
941
839
932
974
999
909
613
923
997
737
978
678
684
999
893
946
798
896
632
926
610
732
969
973
679
820
856
975
899
993
845
802
886
609
981
847
791
520
952
0
853
448
871
856
928
982
648
956
835
997
833
822
974
901
974
755
725
967
573
954
974
759
892
880
936
354
829
712
473
352
930
529
926
950
933
867
738
802
472
684
801
538
809
697
973
504
647
997
948
900
771
488
985
991
681
854
916
605
421
828
898
681
705
982
964
944
669
887
941
858
977
894
757
768
552
926
784
918
797
922
938
393
952
992
774
964
906
872
766
894
496
930
976
947
520
691
547
857
772
853
0
414
637
952
768
965
815
689
990
817
664
982
928
967
474
945
86
868
847
200
640
692
929
698
863
958
464
771
820
749
947
975
903
938
871
888
999
985
721
903
853
865
977
963
510
416
887
806
992
821
834
929
984
806
874
993
963
972
707
806
959
999
632
957
938
709
960
957
913
933
931
911
924
956
508
907
774
888
488
943
417
926
539
731
975
955
770
822
612
990
971
931
704
990
587
477
895
680
891
448
414
0
625
864
997
620
792
987
947
842
823
804
937
692
937
583
938
970
912
906
994
880
591
973
637
627
917
928
980
978
622
609
814
891
967
571
978
544
998
784
472
816
928
773
435
955
408
821
843
981
910
885
886
928
977
992
930
754
951
330
743
863
735
849
892
891
971
564
999
914
979
556
925
916
940
980
854
977
393
799
1
868
776
362
289
837
509
855
973
948
638
734
975
865
549
900
912
928
719
871
637
625
0
997
877
875
871
925
714
913
909
915
452
942
329
844
790
943
531
829
966
794
989
859
779
790
794
639
930
371
698
926
297
297
783
1
287
696
952
838
972
462
945
895
864
663
935
850
610
838
1000
937
699
834
552
741
541
781
732
986
900
724
516
686
892
687
917
888
804
918
901
156
588
943
777
826
857
931
740
554
918
707
951
927
616
632
857
976
881
749
987
889
841
979
618
925
942
994
966
856
952
864
997
0
991
868
995
458
927
629
805
963
950
943
950
890
936
787
994
675
907
894
896
845
973
781
990
996
722
634
962
769
951
922
843
983
937
784
277
742
682
944
964
737
391
699
865
956
774
959
802
992
973
691
500
894
590
626
980
857
753
947
807
300
915
865
975
946
970
962
539
806
910
960
586
827
997
823
553
806
647
853
605
275
920
778
576
730
748
947
838
786
864
862
510
282
977
919
980
928
768
997
877
991
0
844
906
759
610
981
988
806
516
938
593
418
977
539
809
986
917
939
874
699
711
744
553
534
977
469
548
568
931
759
901
917
884
980
972
945
800
952
878
912
925
965
666
870
935
976
903
918
562
883
875
599
491
636
918
996
596
905
992
997
919
646
864
481
654
761
943
938
999
876
480
956
862
26
230
594
888
539
925
496
568
813
879
875
832
931
908
487
201
995
936
995
648
844
707
982
965
620
875
868
844
0
999
866
999
979
899
151
947
990
700
844
312
718
914
988
852
984
919
900
815
930
958
811
988
907
894
839
493
991
937
891
816
765
605
881
967
980
507
389
873
883
893
932
942
883
734
12
942
938
937
785
959
941
993
975
163
685
957
751
586
628
888
894
929
994
924
757
487
922
809
799
655
898
902
952
358
597
28
981
967
892
988
939
930
835
918
694
938
921
708
929
827
991
809
648
815
792
871
995
906
999
0
639
742
556
875
714
996
501
976
392
603
972
969
700
879
938
868
876
721
865
841
710
825
998
989
942
943
647
896
986
981
840
828
870
1
913
832
993
875
606
852
927
976
713
987
765
692
979
938
994
643
684
888
765
687
845
782
956
779
984
832
984
814
687
783
738
871
1
978
1
983
714
953
874
925
674
778
990
873
937
845
898
833
863
515
920
917
978
612
971
908
952
879
956
689
987
925
458
759
866
639
0
968
692
942
660
880
928
940
828
664
790
932
559
950
839
903
917
857
964
942
773
602
657
551
828
799
899
982
720
850
815
1000
859
505
141
863
387
913
732
663
827
961
151
836
966
924
992
713
950
844
828
590
616
988
723
822
723
881
1
674
808
761
978
712
645
648
727
627
919
695
969
460
545
944
930
907
954
946
745
940
935
678
646
906
711
892
997
915
994
321
737
957
835
990
947
714
927
610
999
742
968
0
814
728
579
583
912
767
807
917
523
919
919
896
742
744
788
813
972
993
751
786
876
390
993
575
921
902
737
958
8
442
895
951
830
907
544
917
585
994
975
826
686
946
778
958
896
767
746
704
312
916
611
847
909
751
888
901
675
964
731
930
903
787
997
313
889
724
949
973
945
929
816
616
819
767
782
805
880
141
743
924
687
933
566
321
998
829
972
990
851
980
997
817
842
913
629
981
979
556
692
814
0
994
669
636
546
978
921
955
781
593
997
824
907
981
379
908
690
881
711
897
825
485
729
121
637
848
689
942
968
892
793
988
785
792
908
922
958
861
648
961
795
996
938
767
948
793
763
808
519
963
928
443
770
947
399
796
980
1
965
999
937
817
849
860
942
915
974
662
1000
655
668
894
894
646
776
850
783
857
637
781
915
930
594
697
958
761
664
915
897
957
833
664
823
909
805
988
899
875
942
728
994
0
733
525
720
462
562
915
709
823
874
665
970
779
869
498
561
640
620
834
273
445
444
744
969
887
911
995
987
525
878
972
426
836
844
935
807
971
954
843
813
968
864
864
837
663
961
803
660
715
602
997
845
992
933
925
954
898
864
509
766
837
986
989
131
908
986
887
881
603
817
961
953
923
940
806
814
954
813
951
698
843
894
972
873
971
967
659
756
963
822
982
804
915
963
806
151
714
660
579
669
733
0
776
945
767
920
523
670
895
683
746
850
865
788
760
972
906
977
955
259
966
992
906
876
872
992
954
920
983
417
982
388
778
979
865
735
44
734
483
864
971
992
727
958
514
959
950
823
914
885
854
895
920
391
919
616
905
482
982
873
870
874
452
925
250
687
758
976
727
871
236
982
837
770
1
773
942
977
798
972
999
998
757
971
962
687
883
880
881
974
928
937
452
950
516
947
996
880
583
636
525
776
0
949
747
761
952
800
738
986
984
375
951
883
681
857
729
965
664
633
992
978
992
648
655
827
433
997
903
873
644
774
751
942
919
874
918
638
830
812
675
980
579
810
780
946
999
928
884
827
782
786
722
911
350
903
777
698
928
938
942
772
346
943
976
591
988
866
721
964
344
887
763
994
983
930
878
988
582
860
889
682
627
481
743
527
963
905
966
901
967
692
942
943
938
990
501
928
912
546
720
945
949
0
997
666
960
929
348
891
858
699
963
610
915
943
904
715
956
708
979
889
860
960
959
807
775
869
620
784
888
857
830
751
965
983
931
970
838
801
463
830
937
990
903
719
887
681
975
634
948
875
741
816
603
894
837
488
839
835
936
926
950
471
580
966
873
822
623
556
677
981
615
799
827
963
876
944
694
988
818
713
781
542
870
859
939
809
568
974
474
937
329
950
593
700
976
940
767
978
462
767
747
997
0
921
881
539
960
719
895
834
751
976
797
981
925
902
849
924
950
589
814
656
845
928
986
757
965
906
895
659
733
986
959
896
976
399
861
860
969
943
693
914
921
836
447
945
917
567
799
755
940
988
844
940
688
997
972
226
911
791
720
694
513
638
849
833
934
974
290
314
987
498
805
725
881
950
712
562
916
535
454
981
479
837
715
970
417
755
945
583
844
890
418
844
392
828
807
921
562
920
761
666
921
0
524
921
947
940
434
519
883
843
848
961
978
936
951
851
999
931
666
617
861
635
948
926
696
824
918
802
692
861
625
948
994
932
428
802
612
677
900
986
1
769
703
908
915
763
705
849
895
971
808
845
896
870
695
523
971
978
979
939
719
963
854
952
819
934
752
939
559
899
811
894
728
590
972
740
871
718
971
914
884
958
784
871
683
725
86
938
790
936
977
312
603
664
917
955
915
523
952
960
881
524
0
794
784
928
950
713
980
972
566
895
898
685
952
621
868
641
847
598
590
965
765
976
837
785
976
912
764
353
965
927
724
636
516
487
854
888
930
826
871
814
854
878
827
985
922
733
632
696
962
932
543
291
977
606
874
970
800
733
516
864
909
980
758
965
884
858
986
777
813
798
720
873
822
641
976
933
614
923
807
987
971
885
615
967
868
970
943
787
539
718
972
790
523
781
709
670
800
929
539
921
794
0
432
521
819
834
837
973
726
970
811
916
454
993
705
432
720
735
949
880
998
680
924
981
935
431
704
819
837
687
885
663
963
542
873
913
566
939
461
952
868
802
960
998
890
956
774
865
978
834
805
936
977
963
863
974
639
929
520
995
914
977
649
610
616
879
952
880
207
958
667
930
912
922
817
937
941
981
940
803
663
974
886
573
847
912
531
994
809
914
969
932
919
593
823
895
738
348
960
947
784
432
0
907
846
975
757
915
829
1000
954
908
800
693
847
731
914
862
918
653
863
278
968
741
921
863
742
972
955
741
930
845
967
908
977
980
934
943
833
821
181
296
931
757
853
671
859
894
865
978
866
768
982
976
992
358
888
966
881
999
909
972
876
909
654
578
967
985
886
365
545
893
791
804
420
995
182
618
845
916
966
899
760
954
200
906
829
675
986
988
700
559
919
997
874
683
986
891
719
940
928
521
907
0
984
798
672
942
864
709
992
400
804
350
795
975
984
890
786
993
832
887
945
854
646
620
668
711
955
881
982
969
466
704
737
601
971
307
917
847
637
943
788
687
948
635
689
989
951
999
838
442
387
842
824
955
967
1000
997
980
995
939
995
829
981
651
949
983
686
381
968
824
651
757
599
979
804
606
424
542
953
868
305
974
640
994
966
907
917
852
879
950
896
824
665
746
984
858
895
434
950
819
846
984
0
707
787
786
957
981
316
792
855
943
702
706
906
938
844
985
919
792
211
901
895
655
951
530
913
995
843
822
772
667
716
873
865
491
882
475
947
964
895
908
907
962
913
992
957
956
512
556
779
462
747
833
929
691
911
779
880
941
980
921
543
911
875
791
940
981
804
752
794
916
980
805
869
584
891
663
891
893
849
759
692
880
794
894
939
984
938
839
742
907
970
850
375
699
834
519
713
834
975
798
707
0
508
881
757
809
819
957
704
993
833
841
832
999
376
932
976
950
708
863
960
871
831
932
377
907
862
414
931
776
666
843
493
461
846
945
823
709
657
920
806
918
854
931
997
488
965
603
960
406
817
770
608
653
915
869
831
964
926
899
763
994
788
444
898
794
914
819
894
526
839
764
978
935
931
543
925
744
857
892
929
591
989
896
874
919
868
903
744
981
779
865
951
963
751
883
980
837
757
672
787
508
0
960
377
541
944
992
815
997
930
892
902
937
708
969
936
787
989
769
474
446
927
810
924
874
854
747
893
976
720
584
697
816
672
513
844
940
899
898
565
956
949
889
907
642
981
843
702
876
999
710
984
1
880
914
877
888
998
848
804
960
945
426
906
880
982
789
844
996
454
959
720
810
571
349
698
996
569
880
698
973
859
845
699
900
876
917
788
379
869
788
883
610
976
843
972
973
915
942
786
881
960
0
949
776
986
936
952
865
415
863
885
588
577
715
977
986
649
999
721
728
1
643
761
665
549
696
996
1
997
875
997
733
935
975
996
982
995
917
924
736
889
940
971
944
783
856
844
248
558
539
996
837
842
993
979
918
981
401
977
999
918
884
923
816
933
997
888
761
426
887
979
934
987
997
960
927
774
936
863
637
779
973
711
815
721
857
813
908
498
760
681
915
797
848
566
726
829
864
957
757
377
949
0
924
995
872
908
737
607
864
985
889
847
838
639
842
859
886
905
754
988
859
870
908
908
929
543
727
952
1000
922
281
527
860
985
965
768
898
987
923
708
964
730
889
930
928
772
791
932
741
900
938
380
778
995
868
951
261
702
759
983
405
988
977
541
984
989
870
892
975
798
919
570
799
995
855
991
354
958
627
790
781
744
930
865
964
972
690
561
972
857
943
981
961
895
970
1000
709
981
809
541
776
924
0
824
886
782
742
738
960
326
980
963
642
983
807
884
885
871
899
888
892
860
960
752
981
933
983
960
988
714
973
892
691
828
729
971
984
833
846
877
972
674
980
821
851
977
861
712
758
576
898
665
848
914
504
594
538
970
772
752
452
647
766
978
507
907
882
960
996
785
655
953
945
945
703
911
829
464
917
794
990
553
958
841
942
993
881
640
906
729
904
925
978
898
811
954
992
316
819
944
986
995
824
0
934
949
788
697
916
909
471
806
827
489
973
679
617
981
897
580
863
515
876
975
960
838
841
726
988
970
407
949
896
885
969
970
886
930
953
953
884
944
849
742
938
984
950
948
874
949
834
658
507
300
679
949
753
783
609
773
877
919
784
851
719
970
415
812
793
885
909
940
454
830
948
986
712
771
928
639
996
534
811
710
773
751
711
620
977
965
715
902
936
685
916
908
400
792
957
992
936
872
886
934
0
945
943
534
816
905
695
663
945
960
810
857
790
891
838
919
881
981
796
952
982
973
976
640
799
905
877
672
992
984
883
724
950
971
958
256
897
733
927
692
776
531
852
776
670
852
899
522
989
717
865
689
985
778
935
697
977
752
810
572
962
783
914
942
925
944
784
578
983
827
902
862
473
820
980
930
722
977
988
825
602
786
897
834
955
664
956
849
951
952
454
800
804
855
704
815
952
908
782
949
945
0
964
834
654
97
954
880
971
978
955
992
803
977
859
68
688
795
876
879
910
982
952
980
788
999
989
581
944
686
837
854
841
908
942
978
923
442
625
963
525
886
878
878
817
738
919
541
434
652
401
948
881
803
714
944
827
946
762
983
954
980
869
977
987
61
999
969
810
531
703
970
352
749
978
371
634
469
907
998
657
876
825
273
259
633
708
924
851
621
993
693
350
943
993
997
865
737
742
788
943
964
0
857
786
903
849
857
860
362
901
729
689
945
947
835
994
528
874
835
734
872
935
456
834
946
840
850
998
489
724
764
860
732
998
943
615
925
980
371
805
860
789
525
909
895
247
981
768
990
927
988
936
976
697
980
708
999
996
679
999
984
257
505
388
941
731
880
904
401
913
879
930
947
622
698
962
548
894
989
551
390
485
445
966
992
979
950
999
868
705
847
795
702
833
930
415
607
738
697
534
834
857
0
872
894
799
725
495
939
953
631
897
801
677
938
829
694
697
918
345
998
840
987
937
630
758
925
991
593
447
871
943
829
770
805
697
958
998
910
342
536
640
639
820
671
849
738
629
792
806
976
993
875
358
877
987
807
972
643
969
933
727
453
844
915
912
890
738
904
973
818
529
975
609
926
769
568
839
942
828
993
729
444
992
978
889
589
931
641
432
731
975
706
841
892
863
864
960
916
816
654
786
872
0
887
353
992
906
796
975
776
829
895
584
639
677
820
677
669
889
812
956
689
977
821
904
850
443
955
836
779
406
901
874
677
727
938
774
901
948
987
796
748
910
782
428
953
976
795
801
333
969
853
889
971
842
986
637
950
954
680
1
706
955
770
164
44
795
624
606
907
926
903
814
297
951
931
493
943
799
575
121
744
906
992
860
814
666
847
720
914
984
906
832
902
885
985
326
909
905
97
903
894
887
0
616
892
982
812
989
912
988
964
844
788
880
609
935
974
943
895
787
865
782
981
576
362
660
899
963
850
701
913
786
992
695
632
973
793
651
874
890
965
864
957
716
887
932
914
893
553
950
964
996
861
968
958
747
308
859
901
694
895
959
907
951
868
690
422
996
978
950
938
891
297
922
759
991
647
899
921
637
969
876
648
960
656
617
598
735
862
890
938
999
937
588
889
980
471
695
954
849
799
353
616
0
787
710
735
146
740
985
969
979
762
901
727
982
809
990
730
847
835
728
768
962
443
862
957
819
371
706
775
994
915
911
921
821
957
875
776
635
998
497
855
880
941
846
741
434
511
234
918
431
815
972
977
983
952
858
818
824
946
416
925
402
960
812
860
654
926
933
871
967
783
843
901
937
896
982
902
848
887
872
655
959
845
861
590
949
918
786
844
376
708
577
847
963
806
663
880
857
725
992
892
787
0
866
472
896
777
354
904
988
300
979
916
971
529
834
830
688
850
976
888
950
899
984
417
926
757
968
959
972
800
242
906
495
704
868
879
737
874
869
182
986
546
795
941
585
740
509
495
942
883
759
899
930
927
538
638
919
895
433
980
918
951
683
954
353
594
867
888
571
1
983
917
891
986
720
737
689
911
992
827
807
928
635
965
880
653
993
985
932
969
715
838
642
827
945
971
860
495
906
982
710
866
0
779
604
137
926
929
338
818
908
889
915
923
853
860
579
965
744
995
845
364
546
654
835
817
653
953
875
986
594
863
766
812
959
478
862
892
973
929
973
985
842
981
972
984
995
923
772
758
999
945
919
518
986
980
487
991
851
796
429
934
547
977
986
957
738
999
978
287
937
884
816
981
850
958
942
995
954
433
775
986
948
765
998
863
832
919
976
936
977
639
983
489
960
978
362
939
796
812
735
472
779
0
857
954
630
444
860
972
585
890
995
914
960
809
843
838
734
873
963
602
841
979
823
916
137
716
702
908
693
822
780
738
915
722
946
899
316
754
932
893
922
950
997
508
781
393
984
607
677
902
769
937
952
917
808
565
885
994
989
777
913
991
763
740
802
985
544
696
784
980
765
840
815
8
968
987
920
997
869
757
926
976
680
278
887
792
950
787
986
842
807
973
810
955
901
953
975
989
146
896
604
857
0
894
736
974
994
861
976
95
956
856
836
858
847
877
865
899
457
993
953
975
811
25
958
951
491
815
709
689
959
933
986
427
747
646
898
641
923
981
755
892
924
726
141
898
825
969
819
163
839
882
321
985
746
954
621
999
981
979
907
777
991
754
472
721
998
952
277
972
605
828
1000
442
892
525
983
903
620
965
696
837
924
968
945
211
708
989
649
859
884
679
857
992
729
631
776
912
740
777
137
954
894
0
764
893
832
957
993
656
570
543
890
828
618
933
941
976
923
753
786
610
932
826
949
846
851
964
668
804
919
987
637
954
909
892
970
972
751
998
719
862
742
953
924
829
959
615
960
753
985
996
987
974
954
948
825
877
850
999
817
768
748
919
684
903
784
838
742
945
881
870
859
895
793
878
417
873
784
906
824
785
981
741
854
901
863
769
999
886
885
617
790
803
689
897
829
988
985
354
926
630
736
764
0
995
886
793
771
1
984
983
872
604
936
858
967
979
990
979
812
716
922
795
915
714
886
386
957
784
180
666
808
771
957
887
693
890
577
1000
782
639
992
875
639
763
860
272
789
931
949
796
940
419
932
970
623
737
963
995
902
950
392
909
801
853
472
972
682
800
967
1
505
951
988
972
982
644
888
895
918
976
935
921
646
895
960
474
721
905
871
981
891
977
945
801
895
964
969
904
929
444
974
893
995
0
585
999
828
783
963
938
967
392
840
1
875
818
959
609
641
993
883
678
802
875
318
928
667
849
851
853
994
913
972
952
346
844
879
862
892
971
389
809
966
915
519
916
724
938
633
961
996
964
801
942
914
689
979
724
434
801
868
623
538
865
816
462
944
952
980
913
141
830
785
426
388
774
857
659
802
912
431
863
620
655
871
446
728
754
899
897
838
859
947
677
584
844
979
988
338
860
994
832
886
585
0
856
768
748
531
976
865
593
922
968
736
991
907
935
611
799
946
891
928
777
694
920
451
927
916
366
993
906
876
762
920
905
842
738
872
675
728
878
886
967
782
735
963
702
905
796
841
959
771
933
784
433
985
844
922
994
619
562
809
977
928
945
964
878
507
832
863
907
792
836
778
751
830
733
692
764
704
742
668
951
831
927
1
988
888
580
919
68
835
938
639
788
762
300
818
972
861
957
793
999
856
0
737
321
810
996
565
552
993
639
983
923
708
971
852
817
895
944
883
882
314
920
933
768
779
773
672
963
895
813
845
807
900
826
871
987
644
987
747
924
400
999
960
880
515
943
860
604
809
843
332
876
885
687
884
763
763
722
697
963
773
895
737
912
389
993
387
544
908
844
979
942
751
986
861
353
819
972
711
530
932
810
643
859
892
863
881
688
994
829
677
880
901
979
908
585
976
993
771
828
768
737
0
879
891
911
544
951
655
883
942
993
897
926
999
997
883
244
760
985
803
419
786
710
731
773
990
992
682
805
336
986
856
282
665
989
975
523
940
989
730
875
651
812
712
833
967
663
874
703
960
926
712
917
608
780
579
990
973
510
435
864
391
925
873
875
913
917
922
935
865
919
965
959
625
965
837
955
955
913
377
924
761
870
860
515
981
795
528
694
820
609
727
916
889
890
95
656
1
783
748
321
879
0
993
742
1
936
881
978
665
578
989
910
949
485
996
566
997
985
837
689
852
985
970
903
959
943
906
688
877
990
271
721
841
931
965
983
821
646
946
869
309
1
927
876
808
737
848
977
449
930
649
799
784
954
871
226
504
416
955
663
699
965
883
606
732
585
958
807
735
874
983
896
948
927
687
741
881
995
907
874
665
908
960
876
796
876
874
697
677
935
982
971
915
995
956
570
984
963
531
810
891
993
0
689
859
983
978
732
710
428
996
631
604
348
750
980
960
671
632
802
874
922
457
897
778
815
833
648
934
939
909
692
637
906
923
818
840
814
750
917
400
896
707
984
883
935
938
522
825
966
617
991
897
931
668
706
647
887
408
935
865
666
893
852
663
994
861
971
44
918
931
976
994
724
885
930
982
843
862
854
549
908
752
975
952
879
835
918
669
974
809
529
923
914
856
543
983
938
976
996
911
742
689
0
844
849
542
981
941
765
190
942
688
705
935
858
967
696
947
885
962
977
654
988
946
808
861
720
9
974
921
477
720
124
911
950
767
913
665
888
996
723
996
749
731
848
951
617
899
749
746
832
937
827
932
860
997
806
821
850
956
870
932
927
827
975
648
954
734
638
970
399
932
636
663
845
969
822
414
747
696
929
981
960
982
910
734
345
889
943
990
834
853
960
836
890
872
967
865
565
544
1
859
844
0
798
920
937
694
982
872
878
950
944
954
941
698
997
781
730
718
935
736
933
559
733
890
987
917
917
646
958
830
863
837
753
749
119
963
611
947
761
816
792
629
879
720
895
100
947
690
994
942
553
803
91
948
992
843
610
774
935
942
976
961
826
961
843
483
830
838
861
428
516
963
967
466
772
931
893
996
543
933
838
973
982
872
998
812
895
730
830
860
809
858
828
604
392
593
552
951
936
983
849
798
0
831
915
779
989
590
381
316
855
602
788
854
803
748
513
73
990
970
963
976
880
656
984
671
905
762
881
822
927
956
963
765
443
796
948
953
911
798
858
619
997
977
998
930
951
994
998
847
927
768
893
900
821
981
838
959
976
883
713
151
686
795
813
864
812
801
860
802
487
542
908
704
667
776
976
1
727
983
841
976
952
935
840
956
787
847
688
579
843
847
618
936
840
922
993
655
881
978
542
920
831
0
831
899
892
843
918
890
976
955
560
886
985
953
720
453
924
952
924
746
315
740
914
646
963
977
985
936
866
820
658
558
997
959
958
696
881
203
874
902
558
756
853
669
999
890
757
402
743
958
517
771
834
910
1000
802
903
734
987
836
946
996
968
971
675
463
969
612
854
873
977
737
716
666
720
997
952
960
726
640
980
456
987
689
865
835
850
965
838
877
933
858
1
968
639
883
978
732
981
937
915
831
0
729
957
830
940
660
655
858
966
856
692
887
960
832
875
968
819
945
990
374
988
988
984
470
917
855
953
971
637
356
552
678
427
819
742
756
989
770
868
983
923
808
463
624
950
844
899
1000
589
488
929
885
937
992
918
12
765
966
778
938
864
992
980
830
943
677
888
913
980
601
873
843
584
875
1000
988
988
799
788
834
937
977
782
728
976
744
734
865
941
967
875
736
983
942
665
710
941
694
779
899
729
0
863
995
967
615
874
630
492
528
794
916
905
994
592
886
857
926
980
785
966
955
960
739
913
865
713
699
891
987
943
980
978
666
951
955
616
875
928
897
971
859
805
840
941
920
918
988
731
985
984
886
699
973
562
942
692
924
958
767
864
727
579
937
693
900
930
566
934
971
865
493
697
997
922
714
970
905
999
946
630
821
981
768
888
995
873
899
976
979
818
991
923
993
578
428
765
982
989
892
957
863
0
944
996
876
800
890
682
822
41
622
615
864
851
932
966
532
985
869
995
958
760
990
917
273
953
991
1000
976
979
838
798
895
693
835
861
986
540
991
991
902
968
960
803
547
956
929
998
991
806
928
834
691
883
938
979
992
896
948
837
958
810
990
914
986
826
939
943
307
491
461
816
733
281
973
407
877
989
840
758
904
576
962
950
845
963
457
923
990
959
907
708
897
989
996
190
872
590
843
830
995
944
0
837
852
988
899
463
688
740
856
921
375
404
751
937
898
865
765
749
708
900
953
783
933
837
774
370
780
664
961
924
877
921
944
169
638
751
990
871
639
989
665
849
951
23
640
979
681
874
977
552
500
875
937
938
713
767
793
663
514
780
903
921
1
871
461
833
917
882
846
672
935
527
892
949
672
581
850
925
850
362
443
899
364
602
993
753
979
609
935
971
926
910
631
942
878
381
918
940
967
996
837
0
886
695
698
941
137
925
839
852
881
916
682
718
954
996
974
829
738
844
633
965
952
878
890
676
746
875
706
859
993
736
826
850
637
805
699
502
920
707
701
756
640
796
932
979
854
993
992
741
894
599
785
994
950
746
763
961
959
946
719
836
769
814
952
821
847
475
945
513
975
860
691
896
992
944
998
991
443
660
862
984
546
841
953
786
812
641
611
852
999
949
604
688
950
316
890
660
615
876
852
886
0
704
919
920
487
862
995
939
391
925
994
919
918
325
509
696
879
988
829
714
698
933
705
820
905
745
951
856
993
845
742
485
253
974
996
922
975
997
699
945
788
635
987
942
916
963
930
541
590
491
959
643
844
704
808
803
950
999
887
447
703
854
868
181
637
947
823
844
996
985
828
885
984
686
489
593
955
899
957
417
654
979
975
610
716
993
799
817
997
485
348
705
944
855
976
655
874
800
988
695
704
0
919
801
630
828
932
652
965
995
778
498
613
850
973
775
930
995
973
998
778
435
893
721
950
760
746
841
684
993
909
1000
909
880
962
995
674
930
770
623
884
626
819
912
605
972
754
781
626
636
941
684
828
312
519
660
823
928
681
945
908
878
802
296
943
964
709
940
982
965
729
969
883
837
724
447
836
963
819
926
835
823
811
932
922
883
946
895
883
996
750
935
954
602
955
858
630
890
899
698
919
919
0
816
749
268
917
664
874
954
924
732
756
487
834
828
738
995
607
759
734
559
609
764
841
954
940
860
1000
638
333
1
874
947
930
891
756
955
650
729
398
377
943
745
421
707
951
732
980
918
993
888
590
916
963
715
914
884
975
917
915
827
960
931
788
895
657
899
995
768
971
970
724
854
764
871
779
850
371
757
817
916
25
826
795
678
891
944
244
566
980
858
941
788
560
966
492
682
463
941
920
801
816
0
610
857
858
992
788
806
764
761
601
921
611
765
905
552
914
956
802
709
948
449
995
900
966
884
973
887
901
368
924
676
936
755
916
979
983
908
761
700
534
921
828
806
330
986
857
996
975
765
616
611
928
602
885
827
634
567
763
985
998
757
687
908
920
898
917
898
984
886
950
841
860
943
406
701
706
968
653
137
958
949
915
802
928
883
760
997
960
967
698
854
886
856
528
822
688
137
487
630
749
610
0
