0
0
0
0
0
0
137
0
0
0
0
0
997
0
254
0
865
0
0
0
0
0
865
0
907
0
0
0
197
0
0
0
0
0
0
0
0
0
0
177
0
0
298
0
551
0
0
288
0
0
0
0
230
345
0
37
0
0
668
0
864
794
777
0
919
0
513
0
0
0
0
0
0
0
0
0
0
0
0
0
433
538
0
0
0
916
0
0
0
0
0
0
0
0
877
886
0
463
0
0
0
0
0
0
0
0
0
0
876
0
0
952
0
0
0
0
0
0
25
0
0
0
0
0
0
0
0
0
0
0
0
0
651
0
0
0
0
0
0
0
0
0
0
0
0
0
0
0
0
0
0
0
0
74
0
0
836
0
0
0
0
0
0
0
0
0
0
0
0
0
0
0
0
0
0
0
0
0
0
0
0
617
0
0
0
0
0
945
0
0
0
0
60
0
84
0
978
0
238
0
0
0
0
0
0
0
0
0
306
397
0
1
0
691
0
0
0
0
184
0
0
0
0
0
0
0
0
0
0
0
0
398
588
163
0
0
0
0
0
0
0
646
0
0
0
0
0
0
0
234
0
0
0
0
329
0
0
0
0
0
0
0
0
0
0
0
934
0
0
0
446
0
0
0
194
0
0
812
0
0
0
971
0
0
0
0
0
0
0
0
0
0
0
0
646
0
0
0
0
938
0
0
0
0
0
0
0
0
0
0
0
0
0
0
0
191
0
0
0
0
0
0
0
0
0
0
581
0
0
0
0
0
0
0
0
0
0
0
0
0
551
0
0
0
198
0
0
728
0
0
0
0
0
0
612
0
0
0
0
0
0
511
0
0
0
0
0
0
212
225
943
984
0
130
220
0
0
0
0
0
0
227
0
0
0
0
0
0
0
1000
0
0
0
0
0
0
0
0
0
0
0
0
0
0
0
0
0
123
907
486
0
575
0
0
0
0
115
0
807
0
0
0
0
617
0
0
0
964
585
0
0
0
0
0
0
0
346
0
0
0
0
0
142
0
0
430
0
0
0
0
0
0
0
0
721
760
0
66
0
0
0
0
0
0
0
0
94
0
0
0
0
0
0
275
0
0
728
470
0
0
952
0
0
0
0
848
0
0
0
0
0
0
0
0
950
0
0
0
0
0
0
0
0
0
0
0
0
814
549
0
0
788
0
0
904
56
0
0
0
0
915
0
0
975
0
0
0
0
0
0
0
601
206
26
0
0
0
0
910
744
871
690
740
0
0
0
0
0
0
0
743
0
0
608
532
128
269
0
873
0
349
0
0
413
0
0
910
0
0
0
0
152
651
0
0
0
0
0
40
0
0
0
0
0
889
618
0
532
0
0
0
0
0
0
783
0
87
0
0
999
137
0
0
0
0
0
0
0
510
0
0
199
0
0
0
0
0
0
430
0
824
0
0
0
0
0
0
0
0
0
0
0
0
0
0
0
0
0
537
0
724
0
82
0
0
0
0
0
0
0
0
0
0
0
0
0
127
161
0
0
0
0
0
0
0
662
0
0
0
0
0
0
798
0
391
0
0
0
0
0
489
0
0
0
0
661
0
661
0
0
0
0
0
0
724
0
0
92
0
0
0
0
0
0
123
814
0
0
0
0
0
0
0
0
488
0
0
0
522
744
0
0
0
0
0
537
0
0
484
0
0
650
0
0
0
0
0
0
0
0
0
0
476
0
0
0
0
0
0
871
0
0
0
159
0
0
0
0
0
0
0
0
0
0
0
0
0
0
0
0
66
650
179
0
0
0
204
0
0
0
826
0
0
0
942
0
0
242
0
0
0
0
0
0
335
0
0
0
0
0
0
876
306
0
907
549
510
0
0
0
0
0
0
0
0
0
931
0
0
826
0
0
0
0
0
0
0
0
0
0
0
899
639
0
0
0
273
0
0
0
0
279
0
65
0
0
358
0
0
0
551
0
486
0
3
0
629
749
959
0
0
0
0
0
151
954
0
0
898
0
0
0
0
0
972
0
0
0
423
0
0
0
0
71
550
0
0
0
0
0
0
0
0
0
0
0
0
0
0
0
0
0
397
0
486
0
0
0
0
0
0
0
0
0
726
0
0
0
0
0
0
0
0
0
0
0
0
0
0
0
0
0
0
0
291
0
0
0
0
495
86
0
0
0
0
0
0
708
0
0
0
0
0
0
0
0
0
0
0
0
0
0
0
0
0
0
0
0
0
0
0
0
792
411
0
0
0
0
0
0
0
0
0
0
0
0
0
0
0
0
0
0
0
497
625
0
0
0
0
0
0
0
0
0
0
0
0
0
0
0
0
0
0
0
0
672
0
0
0
0
0
0
201
776
519
395
0
968
0
0
418
0
0
0
0
0
0
0
0
0
0
0
0
0
249
0
0
0
139
5
0
0
0
0
0
0
986
0
482
0
420
0
0
0
0
0
0
0
96
0
0
0
0
0
0
0
0
0
36
992
0
0
906
725
68
0
0
220
0
0
0
0
750
97
0
258
0
0
0
0
0
952
1
0
575
788
199
0
0
0
0
0
0
0
847
728
0
0
283
0
0
0
0
0
0
0
956
684
0
0
0
0
0
0
0
0
0
0
0
0
8
0
0
0
0
0
415
0
0
0
595
0
0
284
0
0
0
0
359
0
298
0
0
720
0
0
480
737
909
405
0
0
0
0
0
0
0
0
0
0
0
0
0
0
876
0
0
94
0
0
0
0
0
472
384
0
0
0
0
0
997
0
0
0
0
0
0
0
0
0
0
0
0
0
0
0
0
0
0
0
0
0
0
87
0
0
0
0
0
0
0
0
0
0
0
0
0
0
40
574
76
0
296
0
221
0
0
188
0
0
0
771
0
0
0
0
0
0
0
0
496
0
0
0
0
0
0
887
314
0
0
234
0
0
0
268
0
967
981
0
0
288
0
0
0
0
0
0
0
0
0
0
0
0
0
538
0
0
0
0
0
0
691
0
0
0
0
0
0
0
0
0
0
0
229
736
658
0
0
0
0
0
0
0
0
0
0
0
633
0
0
0
0
0
0
0
29
0
0
0
0
0
0
0
226
985
0
0
0
0
0
0
0
0
187
962
0
0
0
0
241
77
0
0
584
0
0
0
0
0
0
0
0
0
0
0
0
0
125
0
0
0
0
0
0
212
0
0
593
0
0
0
530
0
0
0
635
0
0
0
254
0
0
0
0
904
0
488
0
726
0
847
0
229
0
0
0
0
0
0
0
0
0
0
0
0
0
0
0
0
0
0
0
205
0
0
0
0
0
0
0
0
0
389
0
0
0
0
0
0
0
358
163
0
0
0
179
0
0
0
0
0
0
968
0
0
0
0
0
0
904
0
0
731
0
0
71
0
0
0
0
0
0
0
0
0
152
454
912
0
0
18
0
849
948
0
126
0
0
0
0
0
0
191
0
56
0
0
0
0
672
728
0
736
0
0
977
0
0
0
0
419
0
872
0
0
0
0
0
0
0
289
0
0
157
0
62
0
0
733
0
118
0
0
0
597
0
0
0
0
0
194
0
0
0
0
0
0
0
0
788
0
0
0
0
0
0
0
0
0
443
838
0
0
632
0
0
660
0
0
0
0
0
0
0
862
92
105
0
908
962
0
0
0
0
651
0
0
0
0
865
0
0
0
115
0
0
0
931
0
0
0
0
658
0
977
0
0
0
0
363
335
243
0
0
115
0
0
581
0
603
0
0
979
0
0
0
0
0
0
0
0
0
0
235
0
0
0
0
0
0
0
0
0
0
0
0
0
0
415
0
0
0
0
0
0
52
0
0
0
0
198
0
0
0
0
0
0
0
0
0
0
0
0
0
287
0
50
0
0
0
0
0
0
0
0
0
0
0
581
0
0
0
0
0
0
0
0
0
0
0
0
0
0
0
0
0
0
0
0
446
0
0
0
718
0
0
0
0
0
0
0
856
0
0
0
778
0
0
962
0
0
0
0
0
0
0
0
114
870
188
0
0
0
0
14
0
0
246
0
0
0
0
446
0
0
0
0
0
0
0
230
626
0
0
0
0
0
0
0
0
0
0
0
934
0
0
96
0
0
279
0
0
0
837
0
0
0
0
0
0
25
184
0
807
0
430
522
0
0
0
283
0
0
0
0
0
0
0
0
0
0
0
0
0
0
666
0
0
0
876
0
0
0
0
690
0
0
0
827
0
799
0
0
0
0
0
0
259
0
0
0
0
0
0
0
0
852
449
0
349
0
0
0
0
321
0
0
0
0
0
0
0
0
0
0
0
0
862
0
0
983
0
0
0
0
0
0
0
0
0
0
0
78
789
295
0
0
0
0
0
0
0
0
0
0
0
744
826
0
0
0
0
0
0
0
0
0
0
0
0
0
0
0
708
0
0
0
0
0
0
0
0
0
0
0
0
189
0
0
0
0
0
0
0
0
373
0
0
0
0
51
0
0
491
0
0
0
0
0
0
886
0
0
0
0
0
0
0
0
0
0
851
0
0
0
0
881
0
0
0
888
901
0
0
0
6
758
0
0
0
933
0
0
85
0
0
0
0
0
0
0
0
0
0
915
824
0
0
0
0
0
0
0
0
0
363
446
0
0
0
644
633
0
0
0
241
0
0
0
0
0
121
828
0
377
0
0
0
0
0
0
0
0
832
0
0
0
735
998
0
0
0
0
0
0
0
0
0
0
0
0
0
0
0
0
0
531
0
0
0
142
0
0
0
0
0
881
0
986
0
0
212
0
0
471
0
0
0
0
0
0
0
0
0
560
261
0
0
0
0
0
0
0
0
0
0
0
0
0
0
0
0
0
0
419
335
0
0
0
644
0
950
0
307
0
0
0
0
0
0
784
0
0
0
190
415
0
0
825
924
0
0
0
0
0
0
789
669
0
0
0
0
0
0
0
0
0
0
0
0
0
0
0
0
904
0
0
0
0
613
0
0
0
0
0
0
0
0
0
0
598
0
0
0
0
0
275
0
851
0
0
866
210
0
0
0
0
0
0
865
0
0
0
0
0
0
0
0
0
201
0
0
0
0
0
243
0
0
0
633
950
0
679
0
0
744
0
0
0
0
0
0
0
0
0
0
992
710
0
0
56
0
0
286
0
296
0
0
0
0
0
0
0
204
53
0
0
0
0
0
224
0
552
816
0
0
0
274
0
0
0
202
167
0
0
0
0
0
0
0
156
0
0
0
0
0
231
677
0
0
979
0
0
0
0
617
0
0
0
0
0
0
0
617
975
0
0
0
0
776
0
87
0
0
872
0
0
0
0
0
0
679
0
0
0
0
0
0
0
0
0
0
582
0
0
0
0
0
0
0
0
579
0
0
750
530
848
0
0
289
0
982
0
0
0
634
0
0
0
0
0
0
0
0
0
0
890
0
0
0
0
0
0
0
0
0
145
0
0
0
0
0
0
0
0
0
0
0
0
0
0
916
0
0
0
540
0
653
0
907
0
0
0
0
0
0
0
0
0
519
0
0
0
0
0
0
718
0
708
0
307
0
0
0
0
0
0
0
0
0
0
0
0
0
0
0
0
0
0
0
0
0
0
0
442
0
0
446
0
0
0
0
0
0
0
0
0
0
0
425
0
0
926
0
0
164
0
0
0
358
0
0
0
564
0
0
0
0
0
0
0
320
0
0
646
0
0
0
987
0
0
0
0
0
0
0
0
0
423
0
0
0
0
0
0
0
537
0
0
395
0
0
0
0
0
115
0
0
0
0
0
0
0
0
0
0
0
0
0
474
0
316
0
0
0
0
0
0
0
0
0
0
0
0
159
0
0
0
0
0
0
0
0
0
0
0
0
0
912
215
0
897
0
209
0
226
0
715
0
0
0
0
2
257
540
0
0
0
0
0
0
0
0
0
391
0
0
0
0
888
0
0
0
0
0
0
0
0
0
0
0
0
581
0
0
0
0
0
0
0
956
0
0
0
0
0
0
666
0
241
0
744
0
0
0
0
433
0
0
0
0
0
0
0
0
464
0
0
0
0
0
0
0
0
0
0
244
0
0
0
828
0
0
624
409
0
0
0
0
0
0
0
0
0
0
0
0
0
0
0
0
0
0
0
314
0
0
0
0
0
0
0
0
541
0
632
0
233
642
0
616
0
0
0
0
0
0
0
0
0
0
0
0
964
0
0
0
0
0
968
684
0
0
0
0
0
0
0
0
0
0
0
0
0
0
433
0
0
0
100
451
0
0
0
0
0
0
718
379
0
103
929
0
0
0
0
0
0
0
0
0
0
0
0
0
62
0
0
0
0
0
0
0
0
0
0
0
0
0
0
195
0
0
0
0
0
0
0
612
0
0
0
0
977
379
0
0
0
0
0
0
0
0
433
349
0
0
272
16
197
0
0
0
585
0
0
484
0
0
0
0
0
633
0
0
581
0
0
0
0
0
0
0
0
0
0
0
0
39
0
0
0
0
414
0
0
0
0
843
0
0
0
346
0
0
0
0
0
75
0
0
0
0
0
0
0
0
0
0
0
34
0
0
0
0
0
0
0
0
0
0
0
478
0
932
0
0
0
804
0
0
0
0
626
0
0
0
0
0
0
0
541
571
615
0
0
0
0
0
0
0
0
0
0
0
0
0
0
0
0
0
0
0
0
0
0
0
0
0
0
0
0
0
0
0
0
0
39
0
0
0
0
0
0
492
848
0
0
0
0
0
0
0
0
0
0
0
0
0
0
414
0
0
0
0
0
0
0
0
0
257
0
0
0
0
0
894
0
0
0
0
0
0
0
0
0
0
0
275
0
0
0
0
0
0
0
870
812
0
0
0
0
0
0
0
0
0
0
0
0
0
0
0
0
0
0
0
0
0
418
0
0
0
0
0
603
0
876
0
0
0
0
0
0
474
0
100
0
0
0
0
639
0
0
0
802
0
48
0
0
0
465
0
0
0
0
335
0
0
152
0
0
588
328
0
243
0
923
688
0
0
0
119
0
0
0
43
0
420
0
0
391
744
0
0
0
0
0
0
0
0
0
0
0
0
0
0
0
0
0
0
0
0
0
0
0
0
0
0
0
0
398
0
0
601
0
650
899
0
0
0
0
0
0
289
0
0
0
0
0
784
0
0
0
0
0
451
0
0
0
0
0
0
0
0
0
0
0
0
754
0
0
0
0
0
0
0
0
128
0
0
926
0
0
0
617
0
0
0
8
0
599
0
0
0
0
0
533
0
0
0
0
0
0
0
0
0
0
0
133
355
0
0
0
747
0
0
0
0
471
0
0
0
0
0
852
0
0
0
0
651
588
0
0
206
0
0
639
0
0
0
0
0
0
0
0
856
0
0
121
0
0
0
0
316
0
0
0
0
639
0
0
0
0
0
0
0
0
0
681
0
0
949
0
0
0
0
0
0
0
0
0
952
0
0
0
0
0
0
0
0
0
0
0
0
0
0
0
0
0
0
814
0
132
0
0
0
0
0
0
0
0
0
599
391
216
176
0
0
0
0
0
867
0
0
0
0
0
0
0
0
163
0
0
26
0
0
0
0
0
0
0
0
205
0
979
0
0
0
828
0
0
582
0
0
0
0
0
0
0
0
0
0
0
0
683
0
0
795
0
0
0
860
0
0
0
0
576
779
335
0
0
0
398
0
0
0
0
685
686
0
0
0
444
0
0
270
0
0
0
70
0
0
0
0
0
0
282
0
935
0
0
200
0
0
0
0
0
0
0
0
0
0
0
0
0
0
659
0
0
0
0
0
0
0
0
0
0
291
0
0
0
0
0
157
0
0
0
0
0
0
0
0
0
0
0
0
414
0
0
0
0
0
0
0
0
0
0
0
0
0
0
0
601
0
0
805
147
0
0
0
0
0
0
0
484
0
0
372
0
0
0
0
0
0
0
0
0
0
852
0
0
0
0
0
0
767
0
0
0
406
0
0
0
0
0
0
670
0
0
21
0
0
0
0
0
82
0
0
0
0
0
0
0
0
0
0
0
0
0
0
0
0
0
0
0
0
690
0
377
190
0
0
0
0
0
0
0
492
0
0
0
0
0
0
0
0
547
0
0
0
0
0
0
0
0
0
0
0
0
0
84
0
0
0
0
0
0
0
82
0
0
0
0
904
0
0
0
0
0
657
86
0
0
0
0
419
107
160
291
0
0
654
0
694
0
0
0
0
0
0
0
0
0
22
0
0
0
0
0
0
0
0
346
0
0
0
273
0
0
0
0
29
0
62
0
778
0
0
0
415
0
0
0
0
464
0
0
848
802
0
0
683
0
0
0
505
0
0
0
0
0
179
0
0
0
753
0
0
0
0
0
0
0
712
0
0
0
134
829
0
0
0
0
0
0
0
771
0
0
0
0
0
0
506
0
266
0
0
0
0
0
0
0
461
0
0
0
0
0
0
0
0
0
0
0
0
0
0
0
0
0
0
0
0
0
0
0
0
0
0
0
0
0
0
0
0
0
189
0
0
992
0
0
0
0
0
0
0
0
0
0
0
0
0
505
0
0
993
0
0
0
0
0
0
0
595
0
0
537
0
0
0
0
0
0
420
0
473
0
305
0
0
100
738
540
32
177
0
0
0
909
0
0
0
0
769
0
0
0
0
869
0
0
0
0
0
0
0
0
2
0
0
0
814
0
174
0
173
0
0
0
0
0
910
537
0
0
0
0
0
40
0
0
0
0
0
0
0
0
0
710
0
0
0
0
718
0
0
48
0
0
0
0
547
0
0
0
0
0
0
992
0
0
0
757
0
0
830
0
0
0
0
0
0
0
308
0
0
0
0
845
0
0
0
0
0
0
0
0
689
0
0
0
557
438
0
0
0
848
0
0
0
0
0
0
0
0
0
468
0
0
40
0
0
0
247
0
0
177
0
0
0
0
744
0
0
0
495
0
0
574
0
0
733
0
962
827
0
0
825
0
0
0
0
0
379
843
0
0
0
0
795
0
0
0
993
0
0
0
0
0
0
0
0
0
0
0
0
0
0
0
884
355
0
447
767
0
56
0
0
0
0
0
0
0
0
0
0
0
0
0
0
0
407
0
0
0
0
199
0
258
346
0
0
0
0
0
623
761
882
0
0
0
0
86
0
0
0
0
0
0
551
0
871
724
0
0
86
0
8
76
0
0
0
0
0
0
0
0
924
0
0
0
0
0
0
0
0
0
754
681
0
0
0
0
0
0
0
0
0
0
0
0
747
0
0
0
773
0
0
0
0
0
0
0
609
0
0
0
0
0
933
0
0
0
0
197
0
0
0
0
0
0
115
0
0
0
0
0
0
0
0
0
0
0
0
0
0
0
0
0
0
0
0
0
0
0
0
0
0
646
0
0
690
0
0
279
0
0
0
0
0
0
118
0
0
799
0
0
0
56
0
0
0
0
103
0
0
0
0
0
0
0
0
0
0
0
0
0
0
0
0
267
0
0
0
0
0
0
0
0
0
619
686
869
0
219
0
0
0
0
0
0
336
965
0
935
0
0
0
503
0
0
0
0
772
949
0
0
0
530
0
0
359
485
0
0
96
0
0
127
334
0
0
834
0
0
0
298
0
0
0
142
740
82
476
0
0
0
0
296
0
0
0
0
0
0
0
0
0
0
579
0
0
0
929
0
0
465
0
0
0
0
0
0
0
992
0
0
0
0
0
0
0
0
0
0
0
0
0
0
180
0
0
692
0
0
0
0
785
0
0
0
0
494
0
0
0
0
69
0
0
0
0
0
0
0
0
0
0
297
0
0
0
256
0
0
0
0
0
0
0
0
0
0
0
0
0
0
0
0
0
0
0
0
0
65
0
0
0
0
0
389
0
0
0
0
0
0
0
0
0
0
0
0
0
346
0
0
0
949
860
0
0
179
0
0
0
0
0
0
0
0
0
0
0
0
0
0
618
0
0
0
0
383
0
0
0
0
0
35
0
0
0
0
0
0
0
148
72
0
0
0
0
360
0
0
0
0
0
0
648
0
0
0
355
0
0
0
0
0
0
477
0
0
0
0
0
551
0
0
198
0
0
0
0
0
0
249
0
221
226
0
0
235
0
0
0
832
0
286
0
0
0
0
0
0
0
0
0
0
0
601
0
0
0
0
0
0
267
0
0
0
0
0
14
0
229
0
460
414
854
0
0
0
0
698
0
0
974
0
0
0
0
0
0
0
889
0
955
0
0
0
0
0
0
0
0
0
0
0
0
0
207
0
0
0
0
854
0
0
750
0
687
0
335
750
0
0
0
0
0
430
0
0
0
0
0
0
0
0
985
0
597
0
0
0
0
0
0
0
750
442
159
0
0
0
0
0
0
0
0
0
0
0
0
0
0
747
0
0
0
0
0
0
0
0
0
0
0
0
103
0
0
0
0
0
904
0
0
107
0
0
0
0
0
621
0
170
0
0
0
0
0
942
729
0
0
691
0
0
0
0
0
0
0
0
0
0
546
0
0
0
0
0
0
706
0
0
0
0
0
0
0
0
0
358
0
0
415
0
0
0
0
0
0
0
373
0
0
296
530
0
0
0
0
0
0
0
0
0
0
0
0
0
0
757
0
0
0
0
0
0
0
0
0
0
81
0
0
656
624
0
0
536
0
0
0
0
0
0
228
0
0
0
0
0
0
0
0
0
0
0
0
0
427
0
0
0
0
332
986
292
0
0
0
0
392
541
852
0
0
0
722
0
234
0
724
288
0
0
728
0
0
0
0
0
708
0
0
188
0
0
0
0
0
0
0
0
789
0
848
0
0
244
0
0
0
335
0
0
0
805
0
753
595
0
0
0
0
0
0
14
0
0
0
0
0
0
0
0
149
965
0
0
0
0
0
0
0
0
0
0
0
715
0
0
0
0
0
0
0
0
0
538
0
0
0
726
134
0
0
0
826
0
235
0
0
0
0
0
910
619
0
0
0
276
341
0
0
0
0
0
0
0
0
0
0
139
0
0
0
0
0
0
114
259
0
735
669
0
0
446
0
0
0
0
0
0
0
0
576
147
0
0
0
0
0
0
0
0
0
0
0
0
0
0
0
801
0
586
0
0
0
0
0
844
0
0
0
0
0
0
0
0
66
0
0
502
0
0
0
0
0
0
0
423
0
0
0
0
0
0
0
0
0
0
333
0
882
0
0
0
0
0
0
183
0
0
0
234
0
0
0
0
871
0
0
5
0
0
0
0
0
0
870
0
0
998
0
0
0
0
0
0
0
75
0
0
128
0
779
0
0
0
0
830
0
773
0
0
0
229
0
81
0
0
0
910
0
0
0
0
0
161
797
0
0
0
167
0
0
0
909
0
0
0
0
0
598
0
0
0
0
0
0
404
0
0
0
0
0
0
312
0
0
0
0
0
0
0
0
0
0
0
0
0
0
0
0
0
0
0
743
0
0
551
0
0
595
0
0
0
0
0
188
0
0
0
0
0
289
0
0
0
0
0
0
152
0
0
335
0
0
0
537
0
0
0
0
0
0
0
0
0
0
801
910
0
0
0
0
0
245
0
78
0
812
0
0
306
0
0
0
0
0
0
0
689
349
0
0
0
0
0
147
0
536
0
0
0
0
804
0
0
0
0
0
0
0
0
0
577
0
555
138
255
0
0
0
0
0
0
0
0
0
0
0
0
0
771
0
358
194
0
0
0
51
0
0
0
0
0
0
828
0
0
414
0
0
0
0
0
0
0
0
0
0
0
0
0
618
460
0
0
0
0
0
0
0
372
816
0
61
991
0
0
0
0
0
0
0
0
0
0
0
0
0
0
0
0
0
0
0
905
0
824
0
0
0
0
0
0
0
0
0
0
249
0
0
0
0
0
0
329
0
0
0
230
0
0
0
0
0
0
0
486
0
0
0
0
0
163
0
0
0
0
0
0
0
0
982
0
0
0
0
0
0
0
926
0
0
0
84
0
0
0
0
0
0
0
0
414
0
656
0
586
0
0
372
0
0
392
585
0
0
0
0
0
443
0
0
0
0
0
0
602
0
931
0
0
0
0
0
0
0
0
0
0
0
0
0
0
946
0
0
0
0
0
0
0
0
61
0
0
0
0
0
345
74
0
0
0
608
0
159
0
0
0
284
0
0
0
0
0
0
0
0
0
0
0
0
0
0
0
0
0
0
588
0
952
0
0
0
0
0
0
884
0
0
180
0
854
103
624
149
0
0
0
816
0
0
0
0
0
0
0
217
0
0
0
0
0
0
0
0
0
0
0
0
0
0
0
0
0
953
576
0
0
0
0
0
0
0
0
0
0
0
0
0
0
0
0
0
0
0
0
0
0
0
329
612
721
532
0
0
3
0
0
0
0
187
0
0
0
0
0
491
0
0
204
0
0
0
624
0
0
0
328
0
0
398
0
0
0
0
0
355
0
619
0
0
0
0
0
965
0
0
0
0
392
0
0
360
0
0
0
0
0
0
561
0
0
0
0
690
0
0
952
0
0
0
0
552
0
0
0
484
0
0
0
517
0
0
0
0
569
0
0
0
0
559
0
301
640
0
0
0
37
0
0
0
760
128
0
0
0
0
0
0
0
962
0
0
0
14
0
0
0
0
53
0
0
0
409
0
0
0
0
0
0
0
0
0
712
0
0
0
0
686
0
0
0
0
0
0
0
0
245
61
585
0
360
0
0
0
0
0
0
0
0
187
0
338
0
537
195
0
0
0
0
0
0
0
0
912
0
0
0
0
0
999
0
0
0
0
0
0
0
0
0
0
389
0
0
0
0
0
0
836
0
0
0
269
127
0
629
0
986
0
0
0
179
0
0
0
0
0
0
0
0
634
0
0
0
62
0
0
243
617
0
0
484
0
0
0
0
447
0
869
692
383
0
0
536
0
0
161
0
991
0
0
0
0
0
0
0
0
0
0
0
0
0
314
202
920
0
0
0
0
0
192
0
0
0
0
150
0
0
0
0
135
0
83
0
518
939
0
0
0
0
0
0
933
159
0
0
0
0
0
0
0
66
0
161
0
749
0
0
0
0
0
0
0
0
0
852
0
0
0
0
0
0
0
0
0
0
0
0
0
0
0
0
0
0
420
308
767
609
0
0
0
0
0
0
0
0
797
78
0
0
0
0
0
0
0
0
828
0
0
0
0
0
219
0
427
0
0
0
0
0
0
0
773
0
0
0
0
0
0
0
0
0
313
0
281
0
0
249
0
0
0
0
0
0
0
0
313
668
0
0
0
0
873
0
0
959
0
482
359
0
0
0
0
0
246
449
0
0
0
0
0
0
0
0
0
0
0
923
0
0
0
0
0
0
0
0
0
0
219
0
0
698
0
0
0
844
0
0
0
0
0
0
0
0
0
0
0
0
265
0
148
0
0
0
0
0
0
437
0
0
0
0
173
574
0
0
807
0
774
0
0
533
0
455
0
0
0
0
0
191
729
0
0
0
0
0
0
0
0
0
0
0
0
0
0
0
0
0
0
0
0
0
0
415
0
0
0
0
0
0
0
0
912
0
0
0
0
688
0
0
685
372
0
134
473
0
56
0
0
0
0
0
904
0
0
0
0
812
0
0
217
0
0
0
828
0
0
0
0
0
0
0
0
0
0
0
52
830
0
0
913
0
0
0
0
0
0
914
71
0
0
0
0
0
0
0
0
0
0
788
0
0
0
0
0
0
0
864
0
0
0
0
349
0
0
0
0
420
298
496
241
0
788
0
0
349
0
0
0
0
0
425
215
0
0
0
0
0
8
0
686
0
82
829
0
0
0
0
0
0
0
0
0
0
0
0
0
0
0
0
0
0
0
0
0
0
0
0
0
0
0
0
0
86
285
0
0
0
0
0
0
0
0
0
0
0
127
819
0
291
0
0
0
0
0
0
0
0
0
0
0
0
0
0
0
0
0
794
0
0
511
0
0
0
0
0
0
0
0
0
77
0
0
0
0
0
886
0
0
224
0
0
0
0
0
34
257
0
0
0
0
0
0
0
305
0
0
0
0
785
0
974
0
0
0
0
167
0
0
443
0
0
0
0
0
265
0
0
0
0
350
0
0
0
0
824
0
831
0
153
821
0
0
501
0
128
0
0
0
0
0
0
0
0
456
0
0
0
0
0
366
0
0
0
0
0
0
777
0
0
0
0
0
0
0
0
0
0
0
0
0
0
0
0
0
0
0
0
0
0
0
0
897
0
0
0
0
0
599
0
0
0
0
0
0
845
0
0
0
0
35
0
107
0
0
0
0
306
0
0
0
561
0
0
0
0
0
0
0
0
0
0
0
0
338
0
679
0
0
589
885
0
0
418
0
0
137
0
0
0
0
0
0
468
0
0
0
0
0
0
0
862
0
0
0
0
689
0
0
0
0
0
413
0
0
0
0
0
720
0
0
968
0
0
446
0
0
0
0
552
0
926
0
0
0
0
0
119
0
0
0
0
0
0
0
0
0
933
0
0
0
0
0
228
0
0
0
0
0
0
0
0
187
0
0
148
0
0
350
0
0
0
0
0
0
0
0
0
0
0
0
0
0
0
0
0
0
0
0
0
0
0
0
0
0
0
0
0
0
0
414
0
0
0
0
0
0
919
0
0
0
0
0
0
0
151
0
0
0
0
584
0
0
0
0
0
0
0
0
816
0
0
209
0
0
0
0
0
0
0
444
0
0
0
100
0
0
0
0
0
0
0
0
0
0
0
0
0
0
0
0
0
0
0
0
0
0
0
0
0
0
0
0
0
0
21
0
591
0
0
0
0
153
0
0
0
989
0
828
790
0
0
0
190
0
0
0
713
0
0
0
0
0
0
0
0
344
0
0
0
0
0
0
662
0
954
0
0
0
0
0
0
0
0
0
321
0
0
904
0
0
0
0
0
0
0
0
0
0
0
0
0
904
0
738
0
0
0
336
0
0
0
0
0
0
0
909
0
0
0
0
0
338
314
219
0
0
0
0
0
0
0
0
0
0
0
0
0
776
904
0
0
0
0
0
0
0
0
0
0
0
0
0
0
0
12
0
313
0
0
605
0
0
0
0
63
0
513
0
934
0
94
910
0
0
0
0
0
480
0
0
0
0
52
0
0
0
0
0
0
0
164
226
0
0
0
0
0
0
0
0
0
0
0
540
0
0
0
965
494
0
0
0
0
715
0
0
0
0
0
0
0
0
202
0
0
0
86
0
0
0
0
0
0
347
352
0
0
368
0
0
0
0
0
0
0
0
0
366
0
0
0
0
0
0
0
0
0
0
0
577
0
956
0
0
891
0
0
0
0
0
0
0
0
0
0
0
0
737
887
0
0
0
0
0
0
0
531
0
0
890
0
0
0
0
0
894
43
0
0
270
0
0
0
32
0
0
0
0
0
0
0
0
0
0
66
0
0
0
0
0
690
537
920
427
0
0
285
0
338
0
0
0
347
0
0
0
0
0
0
568
987
0
0
0
0
0
0
523
0
0
0
0
0
0
0
0
0
0
0
0
713
0
0
930
456
0
0
0
0
212
0
0
0
0
898
0
96
909
314
0
0
0
0
0
0
0
0
0
274
0
0
715
0
0
0
0
0
533
0
0
0
0
771
177
0
0
197
935
0
0
0
621
0
0
0
0
0
0
602
0
0
195
0
0
0
0
0
824
0
0
21
0
352
0
0
0
0
0
953
0
0
0
0
0
0
0
0
590
725
0
0
0
0
0
490
0
0
0
612
692
0
0
54
0
0
0
0
0
0
225
0
0
0
0
0
0
0
405
0
0
0
0
0
0
0
0
0
0
0
0
0
0
0
0
0
0
420
0
0
0
0
0
0
0
0
0
0
0
0
0
889
0
0
0
0
0
0
0
0
0
0
0
0
0
0
52
0
0
679
0
0
0
0
0
0
0
0
0
0
92
583
590
310
0
564
0
136
474
0
0
0
0
0
0
0
0
558
0
0
0
0
0
0
0
0
0
0
0
446
943
0
0
0
66
0
0
0
0
0
0
904
443
0
0
0
0
0
613
0
0
358
0
0
0
0
0
0
0
0
0
852
0
0
0
0
0
0
0
0
148
0
170
0
0
502
0
689
0
931
0
952
0
0
0
437
830
0
831
0
0
591
0
0
0
0
0
0
0
0
0
230
0
471
0
0
0
0
0
56
0
0
0
0
855
856
0
0
0
0
0
0
0
0
0
261
421
0
0
0
984
0
152
0
650
0
0
0
0
234
0
0
838
198
230
0
0
142
0
0
0
0
0
0
195
0
0
0
0
0
70
0
657
0
0
689
0
0
0
69
72
955
0
0
0
0
598
349
0
0
0
0
0
0
0
0
0
0
0
0
0
0
776
368
0
0
0
0
0
0
382
0
0
0
0
0
0
0
0
0
654
434
0
222
0
0
0
0
862
0
0
0
0
71
0
0
109
0
0
0
0
0
651
798
179
0
792
0
0
0
0
0
0
0
626
0
851
0
0
202
0
0
0
0
0
0
0
391
0
814
0
0
86
0
909
0
0
0
503
0
0
0
0
0
0
0
0
0
0
0
0
0
0
0
0
0
0
0
153
589
0
0
904
0
0
953
0
0
0
0
0
742
883
0
0
0
0
0
564
0
533
0
0
170
0
0
0
0
0
0
674
0
0
346
0
0
0
0
0
0
130
275
0
0
0
0
411
0
0
0
0
731
0
0
0
0
0
0
0
167
0
0
2
0
0
478
0
744
0
0
0
0
0
0
0
0
0
0
0
0
0
0
0
0
0
0
0
0
0
0
0
0
0
192
0
0
913
0
821
885
0
0
0
0
568
0
92
0
382
0
0
0
0
846
0
0
401
477
0
0
384
0
0
0
0
0
0
0
0
0
0
51
0
775
0
0
0
0
0
194
220
0
0
391
0
972
0
0
0
0
0
0
632
0
0
0
0
0
0
0
0
564
257
0
0
0
0
0
0
132
0
0
0
0
0
0
0
0
0
0
0
0
0
0
0
0
0
0
0
0
0
0
0
0
0
0
0
0
0
0
0
0
0
0
987
0
583
230
0
742
0
0
0
624
0
166
0
0
0
0
0
0
0
0
0
0
271
0
0
0
329
0
0
0
263
0
0
0
0
0
0
0
0
0
0
0
0
0
0
268
0
0
0
0
0
0
0
0
0
0
0
0
540
314
0
932
0
0
0
0
0
0
0
506
0
557
407
115
0
0
0
0
0
0
0
0
0
0
0
0
0
552
0
0
773
173
0
0
0
0
0
153
0
0
0
0
590
0
0
883
0
0
0
0
0
0
0
116
0
0
0
0
0
0
0
0
580
0
0
183
0
0
0
285
974
301
0
0
0
0
0
728
0
0
204
0
0
0
0
0
0
71
0
0
0
0
0
0
0
0
0
0
0
0
0
0
0
0
0
0
0
0
0
0
0
438
0
0
0
0
360
0
942
0
538
0
0
0
905
0
0
0
0
0
0
574
0
0
501
418
0
0
0
0
0
0
310
471
0
0
846
624
0
0
0
0
724
0
0
0
0
0
0
0
0
0
0
516
0
0
0
185
0
0
0
0
0
0
0
812
0
470
0
0
0
0
0
0
0
967
0
0
660
0
0
0
881
881
0
0
145
0
0
0
0
0
0
0
0
0
0
767
419
266
769
0
0
0
772
0
0
0
729
427
0
0
0
147
0
0
953
0
912
0
0
0
0
0
0
0
0
0
0
0
0
0
0
0
0
0
0
0
0
0
0
0
904
0
0
0
0
0
0
658
0
869
0
0
398
472
0
0
0
655
0
170
0
0
0
0
0
0
40
0
0
423
0
36
0
981
125
0
0
0
0
862
0
0
0
0
0
0
0
0
0
0
0
0
0
0
282
0
107
0
0
0
0
0
949
0
0
0
0
0
0
423
404
0
824
0
576
0
0
150
0
0
0
0
128
0
0
0
0
0
0
0
564
0
0
0
0
166
0
0
0
0
0
0
35
602
76
0
0
593
0
0
0
0
0
0
416
756
0
54
0
0
0
0
0
0
0
0
0
0
0
0
0
992
0
0
0
0
0
0
0
0
0
986
0
0
0
0
0
0
612
804
275
0
0
0
0
0
160
0
0
0
0
0
0
0
0
0
0
0
0
0
0
536
0
0
0
484
0
0
0
807
0
127
0
137
0
989
0
0
0
0
0
0
0
0
401
0
0
724
904
0
0
0
0
0
0
0
0
0
878
0
0
0
0
0
0
0
0
0
413
0
772
433
0
0
0
952
0
489
826
0
0
0
0
0
0
0
0
0
0
0
0
0
0
0
0
0
0
0
0
0
0
0
133
0
935
0
291
0
0
848
199
0
0
0
0
0
691
0
726
0
0
0
0
0
0
0
0
0
0
0
914
819
0
0
0
0
0
0
0
0
136
0
0
0
477
0
116
0
0
0
0
0
0
0
0
0
0
0
405
0
975
0
0
0
0
0
491
0
0
0
0
538
617
971
227
0
0
0
0
0
0
0
0
288
0
0
0
0
0
983
888
0
598
156
0
0
0
0
0
0
0
0
355
0
0
406
0
0
0
0
0
0
0
0
0
0
0
0
134
0
0
0
0
0
0
0
0
0
0
774
71
0
0
0
0
828
0
366
523
590
474
0
0
564
0
0
0
0
0
35
0
0
0
0
0
0
0
0
0
0
0
0
876
0
0
0
571
0
0
0
108
0
0
0
0
0
0
0
0
0
0
906
0
0
0
0
0
0
0
0
901
212
0
0
0
320
0
0
0
0
0
0
0
0
0
0
0
0
869
0
258
0
530
297
0
0
0
332
0
0
0
0
0
0
0
0
0
0
0
0
0
291
0
0
0
790
0
0
0
725
0
56
0
0
0
0
0
0
0
602
0
0
0
0
0
642
0
0
0
0
0
0
0
0
0
16
0
0
0
982
0
0
0
0
0
0
0
0
0
71
0
725
0
0
0
0
0
0
0
0
0
0
0
0
0
0
0
0
0
0
0
0
0
0
200
0
654
0
0
0
346
0
0
0
648
0
0
986
0
0
0
0
0
0
0
517
999
135
0
0
0
0
0
0
0
0
0
0
0
0
0
0
654
533
384
0
0
0
0
76
0
0
0
0
0
0
0
0
0
697
0
0
408
648
0
8
0
0
414
169
0
0
0
0
0
0
889
0
942
550
0
68
876
0
0
0
0
0
934
0
0
0
0
0
0
0
0
541
977
626
0
0
0
599
0
0
0
0
0
0
0
0
0
0
0
0
0
292
0
0
0
804
0
0
0
0
0
0
0
533
0
0
0
0
0
0
0
0
0
0
0
0
434
0
0
0
0
0
0
0
0
0
0
642
0
0
0
0
0
0
0
0
0
0
0
0
0
0
336
0
950
916
0
0
0
848
618
661
0
0
0
0
0
0
212
0
862
287
0
0
0
471
0
0
0
646
391
0
379
0
0
0
747
391
0
0
694
461
0
0
0
0
359
0
0
207
0
0
826
0
312
0
0
946
0
0
0
83
313
0
0
0
0
0
0
0
0
0
0
0
0
0
0
0
0
0
0
0
0
0
0
0
0
0
0
0
0
0
0
0
0
0
0
0
0
0
0
0
473
582
577
0
0
0
0
0
0
0
0
0
0
0
0
0
0
152
92
0
0
0
6
0
0
0
0
0
0
632
0
0
0
0
0
216
0
0
0
0
0
0
0
0
485
256
0
0
0
0
0
0
0
0
0
0
0
0
0
0
0
455
0
0
0
468
0
190
0
0
0
0
0
0
222
170
0
0
0
0
658
593
0
0
0
0
0
0
0
0
0
0
568
0
0
0
0
0
0
0
0
0
0
0
945
0
0
0
532
661
242
0
0
220
94
0
0
454
105
50
96
0
758
0
275
231
0
0
0
0
0
0
870
0
0
176
0
0
0
0
0
0
0
0
0
0
355
0
0
0
235
0
0
0
0
0
0
0
0
518
281
0
0
0
456
0
0
0
0
0
0
0
0
855
0
0
0
0
0
0
0
0
878
405
0
0
0
0
0
0
0
0
0
637
0
0
0
152
0
0
541
0
0
0
0
0
0
0
0
0
0
0
0
0
0
0
593
912
0
0
0
0
0
0
0
677
0
0
0
233
0
0
812
0
0
0
0
670
0
0
0
0
0
0
0
0
0
0
0
0
0
0
0
0
0
0
0
569
0
939
0
0
0
0
0
0
0
0
12
0
0
490
0
856
0
0
0
0
0
0
869
0
0
0
0
0
697
0
0
0
0
0
0
782
65
93
951
0
0
0
0
0
0
0
0
0
1000
0
0
0
0
0
0
0
0
0
0
0
908
0
0
0
0
0
851
0
0
987
0
642
0
0
0
0
0
0
0
0
0
0
0
0
623
0
96
0
0
0
0
392
0
333
0
0
249
0
0
0
0
0
0
0
0
0
0
0
0
0
0
0
0
0
0
0
0
0
0
271
580
0
0
0
0
975
0
0
0
0
0
568
0
0
0
0
0
0
0
0
0
0
0
0
0
0
0
0
0
0
0
0
0
0
0
0
0
0
0
0
962
0
279
0
0
0
0
0
0
0
888
0
0
0
0
0
471
0
0
0
0
0
0
468
761
0
0
0
0
854
0
541
0
0
0
0
0
0
0
0
0
0
249
0
0
0
0
0
0
713
313
0
0
0
558
0
0
0
0
0
0
516
0
0
0
0
0
0
0
0
0
0
637
782
0
0
971
0
0
0
0
0
0
0
0
0
0
0
0
0
0
0
0
0
0
0
0
0
0
18
0
0
0
0
933
0
0
979
0
0
0
616
0
0
0
0
0
0
0
21
0
0
2
0
882
0
0
0
0
0
546
852
0
882
0
0
0
0
0
0
0
0
0
0
0
0
0
0
0
0
0
0
0
0
0
0
862
0
0
0
0
0
398
0
0
0
876
0
408
0
0
0
0
65
0
971
0
456
0
0
0
74
0
81
0
0
60
0
0
0
0
0
0
0
0
750
0
0
530
0
0
0
0
0
0
0
866
0
916
0
0
0
0
541
0
0
0
0
0
0
0
0
0
0
0
0
127
0
0
0
0
0
0
0
0
0
0
0
0
0
0
0
0
191
788
0
0
0
0
0
0
0
0
612
0
0
0
0
0
0
183
0
472
0
0
0
0
0
648
0
0
0
0
93
0
0
456
0
0
785
0
0
0
0
0
0
0
0
0
0
0
0
0
0
497
97
472
0
0
849
0
0
0
78
0
0
210
0
0
0
0
0
0
571
0
0
0
867
0
0
0
0
0
40
0
0
334
0
0
750
0
0
910
0
0
0
0
0
0
559
0
0
0
729
0
0
366
0
414
0
605
577
0
692
0
0
0
674
0
329
0
0
0
416
0
0
0
0
0
0
0
0
0
951
0
0
0
0
0
0
0
0
0
0
0
877
84
646
0
950
783
724
335
0
625
0
384
0
0
948
0
0
837
789
85
0
0
0
0
0
0
0
433
615
0
0
0
0
0
0
0
0
0
0
0
0
0
0
477
0
0
0
619
0
0
577
0
61
0
0
389
0
0
0
0
0
0
862
0
0
0
0
713
0
0
0
0
0
51
0
0
185
0
756
0
0
0
16
8
0
0
0
152
0
0
0
0
785
0
0
0
0
0
0
0
886
0
0
0
0
0
0
0
0
0
258
0
538
0
0
651
0
0
295
0
560
0
0
0
0
0
0
349
0
0
0
0
0
0
0
22
0
814
0
0
0
0
0
0
687
0
722
0
0
0
0
0
0
0
301
0
933
0
0
0
0
0
0
0
0
0
956
0
0
0
0
0
0
0
0
0
0
0
0
0
491
571
0
0
0
0
0
0
0
0
0
0
0
0
0
0
850
0
0
0
0
978
0
0
0
87
0
0
0
0
0
0
0
635
126
0
0
0
0
0
261
0
617
540
0
0
0
0
0
0
0
852
0
0
0
0
0
0
0
86
0
834
0
0
0
0
0
0
0
0
555
329
0
0
640
0
159
0
0
0
0
0
0
0
0
0
0
0
54
0
0
71
346
775
0
285
0
655
54
0
0
0
0
0
0
0
0
0
0
0
0
74
0
0
0
850
0
0
0
0
463
0
0
0
0
0
92
0
0
0
0
0
0
0
0
0
0
0
0
0
0
0
0
0
0
0
0
0
0
0
0
0
0
0
82
0
0
174
247
0
0
0
0
0
335
0
234
0
0
0
138
0
0
0
0
0
0
0
0
0
0
0
0
0
0
0
0
930
0
0
0
0
0
0
263
974
0
0
0
413
0
0
0
414
336
473
0
541
0
0
0
0
0
0
0
0
0
0
15
0
0
238
0
0
0
0
0
0
0
0
0
0
0
0
0
0
0
0
0
0
0
0
0
653
0
0
0
272
0
0
0
0
0
659
0
0
0
0
0
0
0
0
0
0
750
706
0
276
183
0
255
0
0
0
0
0
0
0
0
0
0
0
0
0
0
63
891
456
0
0
261
0
0
0
0
301
0
170
0
0
0
0
982
169
0
582
0
0
0
0
0
81
0
0
0
0
0
15
0
0
0
0
938
0
0
999
0
0
0
0
0
0
0
0
0
0
581
0
0
0
0
0
0
0
423
0
0
16
0
0
0
0
0
0
0
0
0
173
0
0
0
0
0
0
0
0
724
341
0
0
0
0
0
0
0
0
0
313
0
0
0
0
689
0
344
0
0
0
0
0
421
109
0
0
0
0
0
0
0
772
0
108
0
0
950
577
0
0
0
0
0
0
0
0
0
0
0
0
0
0
