0
26
0
0
0
0
78
364
301
0
0
0
0
0
0
0
0
0
0
0
0
0
0
0
0
669
315
0
0
0
0
264
0
224
0
405
0
0
966
0
0
0
893
0
0
0
0
0
0
0
0
0
0
0
643
0
0
975
0
0
0
579
701
0
0
0
0
0
0
0
0
0
0
0
0
0
740
0
0
0
253
0
0
799
793
0
256
0
0
0
305
0
0
0
0
290
0
0
0
0
26
0
0
0
0
0
0
0
0
0
0
0
0
0
0
679
0
0
0
0
0
0
0
0
0
0
0
0
0
0
0
442
0
414
109
0
0
0
0
0
0
0
0
0
0
338
0
0
675
0
0
720
0
0
0
0
0
0
603
0
0
967
0
647
0
0
0
0
0
0
0
0
0
0
0
0
0
0
0
0
382
0
931
0
0
0
0
228
0
0
0
0
0
574
0
0
0
0
859
461
0
0
0
937
0
0
0
0
528
0
0
0
0
0
0
0
0
0
274
0
25
0
694
0
0
0
0
0
0
0
0
0
0
0
0
0
748
731
0
0
0
0
0
0
122
0
0
239
0
485
0
0
0
0
0
0
0
0
727
0
0
0
0
0
0
0
0
0
444
0
0
0
0
0
0
0
0
0
0
0
726
0
0
0
0
0
0
0
0
0
0
0
0
0
362
0
0
0
0
0
0
0
937
0
0
0
0
0
31
0
0
0
851
0
0
0
0
0
0
0
0
0
0
0
0
0
0
0
0
0
445
243
0
0
365
915
239
0
0
0
897
535
341
0
0
0
0
560
31
240
0
0
0
0
840
303
0
0
936
0
0
0
0
0
0
0
0
0
0
0
0
0
0
0
0
197
0
0
0
0
32
0
0
0
0
0
539
0
0
0
0
13
0
356
910
0
578
0
0
0
0
0
0
0
0
0
0
0
0
0
0
0
0
927
919
0
0
0
0
0
0
0
0
0
285
0
0
0
0
0
0
0
0
0
0
0
0
0
0
0
0
0
0
0
0
0
0
0
674
211
820
0
0
0
0
159
0
0
0
0
0
0
0
740
461
705
0
0
0
0
547
0
363
0
0
135
0
0
0
335
0
0
0
0
0
0
0
0
0
0
946
0
0
0
742
785
0
0
0
0
0
0
0
0
0
0
0
490
0
0
909
0
712
0
0
289
921
0
0
0
0
127
0
0
0
0
0
0
0
0
0
0
0
0
0
0
0
0
0
0
0
0
0
0
0
0
0
0
0
100
0
691
0
0
0
0
0
0
0
0
0
0
0
0
0
0
835
0
0
218
313
0
0
0
0
0
0
0
0
0
0
0
264
726
0
969
0
0
514
0
0
0
0
0
0
0
0
0
0
0
78
0
0
0
0
0
0
0
0
0
0
0
321
0
181
975
682
0
0
0
0
0
0
0
0
0
0
403
0
0
0
0
499
0
0
0
0
0
0
0
40
0
0
0
0
0
0
0
0
0
96
0
924
0
0
0
0
637
0
0
0
0
0
941
0
0
376
482
0
0
570
0
0
209
0
39
0
824
0
0
859
271
0
0
0
0
0
0
579
0
630
0
492
0
0
0
420
0
0
0
364
0
0
0
0
490
0
0
0
0
85
0
0
0
0
0
0
0
531
0
843
0
0
0
531
0
0
0
0
345
0
0
0
692
0
0
0
0
24
0
383
0
0
0
0
0
0
0
0
912
0
0
0
0
0
0
0
733
0
0
0
0
137
0
0
0
637
0
196
0
500
0
0
146
956
0
0
0
0
324
0
0
573
0
0
0
175
139
0
255
0
0
0
0
76
0
802
0
0
0
301
0
528
31
0
0
0
0
0
0
0
0
0
708
0
0
105
0
0
0
0
0
0
0
0
0
0
642
297
0
0
0
0
0
845
345
0
657
0
0
111
348
512
0
0
0
0
0
831
0
0
0
0
0
0
0
0
0
0
0
0
0
0
753
71
0
0
0
0
0
0
0
588
159
0
759
0
310
0
0
0
0
0
0
0
290
0
0
0
213
0
0
0
0
0
0
0
0
0
0
0
0
0
0
0
0
0
0
0
0
0
0
0
0
0
0
0
0
0
685
0
0
830
0
0
0
0
0
0
0
0
0
0
0
0
0
0
213
306
0
0
0
0
0
0
0
0
0
0
0
805
0
0
239
870
0
0
0
0
0
0
0
0
0
849
0
0
0
0
0
652
0
0
0
0
601
992
0
0
0
476
0
0
0
0
0
0
0
0
0
0
0
0
0
0
0
0
0
134
0
0
0
0
0
0
909
0
85
0
0
0
0
0
516
36
0
0
0
0
0
0
498
0
0
0
769
0
729
0
0
0
0
410
0
979
0
508
0
0
624
0
0
889
0
0
0
0
0
183
918
0
158
0
0
0
0
0
0
0
0
0
0
0
0
482
0
0
0
735
0
0
0
0
0
0
0
357
0
0
540
0
0
0
0
29
0
0
0
0
0
0
0
0
0
0
0
0
0
0
0
0
0
0
0
0
0
0
0
0
0
0
0
0
220
0
0
59
0
0
0
708
0
0
0
0
0
0
0
747
0
516
0
0
0
0
172
0
0
0
0
0
0
0
0
130
0
0
0
0
0
0
0
0
0
0
0
0
675
654
0
49
855
0
511
13
0
0
0
0
0
0
0
0
0
0
0
452
0
0
0
0
234
0
0
0
0
0
0
0
0
776
0
311
0
0
0
0
319
0
0
0
0
0
851
0
712
321
0
0
0
0
0
0
0
0
0
0
0
0
0
0
751
0
0
0
0
0
0
606
0
0
0
0
110
10
0
798
0
0
0
0
0
248
0
0
0
0
0
0
0
0
300
0
0
0
432
0
0
0
0
0
0
0
0
0
0
603
0
0
0
0
591
0
0
0
445
0
0
0
0
0
0
0
0
707
0
0
0
0
0
0
0
0
0
0
0
0
844
0
0
0
0
0
0
927
0
0
0
708
0
516
220
0
0
0
0
0
0
0
679
0
0
0
0
0
0
689
0
0
0
0
0
936
0
0
0
0
0
0
0
0
0
0
0
0
0
0
0
0
0
0
0
188
0
0
0
0
0
0
0
0
0
0
0
0
0
975
0
0
0
0
0
0
0
784
0
0
978
0
0
715
0
600
0
360
0
0
0
0
0
0
704
0
0
0
0
771
0
0
0
0
0
0
0
919
0
181
0
0
0
36
0
0
0
0
606
642
708
408
652
0
0
0
0
0
0
0
0
735
0
0
0
0
0
0
0
0
0
591
0
0
0
370
423
0
0
0
212
0
0
0
0
0
335
0
93
524
0
0
0
0
0
0
0
0
0
0
0
0
565
0
0
0
375
0
0
0
0
0
980
0
0
0
732
0
0
0
0
0
0
0
0
889
0
0
0
101
418
0
0
0
679
0
0
0
289
975
0
0
0
0
0
0
0
606
0
449
0
0
0
0
0
0
0
0
0
0
0
0
0
0
927
0
0
0
408
0
0
0
0
796
0
0
0
0
0
287
0
670
708
0
0
0
0
0
0
0
0
0
0
0
0
0
0
0
0
0
730
0
0
0
0
0
0
0
0
0
0
0
869
0
0
0
0
0
0
0
0
0
0
0
0
709
0
0
0
946
0
0
117
0
0
0
0
0
921
682
0
105
0
0
59
0
0
642
449
0
0
0
0
0
0
0
648
0
785
0
0
0
0
0
0
0
0
0
0
98
0
0
0
918
0
0
74
518
376
0
0
0
0
0
0
0
0
0
0
0
0
0
465
0
149
0
0
0
0
0
0
438
0
735
959
242
0
0
0
0
0
0
0
0
0
0
0
0
0
0
169
0
912
0
756
0
0
0
0
0
564
0
672
0
0
0
0
0
0
0
0
0
0
0
0
0
0
708
0
0
0
0
0
0
0
525
0
441
0
275
0
71
0
0
0
0
0
0
0
248
0
0
61
0
626
988
0
0
0
0
0
938
0
0
529
0
0
491
0
251
0
0
0
0
0
0
0
0
264
797
0
275
0
0
0
407
0
0
0
0
0
0
879
639
0
0
0
0
0
0
0
0
0
0
50
0
0
0
0
0
759
0
0
0
0
274
0
0
0
0
531
0
0
0
0
0
0
408
0
0
0
0
0
0
0
0
0
0
41
811
0
829
861
0
0
862
0
397
0
0
0
253
0
354
0
0
942
0
0
939
0
0
0
0
230
0
0
621
0
0
218
0
0
0
377
0
0
0
0
0
422
0
0
0
0
0
961
0
0
0
0
0
691
0
0
0
0
804
130
0
0
0
0
408
0
0
593
0
0
0
352
0
0
0
0
0
0
0
0
0
0
0
685
0
0
0
679
652
0
0
0
0
0
0
43
346
0
0
0
0
0
181
0
0
0
0
0
0
0
0
0
652
0
0
0
0
0
0
0
641
136
873
681
21
0
0
0
0
0
0
406
0
0
929
0
0
0
0
0
0
612
100
0
0
0
748
0
0
0
0
936
0
0
0
0
0
0
0
0
0
0
0
0
486
0
0
0
615
0
0
0
344
0
0
0
25
0
0
0
0
843
0
0
0
708
0
0
0
0
0
0
0
0
0
0
0
0
0
0
133
0
0
0
0
0
526
0
60
0
0
0
0
0
313
0
0
0
0
0
0
0
922
0
0
0
0
0
0
0
71
202
323
386
312
211
0
0
767
74
0
0
822
0
0
0
0
0
0
0
190
0
0
0
0
0
0
930
0
0
0
0
985
778
0
0
0
0
0
0
0
0
0
596
0
0
0
0
0
127
0
0
0
0
498
0
751
0
0
0
0
0
0
43
0
0
0
0
0
0
0
0
401
0
0
0
0
710
966
694
0
0
0
770
0
0
0
542
0
0
0
0
0
0
0
134
0
271
0
0
0
0
0
373
0
0
0
0
0
0
936
0
941
0
0
0
0
0
0
0
549
0
0
0
931
0
0
0
851
0
0
0
637
0
562
229
0
838
0
0
0
0
0
0
0
0
694
0
0
0
0
0
0
830
0
0
0
0
0
0
0
525
0
346
0
0
0
0
0
0
0
0
0
985
534
0
0
124
0
0
0
0
0
0
911
0
0
0
0
0
0
0
0
0
0
0
0
0
0
0
0
0
0
0
718
0
0
0
0
0
0
0
0
0
162
0
279
0
0
0
0
393
709
0
0
0
87
0
0
340
0
0
26
0
0
0
0
0
0
0
0
0
22
0
0
0
0
0
0
0
0
0
0
0
0
0
0
0
0
0
648
0
0
0
0
0
0
0
0
0
0
0
0
0
0
0
0
0
0
0
0
0
0
0
0
0
0
0
0
321
742
0
494
0
173
0
0
400
0
0
0
0
0
0
374
0
0
195
0
0
641
0
0
0
607
0
906
0
0
0
0
0
416
0
0
0
220
494
0
0
0
0
0
0
0
0
0
0
50
0
0
0
0
0
0
0
0
0
285
0
0
531
0
0
0
0
0
0
0
0
0
441
0
0
0
0
0
0
0
0
0
0
0
0
0
0
313
320
0
730
0
0
611
0
0
0
0
0
0
0
487
0
0
0
0
0
842
0
0
405
0
833
0
0
0
0
0
0
0
0
36
0
0
0
0
0
0
20
414
832
0
0
983
0
166
421
0
228
0
0
555
0
0
0
0
914
0
0
0
0
0
0
0
0
669
0
0
0
0
0
0
0
0
0
769
0
0
0
0
0
785
0
41
0
0
0
0
0
0
0
0
0
862
0
936
741
0
0
0
0
0
0
0
0
0
0
0
787
0
0
0
0
0
0
0
0
713
528
0
0
810
0
0
856
0
0
0
0
0
0
0
167
199
0
0
0
0
0
0
0
0
0
0
0
862
262
0
0
0
0
432
133
0
496
0
0
0
0
0
0
0
0
0
0
315
0
0
0
0
0
0
0
0
0
0
0
0
689
0
0
0
275
811
0
133
0
0
0
0
0
0
0
0
788
0
0
878
0
225
0
0
0
0
0
415
0
0
510
0
0
0
0
882
0
0
0
0
738
0
204
0
0
0
481
0
0
0
0
22
0
0
645
0
0
0
0
0
0
0
0
0
0
0
0
0
0
0
0
0
0
0
515
0
0
0
0
0
0
0
0
0
0
0
0
0
0
0
0
0
0
403
0
642
0
729
0
0
0
0
0
0
0
0
0
0
0
0
0
0
0
0
0
0
0
698
0
0
0
0
0
0
109
0
0
0
322
561
0
0
569
0
0
680
0
0
886
742
0
0
0
0
0
0
0
0
0
0
0
0
880
0
0
0
0
0
0
0
0
0
0
0
0
179
0
0
0
0
0
0
622
0
687
626
283
0
0
0
0
0
0
0
0
907
921
0
0
0
0
0
0
0
0
297
0
0
747
606
0
735
0
0
71
829
181
0
401
0
0
0
862
0
0
0
0
269
0
937
551
0
0
0
0
696
158
581
0
0
0
0
272
0
0
0
0
0
0
0
0
0
0
0
0
0
0
521
0
0
0
0
0
364
0
198
0
238
0
0
42
0
0
754
0
0
288
0
0
0
0
511
0
0
0
0
0
234
0
0
0
0
0
0
0
0
332
0
0
0
0
0
0
0
345
0
0
0
0
0
0
0
0
0
0
861
0
0
0
985
0
0
0
788
0
0
0
0
0
0
0
367
0
0
0
0
0
0
0
581
0
0
0
0
0
0
0
0
0
0
0
0
0
0
0
399
0
0
742
0
0
0
0
0
254
0
0
0
0
0
0
0
0
0
0
0
0
0
0
117
0
0
0
0
0
0
0
0
297
0
0
0
0
0
0
692
0
0
0
0
445
0
0
0
0
0
0
0
516
0
0
0
0
0
0
0
0
0
0
534
0
0
936
0
698
269
0
0
146
212
0
0
0
0
0
18
0
0
0
735
0
0
0
0
0
0
419
0
192
0
39
0
0
0
0
0
949
0
0
0
0
0
0
0
715
0
851
0
0
0
0
211
0
0
0
0
0
975
0
544
0
0
0
0
0
0
0
899
0
0
0
0
0
225
0
0
0
264
442
0
243
0
0
0
0
0
0
0
0
0
0
0
927
0
0
0
0
0
0
0
0
0
741
0
0
0
0
146
0
0
0
0
0
0
0
556
0
0
0
0
0
0
0
0
0
0
0
0
0
0
0
0
0
0
973
0
0
0
987
0
0
0
0
0
0
0
0
0
0
0
0
542
0
254
0
0
0
0
0
0
0
372
0
0
126
166
0
0
0
0
861
0
235
0
568
180
0
0
0
0
0
0
0
499
0
0
0
410
0
0
936
0
0
0
0
862
0
526
0
0
0
313
0
878
0
937
0
212
0
0
0
0
0
0
949
0
0
0
0
0
0
0
0
0
0
964
689
372
523
0
0
0
0
0
78
0
0
85
294
985
0
0
0
0
0
145
0
0
0
0
0
0
0
0
0
0
0
0
0
0
0
0
635
0
0
0
0
845
0
0
0
0
0
0
0
0
0
224
414
0
0
0
0
0
692
0
0
0
0
110
0
0
0
0
0
0
0
0
710
124
0
320
0
0
0
551
0
0
0
0
0
0
0
0
0
0
0
0
0
0
0
546
0
0
0
767
0
99
0
0
0
0
0
0
418
0
0
0
216
0
0
0
0
0
0
0
0
0
0
0
0
0
0
0
0
380
0
0
0
0
0
198
810
0
0
0
0
0
0
0
355
0
869
0
0
0
0
0
109
0
365
0
0
0
0
845
0
979
0
10
0
0
0
0
0
397
0
60
966
0
0
0
0
225
0
0
367
0
0
0
0
0
0
0
0
0
0
0
0
0
363
0
0
0
0
0
0
686
0
0
543
0
0
0
0
0
753
0
851
0
0
0
0
0
0
0
0
0
0
530
0
0
0
0
0
682
0
0
0
0
0
0
0
857
192
0
0
652
0
0
0
0
0
0
536
0
0
405
0
0
915
0
0
0
0
345
0
0
172
0
0
0
408
0
0
0
0
0
694
0
0
730
0
0
0
0
0
0
0
0
0
0
0
0
0
226
0
0
0
0
0
490
0
530
0
0
0
387
331
0
0
0
0
288
0
0
0
0
0
0
0
0
0
0
710
913
0
0
0
0
0
0
0
0
0
0
0
0
0
0
0
732
0
0
0
0
11
0
0
0
0
236
0
0
54
0
0
0
0
748
239
0
0
0
0
0
0
508
0
798
0
0
0
98
248
0
0
0
0
0
0
0
0
0
0
0
0
0
0
0
0
0
0
0
0
0
0
0
0
0
0
0
0
751
0
0
0
0
0
0
426
0
0
0
0
0
40
0
0
0
118
0
742
226
0
0
0
0
0
599
0
0
0
0
0
0
0
895
0
54
0
0
0
0
0
0
0
0
0
0
0
0
0
0
0
884
0
0
0
731
0
0
0
0
0
657
213
0
0
0
0
0
0
0
0
0
0
0
0
0
0
0
0
0
109
0
0
0
0
949
0
0
0
0
0
0
665
90
0
0
374
0
0
0
212
0
0
0
29
0
284
379
0
0
922
441
0
0
0
0
0
0
0
0
0
207
0
0
0
0
0
0
0
0
0
737
914
0
0
0
0
0
0
0
0
0
0
0
0
0
0
0
0
0
0
0
0
966
0
0
0
0
0
0
24
0
306
0
0
0
0
591
0
0
0
253
652
0
0
0
0
611
0
0
0
696
0
18
556
0
0
0
226
0
0
0
563
0
0
0
0
0
0
0
0
0
0
0
0
0
193
0
48
772
819
0
0
0
0
0
0
262
165
0
912
0
992
0
0
0
0
0
0
0
0
0
0
0
791
0
0
0
0
0
0
0
271
0
785
861
0
0
599
566
206
0
233
0
0
0
0
0
0
0
0
0
0
624
0
0
0
0
0
0
61
0
0
0
770
0
0
0
0
0
0
158
0
0
0
0
0
0
0
0
665
563
0
0
0
0
0
0
0
0
0
0
0
0
0
0
128
0
589
0
0
0
864
364
0
0
0
0
17
0
0
968
0
0
0
0
278
0
0
0
0
262
0
0
0
0
0
438
681
0
0
981
472
0
0
0
0
0
0
0
0
0
556
0
0
0
897
0
0
40
383
111
0
0
0
0
0
0
796
918
0
354
0
313
0
911
0
0
0
415
0
581
0
0
0
0
0
0
0
0
90
0
0
0
0
0
0
0
0
0
103
0
731
0
0
0
0
482
0
353
0
0
0
0
0
0
0
176
677
0
0
0
0
0
0
589
238
0
0
0
0
207
0
0
0
0
302
0
328
0
0
474
0
776
0
0
0
0
69
0
0
996
0
0
0
0
535
0
0
0
0
348
0
0
0
0
0
0
0
0
626
0
0
0
0
0
0
0
0
0
322
0
0
0
0
0
0
0
0
0
0
0
0
0
0
0
0
0
0
0
0
0
0
0
0
0
0
0
0
0
11
0
0
545
0
0
0
713
0
0
0
0
0
0
0
844
675
0
806
0
0
0
0
0
0
0
0
0
600
0
0
0
105
0
811
0
0
0
0
0
0
0
0
893
0
0
341
0
0
0
0
512
0
889
0
248
0
370
0
0
988
0
0
0
0
0
0
0
0
0
561
0
581
735
0
0
0
0
0
0
0
0
0
0
0
0
0
207
0
0
0
0
0
0
0
0
606
0
0
0
955
0
205
497
0
0
0
0
0
0
0
0
0
0
0
0
0
0
957
0
873
607
0
0
0
0
0
290
0
0
0
0
0
0
0
0
0
0
0
265
0
0
0
0
0
0
0
0
0
0
0
0
0
0
0
0
0
423
0
74
0
942
0
0
542
0
0
0
787
510
0
0
0
0
0
0
0
363
0
0
374
0
0
0
0
0
0
0
0
0
0
0
0
0
742
0
0
0
0
241
0
355
0
173
0
0
0
0
0
0
0
0
0
0
0
0
0
0
0
0
0
0
0
591
0
0
0
0
0
0
0
0
0
783
656
0
0
0
0
0
0
963
746
0
0
122
0
0
0
0
0
0
0
0
130
0
0
0
0
518
0
0
0
0
0
0
0
0
0
0
0
0
0
0
0
0
546
0
490
0
0
0
0
0
0
207
0
0
0
0
0
0
0
0
0
862
0
0
0
0
0
12
0
0
335
0
0
0
0
0
0
0
0
0
0
0
0
0
508
0
581
502
0
0
0
0
0
0
299
0
0
0
0
0
0
0
0
0
0
0
401
0
0
0
338
0
0
0
0
0
0
0
0
0
0
0
0
0
0
376
0
0
0
0
0
0
321
0
0
0
569
272
0
0
0
0
0
0
0
0
0
0
0
0
0
0
0
0
0
0
0
945
0
0
108
662
0
0
0
0
422
0
0
869
0
0
0
0
0
0
756
0
0
0
0
410
31
0
0
0
0
789
0
0
0
0
72
0
0
0
561
0
0
0
0
0
165
0
0
0
0
0
0
0
0
0
0
0
0
0
0
0
0
0
0
0
0
0
287
0
0
939
641
0
0
0
742
487
0
0
0
0
0
0
0
0
0
0
530
751
0
0
0
0
0
0
0
0
0
0
836
274
0
0
0
0
0
0
0
0
0
0
0
0
159
0
413
0
0
0
759
47
0
0
0
0
0
0
863
0
720
162
0
753
487
0
0
638
0
0
0
95
0
0
0
0
0
0
0
419
866
744
0
0
0
239
560
0
0
0
0
0
0
0
0
0
0
212
0
0
0
0
136
0
0
0
0
0
0
0
0
0
0
0
0
0
0
0
0
0
212
0
0
103
0
0
0
0
0
836
0
0
0
962
889
0
0
0
861
0
393
0
554
0
169
0
0
0
0
364
0
0
0
483
0
0
0
0
0
611
0
0
308
0
294
0
0
0
0
0
0
0
410
0
0
0
0
0
0
0
0
0
184
0
675
0
31
674
0
0
0
831
0
183
0
0
0
0
670
0
938
0
873
922
0
0
494
0
0
882
680
0
0
0
0
964
767
0
0
0
0
0
0
0
0
0
0
0
945
274
0
0
0
314
0
0
0
884
0
279
0
968
346
999
625
0
0
0
0
0
0
176
0
0
664
840
0
495
0
0
688
0
942
0
0
0
0
0
0
0
536
0
0
0
563
278
0
0
601
0
0
0
0
0
0
485
240
211
100
0
912
0
0
918
0
0
0
0
708
0
0
0
681
0
0
0
0
0
0
0
0
0
0
419
0
689
0
0
0
0
0
0
0
731
0
0
0
0
0
0
0
0
0
0
0
0
0
0
0
0
0
0
0
0
0
105
0
0
0
0
0
0
0
0
0
0
0
0
0
0
0
0
0
721
0
0
0
0
818
0
0
0
0
0
0
0
0
0
332
0
890
323
0
0
0
0
0
820
0
96
0
0
805
0
0
0
0
0
0
0
0
0
21
0
0
0
173
0
0
0
0
0
0
0
0
372
99
686
387
0
0
0
0
0
0
0
0
0
0
0
962
314
0
0
0
0
735
908
0
0
0
0
0
0
0
0
340
470
0
565
0
0
0
0
682
0
64
0
710
0
0
0
0
0
0
0
0
402
0
0
0
0
0
0
0
0
0
0
0
0
0
0
0
0
720
0
0
0
691
0
0
0
0
158
0
300
0
0
0
0
529
230
0
0
134
0
0
0
0
0
886
0
0
192
0
523
0
0
331
0
29
0
0
0
0
0
742
0
108
0
889
0
0
0
0
0
892
0
0
0
0
0
0
0
0
750
0
0
0
57
0
0
0
0
0
702
0
0
0
0
0
0
0
0
0
0
0
252
0
777
0
767
0
0
0
0
0
0
0
0
0
0
0
0
0
0
0
0
0
924
0
0
0
0
0
0
188
0
0
0
0
0
0
0
0
0
0
842
713
0
742
0
0
0
0
0
0
0
0
0
0
0
0
0
0
0
0
862
662
0
0
0
0
0
0
0
0
0
763
0
0
756
0
960
72
0
0
0
0
0
0
0
0
0
810
0
0
0
0
0
0
545
730
0
0
0
0
643
0
0
0
0
0
0
0
0
0
0
0
0
560
0
680
0
0
0
0
0
0
0
0
0
239
0
0
0
0
335
0
0
0
0
0
0
271
0
400
0
528
738
0
0
0
39
0
0
0
543
0
426
284
193
128
0
0
606
0
0
0
0
0
0
0
735
892
0
0
0
332
0
0
0
0
881
962
0
0
0
0
916
0
0
0
347
0
0
0
0
400
0
0
0
0
175
0
322
0
0
0
0
0
0
0
0
0
0
810
0
602
0
0
0
0
643
0
0
840
0
0
0
0
0
870
0
0
0
0
0
0
0
491
621
0
0
0
0
0
0
0
0
0
0
0
0
0
0
0
0
0
0
379
0
0
482
0
0
0
0
0
0
0
884
0
908
0
0
0
0
368
0
138
0
0
0
0
0
0
0
0
0
0
0
0
0
0
89
0
0
0
0
0
0
0
0
0
0
50
0
0
0
0
0
0
0
32
0
0
0
0
0
481
0
22
0
0
0
303
159
0
0
0
0
0
0
0
432
0
93
0
0
0
0
0
0
0
0
0
405
0
204
0
0
0
0
0
0
0
0
0
0
0
48
589
0
0
0
0
0
0
0
861
0
0
0
0
763
332
368
0
995
0
0
0
0
0
935
0
367
459
0
0
604
0
0
0
0
0
0
0
0
0
0
209
0
0
0
0
0
0
0
0
0
382
0
0
0
0
86
0
0
0
869
0
0
0
0
0
0
0
0
0
0
0
0
0
0
0
524
0
0
251
0
0
71
0
0
0
0
810
0
0
0
0
0
0
0
0
0
288
0
0
772
0
353
0
0
241
0
0
0
0
279
0
0
0
0
0
0
995
0
839
0
0
0
0
505
0
0
466
961
0
0
0
0
257
0
0
0
0
0
0
0
0
0
0
0
0
0
530
0
0
0
0
0
0
0
0
131
0
0
0
173
556
975
0
0
0
0
0
637
733
0
0
0
675
0
0
0
0
0
0
218
406
202
0
0
0
833
0
0
0
0
0
0
973
78
418
0
0
0
922
819
0
0
11
955
0
0
422
0
393
0
0
0
0
0
0
138
0
839
0
0
0
0
0
0
0
0
0
0
0
0
0
0
0
0
0
0
0
0
934
0
0
0
0
558
0
0
0
0
564
0
0
0
0
0
771
0
179
0
0
815
0
0
603
727
936
0
0
0
0
0
0
0
654
0
0
0
0
0
0
0
0
323
0
0
0
0
0
0
0
0
399
0
0
0
0
0
0
0
441
0
0
0
0
0
355
12
0
0
0
968
0
0
0
756
0
0
0
0
0
0
0
0
0
0
650
0
925
0
395
341
0
0
0
0
0
0
0
0
0
936
0
333
0
534
0
0
572
0
0
0
0
0
0
0
0
0
0
0
0
0
284
0
0
0
0
0
0
0
0
0
0
0
0
0
0
0
0
465
0
0
0
386
373
0
0
0
856
481
0
0
0
949
0
0
0
753
0
40
0
0
864
0
0
205
0
0
0
0
554
346
0
0
0
0
0
0
0
0
0
0
0
676
0
0
0
0
0
0
775
0
0
868
0
0
0
0
949
0
0
0
0
0
0
0
772
0
0
589
0
0
0
0
0
0
0
0
540
267
0
0
0
0
0
0
0
0
0
0
0
0
0
0
49
0
0
0
0
0
0
0
929
312
0
718
374
0
0
0
0
521
0
0
0
85
0
0
0
0
0
0
364
0
545
497
173
0
869
0
0
999
0
0
0
960
881
0
0
0
0
0
676
0
0
0
0
664
0
0
0
0
516
0
0
0
0
913
0
0
759
0
0
0
0
495
502
0
0
0
377
0
0
0
0
0
907
0
0
0
0
308
0
579
967
0
0
0
0
0
0
0
0
0
855
0
0
0
0
149
0
377
0
211
0
0
0
0
0
0
0
0
742
0
987
294
216
851
0
0
0
0
0
0
0
0
0
335
0
159
169
625
0
0
0
72
962
0
0
0
0
0
0
0
0
0
0
0
0
649
639
157
406
0
0
0
0
0
0
0
0
0
0
0
0
959
0
0
0
0
0
819
0
0
0
411
0
0
0
0
0
0
0
701
0
0
0
0
0
0
137
0
0
0
0
0
0
0
0
0
0
0
0
0
0
0
0
0
0
0
0
0
0
0
0
985
0
0
0
0
0
0
0
0
0
0
0
0
0
0
0
0
105
0
750
0
0
0
935
505
0
0
0
0
0
0
0
0
0
0
0
0
711
0
0
0
733
0
0
0
0
0
0
0
0
0
0
0
0
0
0
0
0
0
0
0
0
0
0
0
0
297
0
0
647
0
0
740
0
941
0
753
0
0
511
0
0
0
0
0
0
0
0
0
0
0
195
0
0
0
0
0
0
0
0
0
0
0
0
118
0
0
0
0
0
0
0
0
0
413
0
0
0
340
0
0
0
0
0
0
0
650
0
0
0
0
0
0
0
0
118
0
448
0
0
0
0
0
473
0
315
0
0
0
0
0
938
0
0
0
0
0
0
0
0
0
0
592
428
0
0
0
529
0
0
0
0
461
0
0
0
71
849
482
13
0
0
0
0
0
0
0
0
767
0
0
0
0
0
22
0
0
0
0
0
0
0
0
0
0
0
262
0
176
713
0
0
0
0
0
0
0
0
470
0
0
0
0
367
0
0
0
0
664
0
0
0
0
0
0
0
0
0
187
269
805
627
0
0
31
749
0
0
0
0
0
192
135
0
427
0
0
0
0
0
0
0
0
203
0
0
0
428
0
0
0
0
705
0
0
0
0
0
0
0
0
0
0
0
0
264
0
0
74
0
0
0
0
0
0
880
0
0
0
0
0
0
0
0
742
0
165
17
677
0
0
0
0
0
0
0
0
0
0
0
0
0
0
459
466
0
925
0
0
0
0
0
0
0
0
0
0
0
553
0
0
0
0
0
0
627
404
0
0
0
0
743
0
710
0
0
0
0
0
0
0
0
0
0
0
0
0
0
0
0
0
0
0
835
376
637
0
0
0
0
603
975
0
0
0
797
0
0
0
936
0
641
36
0
0
0
364
0
0
0
0
0
0
0
226
0
0
0
0
0
0
0
0
0
0
364
0
0
565
57
0
916
0
0
961
0
0
0
0
649
0
0
0
0
0
0
0
0
0
0
0
0
303
0
0
0
0
0
0
0
0
0
0
0
0
0
0
0
0
0
0
0
0
0
0
0
0
0
0
0
0
0
0
0
482
0
0
0
0
0
0
0
0
730
0
0
422
612
0
0
0
0
0
167
645
0
0
254
715
0
0
0
0
710
0
0
912
0
0
0
0
0
0
756
759
0
0
0
0
0
0
0
0
0
0
0
395
775
0
639
0
118
0
0
0
0
986
0
0
0
0
117
0
909
0
0
0
0
0
662
0
0
0
0
0
179
196
0
0
0
0
0
0
0
0
0
0
0
0
0
444
0
0
0
0
196
0
0
735
0
0
0
0
0
438
275
0
100
822
941
0
0
0
199
0
0
198
0
0
0
145
0
0
913
0
207
0
968
0
0
0
0
0
0
47
0
176
0
0
0
0
0
0
604
0
0
341
0
0
157
0
0
0
0
0
986
0
0
0
0
0
0
0
0
115
644
0
0
0
0
0
957
0
0
131
200
0
0
0
0
0
0
0
823
31
0
0
0
0
0
0
0
0
218
0
0
0
0
0
0
0
0
565
0
0
0
0
0
0
0
0
0
0
0
0
0
0
0
851
0
0
0
0
0
0
0
992
0
0
0
0
0
0
0
0
0
0
0
0
0
0
0
0
0
0
0
0
0
516
406
711
448
0
0
0
0
0
0
200
0
958
0
0
0
132
0
0
0
0
257
910
0
0
638
0
0
432
0
0
0
0
0
0
0
0
0
645
0
0
0
0
0
547
313
570
500
0
652
0
0
0
0
0
0
735
0
0
0
0
0
162
607
0
0
0
0
238
0
0
0
0
0
0
0
0
0
0
0
0
0
0
0
0
0
0
483
0
0
0
0
0
347
0
0
0
0
0
868
0
0
0
0
187
553
0
0
0
200
0
0
0
0
0
0
0
0
0
0
0
0
0
0
0
755
0
0
0
0
895
0
0
777
0
0
0
0
0
0
0
0
0
0
0
0
0
0
0
0
0
0
591
0
0
0
959
0
0
0
0
0
0
0
0
0
0
0
0
0
0
0
0
0
0
0
0
0
0
0
0
0
0
0
0
0
0
0
664
0
682
0
810
0
0
0
257
0
0
0
0
0
0
0
269
0
0
0
0
0
0
0
0
0
0
56
0
0
0
0
0
0
0
0
0
0
0
0
0
0
0
0
185
0
0
0
0
0
0
0
0
0
0
0
363
0
0
0
588
0
0
0
0
0
0
0
242
407
0
748
0
0
279
906
0
0
0
0
0
0
0
0
0
0
530
0
599
0
0
0
589
844
0
0
0
410
0
0
840
0
0
702
0
0
89
0
0
0
0
0
0
0
0
0
805
0
0
0
0
958
0
0
0
0
0
0
123
220
0
0
915
984
0
0
0
0
924
0
0
0
0
0
286
0
0
0
0
0
0
0
0
0
0
0
0
0
209
146
159
0
0
0
0
0
375
0
0
0
961
0
0
0
0
0
20
0
0
0
42
0
0
0
0
0
0
0
0
0
0
278
238
675
0
0
0
31
0
0
0
0
64
0
0
0
0
0
0
0
0
0
0
0
733
0
627
0
0
117
0
0
0
0
0
0
101
0
0
0
0
0
0
0
0
0
0
0
0
0
0
0
0
0
0
0
713
0
0
0
0
0
0
0
0
0
0
0
0
956
0
0
0
0
0
784
0
0
0
0
0
0
0
0
0
0
414
0
0
0
0
0
211
542
0
0
0
0
0
0
0
0
0
0
0
0
0
0
0
0
495
0
0
0
0
0
0
0
0
0
0
0
913
0
0
0
0
0
303
0
0
0
0
0
0
101
0
0
0
0
0
157
0
0
0
0
0
0
0
0
0
0
0
0
911
0
0
777
473
0
450
0
0
0
0
197
135
0
39
0
759
601
0
0
445
0
0
0
0
0
0
0
0
0
0
0
832
0
0
0
0
0
0
0
0
0
0
0
0
0
0
0
0
806
957
0
508
0
863
0
0
0
710
0
0
400
0
0
0
0
0
949
0
0
0
473
0
0
0
909
0
0
0
56
0
0
0
0
0
0
765
0
0
0
0
0
0
107
0
0
0
0
0
0
0
0
0
868
0
0
0
0
740
0
0
0
0
0
0
0
0
992
357
452
0
0
0
0
0
0
0
0
190
549
0
0
0
0
0
0
754
0
0
254
0
0
0
0
0
0
0
0
0
0
0
0
0
0
0
611
0
0
0
0
0
0
0
0
0
0
0
0
0
0
0
0
31
0
0
0
115
132
0
0
123
0
0
0
0
416
644
0
972
0
0
396
0
871
523
0
0
0
0
0
155
0
0
0
0
0
0
0
0
0
0
0
0
0
824
0
310
0
0
0
0
978
0
0
0
0
0
936
0
0
393
0
0
0
0
0
0
0
0
0
0
0
0
0
0
0
0
0
0
0
873
0
581
0
720
0
688
0
0
0
0
0
0
0
0
934
0
0
759
0
0
315
749
627
0
0
644
0
0
0
220
0
0
0
416
0
923
0
0
0
0
0
0
54
0
0
0
0
0
0
0
0
0
738
0
0
0
0
0
0
0
0
0
0
0
0
0
0
0
0
0
0
0
0
0
0
0
0
0
0
709
416
983
0
0
179
0
0
0
0
0
380
682
0
0
737
0
262
207
0
607
0
502
789
162
0
0
0
0
0
545
0
0
0
0
0
936
0
0
0
0
0
0
404
0
0
0
0
0
0
0
0
0
765
644
923
0
552
0
0
0
0
0
0
0
0
0
0
0
0
0
516
0
0
0
0
901
0
0
0
0
0
335
0
0
324
0
0
540
0
0
0
980
869
0
879
691
0
0
0
0
0
0
0
0
0
288
0
0
0
0
0
0
0
0
914
0
0
0
0
0
0
0
0
0
308
942
0
0
0
730
0
0
209
0
0
0
0
0
0
0
0
0
0
0
0
0
0
0
0
0
0
157
0
0
0
552
0
0
0
0
0
0
0
0
497
710
0
0
0
0
0
0
0
335
0
847
806
253
382
726
32
0
0
859
0
0
476
0
0
0
715
0
0
0
639
0
0
0
931
0
0
166
862
0
0
0
0
975
0
0
0
0
0
895
0
0
0
0
0
0
591
0
0
753
0
0
721
0
0
0
175
0
0
0
0
333
0
0
0
0
0
0
0
0
0
0
0
0
0
915
0
0
0
972
0
0
0
0
0
0
0
593
0
0
898
0
0
0
500
0
0
0
0
0
0
0
0
0
0
0
0
0
0
271
0
0
0
0
234
0
0
0
0
0
0
0
0
0
0
0
0
421
262
0
0
0
0
0
0
0
0
0
0
0
0
791
0
0
0
0
0
0
0
487
294
0
0
0
0
0
0
0
0
0
0
0
0
0
0
0
0
0
0
0
662
0
257
0
0
984
0
0
0
0
0
0
0
0
0
430
0
34
0
0
784
0
0
0
340
0
0
0
0
0
72
0
411
0
931
0
0
0
264
0
573
0
0
0
0
0
600
0
0
0
0
0
0
0
0
87
220
0
0
0
0
0
117
544
0
0
0
0
0
54
0
0
0
0
0
0
0
0
0
0
0
0
0
0
0
0
322
0
0
0
558
534
0
495
959
0
0
0
0
0
0
0
910
0
0
0
0
0
0
0
0
0
0
0
430
0
760
0
0
0
0
0
0
0
0
0
0
0
0
0
367
0
110
799
0
0
0
0
726
0
0
0
0
0
0
0
0
732
0
0
0
0
0
930
0
0
494
228
0
0
0
0
0
0
0
0
0
0
0
0
0
0
0
302
0
0
0
0
72
0
0
0
0
0
0
0
0
50
0
0
0
0
772
502
0
0
938
192
743
0
0
957
0
0
0
0
0
0
0
396
0
0
0
0
0
760
0
0
0
0
0
434
0
238
851
0
505
0
0
813
58
716
0
793
0
0
0
0
0
0
0
0
0
29
0
707
360
0
0
0
0
804
0
0
851
0
0
0
0
0
0
511
0
0
372
0
198
0
732
0
0
0
438
0
0
290
0
0
0
638
0
0
0
402
252
643
0
0
0
0
0
0
0
0
0
0
0
135
0
0
0
0
0
0
0
0
0
0
0
0
0
0
0
593
34
0
0
0
0
0
0
599
0
0
0
0
0
0
0
0
0
0
317
0
0
0
0
0
969
0
0
290
0
0
0
0
0
0
0
0
0
130
0
0
0
340
0
0
0
0
622
0
0
0
0
635
810
0
0
0
0
0
681
328
600
0
0
299
0
0
0
0
818
0
0
0
0
0
0
530
0
572
0
0
0
0
0
0
710
0
0
0
638
755
0
0
0
0
107
871
54
0
0
0
0
0
0
0
0
699
0
252
0
0
0
0
304
0
0
84
0
0
93
256
0
0
539
0
0
0
175
0
0
0
0
0
0
0
0
0
0
0
0
0
0
0
0
555
432
0
0
0
0
0
0
0
0
857
0
0
0
0
0
0
0
0
0
0
0
0
0
0
0
0
777
0
0
0
0
0
0
0
589
0
0
0
0
427
0
0
0
131
0
0
0
924
0
0
0
523
0
0
0
0
0
0
0
0
699
0
0
0
0
0
0
0
876
0
0
0
0
0
0
0
228
0
0
0
0
0
139
0
0
0
0
0
0
0
0
169
0
0
0
0
0
0
0
0
133
515
687
0
0
0
126
0
0
192
0
0
0
0
0
0
0
0
0
0
561
0
0
536
0
0
0
0
0
0
0
0
564
0
0
377
0
0
0
0
0
0
179
200
0
0
0
0
0
0
0
0
0
0
497
898
784
0
0
0
0
0
0
299
281
0
0
0
567
600
0
0
0
0
981
0
0
0
0
0
514
579
0
0
0
0
0
0
0
0
0
0
0
0
0
985
637
26
0
0
0
0
626
0
0
0
166
0
0
0
0
0
0
0
981
474
0
0
0
0
0
95
0
0
0
0
767
0
0
0
0
0
0
0
0
0
819
0
0
0
0
0
196
0
432
0
0
0
0
0
0
0
0
0
710
0
0
0
434
599
252
0
299
0
0
0
0
813
0
0
0
0
0
0
0
0
0
0
0
0
0
0
255
213
0
0
0
0
0
0
0
912
0
0
0
778
0
0
0
0
496
0
283
0
0
0
0
0
0
0
11
0
0
271
472
0
105
0
0
0
0
0
410
0
0
0
0
0
0
0
382
0
0
0
0
0
0
0
0
0
0
0
0
0
0
0
0
0
0
0
0
0
0
0
0
0
0
0
0
0
0
0
281
0
0
0
0
0
0
592
0
0
153
0
0
305
0
0
0
946
0
630
0
0
0
0
776
0
0
0
0
0
0
408
486
0
562
0
0
0
0
0
0
234
0
899
0
845
0
652
0
0
0
0
0
776
0
0
783
0
0
0
0
0
0
0
0
0
0
0
0
0
0
0
0
0
0
0
0
0
0
0
0
0
0
895
0
0
0
0
0
0
0
0
0
0
0
0
238
0
0
0
0
0
0
0
352
0
0
0
0
0
0
0
0
0
0
0
13
0
0
0
0
0
0
0
0
0
704
0
0
756
50
0
0
0
229
0
0
914
0
0
0
0
297
0
0
0
0
0
0
0
0
785
0
0
811
0
656
0
0
0
0
563
0
0
0
0
0
32
0
0
0
0
0
0
0
0
0
0
0
0
0
0
0
0
0
0
0
0
0
0
0
0
0
500
340
0
851
0
0
0
0
0
0
352
0
0
0
0
0
962
0
0
0
0
0
0
0
0
0
492
0
0
0
0
311
0
0
889
709
0
0
0
0
0
0
0
0
0
0
0
0
0
0
0
0
0
0
0
0
0
0
861
0
0
0
0
0
0
0
0
0
278
0
0
0
0
0
0
0
0
0
0
0
0
411
0
0
0
0
0
0
0
0
0
185
286
0
911
0
155
0
0
0
0
0
0
0
0
0
0
0
813
0
0
0
0
0
0
0
938
0
0
586
0
574
0
356
0
0
0
0
0
0
0
0
0
0
0
0
0
0
593
0
0
838
0
0
0
0
0
0
0
0
0
861
0
355
0
0
0
0
0
0
0
0
0
0
0
165
0
0
0
0
0
0
0
810
0
0
0
771
0
0
907
0
0
0
0
0
0
0
0
0
777
0
0
0
0
0
0
0
516
0
0
0
0
505
0
304
876
567
0
0
0
0
0
0
0
0
769
0
0
0
0
0
362
910
742
0
0
76
0
0
0
0
0
0
0
0
0
0
0
615
0
0
0
50
0
0
0
0
0
0
0
0
0
0
0
236
0
0
0
0
0
0
0
0
0
0
0
0
0
0
0
0
0
0
0
86
131
0
0
0
0
0
0
592
0
0
0
0
0
0
0
0
0
713
0
0
0
0
0
0
0
0
0
0
0
0
0
600
0
592
0
0
0
0
0
0
0
0
0
510
290
0
0
0
785
0
0
0
0
0
0
0
0
0
0
0
0
0
0
0
0
0
0
0
0
0
0
0
0
0
0
235
0
869
0
0
0
0
599
0
69
0
0
0
0
0
0
0
601
332
0
0
0
602
0
0
0
179
0
540
0
0
0
428
203
0
0
0
823
0
0
0
0
0
777
868
0
738
0
0
0
0
0
0
0
0
0
0
0
0
0
0
0
0
0
0
0
0
0
0
0
0
0
578
0
0
420
802
0
0
0
0
0
771
101
946
0
0
0
0
0
0
0
0
0
0
0
0
0
0
225
0
0
0
0
0
0
0
566
0
0
0
265
0
0
0
419
0
0
0
0
0
0
0
0
0
0
0
0
267
0
0
0
0
0
0
0
0
31
0
0
0
0
0
473
0
0
0
0
335
0
0
0
813
0
84
0
0
0
0
0
962
938
769
0
0
0
0
0
0
0
0
0
0
0
0
0
0
0
0
0
319
844
0
418
0
564
759
352
0
0
0
0
0
0
0
0
0
0
0
0
568
0
0
536
54
0
0
206
0
0
0
0
0
401
0
866
0
0
890
0
0
560
0
481
0
0
0
0
0
0
0
0
0
0
0
0
0
0
0
0
0
0
0
0
0
0
0
0
0
0
72
367
58
0
0
0
0
0
153
0
0
0
0
0
0
0
0
0
0
0
859
0
0
0
0
0
0
0
134
0
0
0
0
0
0
0
0
0
344
0
0
22
0
0
0
0
907
0
692
0
180
0
0
0
0
884
0
0
0
996
0
0
963
0
0
744
0
0
323
0
0
0
0
0
869
173
815
0
0
308
0
297
0
0
0
0
0
0
645
0
0
0
0
450
0
0
0
901
847
0
0
0
716
0
0
0
0
0
0
0
0
0
0
0
0
0
0
0
0
0
461
0
0
0
0
0
0
0
0
0
0
0
0
0
117
672
0
0
0
596
0
0
0
0
0
0
921
332
0
0
0
0
0
0
0
0
0
233
556
0
0
0
746
0
0
0
184
0
0
0
0
680
0
22
0
556
0
284
0
0
0
0
529
428
0
0
0
0
0
0
0
0
0
0
0
0
0
0
806
0
411
110
0
317
93
0
981
0
0
0
0
586
0
510
0
0
0
0
0
