0
917
0
544
0
0
638
0
453
698
0
0
833
0
0
0
316
0
624
0
0
0
0
0
0
335
204
0
0
691
0
824
0
671
0
0
951
0
0
855
329
783
0
0
137
0
0
0
374
952
866
566
0
515
0
933
0
0
360
879
326
0
0
0
612
543
0
0
184
0
783
241
714
0
0
115
0
0
225
767
202
0
554
0
0
725
694
587
246
0
235
577
341
0
911
475
0
410
454
0
917
0
249
349
815
415
511
879
0
640
796
0
0
0
0
0
0
103
687
562
0
0
0
0
0
0
916
437
405
149
538
229
0
0
0
0
0
0
0
235
0
374
0
0
180
0
132
0
0
886
0
556
485
0
500
616
0
0
224
316
0
495
313
0
266
0
0
0
829
208
949
381
0
0
0
567
0
0
0
395
875
895
790
245
183
439
0
0
0
991
0
651
0
321
0
0
410
0
464
0
0
249
0
0
0
155
586
0
691
0
528
0
0
601
924
0
477
0
0
369
845
0
919
918
343
0
0
0
0
365
0
735
717
486
847
552
0
774
453
400
534
0
0
926
0
992
676
0
0
0
0
0
417
516
502
0
768
774
874
201
0
780
0
0
873
765
0
796
598
0
664
337
613
355
174
0
0
416
796
0
0
822
418
542
547
0
347
0
0
372
187
0
0
0
0
283
0
0
0
0
544
349
0
0
991
0
910
0
979
256
888
0
453
187
125
0
167
429
0
0
0
0
0
963
316
0
0
0
899
0
0
846
852
794
0
107
0
0
974
0
0
293
901
0
0
663
0
0
157
436
0
0
0
295
490
0
533
496
0
939
835
0
258
0
202
212
717
0
0
426
326
737
433
0
0
834
0
0
656
431
0
200
864
385
759
213
0
0
0
742
265
0
0
967
638
306
0
442
171
0
0
815
0
991
0
710
655
151
639
0
957
0
332
136
0
706
686
917
993
568
0
851
0
0
0
885
0
0
0
165
565
435
0
661
0
0
979
419
642
505
0
0
0
667
0
0
150
135
0
355
0
664
453
0
0
0
193
0
970
0
0
0
364
0
956
0
0
569
0
131
0
0
0
969
0
0
173
0
0
444
863
621
178
0
837
990
244
581
518
0
0
269
713
0
0
883
124
654
369
0
0
415
155
0
710
0
897
0
0
658
0
0
0
987
172
0
0
644
617
0
0
0
0
0
0
0
0
543
617
0
349
162
366
0
0
0
215
0
0
312
889
634
927
0
787
0
715
466
0
0
0
0
0
883
437
0
820
0
697
228
0
743
0
0
0
0
0
602
0
703
0
565
0
0
0
521
0
0
0
256
0
0
0
0
0
504
143
0
0
0
0
0
155
0
0
0
0
162
0
0
638
511
586
910
655
897
0
495
0
138
451
787
0
0
0
170
0
0
0
0
0
721
870
0
997
201
317
0
0
127
0
468
0
0
630
688
0
0
0
0
0
338
0
648
0
773
617
657
712
799
0
676
415
0
0
0
192
0
0
350
233
0
0
0
303
406
755
0
0
428
771
872
0
948
0
795
693
0
281
909
0
110
0
147
395
0
0
334
0
608
138
0
0
0
0
355
0
968
0
0
0
879
0
0
151
0
495
0
204
0
0
0
807
469
0
259
0
571
0
965
956
411
856
147
487
0
0
888
0
0
387
808
483
853
824
131
0
103
0
0
225
0
0
455
0
0
0
0
532
414
0
962
0
0
131
0
448
725
544
0
0
0
955
976
0
0
0
0
606
0
304
399
375
543
152
0
0
0
138
887
0
0
0
0
360
625
0
207
0
0
0
966
0
0
0
0
0
134
0
0
453
0
691
979
639
0
0
204
0
0
849
235
985
0
0
689
284
0
846
0
0
545
574
0
314
0
402
0
0
0
386
0
0
549
679
0
0
0
0
0
0
498
0
905
0
0
361
884
0
491
0
328
0
627
0
765
0
0
822
0
0
880
563
980
0
0
0
0
187
0
887
0
0
164
0
0
721
0
0
0
276
563
0
106
747
204
0
0
0
0
501
178
0
0
0
0
0
0
290
0
698
640
0
256
0
658
138
0
0
0
937
0
445
0
913
0
349
0
0
0
0
0
388
0
0
390
726
471
833
0
0
801
0
0
620
0
0
0
818
556
861
0
0
0
0
0
116
300
216
439
790
0
0
900
0
0
0
684
0
604
0
0
495
0
0
0
924
0
0
482
0
399
556
692
0
0
569
775
0
0
733
0
664
0
523
0
0
180
901
0
0
779
828
0
0
441
0
0
273
0
0
796
528
888
957
0
451
0
849
937
0
684
0
0
0
471
906
816
0
0
0
168
0
554
344
451
0
403
0
805
342
607
800
939
0
636
0
703
0
654
0
0
981
727
0
0
862
988
0
0
0
0
177
0
268
490
0
0
424
0
471
0
0
0
0
0
0
0
0
646
719
0
252
0
906
861
758
724
0
299
0
610
108
862
0
0
0
0
806
625
0
0
0
283
776
733
0
0
0
0
0
0
0
0
0
0
787
0
235
0
684
0
0
0
766
0
440
652
876
0
250
0
0
243
0
185
344
681
154
0
694
0
225
446
950
0
719
731
703
0
139
236
983
0
0
0
0
0
0
0
527
844
324
790
0
382
0
387
579
0
0
413
0
714
0
639
296
803
0
587
317
598
551
514
0
0
507
0
228
917
0
701
548
622
0
0
0
870
606
0
110
804
0
658
534
567
0
0
0
0
833
0
0
453
332
0
0
807
985
445
0
0
0
629
475
0
0
156
0
512
0
959
0
0
0
980
853
697
0
371
0
0
832
0
0
913
632
0
953
925
348
0
0
0
0
607
722
0
415
672
927
115
357
0
142
410
287
686
0
0
0
276
0
0
659
0
724
497
843
0
0
333
0
668
993
0
0
0
0
0
610
662
0
0
0
404
990
736
239
0
0
911
0
0
464
0
0
385
932
0
0
0
601
187
136
987
0
469
0
0
0
0
629
0
0
401
787
428
0
0
947
200
951
0
570
0
0
0
0
937
754
918
863
0
349
0
0
835
652
0
0
0
0
0
745
724
774
0
0
477
0
453
0
0
0
0
0
386
150
559
0
0
0
0
572
0
0
878
361
802
0
429
337
0
0
0
0
748
0
0
910
918
703
995
646
220
699
783
0
724
0
0
180
781
0
0
0
0
706
0
0
0
924
125
0
172
0
0
0
913
0
766
475
0
0
0
792
642
601
776
0
553
0
451
642
0
0
544
0
420
0
519
561
188
0
0
209
0
106
875
0
885
487
0
0
309
389
296
187
457
0
719
279
826
0
111
0
0
795
0
0
816
0
604
392
0
0
0
899
0
291
0
0
276
0
0
0
665
540
0
762
0
0
683
891
920
267
438
429
743
0
0
0
553
421
0
0
0
0
0
0
0
0
0
706
0
170
259
689
0
471
0
0
401
0
0
209
893
0
0
0
623
567
0
268
616
0
684
615
0
650
766
343
0
631
0
184
108
0
312
785
0
596
322
771
0
312
0
329
270
593
0
0
112
837
0
0
502
0
0
765
0
923
125
0
445
0
607
0
0
543
0
450
0
0
534
206
844
450
267
876
0
828
0
0
0
0
0
0
0
0
799
670
0
596
0
0
0
0
0
316
0
477
167
686
0
0
0
284
349
906
440
0
787
792
209
0
237
452
0
627
221
0
0
787
338
573
811
0
0
807
330
0
136
785
716
0
0
0
0
0
946
0
546
936
0
830
960
0
925
0
204
0
0
0
0
0
594
115
960
401
0
131
790
534
0
0
0
0
0
664
794
903
702
450
0
0
0
682
0
0
683
0
0
832
889
0
666
887
786
0
0
0
0
0
756
173
699
882
0
0
103
0
429
917
644
0
571
0
0
816
652
156
428
642
893
237
0
110
280
910
297
842
0
174
0
370
463
0
995
0
987
137
902
432
991
889
0
0
576
641
0
0
0
176
0
573
0
0
0
395
0
0
162
0
820
610
0
587
847
163
0
0
0
158
656
561
881
0
296
692
897
0
0
0
0
0
543
103
263
0
0
0
470
727
0
597
0
104
0
861
0
0
0
743
0
287
862
0
0
624
687
0
0
993
617
0
0
846
0
0
876
0
0
601
0
452
110
0
510
264
0
0
398
0
696
0
126
0
0
0
0
206
217
0
159
0
587
431
0
0
0
0
0
0
233
0
0
310
524
131
0
0
0
0
0
0
435
0
0
0
0
0
0
0
0
785
173
345
573
0
0
725
0
0
0
646
0
109
984
438
379
247
380
792
0
0
733
0
0
0
266
0
368
447
0
0
0
0
0
0
562
369
0
568
0
0
965
0
0
0
0
512
0
776
0
0
280
510
0
750
631
856
0
681
0
534
555
521
242
880
814
247
778
867
0
115
793
0
502
0
743
0
0
0
0
754
918
119
0
0
0
0
0
834
422
590
384
698
0
831
766
0
330
611
0
470
329
423
0
0
310
884
784
289
933
0
0
520
0
856
0
747
0
230
0
711
0
409
0
412
756
0
0
342
672
206
165
0
0
0
0
845
0
0
0
0
956
0
0
0
250
0
947
0
0
627
910
264
750
0
432
0
786
0
849
0
0
0
0
0
813
899
0
283
242
651
0
0
587
854
908
0
584
0
0
583
983
867
537
0
903
0
580
583
0
377
806
0
0
379
0
747
745
0
975
0
0
0
0
0
0
0
0
494
0
459
489
467
132
544
897
403
298
424
0
286
897
130
838
0
590
271
188
993
0
0
925
0
0
0
0
0
0
851
0
721
411
545
0
168
0
959
200
553
623
221
297
0
631
432
0
179
0
0
166
0
663
0
974
0
0
0
0
446
960
859
321
0
0
0
131
651
226
0
0
881
529
0
0
0
0
0
0
680
469
0
0
0
0
0
0
169
857
0
0
0
491
0
351
917
670
0
0
0
0
902
0
0
274
558
0
630
0
0
0
226
858
0
335
0
0
760
0
0
0
0
0
0
0
0
0
919
0
0
0
870
856
574
388
0
0
0
951
0
567
0
842
0
856
0
179
0
0
0
0
449
712
0
677
0
387
797
0
390
0
0
247
983
256
0
610
0
588
284
329
0
0
0
0
745
573
958
0
0
268
0
972
0
0
0
940
788
0
305
0
396
0
502
473
273
521
380
0
671
173
0
0
0
0
0
0
639
0
0
0
860
0
0
180
279
0
588
0
0
0
803
488
238
0
0
0
918
963
0
0
0
147
0
0
554
243
0
0
451
0
0
0
398
0
786
0
0
0
229
0
0
0
0
797
120
0
0
154
0
718
0
918
0
0
830
793
653
219
927
0
0
477
557
0
0
0
376
293
0
0
0
747
750
531
0
284
937
0
0
0
967
0
0
0
640
279
0
0
0
657
0
0
0
986
0
0
0
0
344
0
253
0
0
0
0
784
827
0
608
258
270
812
387
0
0
0
343
316
0
0
997
487
314
0
344
0
0
570
642
268
787
174
0
681
0
0
0
229
0
265
0
0
671
895
917
0
512
606
615
276
761
0
616
0
128
0
0
0
0
983
342
0
806
0
524
0
458
0
0
908
0
687
0
0
0
405
0
0
656
173
0
417
173
647
673
330
0
154
508
349
570
986
0
322
0
604
0
0
251
0
246
977
0
0
0
635
0
832
0
509
531
481
0
0
335
0
0
0
885
0
201
0
0
390
451
185
980
0
0
616
338
0
696
0
849
166
0
0
265
0
888
847
0
941
0
204
0
812
0
176
0
0
144
0
567
0
341
265
781
147
500
911
0
829
0
0
0
0
593
0
652
0
385
647
0
668
0
0
0
0
282
0
0
0
0
192
0
266
0
0
554
831
345
0
985
0
251
183
435
764
282
155
676
0
0
0
652
0
0
0
0
302
0
0
204
916
0
0
0
0
317
0
402
726
0
344
853
0
0
0
573
370
0
534
0
0
449
0
0
888
0
0
591
0
873
0
0
984
0
939
901
580
965
0
0
0
0
0
902
0
223
556
729
821
0
0
0
0
338
0
0
851
0
109
0
321
190
456
0
223
764
0
655
977
0
0
435
0
284
0
0
981
0
0
0
662
0
539
588
565
387
309
0
758
511
492
807
947
845
0
0
0
0
0
0
437
0
0
0
543
0
888
0
471
403
681
697
0
544
684
811
463
126
555
0
663
712
0
0
847
0
0
0
0
856
0
917
0
140
0
107
999
735
0
0
401
697
0
143
874
0
314
0
0
954
615
0
0
0
0
353
0
0
304
0
0
765
680
0
416
251
0
0
0
0
367
333
0
696
529
860
475
0
0
239
0
0
301
128
947
0
0
691
0
504
0
989
520
960
0
363
176
0
0
0
405
0
899
0
617
0
0
0
833
0
154
0
0
0
615
0
0
0
521
0
0
0
0
671
0
591
0
0
910
0
936
606
0
0
751
0
0
163
523
0
0
612
798
337
375
340
0
635
0
0
879
648
442
176
343
757
294
443
0
457
0
368
0
381
0
0
685
0
340
965
0
612
0
0
589
443
0
753
0
328
0
0
0
0
0
879
0
720
0
0
0
0
0
0
128
0
0
932
0
691
149
365
0
165
0
127
0
0
0
805
0
371
937
420
0
0
995
0
242
0
974
677
797
895
941
0
0
910
0
0
0
693
0
614
0
290
0
365
0
872
0
0
938
580
0
0
741
0
600
0
806
484
0
721
0
395
587
0
421
376
0
0
128
0
0
0
0
0
0
526
0
0
642
0
699
0
842
512
0
0
0
0
0
229
0
0
786
123
526
237
0
611
0
0
0
925
953
0
0
0
538
0
0
565
349
0
387
386
0
342
694
0
754
0
650
807
0
0
880
0
0
0
120
917
0
873
856
0
0
0
0
857
0
0
243
999
541
0
0
0
987
245
0
0
0
0
0
539
0
0
0
970
0
642
267
0
0
650
864
936
283
0
0
728
768
152
0
432
0
0
0
0
342
306
0
749
0
0
250
473
176
0
0
0
150
337
692
0
0
939
0
480
0
351
0
521
910
0
0
824
229
735
846
435
162
468
808
0
801
607
0
0
918
519
766
330
987
0
814
813
0
387
0
0
204
0
0
936
0
0
0
627
0
0
532
319
0
881
784
428
0
801
0
0
0
227
0
402
0
0
921
0
0
735
0
0
254
779
102
695
0
0
815
0
0
781
0
148
0
203
0
0
896
0
612
879
0
423
407
111
0
339
738
0
286
0
422
0
177
222
754
161
657
0
0
0
0
0
0
0
0
717
852
0
366
0
483
0
0
800
225
832
863
561
343
0
137
206
247
899
0
797
0
512
0
0
917
606
693
857
627
0
570
0
0
496
0
948
0
241
0
0
0
392
579
0
478
0
744
0
0
584
736
0
288
759
653
0
0
535
0
0
380
165
0
0
734
0
0
0
0
247
277
0
428
0
707
997
0
0
0
625
0
494
264
0
697
0
0
0
563
471
887
0
354
729
488
415
0
671
0
486
794
661
0
0
853
549
0
939
446
0
0
188
0
136
902
217
778
0
0
0
154
606
812
984
0
0
0
0
0
570
0
0
639
448
0
0
0
0
215
0
142
0
0
0
0
0
0
803
0
0
926
0
721
0
746
980
390
0
0
526
403
325
689
885
0
193
0
0
994
466
0
0
760
0
806
0
0
483
0
0
0
764
231
842
890
258
770
0
731
821
0
315
453
799
167
0
0
0
0
847
0
0
0
630
824
679
620
0
950
0
349
0
631
785
432
0
867
283
446
390
0
615
0
0
140
0
614
0
0
0
0
0
0
484
0
0
0
570
718
0
0
0
0
396
250
0
576
680
114
0
0
728
0
0
0
432
843
406
0
762
237
0
505
857
761
775
0
0
0
0
630
672
873
0
940
932
0
597
0
0
897
0
651
332
0
0
0
470
0
0
0
721
639
0
0
889
0
0
0
552
107
0
0
688
131
0
0
636
0
913
0
0
0
716
991
159
0
242
960
0
718
276
176
939
0
751
0
243
532
0
639
0
0
0
0
0
412
0
404
197
0
0
0
0
123
296
0
0
563
127
724
0
665
0
0
0
0
815
812
908
271
704
0
0
917
0
862
770
0
0
0
674
205
0
0
0
739
128
149
0
853
0
0
0
0
0
777
0
0
853
836
0
611
996
0
421
0
951
0
0
0
979
215
0
0
0
0
0
719
632
0
209
184
0
889
0
115
651
859
0
0
761
0
901
107
0
290
999
319
496
448
484
0
0
0
0
504
0
217
0
704
972
737
0
0
922
0
0
749
681
600
0
0
489
404
0
0
0
0
0
541
0
0
924
0
0
345
775
0
0
395
0
337
407
278
0
114
0
278
0
0
704
0
522
0
557
130
982
878
0
0
972
920
0
412
595
0
0
0
774
0
419
0
0
103
0
0
703
731
0
835
0
108
0
0
587
793
0
321
247
918
0
0
580
999
0
0
541
0
0
0
0
0
0
0
891
0
0
0
0
124
0
548
492
0
115
607
561
482
0
0
753
500
0
0
163
123
464
0
0
0
849
0
975
0
218
832
803
290
864
340
0
0
0
787
0
0
0
0
858
0
743
265
710
777
0
0
0
883
232
220
0
0
158
839
0
0
0
0
453
974
642
0
0
0
0
818
0
703
953
652
106
0
0
0
431
0
0
0
983
0
616
144
965
735
163
365
0
881
948
0
0
0
0
891
0
929
0
262
485
552
0
683
458
458
0
819
462
559
281
404
0
0
0
427
0
0
0
609
113
217
0
0
0
0
157
971
0
651
0
132
0
0
816
778
209
0
0
0
869
0
0
0
628
0
0
0
0
0
862
221
319
0
859
0
551
0
855
235
400
0
505
312
0
0
0
556
654
0
925
0
875
312
0
576
0
502
587
0
256
0
0
0
0
0
523
0
0
784
0
0
0
412
504
0
929
0
540
686
0
0
0
166
0
156
0
820
0
0
0
583
726
0
745
392
0
480
289
501
537
0
0
870
0
0
550
0
0
758
0
0
0
0
356
0
0
216
0
0
434
651
726
0
0
772
496
437
213
0
331
205
590
0
0
112
0
0
329
0
534
0
0
889
0
225
0
861
0
139
348
0
0
785
0
641
0
0
854
0
0
830
128
567
0
0
0
872
0
428
241
0
570
0
0
0
0
540
0
675
703
242
0
0
532
841
0
317
340
0
0
271
0
254
375
396
0
0
781
0
0
0
556
437
162
0
839
998
341
543
729
869
220
0
0
937
127
0
0
0
0
277
0
114
663
0
0
0
211
0
718
582
0
0
287
0
0
0
783
374
0
293
0
634
338
0
498
0
0
236
0
0
885
0
946
0
0
743
908
131
610
793
0
0
0
401
0
0
987
0
0
215
718
404
217
0
262
686
675
0
0
759
0
109
0
301
0
0
624
0
590
711
727
135
112
0
309
593
0
0
945
800
0
0
0
0
0
0
0
0
962
104
0
244
871
610
0
0
0
577
0
586
240
579
694
0
0
0
0
722
411
963
0
688
0
0
0
0
0
0
0
901
0
927
0
0
0
0
981
983
0
0
487
596
0
0
0
0
0
651
0
653
0
341
0
697
612
0
245
801
0
0
0
197
0
0
485
0
703
0
0
0
991
0
535
0
745
162
105
0
571
994
773
315
0
0
513
0
916
652
320
131
807
500
0
0
973
0
0
0
0
0
815
0
0
356
288
207
0
0
0
626
948
972
459
0
0
0
0
745
164
0
802
633
244
0
0
0
0
0
926
0
667
0
648
455
905
0
727
0
0
0
0
322
546
0
0
0
584
226
588
219
0
265
0
0
798
938
0
0
0
142
0
0
704
124
552
0
242
759
0
0
0
298
0
0
0
455
521
591
506
263
157
0
0
0
522
839
0
0
209
0
478
0
929
0
0
424
602
691
0
0
0
0
0
0
695
0
0
933
113
241
426
0
668
0
596
428
0
0
0
660
0
0
410
0
265
0
137
180
0
0
0
787
0
0
0
0
0
0
0
745
0
771
936
176
0
0
0
0
284
927
0
781
902
143
337
580
0
0
392
0
0
0
972
0
0
0
0
0
991
0
0
730
900
0
0
781
0
594
0
0
754
0
0
0
719
900
762
0
0
403
598
282
0
976
845
891
249
243
0
0
175
0
532
0
862
0
0
198
334
0
753
736
921
931
0
0
940
0
0
853
188
261
455
0
799
0
0
0
992
663
0
0
773
0
0
0
0
0
607
724
309
0
0
0
233
0
0
0
329
0
983
147
0
874
375
0
0
0
579
0
0
0
737
548
683
166
0
109
0
298
730
0
198
908
746
187
170
0
225
151
846
467
636
622
558
0
925
0
508
0
0
0
181
958
850
0
0
508
856
378
827
0
0
0
431
226
347
0
0
0
785
0
0
940
701
912
628
0
154
0
0
146
919
0
219
0
0
132
676
0
150
715
617
0
361
116
862
0
722
774
389
312
830
573
0
754
583
881
0
0
342
500
223
0
340
0
0
227
0
0
396
0
0
492
458
0
532
0
535
0
900
198
0
776
552
0
344
0
0
0
772
624
0
0
0
0
0
386
0
0
907
0
0
0
487
231
115
0
354
0
0
231
632
0
144
942
0
535
0
0
441
0
0
708
0
333
0
0
0
260
190
571
296
0
0
0
0
0
0
0
135
466
657
0
884
300
988
0
0
0
296
0
960
0
0
918
983
529
0
477
0
911
556
314
0
741
0
0
478
0
250
123
0
0
458
156
841
301
0
0
0
908
776
0
0
0
0
0
146
0
186
0
364
376
492
434
0
0
0
523
922
375
191
994
652
695
0
0
687
0
0
601
0
556
149
763
723
0
219
0
883
286
789
487
821
0
959
0
796
0
381
779
0
0
895
0
374
0
0
157
0
0
712
532
0
216
0
0
415
0
187
329
0
0
310
119
867
0
0
557
806
0
729
0
635
0
539
402
0
0
0
296
922
115
0
0
0
0
745
0
0
746
552
0
0
0
0
812
939
523
773
0
134
0
0
0
501
0
517
0
771
657
364
0
321
0
0
535
248
601
0
461
144
169
892
0
253
0
0
0
522
0
486
0
114
261
0
0
845
0
0
464
730
0
191
0
952
886
0
436
355
0
799
414
491
439
0
0
672
477
457
270
925
0
524
0
537
0
0
0
0
829
821
0
0
600
0
0
744
0
576
0
0
607
819
820
317
0
162
455
781
187
0
0
0
0
911
404
0
970
737
0
510
400
0
253
0
0
307
314
628
452
0
433
0
0
450
481
219
0
658
0
0
0
564
0
0
648
607
848
0
455
0
500
0
164
0
726
925
0
0
0
448
304
0
0
866
0
0
0
0
0
0
0
0
790
0
527
927
0
0
593
0
395
131
0
0
0
745
0
524
0
0
954
0
0
0
0
0
803
680
0
0
561
462
0
340
624
105
521
0
170
344
0
0
911
0
0
0
756
476
0
0
0
0
912
926
0
0
0
603
866
711
915
0
0
0
624
401
221
0
0
576
0
0
0
294
0
0
737
0
0
254
725
265
0
329
0
0
801
656
0
0
334
0
0
566
556
0
0
664
0
676
962
328
0
0
844
115
453
719
0
204
0
0
0
903
0
573
0
0
0
0
615
879
806
0
921
0
0
114
563
749
482
559
0
0
0
0
591
594
0
0
0
812
404
0
0
0
0
378
809
204
0
0
0
0
0
0
0
0
639
490
626
0
0
158
727
0
0
759
246
428
736
0
930
184
594
0
0
885
0
0
996
952
0
135
0
994
903
340
197
555
0
0
0
0
485
417
0
453
0
415
0
0
0
177
324
357
0
279
0
0
0
0
0
0
0
958
376
458
0
0
0
648
484
970
0
584
0
0
127
681
0
281
0
0
590
571
506
0
225
0
146
939
0
0
0
0
197
846
0
153
0
401
0
651
0
0
797
952
969
899
0
910
0
0
196
0
0
678
448
447
987
496
196
0
0
919
0
302
0
377
0
0
536
0
164
0
217
990
601
0
478
864
0
515
0
516
295
0
883
0
0
627
900
0
790
0
0
826
112
0
162
0
0
580
0
0
293
0
0
0
0
442
0
0
0
736
926
0
724
600
0
404
583
271
711
994
263
0
151
0
0
523
970
756
0
197
0
881
416
641
374
0
591
272
499
506
0
593
0
716
821
153
329
306
0
651
0
606
0
391
904
520
782
570
671
464
122
513
0
0
0
266
428
0
0
0
158
951
151
0
146
280
0
0
500
502
490
0
437
0
131
0
0
268
0
142
0
0
837
0
0
0
834
583
680
0
0
0
593
338
0
176
721
642
735
0
0
728
0
0
753
0
726
0
727
773
157
754
846
772
186
773
737
476
378
846
881
0
233
0
375
244
272
570
849
533
452
0
792
882
0
177
755
0
790
0
0
0
795
186
0
643
0
488
0
844
309
164
0
371
754
276
0
0
0
625
0
0
816
0
0
171
0
933
616
0
0
0
0
0
0
765
0
490
382
410
0
111
0
0
820
0
422
0
469
268
0
908
0
0
0
343
0
267
0
288
721
0
665
0
500
0
0
254
135
315
0
0
467
624
0
0
0
0
809
0
416
233
0
0
0
0
573
0
0
0
0
115
617
0
976
0
344
777
763
0
484
0
0
0
0
0
212
0
424
356
0
895
0
391
0
0
617
0
0
0
0
0
0
0
0
295
0
0
0
768
533
193
820
192
448
0
0
0
0
287
0
0
0
0
610
0
590
377
0
0
0
0
652
0
353
757
395
0
0
759
0
0
0
489
0
0
745
375
112
0
0
0
636
0
364
134
510
0
204
153
641
0
0
0
988
347
445
544
462
0
525
0
0
912
408
0
169
0
0
0
0
887
0
498
0
0
0
0
0
185
0
0
285
798
0
0
0
513
0
862
572
0
982
116
740
0
0
0
0
774
496
0
0
0
725
0
684
0
387
686
386
0
502
594
0
435
384
806
0
972
747
687
0
851
0
294
587
0
254
653
746
0
0
404
0
427
392
396
0
0
0
0
622
0
376
0
400
0
0
0
374
375
0
988
0
0
0
541
591
519
0
0
378
864
0
0
0
0
841
0
0
199
212
0
505
0
0
635
316
167
0
436
0
679
917
156
770
380
385
943
0
0
0
0
449
405
0
360
224
874
0
970
697
0
544
822
0
424
579
0
150
795
0
115
587
0
698
0
0
0
750
0
385
0
0
443
0
650
779
0
980
432
0
0
163
0
0
0
309
513
522
719
558
0
492
0
0
0
0
401
0
244
0
347
0
0
0
225
355
100
913
271
654
414
0
715
0
298
0
106
0
453
424
698
914
565
735
953
0
0
0
182
0
0
0
449
0
191
500
652
674
705
0
0
0
480
0
879
316
201
939
0
228
350
0
0
604
0
0
0
559
0
0
960
847
0
0
0
0
0
531
0
647
109
304
0
421
864
102
0
390
843
0
0
123
0
480
0
593
0
839
900
0
0
434
0
253
912
0
0
591
272
573
445
0
0
0
0
586
0
490
156
564
372
814
578
0
0
0
0
168
0
899
0
979
638
0
483
0
936
0
810
776
909
0
0
913
0
926
682
0
0
0
0
327
369
0
326
0
0
835
0
0
233
0
0
0
471
0
0
0
0
765
401
163
0
831
379
0
0
0
0
0
0
0
457
376
936
695
535
0
406
815
0
464
0
289
781
0
916
0
762
925
0
0
501
0
926
0
651
272
570
0
544
541
225
0
0
537
0
716
0
251
256
0
0
589
0
508
0
0
182
0
0
711
0
0
626
957
0
0
207
0
676
279
705
957
336
302
683
947
0
483
930
456
907
0
0
495
780
0
0
743
0
0
880
0
0
413
276
0
816
0
0
0
0
766
0
0
940
284
405
668
321
0
0
0
283
0
0
0
0
812
0
0
609
501
0
0
652
0
0
0
386
0
0
0
0
0
0
499
849
0
462
591
355
586
537
0
0
0
337
714
0
0
439
343
411
177
0
0
141
0
0
110
232
101
835
752
0
763
0
0
0
0
110
0
570
0
787
109
0
977
0
0
0
0
0
313
0
258
364
0
0
955
563
495
0
0
0
0
0
923
131
0
0
0
747
169
788
937
0
0
190
765
368
0
0
0
0
526
762
908
0
0
113
537
0
945
320
209
0
508
0
0
517
307
0
0
0
506
533
0
0
519
100
0
0
0
0
0
0
0
911
0
0
968
619
432
0
0
0
264
0
343
964
0
380
0
0
129
278
0
982
0
906
243
0
0
939
0
311
0
257
417
0
0
0
0
0
0
0
0
0
976
980
0
0
714
0
0
604
125
790
0
0
330
745
857
0
0
0
0
456
680
0
128
0
815
380
403
237
271
541
0
217
0
0
800
131
0
403
0
0
523
0
314
0
0
797
0
452
0
525
0
913
490
716
0
0
0
0
883
639
0
0
0
0
0
829
114
477
0
0
186
211
568
238
0
827
130
0
0
0
0
378
168
822
455
682
0
613
357
0
538
0
0
612
266
873
202
956
0
303
0
0
0
0
0
659
572
392
0
534
158
0
611
0
0
305
0
656
0
0
0
381
0
728
0
165
325
0
704
0
849
0
0
556
0
807
478
598
0
907
922
771
628
603
0
952
593
0
115
0
0
271
156
0
337
0
0
0
0
0
744
884
950
708
0
333
0
828
719
338
0
751
900
436
0
0
445
0
987
843
134
243
104
193
0
0
0
956
323
464
297
300
0
543
0
765
212
0
0
406
0
0
0
0
639
0
0
0
445
0
656
0
0
975
0
0
0
173
0
223
416
0
0
768
0
0
689
505
0
0
0
0
870
437
0
500
0
282
0
0
375
657
452
866
639
969
0
792
617
0
378
654
564
251
714
0
883
0
0
692
0
509
0
0
0
600
0
288
220
0
946
988
911
375
304
397
0
0
0
215
0
0
0
849
0
660
0
594
430
881
0
227
0
0
0
0
717
0
0
755
0
0
924
0
296
724
0
0
0
0
561
785
470
0
0
396
967
0
282
764
251
0
0
152
781
0
885
857
0
924
975
0
0
162
0
0
929
0
181
0
191
364
0
711
490
899
716
882
0
912
864
414
372
256
0
911
639
0
692
0
0
869
0
265
347
341
692
484
368
614
0
578
0
0
0
0
131
641
0
234
655
0
0
0
0
0
185
0
379
765
0
329
0
0
0
796
0
569
602
0
0
0
0
0
803
497
878
0
607
0
881
173
329
0
491
0
0
417
0
0
0
685
0
0
0
734
0
761
917
0
0
0
0
0
0
0
0
976
958
0
994
0
433
915
626
0
821
0
976
408
0
0
814
0
0
0
0
744
0
0
0
0
198
438
627
992
0
0
0
407
197
580
485
102
224
637
0
455
132
0
0
272
0
297
0
730
0
778
0
0
0
0
0
184
829
598
0
0
0
0
606
187
0
0
0
843
361
899
0
0
0
345
423
0
0
502
0
173
0
655
0
0
0
432
148
0
193
775
0
0
218
157
550
839
0
973
0
845
850
487
652
321
0
0
0
910
153
177
0
0
0
715
578
0
439
0
0
884
509
869
0
0
349
901
282
0
420
957
0
933
125
195
823
890
0
251
519
223
524
815
0
0
927
658
748
0
497
0
0
0
148
104
0
0
208
0
426
131
703
428
0
0
482
646
587
0
802
0
0
0
296
573
0
0
351
473
0
647
0
977
0
340
0
0
0
0
0
0
862
345
832
971
0
998
0
0
424
891
0
231
695
0
0
0
0
0
329
755
344
169
0
0
0
589
343
968
0
950
0
0
198
349
0
830
0
0
693
0
822
238
0
0
0
0
148
538
0
982
998
123
583
729
0
0
0
0
105
0
953
539
397
0
0
783
949
664
326
0
0
771
304
887
0
719
317
0
0
291
543
664
692
0
0
0
917
273
640
673
0
0
0
965
526
0
203
0
0
0
770
775
803
0
0
341
0
0
602
249
0
115
0
0
450
0
158
0
306
0
777
0
0
298
0
0
411
619
0
708
0
265
438
901
830
0
532
0
179
253
543
0
949
226
302
900
696
116
0
0
0
246
0
513
371
0
0
614
804
734
569
0
0
0
0
241
381
337
737
0
565
872
399
0
399
0
598
333
429
0
0
794
897
0
310
0
670
521
279
330
192
0
367
0
0
0
0
0
994
0
0
0
290
651
758
543
0
0
691
243
508
0
0
535
481
624
727
196
0
790
763
0
841
0
0
508
177
432
0
0
0
347
627
282
0
532
0
366
0
0
199
0
283
579
0
0
350
338
0
0
956
0
0
0
0
0
736
0
0
0
496
868
0
369
0
714
0
613
433
0
0
0
375
0
556
252
551
0
337
0
450
903
0
725
884
0
0
380
0
0
0
435
333
612
0
0
0
247
466
0
0
0
864
0
0
729
962
0
0
0
856
354
687
248
219
401
0
0
651
0
0
0
0
106
0
0
0
0
829
333
600
341
992
0
0
0
366
0
279
603
0
725
438
671
785
0
0
0
319
0
0
319
296
581
0
844
988
610
0
0
0
268
469
559
0
0
0
355
0
969
0
948
543
164
692
0
514
668
0
276
0
702
0
0
784
0
0
0
0
154
266
0
0
0
642
342
896
277
0
630
0
395
340
132
0
869
104
0
0
0
378
0
0
601
0
221
0
0
0
0
484
0
0
0
168
0
0
0
114
0
0
692
0
420
693
179
0
279
0
0
0
0
0
567
0
231
288
0
335
227
0
0
725
130
302
0
0
908
0
0
0
0
0
413
0
0
0
174
0
0
0
0
152
0
0
906
0
993
0
0
0
450
0
0
289
494
0
671
0
508
0
284
696
0
0
306
0
0
0
672
674
0
0
0
0
220
0
815
0
175
827
0
0
0
658
0
759
678
606
0
0
887
199
453
0
182
141
0
477
828
288
484
0
957
0
253
0
603
0
0
976
0
788
232
0
300
787
371
0
832
0
0
470
635
768
668
0
0
274
799
311
0
0
0
0
115
567
0
834
0
521
795
0
0
0
861
0
0
0
0
534
0
0
0
933
0
0
173
657
349
0
0
529
589
699
0
612
428
760
873
205
337
0
0
0
0
244
0
0
0
0
231
601
461
0
0
246
448
0
795
0
0
212
424
899
0
0
264
0
719
220
368
0
0
822
543
199
0
0
976
0
587
658
0
0
811
0
0
285
0
0
865
843
0
0
0
639
130
0
343
944
322
0
304
0
0
0
0
0
173
0
693
0
721
569
758
507
0
0
0
206
0
0
646
0
459
902
0
0
570
554
0
860
443
0
749
879
0
0
0
0
407
0
816
356
0
871
0
0
532
0
632
0
144
0
576
428
447
391
186
0
498
0
698
0
0
0
0
0
338
0
614
407
933
238
0
0
725
0
0
587
0
720
0
0
0
136
850
0
0
0
925
0
0
970
969
0
0
800
606
605
146
0
313
0
0
0
416
0
0
0
0
0
0
775
724
0
0
748
665
844
0
543
0
0
489
0
0
0
986
831
981
475
0
842
0
0
707
806
940
0
278
787
778
0
937
610
356
0
0
0
0
556
169
0
0
736
987
904
0
0
0
505
914
979
711
110
343
186
0
946
0
197
125
0
949
283
438
0
788
658
720
0
0
0
0
0
751
871
697
718
612
774
196
0
932
259
0
0
0
0
121
961
406
0
225
0
796
656
0
0
281
138
0
0
0
228
0
0
540
450
682
103
109
520
467
0
0
0
0
345
0
0
753
512
0
423
997
0
932
0
0
0
209
0
127
0
288
695
862
431
144
149
892
564
0
0
496
520
643
0
0
0
565
638
0
232
964
211
751
988
578
580
195
0
226
579
671
567
232
0
0
0
0
568
0
0
166
0
0
0
0
0
927
0
0
0
424
0
450
106
270
0
940
0
767
395
0
431
444
256
909
887
0
0
299
917
0
0
0
267
0
263
984
0
132
274
0
986
322
0
0
0
0
0
250
407
0
0
0
739
114
0
0
216
0
0
207
0
0
226
942
763
0
0
0
930
196
782
0
212
0
0
735
0
0
101
0
568
900
911
0
485
823
0
302
0
785
0
0
0
0
0
568
0
0
932
0
0
0
0
0
961
0
0
853
647
360
0
0
893
444
0
519
0
202
875
0
0
863
0
0
0
276
733
0
0
610
910
762
876
0
0
438
856
544
558
0
0
0
985
0
239
328
0
473
111
0
483
597
128
0
0
0
0
0
0
0
0
0
347
0
723
253
0
294
184
0
570
488
0
0
635
953
483
626
835
380
238
436
375
0
102
890
0
900
0
0
231
300
811
0
0
0
0
0
0
127
0
0
0
527
0
612
496
0
0
389
0
0
0
0
845
0
0
0
895
822
200
621
0
110
0
563
0
610
701
662
918
0
0
683
0
379
0
897
0
0
0
604
0
662
0
0
0
176
0
0
0
0
149
278
0
0
0
0
577
0
933
198
0
535
0
0
648
0
594
0
671
0
424
0
316
0
0
957
752
0
0
0
304
0
224
0
148
696
350
0
288
787
0
136
0
0
932
0
0
204
0
0
243
0
365
0
851
196
972
0
0
185
0
494
0
199
0
554
790
418
864
178
0
0
0
0
664
108
548
0
703
0
828
0
0
247
747
403
630
639
0
0
251
0
0
0
0
0
339
625
0
0
0
0
858
869
434
0
0
0
113
334
0
0
219
0
607
0
0
919
464
844
356
185
167
0
936
0
0
0
827
0
397
0
637
251
538
116
338
0
0
371
0
850
751
166
0
127
204
0
798
0
0
816
0
0
748
767
353
0
0
0
0
0
764
0
0
0
245
542
385
0
0
147
0
106
0
862
622
0
995
683
0
0
470
380
0
298
0
0
0
0
183
539
301
0
0
0
738
0
0
897
853
0
0
0
651
277
586
626
241
0
0
0
0
0
848
737
0
0
122
309
0
0
0
0
0
0
763
129
130
445
0
131
0
519
0
0
0
319
335
0
285
0
871
0
0
0
0
798
0
0
0
0
0
0
0
579
0
0
657
0
0
782
585
175
0
0
183
547
759
837
0
395
360
747
523
0
0
0
646
891
0
832
727
792
230
424
0
0
344
251
435
588
128
0
229
0
0
494
764
0
0
704
743
0
726
0
240
948
426
753
785
441
883
522
0
0
885
302
513
164
895
0
436
182
810
207
0
278
0
0
0
641
455
223
982
0
0
0
227
832
0
0
697
0
0
0
0
0
0
0
0
0
0
0
0
0
0
601
0
0
0
0
0
649
0
725
439
0
213
990
504
0
625
204
0
0
0
404
220
920
0
889
0
0
0
0
0
0
0
0
764
565
947
0
0
150
286
264
231
651
0
0
265
0
0
114
579
972
0
736
0
0
286
0
455
0
0
0
0
0
0
285
0
0
776
0
0
0
0
987
0
0
132
524
998
0
956
0
0
0
0
0
718
0
0
0
243
0
0
0
0
718
916
725
0
197
0
478
316
989
224
392
807
938
0
694
0
347
0
244
143
0
0
0
0
0
0
990
699
267
0
0
597
0
711
286
226
860
253
246
282
387
0
879
0
337
0
0
842
332
0
522
710
628
0
663
694
459
668
921
0
0
789
486
0
254
0
377
0
371
391
798
679
0
909
676
0
982
0
843
215
234
0
815
123
246
0
319
0
0
865
925
612
0
0
527
0
816
0
0
718
0
705
583
0
115
0
0
973
315
980
0
724
899
0
587
0
0
0
581
0
334
207
0
180
0
870
736
783
438
0
666
0
733
0
897
858
0
0
977
155
309
0
0
786
692
422
697
890
0
0
0
777
0
772
0
0
0
0
931
940
708
487
0
500
725
996
0
0
754
0
0
917
0
0
279
0
0
0
134
0
655
0
0
583
0
0
296
725
470
843
0
774
0
961
0
365
0
0
0
916
705
0
0
0
0
0
416
0
0
105
899
0
465
0
246
0
0
0
518
0
0
0
0
901
806
606
239
0
429
0
887
104
0
409
130
0
0
0
0
676
0
691
720
123
0
0
0
258
0
0
557
0
0
496
0
0
0
596
0
701
0
821
114
0
265
952
0
266
276
0
0
156
449
0
705
110
906
378
243
0
0
272
0
729
513
0
581
130
635
0
0
196
927
0
612
0
0
0
0
725
583
0
0
280
0
0
0
837
0
0
764
541
529
0
0
991
372
742
0
0
608
0
0
0
625
0
0
724
743
0
786
0
0
0
838
335
180
0
0
0
758
0
0
526
0
177
0
770
0
777
130
0
0
437
0
0
0
428
0
912
333
0
261
164
0
0
536
428
0
617
0
770
0
913
957
0
243
168
104
0
0
0
927
0
371
0
0
302
768
0
970
0
0
0
496
851
748
0
0
0
0
0
280
0
110
0
946
262
420
888
0
380
964
0
235
0
187
265
0
0
138
0
501
0
0
110
0
0
0
0
0
861
0
412
0
0
279
0
0
0
511
504
0
237
939
222
0
0
470
0
982
0
0
213
211
0
0
0
940
628
0
959
0
0
329
135
0
0
0
0
513
380
191
0
336
570
0
822
193
849
0
297
658
0
0
0
844
0
668
0
969
932
0
853
0
196
767
579
0
197
115
0
0
110
0
0
0
310
0
617
216
958
265
0
577
651
0
0
269
0
0
966
178
779
0
804
911
0
0
799
0
0
266
756
590
0
0
784
635
0
492
0
0
0
0
754
563
731
0
0
878
883
0
0
0
722
745
0
0
0
0
0
0
726
0
0
164
0
0
0
0
385
500
926
302
0
0
455
0
0
0
0
748
0
0
736
988
0
0
639
0
259
0
647
0
972
353
0
0
0
0
0
0
0
0
0
0
0
222
0
771
0
884
0
341
0
0
0
713
155
0
0
0
828
0
0
0
180
0
670
0
0
0
0
271
760
588
827
0
652
807
989
0
611
480
161
471
821
0
853
0
232
862
331
718
411
164
0
0
154
0
796
845
925
0
994
0
0
625
0
862
943
652
682
683
787
939
682
0
660
0
730
0
0
614
0
610
908
0
130
0
0
424
360
389
0
0
0
601
478
0
416
0
946
0
0
0
0
0
0
961
0
0
0
0
321
0
967
0
0
0
0
0
0
283
658
0
781
553
0
0
0
368
0
188
0
0
0
832
0
947
520
0
0
0
657
887
0
0
836
0
220
221
205
582
963
0
660
853
0
260
0
0
0
801
903
217
158
0
0
572
0
674
0
947
109
0
0
0
0
185
0
497
105
804
0
0
0
274
0
800
0
0
0
0
0
0
657
0
316
973
0
837
262
310
0
0
0
0
154
603
0
0
0
911
0
0
638
0
0
0
0
0
0
776
534
464
0
421
596
0
743
447
342
993
0
0
608
0
0
845
960
0
0
351
0
0
315
721
0
972
0
319
590
0
0
802
0
188
0
190
381
0
0
656
340
990
951
0
0
0
0
705
0
0
0
311
613
956
594
0
778
0
0
734
0
0
0
799
343
606
0
450
0
0
185
0
0
0
989
315
0
0
420
0
222
0
0
0
0
0
0
0
0
475
0
283
306
883
0
355
0
0
441
733
567
0
0
0
0
756
0
0
672
0
0
0
258
509
0
0
0
128
0
0
0
354
453
639
611
920
0
0
0
0
688
633
0
261
146
571
779
464
0
0
197
601
151
816
0
982
0
0
0
483
977
0
357
323
430
379
0
0
953
569
496
0
0
311
944
605
0
106
893
0
0
0
0
0
224
980
105
0
888
617
0
0
154
0
0
124
897
395
0
0
410
0
0
124
0
0
0
0
0
0
0
0
0
0
0
173
287
0
206
0
0
803
270
531
0
0
363
0
925
521
0
729
799
0
996
0
158
859
0
287
0
244
410
455
919
296
0
730
448
0
555
0
0
0
0
116
0
0
0
930
0
257
0
464
881
765
0
0
539
0
868
268
0
0
322
146
121
270
444
0
494
0
782
0
392
0
899
764
0
216
771
961
603
0
124
0
0
569
0
410
0
0
442
654
162
968
134
0
0
0
0
385
0
0
0
699
862
0
165
925
0
488
812
481
302
0
176
0
953
910
0
488
167
0
0
412
839
0
112
0
0
0
0
0
0
0
0
0
304
334
0
478
146
0
0
740
449
0
327
456
0
417
538
297
0
0
0
148
397
0
0
469
0
0
0
0
961
0
0
845
0
764
585
0
807
724
0
541
380
958
0
0
0
0
897
0
0
391
0
454
464
0
171
369
0
0
0
290
273
0
0
932
706
0
0
882
0
0
0
0
0
238
387
0
0
0
0
932
0
0
0
415
0
889
421
595
0
551
0
0
0
0
265
799
219
0
895
191
0
0
0
864
280
171
295
0
405
480
369
907
0
0
0
300
227
329
0
104
0
0
369
559
413
0
304
313
406
940
519
0
199
0
175
649
938
899
465
529
964
265
884
0
0
0
395
569
391
0
0
0
0
0
0
0
0
0
0
0
0
0
0
0
0
0
0
0
0
0
0
0
0
0
0
0
0
0
0
0
0
0
0
0
0
0
0
0
0
0
0
0
0
0
0
0
0
0
0
0
0
0
0
0
0
0
0
0
0
0
0
0
0
0
0
0
0
0
0
0
0
0
0
0
0
0
0
0
0
0
0
0
0
0
0
0
0
0
0
0
0
0
0
0
0
0
0
0
0
0
0
