0
997
490
674
627
346
69
316
283
75
910
591
449
764
403
960
34
524
784
333
61
299
498
87
398
75
227
93
46
884
866
448
900
682
640
537
544
354
831
643
380
924
554
458
952
961
808
119
919
382
975
157
137
912
429
762
170
898
81
284
694
283
970
252
783
563
161
218
238
422
139
136
963
411
117
458
879
607
617
908
174
488
641
896
458
6
684
12
253
23
660
761
330
603
631
209
313
258
282
229
997
0
731
74
542
835
811
447
417
461
227
774
468
115
948
880
590
824
395
1000
100
895
95
247
867
562
25
363
872
813
652
735
297
721
840
499
774
73
360
406
775
379
216
147
962
409
287
445
31
322
725
918
34
252
422
483
234
857
757
282
655
132
78
171
750
811
865
716
851
332
476
649
259
424
214
160
953
911
39
847
795
458
386
11
517
43
630
789
609
948
273
382
702
60
221
86
54
566
608
690
490
731
0
229
537
638
212
586
123
414
367
463
612
131
115
467
102
160
736
91
131
543
942
487
991
535
341
569
244
290
814
663
14
259
717
348
669
25
327
626
906
702
959
73
215
410
147
383
959
675
291
355
932
393
876
709
513
474
364
329
338
756
991
424
701
201
459
907
55
209
548
621
242
888
114
858
206
753
356
491
214
89
325
898
916
520
594
819
935
551
983
751
916
51
488
836
636
937
688
404
674
74
229
0
180
517
865
105
628
808
464
190
135
986
944
614
729
607
658
209
207
538
394
874
142
261
570
408
735
167
510
548
729
421
213
425
405
109
754
346
501
699
498
633
393
515
867
231
264
873
364
166
988
34
732
96
511
824
459
710
644
584
749
353
398
775
243
302
953
702
817
915
231
221
37
719
331
770
979
302
436
344
154
739
463
382
128
257
712
491
163
86
88
769
72
734
728
986
935
154
627
542
537
180
0
309
970
974
368
115
813
370
700
423
284
981
702
862
83
708
613
240
252
358
131
327
80
518
341
115
427
724
616
993
500
62
725
121
363
184
720
802
347
312
876
408
377
319
725
732
544
789
885
942
342
116
89
140
720
728
819
571
361
247
794
300
245
587
940
823
22
841
368
619
304
695
76
825
368
104
120
786
343
425
140
642
731
177
543
66
740
763
7
422
359
496
570
538
189
586
346
835
638
517
309
0
840
186
338
849
427
236
596
464
537
122
973
360
44
202
842
83
937
811
265
607
877
381
345
168
154
459
524
184
508
734
748
197
414
60
772
805
210
807
632
423
554
459
358
219
224
905
223
844
236
271
562
65
335
517
862
3
722
213
254
337
591
982
2
187
712
212
113
744
448
394
597
410
152
168
881
509
541
627
113
735
751
116
645
114
674
867
891
583
564
835
226
893
385
307
69
811
212
865
970
840
0
648
497
350
528
249
24
92
89
573
467
427
308
713
314
788
406
977
481
859
13
855
125
796
50
930
601
6
7
579
155
342
36
908
872
417
212
856
365
906
80
533
738
62
679
374
279
947
424
239
548
346
871
193
384
733
484
416
922
412
860
867
614
491
185
232
686
159
940
378
606
4
970
886
64
876
139
602
323
116
783
432
126
835
636
173
796
271
393
942
643
649
518
704
316
447
586
105
974
186
648
0
115
529
385
373
914
311
557
755
503
908
141
603
436
167
822
174
994
274
316
914
329
201
288
77
946
564
764
407
418
635
66
370
747
128
771
194
824
65
210
74
578
819
464
937
452
953
398
457
511
50
249
654
607
52
802
140
807
769
838
8
822
571
790
412
119
535
216
865
305
965
602
366
762
920
503
625
433
724
503
190
442
56
187
988
769
153
235
54
894
986
733
535
283
417
123
628
368
338
497
115
0
77
603
566
379
760
910
943
46
81
196
743
444
956
484
382
587
667
132
658
929
377
124
66
679
764
906
408
498
328
100
911
310
368
970
45
243
735
689
921
42
314
215
453
996
803
287
808
419
579
988
676
872
509
767
586
886
684
890
576
968
714
684
535
516
17
753
522
698
839
467
196
311
607
52
894
439
199
999
959
401
352
216
520
28
763
694
223
327
929
166
697
75
461
414
808
115
849
350
529
77
0
796
344
677
917
828
906
666
230
647
928
642
637
766
591
613
814
408
475
153
886
907
595
539
649
840
613
821
919
920
85
517
968
374
870
6
894
477
116
382
25
142
723
363
575
875
117
697
761
715
918
324
154
530
312
261
732
818
877
52
114
362
381
122
364
734
167
388
69
894
453
216
900
354
44
372
868
132
798
815
811
929
49
416
83
266
561
701
219
776
54
910
227
367
464
813
427
528
385
603
796
0
701
641
790
714
729
414
636
846
599
623
63
832
493
345
231
176
74
997
446
158
591
323
525
25
607
615
373
10
674
973
585
475
399
359
125
344
435
724
191
120
821
516
118
331
881
317
162
220
884
966
738
275
581
977
126
246
653
395
362
775
96
829
640
182
849
377
245
643
43
559
370
762
976
788
530
830
737
986
721
852
824
977
20
673
839
22
887
51
380
591
774
463
190
370
236
249
373
566
344
701
0
692
223
345
701
491
281
898
293
676
494
402
22
573
243
232
118
740
365
95
660
948
77
966
511
176
490
672
20
414
772
741
757
188
363
513
605
78
883
302
74
620
73
739
896
9
519
635
193
993
949
844
947
958
15
32
46
641
968
113
834
725
998
689
304
732
801
610
242
859
912
951
221
233
443
199
745
864
67
139
741
219
789
643
292
916
572
991
345
449
468
612
135
700
596
24
914
379
677
641
692
0
532
361
177
537
2
145
887
972
822
104
521
286
958
151
585
530
938
130
935
36
871
23
279
798
643
247
596
412
439
418
468
705
65
235
585
11
852
726
67
888
268
664
551
605
609
423
690
258
951
450
305
658
134
739
201
594
720
314
769
703
92
238
262
270
134
508
314
270
759
9
209
555
411
223
628
97
499
661
907
211
959
649
506
789
491
750
653
764
115
131
986
423
464
92
311
760
917
790
223
532
0
493
270
882
414
455
112
612
588
589
812
831
134
236
487
322
746
837
618
471
301
181
455
474
660
263
15
692
829
626
261
917
840
816
434
992
961
381
245
265
303
460
216
878
863
754
397
946
250
551
816
365
414
298
219
701
483
40
500
154
988
891
655
630
211
336
526
725
686
717
650
691
997
822
167
750
747
830
837
609
860
393
610
279
632
446
755
403
948
115
944
284
537
89
557
910
828
714
345
361
493
0
405
127
293
591
927
353
642
518
323
150
114
153
869
962
525
211
950
88
435
103
133
692
929
157
667
650
609
138
374
59
713
695
290
567
63
565
441
197
152
940
643
753
405
281
166
461
564
627
816
431
422
842
943
57
505
459
375
921
10
915
67
72
155
285
315
385
258
573
163
693
165
712
595
647
69
524
223
81
731
794
731
500
300
243
329
960
880
467
614
981
122
573
755
943
906
729
701
177
270
405
0
309
535
987
876
355
707
588
417
998
944
851
501
631
429
80
836
717
841
486
577
814
60
305
721
341
528
210
560
727
665
195
562
389
630
203
202
676
353
824
226
471
658
621
997
721
280
769
190
513
622
996
895
627
659
592
570
649
928
6
771
223
271
501
852
943
894
314
266
902
224
832
578
146
738
424
415
564
6
507
765
973
364
140
159
34
590
102
729
702
973
467
503
46
666
414
491
537
882
127
309
0
52
245
26
604
693
86
734
302
848
78
472
721
523
557
629
6
12
109
192
823
438
731
280
409
784
532
139
521
285
467
725
720
334
863
753
933
307
470
140
253
643
513
242
335
343
745
865
685
466
7
923
87
528
371
432
645
3
553
319
509
73
397
802
14
236
897
123
6
616
732
344
906
296
15
676
49
95
364
938
359
85
520
358
524
824
160
607
862
360
427
908
81
230
636
281
2
414
293
535
52
0
711
437
941
922
846
45
270
4
628
713
35
373
26
321
845
393
963
116
436
384
960
35
810
655
669
714
753
846
760
275
108
551
228
358
626
521
880
30
794
28
604
74
310
100
644
670
286
468
327
99
713
546
883
374
339
211
603
423
498
574
665
789
588
679
40
752
304
689
98
518
696
503
869
15
661
875
727
316
731
388
90
497
784
395
736
658
83
44
308
141
196
647
846
898
145
455
591
987
245
711
0
300
188
422
959
894
88
553
794
310
223
311
285
843
135
943
62
917
23
803
660
977
97
829
849
492
515
980
154
218
742
959
649
386
29
277
738
151
489
304
3
951
761
243
895
166
156
225
257
353
386
97
302
2
481
732
747
82
913
294
759
318
877
537
454
829
815
924
80
319
723
83
246
313
996
899
351
691
962
598
227
626
333
1000
91
209
708
202
713
603
743
928
599
293
887
112
927
876
26
437
300
0
810
747
91
731
573
597
323
403
818
608
331
336
678
867
986
183
809
143
499
546
610
977
243
598
789
176
409
944
417
527
845
477
501
916
53
952
321
664
825
292
481
616
626
588
14
261
639
93
910
196
512
334
621
408
997
35
946
878
853
742
487
185
333
78
616
889
17
8
881
79
55
578
143
226
675
485
394
187
803
222
61
100
131
207
613
842
314
436
444
642
623
676
972
612
353
355
604
941
188
810
0
21
981
696
211
619
328
871
370
194
14
124
546
162
575
441
836
815
709
487
936
709
117
681
632
198
193
865
197
415
877
752
623
35
759
5
879
20
726
180
129
880
191
148
2
370
422
53
598
726
575
338
80
698
773
198
126
88
457
989
527
659
319
503
570
488
518
59
359
357
49
116
980
360
848
410
505
726
896
988
299
895
543
538
240
83
788
167
956
637
63
494
822
588
642
707
693
922
422
747
21
0
142
755
870
666
653
19
522
923
373
583
600
514
300
603
907
27
767
140
116
142
525
327
147
849
304
72
744
695
857
291
336
499
175
386
372
682
241
645
845
513
134
232
764
243
710
271
448
671
209
603
770
257
968
478
945
35
203
4
986
10
480
974
622
868
596
511
977
354
428
340
691
917
10
797
46
120
329
228
498
95
942
394
252
937
406
822
484
766
832
402
104
589
518
588
86
846
959
91
981
142
0
828
716
416
638
834
351
299
502
543
813
542
466
824
259
360
228
981
984
931
566
98
1000
464
335
759
625
970
161
749
739
763
947
680
126
395
779
897
572
361
391
622
285
603
705
329
835
985
213
225
341
243
718
881
838
727
190
713
905
632
152
807
513
920
31
515
987
717
828
852
674
644
822
827
363
173
173
11
87
247
487
874
358
811
977
174
382
591
493
22
521
812
323
417
734
45
894
731
696
755
828
0
158
973
529
393
784
248
801
988
26
119
665
962
572
517
138
708
744
276
56
274
632
278
27
530
509
303
372
827
266
739
833
726
57
267
193
636
65
555
775
604
214
874
369
425
739
169
704
284
972
572
231
449
603
372
74
669
666
667
894
157
554
15
652
626
143
66
855
130
162
296
757
186
102
203
750
96
398
867
991
142
131
265
481
994
587
613
345
573
286
831
150
998
302
270
88
573
211
870
716
158
0
207
106
599
39
693
252
212
385
951
961
530
677
46
608
70
69
903
492
886
65
12
38
193
496
980
335
83
375
991
747
515
111
904
737
322
663
751
81
371
590
258
85
852
444
617
114
765
264
188
865
535
365
822
989
209
486
705
265
55
286
502
48
978
891
993
575
636
929
273
171
538
87
613
784
705
75
562
535
261
327
607
859
274
667
814
231
243
958
134
114
944
848
4
553
597
619
666
416
973
207
0
832
457
805
875
932
340
893
730
652
758
707
689
836
551
498
595
794
973
275
966
317
716
551
122
198
242
453
979
779
898
392
903
755
932
161
522
638
452
176
393
88
501
209
331
959
400
410
901
557
911
533
343
725
958
375
493
167
639
930
913
382
237
960
853
883
731
388
457
518
946
925
522
89
426
227
25
341
570
80
877
13
316
132
408
176
232
151
236
153
851
78
628
794
323
328
653
638
529
106
832
0
668
309
794
588
190
485
233
876
367
375
642
28
193
683
184
375
67
633
244
235
743
320
54
32
836
811
452
763
436
756
108
915
681
656
473
231
693
142
895
169
501
892
25
860
984
605
905
219
989
328
67
167
549
937
259
935
240
335
695
601
809
85
332
245
429
536
566
958
158
570
4
842
530
93
363
569
408
518
381
855
914
658
475
74
118
585
487
869
501
472
713
310
403
871
19
834
393
599
457
668
0
365
832
723
951
489
712
578
281
715
882
996
296
314
762
930
251
367
566
290
91
70
530
427
328
402
148
77
566
328
862
694
471
358
717
462
106
637
34
451
248
834
545
344
894
267
87
141
586
899
274
239
293
811
712
187
505
987
758
407
962
546
720
823
279
932
335
640
69
508
464
306
293
46
872
244
735
341
345
125
329
929
153
997
740
530
322
962
631
721
35
223
818
370
522
351
784
39
805
309
365
0
505
138
222
386
361
630
911
760
297
768
614
103
426
359
756
110
318
277
706
571
345
762
350
53
871
863
375
969
159
639
664
163
15
531
700
812
972
455
152
368
457
654
36
190
795
201
194
718
89
367
654
59
469
798
75
652
325
568
638
760
350
411
916
1000
493
716
141
873
530
249
300
884
813
290
167
115
168
796
201
377
886
446
365
938
746
525
429
523
373
311
608
194
923
299
248
693
875
794
832
505
0
7
563
566
275
318
24
44
676
320
882
737
845
711
600
326
290
531
507
339
350
712
576
498
240
480
418
967
309
297
69
476
100
939
825
75
303
398
964
454
416
225
485
254
782
727
98
986
118
878
174
515
933
626
554
614
816
29
205
573
21
930
774
534
12
329
687
175
773
260
872
866
652
814
510
427
154
50
288
124
907
158
95
130
837
211
80
557
26
285
331
14
373
502
801
252
932
588
723
138
7
0
843
124
900
166
145
115
231
110
554
684
242
988
224
430
550
660
536
16
735
645
342
747
169
853
979
647
715
539
189
332
67
482
30
409
630
586
494
632
198
302
722
375
696
29
145
241
70
513
313
92
793
830
707
77
913
556
861
563
128
165
197
46
812
367
163
661
238
407
169
448
735
663
548
724
459
930
77
66
595
591
660
935
618
950
836
629
321
843
336
124
583
543
988
212
340
190
951
222
563
843
0
141
906
412
347
498
180
294
291
72
966
484
322
655
128
608
500
778
76
290
49
364
246
594
89
304
262
771
541
652
47
143
874
172
311
628
948
290
303
803
414
503
618
836
901
484
569
641
988
318
365
629
144
21
808
703
766
676
579
607
145
308
810
223
136
22
432
997
230
900
297
14
729
616
524
601
946
679
539
323
948
36
471
88
717
6
845
135
678
546
600
813
26
385
893
485
489
386
566
124
141
0
942
655
432
259
461
391
192
116
708
39
333
522
883
799
771
426
557
651
907
955
425
517
73
911
546
570
474
979
131
799
740
901
347
445
91
819
205
179
109
802
475
103
808
141
465
508
847
944
313
368
382
377
670
619
283
712
234
696
564
659
519
938
431
172
826
408
104
682
721
259
421
993
184
6
564
764
649
525
77
871
301
435
841
12
393
943
867
162
514
542
119
951
730
233
712
361
275
900
906
942
0
321
642
378
529
237
269
9
870
846
607
318
154
480
882
221
817
566
759
27
499
230
640
155
595
690
104
974
937
587
201
290
585
452
899
959
320
872
583
764
367
964
263
922
426
574
944
643
257
233
169
367
5
580
898
961
84
156
692
24
424
492
921
482
384
456
689
640
840
717
213
500
508
7
764
906
840
25
966
23
181
103
486
109
963
62
986
575
300
466
665
961
652
876
578
630
318
166
412
655
321
0
293
279
104
15
399
29
550
487
966
580
272
362
7
552
287
605
679
787
219
904
793
959
21
682
776
526
334
732
351
535
193
174
718
654
79
47
112
435
835
205
751
498
418
815
931
624
124
451
150
397
925
261
924
405
281
213
474
428
316
75
283
580
81
418
96
537
499
348
425
62
734
579
407
408
613
607
511
279
455
133
577
192
116
917
183
441
603
824
962
530
758
367
281
911
24
145
347
432
642
293
0
29
524
551
168
368
188
819
714
443
574
323
186
436
928
499
848
594
863
420
422
576
614
677
188
805
137
975
812
537
350
425
480
595
711
672
705
917
407
325
313
824
173
947
891
195
642
729
370
210
74
68
670
110
969
12
272
38
117
133
840
647
502
368
804
544
774
669
405
725
748
155
418
498
821
615
176
798
474
692
814
823
436
23
809
836
907
259
572
677
707
375
715
760
44
115
498
259
378
279
29
0
396
818
512
527
564
363
224
549
535
306
865
393
844
325
266
940
932
614
316
589
654
697
306
420
574
816
896
160
107
579
850
738
256
252
48
896
51
253
977
375
429
143
878
545
807
710
596
12
452
763
327
728
840
380
297
207
565
202
641
989
938
42
607
354
73
25
109
121
197
342
635
328
919
373
490
643
660
929
60
438
384
803
143
815
27
360
517
46
689
642
882
297
676
231
180
461
529
104
524
396
0
445
213
593
884
941
781
258
945
871
629
465
782
473
691
17
456
66
354
317
741
420
328
950
615
134
491
242
845
117
637
299
869
108
265
824
195
602
703
754
612
817
943
363
226
762
669
92
584
84
407
824
238
480
539
900
639
932
666
870
520
801
433
831
360
327
754
363
414
36
66
100
920
10
672
247
263
157
305
731
960
660
499
709
767
228
138
608
836
28
996
768
320
110
294
391
237
15
551
818
445
0
951
64
469
885
498
932
566
377
906
520
714
590
951
937
407
948
431
444
508
417
616
301
175
810
585
202
646
291
700
532
455
929
516
128
770
34
805
918
423
940
734
86
632
708
261
225
156
214
860
987
215
24
538
816
137
14
287
144
368
61
593
643
406
626
346
184
60
908
370
911
85
674
20
596
15
667
721
280
35
977
546
487
140
981
708
70
551
193
296
614
882
554
291
192
269
399
168
512
213
951
0
514
223
878
212
404
680
332
297
950
831
962
795
663
370
232
655
423
98
827
191
454
587
532
214
966
520
783
216
832
884
584
421
769
549
764
486
85
423
299
623
552
863
464
592
289
774
98
115
296
431
881
986
131
181
932
550
353
423
880
466
380
775
906
501
720
772
872
747
310
517
973
414
412
692
650
341
409
810
97
610
936
116
984
744
69
498
683
314
103
737
684
72
116
9
29
368
527
593
64
514
0
958
1
295
636
319
164
202
301
559
919
982
614
798
316
382
212
790
945
887
867
36
70
221
729
44
105
357
535
310
610
161
435
76
848
540
66
772
554
855
772
150
73
865
784
63
91
883
475
453
720
473
589
979
133
788
964
12
752
577
924
379
702
699
802
805
417
128
368
968
585
772
439
829
609
528
784
655
829
977
709
142
931
276
903
595
184
762
426
845
242
966
708
870
550
188
564
884
469
223
958
0
374
279
435
512
792
104
606
368
672
706
865
559
629
386
777
569
214
688
402
19
980
485
70
630
875
128
309
526
716
968
109
741
197
368
598
796
731
423
472
221
131
778
83
483
625
236
362
743
96
843
182
847
562
591
642
172
381
748
554
216
959
498
347
210
212
771
970
374
475
741
418
626
138
210
532
669
849
243
117
525
566
56
492
794
375
930
359
711
988
484
39
846
487
819
363
941
885
878
1
374
0
610
983
609
474
862
877
417
525
446
264
39
381
621
716
824
942
26
18
332
107
206
697
747
585
44
586
457
902
715
230
354
415
8
543
111
600
931
989
890
639
587
205
997
42
521
438
23
469
22
665
127
698
523
806
886
657
651
458
147
73
633
312
807
856
194
45
870
399
757
468
261
374
560
139
714
492
598
681
327
98
274
886
973
67
251
756
600
224
322
333
607
966
714
224
781
498
212
295
279
610
0
900
576
835
492
515
562
560
75
628
446
817
751
462
592
509
631
255
567
316
919
301
753
300
561
653
915
357
272
873
139
381
920
272
901
990
498
934
80
220
148
203
947
284
869
965
817
273
220
700
39
424
772
889
496
673
405
952
962
215
393
876
632
365
824
243
6
359
188
705
917
59
727
521
753
515
789
632
147
1000
632
65
275
633
367
110
326
430
655
522
318
580
443
549
258
932
404
636
435
983
900
0
693
703
650
765
476
86
541
502
378
329
593
13
913
16
364
279
289
425
933
813
633
794
475
644
290
113
700
436
495
57
781
760
820
552
638
461
47
939
729
228
181
949
274
764
360
214
498
230
421
965
361
733
610
586
428
961
409
410
515
408
423
906
65
735
894
125
363
65
840
713
665
285
846
980
176
198
849
464
278
12
966
244
566
318
290
550
128
883
154
272
574
535
945
566
680
319
512
609
576
693
0
809
547
406
722
653
163
482
952
194
132
163
717
575
948
301
636
721
944
606
634
508
589
995
53
260
244
957
906
207
327
493
273
891
723
178
117
998
228
647
448
661
673
98
145
19
773
638
632
182
58
633
735
725
189
808
287
147
867
377
554
80
210
689
477
344
513
235
816
695
195
467
760
154
409
193
304
335
27
38
317
235
290
277
531
660
608
799
480
362
323
306
871
377
332
164
792
474
835
703
809
0
934
189
592
179
575
714
199
42
179
110
662
592
539
378
904
27
435
219
822
554
892
286
156
710
774
741
997
802
151
423
619
588
49
643
335
16
764
22
955
151
51
600
626
855
317
818
713
671
586
56
23
950
329
119
445
383
231
319
459
533
74
921
116
435
605
585
434
290
562
725
275
218
944
865
72
759
530
193
716
743
91
706
507
536
500
771
882
7
186
865
629
906
297
202
104
862
492
650
547
934
0
63
988
313
34
653
606
589
423
673
491
172
245
549
38
4
387
213
940
202
823
434
310
414
174
859
823
999
637
285
525
836
163
115
86
990
378
330
179
289
458
634
393
549
71
52
379
766
353
874
696
932
967
919
31
959
264
725
358
738
578
42
382
724
78
11
992
567
389
720
108
742
417
197
744
625
509
496
551
320
70
571
339
16
778
426
221
552
436
393
465
520
950
301
606
877
515
765
406
189
63
0
829
868
178
401
16
259
232
345
290
444
670
292
302
972
746
474
522
820
151
746
355
281
679
668
423
966
52
367
630
105
732
147
327
112
160
437
896
35
174
94
985
565
65
477
423
41
193
199
484
695
641
382
322
675
873
732
219
62
819
314
25
191
883
852
961
63
630
334
551
959
527
415
695
970
303
980
122
54
530
345
350
735
76
557
817
287
928
844
782
714
831
559
368
417
562
476
722
592
988
829
0
625
179
316
500
927
645
68
760
610
707
560
253
848
509
387
194
258
176
700
228
900
799
277
8
123
945
14
407
93
496
771
61
709
294
877
277
559
333
693
434
125
267
448
806
363
549
489
475
739
828
975
725
291
364
544
224
679
464
215
142
120
302
726
381
565
203
863
228
649
845
877
857
161
372
335
198
32
427
762
712
645
290
651
566
605
499
325
473
590
962
919
672
525
560
86
653
179
313
868
625
0
901
430
557
784
446
258
201
535
301
7
113
275
226
510
96
592
560
23
791
857
21
127
818
426
663
32
531
668
637
80
596
261
159
797
369
589
828
175
243
827
91
527
436
469
519
744
479
476
815
157
918
355
166
789
905
374
937
453
723
821
74
67
245
441
202
753
358
386
477
752
291
749
827
83
242
836
328
350
576
342
49
907
759
679
848
266
691
951
795
982
706
446
75
541
163
575
34
178
179
901
0
705
954
664
207
517
627
663
625
787
588
147
496
830
923
592
289
627
148
438
23
914
702
58
48
695
537
862
238
939
739
411
55
613
778
501
156
833
207
56
715
900
627
800
753
565
41
811
891
137
34
932
988
885
223
279
452
996
363
516
620
888
265
197
676
933
626
29
501
623
336
739
266
375
453
811
402
53
498
747
364
955
27
787
594
940
17
937
663
614
865
264
628
502
482
714
653
401
316
430
705
0
296
349
69
885
82
221
408
709
151
265
694
235
708
284
21
971
266
380
48
415
254
903
855
89
852
551
238
42
604
556
630
480
231
747
534
126
844
444
483
288
332
174
570
536
640
574
460
912
252
393
34
942
844
947
953
803
575
118
73
268
303
152
353
307
521
277
916
35
499
763
739
991
979
452
148
871
240
169
246
425
499
219
863
932
456
407
370
798
559
39
446
378
952
199
606
16
500
557
954
296
0
189
941
324
123
160
789
410
412
717
551
292
796
431
720
805
747
884
887
644
322
862
776
2
48
918
384
386
466
122
881
630
302
288
319
604
404
518
986
697
633
116
389
413
972
825
588
429
422
876
732
342
236
424
398
287
875
331
739
664
460
940
824
470
880
738
53
759
175
947
833
747
779
763
77
863
480
853
594
517
230
904
420
614
66
948
232
316
629
381
817
329
194
42
589
259
927
784
664
349
189
0
884
634
750
580
935
187
105
998
550
613
53
544
372
121
473
326
488
746
243
531
505
1
864
303
725
574
414
80
733
916
503
638
19
82
55
947
257
975
971
91
944
121
846
274
240
762
483
709
96
116
271
239
457
808
117
881
896
551
216
643
226
140
30
151
952
5
386
680
726
515
898
436
566
375
418
979
89
73
640
793
422
316
354
431
655
382
386
621
751
593
132
179
423
232
645
446
207
69
941
884
0
558
544
956
548
381
309
189
842
487
562
281
889
597
360
818
83
802
373
376
567
749
133
682
428
99
413
372
112
190
696
72
978
811
660
332
1000
679
865
157
763
555
877
641
663
170
234
513
511
89
562
548
511
419
697
317
9
605
878
753
471
253
794
489
321
879
372
126
57
111
392
756
328
969
967
647
304
911
155
959
576
589
317
444
423
212
777
716
462
13
163
110
673
345
68
258
517
885
324
634
558
0
933
795
698
727
846
757
872
385
652
682
542
920
599
872
503
521
785
584
464
494
451
936
732
813
847
432
313
288
631
947
942
75
552
680
184
982
715
741
751
634
760
470
398
898
857
474
824
140
65
346
50
579
761
162
519
609
863
405
658
643
28
304
664
20
682
395
267
904
903
108
862
159
309
715
262
546
595
21
614
654
741
508
98
790
569
824
592
913
717
662
491
290
760
201
627
82
123
750
544
933
0
857
34
200
17
458
209
314
626
384
54
482
744
93
845
637
685
302
376
945
955
120
64
665
712
499
49
430
923
307
23
116
735
92
580
66
724
595
501
797
373
153
365
81
757
364
459
720
335
871
249
988
715
220
635
423
754
281
621
513
604
3
825
726
241
779
193
737
755
915
694
639
297
539
771
570
690
682
677
697
420
417
827
945
214
942
509
16
575
592
172
444
610
535
663
221
160
580
956
795
857
0
123
584
805
35
860
862
211
556
719
782
961
661
538
503
543
407
398
815
268
726
390
407
649
423
597
702
905
460
457
554
814
489
378
274
219
417
839
884
455
976
151
284
282
329
710
728
517
193
654
676
918
884
193
690
397
166
997
242
74
951
292
180
645
897
636
322
932
681
471
664
69
189
541
474
104
776
188
306
328
616
191
887
688
26
631
364
948
539
245
670
707
301
625
408
789
935
548
698
34
123
0
860
854
887
829
494
182
106
313
56
836
162
16
978
185
740
453
681
678
663
374
905
754
553
197
311
577
448
386
108
918
386
637
913
605
95
285
628
376
912
749
694
655
338
644
819
862
384
607
872
324
966
993
258
946
461
721
335
310
761
481
129
845
572
65
663
161
656
358
163
476
332
652
979
974
526
805
420
950
301
454
867
402
18
255
279
301
378
549
292
560
7
787
709
410
187
381
727
200
584
860
0
926
791
846
416
919
641
460
725
380
388
539
890
162
35
25
680
628
544
283
282
130
970
475
534
828
93
556
231
823
525
265
220
22
204
809
577
778
629
747
283
132
756
584
571
3
733
52
509
154
738
949
951
250
564
280
343
100
243
616
880
513
361
555
751
522
473
717
15
100
67
47
131
937
334
137
574
615
175
587
36
19
332
567
289
636
904
38
302
253
113
588
151
412
105
309
846
17
805
854
926
0
764
559
221
426
287
509
564
58
337
302
544
295
729
362
48
335
36
742
602
93
762
406
238
57
548
542
73
275
589
664
571
335
580
613
97
284
141
503
970
78
991
749
361
722
484
802
767
530
275
844
450
551
627
769
745
644
895
626
191
134
391
775
81
638
231
462
531
939
482
143
799
587
732
975
816
134
810
532
70
980
107
316
425
721
27
4
972
848
275
147
265
717
998
189
757
458
35
887
791
764
0
335
866
128
156
461
532
684
739
561
207
30
589
29
471
892
8
158
90
289
646
220
253
715
585
281
4
520
258
60
111
570
277
115
899
753
665
884
252
171
424
353
247
213
416
140
586
312
581
947
305
816
816
190
865
670
166
588
148
232
622
604
371
452
693
106
700
825
30
874
740
201
351
812
896
491
585
214
221
485
206
919
933
944
435
387
746
509
226
496
694
551
550
842
872
209
860
829
846
559
335
0
934
353
42
43
549
497
888
873
123
951
352
156
435
483
288
920
757
117
32
330
210
712
947
233
720
210
484
976
526
248
850
225
547
342
92
355
783
750
701
398
794
254
922
807
886
261
977
958
658
365
431
513
685
286
156
14
2
764
285
214
590
176
142
637
812
75
409
172
901
290
535
537
160
242
202
966
729
70
697
301
813
606
219
213
474
387
510
830
235
292
613
487
385
314
862
494
416
221
866
934
0
951
86
188
329
850
6
448
542
118
303
650
770
574
100
568
538
105
749
273
335
323
264
861
356
574
23
917
960
487
231
942
56
775
836
846
563
811
201
775
300
337
412
769
684
732
126
15
134
414
422
622
466
468
225
261
370
243
603
874
258
393
895
34
972
303
630
311
347
585
193
350
107
845
646
520
44
630
747
753
633
634
822
940
522
194
96
923
708
796
53
562
652
626
211
182
919
426
128
353
951
0
352
436
125
748
900
893
782
455
390
124
685
584
738
468
132
600
171
77
923
262
670
542
581
468
262
622
120
948
726
166
361
979
941
308
161
865
459
243
245
591
860
838
890
818
246
32
739
298
842
996
7
327
257
639
422
710
705
369
85
88
169
451
455
398
586
628
445
452
174
425
579
117
291
783
105
875
585
300
794
508
554
202
820
258
592
592
284
431
544
281
682
384
556
106
641
287
156
42
86
352
0
240
243
536
738
80
395
541
459
252
514
374
399
130
629
283
960
868
85
83
636
75
868
953
39
939
869
91
632
15
366
525
774
9
218
716
907
302
587
982
867
8
576
877
653
46
201
219
943
895
923
99
353
93
53
271
329
425
852
501
501
248
152
964
494
948
91
899
718
480
850
637
700
216
357
128
44
561
475
589
892
823
151
176
560
289
21
720
372
889
542
54
719
313
460
509
461
43
188
436
240
0
259
212
845
118
849
571
972
976
756
315
509
521
400
998
447
726
831
168
463
774
475
879
485
776
554
513
313
285
510
941
403
170
238
851
55
953
940
2
614
822
968
52
395
641
594
701
57
627
87
713
386
910
598
448
835
739
444
209
892
834
368
454
632
290
819
959
654
595
738
299
532
832
535
309
586
653
644
995
286
434
746
700
23
627
971
805
121
597
920
482
782
56
725
564
532
549
329
125
243
259
0
988
196
684
823
241
337
124
123
537
639
307
131
132
265
761
79
639
424
412
472
536
63
149
163
124
416
509
129
130
995
579
422
332
209
702
823
187
491
571
714
114
362
968
720
483
505
659
528
546
97
196
726
671
985
169
617
331
25
545
457
416
198
303
205
320
79
711
256
869
455
884
310
526
457
915
290
53
156
310
355
228
791
148
266
747
473
360
599
744
961
836
380
58
684
497
850
748
536
212
988
0
895
903
56
242
818
80
623
460
542
349
605
869
373
931
787
270
418
847
991
337
991
97
29
16
720
523
144
778
555
973
139
476
548
817
22
712
185
790
684
362
775
113
314
40
459
592
371
883
302
512
575
209
213
704
114
959
860
344
654
225
302
803
179
872
47
672
252
108
929
584
610
716
902
357
113
260
710
414
281
900
857
438
380
884
326
818
872
93
661
162
388
337
739
888
6
900
738
845
196
895
0
699
774
651
447
432
185
737
173
448
671
615
595
430
216
585
279
177
875
975
242
299
428
385
145
115
822
793
995
739
136
649
621
915
841
212
232
412
535
381
96
834
769
500
375
570
432
374
2
334
338
603
225
284
765
400
984
894
36
485
722
414
109
583
112
705
48
265
516
421
161
968
715
272
700
244
774
174
679
799
21
23
48
887
488
83
503
845
538
16
539
302
561
873
448
893
80
118
684
903
699
0
366
265
612
177
881
618
193
784
96
540
84
193
930
325
770
188
915
325
855
75
246
292
188
207
467
945
50
909
963
259
242
231
368
113
686
119
516
122
829
725
703
154
921
649
645
339
481
621
80
770
341
972
264
410
605
267
190
254
375
503
802
764
435
917
896
824
128
769
435
109
230
873
436
957
741
859
668
277
127
914
415
644
746
802
521
637
503
978
890
544
207
123
542
782
395
849
823
56
774
366
0
800
567
964
24
773
27
357
477
338
463
483
371
200
950
477
997
837
681
51
266
700
472
61
740
530
109
589
411
424
888
221
619
744
159
535
17
364
640
998
92
988
10
928
3
211
732
408
698
257
243
572
188
901
905
87
795
782
696
618
475
367
835
407
51
195
770
549
76
741
354
139
495
906
997
823
423
8
818
702
254
322
243
373
785
685
543
185
162
295
30
951
118
455
541
571
241
242
651
265
800
0
235
895
191
239
876
365
265
551
431
783
836
130
272
781
419
180
477
807
35
176
201
461
221
900
148
880
117
214
114
37
304
448
940
216
753
734
182
689
238
891
915
6
553
603
747
997
773
968
718
231
865
557
219
141
201
727
29
836
103
964
205
325
253
602
34
764
848
197
415
381
57
207
802
999
966
123
426
58
903
862
531
376
584
302
407
740
35
729
589
352
303
390
459
972
337
818
447
612
567
235
0
844
561
904
611
766
153
785
996
125
129
782
774
294
666
743
178
520
321
544
870
57
204
117
466
775
458
160
858
719
695
394
378
865
522
167
849
304
262
655
67
771
319
423
82
35
198
478
881
449
535
911
989
586
194
98
145
901
808
263
751
313
977
703
805
486
540
368
8
920
781
327
151
637
52
945
663
48
855
776
505
567
464
376
398
453
25
362
29
156
650
124
252
976
124
80
432
177
964
895
844
0
580
639
565
911
881
279
101
581
315
426
351
483
625
98
769
226
130
371
237
341
962
741
803
319
879
953
206
331
76
597
606
305
698
388
377
732
270
630
72
223
509
498
913
946
126
945
838
603
365
533
328
899
718
986
241
484
141
922
498
824
375
754
918
85
66
598
543
272
760
493
423
285
367
14
32
695
89
2
1
749
494
945
815
681
680
48
471
435
770
685
514
756
123
623
185
881
24
191
561
580
0
376
303
511
92
568
68
876
813
199
928
771
619
810
590
229
148
980
84
393
722
436
27
992
607
911
753
770
825
410
4
965
839
69
245
801
134
211
155
271
73
574
294
878
88
35
727
372
822
343
67
274
89
118
70
569
465
426
418
173
429
612
423
423
772
796
111
901
820
273
619
525
630
407
531
537
852
48
864
133
451
955
268
678
628
335
892
483
574
584
374
315
537
460
737
618
773
239
904
639
376
0
248
668
22
5
715
303
530
984
430
393
985
766
605
280
982
185
17
896
377
902
450
327
617
39
356
979
368
152
970
602
467
894
643
610
508
336
285
501
397
665
759
853
457
203
190
74
989
725
167
239
367
878
513
641
508
574
815
947
143
817
940
299
554
731
600
990
552
891
588
836
105
93
668
862
551
918
303
682
936
120
726
663
544
36
8
288
100
738
399
509
639
542
173
193
27
876
611
565
303
248
0
320
994
524
574
336
350
907
893
518
383
212
794
506
601
245
905
572
654
608
975
682
908
847
491
302
104
168
886
366
196
453
43
242
314
526
315
852
802
789
318
742
989
4
713
669
209
958
549
293
654
174
313
988
847
944
931
891
878
943
734
623
855
423
931
498
638
723
49
163
732
496
637
238
238
384
725
428
732
64
390
374
283
742
158
920
568
468
130
521
307
349
448
784
357
365
766
911
511
668
320
0
916
531
564
813
701
551
622
991
805
576
280
699
876
369
98
38
528
865
222
556
174
795
214
436
120
881
64
762
311
216
559
859
270
725
385
943
14
588
877
487
527
986
905
666
486
375
937
811
59
515
92
318
944
643
624
195
545
363
86
552
772
472
989
934
461
178
643
115
147
771
80
939
42
386
574
99
813
665
407
905
282
602
90
757
538
132
629
400
131
605
671
96
477
265
153
881
92
22
994
916
0
412
51
704
140
8
729
428
906
543
799
312
958
842
321
928
211
136
476
665
488
458
89
344
786
509
876
920
607
900
370
912
759
686
258
894
236
679
537
185
659
10
632
667
705
493
259
712
469
933
793
365
313
257
124
642
807
226
632
863
150
221
890
80
47
117
335
86
327
61
596
739
604
466
414
413
847
712
649
754
130
93
289
117
105
600
283
998
132
869
615
540
338
551
785
279
568
5
524
531
412
0
950
169
712
843
553
894
340
236
405
655
517
168
956
626
145
12
914
14
641
386
325
154
343
541
139
503
52
354
762
951
9
717
573
314
897
40
454
333
319
480
152
894
265
167
935
187
798
626
830
629
368
233
451
729
710
762
708
464
73
131
639
220
939
998
16
990
112
709
261
411
556
122
80
372
432
499
423
553
970
762
646
32
749
171
960
447
265
373
595
84
463
431
996
101
68
715
574
564
51
950
0
258
960
19
192
72
638
125
884
903
25
832
115
117
445
104
197
645
896
11
898
739
425
627
602
625
894
44
976
221
209
650
163
266
123
752
829
78
503
974
807
157
55
639
240
505
75
554
707
144
382
169
150
370
596
669
261
592
865
778
587
148
729
228
764
378
160
294
159
55
630
881
733
112
313
49
597
197
475
406
220
330
273
77
868
726
761
931
430
193
483
783
125
581
876
303
336
813
704
169
258
0
3
599
778
693
450
555
976
380
859
779
803
774
868
639
868
742
458
517
916
463
140
113
323
433
439
372
788
233
555
691
693
902
6
304
815
616
570
622
513
554
286
930
335
987
652
614
77
21
377
367
397
210
12
92
225
289
784
83
205
203
228
647
22
330
437
877
797
613
480
630
916
190
288
430
702
311
534
238
253
210
335
923
85
831
79
787
216
930
371
836
129
315
813
530
350
701
140
712
960
3
0
664
506
340
753
132
631
371
344
748
891
512
993
693
474
298
6
43
520
382
642
735
116
724
199
868
530
443
411
997
165
224
616
689
924
889
488
868
920
15
502
913
695
758
325
816
913
808
670
5
925
74
452
584
156
774
63
483
997
947
181
448
955
179
896
277
369
778
231
302
503
696
631
923
905
577
828
57
715
712
323
262
83
168
639
270
585
325
200
130
782
426
199
984
907
551
8
843
19
599
664
0
615
213
36
71
107
13
267
525
131
693
835
172
384
136
684
630
594
128
731
751
783
503
999
132
830
199
223
822
712
832
732
98
80
17
518
596
31
652
48
382
601
407
568
29
556
703
619
580
261
68
763
84
214
98
91
625
42
284
949
661
151
289
35
559
589
501
747
288
638
72
947
307
460
448
93
548
585
947
264
670
636
463
424
418
279
770
950
272
774
351
928
430
893
622
729
553
192
778
506
615
0
834
157
566
423
554
463
752
196
544
218
56
422
215
12
789
819
257
177
116
432
190
959
798
737
745
628
167
595
578
344
518
319
8
59
511
515
626
978
237
809
962
638
205
861
766
283
898
924
670
327
407
860
115
883
236
521
869
274
673
51
458
174
333
828
156
534
319
19
978
942
23
457
386
556
542
281
233
861
542
75
774
412
847
177
188
477
781
294
483
771
393
518
991
428
894
72
693
340
213
834
0
819
193
610
316
461
610
146
305
52
984
338
835
253
609
935
712
543
645
126
442
401
815
986
864
97
750
647
146
906
696
723
881
359
977
987
143
891
960
85
546
760
573
563
676
712
961
405
110
728
824
987
296
475
362
438
965
764
98
600
634
94
693
175
833
126
604
82
811
75
116
554
108
231
73
4
720
356
581
868
475
472
991
875
915
997
419
666
625
619
985
383
805
906
340
638
450
753
36
157
819
0
391
93
410
612
100
117
713
754
533
365
390
23
948
551
491
66
114
835
56
352
811
721
67
499
747
69
738
296
503
83
79
357
354
717
66
993
853
332
720
350
21
128
579
234
84
281
969
840
238
215
431
453
743
23
817
360
145
626
393
985
434
243
207
844
404
55
660
552
735
814
918
823
275
520
210
574
468
953
879
536
337
975
325
837
180
743
98
810
766
212
576
543
236
125
555
132
71
566
193
391
0
675
176
858
447
327
555
822
905
827
76
660
273
983
163
740
674
636
187
216
929
852
139
661
830
524
424
15
869
246
55
49
428
828
855
575
883
245
823
411
930
165
607
696
156
213
12
380
480
24
881
720
96
469
273
214
19
855
549
565
125
827
56
444
518
947
332
680
92
489
386
525
589
258
484
23
262
39
485
63
991
242
855
681
477
178
769
590
605
794
280
799
405
884
976
631
107
423
610
93
675
0
499
698
769
903
812
407
503
920
374
761
382
751
86
763
867
173
988
520
49
824
741
907
837
223
415
676
15
313
578
116
340
852
130
636
731
429
279
916
774
197
145
564
692
474
272
297
539
538
986
473
843
22
220
498
773
317
71
65
267
91
715
483
986
257
1000
184
580
378
637
265
664
60
976
917
622
939
776
149
97
299
75
51
807
520
226
229
280
506
699
312
655
903
380
371
13
554
316
410
176
499
0
232
27
551
923
919
87
504
832
330
702
916
88
7
891
796
769
28
416
977
219
211
609
81
564
49
661
996
143
980
691
674
162
929
388
536
932
1000
534
46
308
659
24
428
38
207
900
816
131
589
182
665
700
230
638
818
52
477
448
527
900
288
697
975
679
982
66
274
913
220
571
111
526
960
120
869
554
163
29
428
246
266
35
321
130
148
982
601
876
958
517
25
859
344
267
463
461
612
858
698
232
0
307
541
740
952
793
648
734
603
60
51
769
422
583
271
153
763
83
20
789
959
860
731
6
95
875
899
226
360
917
644
296
273
457
566
335
493
12
812
810
519
424
316
117
565
639
137
181
979
847
127
39
421
632
713
379
423
806
436
627
332
633
971
865
715
724
219
605
22
335
570
248
487
948
91
513
124
16
385
292
700
176
544
371
980
185
245
369
842
168
832
779
748
525
752
610
100
447
769
27
307
0
984
76
643
812
766
792
631
221
488
72
359
564
393
235
694
266
673
643
649
393
794
507
364
727
351
675
848
10
822
757
171
518
958
640
716
329
367
223
938
492
75
133
202
932
14
932
133
562
698
424
965
182
671
766
41
363
469
800
174
116
91
157
741
595
417
95
204
580
277
850
231
726
632
313
416
720
145
188
472
201
870
237
84
17
905
98
321
956
115
803
891
131
196
146
117
327
903
551
541
984
0
832
306
80
661
553
209
86
836
734
496
835
942
54
223
561
839
292
506
610
731
765
938
316
691
485
410
797
827
186
538
946
158
69
141
687
163
136
431
921
283
840
641
666
287
550
788
591
523
772
361
58
586
353
193
549
519
753
570
389
944
763
751
501
839
285
809
613
115
225
942
166
15
285
509
523
115
207
61
461
57
341
393
896
572
38
928
626
117
774
512
693
544
305
713
555
812
923
740
76
832
0
847
763
510
598
313
54
636
728
570
226
643
894
327
701
22
916
789
279
500
973
359
731
962
394
505
46
363
102
87
925
570
508
873
175
661
22
172
482
580
647
989
870
144
353
964
642
806
889
733
633
56
874
199
489
744
565
536
413
121
555
634
797
884
628
577
97
899
547
56
361
366
510
129
144
822
467
740
221
204
962
722
377
654
528
211
145
445
868
993
835
218
52
754
822
407
919
952
643
306
847
0
433
175
469
258
566
937
986
538
893
649
986
929
219
887
572
491
632
300
364
85
388
598
187
726
120
173
203
613
522
4
464
530
773
238
432
826
384
81
502
938
520
368
423
12
172
886
496
610
735
23
696
484
475
479
41
640
972
846
877
760
373
455
376
778
284
753
342
775
979
525
941
130
778
793
945
530
900
117
741
436
902
608
865
136
12
104
639
693
172
56
984
533
905
503
87
793
812
80
763
433
0
940
508
282
608
688
935
189
385
518
733
166
776
51
991
750
446
243
140
520
90
227
803
896
329
173
750
784
89
842
306
249
260
407
997
408
456
418
368
42
801
61
880
752
381
657
673
586
725
950
932
695
739
476
811
574
825
274
641
470
153
976
912
629
141
665
92
836
941
774
403
995
555
995
50
109
148
466
803
27
450
975
222
476
914
197
868
474
384
422
338
365
827
920
504
648
766
661
510
175
940
0
779
229
690
404
154
586
307
704
535
697
54
380
345
653
755
329
159
358
497
626
222
988
228
11
96
705
426
530
293
300
872
169
230
104
689
96
804
607
433
593
466
577
748
651
405
428
189
329
967
641
828
815
891
460
588
240
663
398
365
151
749
747
503
884
355
846
308
9
170
579
973
739
909
589
880
775
319
992
327
682
556
665
14
645
742
298
136
215
835
390
76
374
832
734
792
553
598
469
508
779
0
