0
0
0
14
0
21
1
0
574
1
0
0
0
24
18
0
0
671
0
0
68
12
10
0
346
0
0
0
1
154
1
1
0
0
0
0
0
0
8
932
809
0
2
0
0
1
0
1
0
0
23
389
114
0
482
37
0
0
34
3
0
0
613
42
3
0
661
0
40
0
0
1
868
0
228
1
1
11
887
0
0
344
0
35
542
278
1
675
0
2
0
165
0
0
0
453
3
537
0
0
0
0
0
0
3
0
6
0
5
0
375
216
907
0
422
0
202
0
714
0
1
15
0
8
35
428
0
0
387
0
0
1
44
0
0
0
0
2
3
185
1
0
0
0
0
560
0
446
8
0
0
830
954
810
0
0
0
0
13
3
194
8
867
162
15
5
0
14
0
0
1
633
215
1
133
34
0
0
0
0
0
1
13
188
713
0
0
1
0
1
0
1
0
18
0
0
0
0
993
386
0
0
0
1
715
3
48
15
0
2
0
415
0
647
0
7
0
0
0
1
23
325
0
923
0
0
0
10
205
0
0
0
0
623
0
5
0
3
0
0
0
0
83
967
0
0
408
0
0
0
92
1
561
0
1
1
0
0
40
11
514
4
0
0
1
0
0
0
254
0
823
0
0
0
0
41
0
71
1
628
0
1
1
158
0
45
0
0
54
251
108
21
1
67
359
1
610
0
0
0
14
0
1
0
30
1
0
0
0
0
0
0
281
108
0
2
0
916
0
0
2
0
1
0
224
0
0
56
0
0
121
18
0
0
48
42
0
0
345
194
0
0
0
0
0
2
0
1
861
0
763
0
28
391
0
167
842
282
0
0
0
0
0
67
0
0
1
786
0
0
76
276
2
0
0
1
0
0
21
953
121
0
362
0
25
0
14
1
0
823
2
0
0
459
0
11
0
0
0
0
0
3
715
30
0
2
1
416
0
1
79
542
0
0
0
30
0
0
87
0
563
0
0
0
24
358
0
1
0
1
0
240
0
9
390
26
0
1
0
1
0
345
0
70
0
0
0
0
1
1
229
2
0
2
0
0
0
0
0
1
11
0
198
0
1
0
42
51
0
0
5
0
1
0
0
374
0
13
92
0
0
0
0
389
0
743
0
33
587
1
768
0
0
417
0
852
30
0
261
0
21
0
3
1
2
0
0
499
0
1
34
179
0
0
0
1
0
0
0
1
11
0
40
0
18
1
0
906
0
1
0
0
27
0
1
40
11
0
962
0
0
283
1
0
0
317
0
0
0
0
454
0
219
72
0
0
0
41
0
1
0
30
1
0
584
311
3
0
0
335
0
10
0
315
0
0
0
0
0
1
0
30
363
0
920
0
414
561
222
0
378
170
366
4
0
0
0
44
0
0
1
6
48
0
1
0
0
5
0
749
103
0
0
0
11
0
41
7
0
91
0
0
0
5
1
538
0
0
0
0
0
378
0
0
0
0
0
0
0
0
0
55
0
709
0
0
1
0
2
0
0
0
0
0
0
1
10
0
1
1
28
0
0
241
0
0
0
0
0
9
0
550
0
13
0
108
1
204
0
0
261
0
0
0
0
3
0
390
8
0
0
10
0
1
0
1
337
0
0
23
0
0
15
0
416
499
5
0
0
130
540
0
0
0
454
35
0
57
0
240
31
0
0
0
250
0
0
0
236
0
0
0
33
19
899
63
0
0
1
2
0
325
0
101
24
0
0
51
0
0
0
6
0
4
50
25
0
563
227
537
0
0
6
58
0
0
462
48
0
3
1
160
838
437
0
0
29
0
0
0
565
0
149
0
0
251
0
0
35
0
96
0
0
3
677
0
9
50
0
226
574
5
0
0
0
0
0
0
0
121
0
0
3
8
207
13
0
0
8
0
0
216
0
623
0
1
0
28
0
0
1
0
0
0
601
0
0
88
411
1
3
1
74
548
9
0
33
318
0
0
2
1
926
1
0
813
33
0
847
2
0
0
12
0
431
0
103
0
782
383
159
0
15
1
0
0
240
2
59
555
0
58
183
221
0
343
862
0
0
2
0
0
0
0
0
0
0
0
0
88
1
0
2
0
1
1
749
130
121
0
0
0
0
537
261
0
349
1
0
10
0
0
0
400
1
1
0
1
304
15
243
0
0
75
78
0
371
0
163
107
661
0
346
0
590
27
0
0
0
0
0
0
615
0
350
0
157
0
167
0
1
0
0
0
0
38
947
0
186
0
1
3
0
12
92
0
0
0
5
0
0
53
107
0
272
0
0
48
523
679
0
5
0
0
0
0
20
0
367
2
0
375
0
0
79
34
103
540
0
0
0
0
0
490
0
0
4
0
0
538
0
366
1
0
0
0
0
416
0
0
0
4
312
0
955
0
56
0
270
66
0
15
1
1
0
0
284
219
237
184
0
1
0
0
0
0
0
921
28
0
0
6
9
0
0
178
0
0
0
4
163
3
584
562
32
0
0
0
0
722
0
0
0
0
0
80
559
0
1
58
685
1
27
1
1
0
175
0
1
410
0
216
415
0
542
179
0
0
0
0
0
0
0
0
0
0
0
797
10
457
463
0
245
1
0
1
0
0
1
4
0
0
1
371
0
28
163
213
0
0
1
0
0
442
7
698
214
0
0
72
0
0
252
0
185
1
0
0
0
1
1
0
0
0
0
0
0
0
0
10
0
0
0
0
84
0
0
53
49
0
115
98
113
0
0
516
0
0
670
0
1
4
2
0
561
0
0
210
0
99
0
907
0
281
0
0
0
0
3
0
0
0
0
0
0
0
0
3
0
2
859
0
0
421
1
0
0
0
0
416
0
53
29
0
0
0
0
0
413
509
1
0
211
0
28
0
0
0
0
6
163
0
87
0
0
0
36
57
2
1
0
0
316
99
0
1
439
173
0
16
5
10
704
1
1
1
155
0
78
0
0
3
305
1
0
27
3
476
0
0
0
0
532
283
915
0
89
89
0
0
24
0
647
108
0
0
0
0
8
537
490
0
0
0
0
6
0
0
0
0
0
59
433
0
1
27
0
0
7
1
749
0
0
467
0
1
0
0
0
3
546
0
1
298
160
0
974
0
1
1
0
434
0
1
353
0
0
0
0
0
1
683
5
525
1
0
248
0
899
12
143
337
403
0
0
0
1
170
0
0
0
26
0
0
138
8
1
0
8
0
0
23
612
832
136
118
0
0
1
299
18
422
0
0
0
0
11
454
207
261
0
0
0
0
0
0
0
410
0
0
15
8
0
14
429
0
0
42
817
775
0
0
0
0
421
4
0
205
66
20
167
479
19
1
0
449
163
203
182
550
0
0
0
0
0
1
49
0
0
0
239
7
1
6
0
0
0
0
0
0
34
0
1
222
0
0
0
0
0
0
0
0
0
136
0
3
0
209
0
498
260
0
0
0
247
130
0
508
0
0
0
0
7
2
30
1
0
35
13
0
0
0
0
6
0
0
0
22
0
774
14
0
0
61
0
0
0
0
18
1
0
2
328
15
0
3
0
2
332
1
125
58
117
461
0
0
0
0
0
0
0
130
0
345
0
0
20
0
0
0
0
0
173
0
0
0
0
8
409
0
0
0
0
0
1
0
143
44
0
11
40
1
0
1
0
1
521
0
0
0
46
1
1
0
48
425
0
0
1
290
0
202
0
0
0
0
41
0
0
349
4
0
0
0
0
0
0
0
257
6
274
739
0
0
265
0
0
0
1
1
0
0
0
3
3
112
0
0
42
7
67
170
1
55
91
554
0
0
0
1
0
63
0
0
133
756
118
0
0
0
31
0
0
0
0
0
920
1
4
42
0
88
0
0
2
652
1
56
1
0
0
0
471
0
205
0
0
0
909
0
1
0
26
121
0
69
0
0
0
0
671
0
0
916
0
0
7
57
0
1
0
797
3
0
410
22
0
0
10
3
0
0
2
11
278
0
0
0
9
0
0
31
1
630
65
285
81
364
0
0
0
1
4
54
0
0
94
1
371
82
33
81
0
519
0
0
16
0
27
0
1
25
0
0
0
193
36
163
129
461
0
0
0
1
60
186
435
153
0
0
913
0
1
0
0
1
221
533
977
0
1
496
0
0
0
38
0
0
0
0
0
714
0
0
87
0
0
0
8
0
0
10
0
0
0
0
257
10
0
147
122
9
0
230
15
340
66
0
0
1
0
483
6
60
0
0
0
40
0
39
4
0
0
0
0
1
4
0
0
0
0
0
0
7
228
349
4
0
1
23
762
1
0
0
76
1
30
17
803
0
0
333
4
0
0
0
1
1
8
599
0
0
1
0
0
160
770
67
1
0
531
0
0
66
44
0
0
359
255
869
0
0
1
0
0
1
91
240
0
10
538
457
2
0
0
774
6
3
147
0
0
23
0
158
583
0
0
495
0
0
0
0
240
308
117
0
7
790
746
0
173
10
185
0
0
2
91
675
0
162
251
0
260
1
0
35
6
157
0
0
938
1
0
135
0
0
1
0
28
0
0
0
0
0
0
0
0
0
0
727
24
0
2
934
0
19
45
816
0
0
163
61
870
0
0
0
0
972
1
231
68
1
23
2
563
11
0
31
0
0
0
463
859
0
15
14
274
0
122
0
0
9
0
175
0
1
0
203
317
218
0
660
23
0
729
5
801
0
0
1
58
1
0
33
0
0
0
0
0
2
245
1
0
0
781
2
120
0
364
0
0
0
564
506
0
752
7
0
68
57
0
0
0
46
0
0
20
0
0
0
1
6
0
0
677
0
4
1
0
0
0
0
207
0
0
0
0
1
187
639
12
15
325
0
0
0
0
0
216
0
366
0
0
59
8
0
739
0
9
23
9
0
0
0
9
0
0
204
99
0
0
0
0
0
0
0
79
1
0
0
0
0
1
0
0
0
0
31
0
5
0
125
689
639
605
484
549
0
0
0
0
1
11
0
0
0
0
373
275
0
0
0
1
0
0
0
8
189
0
0
101
193
0
403
0
0
0
370
10
0
137
0
211
306
0
844
58
0
1
2
10
0
0
1
0
40
0
0
0
0
1
245
0
433
0
0
0
2
0
0
0
0
0
21
91
31
0
1
540
0
0
454
1
385
0
1
190
0
11
0
11
0
0
0
0
78
43
0
505
0
409
0
0
0
57
0
1
965
0
0
53
0
0
9
1
0
771
0
0
0
10
0
149
9
145
0
23
1
0
86
56
150
274
0
0
1
0
0
1
0
0
217
218
0
721
0
0
1
111
1
0
8
923
0
0
0
5
0
623
400
0
1
421
0
14
61
0
11
230
158
175
0
21
0
1
457
646
20
667
1
988
7
148
0
419
17
0
1
0
0
0
194
410
0
339
0
0
0
197
27
702
0
81
743
0
51
43
0
1
262
0
4
0
0
0
1
0
1
0
0
0
1
0
0
39
0
0
60
63
1
656
507
0
214
381
0
1
91
0
239
1
9
0
550
540
123
52
0
814
12
346
35
0
224
24
18
1
250
0
1
0
0
1
1
429
0
265
278
15
583
0
9
91
1
0
0
0
33
4
0
0
0
916
0
0
6
0
5
839
0
17
167
0
2
0
1
633
0
0
5
5
83
0
0
1
714
143
0
0
1
1
347
0
21
0
0
0
0
1
0
0
0
0
0
187
0
5
748
13
4
966
1
0
1
0
0
0
421
0
0
0
0
0
17
6
0
549
0
5
0
0
428
0
0
358
1
538
0
1
1
0
1
0
27
0
0
0
0
340
0
1
0
31
457
0
0
49
591
0
1
135
1
138
8
695
0
0
0
66
250
62
178
0
12
1
0
300
0
574
0
0
0
1
589
0
61
47
0
4
0
0
0
0
1
0
0
0
0
0
467
891
0
0
981
588
1
0
0
1
0
3
0
0
214
0
0
354
0
0
0
1
0
0
0
623
23
74
0
0
1
0
0
0
0
0
0
0
0
0
0
0
0
0
0
0
0
0
0
66
0
0
0
0
646
0
49
0
0
27
0
0
22
0
686
0
0
0
0
111
103
0
0
3
0
0
0
0
0
0
0
5
0
294
0
0
0
118
227
0
0
0
0
23
58
0
0
0
0
0
0
1
0
27
1
923
22
0
0
0
0
0
4
0
1
7
7
1
0
50
238
0
0
0
0
0
179
0
33
0
11
0
0
10
56
1
906
0
0
28
1
416
0
0
0
42
0
0
0
0
495
203
204
1
20
33
591
0
0
1
0
0
0
300
5
0
557
387
0
1
12
0
0
26
313
1
17
0
9
0
0
74
0
1
255
0
49
0
0
7
1
0
602
0
4
0
0
0
638
17
1
0
0
14
37
0
427
1
0
453
0
0
951
0
27
0
0
451
47
0
755
511
213
0
544
131
0
0
224
1
517
1
387
205
0
0
0
0
236
0
304
0
1
0
7
817
18
1
9
0
0
317
99
540
667
4
0
27
1
0
1
254
1
509
730
0
0
147
17
0
883
0
0
0
731
1
0
0
0
0
345
0
0
0
396
0
222
0
0
106
0
27
1
1
83
29
290
0
6
1
0
0
0
251
975
0
0
0
240
0
0
304
851
12
42
0
132
36
3
0
0
126
370
669
0
294
0
156
0
12
0
154
0
0
0
1
1
0
0
0
15
0
4
416
1
775
1
1
0
1
0
218
0
0
1
0
1
0
0
1
0
0
1
305
0
76
0
46
0
0
0
825
16
236
1
56
2
884
0
0
303
0
72
0
223
76
0
0
0
0
0
0
0
0
0
42
262
0
0
148
0
0
0
0
0
305
0
16
348
0
3
392
0
0
0
0
18
0
0
0
2
12
688
1
0
9
0
248
0
2
0
1
0
0
121
0
0
0
0
1
243
0
0
0
749
0
0
0
0
0
0
0
0
0
988
0
135
0
0
254
0
0
96
0
0
104
0
0
0
115
0
135
0
0
0
584
0
1
41
2
3
1
1
0
17
416
10
622
1
667
12
35
1
0
1
1
942
602
16
767
516
3
287
0
1
0
0
0
165
0
0
106
186
917
0
0
0
0
6
0
0
502
0
524
0
0
0
0
0
0
0
1
1
0
18
240
0
378
0
0
0
4
0
53
0
0
2
0
31
483
0
660
0
454
7
0
1
22
0
1
1
96
0
94
0
404
523
378
0
46
546
0
32
254
0
0
0
69
471
1
0
243
0
2
1
390
0
0
0
0
284
0
0
31
6
78
41
0
156
569
16
0
17
0
88
0
514
0
0
0
0
0
50
0
586
1
577
97
4
200
50
1
0
187
281
0
380
824
795
0
49
0
44
0
0
0
27
0
33
0
0
312
1
29
0
0
328
0
1
6
240
23
0
1
148
916
138
0
300
509
305
0
94
0
0
0
1
0
0
0
865
658
1
0
0
0
0
0
11
0
464
0
19
3
31
0
0
904
717
0
873
2
1
1
1
0
21
609
0
11
0
0
4
0
0
0
1
0
1
16
84
0
0
0
0
4
0
566
348
0
29
397
0
0
0
1
90
0
0
0
0
0
0
623
0
9
0
0
19
0
75
0
371
0
467
0
15
3
630
60
308
0
0
385
0
0
8
686
5
730
0
0
0
0
0
0
0
20
87
0
66
0
0
94
717
573
0
0
0
0
21
0
278
0
0
0
42
2
63
1
69
1
0
0
318
0
591
0
276
299
375
0
0
0
907
16
0
0
0
87
1
0
755
0
0
0
1
233
18
1
971
5
8
0
109
34
0
54
0
0
0
0
0
0
48
390
1
0
899
601
78
955
0
0
0
421
0
3
65
0
117
729
0
0
419
0
695
0
0
0
76
104
404
0
0
0
302
1
379
650
0
0
0
744
746
387
3
0
10
787
6
62
3
0
0
1
0
0
1
0
25
0
819
0
0
218
3
950
0
150
0
0
13
0
739
9
331
0
0
0
0
1
0
0
0
176
0
0
0
409
4
720
0
409
15
2
625
67
51
0
0
0
0
5
42
26
40
0
63
0
0
0
28
0
1
4
3
112
285
0
0
5
0
1
17
6
0
0
557
0
0
0
523
1
0
302
0
0
1
0
0
419
200
0
0
268
0
802
0
0
175
0
0
0
61
71
0
472
0
0
0
0
0
27
1
0
138
0
122
0
0
714
0
113
15
0
0
0
36
20
629
0
1
428
286
0
0
41
0
9
396
0
489
1
0
0
0
625
639
1
0
0
0
0
0
0
11
0
0
0
371
56
163
0
0
0
0
0
81
0
7
801
79
190
0
0
0
0
387
147
46
0
378
0
20
1
0
0
0
0
773
24
0
74
0
308
0
0
0
0
0
1
1
0
0
0
24
1
0
0
10
0
0
1
0
0
0
0
40
6
271
0
0
512
1
0
0
0
1
0
0
194
0
0
0
23
0
0
0
0
89
409
212
1
41
0
0
436
2
16
0
0
2
3
0
1
0
0
0
88
0
0
213
0
0
205
2
0
364
40
790
0
1
0
1
5
0
0
0
17
0
0
0
0
87
379
1
0
0
300
2
0
74
0
0
0
0
0
6
83
0
1
0
542
0
247
0
0
0
0
0
0
0
44
86
47
0
0
373
41
72
37
0
0
1
0
0
0
12
380
114
0
0
0
0
0
0
0
0
0
0
0
231
0
592
0
0
658
865
230
30
8
3
0
345
0
962
0
1
411
163
270
0
413
0
66
332
42
0
0
746
0
0
11
0
839
66
111
1
0
0
115
46
0
0
650
0
0
300
0
582
401
0
0
0
58
1
0
0
1
0
0
2
89
41
117
0
0
0
39
545
28
0
0
1
64
0
397
0
0
1
220
227
0
8
275
200
0
142
203
0
334
465
11
0
0
0
1
0
74
1
860
822
0
422
21
0
1
605
17
227
932
185
0
194
1
0
0
2
1
107
66
0
509
3
20
1
7
0
39
0
1
0
0
0
0
250
103
12
883
0
0
546
865
66
0
0
773
2
582
0
82
0
0
10
77
0
282
83
0
7
0
17
0
15
0
0
730
9
160
0
0
21
878
5
127
11
0
0
0
0
2
17
344
482
789
0
0
0
1
227
0
5
0
0
0
0
117
0
0
29
0
418
62
25
75
457
0
0
0
312
809
1
0
0
0
0
0
0
3
661
0
1
1
546
167
125
67
0
4
173
58
0
11
0
17
62
0
0
0
825
135
0
658
0
0
419
24
0
401
82
0
243
0
243
0
0
529
0
0
75
936
0
0
1
188
0
0
0
0
0
0
19
0
0
0
397
0
0
0
776
26
1
0
0
0
0
43
67
1
13
0
507
568
0
0
832
39
351
1
972
254
274
472
19
1
778
0
792
7
0
0
0
0
0
345
283
55
325
1
0
15
0
0
0
479
58
170
1
0
10
1
0
0
194
167
178
0
0
0
16
0
32
1
0
0
200
0
74
0
0
243
0
1
2
0
36
91
36
7
0
0
0
19
0
0
114
0
5
0
0
221
56
155
0
3
0
0
0
0
0
0
690
0
0
0
0
550
279
53
1
0
0
0
0
380
229
817
0
0
0
0
0
0
253
1
0
0
149
0
1
2
0
83
0
0
1
0
0
74
346
1
0
211
1
19
117
1
4
0
185
0
1
0
410
0
0
3
26
0
236
0
254
0
94
744
0
74
0
0
0
0
1
0
41
0
0
2
1
512
0
0
30
0
0
15
1
0
0
0
0
0
0
150
0
0
11
1
556
1
0
1
0
511
103
0
82
474
493
29
0
14
0
0
0
482
1
0
131
0
0
0
0
0
0
32
0
0
734
1
1
0
0
967
0
70
0
709
101
548
0
1
442
0
298
1
461
55
54
0
0
33
0
0
0
2
12
0
313
731
1
0
0
0
717
746
0
0
0
0
10
243
2
41
0
0
19
0
0
4
41
672
0
0
26
0
71
0
33
0
0
0
40
853
1
118
0
1
0
0
0
0
0
465
61
29
1
203
0
0
2
1
0
0
380
625
0
3
64
323
0
0
0
0
457
0
0
837
0
470
0
0
0
0
0
0
0
0
24
9
590
0
7
28
160
0
0
91
0
0
0
0
0
0
339
0
1
0
1
1
56
584
0
0
573
387
268
308
0
58
77
0
0
0
0
0
415
0
786
1
0
0
0
0
221
613
225
0
307
173
192
0
0
630
0
0
1
0
0
0
241
13
5
145
1
4
0
3
0
0
0
0
88
188
0
681
822
902
19
522
1
151
0
16
363
0
0
0
0
0
0
1
560
0
2
0
317
0
0
0
27
0
698
0
0
449
0
554
0
1
2
0
0
78
0
1
0
0
17
0
2
0
0
0
0
3
0
0
0
1
0
0
36
0
19
415
0
2
0
0
0
0
30
0
0
207
829
41
0
4
278
1
0
1
558
0
0
172
2
0
889
0
0
0
1
0
12
1
16
0
94
0
0
886
0
0
0
208
65
1
0
0
0
1
0
0
406
407
77
1
0
0
0
408
0
0
0
1
0
33
0
284
214
0
974
163
0
0
94
4
91
0
0
43
0
633
300
0
0
0
884
1
69
0
0
0
802
0
0
0
282
529
91
2
0
0
2
0
0
1
58
254
0
5
0
0
0
0
983
502
0
32
0
0
24
63
0
0
0
0
0
11
0
0
0
136
339
1
348
0
2
718
0
0
253
0
935
0
50
0
1
0
233
1
0
78
0
0
10
67
0
1
446
0
1
0
0
0
51
318
0
219
0
0
0
203
0
0
1
0
675
0
31
0
0
0
0
0
9
0
0
41
471
11
0
10
0
0
6
0
83
0
36
1
0
786
0
0
0
1
131
0
22
0
0
77
0
0
1
1
0
0
2
0
0
1
0
0
119
0
34
334
0
522
0
0
0
0
1
0
115
0
65
110
37
10
1
494
208
133
0
1
30
51
0
708
0
0
0
11
0
0
8
0
861
1
0
2
0
0
0
237
0
0
1
182
0
0
371
0
0
0
0
505
197
0
574
0
0
0
0
2
1
0
0
787
0
0
83
1
0
0
7
512
4
1
0
1
1
0
0
272
0
438
1
6
1
23
0
392
0
1
76
0
484
0
287
1
469
23
0
0
0
0
0
1
0
1
79
1
5
0
0
124
0
0
8
0
1
111
0
0
0
0
48
228
0
0
0
31
0
0
0
0
0
1
0
0
0
0
0
184
72
6
1
550
0
1
82
0
162
2
5
0
27
5
0
0
0
345
303
3
0
464
21
6
175
0
0
0
7
75
0
0
41
0
0
58
131
0
0
1
0
35
5
1
501
1
0
71
0
899
0
0
1
380
0
0
0
99
0
0
64
0
971
0
174
0
0
606
0
0
0
0
495
24
0
0
0
0
0
59
0
0
0
0
941
386
541
1
112
23
0
92
763
229
454
0
0
2
0
0
0
163
0
0
0
0
33
0
251
245
0
409
702
5
0
5
74
0
0
1
243
0
0
62
0
1
1
0
0
936
0
0
672
0
0
254
0
272
1
0
57
0
0
35
0
34
1
0
3
736
268
197
0
34
335
0
941
719
2
0
252
3
0
0
81
0
10
0
564
0
1
59
0
133
0
1
0
2
0
277
59
0
0
6
388
10
228
84
5
389
830
1
0
2
0
0
6
1
0
1
0
0
434
0
130
63
81
0
0
1
125
0
0
83
0
0
0
0
72
1
0
19
278
3
0
1
0
2
17
0
0
30
0
0
30
0
22
0
0
57
0
11
13
1
0
135
0
0
28
481
0
130
0
0
440
0
0
64
1
1
5
2
502
0
0
0
2
40
6
24
0
0
1
0
3
128
0
671
746
28
242
777
2
0
0
0
312
195
0
114
954
561
28
0
219
0
0
926
615
0
252
87
0
0
0
0
0
0
260
0
689
0
81
0
1
294
1
0
0
0
2
3
0
0
0
0
542
89
0
0
19
0
0
0
0
5
0
438
35
0
11
0
534
513
0
0
0
0
74
0
227
1
328
1
210
38
0
0
0
224
1
0
187
0
44
1
0
525
441
0
797
0
0
218
0
1
0
0
106
0
59
0
118
0
16
0
0
160
0
0
810
0
391
2
72
0
4
1
0
0
0
0
1
0
345
0
519
7
1
0
639
0
743
0
589
0
255
396
223
17
1
31
0
0
61
0
0
41
15
1
0
0
26
221
0
0
0
1
5
0
13
534
0
0
786
8
0
0
0
1
1
2
1
330
0
3
0
0
0
349
0
12
80
34
71
129
0
81
0
363
0
586
0
0
0
0
2
386
898
35
80
0
180
0
2
147
0
0
0
482
0
1
0
0
0
0
50
0
350
0
185
0
353
0
0
133
0
228
0
781
605
57
0
1
0
0
0
0
76
416
390
0
0
1
71
0
247
117
0
188
0
15
0
613
207
0
77
6
1
35
1
513
0
0
415
0
0
0
0
0
0
0
24
96
0
0
0
214
105
0
387
0
894
0
214
90
0
0
0
4
402
0
0
1
1
45
0
644
33
0
0
4
709
0
0
154
0
52
0
37
0
1
167
0
0
1
25
813
0
0
1
0
0
1
0
756
0
349
35
2
484
0
51
714
61
0
49
222
0
10
0
0
42
0
0
24
0
0
0
0
114
1
71
225
829
0
0
1
501
0
0
0
786
415
0
1
0
0
0
0
276
445
1
15
293
906
2
2
0
446
614
330
610
1
1
11
789
0
69
0
0
0
566
0
0
1
0
208
0
2
122
0
25
1
463
0
0
4
0
0
0
0
842
0
0
10
0
33
157
0
0
36
0
49
20
118
16
4
6
120
549
1
43
143
47
118
0
0
0
622
0
904
2
0
472
1
0
0
730
0
0
0
0
0
41
0
0
23
1
34
135
0
8
0
1
0
802
334
4
0
0
0
992
5
69
0
351
0
144
0
541
0
94
33
0
0
0
0
501
0
2
0
0
0
677
671
0
0
0
0
0
0
542
0
1
304
623
1
16
0
0
0
282
0
41
0
563
0
0
921
0
57
0
0
0
0
0
0
157
0
0
965
0
0
0
227
0
0
0
1
0
717
63
1
0
0
0
0
9
0
5
0
33
307
0
983
1
0
0
1
0
0
0
0
0
802
0
0
1
0
0
0
39
522
978
1
0
0
0
243
2
0
0
328
0
0
38
1
149
0
719
277
107
116
0
0
0
555
0
2
0
97
609
240
623
0
1
0
102
34
13
40
0
0
0
1
227
847
167
28
0
2
0
0
0
0
27
1
0
364
0
0
1
0
4
0
7
106
0
667
0
0
1
0
0
0
0
39
160
0
0
0
0
173
4
502
1
392
71
0
0
0
0
0
0
334
0
0
0
0
1
0
0
384
13
5
812
0
0
278
0
15
207
6
0
35
0
5
0
0
0
152
111
0
10
0
0
0
0
832
0
0
0
0
213
1
0
0
0
3
3
11
0
1
1
1
537
2
0
0
1
1
0
0
0
0
0
23
0
0
0
0
262
1
0
0
1
0
0
12
284
873
69
25
0
10
0
545
0
0
0
0
0
192
278
0
0
0
0
3
28
74
0
0
0
4
1
0
0
453
0
57
0
155
426
452
0
634
7
0
0
0
0
170
0
1
0
0
64
27
67
235
68
18
2
41
0
291
0
66
0
0
6
0
0
3
121
1
0
0
194
514
0
11
0
28
0
0
1
0
1
0
1
239
0
31
1
762
938
0
0
53
0
1
0
0
0
27
0
35
0
2
1
0
0
0
0
28
0
0
221
0
0
0
1
32
0
1
899
736
481
0
1
0
0
0
0
0
453
0
274
0
0
106
218
4
586
176
0
0
0
1
58
84
0
0
312
44
1
0
0
0
272
12
23
1
0
0
626
0
0
0
119
17
112
12
0
0
242
0
8
4
0
0
30
0
0
0
0
6
0
0
683
7
0
0
25
1
1
0
1
0
4
347
0
0
602
1
0
1
0
1
0
819
0
0
0
0
21
19
56
0
40
0
0
0
2
76
0
268
0
227
1
0
276
0
0
1
0
274
0
0
0
297
1
0
18
0
0
36
644
0
0
522
31
0
61
67
833
0
663
1
0
802
0
100
0
0
0
4
0
268
174
9
409
0
45
971
0
613
867
0
0
198
1
0
6
12
0
9
0
316
5
1
173
0
0
0
0
564
11
0
0
0
0
23
0
1
0
0
31
1
0
0
27
1
44
0
878
0
155
150
853
630
1
0
0
0
0
197
130
1
2
0
445
0
0
0
57
0
0
0
43
0
0
90
164
0
28
1
268
0
1
14
0
137
0
0
0
1
0
0
53
0
27
0
0
226
1
0
24
0
35
1
0
1
1
0
739
42
162
0
67
0
0
241
58
0
0
0
0
99
525
6
0
0
0
0
135
506
0
9
0
21
1
58
4
83
0
1
6
1
318
0
1
0
86
1
5
0
0
0
1
0
558
24
0
484
1
0
0
328
1
24
1
992
39
0
0
0
0
43
0
0
0
0
1
238
303
0
0
3
0
0
0
0
0
0
0
30
6
0
85
68
1
0
2
0
0
828
0
0
0
0
563
1
119
102
9
3
15
1
0
1
584
0
0
431
0
0
0
0
1
0
0
0
0
76
0
0
0
1
0
0
0
0
0
29
42
1
78
0
0
218
0
0
47
64
127
0
3
0
118
0
0
63
1
0
380
34
0
1
330
96
15
5
522
384
155
106
297
0
0
0
0
475
2
0
0
559
0
551
0
0
0
1
478
0
163
0
0
0
0
0
149
76
3
0
0
14
0
129
0
0
51
0
12
27
2
0
5
0
0
0
311
0
0
0
38
178
0
1
0
0
0
0
193
1
0
752
0
0
1
0
0
0
0
290
262
942
41
21
591
3
138
0
0
0
11
397
0
11
0
1
0
0
0
287
0
335
440
210
0
0
293
69
978
13
426
218
1
0
0
0
0
0
1
111
14
0
0
0
0
0
0
0
739
0
0
25
385
11
0
1
45
0
50
511
0
0
0
197
0
12
186
460
158
0
0
661
0
0
1
42
3
0
462
103
947
0
0
439
248
0
0
920
36
30
1
7
0
771
0
0
0
0
0
0
0
602
0
609
0
950
0
0
0
397
0
0
0
1
1
0
172
0
0
1
0
0
0
38
3
0
906
0
1
5
452
4
0
90
0
475
0
0
0
654
1
534
0
0
358
5
241
0
5
512
336
0
0
12
0
4
0
746
14
0
0
0
575
0
936
561
5
6
855
88
450
0
14
0
786
51
0
0
48
0
0
0
0
173
0
0
8
1
163
17
0
0
373
0
1
0
0
0
638
6
0
16
156
0
276
0
122
40
373
0
0
0
0
556
0
0
2
0
119
469
0
941
0
0
0
0
2
351
0
812
0
586
18
164
1
2
1
0
0
979
211
58
0
87
1
0
22
132
25
0
376
0
16
0
153
0
61
0
0
0
2
0
0
0
30
626
56
79
1
0
273
40
0
254
0
0
0
0
0
782
186
0
0
0
899
0
409
4
129
803
28
68
275
0
0
1
0
0
17
1
148
767
569
11
299
150
0
6
41
0
0
0
0
1
0
0
0
0
0
23
99
719
64
0
0
214
2
0
0
0
634
176
0
0
238
0
111
654
979
0
0
0
426
0
0
0
1
0
15
0
5
0
44
18
0
1
88
0
509
0
970
0
0
10
111
432
495
1
0
487
0
0
0
0
0
0
335
9
3
383
0
4
10
16
12
0
0
42
461
0
0
57
0
0
0
0
467
0
1
0
0
516
16
0
375
0
0
271
72
1
0
776
0
0
0
241
889
0
34
0
0
2
1
0
0
105
0
144
0
0
7
0
0
28
303
0
14
1
211
0
0
278
0
0
0
40
0
955
0
0
5
750
29
0
187
0
0
0
0
0
1
0
212
0
0
23
0
33
1
533
25
0
1
823
76
5
0
0
1
159
1
163
0
5
143
34
0
0
0
0
0
0
0
10
0
0
891
1
0
0
0
3
0
0
0
0
714
0
37
220
2
26
0
1
0
13
0
11
334
0
0
0
1
224
349
0
446
0
243
278
0
0
36
1
0
559
0
534
58
0
278
0
6
446
315
47
800
49
70
41
0
1
0
0
1
0
0
0
602
0
2
0
596
55
633
64
1
0
24
268
5
1
633
0
276
0
10
550
160
0
3
3
0
10
337
0
0
88
0
333
0
0
0
0
1
0
0
0
0
0
0
287
17
4
0
13
0
0
0
227
17
1
690
0
0
5
0
0
0
0
64
252
5
1
0
387
614
541
2
0
0
0
644
268
0
0
0
0
0
426
0
6
0
44
0
16
129
4
0
1
71
11
0
141
228
714
0
0
0
0
159
0
136
560
0
1
222
420
0
0
45
868
215
0
2
1
0
0
838
15
0
584
0
704
403
1
0
0
0
4
0
0
1
149
0
0
0
27
14
251
0
0
0
0
0
0
113
512
0
0
344
0
0
511
465
145
0
0
522
0
0
3
2
0
12
0
330
0
0
15
0
1
0
0
3
551
0
0
87
0
0
446
44
0
0
0
20
233
31
0
0
430
9
0
0
0
0
1
39
82
118
13
0
361
891
0
27
0
365
587
128
0
1
0
0
0
315
13
437
1
12
562
0
1
0
222
0
0
1
0
0
46
0
9
0
0
981
1
37
975
0
1
88
0
907
739
15
1
1
8
482
0
0
103
61
1
1
0
0
0
971
0
502
187
80
894
610
94
0
207
0
58
0
1
0
0
0
358
1
0
0
315
0
0
0
0
158
114
23
0
0
756
93
915
120
2
0
0
1
87
0
0
505
0
1
0
1
0
10
331
1
228
133
0
0
0
0
0
0
0
92
32
84
1
0
0
1
2
60
0
0
0
0
145
39
187
588
923
0
0
305
0
0
0
16
9
0
0
0
275
789
0
0
0
29
4
0
136
0
1
0
0
0
0
34
0
1
33
328
6
170
84
522
14
0
0
0
5
0
0
40
47
16
0
0
0
0
0
45
0
7
33
0
0
0
0
0
427
264
1
7
0
0
93
0
3
0
0
0
150
987
1
34
41
1
374
0
108
0
0
0
0
0
1
0
0
0
652
186
0
0
0
0
0
0
0
1
22
427
0
0
0
514
1
0
331
0
0
0
200
0
0
0
82
1
0
12
339
0
0
174
81
0
44
71
214
1
0
0
0
0
0
31
0
0
0
0
241
22
1
0
800
129
20
158
0
0
927
969
649
1
1
9
136
654
0
850
401
0
945
22
9
1
0
0
1
0
0
0
0
0
1
0
0
0
0
0
1
29
240
0
0
0
155
1
0
143
1
435
1
0
20
8
23
0
5
0
0
1
0
16
0
0
0
0
0
0
0
0
0
0
43
550
474
203
3
1
1
0
1
0
0
0
1
129
90
11
0
0
35
1
0
0
137
0
1
0
0
132
0
955
49
4
233
114
0
927
0
0
217
0
0
0
16
1
19
0
100
0
0
542
0
1
1
0
0
0
932
1
274
0
11
0
71
0
13
0
204
0
2
0
0
53
0
170
0
44
56
153
1
0
0
189
1
60
748
0
0
0
240
348
165
0
1
0
0
36
1
12
142
0
67
279
493
0
0
16
348
1
79
0
10
2
0
0
0
789
0
38
0
0
312
61
0
0
478
739
5
25
15
0
70
0
31
23
45
969
0
0
0
628
176
391
1
59
320
0
0
0
119
694
58
1
0
1
0
1
0
1
0
376
887
0
1
21
92
0
0
0
59
5
0
49
78
0
0
0
1
0
8
0
0
0
0
63
13
1
0
453
0
0
0
0
16
87
0
20
0
380
203
1
1
53
29
0
0
0
0
0
1
606
0
40
525
81
0
0
0
1
5
0
44
67
0
0
0
0
512
0
0
0
41
1
0
0
0
649
217
0
0
0
0
13
1
3
0
0
63
1
0
356
100
0
116
0
987
0
0
0
0
0
0
0
628
953
0
1
0
0
555
0
722
0
0
0
0
11
0
0
599
727
0
0
86
1
4
0
0
0
0
3
0
0
84
1
0
629
0
114
0
227
13
1
0
2
0
94
2
115
5
0
564
6
441
0
0
69
501
149
0
64
1
833
0
0
163
0
336
376
5
5
0
71
0
0
7
1
0
628
0
0
0
400
61
0
37
0
0
0
0
514
0
69
1
0
0
43
1
1
33
0
0
0
0
121
0
0
261
565
0
0
0
115
0
0
0
40
0
913
0
24
1
101
56
656
966
3
0
0
304
392
106
0
0
0
1
0
194
0
334
0
0
0
14
1
0
0
718
0
0
0
0
24
0
363
4
0
0
0
0
27
0
0
1
30
0
25
0
0
0
750
1
11
430
756
33
1
0
176
0
0
0
0
0
0
249
51
0
1
2
1
0
198
0
0
0
0
749
0
46
0
344
1
1
0
0
30
0
0
58
53
0
98
3
26
0
1
0
0
0
0
6
193
150
507
1
0
4
951
851
0
186
50
0
755
0
1
0
0
465
5
507
0
0
0
88
0
0
65
0
0
1
0
797
0
402
0
2
719
0
67
0
663
0
6
0
385
0
16
44
29
0
0
9
93
0
9
0
391
13
400
0
0
851
0
344
61
0
0
0
0
616
27
168
577
0
174
0
0
3
0
0
13
1
362
0
363
0
149
183
107
0
113
305
0
0
0
471
1
1
2
0
0
274
0
0
0
0
0
12
0
917
0
0
0
0
428
0
0
11
0
568
0
0
0
188
886
0
110
124
0
59
0
0
586
0
0
0
277
152
235
0
1
0
0
0
11
12
0
18
0
0
141
0
915
0
136
16
1
1
61
0
851
0
12
1
0
329
460
140
0
940
982
11
3
38
0
1
0
0
769
35
188
158
0
389
0
0
0
221
0
0
0
1
0
136
1
0
0
0
934
0
403
0
214
1
214
1
27
42
0
0
586
0
0
0
286
0
0
0
0
0
0
0
380
0
0
253
37
0
495
0
1
0
0
0
566
0
107
111
68
272
0
53
85
0
0
0
153
0
187
1
228
0
120
0
654
1
59
3
0
0
0
12
0
0
2
0
0
0
0
803
1
8
0
0
0
0
0
0
0
542
713
0
25
0
920
0
0
0
272
0
0
0
138
0
0
205
0
0
0
677
0
0
381
0
0
7
0
0
0
0
1
4
0
176
0
23
0
0
0
0
380
482
625
681
0
0
10
0
24
133
0
218
0
1
0
0
116
0
18
12
802
0
68
0
1
4
0
1
0
0
714
0
2
0
0
19
320
0
37
249
344
1
0
0
2
229
391
636
141
0
0
194
0
127
0
0
11
0
0
278
0
45
0
743
0
3
251
343
0
80
516
27
8
3
1
0
1
160
19
0
0
1
0
0
0
7
0
132
18
0
577
0
1
0
0
0
0
0
0
832
229
1
0
822
0
935
1
8
0
0
3
0
0
1
0
677
0
10
2
23
0
27
1
149
45
0
61
88
0
0
0
0
0
0
850
0
0
0
0
51
61
0
2
2
0
0
0
2
1
0
2
0
0
0
0
0
0
62
201
1
0
0
14
0
414
0
0
862
0
559
0
3
1
0
521
0
221
770
45
4
0
0
1
0
354
1
451
36
0
0
97
566
233
0
41
0
0
1
117
39
817
0
3
902
208
0
494
0
0
1
128
1
0
45
1
671
0
0
41
1
100
0
0
76
0
746
0
0
0
0
0
1
0
427
401
100
0
63
0
0
0
329
0
229
0
0
7
354
0
934
0
981
0
0
0
38
0
0
252
675
1
0
1
33
561
390
0
0
48
0
0
476
0
209
0
0
533
67
816
1
370
0
91
421
0
0
47
3
0
6
4
348
18
0
0
0
0
0
0
351
0
131
64
19
65
50
208
1
0
0
0
0
2
0
0
0
0
0
0
0
0
0
2
3
50
14
0
509
0
602
0
39
1
264
0
0
0
1
0
1
0
460
0
391
0
7
0
0
0
0
0
327
278
93
0
14
0
254
243
0
0
54
0
587
222
8
35
0
523
1
670
0
8
0
0
909
977
1
0
0
10
1
0
0
0
50
0
0
0
0
200
0
1
409
9
0
0
74
0
1
0
0
323
522
1
0
133
111
0
2
671
0
386
644
208
0
555
0
291
0
0
226
0
0
511
0
0
0
0
0
0
82
87
1
945
0
119
0
0
2
0
140
0
636
2
354
0
0
0
157
940
34
0
159
0
1
36
0
0
2
1
251
823
1
0
0
0
2
679
58
0
0
0
498
0
0
0
0
0
0
0
0
239
0
0
238
755
0
2
0
50
29
971
4
396
89
0
1
29
972
0
0
0
1
0
1
0
0
0
0
746
106
898
33
0
0
0
0
0
626
0
1
0
0
0
0
2
970
1
2
159
118
0
7
22
542
694
356
514
1
0
0
0
141
1
0
0
0
0
0
0
0
0
1
0
116
0
35
65
0
0
108
2
768
378
0
96
0
0
685
1
0
0
260
46
1
1
531
163
0
137
0
1
0
1
0
511
126
12
502
1
397
5
720
0
409
0
860
0
254
0
0
0
151
0
0
1
0
59
277
28
0
35
0
2
0
2
832
66
0
4
0
828
14
0
0
0
0
0
0
0
13
0
0
9
0
58
100
0
0
616
940
803
0
0
934
0
157
0
0
965
0
8
0
0
0
1
0
1
165
1
21
0
0
170
10
0
0
5
1
4
0
23
0
1
0
496
0
61
0
0
217
9
0
0
0
213
370
688
0
0
0
8
0
489
212
231
822
418
274
0
0
0
0
0
233
30
0
0
59
242
59
80
0
122
0
0
0
0
0
0
24
0
0
0
575
0
0
212
596
136
0
505
0
1
1
1
0
69
198
27
982
1
0
2
0
0
940
0
965
0
1
2
0
338
293
0
26
0
0
0
1
0
0
366
0
0
0
0
27
2
532
612
0
1
26
0
0
870
207
211
218
0
0
0
0
0
669
1
524
187
0
0
409
1
1
0
0
62
472
0
0
0
16
1
1
51
0
0
0
777
0
0
4
0
0
97
0
0
0
268
0
0
129
197
0
0
10
0
55
560
361
0
93
0
1
0
116
1
0
168
11
8
194
0
981
327
34
0
0
1
0
0
1
0
322
1
0
0
0
18
67
459
417
4
1
3
0
0
1
0
283
832
0
0
121
0
66
0
0
306
0
550
17
0
0
544
0
0
0
281
0
109
15
0
41
592
422
25
19
253
0
457
363
0
0
0
48
0
0
2
118
180
709
25
542
609
0
6
119
174
35
0
0
0
936
30
111
0
633
0
891
1
0
0
0
1
0
0
0
577
3
0
0
0
0
278
0
0
8
2
0
0
74
0
151
0
7
739
0
0
359
0
0
0
0
677
0
0
1
561
915
136
247
48
0
0
44
0
0
0
721
540
6
623
0
131
294
9
0
0
1
34
2
0
0
0
21
75
1
1
32
0
0
0
78
708
228
0
6
0
0
0
0
1
0
240
0
0
17
9
1
0
0
12
561
626
432
23
64
1
0
0
3
1
0
0
987
0
0
0
38
0
127
0
0
93
159
1
0
0
1
74
0
42
0
0
0
0
453
0
1
11
852
0
1
0
0
0
0
0
0
118
130
425
69
38
0
0
0
844
0
123
0
23
179
0
0
0
0
380
90
0
625
0
0
0
0
457
778
0
0
0
0
406
0
0
0
941
388
0
16
2
0
463
1
623
213
0
112
409
0
563
51
186
5
56
495
0
1
222
27
1
0
0
0
1
0
43
0
174
0
0
0
0
0
0
0
0
0
338
0
0
42
0
3
0
0
1
3
0
610
0
30
0
337
9
0
20
175
0
89
0
0
0
0
0
0
0
0
58
0
52
549
74
0
0
156
248
0
824
0
54
67
625
436
658
1
0
0
0
0
837
0
407
0
0
0
386
10
0
0
147
154
0
304
0
1
3
12
0
1
1
0
460
6
79
1
33
0
420
0
0
0
0
932
0
0
1
749
0
1
0
0
0
38
14
1
116
0
293
322
151
0
3
0
545
181
1
537
0
0
0
0
44
0
50
0
0
0
210
89
0
508
0
0
0
359
972
1
0
1
0
0
0
33
224
0
0
0
795
0
0
51
639
2
865
605
0
792
149
734
0
0
77
10
0
0
541
228
312
0
0
0
0
623
1
0
121
0
45
1
119
12
158
855
1
0
1
24
0
365
10
0
0
1
1
0
1
0
0
0
0
11
0
0
0
36
0
1
0
1
0
0
0
545
0
65
0
0
993
0
0
261
0
0
0
0
367
1
0
0
1
0
1
0
0
255
1
187
1
111
814
5
0
0
1
12
2
0
0
0
0
0
1
16
230
17
0
7
0
1
470
0
1
67
11
31
1
84
195
160
0
52
4
1
0
0
1
0
971
0
102
27
0
88
0
487
533
268
0
587
331
150
0
274
0
0
33
46
3
0
0
0
62
0
254
0
35
0
26
0
7
0
0
181
65
0
0
0
386
0
0
0
0
23
226
88
2
410
99
0
299
0
290
0
0
869
231
639
2
1
12
0
1
11
517
0
0
0
49
0
0
0
0
0
30
227
312
0
1
1
0
0
0
0
0
0
112
5
0
0
0
0
0
16
102
0
0
242
0
739
9
2
0
450
273
0
25
5
45
128
1
987
0
0
376
0
0
0
0
769
0
0
201
252
243
0
65
1
0
0
739
0
1
1
0
0
0
