0
495
382
997
385
408
431
322
740
113
287
556
411
593
676
847
542
205
284
126
310
846
759
283
295
695
462
672
611
815
113
247
907
169
960
906
709
372
280
267
989
843
500
909
277
896
181
104
932
874
573
953
206
325
254
732
870
163
260
724
215
910
378
751
642
790
506
732
635
929
755
365
633
315
790
458
675
489
420
924
758
588
897
281
640
948
700
550
251
854
676
200
715
910
842
242
450
951
315
892
495
0
593
133
546
168
693
147
214
604
594
301
199
583
938
926
586
874
680
211
262
361
945
299
547
880
314
214
937
203
780
382
848
345
463
272
453
928
613
454
673
120
500
387
786
767
224
661
429
634
395
563
563
111
972
935
281
433
937
948
244
834
119
148
611
442
642
953
747
549
844
227
335
578
907
717
891
995
739
825
231
838
867
947
301
192
196
371
396
412
735
314
681
923
478
527
353
871
610
393
382
593
0
747
769
538
953
691
823
923
782
766
863
298
996
970
606
191
397
301
807
956
426
260
366
637
943
342
123
288
307
803
441
573
274
979
519
906
269
860
820
241
379
656
408
535
792
628
836
265
679
649
726
134
602
404
780
577
701
135
814
382
417
477
394
378
737
892
904
544
917
912
207
316
859
848
517
362
424
160
296
845
932
499
535
850
910
404
301
240
745
238
852
150
516
756
798
271
659
401
997
133
747
0
994
556
184
353
313
292
154
643
261
225
767
267
472
831
335
271
326
952
139
678
872
804
307
385
381
912
267
174
953
241
692
338
207
267
682
797
185
291
708
602
642
126
200
790
690
135
241
926
971
823
584
960
141
618
511
614
670
267
365
801
695
806
427
374
399
194
904
114
412
106
246
681
578
941
800
180
271
652
514
333
895
970
827
978
397
682
844
380
661
600
487
330
384
451
325
923
385
546
769
994
0
258
521
954
250
547
710
965
269
763
200
824
728
305
578
684
365
233
928
581
238
336
668
518
791
703
311
988
845
514
827
833
556
524
658
395
764
145
919
711
769
158
518
353
152
191
695
982
590
786
265
224
229
539
262
205
541
492
255
539
627
882
171
496
602
562
343
784
706
452
978
736
543
603
648
860
528
759
857
427
855
990
941
393
910
194
523
134
896
363
171
258
943
213
796
120
408
168
538
556
258
0
447
825
256
729
607
495
772
236
283
815
279
317
186
346
272
369
892
903
712
529
192
767
950
107
686
161
110
522
859
841
803
832
829
661
479
335
637
244
967
818
555
172
641
852
640
712
175
960
771
960
452
615
858
750
764
465
494
579
297
349
671
766
306
384
845
895
973
379
431
781
157
467
362
613
748
496
663
724
585
432
749
269
404
969
767
191
647
725
559
373
549
147
376
163
431
693
953
184
521
447
0
964
683
802
414
813
983
328
279
874
920
401
324
735
609
829
567
676
557
839
168
690
586
528
518
376
860
888
956
126
344
838
387
287
279
807
276
975
368
717
116
306
804
161
576
490
650
782
102
728
778
970
965
815
194
248
193
658
974
453
873
619
363
539
266
351
644
449
378
848
445
574
554
659
168
274
961
587
987
879
761
922
600
180
744
332
990
231
820
153
788
882
483
706
322
147
691
353
954
825
964
0
313
349
796
628
310
357
336
931
453
843
637
693
686
702
510
700
660
869
559
609
207
283
631
191
107
909
341
548
500
722
387
556
366
197
943
422
847
532
823
726
402
959
619
733
250
385
620
222
545
566
838
586
836
745
292
145
147
969
191
870
159
847
307
932
846
692
486
516
551
788
216
185
398
583
626
196
968
453
518
327
551
453
662
552
978
487
478
862
682
882
642
960
740
214
823
313
250
256
683
313
0
132
650
432
201
934
295
942
667
109
869
891
518
177
374
977
358
515
966
683
161
785
872
172
846
193
464
788
369
869
594
543
482
388
454
367
724
727
970
382
280
950
753
196
180
539
806
337
270
413
515
400
953
106
691
691
575
357
600
355
948
567
652
458
858
411
180
222
606
395
341
250
337
146
865
676
946
764
518
257
649
246
862
385
909
826
712
200
564
537
967
269
113
604
923
292
547
729
802
349
132
0
900
232
978
483
911
955
894
589
190
234
187
771
212
171
403
748
652
472
915
636
475
461
262
136
986
254
251
733
829
358
811
706
225
348
432
115
837
627
559
683
802
921
349
379
465
410
318
826
142
314
819
664
560
851
391
515
876
214
327
524
820
430
998
188
849
255
352
282
729
153
654
544
924
800
713
335
916
202
871
644
761
714
877
415
402
459
190
670
632
697
287
594
782
154
710
607
414
796
650
900
0
404
443
620
566
114
221
623
236
608
900
807
146
929
750
804
369
405
351
302
682
630
898
620
963
360
496
494
527
948
127
961
138
389
121
570
341
924
899
709
622
139
293
303
737
315
703
969
492
913
528
571
407
514
889
706
601
756
520
569
116
472
424
663
741
372
358
294
426
697
866
279
886
636
799
884
891
164
549
119
113
569
266
391
566
130
972
508
715
901
556
301
766
643
965
495
813
628
432
232
404
0
595
180
654
498
965
357
240
404
568
277
467
649
110
487
861
361
457
846
396
701
144
738
419
823
605
451
207
258
737
321
839
493
393
472
207
359
171
884
675
351
233
183
395
449
652
306
859
796
143
566
869
256
616
299
470
211
615
138
722
173
709
728
816
359
202
388
743
324
455
110
552
195
587
324
913
899
539
466
576
601
542
968
792
855
522
959
128
418
411
199
863
261
269
772
983
310
201
978
443
595
0
207
304
716
980
979
542
833
708
734
641
298
947
980
484
943
891
863
236
539
180
195
190
372
425
527
673
392
701
386
473
293
300
267
673
569
792
399
548
299
949
953
225
864
811
324
679
639
755
104
170
560
566
102
174
979
989
623
137
949
892
751
263
708
953
450
504
658
706
595
155
287
680
774
132
991
594
496
586
896
422
976
110
251
996
791
911
603
593
583
298
225
763
236
328
357
934
483
620
180
207
0
952
855
617
322
555
487
349
694
877
393
277
710
129
712
650
387
828
829
745
155
502
378
590
749
405
581
534
986
910
257
974
278
806
105
354
868
635
690
758
812
123
706
417
650
338
823
625
557
604
266
312
564
811
423
345
485
107
956
804
880
348
872
958
644
780
973
502
656
892
431
688
169
977
554
506
592
225
850
140
111
445
470
952
325
431
148
676
938
996
767
200
283
279
336
295
911
566
654
304
952
0
419
981
678
138
521
754
335
927
770
817
931
975
997
600
600
246
602
209
247
244
803
736
271
852
794
563
466
106
252
237
888
566
891
601
445
899
837
474
695
781
189
509
828
705
840
151
455
300
840
873
847
139
313
725
708
472
576
267
991
476
782
562
610
748
593
271
868
701
399
536
997
234
991
636
413
175
127
625
935
309
589
169
925
762
139
847
926
970
267
824
815
874
931
942
955
114
498
716
855
419
0
991
736
148
493
300
105
445
613
182
915
834
626
798
672
769
719
517
318
717
924
936
578
649
680
248
555
959
141
560
258
258
284
507
761
183
883
283
358
868
451
614
947
129
741
925
285
161
965
638
610
250
620
513
774
695
709
266
447
819
160
743
718
129
376
183
626
440
486
524
626
464
751
877
320
827
525
486
326
236
779
783
606
337
488
542
586
606
472
728
279
920
453
667
894
221
965
980
617
981
991
0
277
946
893
572
715
351
459
664
402
977
895
837
938
212
659
301
894
965
608
142
294
777
236
640
726
705
122
159
476
481
201
223
594
934
407
102
149
374
197
736
179
908
190
330
571
174
614
908
428
592
396
526
937
713
647
292
564
281
643
585
121
657
528
877
990
106
122
622
429
842
561
307
908
660
837
692
239
364
966
205
641
398
589
205
874
191
831
305
317
401
843
109
589
623
357
979
322
678
736
277
0
504
911
173
275
539
715
364
848
747
249
879
106
799
405
650
112
348
555
214
819
919
146
745
339
123
492
322
464
738
318
953
241
701
156
290
635
271
541
339
489
861
835
914
807
227
217
203
375
534
796
339
104
271
229
737
603
651
913
577
877
433
494
140
200
936
722
623
785
462
903
959
603
295
706
611
181
195
820
484
351
618
221
284
680
397
335
578
186
324
637
869
190
236
240
542
555
138
148
946
504
0
886
830
778
284
535
650
542
282
664
122
975
621
691
403
656
147
130
173
697
892
849
915
720
337
659
392
984
767
593
996
685
867
290
343
103
909
809
289
723
496
407
289
194
953
199
367
691
195
382
448
339
971
693
167
925
972
474
481
737
887
771
372
954
826
939
481
262
168
542
361
633
439
736
605
116
940
267
308
178
174
142
126
211
301
271
684
346
735
693
891
234
608
404
833
487
521
493
893
911
886
0
827
357
569
543
864
283
320
194
454
210
828
815
818
748
731
366
895
201
789
175
971
267
451
379
910
105
433
243
777
437
715
668
671
438
589
546
199
707
724
830
215
372
128
789
315
921
217
420
349
841
163
388
410
175
568
727
696
142
352
558
346
860
558
984
659
107
719
472
236
449
799
779
517
783
671
797
117
639
898
427
310
262
807
326
365
272
609
686
518
187
900
568
708
349
754
300
572
173
830
827
0
313
250
133
603
545
386
283
748
384
754
847
768
527
630
267
775
905
455
345
608
524
269
981
705
715
798
209
875
556
245
200
462
375
893
907
247
701
237
202
562
357
693
760
993
116
591
634
935
323
892
401
423
446
904
410
124
391
663
604
123
132
101
860
238
574
863
789
405
756
659
172
472
368
232
570
449
529
786
803
846
361
956
952
233
369
829
702
177
771
807
277
734
694
335
105
715
275
778
357
313
0
344
946
130
234
950
522
761
522
891
300
836
958
523
391
401
441
538
263
212
800
809
710
133
568
230
624
280
994
122
841
913
755
933
585
501
810
628
482
534
636
915
304
221
830
755
781
433
345
977
244
346
459
730
737
113
603
747
859
886
627
268
650
533
318
986
517
574
628
754
697
753
452
505
873
259
375
739
863
759
945
426
139
928
892
567
510
374
212
146
467
641
877
927
445
351
539
284
569
250
344
0
970
288
853
274
901
603
624
278
730
699
651
575
863
785
815
305
172
810
760
995
674
524
866
874
895
964
581
683
551
285
952
587
931
485
219
277
948
149
824
734
146
156
889
560
670
930
575
857
845
137
837
263
260
897
670
492
469
751
127
702
563
401
639
228
335
875
472
183
320
602
701
680
151
962
195
735
393
283
299
260
678
581
903
676
700
977
171
929
649
298
393
770
613
459
715
535
543
133
946
970
0
284
148
568
744
313
671
175
342
901
649
873
752
299
841
544
677
908
221
491
841
989
338
155
408
407
213
386
106
783
745
696
851
295
408
762
635
893
845
238
677
718
344
350
560
274
975
968
326
525
971
599
905
846
861
506
426
601
163
642
164
407
962
252
687
818
370
910
257
444
881
709
631
939
362
153
697
295
547
366
872
238
712
557
660
358
403
750
110
947
277
817
182
664
364
650
864
603
130
288
284
0
296
617
277
692
726
194
223
623
114
349
540
912
469
289
735
771
800
784
238
143
961
248
944
952
291
713
424
338
327
908
974
712
782
127
284
502
428
207
285
834
769
268
445
334
627
696
309
513
350
158
394
954
170
184
874
946
384
458
641
208
562
808
225
141
534
581
935
612
385
145
761
732
862
291
184
695
880
637
804
336
529
839
869
515
748
804
487
980
710
931
915
402
848
542
283
545
234
853
148
296
0
562
123
942
750
562
692
730
723
467
655
575
614
926
637
983
490
583
563
550
257
987
500
476
727
710
929
447
112
741
641
441
892
665
653
266
243
955
697
342
662
610
365
991
906
606
142
590
554
821
481
227
326
546
848
756
355
160
989
187
788
590
440
473
819
979
388
712
436
275
722
988
883
418
800
462
314
943
307
668
192
168
559
966
652
369
861
484
129
975
834
977
747
282
320
386
950
274
568
617
562
0
251
885
768
501
643
206
643
255
336
711
670
373
757
971
675
162
120
819
594
544
102
388
463
308
776
138
674
918
123
863
209
224
703
294
225
636
352
815
733
873
576
421
911
287
698
685
788
433
222
561
282
455
981
251
839
661
863
197
696
804
848
114
496
339
769
513
745
731
823
343
577
180
553
672
214
342
385
518
767
690
609
683
472
405
361
943
712
997
626
895
249
664
194
283
522
901
744
277
123
251
0
109
966
621
863
661
932
546
496
810
800
774
512
407
744
735
167
282
641
611
277
448
222
788
281
454
590
112
214
918
666
242
595
527
682
743
581
237
152
829
551
758
648
306
364
195
591
380
987
880
384
752
769
928
600
174
675
602
571
441
586
437
993
753
358
617
985
495
798
229
833
664
864
611
937
123
381
791
950
586
207
161
915
351
457
891
650
600
798
837
879
122
454
748
761
603
313
692
942
885
109
0
697
897
417
995
262
932
492
849
974
339
675
689
514
319
726
919
912
911
432
545
357
134
694
876
519
259
264
246
772
656
818
195
425
493
307
617
216
850
593
509
809
171
841
502
264
650
313
690
439
147
678
544
627
222
964
268
257
222
396
126
541
726
399
548
466
445
469
494
528
286
164
815
203
288
912
703
107
528
283
785
636
302
846
863
387
600
672
938
106
975
210
384
522
624
671
726
750
768
966
697
0
536
118
506
956
724
242
733
797
932
873
105
113
986
860
853
105
349
819
408
991
292
454
727
170
554
378
591
292
867
679
787
586
772
534
260
260
426
353
687
660
961
159
804
208
958
710
639
994
767
717
682
999
317
225
164
469
341
940
320
636
195
641
148
545
178
176
353
897
434
166
113
780
307
267
311
686
518
631
872
475
682
396
236
828
246
769
212
799
621
828
754
891
278
175
194
562
501
621
897
536
0
799
769
251
922
839
744
748
289
636
943
652
133
621
617
195
505
467
632
401
542
601
419
432
803
974
117
106
971
670
306
213
270
700
426
239
932
138
817
485
197
366
482
860
238
600
325
410
922
182
979
108
320
667
518
727
505
768
886
627
352
932
917
811
117
295
502
549
490
239
247
382
803
174
988
161
376
191
172
461
630
701
539
829
602
719
659
405
691
815
847
300
730
342
223
692
643
863
417
118
799
0
997
811
572
399
624
493
120
405
987
675
675
899
732
548
256
304
910
212
651
802
583
553
115
941
831
353
663
338
632
463
846
421
673
562
848
170
784
279
249
688
813
225
617
187
441
544
646
709
281
288
389
951
530
190
262
152
414
527
790
998
708
211
765
419
579
440
782
348
907
848
441
953
845
110
860
107
846
262
898
144
180
745
209
517
301
650
403
818
768
836
699
901
623
730
206
661
995
506
769
997
0
126
372
935
583
556
222
211
631
316
573
639
102
527
660
845
847
569
532
780
184
871
147
466
600
707
102
820
838
767
251
783
225
260
699
106
430
578
556
703
635
708
573
917
651
927
476
681
254
869
294
823
908
433
136
511
253
323
567
594
507
881
758
638
650
489
785
791
169
345
573
241
514
522
888
909
193
136
620
738
195
155
247
318
894
112
656
748
527
958
651
649
114
723
643
932
262
956
251
811
126
0
705
421
243
940
352
425
835
418
771
577
463
962
811
701
550
561
436
944
451
393
615
122
171
388
337
550
858
867
989
726
873
362
444
926
200
643
411
706
577
534
656
252
439
562
603
276
111
958
235
486
751
308
641
699
772
936
545
150
803
687
460
955
954
359
274
155
960
463
274
692
827
859
956
341
464
986
963
419
190
502
244
717
965
348
147
731
630
523
575
873
349
467
255
546
932
724
922
572
372
705
0
576
743
224
622
319
187
203
676
660
656
788
402
983
825
855
651
450
278
679
312
536
290
575
278
323
649
200
514
223
973
942
228
622
276
876
878
285
652
102
293
545
186
804
266
924
197
677
875
767
880
241
878
720
623
688
677
160
662
498
625
650
343
567
851
307
906
272
979
338
833
841
126
548
788
254
360
823
372
378
803
924
608
555
130
366
267
391
863
752
540
655
336
496
492
242
839
399
935
421
576
0
335
374
471
246
301
472
343
147
129
357
882
406
479
347
589
575
273
840
774
862
947
808
603
616
284
168
190
733
700
116
124
185
222
408
546
744
936
714
220
370
855
402
347
798
354
840
385
467
206
897
365
699
231
698
903
653
639
569
980
461
856
229
258
695
709
453
519
207
556
803
344
500
369
251
496
605
425
590
736
936
142
214
173
895
775
401
785
299
912
575
711
810
849
733
744
624
583
243
743
335
0
204
796
211
752
901
444
800
459
185
719
268
175
354
281
345
401
764
783
969
403
983
604
998
781
272
367
935
739
809
906
712
721
703
351
133
520
870
571
561
265
573
395
693
293
145
808
374
691
820
504
187
485
613
531
747
303
221
506
367
134
906
241
309
372
928
906
267
524
832
838
722
869
733
494
451
527
749
271
578
294
819
697
201
905
441
815
841
469
614
670
800
974
797
748
493
556
940
224
374
204
0
665
122
986
741
276
594
230
245
613
714
797
439
403
102
227
336
206
785
628
559
640
855
695
613
618
283
822
485
865
211
733
939
804
152
784
613
284
557
378
598
123
237
418
242
223
507
950
864
209
307
804
615
731
650
740
725
152
556
638
630
380
107
280
613
269
682
658
829
387
387
594
829
527
207
673
405
852
649
777
919
892
789
455
538
305
544
289
926
373
774
339
932
289
120
222
352
622
471
796
665
0
366
359
897
770
374
653
914
655
666
983
525
579
962
634
104
551
188
918
716
773
690
613
621
128
573
664
440
629
912
960
706
399
115
180
298
827
746
673
709
896
327
720
414
802
732
773
986
377
486
231
490
502
770
320
629
905
229
476
180
728
142
267
454
860
797
395
661
287
556
543
358
948
258
392
581
794
680
236
146
849
175
345
263
172
677
735
637
757
512
675
873
636
405
211
425
319
246
211
122
366
0
876
992
637
505
849
235
499
808
724
279
962
941
232
147
757
640
429
310
139
248
227
783
825
333
699
295
556
242
137
955
365
173
774
299
179
774
325
470
937
702
612
714
526
576
657
186
404
690
344
879
126
715
246
929
786
422
551
983
199
804
989
673
820
185
764
479
279
366
482
811
127
737
701
534
563
248
640
745
915
971
608
212
810
908
771
983
971
407
689
105
943
987
631
835
187
301
752
986
359
876
0
392
736
462
893
526
877
754
459
260
853
362
548
352
465
853
528
151
867
826
394
741
579
312
412
183
989
656
827
102
521
183
560
798
746
144
997
472
393
308
966
606
615
815
186
683
798
129
393
331
782
598
654
542
942
451
343
336
855
235
843
120
241
291
145
335
807
197
388
706
961
321
386
986
466
555
726
339
720
267
524
800
760
221
800
490
675
744
514
113
652
675
316
418
203
472
901
741
897
992
392
0
922
254
973
677
504
809
794
638
350
588
277
481
718
941
828
893
282
976
359
621
491
504
807
114
272
731
996
247
852
454
404
241
357
118
643
771
613
629
343
646
678
152
516
416
227
991
297
123
291
224
992
900
117
977
135
248
511
215
500
500
379
708
919
637
276
943
454
225
138
839
473
910
106
959
705
123
337
451
269
809
995
491
784
583
162
735
319
986
133
675
573
771
676
343
444
276
770
637
736
922
0
847
662
128
211
441
517
971
251
333
468
868
426
778
414
252
663
755
829
510
351
979
630
695
566
282
674
856
666
840
301
858
496
143
136
185
341
493
168
745
147
853
539
911
740
163
683
321
801
488
871
835
855
318
616
853
239
727
909
387
656
602
711
244
975
422
367
348
389
493
293
257
252
141
122
492
659
379
981
710
674
841
238
563
120
167
726
860
621
899
639
577
660
147
800
594
374
505
462
254
847
0
386
307
879
313
896
629
463
707
120
445
577
895
379
287
228
318
902
380
631
884
391
342
173
289
932
752
401
370
685
216
611
212
417
143
201
901
630
272
684
412
114
307
744
671
764
997
925
552
681
650
210
777
903
711
819
986
277
786
408
642
769
967
368
847
724
432
121
393
300
974
237
560
159
322
392
910
705
133
524
989
143
550
819
282
919
853
617
732
102
463
656
129
459
230
653
849
893
973
662
386
0
700
650
373
147
519
183
427
118
739
145
259
333
816
369
206
774
378
461
595
495
808
303
875
744
356
677
673
770
387
130
934
662
819
395
761
675
260
178
112
733
243
382
783
510
248
371
635
205
955
541
646
641
266
353
395
896
767
535
126
158
818
717
532
727
115
570
472
267
278
888
258
476
464
984
105
715
568
866
338
961
257
594
641
912
105
195
548
527
962
788
357
185
245
914
235
526
677
128
307
700
0
275
432
844
542
120
210
111
221
486
920
845
735
886
769
784
658
231
891
487
348
449
609
242
578
360
357
550
285
839
411
599
663
754
274
595
774
946
392
396
845
894
108
297
436
650
194
169
683
682
293
121
101
277
136
181
224
792
200
518
555
116
823
970
837
341
207
673
806
566
258
481
738
767
433
798
230
874
155
248
987
544
611
911
349
505
256
660
811
402
882
719
613
655
499
877
504
211
879
650
275
0
788
982
263
466
838
554
836
153
925
117
563
887
161
809
441
602
291
663
450
214
226
516
505
353
521
717
327
594
509
399
734
324
746
159
443
974
349
853
454
187
908
657
185
992
280
871
223
236
908
825
627
864
693
104
661
628
790
353
172
306
726
382
627
924
359
569
105
891
284
201
318
593
243
209
624
895
408
944
500
102
277
432
819
467
304
845
701
983
406
268
714
666
808
754
809
441
313
373
432
788
0
152
152
497
624
690
157
722
793
473
106
194
982
639
208
955
915
260
914
289
596
367
164
346
434
675
402
831
333
439
918
211
476
498
176
559
109
810
992
639
912
979
913
391
480
382
449
498
182
389
212
572
121
932
429
836
690
152
641
804
402
280
559
899
171
792
354
601
507
223
953
996
777
875
280
964
407
952
476
388
448
545
408
632
910
847
550
825
479
175
797
983
724
459
794
517
896
147
844
982
152
0
104
188
189
326
816
829
133
140
894
972
112
542
908
895
814
832
389
976
461
209
822
791
578
155
294
708
866
696
585
170
717
399
231
144
880
452
599
868
683
632
609
645
224
275
284
205
161
362
723
672
260
874
634
265
135
191
852
161
959
950
683
709
884
399
868
445
761
594
241
685
437
556
994
581
213
291
727
463
222
357
991
401
212
569
561
855
347
354
439
525
279
260
638
971
629
519
542
263
152
104
0
606
505
186
535
427
212
121
752
147
518
233
324
369
450
246
392
491
292
200
728
519
916
940
786
442
476
881
706
425
334
143
851
148
890
623
304
170
825
940
233
309
723
379
935
252
814
980
538
522
856
573
395
679
241
695
640
576
619
753
802
622
675
548
635
899
183
934
701
867
715
245
122
683
386
713
710
308
788
134
292
542
651
532
436
651
589
281
403
579
962
853
350
251
463
183
120
466
497
188
606
0
708
282
470
104
486
227
710
784
817
719
620
730
646
898
810
369
897
235
262
388
884
173
774
991
696
621
635
699
104
523
164
894
829
107
564
289
274
987
335
894
948
713
913
555
384
935
101
286
409
953
563
649
926
982
712
490
733
196
921
139
351
299
690
837
883
407
156
290
668
200
841
551
106
424
929
776
281
694
454
601
802
780
944
450
575
345
102
962
941
362
588
333
707
427
210
838
624
189
505
708
0
591
910
941
346
444
938
905
890
724
246
139
762
914
764
384
129
573
432
223
529
369
622
805
613
102
779
371
129
831
447
888
945
971
449
386
447
676
866
937
549
832
784
318
141
762
780
433
235
206
563
726
971
590
175
650
250
180
349
293
233
949
758
474
283
102
290
343
671
462
913
285
783
338
447
138
454
876
727
419
583
184
451
278
273
401
227
634
232
548
277
468
120
118
111
554
690
326
186
282
591
0
722
422
497
874
203
355
835
912
308
932
190
445
347
557
986
536
328
715
554
406
321
598
527
722
134
504
428
417
817
677
588
424
995
617
421
229
745
333
378
965
953
247
968
255
719
546
819
325
111
134
823
786
960
782
385
539
379
303
183
953
812
695
358
149
635
103
438
375
755
952
745
327
112
674
590
519
170
432
553
871
393
679
840
764
336
104
147
352
481
868
445
739
221
836
157
816
535
470
910
722
0
155
894
344
571
615
850
594
248
181
460
291
823
498
487
819
432
943
833
668
897
610
272
958
662
413
829
832
751
459
171
209
669
409
545
775
105
150
467
354
600
450
214
929
143
622
544
254
972
602
584
265
771
102
620
806
465
737
395
225
123
781
868
374
271
909
589
893
933
587
696
908
741
918
112
259
554
803
115
147
615
312
774
783
206
551
757
465
718
426
577
145
486
153
722
829
427
104
941
422
155
0
997
463
418
659
266
947
382
236
752
540
571
398
783
753
170
569
728
927
611
117
284
409
942
636
630
353
135
570
488
228
335
249
547
635
474
128
606
584
857
220
898
985
222
759
439
732
935
404
960
224
960
728
222
337
410
315
449
864
706
189
451
197
541
809
546
907
585
931
851
974
641
123
214
264
378
974
941
466
122
536
862
969
785
188
640
853
941
778
895
259
920
925
793
133
212
486
346
497
894
997
0
494
218
910
579
450
803
283
698
537
834
646
364
678
389
680
172
477
874
379
447
178
463
700
517
373
296
906
695
157
106
953
620
423
314
475
588
211
840
642
835
869
759
623
346
870
281
780
141
229
452
778
545
270
318
703
652
811
417
509
614
736
339
289
199
247
501
485
295
712
441
863
918
246
591
117
831
600
171
290
947
403
628
918
429
528
828
414
379
333
845
117
473
140
121
227
444
874
344
463
494
0
723
419
476
586
755
336
704
500
276
878
891
735
348
744
370
602
222
969
448
788
540
949
865
308
169
156
267
340
857
639
611
702
626
746
161
535
483
934
146
831
687
319
956
163
433
577
618
539
615
970
566
413
826
969
306
324
650
828
947
179
489
723
707
701
810
219
408
782
892
209
666
772
292
106
353
707
388
575
808
983
559
716
310
151
893
252
287
816
735
563
106
894
752
710
938
203
571
418
218
723
0
248
960
869
418
471
625
455
751
692
998
799
495
703
759
944
237
768
991
233
225
753
955
280
216
313
165
121
323
640
394
151
976
310
522
241
264
196
320
329
915
374
737
260
937
701
511
262
858
965
838
515
142
492
859
679
338
705
129
908
861
496
724
237
628
277
762
127
665
224
242
656
867
971
663
102
337
278
603
604
640
773
139
867
282
663
228
369
886
887
194
972
147
784
905
355
615
659
910
419
248
0
899
944
761
578
139
680
533
492
199
246
202
434
217
162
305
850
925
542
481
969
641
520
880
544
788
794
565
161
222
677
256
206
497
983
829
781
662
838
608
657
971
724
948
135
614
205
750
815
586
400
314
913
796
639
823
840
741
190
835
407
830
202
482
948
635
284
653
703
595
818
679
670
338
820
550
323
616
998
855
690
248
826
976
755
318
206
769
161
982
112
518
817
890
835
850
266
579
476
960
899
0
165
652
656
128
981
480
810
538
930
452
337
769
212
501
737
560
841
235
630
642
195
918
540
213
385
851
818
106
269
525
729
864
339
438
342
463
320
103
656
663
215
244
814
670
541
764
194
836
953
819
528
143
755
625
151
925
330
914
289
215
562
534
149
893
502
266
294
527
195
787
306
632
838
858
649
284
781
695
613
227
394
359
829
902
774
784
809
639
542
233
719
724
912
594
947
450
586
869
944
165
0
820
531
493
186
174
765
503
706
687
382
488
244
853
606
717
740
165
363
285
838
420
310
991
627
184
124
133
731
305
690
543
131
256
284
214
296
810
872
590
910
834
382
267
492
465
248
745
106
664
571
566
104
557
455
285
571
807
194
372
357
636
824
845
428
243
225
682
425
586
213
463
767
867
200
168
272
613
621
783
741
621
510
380
378
658
441
208
908
324
620
246
308
248
382
803
755
418
761
652
820
0
706
719
945
503
263
265
961
471
297
721
311
790
639
491
923
942
577
939
619
709
296
179
841
109
318
303
935
376
781
395
104
500
643
373
550
865
708
835
378
119
417
365
255
494
193
292
691
560
407
869
170
604
300
161
174
227
953
128
693
915
734
238
207
955
636
743
493
772
270
846
251
989
514
190
367
618
128
825
579
491
351
631
461
231
602
955
895
369
730
139
932
181
236
283
336
471
578
656
531
706
0
254
715
586
924
756
159
788
727
550
479
248
983
331
495
144
570
696
441
800
906
455
899
998
441
517
477
815
899
333
912
325
536
738
979
685
596
761
751
148
477
801
539
579
658
145
691
851
514
256
560
266
840
965
614
217
199
789
760
304
146
677
285
697
352
581
307
534
700
421
783
726
223
733
935
283
573
333
312
504
979
884
595
891
291
915
814
450
646
762
190
460
752
698
704
625
139
128
493
719
254
0
307
205
233
450
452
830
280
163
470
145
481
750
525
783
614
496
189
135
309
535
873
694
477
834
352
382
158
766
279
196
203
968
191
913
233
751
642
611
394
695
627
297
974
147
575
391
889
616
566
312
873
638
908
203
367
315
993
221
156
718
834
342
815
237
617
260
426
673
225
873
973
700
739
822
664
699
412
807
630
391
495
487
663
260
832
246
898
914
445
291
540
537
500
455
680
981
186
945
715
307
0
848
613
620
998
114
284
688
646
486
619
331
875
805
117
449
185
813
221
646
144
287
606
715
347
214
207
792
714
887
449
888
155
169
271
758
790
442
378
806
882
349
453
969
357
515
706
299
102
564
847
610
428
375
691
921
116
830
889
344
769
662
733
152
216
260
239
562
260
362
942
116
809
485
440
295
183
114
695
342
808
348
450
914
389
392
810
764
347
823
571
834
276
751
533
480
174
503
586
205
848
0
236
658
311
405
106
436
260
240
233
984
640
183
789
343
922
118
297
264
349
517
819
979
977
292
941
727
688
561
892
787
909
120
740
415
506
642
737
427
171
671
873
191
600
876
601
470
174
811
139
250
592
534
195
217
591
755
560
350
268
610
873
829
850
426
932
848
699
444
228
124
906
865
629
556
989
272
566
173
303
449
214
289
976
491
369
384
557
498
398
646
878
692
492
810
765
263
924
233
613
236
0
402
217
420
693
870
794
160
168
213
999
794
493
584
886
736
893
257
439
224
411
371
195
526
678
516
975
357
275
535
565
725
687
730
732
953
892
374
496
766
619
870
355
214
756
211
979
423
313
620
396
796
382
420
634
781
670
560
445
365
576
551
593
353
138
170
106
926
622
185
712
211
912
242
656
731
282
289
875
609
226
596
461
292
897
129
986
487
783
364
891
998
199
538
503
265
756
450
620
658
402
0
216
326
253
826
976
212
559
881
712
571
923
697
855
611
562
366
795
271
977
267
908
694
424
196
648
303
260
956
774
920
925
673
635
747
904
399
602
306
363
159
948
327
520
615
989
345
725
513
526
339
448
349
935
433
930
274
334
991
421
758
509
687
817
784
430
200
276
222
721
733
960
137
827
996
674
932
744
242
516
367
209
200
235
573
536
819
753
678
735
799
246
930
706
961
159
452
998
311
217
216
0
758
435
845
700
302
435
339
608
511
788
488
661
193
987
297
218
261
802
284
780
441
660
354
304
992
418
694
145
919
238
264
929
549
544
194
562
384
539
847
567
524
569
138
623
485
708
774
937
104
339
841
323
345
575
975
627
906
911
648
809
660
485
279
578
643
876
408
703
939
706
955
102
247
856
752
356
578
505
164
822
728
262
432
328
432
170
389
348
495
202
452
687
471
788
830
114
405
420
326
758
0
298
138
245
519
939
274
230
853
877
226
377
685
386
896
896
161
594
418
655
338
995
397
554
490
763
121
448
537
125
519
755
844
917
904
343
845
266
307
652
820
116
722
137
107
472
695
713
271
971
163
892
977
857
968
696
606
287
306
171
961
197
249
556
411
878
546
351
804
399
365
521
852
666
401
677
360
353
346
791
519
388
223
715
943
569
680
744
703
434
337
382
297
727
280
284
106
693
253
435
298
0
952
267
957
886
338
185
345
871
997
443
681
622
585
698
769
522
901
580
952
785
212
670
926
441
638
803
951
464
917
365
227
912
114
784
895
351
932
458
430
472
173
949
956
576
709
647
229
693
388
401
244
845
326
309
142
698
364
841
159
366
688
703
706
285
744
133
152
115
173
183
454
840
370
673
357
521
434
578
916
884
529
554
833
728
172
370
759
217
769
488
721
550
163
688
436
870
826
845
138
952
0
466
540
313
181
808
603
376
215
566
540
300
782
846
411
454
118
340
589
862
808
149
349
807
787
963
888
363
189
633
335
207
412
706
973
644
846
858
998
424
709
892
804
267
266
292
737
167
410
423
346
137
525
513
590
685
195
502
804
482
813
635
577
652
936
520
784
180
774
560
404
301
685
770
550
717
675
155
940
173
369
406
668
927
477
602
944
162
212
244
311
479
470
646
260
794
976
700
245
267
466
0
392
567
956
377
545
690
384
735
704
543
763
231
697
351
597
360
250
733
658
637
479
370
862
409
851
619
432
315
578
316
106
452
379
449
692
411
188
663
728
751
880
991
447
564
603
925
175
446
459
837
971
350
554
788
591
264
208
860
225
708
534
102
714
870
613
298
299
798
241
858
216
387
285
327
402
294
786
774
622
321
897
611
874
222
237
305
501
853
790
248
145
486
240
160
212
302
519
957
540
392
0
534
642
114
652
781
804
166
929
255
405
488
953
445
137
471
719
559
526
518
513
570
664
961
663
988
995
790
907
859
246
978
431
378
486
180
849
741
816
263
348
476
819
281
651
972
568
904
730
263
599
158
821
433
380
650
958
238
617
573
656
293
220
571
284
827
179
746
357
496
611
130
839
594
831
708
442
991
805
598
610
117
379
969
768
850
737
606
639
983
481
619
233
168
559
435
939
886
313
567
534
0
681
183
612
598
775
699
530
135
985
442
969
427
849
232
962
924
274
470
110
117
526
982
187
290
835
458
717
848
681
736
781
848
516
222
255
372
359
708
872
782
160
643
913
474
727
410
737
260
905
394
481
222
987
313
710
600
187
917
252
545
370
561
557
746
774
144
118
143
212
934
411
509
333
866
476
696
613
527
272
284
447
448
991
925
560
717
491
331
750
331
984
213
881
339
274
338
181
956
642
681
0
766
332
643
305
725
827
364
672
226
932
393
447
514
231
271
932
352
592
884
716
835
220
409
454
675
891
517
578
543
157
445
551
606
352
358
202
953
958
562
743
585
577
481
696
124
113
897
846
954
227
561
880
690
639
325
441
651
439
186
855
265
378
673
325
997
643
136
417
662
599
399
439
696
881
621
102
722
958
409
178
788
233
542
841
740
923
495
525
875
640
999
712
608
230
185
808
377
114
183
766
0
908
312
159
101
692
516
209
727
900
903
983
646
322
590
758
865
607
182
857
865
547
782
609
489
995
362
941
603
467
574
788
395
282
294
388
450
644
610
718
121
877
737
142
391
603
670
861
170
326
282
384
439
994
410
544
927
562
804
402
573
598
709
470
472
771
185
143
819
663
734
918
585
706
635
779
134
662
942
463
540
225
481
235
165
942
144
783
805
183
794
571
511
853
345
603
545
652
612
332
908
0
251
162
854
310
700
782
178
767
974
304
438
880
474
876
938
318
961
538
623
372
316
525
420
739
424
800
648
362
554
216
341
729
426
743
504
780
748
129
657
433
887
352
663
747
492
506
184
546
455
752
147
767
922
646
476
603
266
347
395
123
896
937
393
613
341
201
395
754
324
211
170
425
699
371
504
413
636
700
949
753
969
630
363
577
570
614
117
789
493
923
788
877
871
376
690
781
598
643
312
251
0
851
965
161
169
801
294
991
300
235
918
418
703
654
146
900
386
139
627
548
735
556
924
825
160
180
860
613
659
185
250
153
697
324
658
973
593
376
528
494
771
558
604
859
469
426
874
848
981
769
678
717
182
709
681
276
924
798
693
237
327
702
308
629
493
901
761
274
746
476
717
334
104
129
428
829
630
517
865
955
641
642
285
939
696
496
449
343
584
697
488
226
997
215
384
804
775
305
159
162
851
0
941
324
681
917
907
122
568
196
264
565
907
403
232
332
738
920
192
955
181
213
758
231
296
271
528
748
168
398
337
654
866
455
706
502
271
183
877
140
372
346
123
886
751
601
946
756
251
928
544
682
979
281
254
111
197
354
293
418
720
612
966
343
168
630
675
595
159
498
399
143
523
831
417
832
353
373
308
280
520
195
838
619
441
189
185
922
886
855
661
377
443
566
735
166
699
725
101
854
965
941
0
857
154
152
663
630
599
851
973
875
346
690
419
995
881
459
887
885
472
812
588
838
845
652
759
496
274
583
146
544
279
110
595
656
868
626
990
200
954
860
132
627
127
163
384
355
839
600
627
999
108
288
869
958
677
840
145
242
414
714
606
646
745
272
260
774
443
176
231
851
164
447
817
751
135
296
169
216
880
918
420
709
800
135
813
118
736
611
193
685
681
540
704
929
530
827
692
310
161
324
857
0
435
903
165
977
415
879
128
200
780
155
992
233
961
775
825
920
511
941
897
867
932
514
857
663
961
626
865
924
886
552
155
892
701
440
106
936
826
558
101
268
702
642
458
160
661
174
222
317
320
389
294
235
875
385
808
223
802
526
615
678
147
684
178
946
974
559
144
148
894
888
677
459
570
906
156
313
544
540
310
296
906
309
221
297
893
562
987
386
622
300
543
255
135
364
516
700
169
681
154
435
0
162
793
686
181
462
942
803
107
428
204
526
677
624
893
741
462
920
281
947
499
333
427
724
587
196
676
800
636
195
287
431
399
486
122
722
939
984
860
650
563
164
641
989
863
675
964
225
667
951
823
486
767
467
374
507
732
576
815
152
853
412
112
392
349
109
880
890
829
945
588
171
488
695
267
165
788
213
991
179
455
535
646
264
257
366
297
896
585
782
763
405
985
672
209
782
801
917
152
903
162
0
105
299
957
765
917
517
983
585
516
895
810
504
460
248
276
848
640
301
535
895
855
585
987
968
946
713
799
587
680
688
536
524
622
623
481
659
238
533
401
407
208
187
197
602
268
164
518
530
908
751
880
206
691
950
773
657
186
516
539
114
733
396
853
810
452
623
107
971
424
209
228
157
340
121
794
385
627
841
899
873
144
349
439
795
218
896
698
846
231
488
442
226
727
178
294
907
663
165
793
105
0
937
889
311
150
731
774
538
686
364
222
294
193
846
127
394
948
192
850
970
990
432
879
453
764
335
884
324
774
169
997
626
429
785
262
107
574
318
639
962
562
788
696
571
257
469
727
190
433
308
241
897
820
864
986
186
683
416
911
307
243
845
454
992
599
304
564
449
995
669
335
106
857
323
565
851
184
109
998
694
287
517
224
271
261
161
769
411
697
953
969
932
900
767
991
122
630
977
686
299
937
0
503
102
384
800
228
359
274
327
788
953
455
369
462
778
700
196
910
827
941
749
761
518
518
916
891
913
132
977
234
464
842
462
168
719
863
986
228
252
808
590
804
441
222
341
505
262
136
641
878
365
504
209
377
404
798
227
740
744
382
894
187
639
868
170
289
386
617
409
249
953
639
640
161
818
124
318
441
477
606
819
411
977
802
594
522
454
351
445
427
393
903
974
300
568
599
415
181
957
889
503
0
212
356
303
567
876
892
965
890
461
151
160
523
685
550
371
404
978
393
269
922
327
257
202
164
899
991
554
991
751
561
903
542
472
789
517
335
687
225
440
848
586
396
940
768
152
511
699
720
699
187
307
486
690
129
991
163
671
783
108
908
912
683
825
274
447
421
545
547
620
611
394
222
106
133
303
517
834
715
979
371
267
284
418
901
118
597
137
849
447
983
304
235
196
851
879
462
765
311
102
212
0
667
761
281
117
868
794
439
650
394
702
203
805
251
396
301
397
910
404
600
551
649
871
549
539
594
506
636
877
307
959
361
236
405
574
875
818
141
473
114
437
126
320
886
414
253
772
623
231
485
804
231
344
393
297
683
764
510
297
657
979
632
940
987
676
229
775
635
423
702
151
677
269
731
935
477
352
347
977
195
908
780
655
580
340
360
471
232
514
646
438
918
264
973
128
942
917
150
384
356
667
0
489
922
727
134
458
799
562
240
309
209
903
854
412
240
682
194
969
180
453
246
644
119
466
496
592
413
320
908
603
633
449
756
628
472
370
534
819
496
993
541
636
627
527
323
936
688
698
613
615
490
879
331
123
321
997
248
436
185
913
609
233
335
866
745
105
474
314
626
976
256
525
305
376
815
382
214
292
526
694
441
338
952
589
250
719
962
231
322
880
418
565
875
200
803
517
731
800
303
761
489
0
909
619
667
136
585
948
744
221
115
630
676
735
745
844
523
767
744
662
862
761
113
576
586
225
175
827
660
295
439
799
659
754
183
910
581
979
339
753
726
195
352
790
567
545
677
903
531
731
502
126
782
291
801
925
371
650
992
391
645
309
894
937
333
150
128
475
746
310
206
729
690
781
899
158
207
941
678
424
660
995
785
862
733
559
924
271
590
474
703
907
346
780
107
983
774
228
567
281
922
909
0
865
263
257
799
758
411
797
507
782
200
314
238
380
134
191
332
552
385
714
569
601
896
850
127
525
837
706
736
779
172
697
320
257
935
388
769
358
399
641
932
998
594
150
160
653
747
650
770
715
598
224
488
552
635
194
280
480
224
723
948
549
378
467
606
588
161
522
497
864
543
395
333
766
792
727
516
196
354
397
212
808
658
526
274
932
758
876
654
403
690
155
428
585
538
359
876
117
727
619
865
0
639
465
976
486
260
350
886
679
715
681
852
661
896
647
990
978
909
877
266
542
422
140
625
486
692
611
605
517
472
753
602
444
612
712
513
617
548
148
917
708
507
803
662
639
303
740
320
246
654
992
871
681
205
169
871
382
275
379
713
832
965
354
584
211
535
241
983
339
131
104
912
279
714
688
975
648
304
554
670
149
637
518
470
352
865
938
146
232
419
992
204
516
686
274
892
868
134
667
263
639
0
292
451
806
443
947
639
624
910
923
150
600
363
725
231
487
826
415
391
968
976
111
935
326
239
181
116
783
368
452
701
881
385
436
745
985
466
545
811
211
881
687
498
569
221
725
629
929
542
900
835
650
955
683
223
449
284
935
913
784
953
600
857
840
483
264
829
438
256
500
325
196
887
561
357
303
992
490
926
349
479
513
110
592
607
318
900
332
995
233
526
895
364
327
965
794
458
136
257
465
292
0
222
193
939
693
779
584
842
478
516
487
171
559
820
478
712
402
566
792
110
445
309
236
364
195
940
671
232
505
680
709
145
275
731
495
445
178
117
765
758
460
625
980
506
152
905
786
942
117
855
210
541
682
236
498
205
252
555
318
247
450
220
642
934
196
781
342
284
643
536
203
449
892
275
260
418
763
441
807
370
570
117
884
182
961
386
738
881
961
677
810
222
788
890
439
799
585
799
976
451
222
0
281
438
182
397
737
242
527
756
330
258
373
153
862
200
459
130
855
251
470
589
779
966
820
267
797
570
873
151
631
761
722
823
798
469
176
295
419
638
955
650
461
367
556
229
422
451
977
318
777
646
293
908
182
161
814
384
141
968
214
898
835
146
320
662
463
214
373
738
968
888
787
535
956
694
121
638
787
862
664
526
716
857
538
139
920
459
775
624
504
294
953
461
650
562
948
758
486
806
193
281
0
837
434
880
635
450
353
798
384
943
549
788
682
564
190
972
522
996
952
169
783
205
484
308
117
449
259
962
939
732
988
343
229
494
353
502
579
650
954
343
856
134
638
476
551
343
135
616
903
641
121
825
389
362
980
935
762
255
929
985
869
831
329
838
320
296
550
979
191
155
909
565
774
145
448
803
963
409
961
982
835
865
623
627
192
887
825
893
460
193
455
151
394
240
744
411
260
443
939
438
837
0
421
974
130
951
871
271
451
213
147
882
882
537
670
508
959
791
325
925
606
641
351
178
639
529
375
195
362
862
883
577
833
528
897
549
440
489
359
567
229
906
630
180
983
336
248
853
711
266
101
627
212
723
538
101
780
719
143
222
759
687
915
608
103
810
865
685
913
169
120
725
920
919
537
951
888
851
663
187
220
547
372
548
955
885
920
741
248
846
369
160
702
309
221
797
350
947
693
182
434
421
0
487
430
315
610
659
325
796
376
483
642
967
632
715
128
911
431
762
337
398
618
174
898
786
739
735
153
291
418
180
664
286
434
490
782
785
274
851
258
241
380
728
199
855
511
239
819
353
277
864
572
672
522
286
433
546
622
759
623
319
374
657
656
872
708
596
233
271
740
687
925
238
125
464
363
619
988
290
409
782
316
735
181
472
511
462
276
127
462
523
203
209
115
507
886
639
779
397
880
974
487
0
141
892
393
401
923
120
163
706
960
269
697
901
418
603
148
139
488
589
221
142
427
803
863
393
697
184
800
553
864
164
166
239
348
791
155
307
695
309
107
142
804
235
215
727
986
395
136
693
121
260
856
409
235
819
544
439
346
956
737
971
663
590
835
761
751
758
415
730
673
264
519
917
189
432
995
835
454
609
525
556
213
812
941
920
848
394
778
685
805
903
630
782
679
624
584
737
635
130
430
141
0
