0
901
0
0
523
94
83
884
74
0
0
100
78
0
0
0
0
0
690
444
714
0
712
714
104
913
0
0
694
91
114
0
902
643
0
0
82
703
0
0
693
102
0
707
60
889
696
0
125
0
0
0
67
60
0
0
0
59
41
63
699
0
53
0
0
911
0
0
62
685
51
0
69
0
713
67
894
64
55
886
106
0
0
723
872
902
0
72
61
729
0
881
63
914
85
0
728
0
0
70
901
0
0
0
0
0
890
892
63
0
0
728
0
0
0
57
43
85
45
703
65
61
54
0
92
886
75
0
0
0
908
0
112
0
0
0
76
0
0
91
0
888
75
0
47
69
0
722
0
60
473
0
0
0
0
0
0
0
0
0
0
0
0
84
75
887
0
0
0
157
0
0
49
72
0
0
878
0
0
1
909
0
39
0
918
878
0
785
907
470
0
895
0
895
69
66
74
0
0
76
0
0
0
713
30
0
0
0
15
0
84
910
75
894
719
902
0
0
0
88
0
55
44
0
89
0
0
882
903
0
688
911
711
0
683
678
0
0
735
695
909
701
61
0
92
80
0
46
687
0
0
917
0
0
0
668
86
90
876
0
47
0
0
0
75
693
31
0
882
65
0
423
0
30
64
875
76
731
895
87
0
911
0
699
0
0
0
81
680
0
0
96
720
0
0
44
66
0
703
663
0
0
713
0
0
72
0
88
0
0
54
0
0
0
693
0
46
688
707
0
0
0
0
83
684
0
914
70
0
95
725
91
0
0
708
934
0
0
0
659
0
705
27
920
0
0
0
0
666
0
703
0
909
896
921
895
0
938
75
716
0
906
689
0
905
0
62
0
0
0
0
0
0
699
0
706
0
894
99
0
0
0
0
861
89
0
0
699
690
0
902
35
712
0
688
882
979
895
72
874
523
0
30
0
0
0
0
0
0
66
699
82
0
75
0
855
312
85
0
56
63
68
879
0
0
0
0
933
908
83
84
880
0
0
0
0
0
79
0
0
922
0
899
56
0
0
0
716
0
0
0
888
0
0
731
74
84
0
60
0
68
667
0
0
0
0
62
91
885
0
60
0
708
901
87
883
59
0
89
0
0
73
0
0
66
47
478
0
0
61
0
0
0
709
0
696
683
0
282
683
94
0
0
72
0
0
0
15
672
0
722
0
0
0
71
0
0
919
921
0
917
105
755
880
0
0
0
0
56
709
0
0
0
54
924
43
877
0
0
59
0
0
79
713
906
76
50
914
68
877
885
0
0
94
0
0
855
63
66
78
0
0
0
884
0
0
906
0
50
73
0
692
0
74
100
0
50
0
710
0
696
665
0
704
71
0
60
668
0
856
0
0
932
722
0
0
0
0
917
79
83
890
0
0
0
0
0
885
0
96
0
100
0
905
692
0
0
81
100
106
0
0
0
45
0
929
637
0
233
696
49
0
890
0
96
0
713
0
0
0
58
906
0
0
0
92
686
0
705
0
0
0
0
316
0
0
698
0
59
100
729
59
0
58
51
68
71
629
0
0
0
0
927
0
48
52
89
0
0
891
48
0
68
0
73
875
71
81
913
0
707
911
0
886
915
0
0
0
0
0
884
892
0
88
0
15
885
0
0
47
0
91
0
0
50
97
0
697
0
0
81
0
0
0
90
45
88
0
684
0
44
0
895
713
0
56
672
0
679
0
455
96
711
579
697
79
0
0
97
98
0
719
703
79
0
0
117
0
0
48
0
0
0
0
0
879
67
0
688
689
707
676
876
710
82
0
922
59
683
918
99
680
0
94
927
879
0
0
88
56
725
919
0
913
878
0
0
53
0
0
74
63
15
0
0
672
0
0
0
919
448
59
907
0
0
105
0
0
669
1000
0
647
683
0
915
681
40
0
0
906
0
0
0
881
59
0
0
894
391
65
56
89
0
664
0
699
73
0
61
0
62
67
0
54
94
0
73
721
674
930
0
50
910
679
52
0
658
675
85
891
911
70
0
64
78
0
0
89
0
0
651
94
874
694
79
688
0
887
0
80
56
85
0
0
0
675
0
60
0
0
0
0
0
0
66
0
96
47
919
0
81
0
935
682
89
680
62
0
0
893
57
0
0
191
687
0
61
0
36
88
0
700
698
896
0
0
0
915
91
0
0
664
0
674
0
0
0
693
882
0
645
0
682
717
710
689
922
0
0
902
0
0
893
109
52
0
0
901
690
886
931
23
664
0
0
58
93
0
72
0
80
722
105
48
672
0
33
98
58
0
0
0
0
0
45
0
678
729
704
0
0
0
84
54
699
722
0
0
448
81
0
726
916
0
0
0
63
0
0
874
0
0
0
0
907
590
70
32
100
888
0
0
0
66
0
0
0
908
903
696
109
0
60
0
0
0
0
702
909
0
0
741
0
0
677
0
3
0
72
864
707
717
898
0
0
0
0
168
0
931
887
63
715
89
715
0
712
0
74
63
90
0
64
73
0
723
83
912
0
0
0
0
38
705
345
690
97
62
696
665
100
728
910
0
82
0
100
91
59
0
726
0
83
908
72
912
696
0
0
680
0
700
898
55
0
663
0
860
859
0
0
918
0
0
0
0
0
0
722
0
900
105
906
0
97
1
0
687
0
0
0
917
79
55
79
0
0
89
862
29
73
720
0
714
0
39
690
692
91
30
672
0
71
897
36
890
0
0
101
60
721
872
0
0
0
64
0
0
0
78
0
68
64
48
104
82
0
89
83
720
78
0
75
0
0
0
0
0
907
935
916
83
0
112
111
680
79
713
0
897
54
702
56
0
873
0
0
708
0
893
0
0
89
113
0
62
73
879
864
698
0
71
84
0
485
664
0
0
906
699
0
102
0
0
0
686
906
0
0
911
88
0
935
0
0
705
62
84
0
90
905
868
86
0
0
0
0
684
0
712
0
62
861
704
0
65
68
896
691
0
76
689
0
70
0
93
0
0
0
681
0
0
894
0
75
0
905
0
0
682
0
908
112
0
60
857
0
0
0
108
0
0
898
73
0
0
0
872
909
0
0
922
631
0
0
0
0
45
0
0
855
685
86
61
0
0
0
79
81
0
695
931
45
87
105
727
0
0
934
99
70
699
682
64
1
0
0
82
66
0
448
0
0
880
54
899
692
0
869
48
0
910
0
0
0
0
0
0
0
70
0
0
0
0
67
0
0
710
654
714
0
0
719
693
0
71
692
50
0
89
0
72
111
60
0
0
0
878
82
0
883
876
0
63
702
78
712
70
0
701
738
67
698
0
892
0
78
0
89
731
0
680
73
0
65
0
160
925
714
886
887
0
0
0
212
707
0
0
0
92
0
0
0
882
685
0
906
0
0
0
0
42
692
72
0
708
0
0
0
0
0
701
82
61
87
66
906
0
709
58
702
0
896
71
692
0
0
0
879
0
0
57
902
0
855
0
0
97
105
680
0
912
680
857
0
0
91
115
0
90
0
730
910
680
0
718
45
876
926
59
95
876
674
0
0
0
0
0
189
724
891
0
107
0
0
0
0
33
0
0
85
906
0
34
0
705
0
0
899
0
80
0
0
709
693
0
73
0
62
0
658
732
0
888
903
916
82
76
862
0
28
935
380
0
0
711
62
0
701
0
303
0
80
64
59
691
0
85
686
0
0
43
0
46
312
0
0
0
0
62
63
696
79
0
0
91
0
0
0
54
0
715
50
65
0
0
33
0
0
285
0
0
0
0
0
871
0
711
220
884
682
0
0
884
0
46
757
679
66
19
105
0
913
896
883
912
0
922
0
0
707
901
0
0
907
0
56
696
0
0
0
82
723
0
693
0
0
909
0
96
0
76
0
892
84
49
0
76
0
90
19
90
0
664
0
875
50
936
0
894
0
85
0
688
85
919
81
697
0
0
0
0
713
0
878
115
0
0
945
0
924
875
378
884
0
0
75
698
0
0
91
52
0
0
65
635
889
688
0
92
0
0
688
68
904
0
896
87
0
875
925
0
0
0
78
0
0
0
0
86
59
0
25
890
97
0
943
0
69
717
0
93
0
695
0
0
71
683
0
659
0
720
730
91
0
0
913
0
0
876
90
688
928
703
0
67
0
0
897
0
690
45
0
707
0
921
100
0
669
0
0
0
0
0
82
0
0
945
0
44
860
80
690
905
641
0
0
75
58
41
45
689
73
0
935
0
883
0
0
105
0
0
0
72
888
76
923
73
0
891
914
0
0
0
0
345
0
710
712
728
76
700
0
927
0
0
34
712
0
0
49
0
0
70
701
0
0
705
708
0
711
0
0
705
61
0
901
687
62
901
0
0
907
59
707
0
43
0
82
493
444
703
88
0
56
0
106
0
1000
893
874
680
897
108
0
90
54
0
44
0
0
36
0
715
905
0
0
684
0
66
0
720
701
59
0
0
0
899
886
709
64
71
69
0
0
0
79
65
904
0
77
693
77
0
0
66
879
12
88
901
0
82
81
74
716
712
64
65
31
79
898
62
0
48
66
74
686
83
0
0
0
78
896
0
0
0
704
932
0
101
0
0
0
46
90
85
0
0
750
0
714
65
0
0
63
917
0
81
0
57
0
0
54
0
883
0
0
924
860
0
0
902
0
901
0
0
67
109
715
0
0
0
55
685
904
0
51
710
32
75
705
715
77
0
927
40
100
931
0
845
889
0
38
0
93
0
0
0
0
0
748
0
0
64
0
0
882
0
697
0
0
0
0
0
728
429
0
0
98
66
0
75
0
0
0
0
918
63
694
89
0
0
909
0
0
0
36
39
892
0
0
61
55
0
68
105
0
0
647
0
0
700
702
0
876
730
715
875
80
36
902
0
69
527
75
48
0
87
0
0
0
0
0
0
877
75
868
702
702
0
700
0
0
0
893
51
890
938
0
893
915
44
724
0
52
0
412
0
351
58
77
0
81
130
0
0
109
0
0
43
719
77
0
0
74
0
0
55
0
688
735
0
50
0
77
693
902
63
0
879
0
0
36
89
0
41
54
100
100
0
712
54
44
0
879
755
0
0
683
0
0
898
56
898
0
910
50
378
690
0
0
69
0
0
58
0
175
911
886
669
0
47
0
0
0
91
0
0
0
712
909
64
888
692
33
516
91
0
0
68
84
50
0
73
0
98
0
711
45
56
101
55
0
0
0
698
0
0
908
0
0
0
0
45
911
924
0
697
99
675
713
885
0
70
0
0
0
726
72
702
0
695
0
0
0
0
106
76
0
737
714
0
0
83
0
880
45
0
0
191
0
55
0
73
63
680
65
884
905
715
901
527
0
0
702
0
0
0
0
0
0
681
698
102
888
0
884
0
0
0
111
69
60
723
88
0
902
890
78
921
864
90
724
68
698
685
0
0
63
0
0
118
708
76
697
69
914
97
66
727
0
0
56
113
0
36
60
0
94
699
0
700
0
0
0
0
86
0
38
888
0
0
891
0
0
91
0
700
903
0
104
92
89
684
0
0
0
90
915
687
907
0
873
0
702
0
0
0
641
905
0
75
58
702
0
89
56
77
43
873
686
0
0
913
716
0
0
882
1
78
0
700
684
77
0
0
0
0
657
54
0
716
0
0
32
0
902
0
693
67
66
0
905
82
0
0
684
91
0
72
900
906
0
74
0
734
66
0
0
86
0
89
928
0
0
59
78
81
711
0
0
71
56
88
0
0
72
0
681
0
913
886
0
0
0
0
929
45
681
0
590
663
0
0
78
718
0
0
0
0
0
48
0
0
89
0
0
0
0
0
917
0
103
0
81
67
0
0
24
0
0
909
88
67
74
641
0
0
658
47
0
0
0
77
0
0
0
0
682
0
0
0
0
719
0
939
700
0
0
0
740
38
832
0
0
728
884
0
0
904
901
0
0
0
877
900
34
0
899
59
0
903
0
900
86
60
59
74
0
101
0
75
0
914
0
0
637
88
40
61
70
0
0
0
712
45
33
75
0
0
67
0
175
0
56
0
0
0
62
698
0
0
715
723
0
925
89
0
664
905
0
81
0
886
39
1000
696
0
678
0
0
693
51
907
933
47
77
85
105
0
0
856
0
0
926
0
70
48
0
0
685
90
715
0
0
680
0
920
637
0
34
81
0
916
697
70
0
0
0
0
26
671
679
70
713
62
902
885
0
907
0
0
882
70
933
0
0
0
0
0
32
860
708
872
70
876
0
698
75
684
109
87
911
0
77
0
0
0
886
0
0
907
70
0
95
738
0
101
0
701
47
0
913
0
0
0
0
74
71
67
0
924
0
0
95
0
656
0
922
711
900
684
47
0
0
0
0
0
85
677
0
705
0
929
897
866
698
698
878
678
80
879
719
0
0
0
688
0
0
504
0
0
81
0
0
39
0
79
68
712
694
0
903
0
908
56
233
684
0
36
100
859
0
909
0
926
0
0
58
0
715
0
886
0
43
0
62
886
0
301
82
64
0
652
0
0
698
672
98
0
104
96
892
0
704
1
74
0
0
0
0
86
725
661
0
63
46
0
905
0
878
0
0
17
0
0
0
0
483
0
48
64
0
29
90
916
58
0
56
40
0
880
0
0
680
87
69
0
682
48
680
66
55
0
744
676
60
0
0
0
91
0
0
95
83
709
696
0
906
88
888
0
893
0
701
59
285
0
41
66
0
0
669
0
873
0
698
0
301
0
0
0
725
60
42
0
0
867
89
0
68
33
35
683
0
38
694
60
911
42
0
46
0
0
0
0
853
666
673
909
0
122
929
0
703
54
0
905
0
910
37
918
659
0
0
735
0
62
82
0
671
34
911
85
686
60
0
79
0
705
692
0
0
0
0
78
0
0
49
0
114
908
688
725
84
0
49
44
0
0
0
0
0
0
738
95
0
91
45
0
0
0
0
0
686
917
0
0
82
0
0
701
48
0
696
0
0
0
67
686
0
52
707
70
0
959
0
71
669
77
87
0
0
0
80
672
0
693
0
70
0
714
80
53
0
889
60
0
0
0
0
0
68
697
79
81
859
0
723
931
875
697
0
0
892
919
0
718
54
63
0
901
65
45
60
0
0
80
0
0
0
0
911
91
880
0
0
0
0
700
0
918
0
922
67
876
0
52
689
720
0
0
47
681
0
0
0
907
64
0
701
0
56
714
91
69
0
0
0
0
103
0
909
92
682
710
78
929
0
71
65
86
0
0
0
687
0
53
894
724
63
694
64
697
83
0
68
0
83
0
0
0
0
192
885
885
724
88
79
0
52
881
692
0
85
0
0
77
0
59
0
0
721
0
78
78
65
0
719
66
902
112
711
0
0
0
890
895
0
698
0
0
89
631
698
674
0
0
73
701
55
0
0
698
0
103
715
70
0
725
48
56
0
0
0
0
0
0
686
0
0
919
693
111
46
77
662
0
52
0
79
50
0
0
0
705
0
0
0
75
67
0
76
721
724
912
0
0
681
0
0
0
896
0
0
713
913
0
541
887
82
673
0
0
62
875
62
0
918
0
44
926
0
929
931
0
108
88
79
0
643
0
0
0
0
54
0
713
881
896
66
0
113
0
0
0
0
0
0
59
685
0
0
102
913
0
723
0
652
60
0
714
0
0
0
0
710
911
894
0
703
0
0
93
688
691
0
0
901
74
0
50
697
81
75
42
905
0
943
924
705
0
868
78
0
84
95
920
0
903
908
889
0
0
54
0
50
0
717
0
0
0
854
0
60
0
89
98
1000
675
732
89
0
67
114
0
679
0
0
0
0
0
683
708
0
924
96
0
59
0
0
0
0
0
892
0
0
65
935
0
904
877
0
888
716
81
0
95
0
42
696
91
0
0
0
0
876
0
0
709
0
703
658
45
936
86
911
891
722
919
893
0
0
47
38
0
0
0
0
0
0
0
707
70
0
0
926
41
0
0
0
0
0
648
0
699
0
0
0
0
101
0
97
82
0
0
32
18
708
886
0
695
915
0
0
79
0
86
915
72
0
0
678
934
0
43
0
56
0
0
0
0
62
0
0
0
871
635
0
0
0
75
91
0
0
67
925
738
0
0
0
69
0
0
0
0
0
85
0
898
0
618
65
75
57
705
0
0
0
672
0
25
895
894
72
73
0
903
0
84
47
47
676
0
888
678
692
0
0
50
56
704
0
0
0
0
0
883
71
739
66
0
694
909
0
0
702
503
0
71
885
703
697
0
0
73
904
881
0
874
82
76
0
0
0
877
713
672
0
0
0
0
73
0
78
0
0
889
883
0
51
868
0
884
0
0
89
0
698
0
0
0
0
710
876
0
0
89
687
0
54
72
74
78
893
0
891
879
0
100
928
705
726
35
64
0
707
0
0
0
693
0
0
910
0
0
81
0
65
0
705
0
0
0
728
56
705
0
50
0
0
0
0
0
721
0
879
378
38
910
705
686
911
0
680
0
696
0
910
0
703
0
0
0
79
0
0
0
894
915
908
0
879
45
0
0
711
688
0
899
710
702
0
0
882
0
0
101
672
867
0
0
0
911
0
85
89
0
74
0
73
0
0
0
0
0
83
0
84
689
0
0
727
0
0
0
918
0
0
892
53
0
910
0
0
0
0
703
0
879
906
898
0
263
721
0
0
697
0
691
0
51
907
0
0
0
77
897
91
698
0
75
0
88
0
66
676
0
0
75
0
0
735
0
0
0
0
679
391
91
903
722
864
0
89
189
220
0
0
886
32
702
0
0
1
24
664
0
98
89
67
0
686
894
0
0
687
74
0
60
80
96
61
99
699
0
72
0
913
0
56
718
79
58
0
60
922
0
0
903
0
0
68
696
0
77
44
914
0
911
931
930
0
0
0
0
0
0
695
53
707
0
45
0
100
710
0
63
0
0
712
716
0
0
697
49
0
103
702
0
0
91
695
659
0
59
0
0
65
0
696
0
698
0
731
724
884
92
105
709
75
0
712
0
78
0
905
701
0
0
686
0
0
0
709
898
0
0
60
0
88
688
47
878
48
0
0
0
712
0
116
677
909
53
869
68
55
928
670
0
0
921
329
69
92
0
737
0
0
93
398
92
0
671
0
719
704
904
0
0
0
47
717
894
0
136
751
0
64
0
914
0
110
52
0
887
47
45
670
916
693
0
909
0
922
0
58
455
56
0
109
900
0
855
0
891
682
0
0
64
705
700
909
111
0
0
0
47
104
68
0
103
0
703
0
0
54
73
80
88
0
0
906
42
0
49
0
0
72
63
1000
893
702
0
0
0
0
0
85
0
911
0
0
0
0
0
0
0
48
0
0
42
0
902
916
45
0
0
882
0
0
879
31
46
81
0
459
0
70
95
59
54
0
0
98
97
671
0
0
683
102
888
701
705
0
0
906
96
89
664
0
105
71
685
680
0
0
0
0
71
715
0
64
69
700
909
81
0
96
33
52
0
919
0
703
618
72
0
96
688
0
0
24
59
47
860
93
728
702
697
710
0
666
675
708
0
58
0
0
48
0
0
642
101
55
46
723
679
40
0
0
0
25
708
0
663
930
58
0
760
925
0
0
0
901
899
0
0
912
497
0
875
703
96
890
0
0
715
86
0
0
75
61
27
899
79
0
711
0
0
60
906
84
86
73
107
0
688
0
69
77
0
888
60
684
88
0
913
892
35
707
909
693
0
658
65
74
0
61
47
906
24
0
0
723
85
0
0
673
704
86
70
0
0
0
0
596
0
919
0
842
0
0
50
907
0
96
0
904
684
0
725
0
888
931
98
70
0
35
0
0
47
60
0
32
96
0
0
99
0
0
0
710
714
0
53
0
0
721
0
707
0
0
920
56
713
0
579
664
674
0
0
0
61
0
0
884
68
72
0
0
0
692
723
77
67
886
0
0
683
70
92
111
93
45
75
78
0
99
878
42
59
0
0
0
692
681
70
0
0
0
72
929
910
883
904
82
77
702
66
0
914
70
0
83
0
0
714
0
0
0
0
0
0
68
0
0
899
0
60
680
61
0
894
0
0
0
723
0
58
82
75
0
698
85
69
1000
918
0
63
60
47
92
0
0
906
0
697
0
0
0
97
485
0
65
0
0
904
888
0
927
893
33
88
0
74
39
0
704
0
0
682
46
688
936
57
893
0
699
48
0
47
723
0
0
693
87
851
0
47
42
681
697
0
50
0
524
56
74
71
0
0
0
886
0
0
905
0
75
669
721
696
0
646
0
0
0
0
728
0
0
44
64
0
682
0
942
56
0
897
679
686
889
720
44
0
34
0
912
0
889
69
80
0
0
76
92
79
699
0
0
1
664
0
0
0
46
0
76
0
40
51
516
0
0
641
1000
0
1
38
959
710
77
691
86
705
0
0
0
0
49
860
85
692
693
0
75
0
0
0
66
0
0
48
0
91
0
66
93
56
0
0
0
0
61
893
0
0
1
0
0
62
858
0
0
0
45
691
0
880
59
84
689
71
68
893
0
63
880
694
0
70
641
47
926
0
73
542
0
682
696
0
0
0
0
50
686
0
73
0
0
0
0
0
160
0
757
896
923
79
100
890
91
902
0
0
696
0
74
694
0
78
662
0
911
0
891
83
72
0
0
93
0
681
87
75
0
888
54
107
887
704
105
0
0
74
66
702
713
0
78
0
0
894
722
49
880
0
0
0
700
0
708
74
0
690
0
0
0
0
673
59
71
684
731
0
883
701
0
868
698
0
897
0
0
0
0
883
91
0
0
722
46
0
716
914
0
0
0
693
702
687
0
79
925
33
679
87
73
65
931
938
0
890
0
0
0
74
0
60
71
929
0
0
891
0
879
0
0
0
0
728
0
70
851
0
888
0
0
904
910
0
683
720
668
0
0
0
0
0
688
722
678
900
73
71
878
713
46
0
51
0
663
0
674
0
22
0
50
108
0
0
0
0
50
738
913
0
0
870
0
0
79
67
55
712
0
71
898
706
125
0
687
666
0
68
705
97
61
882
909
0
906
81
714
0
66
0
0
904
0
0
0
78
657
658
678
71
0
911
669
0
52
901
722
0
0
84
913
712
72
702
673
0
0
0
54
0
0
0
87
68
0
0
0
0
892
0
110
878
0
0
891
0
669
0
241
897
0
64
86
64
67
715
0
714
0
91
71
0
91
51
83
36
681
128
67
59
695
68
706
0
707
0
0
104
42
0
0
0
0
60
0
0
0
877
0
98
0
0
0
0
699
0
886
0
19
875
891
0
845
893
68
921
54
47
0
67
0
42
77
71
0
74
919
672
100
689
0
0
63
697
704
0
47
0
107
904
0
0
902
0
0
89
0
0
56
66
0
698
56
0
713
882
0
0
63
0
698
99
54
728
0
66
0
61
0
683
62
56
0
706
694
79
0
0
923
24
0
69
0
0
904
88
55
0
76
0
934
0
0
473
0
703
0
885
0
0
62
645
0
0
0
695
887
85
105
925
914
77
889
915
84
864
0
0
0
0
0
0
87
65
79
0
893
0
928
0
56
116
1000
710
86
0
42
66
887
910
87
902
0
0
82
0
0
697
0
772
62
696
80
711
0
896
50
0
67
108
685
0
0
82
77
0
0
0
682
80
698
0
0
704
101
0
68
0
924
718
0
892
0
0
914
0
102
37
0
0
872
47
0
0
917
0
888
0
0
719
67
0
741
917
102
931
0
906
0
0
0
693
0
44
50
90
716
0
693
924
86
46
0
86
50
50
0
25
705
0
718
677
893
0
70
72
681
0
704
0
68
0
0
0
685
78
0
0
538
42
80
0
868
49
0
0
0
0
81
0
912
0
722
92
0
907
939
915
683
0
740
0
0
893
716
0
693
0
694
0
62
0
672
715
0
0
40
102
0
0
708
77
67
0
0
909
0
0
0
703
0
682
0
79
0
45
0
0
913
0
0
77
38
724
0
724
0
0
51
0
725
0
0
0
0
697
0
895
726
727
79
909
702
666
0
929
697
0
105
683
0
0
82
685
0
95
897
890
48
932
0
0
0
880
701
0
81
0
0
737
0
0
723
0
0
70
0
0
0
881
673
0
0
621
0
872
699
0
0
0
60
0
871
668
0
0
71
965
906
878
0
916
60
0
0
896
0
94
316
79
54
717
0
55
0
87
0
34
896
0
0
0
0
0
73
68
0
77
907
0
661
0
0
0
0
81
47
894
35
0
58
53
0
675
0
910
0
48
0
720
0
89
0
78
95
0
889
894
0
882
0
97
0
857
53
0
48
0
0
692
74
0
0
665
0
0
0
70
84
55
0
0
83
0
0
59
0
55
98
0
73
0
886
0
82
0
0
909
900
885
91
913
0
0
0
921
731
0
0
0
94
710
677
79
0
105
212
0
883
78
0
0
93
52
0
698
32
0
933
95
0
0
80
0
0
75
38
72
64
0
0
869
0
708
0
883
50
0
0
668
0
0
0
0
897
889
0
921
0
85
74
0
703
907
67
0
933
0
0
718
31
0
0
77
732
0
705
0
0
508
0
0
0
0
0
929
61
697
0
0
70
34
896
0
0
70
0
848
902
926
0
63
0
0
668
895
74
0
0
0
0
689
0
0
686
727
707
705
912
0
345
66
0
0
98
685
0
0
47
0
63
0
672
687
705
42
0
73
0
0
60
68
0
0
0
904
0
91
74
0
0
0
697
0
890
894
921
0
41
53
38
0
0
887
0
668
893
712
0
0
703
0
0
0
0
33
68
82
731
890
66
88
0
704
0
899
0
0
0
0
0
0
865
693
0
0
0
899
57
885
702
87
0
0
86
0
84
855
698
117
73
922
3
0
906
0
0
0
0
0
0
879
0
412
0
0
902
0
77
656
46
853
0
0
0
905
0
0
707
918
922
55
0
58
596
82
524
0
66
0
892
56
0
538
48
0
0
41
0
0
716
898
76
0
868
78
0
0
0
78
0
916
914
921
0
0
0
78
81
0
0
0
86
0
907
48
80
72
459
1
0
75
641
63
77
0
0
0
0
0
47
0
59
0
90
938
0
63
0
0
721
0
0
89
0
0
0
0
922
0
710
12
0
0
711
0
0
0
85
0
0
666
693
53
0
0
0
903
0
0
0
928
0
0
0
77
56
66
702
0
0
66
772
42
932
882
85
53
0
0
663
710
0
907
0
0
886
0
0
57
320
0
0
0
0
0
0
0
0
884
668
0
727
0
0
891
57
0
74
724
75
69
60
0
672
87
674
896
900
906
0
80
41
0
876
75
60
66
59
0
674
0
72
862
0
934
0
899
0
0
712
88
0
351
45
63
693
682
105
922
905
673
0
894
0
943
0
0
0
0
0
670
85
0
919
702
74
93
713
0
110
0
62
80
0
0
74
38
716
663
0
0
73
0
0
596
0
55
62
66
885
0
73
82
0
933
890
349
699
77
881
18
683
928
725
697
55
0
705
707
0
687
0
0
0
0
73
99
0
0
702
68
63
0
0
716
0
78
100
48
930
902
864
29
911
99
92
0
0
86
728
901
0
58
56
0
67
0
0
711
0
909
70
724
75
924
0
84
0
892
903
0
0
48
0
66
71
56
0
0
878
698
696
0
0
97
0
0
898
710
0
0
0
42
64
0
0
74
0
929
0
924
923
887
0
0
667
0
0
55
61
703
0
87
89
0
0
67
722
76
78
68
0
61
58
0
395
0
0
0
64
0
699
0
47
0
68
0
729
0
0
0
707
73
88
70
0
80
707
59
76
0
748
77
101
0
66
0
0
900
878
0
0
63
67
705
0
47
693
53
0
0
911
0
842
0
0
0
78
688
0
56
80
868
0
0
703
0
76
0
73
0
0
687
0
0
0
0
0
727
913
0
60
76
693
900
64
886
692
65
905
39
653
896
0
53
0
710
0
0
680
83
94
0
0
721
82
702
693
0
0
701
0
0
0
906
667
0
59
0
50
0
717
720
0
699
0
0
901
0
700
82
0
0
55
118
0
0
856
684
0
122
714
694
0
0
0
47
0
0
0
921
0
0
0
914
0
0
0
722
0
0
711
49
880
857
907
887
0
907
0
42
687
0
35
0
82
0
86
716
0
0
317
63
714
0
100
0
0
873
108
85
0
50
0
43
0
715
118
689
0
0
895
0
76
685
685
912
39
918
0
911
53
0
0
689
0
0
0
0
910
893
898
0
935
682
0
0
0
25
0
81
0
81
0
708
905
0
0
47
0
929
80
64
76
868
707
676
0
910
68
329
0
642
0
70
0
0
0
678
891
713
0
0
701
53
67
0
868
0
0
64
0
35
0
0
0
68
0
900
0
918
897
928
0
0
50
0
0
694
0
682
0
0
858
0
0
47
731
877
0
0
73
707
70
86
0
0
0
681
55
0
0
84
0
0
0
884
58
0
679
109
0
714
0
64
882
709
0
890
927
74
64
130
0
76
82
719
0
0
17
0
53
697
721
78
70
0
910
0
696
69
0
101
50
0
886
0
894
900
0
882
896
0
0
0
0
668
78
0
596
0
0
0
0
0
65
0
75
57
698
79
696
596
0
0
0
0
678
0
338
47
691
45
108
50
0
675
69
0
0
920
0
0
903
0
0
681
0
86
70
73
0
75
75
905
0
0
51
0
52
52
0
0
0
1
685
693
907
97
0
716
0
0
0
697
0
0
926
0
0
703
0
83
724
0
0
888
0
0
0
92
0
55
907
83
0
61
722
73
669
0
50
0
81
48
933
893
0
886
0
0
0
82
0
65
0
0
703
0
673
53
0
0
653
0
0
683
678
898
0
0
0
687
0
886
719
0
0
0
87
0
81
0
733
0
0
894
882
890
97
900
911
887
693
0
0
0
68
879
0
0
0
39
705
0
0
0
0
0
0
712
0
0
698
69
0
939
0
0
0
54
889
0
912
84
0
678
0
0
77
0
0
46
0
0
0
893
49
71
0
0
0
0
0
0
0
712
0
0
55
74
0
0
68
0
0
0
0
0
0
52
62
0
921
476
0
86
489
70
0
857
930
39
0
712
918
889
0
0
921
56
425
900
676
858
898
0
0
0
0
81
0
0
31
62
62
906
71
67
658
0
0
690
62
0
906
73
56
943
34
64
882
109
0
914
684
700
70
0
0
0
60
68
0
95
926
692
81
0
44
737
0
723
96
0
905
0
880
878
241
63
67
81
0
0
0
0
0
0
62
0
0
86
0
75
703
0
0
0
0
0
682
0
0
71
0
599
66
86
0
0
726
0
0
0
56
680
860
73
717
917
80
896
1
0
0
719
0
0
868
0
0
0
0
0
91
0
629
0
675
901
168
692
84
82
0
0
696
0
712
65
0
0
0
97
91
0
48
0
0
905
0
0
0
920
41
0
0
703
914
0
0
679
0
714
0
0
0
713
897
0
108
0
737
692
718
0
78
57
66
929
727
716
900
57
0
0
0
0
312
878
911
898
709
0
677
0
0
742
0
79
0
0
901
0
0
689
0
24
0
0
0
0
0
728
18
458
0
56
0
688
62
0
882
0
885
50
0
688
85
690
0
91
0
66
0
62
0
69
0
31
697
0
908
66
0
0
0
85
483
0
0
83
681
0
0
0
65
0
0
0
48
40
904
0
75
1
0
46
0
698
685
912
0
74
31
703
0
320
885
0
913
0
0
698
673
0
0
312
0
731
72
67
0
876
55
898
679
0
30
0
0
934
0
0
0
51
0
92
0
0
0
0
0
712
68
79
50
0
707
0
685
157
65
0
0
73
0
689
891
886
931
30
90
0
0
0
0
717
0
79
0
43
0
727
72
0
0
677
0
910
0
0
0
903
0
50
0
879
911
93
0
0
684
0
669
0
0
0
64
99
0
0
0
0
0
0
916
0
0
924
0
0
918
79
53
52
0
878
731
0
863
926
0
493
0
120
0
706
0
670
79
692
56
75
39
0
76
922
0
66
87
0
0
679
0
70
66
0
0
0
51
0
0
0
60
0
0
707
911
931
887
672
905
448
0
658
0
0
49
898
0
719
0
0
900
740
685
0
48
37
0
0
0
908
0
56
705
906
931
398
0
0
0
0
721
0
700
51
86
54
0
722
723
0
0
0
914
0
73
923
60
317
897
696
0
62
682
911
72
863
0
883
98
47
0
67
0
98
709
0
698
0
877
0
685
206
0
916
0
0
669
677
0
63
671
693
0
0
0
87
0
0
423
0
0
692
0
676
70
23
63
0
868
0
42
732
82
93
0
62
0
77
0
0
906
38
90
705
64
918
0
0
0
889
0
704
0
898
930
92
42
0
725
0
696
62
0
0
64
728
82
92
0
665
77
0
921
0
82
887
76
63
928
596
0
0
0
898
67
926
883
0
0
716
0
0
50
717
0
692
0
701
920
0
127
0
707
931
0
0
72
0
46
69
60
672
0
0
0
0
69
49
0
0
708
0
927
876
0
664
715
71
86
0
692
0
723
0
0
0
0
0
0
56
0
832
715
0
0
659
68
0
896
0
0
0
0
0
0
0
0
25
0
0
0
858
708
663
67
0
77
0
0
0
732
0
0
0
0
0
693
714
0
0
653
921
0
709
0
0
98
0
0
0
710
679
907
88
0
893
913
49
57
0
918
53
72
0
89
0
58
920
0
75
918
697
68
0
0
716
0
72
30
699
901
74
0
710
64
0
89
897
0
880
72
888
0
695
70
48
0
0
45
113
74
0
0
929
29
0
697
192
0
0
648
0
0
263
0
671
902
708
888
0
646
0
74
0
715
66
0
907
70
0
0
33
0
0
933
0
900
0
0
0
0
476
71
0
876
493
47
716
0
0
924
917
0
0
964
20
819
912
46
696
0
0
54
166
709
0
0
0
702
69
0
100
0
0
0
0
713
0
64
0
87
100
48
82
78
0
715
36
0
54
0
903
693
0
701
66
728
74
911
0
0
0
0
897
90
0
79
885
0
54
0
0
728
721
0
0
916
0
931
68
0
0
0
674
0
0
0
939
0
0
705
68
0
0
890
667
64
100
50
0
0
0
0
677
55
0
0
0
710
924
0
927
0
89
49
0
67
42
0
0
0
706
0
0
89
668
0
0
78
57
0
672
678
0
0
78
67
0
875
706
883
0
52
0
0
58
0
890
0
899
708
916
0
0
0
74
429
0
924
36
734
728
680
866
916
735
81
885
713
0
699
0
56
0
0
719
45
663
98
0
0
0
690
0
714
61
0
915
0
70
0
82
78
0
349
0
886
0
0
0
683
86
599
0
898
120
67
0
679
917
927
0
0
0
882
0
735
48
0
0
81
0
0
0
705
712
76
0
82
0
34
0
0
87
0
53
894
878
76
0
59
50
89
922
0
93
712
0
0
692
0
82
0
71
0
686
0
0
0
60
66
884
0
698
58
0
859
724
913
50
0
0
705
0
0
704
0
930
70
0
0
45
0
22
0
0
682
683
0
84
0
731
81
0
699
0
692
0
0
678
678
489
66
0
679
0
0
50
907
0
0
0
0
0
65
903
901
708
698
0
58
872
683
0
932
662
0
887
0
50
904
0
0
0
679
69
64
0
731
894
0
0
0
59
89
0
0
0
684
0
0
76
909
683
705
83
0
55
697
0
0
0
920
698
0
62
0
88
0
0
0
883
0
697
0
904
0
58
0
899
0
691
0
0
91
683
80
0
881
55
508
890
0
884
77
55
65
873
694
0
898
70
86
742
0
706
98
717
88
0
89
0
0
0
66
675
0
89
54
920
0
0
741
63
0
63
46
724
244
0
73
73
79
910
0
896
55
0
895
99
89
710
0
683
0
72
74
101
0
869
0
862
0
0
708
0
98
0
99
94
0
0
637
878
56
82
723
79
541
717
0
71
50
0
695
0
882
0
35
0
728
0
0
50
71
62
698
740
673
0
0
66
0
668
881
61
905
108
0
338
0
0
0
0
30
0
709
0
0
964
49
882
65
66
0
0
0
895
0
692
680
141
0
656
0
0
706
713
715
0
706
0
66
69
0
78
886
1
87
0
0
0
891
918
0
0
63
60
712
48
0
0
96
659
0
0
66
688
675
699
86
904
0
678
40
0
931
0
887
0
0
739
0
691
53
0
0
760
0
60
0
880
0
108
0
56
0
0
0
0
0
88
0
0
18
703
39
85
682
47
0
857
0
79
0
670
0
692
893
20
0
0
903
675
0
0
904
35
647
43
892
905
732
0
913
0
93
853
0
908
67
0
0
0
0
699
106
909
0
0
0
696
48
99
651
80
90
721
0
0
0
28
0
0
711
0
0
735
713
0
0
901
34
80
0
671
875
52
82
0
101
66
0
0
707
0
0
925
0
680
0
59
673
0
91
0
0
0
0
83
0
0
86
727
683
0
653
0
0
691
0
930
726
0
0
79
698
0
913
819
67
735
901
0
0
904
0
0
0
708
906
868
0
687
896
698
53
917
0
53
82
677
66
0
88
0
0
0
911
0
73
665
0
680
94
722
0
872
62
910
701
935
76
720
0
78
75
0
885
700
89
0
81
879
880
34
697
881
673
0
0
0
0
51
0
47
879
0
47
61
44
84
59
0
51
706
704
893
621
0
0
704
0
0
928
87
896
50
0
45
687
39
0
0
934
692
0
701
49
912
42
48
708
89
895
35
0
0
0
0
92
0
0
93
0
0
0
0
63
724
0
0
0
0
69
0
0
39
0
0
0
0
68
0
874
105
64
0
861
0
82
380
0
730
0
896
0
50
0
0
928
0
0
719
0
911
0
692
0
854
97
694
0
907
45
717
31
0
60
0
64
689
71
0
83
694
101
716
0
0
0
0
907
0
725
89
0
0
858
108
0
0
0
901
0
56
877
920
57
46
0
0
698
54
0
647
0
0
0
0
116
26
693
78
0
0
0
71
0
55
0
77
51
119
98
0
723
0
699
861
0
704
0
94
694
48
73
0
704
0
61
0
892
91
705
0
0
0
70
0
0
0
916
0
0
85
0
0
0
0
82
909
0
0
0
894
46
0
0
894
0
71
684
0
36
79
0
0
872
59
929
899
48
891
697
0
53
43
0
50
886
712
0
0
0
75
0
0
0
696
0
0
0
920
692
43
708
0
0
0
0
37
335
91
0
1000
886
77
69
0
65
907
872
917
0
84
872
918
0
89
66
71
73
927
79
672
0
0
0
0
87
0
84
0
61
0
0
77
0
0
0
877
697
0
680
686
892
85
62
60
0
0
721
0
100
0
81
901
32
0
682
68
731
50
681
0
68
693
699
0
61
0
80
57
55
0
0
0
0
0
719
918
56
0
0
39
685
127
918
0
0
81
58
0
680
892
906
92
116
0
0
910
63
460
82
23
904
927
0
881
880
0
698
0
56
0
902
878
0
0
47
0
875
879
688
0
723
64
65
0
66
711
49
0
0
0
0
693
0
0
59
900
70
0
87
60
919
0
875
0
0
0
0
0
710
136
0
899
96
0
0
893
0
738
128
0
0
0
0
55
697
0
72
0
0
67
710
715
47
675
0
889
680
689
51
0
206
0
53
0
706
0
872
0
141
905
868
0
26
37
910
0
230
76
67
710
76
109
0
897
53
67
0
83
0
673
0
0
0
0
478
60
71
0
0
33
83
0
68
0
906
62
0
913
901
704
918
902
0
86
78
34
0
688
69
0
0
0
62
89
32
702
879
77
0
751
459
0
0
0
942
0
883
913
67
923
924
694
0
98
0
0
459
74
705
722
0
118
731
69
0
0
860
0
0
76
0
707
72
54
0
0
683
741
0
732
0
0
693
335
63
230
0
66
0
889
59
0
893
0
0
48
0
72
109
0
72
785
81
699
0
668
81
0
887
98
912
0
896
0
0
0
76
0
687
932
63
63
726
0
81
0
0
0
0
79
718
77
0
98
18
503
378
897
63
0
0
0
0
723
56
63
701
0
59
24
718
0
0
0
0
0
1
724
707
76
0
689
877
0
0
0
73
24
92
922
916
931
0
166
0
0
0
63
656
0
687
93
78
91
460
76
66
0
0
674
0
529
732
61
658
96
0
0
0
98
61
907
680
690
0
0
913
88
0
58
0
0
691
0
709
701
0
0
62
0
694
0
72
38
711
899
0
0
682
0
54
0
918
1000
708
0
38
91
0
64
70
912
99
0
0
880
0
0
695
0
0
62
60
73
70
0
0
75
0
78
680
0
0
0
87
921
717
0
0
0
0
0
89
709
89
705
932
0
0
913
896
0
0
0
82
67
0
0
0
727
0
917
691
914
50
0
741
42
0
74
729
470
0
0
61
856
0
56
80
0
0
78
0
70
58
0
90
876
901
101
89
879
702
888
0
59
0
504
48
705
63
59
0
675
886
71
910
698
0
0
95
497
0
58
897
694
868
870
68
69
892
0
0
0
34
0
75
69
687
68
83
0
0
920
0
56
917
0
0
66
0
0
0
0
668
712
662
63
0
0
698
0
0
1000
23
710
889
674
727
0
706
0
925
0
0
0
709
691
44
0
0
0
0
902
0
0
707
725
56
0
0
0
76
0
702
303
19
90
0
0
0
0
0
0
0
0
26
0
680
692
0
0
44
732
0
885
705
0
712
914
59
0
0
82
679
0
698
0
706
0
0
672
871
886
896
865
641
60
0
0
94
895
73
0
81
425
80
0
0
87
669
72
58
0
0
76
0
46
706
93
53
0
0
886
904
76
59
0
0
706
0
98
0
0
701
58
896
889
61
900
881
895
96
35
0
0
911
919
85
0
0
68
689
0
0
0
90
688
0
0
0
0
695
0
71
903
671
0
66
0
901
0
926
89
695
703
686
75
716
0
54
875
0
75
686
70
0
0
0
0
0
715
668
0
0
693
63
0
0
61
0
0
707
0
0
900
896
0
0
0
677
0
920
0
0
0
887
724
713
853
917
0
71
77
927
109
0
529
917
0
98
0
65
77
81
0
0
0
90
58
63
0
720
712
0
932
0
0
0
0
38
64
0
0
896
80
0
928
907
0
909
36
0
891
56
0
679
81
55
0
65
721
0
0
915
697
911
0
0
110
0
703
710
0
889
641
897
79
707
904
914
0
0
82
0
0
77
672
0
58
0
76
70
903
733
676
1
0
0
0
0
46
0
702
78
82
0
244
715
0
0
63
0
69
0
0
893
732
691
925
0
65
0
0
643
7
53
0
890
0
914
895
0
0
709
722
886
913
0
0
705
48
70
0
71
64
664
703
59
46
0
89
0
0
88
900
70
0
0
0
45
0
929
67
0
0
0
88
0
52
0
96
714
698
720
47
0
67
0
88
0
0
0
0
70
0
0
87
0
0
721
685
86
0
0
858
0
728
712
679
63
69
75
69
57
0
50
0
0
908
53
724
55
0
881
897
0
61
914
0
0
77
0
0
901
689
0
0
341
702
85
69
0
688
0
0
915
878
0
45
345
104
0
67
692
59
0
0
707
90
0
0
0
0
0
86
713
0
744
0
60
78
931
114
0
0
680
0
697
0
98
890
0
85
44
926
0
55
0
55
102
40
71
0
0
0
0
674
73
395
82
685
0
0
0
898
0
18
68
0
671
60
918
0
0
34
904
73
706
67
82
0
0
65
880
53
0
658
50
0
701
81
643
901
0
0
71
0
0
0
0
66
44
882
696
0
0
0
675
0
690
82
93
0
0
691
875
67
0
85
0
41
0
91
0
60
62
39
676
78
0
78
0
0
79
73
0
66
49
887
97
0
53
69
0
0
0
712
104
0
37
102
965
909
848
899
0
896
99
0
702
912
0
681
894
0
719
458
79
70
693
672
697
100
672
0
0
73
0
0
677
0
77
907
0
67
48
96
0
0
58
0
7
689
0
0
53
902
60
907
728
74
66
979
683
0
0
0
0
678
97
0
0
0
0
0
50
0
43
0
36
54
106
0
72
59
902
0
60
0
0
65
108
679
0
904
696
676
0
47
671
0
0
1000
34
73
0
0
42
76
0
0
906
900
902
57
0
900
0
0
693
39
0
0
882
0
0
0
50
66
0
0
68
0
678
0
0
79
66
0
66
0
51
872
698
0
0
0
741
709
896
0
53
0
71
53
0
100
0
928
0
0
0
895
0
0
0
53
60
729
62
89
0
710
0
85
936
0
0
0
39
100
76
700
0
74
885
79
0
0
80
0
88
0
86
881
0
0
103
45
0
715
0
918
0
542
883
71
0
0
0
0
878
885
926
885
0
906
0
0
0
918
681
86
890
0
0
56
0
0
0
0
0
0
0
87
0
910
69
0
0
0
119
917
0
83
72
0
42
691
889
0
0
0
0
902
100
0
0
81
0
0
703
72
282
917
0
0
0
704
696
83
0
654
879
686
0
897
82
750
892
100
0
903
681
0
0
68
0
49
0
719
79
0
915
0
910
0
702
670
0
86
721
0
912
0
91
898
0
934
872
708
0
91
0
702
47
0
702
64
0
0
55
70
97
0
868
0
707
0
0
0
0
0
0
0
679
0
0
0
88
69
98
0
56
0
109
0
0
44
61
90
890
341
0
60
0
0
0
0
70
76
663
874
683
79
0
0
0
0
665
720
681
714
0
0
894
0
493
0
0
0
737
0
0
101
907
712
0
0
0
66
0
0
72
874
0
75
0
916
683
0
0
63
0
682
0
706
0
0
47
77
916
913
63
87
0
80
68
0
701
911
0
73
900
81
0
688
0
0
87
0
716
0
78
53
69
896
78
699
0
0
0
84
0
673
0
98
74
0
900
58
0
702
0
907
928
81
0
0
