0
827
922
701
605
617
525
982
975
1000
750
789
555
748
569
832
598
595
755
967
654
671
897
825
563
973
730
698
826
796
839
921
609
578
946
1000
948
574
832
518
710
855
795
934
756
606
574
874
637
958
702
533
783
866
755
711
674
872
824
799
817
753
987
916
723
751
705
895
834
764
552
870
943
554
943
618
931
820
520
835
615
957
767
814
996
683
655
641
863
841
976
782
504
940
649
648
993
898
998
579
827
0
610
802
802
775
581
919
512
516
945
544
836
603
867
648
647
658
851
533
750
813
778
856
528
944
536
877
732
934
745
998
648
847
647
877
591
641
857
845
551
851
771
631
802
524
889
954
602
769
522
865
754
947
507
852
901
721
852
685
967
981
562
837
948
997
611
807
595
592
981
939
915
737
878
952
780
770
628
507
621
763
727
856
968
670
952
860
978
825
517
852
840
838
650
875
746
778
594
813
922
610
0
815
560
724
695
769
854
697
590
951
756
910
770
935
768
729
500
508
997
644
583
926
614
772
990
859
861
861
730
930
577
889
924
553
620
884
959
664
556
654
877
595
578
667
640
560
609
742
730
865
622
678
885
735
983
688
890
539
561
762
601
899
709
796
573
816
627
614
618
770
581
949
999
611
585
810
628
760
817
503
585
569
543
888
704
600
981
758
987
722
697
828
691
514
808
745
948
681
701
802
815
0
868
542
909
696
793
761
909
879
817
776
792
599
544
978
736
560
766
515
708
604
535
731
543
602
747
790
938
883
610
932
633
646
892
714
909
632
665
608
823
661
620
941
699
542
854
833
731
782
581
584
849
755
514
999
903
635
636
651
933
901
635
930
993
981
656
623
582
975
652
915
731
707
898
950
865
655
517
559
757
547
752
605
720
871
786
866
519
762
540
885
605
658
758
836
589
996
605
802
560
868
0
708
928
918
614
575
713
776
878
631
634
825
954
580
673
572
897
639
718
970
514
702
753
916
644
569
625
975
502
913
561
621
880
750
651
545
887
873
976
530
590
671
578
805
930
547
706
617
799
943
590
894
699
866
647
931
960
930
709
870
868
871
894
722
809
765
700
985
669
575
739
723
919
850
901
708
803
735
970
672
851
612
720
931
907
896
790
617
777
634
516
681
988
734
500
875
617
775
724
542
708
0
501
655
618
706
941
509
721
956
936
872
709
874
744
564
747
912
951
708
709
534
634
641
763
549
740
737
990
935
746
600
657
594
868
733
799
671
910
642
974
924
571
607
611
692
520
537
916
923
676
970
752
865
578
734
799
724
583
542
821
694
526
741
790
554
789
671
587
721
690
866
522
931
527
663
895
809
613
775
844
740
741
629
682
846
856
783
706
657
828
890
668
707
770
925
525
581
695
909
928
501
0
581
852
689
632
643
613
651
610
872
871
744
666
863
932
789
928
561
904
641
954
901
707
931
620
758
976
850
575
539
978
869
853
948
981
936
788
695
686
963
559
979
918
862
806
938
524
705
722
831
743
698
666
898
867
711
615
939
952
759
503
897
911
874
783
991
709
508
561
793
849
648
669
843
844
795
556
619
810
775
880
945
662
684
650
819
963
934
633
930
532
637
561
753
982
919
769
696
918
655
581
0
880
978
734
783
919
768
538
711
948
832
660
952
1000
808
773
873
880
800
687
880
857
571
953
722
775
947
746
787
807
877
636
943
960
522
773
951
593
673
653
966
527
638
976
516
591
777
696
996
897
519
636
753
511
701
852
672
583
733
700
803
535
593
937
985
916
855
857
548
982
560
718
726
890
878
525
848
951
789
500
529
796
858
636
572
685
799
914
878
608
763
536
897
975
512
854
793
614
618
852
880
0
576
852
835
907
996
857
997
650
592
938
979
987
958
540
677
701
949
555
820
718
941
784
772
516
847
901
562
977
552
619
989
895
507
960
876
999
994
957
709
757
937
526
716
676
951
991
935
657
779
775
559
941
877
587
879
765
874
867
891
639
840
927
589
759
724
663
700
804
662
894
880
619
951
691
786
524
567
787
756
914
629
849
661
910
672
912
865
744
827
858
911
1000
516
697
761
575
706
689
978
576
0
911
926
993
720
579
962
703
614
951
830
765
824
667
749
857
798
928
858
724
810
621
745
709
910
626
881
803
925
974
628
500
693
899
918
549
525
927
614
698
799
630
680
734
511
644
894
792
564
777
678
599
588
666
974
984
926
706
552
680
858
632
996
917
513
698
621
730
621
593
638
767
530
641
863
711
568
646
659
673
568
827
673
930
604
873
594
763
621
934
883
750
945
590
909
713
941
632
734
852
911
0
529
694
707
799
608
659
699
784
684
819
617
647
677
614
680
898
603
661
603
563
990
641
865
883
609
535
728
777
840
719
966
971
871
502
680
709
729
515
720
627
784
679
522
952
512
613
863
899
562
803
620
941
659
921
520
805
689
573
816
776
799
972
962
703
922
617
893
742
557
918
870
629
674
665
893
815
897
521
566
624
601
660
598
804
997
700
979
747
634
789
544
951
879
776
509
643
783
835
926
529
0
926
502
610
860
594
577
591
674
906
611
706
835
820
717
982
894
859
551
680
891
694
580
512
672
786
578
569
625
856
537
792
641
642
974
585
597
935
618
698
570
641
621
628
581
621
660
502
981
957
677
650
833
944
901
798
811
909
575
682
755
621
972
992
993
633
985
894
904
668
620
617
510
853
944
563
885
705
502
767
748
534
670
867
914
764
803
819
775
555
836
756
817
878
721
613
919
907
993
694
926
0
939
602
811
976
668
998
657
775
523
584
916
985
833
523
799
747
745
950
771
750
852
611
646
575
959
529
777
677
986
934
837
756
640
865
798
822
929
676
832
730
853
554
934
563
623
737
978
683
961
625
834
722
814
654
963
782
874
548
571
611
987
815
665
722
998
557
802
969
993
923
948
669
549
996
677
624
605
556
748
678
789
663
824
665
772
703
696
748
603
910
776
631
956
651
768
996
720
707
502
939
0
839
654
635
943
664
904
604
765
779
536
605
527
987
628
567
800
730
757
956
869
665
508
637
930
673
643
626
986
519
851
981
727
697
608
643
650
934
888
804
950
654
611
588
761
911
591
923
761
973
695
928
998
791
856
806
722
794
920
926
753
780
790
823
718
782
864
691
721
610
749
620
769
869
1000
565
908
895
766
550
676
705
941
628
742
945
678
569
867
770
792
634
936
610
538
857
579
799
610
602
839
0
877
656
784
848
552
508
901
535
956
645
854
578
877
693
639
533
912
610
867
541
758
571
635
528
946
560
936
774
603
539
714
580
683
752
808
924
817
692
832
622
588
552
932
936
767
689
989
643
815
837
797
871
959
515
621
780
955
669
816
788
859
563
911
831
651
750
815
538
868
967
639
961
787
949
683
545
663
572
956
832
610
560
518
948
568
832
648
935
599
825
872
872
711
997
962
608
860
811
654
877
0
585
504
565
834
769
626
873
974
990
795
793
509
556
559
769
903
679
700
746
809
935
748
628
689
901
573
670
898
936
659
984
736
744
686
567
567
746
686
792
758
573
837
974
627
600
536
810
787
891
829
786
512
859
597
878
981
564
823
888
578
867
879
724
995
979
882
660
713
615
898
737
601
840
733
935
836
667
960
658
760
780
581
678
809
598
647
768
544
954
709
871
948
650
703
659
594
976
635
656
585
0
837
900
706
840
586
640
569
791
709
951
671
858
702
782
856
807
796
859
777
555
589
920
560
676
567
940
846
531
641
734
818
892
869
600
505
762
900
957
890
706
643
691
848
659
733
858
886
841
577
911
942
653
791
666
909
958
893
683
503
662
997
748
986
970
574
582
591
729
753
950
964
767
660
916
593
768
761
819
624
671
881
581
916
595
658
729
978
580
874
744
832
592
614
699
577
668
943
784
504
837
0
915
665
593
815
954
571
804
568
826
713
625
790
850
911
756
503
669
691
743
714
780
912
632
767
586
693
991
615
579
693
626
897
658
794
632
930
544
962
803
938
979
655
561
990
767
507
872
979
511
926
923
929
733
658
668
635
999
708
583
542
654
727
941
911
630
986
762
765
541
572
717
765
834
560
933
758
999
855
848
907
738
735
755
851
500
736
673
744
666
660
938
951
784
591
998
664
848
565
900
915
0
614
834
505
724
854
897
938
778
725
770
664
974
855
970
890
888
947
933
530
879
999
605
795
651
621
669
785
864
958
593
944
651
888
937
570
511
812
618
907
585
823
938
900
998
717
530
746
829
563
762
736
579
674
773
712
923
698
635
871
555
918
766
846
890
958
521
875
914
690
856
583
991
844
899
619
904
523
949
507
998
539
967
533
508
560
572
564
863
952
979
830
684
674
657
904
552
834
706
665
614
0
907
821
783
500
770
930
845
982
863
601
681
519
912
909
792
963
962
795
751
909
930
960
788
929
604
573
766
597
757
765
583
881
936
912
733
651
851
632
517
981
740
642
605
934
937
595
737
982
646
947
934
840
809
672
980
955
568
849
756
756
698
928
883
512
776
537
578
974
831
981
551
646
701
883
528
984
791
747
861
619
654
750
997
766
897
747
932
1000
987
765
819
906
775
604
508
769
840
593
834
907
0
680
710
595
861
674
696
832
911
599
994
699
604
782
655
783
595
692
541
515
953
658
684
848
819
759
546
708
925
800
962
898
562
578
923
844
758
993
813
900
744
944
699
978
908
572
1000
554
888
795
804
708
512
632
894
978
612
704
789
829
903
786
803
527
889
985
537
876
543
711
705
700
821
589
540
683
513
745
923
831
671
813
644
515
639
912
789
808
958
824
617
611
523
765
901
626
586
815
505
821
680
0
703
691
533
530
990
884
723
679
686
589
538
658
722
826
859
722
631
508
628
856
864
828
979
762
907
882
860
503
559
865
693
695
771
776
701
667
677
894
687
871
598
590
872
998
779
829
512
959
919
544
667
667
696
997
584
899
725
940
614
746
534
555
961
624
737
592
799
626
671
985
893
849
895
747
795
694
692
685
897
778
583
708
718
951
928
773
540
667
647
706
584
779
535
873
640
954
724
783
710
703
0
958
757
833
891
763
983
980
971
664
879
529
851
819
596
668
663
893
994
598
521
636
638
590
655
687
855
909
654
811
669
696
716
557
525
934
837
812
513
655
826
704
723
579
599
881
650
500
609
969
528
800
590
700
698
791
687
944
620
882
876
862
578
575
776
510
928
721
932
987
992
518
606
850
644
798
845
730
825
856
926
604
970
708
561
873
677
749
677
835
916
536
956
974
569
571
854
500
595
691
958
0
850
905
691
875
633
511
664
754
809
671
868
568
943
807
768
877
658
535
515
505
799
596
648
610
536
525
944
536
753
991
999
849
583
992
585
856
667
534
946
675
630
513
606
585
564
950
796
745
825
934
967
894
842
966
632
968
603
500
530
953
549
947
779
575
681
688
746
906
741
993
854
855
832
504
896
715
563
528
614
535
514
709
904
880
701
857
614
820
985
605
645
990
791
804
897
770
861
533
757
850
0
527
548
846
705
930
902
669
772
519
675
609
674
534
620
581
901
663
663
579
847
517
570
940
788
604
929
600
891
656
901
573
987
539
850
956
833
993
674
538
794
654
520
758
947
736
813
937
701
598
899
741
738
537
917
721
566
727
986
949
635
610
512
989
891
646
734
576
555
803
870
702
897
777
613
772
973
944
772
731
702
534
641
800
949
798
680
717
833
527
854
795
709
568
938
930
674
530
833
905
527
0
717
988
740
533
500
581
557
858
954
990
615
770
681
952
764
594
573
956
913
871
648
681
931
744
915
803
937
996
680
597
568
764
554
849
972
974
622
909
886
978
699
525
844
962
875
856
513
904
751
822
629
870
748
759
873
532
967
768
628
525
685
502
516
570
808
987
633
960
645
723
785
736
743
847
730
536
990
543
753
634
954
687
555
928
898
982
523
987
578
793
951
826
778
845
696
990
891
691
548
717
0
608
972
575
824
542
619
961
671
865
778
838
674
580
986
587
543
659
739
954
683
821
508
712
630
632
896
894
697
923
601
794
801
551
739
515
884
682
515
850
643
591
689
596
509
789
733
675
523
590
750
688
550
667
677
956
939
928
902
655
604
509
691
931
882
800
782
578
615
553
835
850
969
806
698
877
859
602
916
641
901
880
820
858
603
894
799
628
877
509
671
713
725
982
832
884
763
875
846
988
608
0
698
666
775
865
668
829
869
660
602
817
800
902
808
626
740
685
567
545
549
788
714
636
510
947
788
940
707
990
586
928
795
579
543
633
637
922
507
628
961
720
528
897
721
864
990
700
947
835
666
987
641
861
885
596
640
742
554
586
838
756
695
619
688
541
813
509
885
673
574
941
538
632
826
732
861
747
644
763
707
857
718
724
661
859
747
567
693
556
858
625
770
863
911
723
983
633
705
740
972
698
0
929
928
728
686
744
935
898
524
630
762
573
812
842
986
747
531
657
790
607
649
584
524
898
557
937
824
935
600
952
617
584
750
791
725
772
799
925
918
518
714
851
930
828
662
793
681
810
643
751
510
768
922
855
673
971
997
974
748
580
856
772
736
581
904
902
987
649
911
586
615
803
796
934
861
790
569
549
931
571
941
810
603
551
745
800
639
559
702
790
664
601
599
679
980
511
930
533
575
666
929
0
967
666
948
765
579
725
591
885
614
673
662
967
749
553
705
533
745
967
746
620
632
539
673
890
866
849
637
644
775
894
548
592
667
957
767
892
836
876
999
926
639
678
787
947
997
510
964
516
532
569
755
522
980
629
750
826
872
890
708
999
790
639
920
930
965
667
510
732
675
532
839
745
730
938
625
740
620
953
784
621
563
680
950
730
533
769
782
850
974
681
994
686
971
664
902
500
824
775
928
967
0
705
965
564
573
988
670
551
725
892
718
624
791
901
651
707
690
969
505
700
999
753
544
814
850
781
626
906
621
677
959
792
866
734
672
706
953
969
927
767
912
909
503
509
970
605
650
806
763
972
506
946
718
700
929
754
809
803
864
503
911
891
879
544
675
957
974
992
529
515
921
998
930
883
975
737
758
722
772
745
990
891
771
757
912
903
856
911
855
519
699
589
664
754
669
581
542
865
728
666
705
0
890
929
640
984
874
926
505
654
904
982
526
614
856
859
675
887
648
747
966
968
854
946
572
962
940
556
677
918
863
852
812
604
547
868
711
833
986
751
883
552
531
986
761
964
966
953
928
964
945
552
825
911
841
697
576
550
588
768
822
940
674
902
1000
699
930
730
830
810
609
648
577
610
502
990
976
775
516
709
641
694
750
956
610
679
807
756
970
912
604
538
879
809
772
557
619
668
686
948
965
890
0
587
994
848
982
747
563
631
524
584
506
557
562
592
614
875
593
797
800
846
639
500
613
695
747
533
790
743
710
760
679
695
668
623
691
508
605
965
631
564
618
610
500
898
677
968
937
998
866
737
843
533
928
557
938
573
642
886
667
837
730
652
654
900
717
555
961
596
578
847
889
932
913
935
850
947
847
910
865
580
852
869
867
700
796
503
890
909
782
658
529
671
519
858
961
829
744
765
564
929
587
0
772
782
542
599
763
886
902
887
733
645
950
543
612
529
830
850
815
999
503
982
502
972
650
999
850
843
536
631
747
850
513
791
619
939
874
554
558
932
723
552
664
788
672
780
832
507
698
934
519
905
504
539
644
576
984
953
702
524
825
979
977
529
783
899
927
890
946
647
924
633
561
746
575
746
901
626
883
512
611
665
541
746
859
669
888
792
655
722
851
868
675
954
671
869
935
579
573
640
994
772
0
715
541
733
852
941
557
887
519
523
877
851
550
524
619
609
766
868
744
887
914
774
968
800
674
981
952
758
738
683
913
652
642
709
503
732
643
974
959
973
500
696
809
964
542
885
534
706
686
960
719
785
527
850
922
577
865
768
622
874
711
583
775
625
607
933
1000
877
553
646
621
600
539
787
562
881
609
672
646
508
758
809
777
691
947
963
783
826
819
568
609
990
865
660
898
725
988
984
848
782
715
0
678
625
610
759
655
973
691
656
937
552
607
815
648
653
599
624
713
521
999
624
959
627
911
590
988
924
765
569
737
542
864
815
884
578
681
866
979
689
508
801
693
824
997
990
592
669
682
762
832
937
834
785
553
711
603
820
963
920
607
984
974
787
866
970
948
591
620
892
880
657
978
807
977
803
535
786
575
637
571
935
555
743
933
962
595
859
596
943
674
615
778
602
524
591
670
874
982
542
541
678
0
955
823
822
863
718
729
744
954
535
930
872
841
517
984
769
987
802
690
989
585
804
552
867
908
879
580
591
658
610
908
671
551
949
730
986
954
593
780
600
890
946
885
959
777
693
699
998
865
924
800
793
504
988
952
634
981
945
500
959
657
720
966
716
574
641
884
714
750
594
869
877
552
925
728
578
959
930
635
748
589
714
530
795
692
722
668
807
534
770
838
817
630
885
551
926
747
599
733
625
955
0
545
859
527
853
915
742
656
918
762
614
924
701
582
623
775
542
762
950
740
951
612
803
703
604
872
516
927
893
733
582
785
675
915
852
941
879
654
795
862
609
703
531
557
687
523
613
743
857
520
870
873
691
949
573
665
512
586
651
964
699
619
765
832
857
959
909
651
868
853
636
619
974
777
569
529
673
528
628
920
780
879
751
541
631
663
768
620
681
674
800
762
614
725
505
563
763
852
610
823
545
0
881
655
843
917
779
833
758
803
755
760
540
504
731
756
637
624
842
612
931
543
764
510
883
696
915
578
760
645
577
698
852
811
985
764
938
647
892
878
792
673
849
822
897
893
737
856
591
804
608
501
819
513
517
722
598
824
687
590
916
589
785
518
845
664
632
545
733
948
943
989
628
840
625
777
643
946
689
560
912
999
909
515
508
893
877
581
952
580
902
573
673
892
654
631
886
941
759
822
859
881
0
533
597
966
750
703
846
940
856
999
699
692
606
835
881
874
735
604
609
882
615
641
623
988
765
613
551
792
728
508
710
719
546
532
821
545
712
823
775
597
524
514
981
594
808
828
656
906
833
778
801
516
922
766
778
942
724
679
675
502
847
710
551
556
665
887
799
981
960
895
500
719
856
677
626
560
901
676
632
605
930
953
628
994
658
901
764
986
808
812
662
718
904
524
902
557
655
863
527
655
533
0
894
582
799
762
750
965
528
729
760
568
964
995
757
689
843
577
603
620
575
627
881
522
820
573
867
913
699
507
783
834
767
888
986
776
682
748
733
939
940
563
505
777
857
644
743
825
609
543
619
675
547
746
872
606
733
908
979
541
733
855
851
654
608
873
671
936
522
507
693
966
537
986
986
936
573
567
767
795
960
658
856
598
535
663
594
587
626
842
967
624
982
584
887
887
973
718
853
843
597
894
0
527
701
795
914
636
614
833
926
565
636
662
764
863
583
753
840
542
705
768
510
760
572
889
919
674
963
843
677
773
967
819
740
695
994
797
697
979
591
880
671
756
816
863
508
907
715
830
514
745
716
886
782
713
583
565
648
591
902
795
771
877
823
976
910
788
773
960
899
971
792
934
519
774
670
940
586
651
788
684
864
521
515
663
573
543
740
986
749
791
526
506
733
519
691
729
915
917
966
582
527
0
733
843
872
705
926
799
645
974
945
716
515
823
562
958
903
587
828
702
792
746
532
648
698
937
988
581
770
596
737
901
828
568
836
908
530
986
940
627
805
563
887
537
623
825
505
623
713
956
822
839
959
674
779
787
591
590
934
934
631
595
661
530
642
695
951
876
918
871
641
837
851
603
898
846
693
621
929
848
828
636
505
579
956
659
685
747
553
901
614
557
645
523
656
744
742
779
750
799
701
733
0
705
546
798
523
932
656
588
736
886
554
913
943
818
754
611
668
884
818
656
653
628
727
799
974
971
806
735
700
979
619
594
626
897
643
872
943
523
685
520
908
936
894
762
893
833
701
795
564
778
755
582
676
614
965
684
935
756
802
578
620
590
974
686
593
999
549
502
642
756
981
539
936
531
991
669
604
819
979
638
799
847
913
739
567
531
705
651
856
562
950
877
937
954
656
833
703
762
795
843
705
0
656
655
590
925
635
748
932
534
505
941
640
527
806
757
901
953
950
690
873
974
674
502
912
740
532
510
686
612
790
544
637
907
938
928
815
704
915
559
855
759
800
670
701
945
650
831
513
775
896
563
807
801
563
793
683
606
524
667
941
671
924
963
673
994
525
680
974
640
727
714
659
641
615
785
573
759
762
590
596
517
871
954
545
657
533
707
859
592
543
851
552
535
918
758
846
750
914
872
546
656
0
887
985
618
501
803
701
954
503
870
951
969
913
573
590
823
682
697
644
755
642
673
793
656
762
733
994
939
663
718
898
776
929
535
638
696
880
848
774
507
842
659
598
543
974
916
651
905
771
702
803
906
892
529
693
574
889
640
699
578
571
559
653
957
927
709
585
865
697
580
984
734
579
864
766
546
907
655
648
570
648
683
549
790
745
690
675
614
612
550
607
930
762
803
940
965
636
705
798
655
887
0
994
551
620
829
701
552
656
625
886
606
671
796
691
516
709
583
930
937
728
879
598
771
965
507
782
969
945
643
854
597
607
678
672
893
508
670
681
507
787
648
953
612
554
830
790
890
855
562
706
906
796
631
535
874
954
560
542
805
607
979
966
709
614
729
597
798
608
683
736
818
693
958
597
708
882
687
610
940
681
821
788
607
967
969
887
875
529
524
815
872
614
755
856
528
614
926
523
590
985
994
0
722
785
770
922
952
521
661
699
762
680
730
768
695
614
682
965
785
511
645
639
689
872
879
668
860
516
534
676
585
906
684
919
831
751
639
641
791
605
627
779
559
573
731
899
908
832
780
683
538
695
944
890
637
602
609
854
930
611
918
527
757
698
515
935
822
643
752
744
892
626
593
757
925
860
855
536
788
931
508
714
649
746
505
648
593
830
619
648
841
924
760
999
729
833
799
932
925
618
551
722
0
729
969
630
665
777
947
931
937
526
632
882
733
631
517
857
815
601
717
629
725
799
616
862
823
743
922
745
875
902
874
877
966
690
676
851
644
665
622
500
924
511
673
769
821
596
653
678
592
822
718
712
958
769
742
833
547
692
862
638
937
799
720
618
929
650
808
686
869
897
944
765
800
503
909
525
604
744
712
636
584
620
700
747
797
850
609
653
517
701
540
699
760
926
645
656
635
501
620
785
729
0
519
905
860
771
975
900
831
712
951
980
740
587
613
520
536
821
955
809
538
767
753
945
879
666
721
664
758
626
954
998
714
820
813
976
621
671
996
575
598
688
733
591
572
664
752
774
611
990
949
923
702
522
730
731
706
520
806
976
526
630
627
698
676
934
924
567
600
658
651
583
962
559
654
944
929
915
630
510
524
632
999
966
800
815
766
599
984
582
504
692
568
565
974
588
748
803
829
770
969
519
0
656
755
802
899
969
967
850
830
654
912
586
515
752
973
860
633
502
861
587
915
604
691
598
836
624
966
893
881
926
890
560
890
765
974
937
904
862
552
763
688
951
772
561
735
526
902
731
820
777
533
865
865
782
617
537
938
516
716
680
784
570
832
888
817
567
505
794
888
881
898
865
811
536
600
803
632
947
898
539
753
968
846
999
868
624
769
623
731
606
964
636
945
736
932
701
701
922
630
905
656
0
866
991
589
553
697
510
831
505
529
954
655
706
644
872
628
728
734
992
992
830
961
878
897
586
677
613
846
725
611
652
569
894
979
928
944
626
840
973
634
609
653
772
664
609
855
923
865
651
783
754
622
581
799
916
524
591
676
734
679
641
730
804
692
746
762
632
937
936
562
693
669
753
891
937
896
788
557
673
544
854
639
503
744
713
987
775
756
835
995
662
716
886
534
954
552
952
665
860
755
866
0
849
804
886
876
718
943
740
720
825
645
881
986
875
810
755
935
704
679
574
867
512
955
521
592
688
570
712
615
682
802
527
873
685
932
847
708
502
942
629
725
986
526
964
806
707
651
553
866
947
678
584
943
923
705
777
951
511
522
621
853
950
832
686
900
930
570
912
578
695
696
991
656
996
894
940
937
890
814
946
500
982
887
521
802
542
637
881
757
764
515
554
505
503
656
521
777
771
802
991
849
0
881
735
644
733
924
682
876
591
976
631
863
648
823
972
633
673
677
628
966
656
676
885
706
722
902
540
593
717
566
689
840
807
688
874
974
598
719
704
573
537
761
603
833
848
519
858
755
507
885
849
590
676
722
696
991
644
952
628
554
654
622
792
957
544
511
733
923
771
716
999
901
680
697
707
824
866
850
572
613
502
914
999
690
762
624
874
689
863
823
913
941
870
625
661
947
975
899
589
804
881
0
830
667
511
520
663
895
873
931
695
912
548
679
638
665
920
629
848
712
642
669
508
765
921
767
835
636
859
597
592
717
853
699
630
530
688
719
816
513
780
733
712
916
938
821
946
711
852
735
755
894
970
831
996
935
894
512
581
934
611
588
758
890
962
812
651
844
776
557
849
573
597
923
990
935
849
781
962
695
972
774
624
989
950
842
735
843
583
562
943
640
951
886
699
931
900
969
553
886
735
830
0
960
897
921
1000
947
598
874
848
725
789
988
934
505
780
533
613
684
673
949
909
916
706
994
897
760
938
748
540
864
944
669
932
596
543
919
829
795
611
544
525
600
533
941
632
674
901
983
514
699
752
743
897
657
792
613
621
563
588
552
573
706
803
618
851
758
701
525
583
987
568
601
586
600
637
626
940
747
650
968
959
585
740
612
604
577
753
958
818
527
969
606
762
937
831
967
697
876
644
667
960
0
604
625
832
684
535
845
826
873
564
881
903
876
808
730
790
884
990
840
627
981
731
639
902
833
751
882
516
546
824
884
605
566
534
508
511
561
923
517
655
956
987
948
628
872
721
688
999
866
865
698
519
779
564
863
660
623
761
932
837
643
938
907
632
993
667
934
992
539
764
794
928
952
644
906
556
533
999
800
627
804
951
931
609
603
840
903
754
806
913
671
680
526
712
850
510
718
733
511
897
604
0
547
760
519
905
636
822
947
672
560
856
829
770
948
604
683
811
735
615
932
781
838
536
797
691
755
716
712
552
546
992
660
803
821
511
832
834
511
977
739
872
872
606
824
852
890
903
647
578
666
636
775
777
899
502
737
911
936
974
691
979
585
517
813
677
837
585
850
554
801
795
617
775
621
677
790
850
674
911
552
612
543
882
620
542
587
611
757
573
796
730
632
951
830
831
943
924
520
921
625
547
0
607
847
698
568
845
835
834
643
842
681
504
588
958
582
511
745
830
565
764
697
761
668
838
861
605
775
716
835
978
883
686
724
824
831
591
597
877
904
572
966
721
799
685
539
635
931
734
898
753
559
678
562
981
978
591
767
627
848
655
823
981
900
894
812
856
956
849
551
579
584
894
677
918
743
843
981
590
867
803
764
615
575
705
828
668
901
590
691
768
882
980
654
505
740
682
663
1000
832
760
607
0
645
862
967
882
795
706
841
517
783
864
578
551
965
672
659
654
824
632
548
886
756
949
956
697
784
759
796
743
958
511
626
907
964
804
718
999
508
575
803
837
817
967
561
636
960
799
867
511
941
599
803
957
683
923
689
600
659
561
938
740
744
687
513
667
833
972
739
543
750
548
959
863
710
536
952
988
908
703
510
641
627
768
702
884
953
823
516
695
733
740
912
529
720
876
895
947
684
519
847
645
0
852
851
989
551
678
600
897
773
872
953
969
820
740
817
556
561
823
597
543
887
897
827
528
795
885
821
781
703
561
769
707
595
937
947
578
702
645
845
847
753
981
762
651
930
724
711
701
877
588
620
677
961
761
989
536
733
990
900
642
944
871
655
534
993
974
515
633
791
592
792
852
760
631
758
924
879
604
883
623
881
510
792
818
950
682
709
614
631
587
586
954
825
591
873
598
535
905
698
862
852
0
609
862
999
685
796
739
512
550
838
891
965
884
802
806
998
753
744
974
649
663
743
559
940
764
980
752
509
530
811
868
783
645
961
993
909
506
971
591
987
562
601
933
709
583
615
852
587
666
941
650
625
973
643
810
858
767
998
605
699
598
826
946
674
622
884
637
725
667
866
812
679
747
738
765
580
872
696
988
522
760
746
656
690
697
583
682
517
613
515
655
645
976
931
874
845
636
568
967
851
609
0
672
649
579
668
763
765
879
678
664
916
679
886
748
829
916
951
771
502
738
859
855
507
526
977
620
882
996
683
916
632
544
719
962
890
716
818
694
916
837
899
901
870
542
939
672
879
974
659
833
834
695
815
787
886
507
717
934
978
590
704
675
538
909
682
922
772
957
734
604
695
850
683
569
591
516
915
765
820
572
532
653
873
644
930
965
857
520
752
706
881
631
695
848
826
822
845
882
989
862
672
0
992
805
896
929
940
754
814
898
589
572
593
550
648
843
781
653
621
553
638
990
946
632
507
851
868
830
591
808
696
733
701
684
592
613
847
887
723
948
709
635
868
821
952
583
765
984
921
944
722
928
837
891
841
872
530
937
908
872
723
630
794
886
515
507
799
767
672
547
668
513
913
737
658
927
578
613
573
889
648
628
974
755
937
785
815
536
973
644
986
863
912
725
873
947
835
795
551
999
649
992
0
794
541
702
747
856
774
614
756
623
830
738
741
664
782
841
997
641
995
942
553
733
824
547
658
653
745
875
605
503
856
579
929
976
833
775
751
997
796
930
871
694
759
733
874
926
520
901
814
998
797
829
577
979
746
595
572
998
579
513
654
978
850
628
925
892
706
868
623
791
652
542
610
893
760
551
867
919
698
727
674
642
728
511
601
821
860
872
875
648
548
789
564
672
834
706
678
685
579
805
794
0
960
634
764
738
700
657
533
948
595
951
781
887
551
978
753
964
505
687
508
856
601
547
699
709
516
642
974
893
900
551
780
591
895
993
705
611
573
993
894
526
503
700
867
706
805
798
654
791
871
786
911
511
829
737
1000
779
599
606
520
699
643
961
918
836
953
711
691
619
642
864
908
733
645
792
913
674
937
799
502
673
879
645
717
955
633
628
810
823
679
988
881
560
643
841
600
796
668
896
541
960
0
695
815
956
605
828
633
825
765
863
585
553
956
929
648
832
669
595
535
982
643
804
883
696
649
994
599
511
580
525
528
609
841
824
895
807
816
981
722
741
897
803
891
552
689
811
963
856
959
512
942
926
563
982
554
829
881
585
758
525
591
720
518
876
969
833
508
939
709
815
671
582
577
728
699
963
988
974
912
793
598
639
629
809
502
728
755
972
638
934
903
856
842
517
897
739
763
929
702
634
695
0
976
661
517
567
654
573
876
937
738
521
769
972
980
856
518
543
555
976
866
568
618
607
597
668
533
509
865
817
673
890
821
771
834
595
627
656
809
790
911
535
639
680
573
909
782
806
515
859
653
923
762
646
888
512
650
564
947
844
689
528
714
999
927
986
605
874
503
884
551
785
698
508
507
843
581
971
740
656
771
689
725
538
861
734
935
633
665
505
876
829
681
783
773
512
765
940
747
764
815
976
0
874
726
708
903
559
709
506
555
942
720
717
647
881
546
785
598
610
826
917
505
581
753
700
892
690
595
689
905
887
962
619
764
592
614
623
765
554
874
593
840
858
816
575
874
722
621
597
791
929
736
947
795
959
500
950
736
962
596
897
851
926
767
751
965
554
732
578
949
675
852
710
783
677
770
806
532
762
965
872
799
767
587
992
704
673
920
780
808
770
504
864
872
550
879
754
856
738
956
661
874
0
523
648
649
960
635
518
779
796
663
539
878
679
686
987
579
957
553
637
619
786
910
780
835
656
597
792
889
921
873
789
552
981
618
582
700
789
783
937
927
632
776
682
548
794
780
878
666
733
579
934
804
919
609
796
813
875
509
721
930
639
912
883
631
558
643
681
730
915
811
719
834
773
596
735
510
733
507
879
616
753
915
992
679
677
629
533
730
948
588
578
953
838
678
814
774
700
605
517
726
523
0
947
590
905
801
585
770
938
547
539
909
686
561
615
642
719
649
770
924
749
920
900
840
541
905
983
721
939
711
814
870
939
770
975
985
671
991
985
589
996
799
755
571
920
955
981
909
658
674
840
708
544
969
745
937
856
789
864
828
678
909
552
564
932
974
866
986
852
985
546
767
967
737
700
686
994
782
668
862
945
604
830
574
628
848
613
790
604
958
551
969
891
664
898
614
657
828
567
708
648
947
0
853
608
549
630
809
689
554
718
845
905
609
727
810
920
687
861
507
648
698
580
757
830
678
686
925
840
542
953
943
915
581
652
669
587
709
916
759
917
972
621
611
926
669
564
958
668
773
809
512
667
528
825
701
513
733
990
662
787
503
531
618
723
959
979
954
941
764
532
888
819
901
979
612
939
969
860
823
879
691
961
867
966
712
684
884
683
582
965
820
965
916
589
756
533
633
654
903
649
590
853
0
794
559
516
653
898
932
894
814
907
826
779
832
944
703
649
906
797
995
531
526
816
924
878
588
554
964
733
554
737
949
915
575
721
508
855
724
513
962
972
987
753
816
823
893
635
712
672
632
667
800
934
598
904
675
700
793
947
509
986
610
552
973
689
593
879
938
821
986
740
828
619
790
663
945
516
743
666
598
878
512
656
642
673
990
811
511
672
740
884
679
572
623
948
825
573
559
960
905
608
794
0
922
837
602
730
687
1000
880
536
881
846
868
608
755
600
579
920
654
769
598
957
940
509
868
952
921
850
943
878
999
731
739
690
561
857
663
698
703
992
815
780
788
888
683
999
923
980
894
696
590
967
899
751
523
947
681
997
970
761
500
664
500
508
780
654
647
545
776
695
568
594
544
718
643
534
922
721
836
897
955
676
669
949
840
735
745
659
817
802
886
593
830
595
765
876
709
635
801
549
559
922
0
661
507
669
530
604
539
929
564
632
597
789
883
717
911
683
585
548
951
975
953
853
610
786
599
700
618
952
611
707
723
866
793
548
700
621
922
993
665
790
859
578
503
708
698
955
978
997
700
894
741
822
590
835
810
510
605
964
898
788
696
801
600
795
892
712
682
994
836
626
637
898
854
676
745
664
624
586
521
885
508
909
627
615
830
654
556
806
748
550
738
951
863
937
506
518
585
630
516
837
661
0
897
724
776
866
995
946
988
945
668
647
627
858
862
991
567
737
747
563
724
987
554
559
987
718
931
780
585
898
919
522
849
982
804
730
617
633
722
823
563
867
662
583
635
568
612
584
698
842
738
629
750
666
643
964
650
966
677
672
809
693
890
862
878
823
748
797
908
897
907
776
597
585
875
758
966
677
592
706
765
916
981
932
565
824
561
998
829
648
741
781
585
738
555
779
770
809
653
602
507
897
0
922
754
766
832
524
948
529
852
947
572
643
695
773
895
596
741
538
776
770
717
583
811
988
820
770
810
950
850
931
648
560
662
621
893
985
998
718
911
879
997
542
871
849
704
899
791
966
537
870
688
987
751
516
806
953
968
780
964
824
946
609
792
775
733
697
530
643
938
929
607
906
902
626
893
613
688
722
921
706
731
781
764
632
823
753
916
843
664
887
553
521
942
796
938
689
898
730
669
724
922
0
554
660
812
941
774
514
581
742
648
862
876
677
930
961
528
574
666
570
882
867
577
935
520
628
628
865
901
527
669
718
894
593
742
894
557
782
831
724
748
654
555
756
789
725
687
632
917
748
550
641
510
532
763
928
937
832
542
997
885
703
673
597
939
979
986
872
928
535
678
684
874
954
881
846
570
902
767
994
639
838
697
548
597
744
951
781
782
551
956
769
720
663
547
554
932
687
530
776
754
554
0
764
550
562
985
771
609
829
916
514
767
924
626
575
592
855
814
781
598
957
848
522
835
507
760
655
708
663
843
726
880
638
557
904
802
864
651
995
986
727
918
756
829
940
944
968
721
759
667
861
768
569
972
964
998
507
885
990
959
531
849
524
940
591
940
943
815
638
672
919
877
998
926
725
712
540
835
897
902
536
761
886
543
974
771
653
841
978
929
972
717
539
539
718
894
1000
604
866
766
660
764
0
834
757
860
769
955
575
614
661
903
866
962
706
895
800
549
540
915
521
566
541
615
621
817
517
803
895
844
890
619
767
918
668
969
691
750
979
970
941
766
698
903
614
620
603
566
873
677
885
922
755
506
945
866
698
534
592
777
557
822
514
563
880
627
523
704
696
893
831
966
714
890
611
615
593
636
760
833
797
668
756
887
649
502
621
997
753
648
980
647
878
909
845
814
880
539
995
832
812
550
834
0
539
901
678
537
931
584
713
949
827
866
906
744
668
588
638
872
700
935
716
957
763
503
559
735
809
795
878
951
530
870
620
993
721
815
882
574
911
846
928
786
746
882
500
727
532
956
596
855
522
946
552
737
934
706
669
693
687
897
981
505
671
805
685
915
880
508
751
690
820
560
652
682
717
859
938
751
691
838
949
897
663
738
553
641
964
832
856
881
679
686
905
907
536
929
946
524
941
562
757
539
0
675
524
744
989
916
739
662
630
757
692
729
930
780
703
524
975
913
691
767
727
585
757
970
613
556
525
691
641
629
617
923
610
538
660
582
630
890
883
803
534
876
530
986
967
939
640
673
980
718
825
843
519
686
682
699
523
893
594
777
756
563
520
559
848
670
639
676
813
890
569
802
566
597
748
882
755
861
956
827
743
859
638
995
505
669
518
546
686
561
609
826
881
564
988
948
774
985
860
901
675
0
999
842
565
708
697
681
662
852
602
549
965
588
960
516
925
827
569
814
856
569
547
672
775
619
848
786
863
674
510
948
749
868
713
591
986
958
512
527
555
862
953
949
768
928
742
971
629
700
911
533
905
960
762
998
613
737
808
857
816
887
908
855
774
681
641
851
976
765
894
527
689
592
540
516
716
605
697
528
559
855
990
942
687
595
543
785
987
615
727
779
846
632
945
529
514
771
769
678
524
999
0
870
620
785
558
915
949
560
781
505
507
821
865
994
904
695
875
996
968
543
752
851
844
810
951
524
711
665
853
669
620
967
615
729
762
521
776
889
961
578
549
635
628
902
554
997
750
929
841
928
504
719
832
865
743
856
828
644
863
537
936
759
507
507
791
644
621
974
979
873
840
717
864
546
712
775
784
795
940
507
946
553
508
535
555
598
579
642
810
832
868
597
668
852
581
609
955
537
744
842
870
0
709
926
878
746
992
834
926
838
788
512
832
769
800
646
760
683
670
888
605
612
740
775
789
567
568
893
944
549
769
639
898
753
765
875
537
985
624
575
947
610
525
655
586
974
826
754
697
557
539
785
937
924
857
591
656
743
508
623
894
800
842
787
605
665
671
937
928
685
807
853
944
824
552
716
759
885
764
526
632
733
856
982
976
610
957
719
920
944
608
789
647
947
742
829
575
931
989
565
620
709
0
782
942
941
683
750
551
507
960
959
759
762
784
823
614
655
952
704
720
720
741
880
500
787
646
815
563
996
869
961
737
950
541
914
578
537
737
776
779
512
685
604
838
748
872
809
576
938
644
527
834
800
520
804
906
825
907
825
762
670
659
648
627
622
996
904
944
932
688
699
669
884
546
835
796
821
980
977
507
824
601
643
866
826
553
649
687
703
755
883
627
572
648
916
614
584
916
708
785
926
782
0
881
544
732
993
807
597
906
513
977
973
569
800
688
641
860
600
871
931
629
945
529
756
659
897
885
677
1000
787
601
964
572
690
974
876
592
510
575
989
502
509
756
580
890
803
550
573
576
850
785
793
870
608
833
609
715
505
893
701
598
953
779
500
575
862
626
847
874
630
932
605
992
978
743
781
752
620
851
547
547
804
568
917
637
770
861
649
600
717
858
643
862
514
661
713
739
697
558
878
942
881
0
649
515
826
527
836
896
984
922
988
866
811
611
863
978
981
786
907
682
662
796
914
673
521
705
624
565
949
840
767
717
856
831
543
799
928
681
891
516
691
695
856
708
864
588
642
984
922
553
504
873
501
778
543
830
623
833
945
543
612
559
924
598
552
840
708
974
530
596
566
660
883
958
703
509
882
868
658
699
883
618
505
619
924
507
906
579
911
862
695
876
767
903
949
662
681
915
746
941
544
649
0
988
779
789
800
540
941
678
702
614
929
633
841
825
758
866
896
846
684
858
629
568
566
502
605
908
683
733
660
765
583
981
711
626
721
688
646
570
931
619
772
999
503
768
886
953
577
711
988
691
819
801
619
514
713
701
650
974
554
573
511
688
763
973
502
598
688
543
534
803
686
511
561
530
996
830
653
709
696
607
581
786
749
648
797
920
683
991
773
677
924
866
827
630
662
949
992
683
732
515
988
0
934
541
713
744
787
589
667
723
785
514
976
517
987
519
790
856
650
636
849
827
624
767
556
895
545
935
916
834
991
551
705
671
932
746
734
808
882
688
736
790
911
822
667
702
865
603
952
949
513
516
675
745
956
795
831
916
830
731
673
733
688
634
942
719
719
919
508
821
724
626
769
811
683
591
745
516
649
597
753
910
920
698
995
654
585
567
895
930
626
962
866
757
852
560
834
750
993
826
779
934
0
948
569
970
591
736
584
818
762
723
782
852
722
762
617
783
819
572
661
673
601
748
748
766
663
836
593
560
844
646
700
985
987
906
576
987
800
541
581
639
891
940
837
524
768
820
634
573
517
922
547
716
822
564
513
651
790
899
769
591
951
609
629
704
816
829
511
511
824
907
707
868
916
808
875
642
994
668
700
780
900
580
531
769
548
737
596
961
575
706
906
692
602
781
926
551
807
527
789
541
948
0
773
657
741
513
653
765
715
971
504
840
697
540
777
706
963
685
910
930
660
534
678
550
572
667
768
933
899
701
821
893
992
741
555
633
782
813
904
920
879
674
730
825
622
963
981
665
722
766
746
886
839
778
775
905
890
908
821
572
772
653
725
573
513
795
561
832
831
964
595
783
632
696
605
974
599
533
892
835
840
757
526
598
951
747
741
528
592
895
744
729
549
505
838
507
597
836
800
713
569
773
0
714
996
611
530
838
909
849
940
838
828
885
634
657
934
799
672
604
598
670
789
676
956
960
761
758
619
883
589
849
518
993
803
960
578
509
902
930
544
902
652
979
874
920
945
512
598
778
872
782
959
755
896
771
855
832
596
664
561
772
986
537
780
611
923
834
591
804
937
645
544
733
503
893
511
509
690
656
541
830
816
957
975
563
538
574
855
800
668
930
965
507
788
960
906
896
540
744
970
657
714
0
644
968
949
523
877
539
649
650
691
605
516
828
633
914
912
873
804
867
663
705
832
658
819
999
904
528
540
895
606
854
870
645
615
885
987
965
675
1000
654
977
711
607
500
586
824
942
606
713
674
582
563
702
562
780
653
752
735
664
526
761
733
544
517
511
597
718
947
961
719
701
856
900
580
865
595
597
905
678
924
940
953
724
776
666
814
549
588
780
588
821
512
959
513
984
941
787
591
741
996
644
0
885
562
640
546
977
648
875
514
658
681
890
930
878
865
594
997
914
824
941
610
760
624
855
523
984
683
747
850
855
702
723
553
673
649
667
957
699
900
529
583
984
959
651
687
724
733
583
779
676
807
803
706
683
678
774
526
609
964
603
712
525
655
977
877
999
578
993
962
684
579
551
525
817
689
792
983
686
878
509
853
987
770
570
781
540
638
703
960
865
832
759
977
922
678
589
736
513
611
968
885
0
966
967
693
742
993
746
808
758
988
668
532
608
744
763
700
764
665
628
560
780
671
848
949
791
513
795
644
832
897
785
835
574
911
510
974
930
717
783
775
974
657
964
590
679
908
565
787
614
801
906
906
538
592
611
902
855
806
833
916
600
956
739
904
508
702
909
890
592
929
780
528
673
905
889
721
925
588
868
610
554
717
882
598
915
872
524
516
994
769
762
973
988
702
667
584
653
530
949
562
966
0
749
964
766
898
778
745
836
734
707
637
763
827
621
979
803
772
742
518
581
881
907
507
747
745
694
798
504
777
736
850
941
586
732
992
730
555
899
625
787
720
699
916
675
979
648
591
965
563
892
796
695
822
990
731
923
707
848
938
533
987
872
572
575
645
506
716
613
976
591
609
890
887
921
939
840
554
952
786
559
583
867
957
521
700
975
925
904
800
784
569
866
614
723
818
765
838
523
640
967
749
0
872
609
998
594
948
589
500
770
561
536
858
934
747
819
703
945
948
678
581
738
998
861
923
692
845
896
613
743
969
538
615
675
529
830
961
927
607
866
966
619
589
502
541
591
590
684
793
529
631
944
718
949
820
865
651
519
821
941
948
872
966
803
845
971
818
847
833
895
841
821
962
873
711
542
964
921
599
987
811
577
848
566
935
913
827
695
646
823
800
811
929
785
762
715
909
877
546
693
964
872
0
860
579
813
681
996
875
925
753
897
911
883
634
775
696
678
568
809
916
735
539
619
831
685
730
715
772
847
806
632
803
532
515
810
596
890
933
970
716
765
785
847
733
902
934
935
683
693
535
890
712
923
777
651
553
858
946
632
628
606
721
837
847
591
694
887
775
993
824
771
619
789
814
953
733
850
700
718
988
935
522
541
716
691
569
875
760
614
688
611
633
514
723
971
849
539
977
742
766
609
860
0
