0
0
0
0
0
1000
0
800
800
0
939
0
0
0
0
0
824
800
0
0
0
0
0
0
0
800
0
686
612
0
708
0
0
717
0
800
717
0
800
0
0
800
0
0
0
789
0
0
0
0
0
955
0
919
0
0
0
0
800
800
0
800
0
0
0
0
0
0
0
0
0
0
0
0
0
0
675
0
0
972
800
578
537
0
0
0
0
800
0
839
800
0
0
0
0
796
828
781
671
0
0
0
521
800
800
0
800
0
800
0
800
0
996
0
800
0
937
918
0
0
800
0
0
0
0
800
690
761
0
800
0
0
0
0
0
0
0
0
975
0
0
800
0
800
0
586
648
800
951
0
0
0
0
0
0
0
0
954
0
0
0
800
973
0
0
0
0
0
0
0
782
0
0
0
800
800
0
0
0
0
0
0
0
697
0
0
0
0
0
0
0
0
0
0
0
0
800
800
0
0
0
521
0
0
0
800
674
0
0
0
0
926
664
0
0
0
0
778
0
0
0
744
0
0
0
0
0
0
800
0
911
821
800
0
0
579
0
0
0
800
0
0
0
0
0
0
0
876
0
0
800
0
0
0
0
501
0
0
0
842
800
0
994
0
800
0
647
0
0
0
0
850
0
0
0
0
0
0
0
0
0
597
800
0
0
0
0
691
800
0
0
0
0
0
0
0
800
0
0
0
0
800
0
0
0
800
0
0
800
0
0
0
0
0
800
0
0
0
0
0
628
0
0
800
722
0
0
0
0
906
856
0
802
686
535
792
0
0
0
625
0
0
0
800
0
0
800
0
0
755
0
780
0
0
0
0
0
0
0
673
0
0
800
0
510
562
0
0
995
0
0
0
0
800
0
0
800
0
0
669
0
0
545
649
679
0
0
879
631
0
0
0
842
0
662
800
842
0
0
0
0
800
0
0
0
800
0
800
0
561
0
800
0
0
513
800
0
578
0
800
638
691
800
0
800
0
0
0
0
0
867
0
0
800
0
797
800
0
944
0
0
800
571
680
0
800
800
0
583
0
0
838
0
800
0
956
800
0
678
0
800
0
0
0
0
0
0
854
0
800
0
0
0
0
0
0
0
0
0
927
0
0
0
0
0
800
0
800
0
0
602
0
966
0
856
0
0
0
0
952
1000
0
800
800
800
0
0
0
0
800
0
0
0
800
0
0
915
0
800
0
800
0
0
887
0
850
0
0
801
800
0
0
0
0
0
545
0
0
0
0
800
0
0
519
800
0
0
0
800
0
0
800
0
0
0
0
0
701
0
766
818
0
0
0
0
0
0
0
826
0
826
0
0
0
0
738
0
0
800
0
0
558
0
800
800
0
0
0
0
800
0
505
800
800
0
0
0
800
0
0
0
800
674
0
0
0
0
800
0
0
773
0
734
0
0
0
0
0
0
0
0
0
0
800
0
783
814
0
0
0
0
0
0
0
0
800
770
0
0
800
0
0
800
0
547
908
800
0
0
0
831
848
0
0
571
0
0
800
0
587
0
0
0
800
0
0
0
0
0
800
0
960
800
0
0
0
785
0
0
0
0
0
0
0
0
800
0
0
0
0
987
800
0
0
800
0
0
696
0
800
800
0
0
0
800
0
800
0
0
0
536
0
0
590
0
0
623
0
965
0
0
596
839
821
0
0
0
800
825
0
0
524
0
0
616
0
0
0
800
0
0
0
0
0
0
0
0
828
0
505
0
0
0
777
0
0
0
0
0
0
836
0
683
0
0
0
711
0
0
0
0
0
0
0
800
0
0
0
674
0
0
0
0
719
0
0
0
0
998
0
0
0
0
0
0
0
0
0
0
0
800
800
0
800
0
0
0
0
0
0
0
800
0
591
0
0
688
0
0
0
800
0
0
0
0
0
0
0
800
553
0
0
984
0
0
0
0
800
618
755
0
0
590
0
0
0
0
0
0
0
0
0
800
0
800
0
0
0
875
501
0
800
0
0
841
0
0
800
0
800
0
800
0
0
0
0
0
0
962
0
528
593
0
800
543
800
0
0
0
0
800
800
0
800
0
0
600
0
0
800
0
0
0
0
561
800
0
0
0
0
0
0
0
0
543
634
0
949
0
0
800
800
0
0
610
0
0
0
0
0
0
613
800
762
0
800
0
766
0
0
0
751
800
0
0
610
0
0
0
0
0
0
800
615
0
0
0
0
0
0
0
800
0
800
730
0
510
0
0
0
0
0
0
860
0
905
0
800
0
508
992
0
0
0
0
0
901
0
676
0
0
800
0
0
885
0
0
0
0
0
939
800
0
0
0
0
773
536
0
0
0
0
633
0
0
0
0
808
0
800
0
0
0
507
773
0
0
0
768
0
0
592
0
0
0
800
0
0
0
0
0
0
0
800
0
0
0
0
0
0
0
0
0
0
800
0
0
999
0
800
0
0
976
898
0
0
735
0
0
0
756
913
0
0
0
0
0
0
0
0
0
0
0
0
0
0
922
0
0
0
0
0
0
532
0
0
0
0
0
0
0
0
926
0
800
0
0
0
800
0
0
0
800
0
0
0
800
0
0
0
0
0
710
840
0
0
0
0
800
840
0
0
0
0
0
800
671
565
0
0
0
0
800
0
0
0
0
0
0
0
934
0
886
0
0
0
0
593
0
0
800
800
0
0
0
0
0
0
0
0
0
800
0
0
0
800
999
800
0
0
0
800
0
0
0
800
0
800
0
800
800
800
583
0
0
0
0
0
666
0
0
996
664
0
0
0
734
0
0
0
633
800
0
600
800
0
0
0
0
0
0
961
0
0
745
520
800
800
0
800
0
0
0
0
0
0
0
0
0
0
0
800
0
0
0
0
0
0
840
0
0
789
0
692
0
602
0
777
800
0
800
840
0
0
0
0
0
0
0
601
0
800
701
959
0
800
0
529
530
0
0
800
0
800
808
0
800
613
800
788
0
800
0
0
0
534
0
0
0
0
0
0
0
0
0
800
0
590
591
0
0
0
600
0
0
762
0
800
0
0
0
800
800
0
560
665
0
0
0
568
0
800
800
0
0
0
507
0
999
800
0
828
0
0
0
0
0
0
0
528
0
0
0
0
800
0
660
0
0
0
0
0
0
0
800
850
0
537
680
0
0
884
0
874
978
800
0
0
800
0
0
0
0
800
667
0
800
800
662
0
0
800
0
800
0
0
0
0
0
0
0
800
0
800
513
0
0
0
0
543
0
0
800
0
0
599
0
0
800
0
0
0
653
800
686
0
0
0
0
0
0
0
0
0
0
0
0
0
827
0
0
0
0
0
518
598
0
0
0
0
0
800
0
0
0
800
0
800
0
0
0
800
0
0
898
0
0
616
907
0
0
0
0
0
800
0
800
0
0
589
0
0
0
0
0
0
0
0
0
0
951
0
0
933
0
0
0
0
800
800
0
0
0
0
800
0
0
0
0
634
0
0
0
762
599
0
0
705
800
800
0
653
0
0
0
962
0
0
948
0
0
0
956
0
0
0
909
0
995
0
800
0
0
0
0
800
0
920
0
0
578
0
0
0
0
0
0
0
0
0
0
0
0
749
800
0
800
0
563
905
0
0
0
0
0
0
0
800
800
0
0
861
0
913
800
0
0
0
0
0
0
0
0
0
0
0
0
800
0
0
824
937
0
0
0
915
0
623
688
0
0
800
0
0
0
0
0
0
0
0
0
0
0
0
658
0
0
0
800
800
0
956
954
0
0
999
825
0
800
630
0
826
0
0
0
0
0
0
0
0
0
0
583
0
800
0
0
0
0
0
0
800
810
801
0
0
788
0
840
519
0
0
0
0
0
800
0
0
639
0
710
800
0
924
0
0
0
0
0
598
0
800
0
0
0
889
0
945
0
0
800
918
778
0
578
0
0
0
0
949
808
0
0
800
0
705
0
0
0
0
800
0
0
664
0
622
0
800
0
0
0
663
0
0
0
0
676
0
0
0
0
664
0
800
765
0
800
0
0
800
0
0
0
0
0
0
0
0
0
0
0
0
0
0
800
0
800
0
931
800
821
0
617
0
0
788
0
0
0
888
0
0
800
0
0
0
0
800
967
800
0
0
800
0
0
800
0
0
0
0
0
0
0
0
0
800
0
965
0
0
0
0
0
0
800
800
0
0
0
0
849
0
0
854
0
716
0
0
0
0
556
0
0
0
0
0
0
632
0
0
723
0
0
0
747
0
0
809
0
0
800
0
952
696
0
0
800
800
800
0
614
800
0
0
726
800
0
0
0
875
560
800
800
0
0
0
0
0
998
0
800
800
800
640
800
0
800
0
723
782
538
0
800
0
0
800
0
0
0
0
0
0
0
0
800
0
0
0
0
0
800
0
0
0
0
800
0
0
0
0
0
0
0
0
0
0
0
800
0
0
0
0
0
0
0
0
748
800
800
866
800
677
0
0
0
0
822
0
800
0
0
0
0
0
0
0
646
0
800
935
0
0
0
0
0
0
0
0
0
0
0
756
0
800
0
800
800
0
0
800
0
0
0
0
0
0
0
0
0
800
0
0
0
800
0
764
0
800
0
0
0
800
0
628
638
800
0
0
800
800
0
0
0
0
0
0
0
800
849
0
0
0
856
0
0
801
927
0
0
0
0
0
0
0
0
0
800
0
0
916
783
0
0
0
0
0
0
0
0
800
0
0
0
0
0
0
0
800
0
0
800
0
0
0
800
946
0
0
531
0
905
800
542
800
0
0
800
0
0
719
538
800
0
0
853
800
0
0
0
617
800
0
0
0
0
0
0
0
0
0
0
0
744
0
691
0
0
596
0
800
0
0
961
800
0
653
0
0
0
0
0
0
0
800
612
0
800
0
0
0
0
0
0
800
520
0
0
0
940
0
504
0
800
0
0
800
800
0
611
0
0
0
0
0
800
0
0
0
800
800
0
756
0
0
0
658
0
0
0
800
800
0
800
0
0
0
757
800
0
0
0
800
982
800
0
0
0
0
0
0
0
0
0
699
800
0
0
0
0
800
0
0
0
0
800
0
0
839
0
0
0
710
0
800
653
0
0
0
0
0
856
0
0
0
752
0
0
0
0
854
0
680
941
0
800
0
0
0
0
0
0
868
0
0
0
0
0
800
0
0
800
0
0
0
0
0
0
618
0
738
0
939
0
800
653
0
674
0
0
899
0
0
0
0
0
511
800
0
556
0
0
0
0
660
668
800
696
0
0
0
0
0
800
0
0
0
972
0
0
0
0
0
0
800
0
887
800
821
0
0
507
840
0
0
800
0
0
664
854
0
0
800
0
0
905
0
800
0
0
0
904
613
0
0
0
0
0
0
800
0
0
800
0
0
0
0
0
552
0
0
0
800
0
0
677
800
0
0
754
0
0
0
800
0
0
0
0
0
0
683
800
831
0
0
0
0
0
800
625
0
0
0
0
0
0
800
0
0
800
0
0
0
0
0
0
0
911
0
0
0
0
0
0
722
800
0
0
0
0
610
773
0
745
560
686
0
658
0
0
0
0
612
752
905
0
800
618
0
793
0
961
800
0
0
0
0
0
800
924
0
800
0
0
508
726
0
0
800
800
0
0
0
800
0
0
0
0
800
0
800
0
0
0
0
0
0
0
0
0
0
0
0
0
0
0
0
0
0
0
0
0
613
0
0
552
0
800
800
955
800
800
584
829
0
0
0
0
0
0
0
800
800
0
0
0
850
783
0
0
0
0
0
520
665
0
962
0
622
716
0
801
0
0
0
800
0
800
0
800
0
548
0
0
0
0
0
0
737
0
0
968
0
832
976
0
767
0
0
0
0
0
800
0
800
800
0
0
0
0
0
0
0
0
839
800
0
596
0
800
0
0
0
584
800
0
0
521
0
0
0
0
0
538
0
0
800
0
0
0
0
0
0
0
800
0
0
0
800
0
946
0
690
0
0
0
0
814
0
0
0
0
0
800
0
0
0
0
0
0
0
927
800
0
800
618
800
0
0
0
743
0
0
0
800
0
0
0
0
0
800
0
797
0
0
0
800
0
0
0
0
0
0
0
800
0
0
969
0
0
968
0
800
0
0
800
0
800
0
0
0
800
623
0
987
800
800
725
0
987
729
800
0
800
0
0
800
0
0
0
973
0
0
0
800
0
920
800
0
0
800
686
761
0
0
0
0
0
800
0
0
0
0
800
0
0
0
0
800
0
800
0
0
0
0
0
0
0
0
0
899
0
0
800
0
0
0
0
0
800
0
0
576
0
0
0
800
0
0
898
0
970
0
0
0
0
0
0
0
0
0
0
0
852
0
0
800
0
0
592
0
0
0
800
0
800
0
800
0
0
0
0
0
0
0
917
0
0
823
0
0
0
0
0
0
800
800
0
0
0
0
612
0
800
0
0
801
0
825
800
0
768
800
0
0
0
948
800
0
0
0
0
0
0
0
793
800
0
0
0
798
0
0
0
0
0
0
0
0
0
800
0
800
0
0
0
0
0
800
596
721
0
932
661
800
746
0
800
850
697
800
800
800
0
0
0
956
0
0
0
0
0
800
800
0
784
700
0
0
0
0
0
0
0
0
0
0
0
0
0
0
684
800
0
0
0
915
0
0
0
0
0
800
0
906
0
800
0
0
553
0
0
840
800
568
0
0
800
0
0
0
0
0
854
0
0
0
743
899
798
0
0
0
891
0
760
800
0
0
0
0
0
0
0
0
0
0
0
0
800
0
0
0
0
0
0
800
0
955
737
677
0
0
0
0
771
0
572
0
763
0
855
870
800
0
0
0
839
617
0
0
0
743
0
0
0
800
0
0
0
0
800
991
888
800
800
0
0
0
0
879
708
0
911
856
867
0
0
0
0
0
0
0
0
0
0
0
0
0
556
0
0
0
0
904
961
548
0
0
0
0
0
0
912
800
0
0
0
800
800
0
0
800
0
0
0
834
0
0
0
0
885
800
0
514
800
800
579
0
800
0
0
0
800
0
552
0
800
0
0
0
0
0
800
0
0
0
0
800
0
0
0
0
800
0
0
0
800
792
614
811
0
0
800
800
0
0
0
0
692
0
0
0
821
0
0
0
0
524
0
613
592
0
0
800
0
0
956
663
0
0
0
0
680
613
800
0
0
0
0
0
0
0
0
0
861
810
0
0
838
0
800
800
0
0
0
0
0
0
754
0
563
0
0
0
0
800
0
0
721
0
812
0
0
746
0
0
0
928
738
934
0
0
0
0
0
800
800
0
0
962
0
0
0
0
0
800
800
0
0
713
0
800
0
935
0
925
0
682
549
809
0
0
800
802
0
0
0
0
984
800
0
0
0
800
0
956
954
0
0
0
0
0
941
0
0
0
0
800
0
891
912
0
0
0
779
0
522
0
0
800
0
0
0
800
0
746
800
0
0
0
691
799
0
0
0
0
0
0
0
0
800
0
0
0
0
0
0
0
874
0
0
569
800
0
778
737
800
0
800
0
0
0
836
0
0
800
800
0
0
800
710
800
0
0
756
0
0
0
0
0
717
0
0
686
800
0
0
0
0
762
0
0
0
0
0
0
0
0
0
0
0
800
0
0
0
0
800
0
0
0
800
0
0
0
800
800
961
0
0
0
0
742
0
0
0
0
0
0
0
972
0
800
0
800
0
0
0
0
0
0
800
0
0
0
0
800
861
971
917
581
0
0
0
800
0
800
0
0
703
0
0
0
0
800
0
0
0
0
0
0
800
0
957
800
0
555
0
0
0
818
0
0
0
535
0
0
0
616
0
0
0
0
0
0
0
0
0
0
0
0
0
520
800
0
0
0
0
0
0
760
0
861
779
800
0
952
520
0
0
0
0
800
735
800
0
0
0
731
0
800
800
0
800
0
721
0
800
0
570
0
800
800
0
0
800
800
0
0
0
0
0
800
0
0
576
517
0
0
800
0
0
0
800
0
800
0
800
0
0
0
0
0
0
800
710
524
0
0
0
0
800
0
579
792
797
545
800
0
0
800
800
800
0
0
0
0
999
0
0
0
0
0
0
0
0
0
0
0
0
800
0
810
0
800
952
0
0
0
0
0
571
0
0
0
0
0
0
0
0
753
0
719
0
0
519
0
0
0
0
0
0
0
595
0
0
504
0
0
0
800
0
800
0
0
0
0
0
0
0
0
800
0
800
800
0
0
0
0
0
0
800
0
0
0
0
0
0
952
0
0
717
0
0
0
800
0
770
0
0
0
0
671
0
507
0
909
825
676
0
748
800
0
0
0
0
0
0
0
0
0
0
0
522
961
520
0
0
800
800
0
0
0
0
0
0
692
800
0
577
539
0
0
0
0
758
0
0
0
729
0
0
0
727
0
0
0
0
0
534
0
0
0
0
0
0
778
0
0
820
0
526
0
0
620
781
0
0
0
873
822
0
574
0
874
575
0
0
604
677
0
0
0
0
0
0
0
0
0
800
766
0
565
0
0
0
0
0
0
632
800
0
0
0
0
800
737
0
0
0
0
800
0
0
0
0
0
800
0
0
800
0
0
0
800
559
0
687
0
704
0
773
766
0
0
0
798
0
0
0
519
0
0
0
828
800
0
0
800
989
0
0
0
690
859
859
0
699
680
0
0
0
0
627
0
0
972
800
819
0
0
829
0
800
0
0
800
0
0
800
0
800
975
0
0
944
0
0
800
618
0
0
0
0
999
827
995
800
0
0
800
0
940
0
800
924
0
0
800
0
0
800
838
0
0
0
0
800
0
0
0
800
0
0
0
0
800
0
665
0
503
0
800
0
0
0
0
800
800
0
0
950
0
0
0
0
800
0
0
0
800
1000
779
0
0
0
800
0
0
800
0
0
0
0
915
0
631
800
800
0
0
800
0
0
0
0
0
0
800
976
0
0
0
800
625
0
0
800
0
755
0
0
0
0
800
0
0
630
0
0
866
916
0
0
0
0
0
800
0
800
0
0
0
800
0
0
0
0
800
0
0
864
0
0
0
0
673
0
568
527
0
0
0
0
709
0
0
0
0
0
800
624
0
0
800
588
914
797
0
0
0
0
0
654
0
779
781
0
0
878
784
779
800
0
0
800
0
0
0
0
0
800
0
0
0
0
617
800
800
0
829
0
0
0
0
0
800
0
0
0
0
0
0
0
0
0
800
0
0
723
800
783
504
0
0
800
968
0
0
0
0
0
800
0
0
0
571
0
0
800
864
0
0
0
782
0
0
918
0
0
0
0
0
0
0
800
0
647
523
516
0
0
0
0
0
902
0
647
0
0
0
692
0
0
0
0
0
0
0
0
709
0
0
800
795
615
0
0
0
0
800
0
0
760
0
515
800
0
0
0
0
800
800
0
0
800
0
0
0
0
751
0
0
800
828
0
0
826
664
0
677
0
0
868
800
0
0
797
576
800
0
800
800
0
742
800
0
0
0
0
0
0
0
0
0
800
0
0
0
800
650
0
0
0
0
521
0
0
0
0
0
800
0
800
0
0
0
0
998
0
800
0
0
0
0
0
0
0
0
0
713
0
800
0
0
947
800
0
0
0
0
0
0
800
569
0
0
0
0
0
800
0
0
0
0
571
0
800
0
590
800
0
800
0
0
0
0
0
0
0
0
0
800
0
0
0
832
0
0
0
0
0
0
0
0
735
0
0
0
0
0
0
0
0
655
0
0
924
0
0
652
0
0
0
0
0
800
800
800
0
800
0
0
0
0
0
0
0
0
916
0
0
0
0
800
0
0
0
0
800
0
0
0
0
0
0
0
0
520
951
800
0
0
0
0
800
778
0
0
0
800
0
800
0
800
680
519
0
0
0
0
800
0
0
0
0
0
0
800
0
0
0
0
0
0
508
976
0
0
0
0
0
0
800
0
800
0
0
800
0
0
782
0
655
0
0
0
0
0
800
734
925
800
572
0
0
0
0
800
798
673
0
800
800
0
0
0
0
800
800
0
539
0
0
0
0
0
0
0
860
650
0
882
537
642
0
0
507
0
0
0
800
0
834
616
527
0
0
800
0
0
0
0
0
0
0
800
547
0
0
0
0
0
0
0
518
0
0
765
747
0
0
0
0
0
726
0
0
0
0
0
0
0
0
0
0
0
0
559
0
0
0
800
0
0
0
0
0
0
0
800
0
0
0
692
0
737
0
0
800
0
0
0
0
587
0
0
0
501
800
0
0
828
0
0
938
0
0
0
0
0
800
0
0
0
800
0
683
800
0
0
0
0
0
0
800
800
0
800
0
0
789
586
0
0
800
0
908
0
0
610
0
0
0
0
598
800
0
0
0
0
0
800
0
0
0
767
800
800
0
0
834
0
746
0
0
0
692
0
800
673
0
0
0
0
0
0
0
0
0
0
0
0
773
0
800
800
0
0
800
542
0
0
800
0
0
0
0
0
0
0
800
0
0
0
0
0
0
0
699
0
0
0
0
0
0
0
0
0
0
0
800
0
0
0
0
800
0
0
800
0
0
648
0
800
800
0
800
0
0
0
0
0
0
0
0
0
0
800
0
822
0
800
0
0
0
0
0
0
0
0
0
0
800
0
0
0
800
687
0
0
918
0
924
0
0
0
0
0
0
766
0
0
738
0
800
661
0
0
800
0
0
0
0
0
0
0
776
0
0
559
800
0
800
0
623
638
0
0
800
0
0
0
0
0
800
0
0
903
800
0
0
0
0
0
0
0
0
0
0
550
0
800
876
0
0
0
0
828
0
0
0
0
0
0
0
920
0
0
809
0
0
0
800
552
800
0
0
0
800
0
0
0
0
0
731
0
0
0
665
568
0
0
0
0
0
0
0
0
0
0
800
0
0
643
0
0
0
0
0
800
0
0
800
977
871
0
0
661
0
810
0
0
0
0
800
0
0
0
0
0
0
800
0
800
0
800
0
968
0
607
0
0
0
0
0
0
0
518
0
0
0
951
0
0
583
800
0
0
0
0
0
0
840
0
0
0
0
0
0
800
0
611
0
0
800
0
0
898
596
800
0
754
0
0
0
0
577
704
0
527
0
800
0
800
0
0
0
0
0
631
801
0
800
0
0
931
0
976
845
0
0
0
0
793
0
812
0
0
569
0
0
692
800
800
0
0
0
800
0
0
647
0
0
0
0
998
0
0
800
0
0
0
0
800
0
0
0
0
0
0
0
0
0
755
0
0
0
505
0
0
0
0
0
528
0
0
0
800
0
0
800
0
0
0
0
0
0
0
721
0
0
0
0
972
800
753
539
0
503
0
0
650
652
734
800
0
766
0
631
0
800
0
0
0
0
800
0
0
0
0
0
0
0
800
851
0
0
0
0
0
0
0
0
800
0
800
0
795
0
0
0
800
0
792
800
766
0
0
0
0
0
0
0
800
0
0
0
744
694
0
0
0
800
0
0
0
831
0
0
0
0
934
0
0
0
578
0
0
800
0
0
0
800
0
0
0
0
970
0
0
885
563
691
0
800
0
0
773
0
0
0
0
0
925
0
0
0
800
801
800
0
800
0
636
800
0
0
766
652
868
627
0
0
0
0
970
0
0
0
0
0
500
0
739
0
0
0
0
0
800
0
0
0
0
624
800
0
800
0
0
565
0
800
0
0
0
0
0
809
0
955
0
0
780
838
800
848
0
0
0
0
0
789
0
800
0
0
0
0
0
0
0
0
800
0
800
0
0
932
0
800
0
799
800
0
719
0
766
800
0
0
0
0
800
0
0
0
0
0
0
800
0
870
800
0
0
773
940
923
0
0
0
800
0
821
800
0
0
800
0
0
942
800
0
800
0
0
882
800
0
0
800
0
0
0
561
0
0
0
987
0
0
0
0
0
0
951
0
0
0
0
0
0
0
0
0
0
0
800
800
0
886
0
0
0
0
583
0
952
0
0
0
0
0
800
0
0
0
661
0
0
0
0
0
800
0
0
0
0
0
0
0
0
572
0
773
738
0
800
0
0
870
0
727
0
0
0
0
800
0
0
0
0
988
800
800
0
0
0
0
800
0
0
800
716
0
0
0
0
0
0
0
0
0
800
695
0
800
0
983
0
612
0
0
767
800
0
0
0
0
919
0
0
0
800
0
0
777
0
615
0
0
692
0
0
0
0
0
696
0
0
0
0
0
0
800
800
0
800
0
514
0
0
800
0
0
0
0
0
709
0
0
0
0
692
0
0
643
0
0
636
800
727
0
0
0
800
0
0
0
966
800
0
800
800
0
800
0
0
0
0
0
0
802
0
800
0
0
0
800
0
0
800
592
0
0
800
0
0
0
0
0
0
0
0
0
0
0
0
856
0
0
0
0
0
0
571
0
800
0
800
0
0
800
0
0
800
0
0
0
0
800
0
677
0
800
0
0
746
0
800
0
0
0
721
519
758
0
0
0
800
521
0
0
0
800
800
0
0
0
800
0
0
0
0
0
0
800
0
631
0
800
800
0
0
0
0
505
0
0
0
800
800
0
727
616
548
0
632
800
0
0
0
0
0
0
0
0
0
0
0
0
0
0
0
800
0
918
0
0
0
0
501
0
956
0
0
0
0
0
0
0
602
0
800
0
0
0
0
0
0
0
0
800
0
0
0
0
0
800
800
800
0
0
0
0
0
798
0
0
0
0
800
0
737
800
661
0
931
800
0
0
0
0
0
0
0
0
800
0
0
0
0
800
0
0
0
0
0
0
510
961
800
0
0
0
0
621
0
0
586
0
0
800
0
800
0
800
0
0
519
868
0
800
0
833
0
0
0
970
0
0
0
0
800
0
0
0
0
0
0
0
0
660
0
0
0
0
800
646
0
0
0
0
0
0
969
0
800
0
579
0
0
0
800
0
0
0
800
0
647
0
800
0
0
0
0
0
0
0
0
773
0
800
0
0
0
0
800
0
903
0
0
800
0
0
0
0
819
0
0
0
585
948
0
0
794
666
800
0
0
0
0
0
517
0
0
0
800
761
0
0
901
0
0
0
800
800
0
0
0
954
0
0
0
701
800
0
0
0
999
593
777
0
800
0
0
0
800
0
800
0
618
0
800
0
0
0
850
955
0
0
0
0
0
0
0
0
800
0
523
0
800
800
0
0
0
0
976
0
766
940
0
0
800
0
0
0
0
0
809
948
800
0
594
800
800
800
800
0
0
698
800
800
800
0
608
0
0
0
800
730
0
0
0
0
0
917
800
0
606
0
0
0
0
922
800
800
0
0
800
0
0
0
678
0
0
0
875
0
0
0
800
0
0
0
0
0
800
800
0
800
0
754
0
0
0
0
697
737
800
721
0
0
570
0
729
0
0
0
516
0
0
798
800
800
800
0
845
0
652
923
800
0
0
800
800
0
0
634
704
0
800
0
0
919
511
783
0
0
0
800
0
974
0
0
0
0
0
0
0
0
974
0
0
882
0
571
0
0
0
0
0
800
0
0
0
0
0
0
800
0
842
673
0
766
587
0
501
0
800
0
0
0
0
0
0
0
0
935
0
800
738
0
800
0
968
0
800
677
0
0
0
0
0
0
0
519
0
800
0
0
800
673
0
542
0
800
0
0
868
0
0
0
631
0
0
0
634
0
0
0
0
800
0
932
0
0
0
800
0
0
0
0
0
0
0
927
0
640
0
0
0
0
0
0
0
0
0
800
0
0
0
800
0
663
0
800
0
0
0
0
800
0
800
818
0
836
0
0
0
800
800
0
0
0
0
0
614
0
800
0
0
0
0
0
0
0
800
0
0
812
800
800
800
0
0
0
950
624
0
800
0
0
0
0
0
0
0
0
627
0
0
966
0
0
903
809
704
0
0
0
0
800
638
800
0
800
536
0
0
0
800
919
800
0
800
0
898
0
0
0
773
0
0
0
0
0
0
599
0
964
0
0
800
0
0
800
924
0
800
800
0
0
0
0
0
0
800
800
0
800
840
0
800
0
800
0
800
0
0
756
939
0
0
0
800
0
800
0
0
0
0
0
800
0
0
0
0
0
0
0
0
800
0
0
0
0
0
0
0
0
0
800
800
0
0
948
0
0
0
0
0
660
0
0
800
884
0
0
800
779
800
0
800
0
0
0
864
0
804
0
0
0
0
800
0
0
0
0
947
0
0
0
0
0
0
0
0
0
0
973
994
800
0
0
0
683
0
0
976
0
0
0
0
0
810
0
0
0
0
0
0
800
0
0
0
852
0
0
800
0
0
0
0
595
727
0
0
0
0
800
0
800
0
800
0
800
0
0
0
800
0
0
800
0
0
800
800
0
0
0
0
0
955
0
0
507
0
0
0
850
552
0
0
0
0
0
0
0
0
0
0
0
0
0
591
0
0
725
0
0
771
0
0
0
0
0
0
0
0
0
0
0
0
0
800
0
0
800
898
0
0
0
0
749
801
0
0
0
0
0
800
0
0
839
0
0
0
0
0
746
0
0
0
0
0
828
0
800
0
0
0
0
587
0
0
977
793
800
0
0
988
800
0
800
800
0
0
800
800
660
0
0
0
800
0
609
0
556
933
0
751
800
729
800
0
0
0
741
0
0
0
0
0
0
800
0
0
0
0
0
800
774
0
0
0
0
800
0
0
0
800
510
0
0
0
0
841
730
0
0
0
800
898
800
0
800
726
0
800
0
653
0
0
800
800
0
0
771
552
0
0
0
800
0
0
800
0
588
902
0
0
0
0
0
0
871
0
851
0
821
800
800
0
0
0
594
0
0
638
0
955
0
0
800
0
0
794
0
520
0
553
0
997
0
0
0
0
0
800
0
800
534
0
0
0
0
906
0
0
0
800
0
0
800
914
800
0
0
0
0
0
562
0
0
0
0
0
0
0
0
0
850
0
0
0
0
800
0
946
658
0
0
0
0
0
800
956
0
0
0
0
800
800
504
0
0
800
914
0
0
0
0
0
0
0
0
812
0
970
800
800
0
0
0
0
800
919
932
800
0
0
800
800
0
800
0
618
0
0
0
0
0
0
0
800
800
0
0
0
0
0
0
800
0
0
0
0
0
0
977
0
0
0
0
0
0
0
0
0
0
647
0
0
0
0
711
0
510
735
0
0
0
0
800
788
800
0
0
0
0
674
0
0
596
800
0
0
572
800
0
0
861
0
0
0
0
0
797
647
0
0
0
0
0
776
0
0
0
0
0
0
800
0
0
0
800
511
0
0
800
0
0
0
800
0
518
0
850
0
0
0
0
800
0
0
800
800
0
800
0
0
0
0
600
0
719
0
0
0
0
0
0
0
894
0
0
0
0
0
0
0
0
854
0
0
0
800
0
0
0
0
537
616
0
0
0
0
0
0
0
0
0
0
0
0
0
0
0
0
928
0
971
0
0
0
800
0
0
0
998
0
800
501
0
0
661
0
0
0
0
0
0
505
0
0
800
783
0
800
884
507
609
0
0
518
0
800
0
800
800
0
799
559
527
0
800
871
800
0
0
0
853
0
514
0
981
0
0
732
800
0
680
0
557
827
0
0
0
0
0
0
995
0
826
0
0
0
0
0
0
0
680
907
563
840
931
0
0
531
0
0
0
0
800
0
592
0
763
0
738
874
917
0
0
534
989
0
0
0
0
916
800
800
0
0
0
569
0
0
800
0
0
0
0
819
800
0
0
536
0
0
0
794
618
0
800
0
0
800
0
708
515
0
813
0
0
0
0
0
516
0
0
0
0
0
0
0
800
800
0
0
0
0
626
0
0
800
542
0
0
0
0
800
0
800
0
800
0
0
0
601
0
0
905
519
800
875
0
0
800
899
683
0
0
0
0
0
0
0
934
0
581
0
800
0
0
800
0
0
800
0
0
0
0
559
810
0
0
0
0
0
0
0
0
0
0
0
800
0
0
0
556
0
0
850
0
0
0
0
0
0
0
809
0
0
0
0
681
0
0
800
0
0
800
0
966
0
0
0
800
873
0
0
0
800
568
800
0
0
782
0
0
0
826
0
0
0
0
756
0
0
0
0
0
0
821
560
0
905
800
0
800
0
0
800
0
0
855
0
0
0
0
0
0
0
0
1000
0
692
0
0
539
0
800
800
0
0
0
0
0
800
0
0
510
0
0
0
0
0
800
0
933
520
0
0
800
800
0
0
0
522
635
0
0
576
0
0
0
0
0
800
0
0
800
0
0
0
800
0
0
973
0
0
0
0
800
800
800
0
0
850
0
0
0
960
0
800
0
913
800
800
884
0
0
0
0
800
756
800
0
0
831
0
0
623
0
800
870
0
0
569
0
800
800
0
0
779
0
0
0
0
0
828
0
0
0
692
0
500
942
0
0
800
961
0
698
800
0
0
779
850
0
0
0
0
800
0
0
0
0
0
0
0
0
0
0
921
986
0
0
0
0
752
0
0
800
0
800
872
0
0
0
0
800
800
0
0
813
0
0
0
0
0
0
800
0
0
0
0
0
701
0
0
0
0
617
800
0
542
800
0
0
0
584
0
800
800
800
800
0
800
0
0
0
0
690
0
654
0
0
0
0
0
0
800
0
800
0
0
800
0
0
800
800
585
800
0
0
800
800
552
751
553
0
0
0
708
0
522
0
0
800
856
0
0
800
0
0
800
0
876
0
0
881
0
0
800
0
0
800
0
965
0
800
800
0
800
0
0
0
0
800
0
0
0
0
0
860
0
0
959
874
0
0
0
0
0
800
800
0
0
0
0
800
987
0
0
0
0
0
0
800
0
0
0
859
0
0
0
0
800
0
0
0
0
0
800
800
739
0
800
802
0
0
948
800
974
0
919
0
0
800
0
0
0
799
515
0
635
0
800
0
800
550
0
0
0
0
599
0
800
0
0
800
0
800
0
0
0
703
0
800
0
0
800
990
0
0
0
800
0
0
0
0
0
800
0
0
0
0
0
978
800
0
0
0
0
0
0
0
0
0
0
0
800
800
784
0
0
0
778
0
576
0
0
859
0
779
0
0
0
0
938
0
623
800
0
0
0
800
716
0
727
0
0
800
0
0
800
800
0
729
997
0
800
559
0
809
0
0
856
800
0
0
800
955
0
0
0
800
0
0
0
0
0
0
0
0
0
0
0
0
0
0
659
0
800
528
0
800
0
0
0
738
0
0
0
905
0
800
800
800
0
0
800
788
0
800
0
0
511
0
0
0
800
0
700
0
0
800
737
800
517
0
778
0
800
781
0
0
0
0
0
0
638
0
0
800
0
0
0
800
616
0
0
0
0
0
0
0
0
800
0
0
0
527
813
0
0
0
0
550
0
0
0
0
857
0
0
0
800
0
0
0
0
0
0
0
0
718
0
0
0
0
0
800
0
0
675
0
0
800
0
0
785
0
0
0
0
999
0
0
800
0
0
0
0
800
800
757
800
0
0
521
725
800
0
839
0
800
800
0
0
0
0
699
0
0
0
0
0
0
0
0
0
0
0
0
0
0
0
0
548
0
794
608
0
0
800
0
0
0
0
800
0
0
0
0
576
0
0
0
800
0
0
0
583
890
0
541
0
766
545
0
0
527
0
0
621
686
800
0
0
699
969
0
998
0
0
0
0
0
0
0
0
0
0
800
0
800
529
0
0
800
0
0
0
0
0
800
0
800
0
0
0
0
0
617
800
0
0
0
0
0
0
680
0
0
0
0
0
0
0
0
0
0
800
795
0
882
0
0
0
621
666
0
0
927
0
0
0
0
0
800
800
800
0
0
0
0
800
0
955
0
0
0
913
0
800
0
0
0
0
0
800
800
0
0
800
0
800
548
0
0
0
0
0
0
0
0
0
0
0
800
0
674
962
0
0
0
530
800
0
800
639
0
998
0
0
0
556
625
0
0
987
0
0
0
0
0
800
703
800
0
820
0
800
878
0
0
800
860
0
699
800
0
0
0
0
800
0
0
632
0
800
0
0
0
898
864
0
0
0
0
800
871
0
0
0
921
0
0
0
857
583
913
0
682
580
0
0
0
679
0
800
0
0
0
0
0
0
0
0
0
725
0
920
708
972
0
0
669
927
0
0
0
0
508
0
0
0
0
589
0
0
888
0
800
719
0
0
0
0
0
729
0
0
0
0
962
0
0
0
0
0
0
0
784
709
713
0
650
0
0
0
0
0
0
800
0
0
800
800
0
0
0
0
640
0
0
0
741
0
0
0
800
0
681
0
986
0
0
0
0
890
0
682
0
913
800
0
532
0
0
0
526
0
0
0
0
0
935
0
678
0
601
0
0
800
0
0
0
0
0
0
0
528
992
0
0
0
0
0
0
710
0
800
0
538
0
0
0
0
0
800
0
0
0
0
0
0
0
0
800
526
0
0
779
0
0
0
0
800
0
0
0
647
0
0
0
0
0
0
586
0
800
0
0
0
804
0
0
800
0
800
0
0
0
0
0
800
599
0
0
0
800
580
913
0
0
0
649
0
0
0
0
0
0
917
0
567
0
510
727
0
548
800
0
578
0
597
0
0
558
0
0
593
0
0
800
800
0
0
861
800
0
800
0
800
800
0
0
613
0
0
0
0
743
0
0
0
0
0
0
0
0
0
800
0
800
0
882
0
0
0
800
0
800
0
800
0
0
0
0
0
730
0
0
0
0
0
0
0
0
0
0
516
0
0
0
0
0
800
0
541
0
0
800
0
0
0
0
621
728
0
0
0
0
800
0
0
0
614
800
0
0
0
0
537
0
800
545
0
0
0
0
0
0
0
0
0
0
0
0
0
800
800
0
0
982
0
0
0
538
800
0
0
0
800
0
836
0
800
800
0
627
0
0
800
0
0
537
0
0
0
0
0
0
0
0
0
800
0
0
0
0
974
0
773
0
0
0
800
0
0
0
0
800
800
0
876
800
0
800
0
0
0
0
0
0
0
0
0
713
0
0
800
0
0
571
0
800
0
0
0
0
800
0
0
697
0
649
0
800
0
719
800
0
0
0
800
800
0
913
924
0
640
0
0
800
660
0
0
0
0
0
0
0
0
0
0
800
0
800
620
0
915
0
795
0
0
642
0
0
0
800
0
792
0
0
0
592
0
800
0
0
0
0
0
0
0
0
534
0
0
853
0
0
0
0
0
0
0
0
766
0
0
532
649
0
0
0
0
0
653
782
0
832
0
757
0
0
800
772
684
0
983
0
0
0
0
679
0
800
0
0
543
0
0
0
808
667
0
800
0
0
800
0
853
0
668
0
552
0
0
917
0
0
0
0
0
0
800
0
781
0
0
800
615
947
0
0
800
0
800
0
0
800
624
0
800
0
0
0
517
0
0
0
0
0
0
0
0
800
0
0
0
0
0
752
0
0
0
0
545
0
679
0
0
621
0
0
0
0
800
0
0
0
0
0
0
800
0
0
0
0
0
0
0
0
0
0
800
0
800
0
800
0
0
800
0
0
0
0
0
0
0
0
800
0
800
800
0
800
800
0
0
800
0
800
800
0
0
0
0
972
631
0
0
800
0
0
0
0
0
800
998
766
800
561
695
0
0
800
0
0
882
0
0
800
0
0
0
0
600
514
0
800
800
0
881
800
0
0
0
0
0
0
0
728
713
0
0
0
0
800
0
800
0
0
0
0
955
553
0
679
0
0
0
0
0
0
0
0
0
0
0
901
922
0
800
800
0
0
0
0
800
0
0
0
696
0
800
0
0
0
0
0
800
800
800
0
800
0
0
800
800
0
0
0
0
507
683
0
0
0
0
0
0
0
0
800
0
0
0
0
0
0
0
0
591
800
0
0
0
0
0
0
0
0
0
0
0
0
0
800
800
0
0
0
0
653
800
0
0
0
0
548
0
0
0
0
0
898
0
0
0
0
800
0
691
879
800
0
0
0
0
0
0
800
613
800
0
0
0
800
0
0
0
0
0
0
800
0
0
823
0
0
792
0
0
0
0
0
0
819
800
0
0
0
520
0
800
0
903
968
0
0
800
0
800
0
0
800
0
917
571
0
0
0
0
0
0
0
719
981
0
966
0
800
0
800
0
0
527
800
0
526
0
0
0
782
0
800
0
0
0
0
800
0
0
574
0
642
800
0
800
822
0
0
800
631
0
0
0
998
0
676
0
0
800
662
0
0
0
967
723
0
0
0
0
800
955
0
0
0
0
0
614
0
0
0
0
0
873
0
0
0
0
0
951
0
0
0
800
0
800
0
0
0
0
0
0
0
800
800
0
0
0
0
0
0
906
0
0
0
0
0
0
0
800
0
0
0
0
0
0
0
0
0
800
0
0
0
0
0
0
0
0
0
0
0
0
0
0
0
968
0
839
0
0
0
0
800
0
0
0
0
0
800
788
0
0
0
598
800
782
800
617
0
0
0
800
0
973
0
0
0
811
713
800
0
0
0
822
0
0
0
800
0
800
0
0
0
0
607
0
0
0
987
983
0
0
0
761
0
0
800
599
0
725
0
0
0
0
0
800
0
800
800
0
0
0
0
0
0
0
0
0
0
0
832
0
800
548
0
0
0
0
0
0
0
0
800
0
0
866
0
800
0
0
0
602
0
987
0
800
0
0
800
0
0
951
0
0
0
538
0
800
0
0
0
800
0
0
0
684
800
0
0
710
800
0
800
0
829
800
800
0
0
0
800
0
800
0
0
0
0
565
0
0
0
0
519
0
606
0
0
0
947
0
0
0
0
0
732
800
0
0
872
0
0
0
0
621
800
0
0
917
800
0
0
0
0
0
800
0
0
0
0
0
0
0
865
0
892
0
0
0
0
0
0
0
505
800
0
800
800
0
800
800
800
0
0
800
0
0
0
0
0
0
0
584
0
0
0
800
991
0
800
800
0
0
0
574
0
0
0
0
0
0
0
0
0
0
0
0
0
0
0
612
0
0
868
0
0
0
0
964
0
0
0
0
977
0
800
0
800
0
0
800
703
0
718
686
0
0
0
0
0
571
757
0
0
0
0
0
0
0
0
800
0
800
991
800
681
0
0
0
0
0
842
966
800
0
0
0
0
0
583
0
0
0
0
0
800
800
0
0
0
800
0
829
0
0
0
0
888
800
0
0
957
0
0
0
800
0
0
760
800
0
834
0
0
0
0
0
0
800
0
0
0
0
0
901
0
0
0
0
0
771
800
800
0
0
0
0
873
973
0
0
0
0
0
800
800
0
0
567
0
0
0
0
0
0
0
0
0
0
800
0
0
0
0
0
800
0
652
0
0
0
0
0
800
0
0
800
0
532
0
0
800
933
0
0
0
0
800
0
699
0
0
0
800
800
0
0
800
800
935
0
800
800
0
874
0
0
0
0
569
0
616
0
0
0
0
800
800
0
0
0
0
0
800
0
0
800
800
0
0
0
774
0
0
0
680
0
0
0
0
965
800
0
0
0
548
0
935
0
0
800
0
800
0
0
574
0
0
0
0
0
0
800
0
0
800
800
0
0
0
0
662
856
0
800
0
0
885
0
0
0
0
0
0
0
0
0
0
0
800
0
0
0
0
0
800
0
800
0
0
756
0
710
0
575
0
0
0
515
0
800
527
800
0
0
0
0
0
0
0
767
0
0
0
0
0
0
0
800
0
0
0
0
0
0
0
0
0
0
0
0
0
0
0
0
0
0
0
510
614
0
800
0
955
0
0
0
0
0
800
0
800
0
0
0
800
976
0
796
0
0
800
0
0
0
0
0
0
0
0
534
0
0
0
889
800
800
764
0
0
0
0
0
0
920
800
915
0
0
925
0
555
524
0
0
800
0
617
800
0
778
0
800
800
0
0
0
0
0
0
800
0
800
833
0
922
0
663
0
0
0
0
800
0
894
557
626
0
0
800
800
0
0
0
699
0
0
678
727
800
0
772
0
553
898
642
0
800
865
991
0
0
0
0
0
800
0
0
828
800
800
842
0
0
0
0
600
0
0
0
0
0
0
0
0
0
0
0
0
0
972
911
0
0
800
0
0
0
0
0
0
0
0
0
0
0
0
800
0
0
0
0
0
0
0
0
0
0
0
951
0
0
0
0
800
800
0
0
0
0
0
0
914
0
0
827
0
800
0
800
800
800
659
0
969
0
725
0
0
0
0
684
0
0
0
800
0
0
0
800
0
0
0
0
0
0
0
0
781
800
0
0
0
800
696
0
0
0
0
0
0
0
0
800
945
0
0
800
0
0
0
0
0
800
0
0
0
0
0
682
0
0
0
952
604
0
800
800
0
0
0
800
800
0
0
518
0
744
0
0
0
0
918
0
800
800
0
800
800
0
0
0
800
0
0
0
0
568
800
0
0
990
0
800
0
0
0
601
548
0
0
0
0
679
0
0
0
0
892
681
800
800
800
800
0
0
553
0
671
0
0
0
0
0
0
0
0
0
0
666
0
0
800
0
0
0
0
0
0
0
0
0
0
0
0
0
0
0
692
549
0
0
0
0
677
800
976
0
0
0
0
0
0
800
0
0
0
694
809
0
0
0
0
0
0
0
0
0
924
0
0
800
0
0
0
0
800
800
800
0
800
0
800
0
998
0
920
0
800
0
800
983
0
0
0
800
968
866
0
0
0
800
976
0
0
553
0
0
0
0
0
0
952
0
800
0
800
0
0
0
0
0
800
0
0
0
0
0
0
800
0
0
0
946
800
0
0
879
0
809
0
818
0
0
0
0
0
829
0
800
800
0
0
0
550
0
0
0
0
0
0
856
0
970
0
0
0
0
0
0
0
0
0
0
0
0
542
0
800
813
0
0
528
0
0
0
708
0
0
0
0
0
0
0
0
822
0
0
0
0
652
0
0
0
0
0
0
0
