0
0
92
0
0
0
0
796
0
0
0
0
348
0
0
0
0
0
0
0
0
76
194
0
0
0
0
451
0
0
530
0
0
0
0
0
244
0
0
0
0
0
0
0
0
0
0
0
139
0
0
0
0
0
0
0
549
0
0
0
0
0
0
0
0
0
0
0
0
0
0
0
0
0
0
0
0
123
0
0
0
0
0
0
0
0
0
0
853
246
0
0
0
0
0
0
0
0
0
0
0
0
0
0
0
0
241
0
0
0
0
0
732
0
915
153
163
0
105
743
222
0
0
0
0
0
10
0
7
800
384
484
0
8
0
0
0
0
0
0
169
0
542
0
0
41
0
0
0
0
0
661
0
0
0
172
0
768
92
431
0
0
0
0
0
105
0
197
0
0
0
0
819
592
975
82
605
542
0
204
113
537
496
0
0
0
829
404
0
50
275
351
0
0
116
0
0
817
0
0
92
0
0
0
413
0
0
586
0
0
0
0
687
0
0
0
99
0
0
0
303
138
0
0
0
0
0
0
0
0
0
678
639
379
0
92
0
881
0
717
0
0
111
634
312
163
0
22
360
0
15
390
0
0
226
0
0
0
0
0
775
514
0
0
961
0
0
0
0
0
0
0
573
0
900
0
0
570
876
0
199
0
0
797
256
0
0
390
0
0
0
0
0
734
9
0
0
572
0
849
0
0
0
0
0
0
0
0
523
165
0
0
353
176
603
0
301
0
0
0
412
0
0
0
0
0
160
237
490
0
0
0
394
0
0
78
136
0
0
880
0
416
0
0
245
2
0
597
0
0
0
694
405
0
0
114
538
0
0
699
0
0
0
0
0
677
0
0
962
0
125
0
0
0
0
0
0
0
945
941
565
0
0
729
0
0
803
0
0
0
0
0
336
0
0
0
877
0
0
194
0
0
413
0
0
0
0
0
0
0
17
272
0
0
0
756
0
827
0
925
0
0
114
0
48
0
246
909
984
285
0
0
0
137
766
0
543
0
0
755
544
0
895
885
0
850
157
0
943
0
0
0
0
0
0
0
0
0
459
745
32
979
0
0
0
0
426
0
0
0
0
200
0
0
0
0
0
0
0
450
937
706
0
0
204
718
0
0
0
0
0
544
0
0
0
701
99
0
0
0
0
0
0
0
0
0
0
0
0
0
0
0
0
0
289
904
0
743
718
0
0
0
0
0
0
0
0
446
0
0
60
0
528
0
0
0
0
0
320
0
0
434
46
0
508
0
0
318
899
0
0
0
875
3
0
768
0
0
0
296
0
956
371
877
0
729
0
500
60
0
61
806
0
0
948
495
372
549
130
620
0
0
808
0
70
0
0
0
0
390
72
890
0
52
0
113
920
0
972
0
0
241
0
0
0
0
0
470
0
0
0
0
0
0
0
0
37
615
390
0
0
0
0
0
89
0
0
0
0
0
887
0
0
0
512
0
0
0
335
284
130
0
0
0
0
0
0
0
0
0
0
0
473
0
0
0
0
0
100
0
0
0
659
504
0
0
0
0
0
0
0
281
0
0
870
241
0
0
0
495
0
966
0
0
0
950
809
0
0
22
0
0
0
0
0
383
21
337
63
0
796
0
586
0
0
0
470
0
0
10
960
0
0
632
124
0
0
0
550
802
0
273
0
337
0
784
0
0
0
0
0
0
0
0
0
0
451
0
0
0
442
0
0
473
0
0
860
524
704
61
457
116
234
0
567
559
369
499
0
0
0
58
19
0
0
0
821
0
0
0
889
487
0
0
0
0
363
0
0
0
0
0
0
0
0
0
0
22
0
0
0
0
0
690
982
0
409
891
525
0
0
0
0
523
0
0
0
0
0
0
0
0
928
0
515
403
0
863
0
0
614
0
0
0
0
0
886
0
905
0
0
0
382
0
0
0
0
0
0
0
0
0
0
0
0
0
0
663
0
118
0
853
0
0
375
0
0
0
177
0
33
0
0
0
0
0
0
225
541
0
409
0
281
0
148
0
0
346
0
0
0
0
273
396
0
148
461
550
0
0
0
0
0
576
0
0
0
0
0
0
0
0
0
165
0
0
0
10
0
0
0
0
489
823
0
0
0
0
0
0
833
0
295
862
0
682
0
395
0
0
0
0
999
0
0
0
0
0
0
0
0
333
495
0
0
138
121
0
0
0
0
0
0
0
0
43
679
0
0
0
0
183
0
0
60
408
2
0
0
0
0
0
909
0
0
0
0
390
0
0
652
0
0
0
0
0
0
0
872
0
316
437
0
911
450
0
728
0
0
0
0
0
0
0
17
0
0
960
0
0
0
0
0
170
318
0
515
0
0
0
0
312
549
0
489
119
351
0
0
0
0
588
0
14
484
597
0
0
471
0
0
0
0
0
0
204
189
0
0
138
0
0
0
0
671
470
0
0
0
278
104
122
0
0
0
0
0
720
232
379
0
385
0
0
0
0
308
0
0
426
314
0
0
0
0
0
0
0
0
0
0
0
207
0
0
0
0
0
0
0
0
0
0
0
272
0
0
0
0
0
0
0
838
0
0
0
644
0
0
238
0
808
0
0
0
0
271
754
0
548
0
0
0
0
0
0
0
0
323
32
0
779
958
0
0
0
248
0
612
0
477
0
0
0
0
0
0
437
176
0
893
110
790
0
0
279
0
0
470
0
736
0
0
880
909
265
0
0
0
0
0
0
194
0
0
0
0
0
0
582
0
0
0
0
0
141
0
616
0
0
348
732
687
353
0
0
0
0
928
489
0
838
0
148
355
747
0
0
0
0
0
0
0
0
0
0
0
587
0
818
0
226
279
537
29
0
0
769
0
0
0
845
0
0
191
0
0
0
0
0
599
827
0
866
924
373
0
0
0
892
0
0
0
380
0
0
0
342
0
0
848
0
876
296
162
119
137
0
204
0
0
0
0
0
240
0
0
331
0
46
807
623
950
0
0
0
572
0
0
0
0
0
0
176
0
0
0
632
0
823
170
0
148
0
0
0
0
0
0
0
0
0
0
0
691
543
0
0
722
0
0
178
47
0
0
0
920
0
0
53
0
642
206
279
0
0
0
0
0
550
0
667
803
970
0
0
851
102
0
0
0
0
0
0
911
0
0
13
0
536
0
283
0
634
0
0
0
165
0
804
18
0
0
0
0
0
0
0
0
0
0
0
0
0
905
16
0
958
405
0
0
915
0
603
0
289
0
124
515
0
318
0
355
0
0
0
7
0
752
0
0
973
0
0
254
326
332
0
0
979
0
0
0
67
0
0
0
0
0
930
0
0
0
0
860
41
0
0
0
0
0
0
0
0
0
0
0
20
0
0
0
448
0
0
0
0
648
0
0
167
0
686
0
0
0
0
273
0
0
0
0
0
0
0
0
0
0
0
0
202
0
0
0
166
0
0
213
0
0
0
0
153
0
0
756
904
0
0
403
0
0
0
747
0
0
0
73
0
0
0
0
0
430
0
0
0
124
0
762
0
0
0
969
675
0
10
0
0
0
125
0
1
834
635
0
232
299
599
7
0
0
0
399
0
491
0
792
0
0
0
0
685
0
0
0
0
0
359
0
0
0
0
0
0
0
0
0
0
73
0
0
280
766
0
0
0
347
668
0
678
278
0
0
0
880
646
810
0
677
0
0
163
99
301
0
0
37
0
0
0
515
644
0
0
7
73
0
0
0
612
0
0
0
0
0
412
0
0
0
0
0
0
0
0
0
322
536
0
0
0
0
386
449
0
0
778
0
330
0
0
0
0
0
0
0
0
0
0
100
0
0
0
0
0
442
387
0
0
391
0
234
0
524
0
0
836
0
0
0
0
0
0
0
0
0
204
0
0
0
0
941
572
786
0
956
636
912
565
660
0
0
0
0
0
827
743
615
0
863
0
0
0
0
0
0
0
0
0
0
113
0
0
0
416
0
838
0
0
0
32
0
0
0
0
0
0
0
0
765
0
0
380
352
0
493
0
0
0
0
716
0
847
583
0
0
0
336
0
0
658
0
0
0
550
465
0
0
468
0
0
391
0
0
0
0
252
0
0
0
0
0
0
691
835
875
703
0
0
0
0
0
0
0
0
366
0
389
0
0
0
0
105
0
0
0
718
390
550
0
0
0
0
0
0
752
0
0
0
0
136
0
0
0
0
0
0
0
0
0
830
824
0
0
0
132
0
248
0
859
672
0
332
0
0
956
203
555
0
920
0
0
0
0
0
0
0
432
406
627
367
793
0
0
0
0
0
0
0
0
0
591
0
241
0
0
346
0
0
42
0
0
0
0
423
0
695
0
607
75
437
554
252
0
179
363
0
86
0
0
0
0
743
0
0
925
0
0
802
0
0
0
238
0
0
0
0
612
113
136
0
53
176
981
0
0
225
0
0
396
0
0
0
0
0
520
0
0
0
0
0
0
0
0
881
0
0
56
253
0
0
0
0
301
984
0
0
990
0
0
474
0
0
0
82
0
297
0
0
0
0
0
412
998
0
0
0
451
0
0
0
0
0
0
0
950
0
0
0
0
0
0
0
0
0
0
0
0
0
556
0
0
222
303
412
0
0
0
0
614
833
0
0
0
0
0
0
0
0
0
53
0
0
412
0
0
0
918
498
0
0
0
434
0
0
0
13
0
597
403
0
0
0
0
0
880
0
323
615
979
0
232
491
0
455
0
0
660
999
0
0
0
0
0
360
575
167
697
0
0
218
222
847
0
42
642
0
0
326
0
0
0
763
0
0
66
746
0
0
0
0
0
0
0
0
62
0
458
0
312
0
76
0
138
0
0
0
0
273
0
0
312
808
0
0
973
0
0
0
0
176
0
0
0
0
0
6
0
0
0
0
0
273
0
0
0
444
0
0
768
0
0
163
0
0
919
945
0
619
0
462
0
0
886
655
0
0
0
566
0
0
0
0
0
201
599
533
0
0
0
0
0
0
0
0
0
575
0
0
0
141
0
994
676
68
0
22
0
0
0
0
0
0
838
376
0
821
0
0
341
0
194
0
0
0
114
0
0
0
0
295
549
0
0
0
0
430
0
0
0
981
412
0
0
0
0
0
0
829
322
0
0
986
0
0
0
0
431
0
0
378
0
0
960
0
0
0
0
0
0
0
0
687
0
0
383
754
0
0
0
514
0
273
0
0
0
0
35
307
0
917
0
0
0
0
772
0
0
0
0
0
140
594
30
0
0
0
0
0
0
254
114
0
0
374
0
306
0
0
40
0
0
0
0
0
0
0
0
337
0
862
0
0
0
0
0
0
0
416
0
0
0
0
0
0
70
0
0
0
0
0
656
362
0
13
881
325
991
0
59
0
0
218
0
0
587
464
666
0
0
0
0
0
0
0
0
368
0
0
15
211
0
0
0
0
0
0
87
0
0
0
0
0
0
0
0
0
0
0
0
997
0
494
0
990
0
0
603
723
0
0
813
0
0
0
0
0
0
664
354
996
0
0
0
0
48
0
89
0
0
0
489
0
0
691
254
0
0
0
0
0
0
0
0
70
0
895
0
0
0
244
0
898
0
985
587
0
0
835
0
0
82
257
0
0
0
0
0
17
586
473
0
0
0
0
0
716
0
0
524
0
0
630
0
438
0
0
253
375
268
0
0
841
51
26
0
666
349
76
0
0
0
370
520
0
0
679
0
0
0
0
0
0
0
298
0
404
0
576
0
0
0
0
0
0
0
0
0
784
0
682
119
0
0
543
326
0
412
838
0
225
0
6
0
0
895
0
0
0
0
832
294
0
0
0
204
0
0
236
0
295
0
436
0
0
446
563
0
528
0
0
977
0
458
0
0
0
0
0
698
839
235
0
651
468
514
0
103
113
0
0
774
0
911
476
0
505
562
638
0
422
386
0
0
0
0
651
0
768
0
827
0
0
0
640
0
0
0
151
804
0
0
10
0
160
246
0
0
0
886
0
351
271
0
0
332
124
0
0
0
0
918
0
0
0
0
0
0
0
285
100
0
0
260
0
339
0
0
0
0
0
389
391
48
0
0
0
0
0
0
284
0
886
0
0
0
0
429
481
0
865
0
572
0
0
0
0
0
0
0
0
597
0
0
33
0
0
0
0
0
0
0
0
0
787
757
0
295
684
863
732
699
907
0
941
0
0
622
0
396
0
451
0
0
237
909
446
0
0
0
395
0
754
587
0
0
0
0
0
0
0
498
0
829
0
0
0
0
0
0
0
0
0
0
0
282
0
0
0
778
0
845
326
258
0
719
512
0
638
732
16
0
0
247
0
0
0
161
0
942
0
0
223
0
0
861
944
0
221
0
151
326
0
537
441
0
0
347
986
0
0
781
0
0
0
0
0
0
79
0
0
905
0
49
0
0
0
832
81
0
0
0
7
0
490
984
0
0
0
905
0
0
0
0
722
0
762
0
0
0
396
0
0
322
0
0
0
285
0
0
0
0
372
0
0
0
0
876
0
0
0
0
203
0
868
0
0
68
927
0
0
0
0
915
0
479
0
0
0
0
0
0
0
467
0
0
0
0
0
706
0
0
0
395
0
0
0
93
476
75
0
0
972
628
521
0
123
667
0
0
0
694
362
0
478
0
0
0
676
0
412
0
800
0
0
285
0
0
0
0
0
0
548
818
0
979
0
0
32
830
0
0
0
0
0
244
832
100
0
0
0
0
0
0
0
0
368
959
0
0
0
0
144
0
353
0
0
0
0
515
0
137
0
0
0
405
0
639
0
0
0
0
995
0
752
0
0
0
727
884
0
0
0
448
0
95
750
0
0
0
358
0
0
0
0
0
725
524
0
241
0
159
0
866
260
0
0
0
0
366
0
530
384
0
0
0
60
887
0
0
0
0
0
0
0
0
0
0
0
824
0
0
0
0
656
0
294
0
0
0
0
0
0
0
0
82
0
0
137
464
852
87
0
0
0
0
0
0
713
0
0
0
738
0
0
0
0
0
571
829
0
195
0
0
687
0
0
161
0
508
405
0
0
0
0
18
0
0
0
24
0
0
612
441
540
0
172
0
0
0
236
0
0
0
0
0
0
0
9
167
0
0
484
678
0
0
0
0
0
0
0
588
0
226
178
0
0
0
0
0
0
434
273
986
362
898
0
0
0
372
0
0
0
0
0
0
732
990
840
0
0
34
0
0
0
525
0
0
0
767
0
943
679
611
0
219
0
288
0
0
203
0
774
0
0
441
0
0
192
457
0
0
0
0
0
840
0
0
0
43
0
0
0
0
558
802
0
848
469
0
0
0
0
0
0
0
377
946
0
0
0
0
0
639
394
0
528
0
0
382
999
0
0
279
47
0
969
0
0
0
0
0
0
0
0
0
0
260
0
0
0
0
0
0
0
578
0
790
0
0
0
579
0
0
0
0
0
0
0
0
5
0
0
0
21
0
0
508
0
309
0
0
905
0
909
0
499
0
875
0
0
569
0
0
785
0
0
234
707
0
0
0
359
113
549
753
0
0
0
199
0
355
0
0
0
899
0
435
650
0
0
0
8
379
0
137
0
0
0
0
0
14
0
537
0
67
675
0
0
0
0
0
0
0
13
985
0
0
0
0
0
0
0
0
0
0
0
0
440
0
197
0
150
0
744
0
0
311
0
0
0
0
0
0
767
0
0
295
0
816
174
0
0
0
0
0
0
0
160
0
157
0
0
0
0
918
0
0
0
869
0
0
363
109
0
0
81
334
56
0
0
0
0
0
0
0
578
0
0
0
0
0
0
0
0
766
0
512
0
0
0
484
0
29
0
0
0
0
0
132
520
0
0
0
881
587
204
339
282
0
0
82
0
578
0
0
547
0
0
0
0
405
0
0
0
0
0
414
21
0
0
0
0
0
0
0
0
0
0
0
838
640
0
0
0
404
23
0
382
0
231
0
0
0
452
940
981
0
0
0
255
0
0
0
646
445
747
0
0
0
0
0
0
0
742
284
0
109
982
0
0
0
0
92
78
0
0
0
0
0
0
597
0
0
0
0
10
322
0
0
0
13
444
0
325
0
0
0
0
0
368
0
732
0
0
547
0
310
469
0
330
0
894
0
0
23
0
0
0
289
641
221
636
0
0
505
603
322
0
0
0
0
279
0
758
0
0
0
0
0
0
0
241
46
0
0
0
0
87
870
741
0
692
0
0
324
0
0
0
0
715
0
0
0
563
784
354
446
0
0
0
244
0
0
136
543
0
0
451
0
0
0
0
0
920
0
0
536
0
248
0
0
0
431
991
0
0
0
0
876
959
0
990
790
0
0
310
0
0
183
0
0
879
0
196
0
0
0
457
0
0
911
0
0
0
136
0
0
0
19
0
0
0
0
0
731
0
0
23
471
674
0
0
750
0
0
0
0
0
0
878
0
0
0
0
0
0
39
0
123
97
181
250
839
557
0
0
173
82
645
0
0
0
881
0
0
0
0
0
0
0
0
0
769
0
0
0
0
0
0
0
597
0
0
0
835
236
0
0
0
0
137
840
0
440
0
469
0
0
0
951
0
403
0
0
0
0
0
0
759
899
0
463
0
0
0
887
0
0
0
0
0
0
912
0
0
0
701
0
0
0
0
0
0
0
0
0
0
0
0
0
0
0
0
0
0
638
0
986
536
0
0
0
0
0
0
0
497
0
860
13
0
0
0
0
0
320
335
0
0
0
471
323
0
0
0
0
0
765
859
0
403
768
0
59
0
0
0
778
0
0
464
0
0
0
0
0
183
0
0
0
0
0
0
0
0
0
0
0
667
0
0
0
0
0
0
488
147
87
700
0
0
16
0
0
0
0
0
683
0
0
0
0
427
594
0
0
0
0
0
0
0
509
51
0
833
0
0
0
0
0
0
0
0
371
644
233
316
638
0
0
0
0
717
880
755
0
284
0
0
0
0
32
0
53
930
125
0
0
672
0
0
0
378
0
0
295
0
0
0
0
852
0
0
197
0
330
0
951
0
0
0
0
0
0
225
820
0
418
877
0
653
552
226
129
0
0
0
480
0
0
0
226
0
532
0
0
0
0
641
0
0
0
0
888
0
151
0
370
0
0
0
0
620
35
205
195
250
0
859
0
0
0
0
0
531
0
0
169
0
522
0
169
0
0
544
0
130
442
0
0
0
0
0
0
0
0
0
0
0
0
0
0
0
0
82
0
389
845
0
0
87
34
579
0
405
0
0
0
0
0
0
0
0
153
0
976
0
151
0
583
0
0
839
0
441
475
0
771
0
887
0
0
0
0
105
97
879
217
983
337
659
0
0
0
0
812
0
0
0
426
0
0
605
0
0
0
0
604
0
0
590
0
694
929
0
0
0
0
346
0
0
0
0
416
0
434
0
0
0
333
0
779
845
642
0
1
386
380
332
0
0
163
0
218
257
436
391
326
203
144
0
0
0
150
0
894
879
403
0
0
0
0
0
0
0
0
15
0
0
0
460
921
0
0
936
716
816
0
745
328
0
0
0
671
610
0
0
0
0
0
0
0
0
0
735
0
412
218
713
0
0
0
338
0
0
288
0
0
0
0
0
36
0
0
0
797
0
0
116
0
0
542
111
0
895
46
0
0
0
495
0
958
0
206
0
834
449
352
0
0
0
0
960
0
0
0
48
258
0
0
0
0
0
0
0
0
0
0
0
0
0
0
0
0
0
0
0
0
0
0
0
0
146
535
0
0
0
0
0
585
958
0
0
0
804
0
15
0
105
503
0
927
0
284
0
0
0
0
0
0
0
0
659
0
844
0
0
0
0
0
0
54
0
0
0
156
56
0
0
0
0
0
634
0
885
0
0
473
0
0
0
0
0
279
0
635
0
0
0
881
0
0
0
0
0
0
0
0
868
353
0
0
0
744
0
0
196
0
0
0
153
0
0
0
0
0
969
0
226
600
403
0
0
907
0
0
0
0
0
0
0
0
954
0
0
0
0
0
0
0
0
0
0
0
0
120
0
0
0
0
0
791
0
458
0
0
0
0
0
0
171
389
0
0
0
0
352
0
0
0
0
0
312
245
0
508
0
0
0
0
0
0
191
0
860
0
0
493
956
0
880
919
0
587
0
446
0
719
0
0
0
525
0
0
0
23
0
0
0
225
0
0
0
0
0
0
0
996
0
0
0
117
0
126
380
855
0
979
0
820
0
0
720
0
623
234
569
759
0
0
0
0
566
815
0
0
0
0
529
0
74
0
0
0
0
296
0
0
0
0
0
0
0
0
0
93
0
715
538
0
0
41
163
2
850
0
0
0
0
138
204
0
0
0
41
232
778
0
203
0
0
945
0
464
0
563
0
512
0
0
0
0
0
0
0
0
0
0
0
820
976
0
0
0
0
0
0
0
0
0
0
0
198
0
0
0
0
0
0
795
0
841
3
0
0
155
0
0
0
0
233
0
376
673
0
375
0
648
825
137
0
0
889
432
269
448
0
0
0
0
0
0
0
0
0
500
0
97
585
471
0
0
0
0
157
0
0
860
0
121
189
248
0
0
0
299
0
0
555
56
323
0
0
666
0
0
0
0
68
0
0
0
0
311
414
0
0
0
0
0
0
15
0
969
0
0
0
0
0
725
0
645
155
0
0
0
62
0
509
0
815
306
643
0
272
279
0
0
0
0
274
0
0
0
0
0
0
0
0
0
326
0
0
0
0
0
0
0
342
884
0
0
0
0
0
0
963
0
396
0
0
0
22
597
0
318
0
524
663
0
0
0
0
0
0
599
330
0
0
253
615
619
0
0
17
528
0
638
927
0
713
0
0
0
21
0
457
0
0
418
151
0
0
0
996
0
0
0
0
27
0
757
280
385
58
0
241
0
0
105
0
749
324
0
0
818
584
637
34
0
876
0
121
0
0
0
0
0
0
74
0
0
0
0
0
0
0
0
0
0
0
0
110
0
667
0
203
0
809
0
139
0
360
0
943
899
0
704
0
0
0
612
0
0
0
7
0
0
920
0
979
0
0
0
586
0
0
732
0
515
0
767
0
0
0
289
0
759
667
877
0
0
0
226
0
0
0
0
0
685
0
644
378
0
0
0
0
0
266
823
0
0
0
0
0
0
0
172
0
0
128
227
16
101
525
0
0
0
0
0
0
545
0
0
0
0
0
0
0
410
573
0
255
0
578
0
0
0
0
0
0
0
0
0
0
0
0
61
118
0
138
0
0
550
0
0
0
716
0
0
0
462
0
0
473
0
284
16
0
0
0
0
5
0
0
641
0
899
0
0
583
0
0
600
0
0
725
27
685
0
614
461
0
933
188
0
893
151
542
0
0
0
0
702
177
220
472
136
0
0
0
0
0
448
0
31
0
116
0
17
0
0
0
255
0
970
732
0
0
0
0
705
0
0
0
999
0
531
0
0
0
0
15
0
0
0
0
457
0
0
0
477
599
0
0
0
0
0
0
0
232
0
0
0
0
977
0
0
0
137
0
943
0
0
0
221
911
0
0
653
0
460
0
403
0
0
0
0
0
614
0
0
0
0
0
307
0
0
0
0
0
0
0
0
0
0
0
668
233
0
897
0
347
0
0
0
0
401
0
0
160
397
899
0
0
898
0
0
678
0
0
323
509
0
0
0
502
0
0
0
0
661
390
694
0
0
0
116
853
0
0
0
827
667
0
0
0
847
0
0
491
0
687
0
0
0
886
0
0
0
738
679
0
0
0
636
0
463
0
552
0
921
0
0
117
0
645
757
644
461
0
0
322
926
0
0
0
917
0
0
503
0
788
0
0
0
197
0
0
174
600
0
531
0
0
0
0
746
690
0
683
0
0
0
0
0
0
263
0
0
0
438
153
0
0
680
767
0
355
0
0
0
0
405
0
875
473
234
0
0
0
0
0
803
0
399
0
583
0
301
0
886
0
0
0
458
0
247
915
0
0
611
0
0
0
0
0
0
0
226
839
0
146
0
0
198
155
280
378
0
0
322
0
0
0
0
0
975
602
0
0
619
0
0
0
0
0
0
0
0
0
0
0
0
0
0
0
0
0
214
0
0
736
0
0
0
0
120
343
163
0
0
0
0
0
0
0
0
659
0
0
0
0
0
0
3
0
0
0
0
0
0
866
970
0
0
0
0
0
984
455
655
0
0
0
0
0
0
0
0
0
0
21
767
0
0
0
0
0
129
0
0
535
907
126
0
0
385
0
933
0
926
0
0
0
583
445
0
0
0
944
0
0
0
0
892
0
0
0
0
0
870
0
930
0
0
0
0
0
0
0
0
965
0
0
0
0
0
0
0
0
0
0
509
872
0
179
0
0
0
0
0
226
0
0
0
0
567
375
0
671
0
924
0
0
491
0
0
0
0
0
0
383
0
0
0
0
0
479
405
0
219
0
0
0
505
136
0
0
0
441
936
0
0
380
0
0
58
0
188
0
0
0
0
0
0
0
0
147
0
0
0
943
7
0
0
0
909
0
0
507
0
0
0
0
0
0
0
760
0
0
0
0
0
521
0
152
0
885
0
0
0
0
586
0
0
0
0
0
0
0
172
0
114
0
768
0
559
0
43
470
0
373
0
0
0
0
0
0
0
0
0
754
368
716
0
0
0
0
0
0
0
0
0
0
603
0
887
488
0
475
716
0
0
855
0
0
0
0
0
307
0
0
583
0
0
0
562
922
0
0
0
0
756
570
0
510
853
502
0
0
0
0
0
105
0
0
0
0
0
337
930
689
0
0
748
0
0
113
856
811
0
0
632
0
729
0
0
0
0
549
0
0
538
0
0
0
369
0
679
0
0
0
851
0
792
0
336
432
990
660
0
0
0
0
0
429
161
0
639
0
288
508
295
0
322
0
0
147
0
0
816
0
0
0
0
62
241
0
893
0
0
0
445
0
0
0
616
0
0
0
447
0
0
0
0
0
838
460
0
0
0
163
0
0
0
887
0
0
650
618
0
0
511
0
0
0
0
0
8
0
0
514
747
0
0
331
0
711
0
0
768
0
0
0
0
0
499
0
0
0
437
0
102
20
0
0
0
406
0
999
566
0
0
0
0
481
0
0
0
571
0
0
0
0
0
0
0
87
480
771
0
0
0
979
0
0
0
0
151
0
917
975
0
0
562
616
0
898
499
0
18
337
0
431
0
626
0
0
699
88
540
0
451
0
0
0
0
0
0
59
519
0
346
0
0
0
0
274
0
432
909
0
0
0
0
0
0
0
0
0
92
0
0
459
0
100
0
177
0
0
176
0
0
0
0
100
0
627
0
0
0
0
15
524
698
0
942
0
0
829
0
309
816
0
0
19
0
700
0
0
745
0
0
0
0
509
0
266
542
0
0
602
0
147
922
0
898
0
0
0
0
0
0
818
0
0
0
0
0
0
0
0
0
0
0
631
288
0
788
0
851
0
0
0
738
0
0
0
0
802
0
238
0
134
0
0
0
790
0
0
431
0
699
745
296
0
0
0
0
278
0
892
0
0
0
0
658
367
474
0
0
514
211
0
839
865
0
0
0
0
203
0
174
838
0
0
0
0
0
887
328
585
0
820
795
0
105
823
0
0
0
0
0
0
0
0
499
0
0
84
0
0
0
336
121
0
0
0
602
0
0
0
609
0
65
540
0
0
0
0
0
0
0
35
0
0
0
0
0
0
0
0
0
403
30
0
273
0
0
0
0
775
0
32
0
0
0
33
0
104
893
0
0
0
0
0
0
793
0
0
0
0
0
0
235
0
0
0
0
195
0
0
0
640
0
0
0
0
0
0
0
958
0
0
0
815
0
0
0
0
503
0
944
0
0
0
0
0
84
0
0
0
921
292
0
0
81
0
0
0
0
0
0
0
0
111
0
397
0
805
0
0
0
0
0
378
0
0
0
0
0
964
341
433
0
0
0
0
0
0
0
514
0
979
956
0
58
0
183
122
110
0
0
448
685
0
0
0
0
0
0
273
0
630
0
572
223
0
995
0
774
905
0
0
279
0
0
16
226
0
0
0
0
0
841
306
749
0
0
0
0
619
0
0
0
447
18
0
0
0
0
545
0
580
21
0
0
0
0
0
0
0
0
0
0
0
0
0
111
0
0
0
0
564
153
0
406
0
0
0
0
0
0
32
854
0
0
239
0
0
0
0
0
0
371
659
19
0
0
0
790
0
0
0
0
0
0
0
0
0
0
0
0
0
651
0
0
467
0
0
0
0
0
0
0
0
912
0
0
0
0
0
954
720
3
643
324
0
0
0
788
0
0
943
0
0
337
0
0
0
545
0
0
0
0
0
0
258
0
0
999
0
0
0
0
0
0
0
569
633
0
168
0
677
0
274
826
518
510
0
0
0
0
13
931
0
0
0
0
0
0
0
0
0
877
504
0
0
0
0
0
380
0
0
0
0
550
0
82
360
201
0
0
438
468
0
0
0
752
687
0
909
0
0
758
0
0
0
532
0
671
0
0
0
0
0
0
0
702
0
0
0
0
7
756
0
0
0
0
921
0
0
0
0
40
0
383
0
0
358
583
606
359
0
717
0
0
0
0
87
0
0
83
728
0
29
101
0
0
182
0
0
716
0
566
0
0
909
0
0
0
961
0
0
0
0
0
0
60
0
0
0
911
0
0
442
465
0
0
575
599
0
0
0
514
0
861
0
0
0
441
0
0
404
0
731
0
0
0
105
610
804
0
623
0
272
0
0
177
0
0
0
0
0
570
0
431
818
336
292
580
0
0
0
0
0
0
0
570
0
0
5
289
0
0
0
657
0
179
0
0
0
0
0
0
871
646
0
0
0
665
0
0
0
981
0
0
0
0
0
105
0
677
0
729
0
0
0
408
0
279
0
0
0
0
387
0
0
297
167
533
0
0
0
0
0
944
0
0
0
0
499
0
23
0
0
0
0
0
97
0
0
0
234
155
279
818
0
220
0
0
0
892
0
0
0
0
0
121
0
21
0
40
0
0
0
0
285
0
0
981
0
673
778
786
0
0
0
0
0
0
830
325
681
666
243
0
686
138
0
0
0
0
0
0
0
0
0
42
0
0
0
0
426
0
0
821
0
2
0
0
0
0
648
0
0
0
0
0
697
0
35
87
253
103
0
0
0
0
161
0
0
0
0
0
0
701
0
0
879
0
15
0
569
0
0
584
0
472
0
197
0
0
0
510
0
626
0
0
0
0
0
0
0
0
0
0
0
81
0
225
667
0
243
0
194
0
0
0
212
524
0
0
0
0
0
0
0
930
930
0
647
0
0
0
0
981
0
0
0
197
0
0
0
500
0
0
225
0
720
0
342
13
0
359
0
468
0
0
0
0
307
0
375
113
0
221
0
727
0
192
875
160
382
0
23
0
683
0
217
0
0
0
759
0
0
637
172
136
668
0
0
0
909
853
838
0
0
0
81
0
0
383
0
0
0
0
76
936
779
0
0
0
0
0
0
177
0
0
0
0
0
526
0
0
0
0
0
562
0
0
0
0
0
365
0
0
217
0
0
0
0
962
0
60
0
0
541
0
232
470
0
0
0
0
391
0
0
0
0
0
0
0
268
0
0
0
706
884
508
457
0
0
0
0
471
0
0
641
983
0
105
0
0
0
0
34
0
0
233
0
0
0
0
502
460
0
0
0
0
0
258
0
0
285
0
76
0
0
480
781
508
0
358
0
700
0
0
0
0
0
0
967
0
0
0
0
0
0
0
0
780
332
0
0
0
731
863
0
0
0
0
0
0
0
0
0
0
0
379
0
0
536
167
0
0
0
0
0
218
0
917
0
0
0
0
151
0
0
405
0
0
157
231
0
674
0
0
0
337
0
503
0
0
0
0
0
0
0
0
174
0
0
0
0
0
699
0
602
0
0
0
0
570
0
81
936
0
0
0
526
0
0
590
0
0
0
739
0
231
133
0
0
904
0
610
0
0
0
0
0
0
0
0
507
0
0
614
0
0
0
0
125
0
61
0
889
409
0
0
736
848
0
0
0
234
391
591
0
222
0
0
0
0
774
597
326
0
0
0
0
569
0
0
0
0
0
0
0
659
0
0
0
0
233
274
876
128
0
897
600
0
0
507
0
0
88
0
0
0
0
0
358
0
0
0
779
480
0
0
888
908
0
167
750
0
0
0
0
0
0
171
0
113
0
0
0
0
857
114
0
0
0
559
952
0
0
673
0
0
0
0
0
200
806
281
487
0
0
385
0
0
283
686
0
0
0
0
412
847
0
0
0
841
0
0
0
0
0
0
0
0
0
0
241
0
0
0
0
0
0
927
0
0
0
0
0
227
0
0
0
0
870
0
0
0
540
0
0
0
0
999
583
0
981
225
0
781
526
888
0
0
0
0
0
0
0
0
0
0
0
0
0
684
280
0
0
355
0
750
0
418
0
0
0
0
0
0
0
0
819
573
0
0
0
0
0
281
909
0
0
876
0
0
0
524
0
241
998
0
0
0
0
51
911
0
537
395
448
0
0
0
0
0
46
750
0
427
0
0
0
0
0
566
376
0
121
16
0
347
531
0
0
0
0
163
0
0
0
0
0
0
606
5
0
667
0
508
0
908
0
0
0
728
0
619
0
959
0
0
0
0
0
432
0
32
0
0
0
0
0
0
0
285
0
0
0
236
0
0
592
0
0
0
0
0
0
0
0
0
880
296
634
0
0
0
0
0
0
42
0
0
0
26
476
33
441
0
0
0
0
785
0
452
0
0
0
594
888
0
0
284
0
815
673
0
0
101
448
0
0
0
930
0
0
0
451
0
609
0
0
0
359
289
673
0
0
0
0
0
0
0
0
0
0
910
0
0
0
0
920
0
0
0
0
0
0
0
0
544
0
0
0
0
0
447
0
0
0
0
975
900
0
0
948
870
0
148
0
0
909
162
0
0
0
0
0
0
0
642
0
772
0
0
0
0
0
0
95
18
840
0
918
940
0
0
0
0
0
0
735
0
0
0
0
0
0
525
0
0
0
0
0
0
105
0
0
0
0
0
0
0
0
0
778
243
0
358
590
167
0
728
0
0
0
980
0
0
0
0
710
0
116
380
724
0
0
0
0
0
0
365
0
0
0
0
0
0
126
0
82
0
0
0
495
241
0
0
0
0
265
119
0
0
0
836
252
346
0
0
575
0
0
666
505
0
0
0
750
0
0
0
0
981
0
0
0
0
151
812
0
0
120
0
375
0
0
0
31
0
0
0
0
0
0
0
0
0
65
0
0
0
717
0
786
0
0
0
0
750
0
0
0
0
0
506
0
0
0
0
0
0
0
0
0
0
884
503
486
600
632
0
0
0
0
0
278
0
699
0
605
0
0
0
372
0
363
0
0
308
0
137
0
273
0
0
0
0
451
0
0
0
0
349
562
0
347
93
0
0
0
234
0
0
0
0
0
0
0
0
412
0
0
0
0
0
0
0
0
0
0
0
0
0
0
887
0
631
540
111
0
0
0
0
0
194
0
700
0
0
0
619
910
980
506
0
0
779
319
0
0
0
0
629
631
0
293
0
0
0
689
0
0
0
0
0
0
0
901
123
542
570
0
0
549
0
0
346
390
0
0
0
165
0
0
0
0
0
0
326
0
0
0
76
638
0
986
476
0
0
0
707
0
0
87
0
0
0
370
0
218
0
0
0
648
0
0
0
116
401
746
0
0
0
0
0
0
288
0
0
0
0
0
657
0
0
177
0
0
0
0
0
0
0
0
0
0
838
0
0
0
606
0
0
0
0
0
0
0
0
37
207
95
0
0
764
0
16
0
0
0
876
945
0
130
0
0
0
0
0
0
204
0
0
73
0
0
42
0
0
0
0
0
0
0
0
0
75
0
24
43
0
869
0
870
0
0
0
0
0
713
0
0
529
825
0
0
0
0
0
690
0
0
760
0
0
0
0
0
397
0
0
0
0
0
0
0
0
739
0
0
959
0
0
0
779
838
0
0
66
0
0
417
0
0
0
0
0
0
0
635
539
469
0
0
729
0
0
0
0
204
0
941
450
620
495
0
0
0
426
0
0
804
0
0
0
0
0
0
0
141
0
997
0
422
0
0
0
358
0
0
0
0
255
741
878
0
0
0
426
0
0
0
0
137
0
74
0
17
0
0
214
0
0
0
650
0
788
0
0
111
569
0
179
0
0
0
0
0
0
0
0
0
0
0
319
0
0
0
0
665
477
0
0
910
0
0
44
638
0
325
0
0
0
0
0
0
0
0
0
113
199
565
937
0
0
0
0
652
314
0
0
18
0
0
0
0
0
0
0
0
140
0
0
386
0
781
0
0
0
0
0
0
0
0
0
0
0
0
0
0
0
0
74
0
326
0
0
0
160
683
0
0
0
337
618
59
0
0
805
0
633
87
0
0
212
0
0
231
0
0
0
0
0
0
0
0
66
0
0
10
162
573
643
0
0
0
0
0
771
0
786
0
830
0
638
93
698
0
0
537
0
0
706
0
966
0
0
0
0
0
0
0
0
280
0
0
0
0
763
994
594
494
370
0
0
0
972
0
612
0
359
363
0
692
0
0
509
0
0
0
0
791
0
0
0
0
545
0
397
0
0
0
0
930
0
519
851
0
0
0
0
0
0
0
524
0
0
133
0
0
0
920
710
0
0
0
0
665
10
0
807
0
0
403
110
0
257
0
0
0
755
0
888
0
379
0
0
363
0
496
0
0
0
808
0
0
273
0
0
194
0
0
0
766
0
691
0
0
0
676
30
0
520
0
0
0
628
0
441
0
113
109
0
0
0
0
51
620
605
338
659
0
0
889
0
0
0
0
899
0
736
965
0
689
0
0
0
0
0
0
168
0
0
830
0
0
0
0
171
0
0
0
0
0
0
606
0
477
162
807
0
0
963
0
0
0
440
818
0
0
0
0
0
857
0
0
996
0
0
0
797
729
0
0
0
0
396
0
0
0
0
0
0
0
0
835
423
0
0
68
0
990
0
0
787
0
521
0
540
558
549
0
646
0
0
0
0
35
0
0
0
458
0
432
0
0
0
255
0
0
0
0
0
0
511
346
0
0
0
0
0
83
0
325
0
526
967
0
0
0
0
0
116
0
0
0
417
0
573
0
0
0
0
0
210
0
0
0
0
0
0
381
0
0
581
0
895
633
0
0
256
0
204
70
0
0
0
0
0
0
240
0
0
0
0
875
0
950
66
0
0
0
0
0
757
0
0
0
0
802
753
0
445
324
0
0
833
205
0
0
844
0
0
269
0
0
0
0
0
0
0
0
521
0
0
0
0
35
0
564
677
728
0
681
0
0
0
904
113
684
432
0
380
0
629
0
0
0
643
0
963
0
0
0
0
0
254
0
0
0
81
0
324
0
0
258
0
0
0
0
0
0
718
0
950
0
148
0
0
0
0
0
0
0
204
703
695
0
746
22
0
0
679
651
0
0
123
725
172
0
0
81
747
0
0
638
0
195
0
288
0
0
296
448
0
0
0
970
898
0
0
0
0
748
0
0
738
0
0
153
0
0
0
666
0
0
0
0
0
280
0
0
724
0
631
0
0
910
0
403
0
0
0
0
351
0
640
994
0
0
0
51
850
140
0
0
902
0
0
829
0
803
0
0
809
0
461
0
0
0
0
0
0
347
0
0
0
0
0
0
0
603
0
0
295
0
667
524
0
848
0
334
0
0
39
0
0
250
0
0
0
0
0
0
0
0
0
732
0
0
0
0
152
0
0
0
0
0
378
0
274
29
871
243
0
0
0
610
0
0
32
0
0
0
0
0
0
0
0
110
0
210
0
351
0
535
239
313
328
694
0
0
0
0
0
0
725
0
0
404
390
0
0
0
0
22
550
0
0
0
331
0
0
668
0
0
607
0
0
0
0
723
0
768
684
79
0
0
0
469
0
56
0
0
0
986
0
0
604
0
0
0
0
0
0
0
0
0
0
263
120
0
0
0
0
0
0
0
0
406
826
101
646
0
0
0
0
0
0
0
0
0
0
884
293
0
0
0
0
0
0
0
0
0
535
0
0
83
0
0
0
0
0
949
0
925
0
0
853
0
0
0
0
0
0
0
0
872
0
0
0
0
0
0
0
0
75
0
0
0
0
0
0
0
863
0
0
241
0
0
199
0
0
0
123
536
0
859
0
0
0
0
0
0
342
0
0
0
678
0
343
0
885
113
0
274
0
0
0
0
518
0
0
686
0
0
0
0
0
355
0
0
0
503
0
0
0
44
0
257
440
0
254
640
239
0
0
0
0
679
450
0
12
0
169
459
0
908
246
50
0
0
0
390
22
0
0
0
0
582
46
0
202
678
0
0
437
0
0
0
254
0
0
827
732
0
0
0
236
0
0
0
0
715
97
0
0
0
0
0
0
0
0
0
884
0
410
0
0
0
163
0
0
856
8
0
0
0
0
0
510
0
0
138
930
562
0
0
857
0
0
0
0
486
0
0
0
638
0
0
818
0
0
994
313
83
0
0
0
370
0
556
0
895
245
0
0
0
0
275
0
0
0
72
0
0
0
316
0
0
807
0
0
278
941
0
554
0
0
0
114
813
0
0
699
905
694
159
0
0
355
0
0
0
181
0
0
0
590
0
0
171
0
0
0
0
573
0
0
0
0
0
0
811
0
432
802
0
0
0
0
182
0
0
930
0
0
0
114
750
0
544
0
600
0
0
0
0
771
0
0
0
0
0
328
0
0
0
0
0
0
0
0
0
680
0
0
764
0
351
0
0
544
890
0
0
0
437
0
0
623
0
0
0
572
0
252
0
0
0
0
0
0
0
907
0
362
0
0
0
0
0
0
0
250
0
0
0
0
36
54
389
0
0
0
0
0
705
323
438
0
0
0
0
0
909
0
0
0
0
0
0
665
0
0
0
0
0
0
0
0
0
0
632
689
37
635
325
0
0
0
0
0
0
694
0
679
370
0
0
0
0
728
0
795
0
801
0
0
0
0
336
0
0
0
0
0
0
207
0
950
0
0
0
786
0
0
0
0
838
0
0
0
0
0
49
0
866
0
0
0
0
0
0
839
0
0
0
694
0
0
0
0
0
0
110
255
0
509
153
0
0
0
0
514
0
238
0
964
0
0
0
0
0
647
0
780
0
0
418
0
0
365
0
0
207
539
0
786
755
0
0
81
0
0
0
450
0
0
0
0
0
0
455
627
0
0
0
0
0
734
0
0
52
0
690
576
911
0
0
0
0
166
0
0
0
179
0
0
376
374
0
298
640
941
0
478
260
0
0
0
0
742
563
557
0
371
0
929
0
0
0
0
0
0
0
0
0
0
0
0
509
586
632
747
0
0
0
341
0
0
716
0
0
0
0
332
0
0
0
0
0
0
0
0
95
469
0
0
0
0
381
0
51
0
0
0
556
0
0
0
0
0
682
0
0
0
0
0
116
9
0
0
0
0
982
0
450
0
0
0
905
0
880
956
366
363
0
62
0
0
0
0
0
0
0
0
0
0
0
899
0
284
784
0
0
644
531
0
0
0
0
0
0
0
667
578
0
0
0
0
872
0
0
0
0
134
403
433
32
13
0
0
0
0
0
0
0
559
0
285
0
0
0
0
0
0
0
830
888
0
0
324
850
0
0
12
0
0
728
0
0
0
0
66
0
0
0
0
0
0
0
701
113
383
0
0
0
0
141
0
16
0
646
636
0
0
0
0
821
306
0
404
0
0
0
0
0
0
377
0
578
0
354
0
0
233
0
0
797
156
0
93
500
0
0
0
999
0
680
0
0
0
729
0
0
0
30
0
854
931
566
981
0
0
365
0
507
952
0
0
0
0
0
0
0
0
0
0
0
857
0
0
140
0
949
0
895
0
0
455
682
0
0
0
0
0
0
0
0
0
877
99
920
21
409
0
728
0
0
572
0
213
810
912
389
86
0
458
0
0
0
0
0
622
832
0
0
0
946
435
0
109
446
173
497
316
0
0
0
56
352
0
0
963
203
0
0
502
767
0
179
0
0
331
0
0
0
0
0
0
0
0
0
0
0
0
0
0
0
0
447
0
0
0
764
729
0
638
379
0
581
0
0
0
0
169
245
680
795
627
0
66
0
0
0
0
0
0
817
572
0
0
0
337
891
0
0
0
616
0
958
0
0
565
0
0
0
0
0
0
664
576
151
0
81
676
0
9
0
650
0
982
0
82
0
638
169
0
0
0
0
715
97
0
0
0
531
0
0
0
0
0
0
0
0
0
273
0
0
0
0
0
0
981
0
731
0
0
0
0
0
0
278
0
0
0
0
93
0
0
0
258
0
0
925
459
0
0
0
0
0
0
0
0
0
0
0
0
0
0
0
0
972
63
525
0
0
0
0
0
405
0
677
660
0
0
556
312
341
40
354
0
804
396
0
0
366
167
0
0
0
0
0
645
860
0
0
346
116
0
0
538
585
396
809
0
0
0
355
659
0
0
0
711
0
790
0
0
239
0
909
0
0
0
217
863
614
673
0
236
0
0
0
0
16
0
0
698
0
996
895
0
902
725
0
0
0
0
801
0
0
0
0
0
0
0
0
0
0
849
194
0
0
0
0
0
0
0
0
0
0
0
0
0
0
0
0
0
0
0
996
0
0
0
0
412
0
0
0
0
0
0
0
0
13
0
522
0
0
0
0
0
471
0
0
0
0
0
0
0
0
0
0
0
0
0
0
0
0
0
0
0
42
0
0
0
0
0
0
0
0
126
699
901
0
0
0
0
363
0
633
0
0
0
0
908
0
764
0
0
0
0
0
0
0
0
0
