0
0
0
0
0
0
0
0
0
0
0
0
0
0
0
0
0
0
0
0
0
0
0
0
0
0
0
0
0
0
0
0
0
0
0
0
0
0
0
0
0
0
0
0
0
0
0
0
0
0
0
0
0
0
0
0
0
0
0
0
0
0
0
0
0
0
0
0
0
0
0
0
0
0
0
0
0
0
0
0
0
0
0
0
0
0
0
0
0
0
0
0
0
0
0
0
0
0
0
0
0
0
0
0
444
0
0
913
0
830
910
0
0
464
0
0
0
0
0
567
742
977
0
742
991
310
0
0
0
0
582
788
0
615
0
489
0
0
0
0
0
0
0
0
0
0
340
903
0
0
0
759
661
461
0
0
0
606
0
504
0
0
337
747
0
0
0
0
0
0
0
0
970
0
0
991
0
0
0
0
0
512
0
506
0
374
0
0
0
0
818
843
0
0
0
612
0
0
0
0
0
0
0
326
0
967
347
0
0
0
0
0
0
0
0
0
0
0
875
0
0
0
0
471
0
0
0
0
0
0
0
593
0
0
0
0
0
358
805
0
0
0
0
0
0
0
0
0
0
0
0
0
0
695
0
0
658
741
0
0
0
325
0
0
0
0
693
0
807
0
0
0
0
0
968
0
0
0
974
0
0
0
844
511
0
447
0
329
533
0
371
0
0
0
0
0
0
0
0
402
0
0
326
0
755
566
0
0
0
0
0
546
431
0
0
0
0
0
0
0
0
0
0
0
0
0
0
0
772
0
373
0
776
0
0
0
663
0
0
0
0
518
0
0
0
0
0
726
372
0
647
328
0
758
936
0
0
0
795
883
0
361
0
0
0
0
0
601
0
0
0
0
831
0
0
0
756
502
999
0
0
948
0
0
0
0
0
0
0
0
0
436
561
0
0
0
0
0
721
330
0
444
0
755
0
0
0
418
0
0
0
0
0
437
0
0
0
0
0
0
0
0
416
0
0
0
905
0
0
0
0
0
565
0
0
0
0
0
319
666
0
0
0
0
0
0
459
0
396
0
0
0
0
0
0
0
0
680
307
345
0
0
1000
538
0
0
0
0
455
755
945
0
0
0
0
724
539
0
0
749
0
0
0
990
0
0
889
642
923
913
744
0
0
318
0
0
0
0
0
726
0
0
967
566
0
0
0
0
0
0
0
0
437
0
0
0
0
0
0
591
0
0
0
580
412
0
0
0
0
0
0
0
0
0
0
950
487
0
797
0
0
0
0
0
0
0
0
0
0
0
0
0
0
0
0
0
0
967
0
0
0
0
0
0
0
970
506
0
0
842
0
773
571
988
0
0
0
749
880
0
0
0
944
0
978
0
0
0
0
898
0
0
651
0
0
0
0
0
0
0
0
0
347
0
0
0
0
0
0
779
781
603
0
0
0
511
0
576
484
0
0
318
0
412
0
0
611
700
0
0
0
0
0
0
0
0
0
0
0
0
0
560
0
0
0
0
0
0
0
0
582
928
0
0
0
388
705
398
0
847
333
967
0
0
0
0
0
602
857
0
0
0
980
0
808
347
409
0
0
0
0
0
397
907
673
0
895
0
989
0
0
500
0
0
633
0
0
0
0
0
0
913
0
0
418
0
0
0
0
0
0
0
0
0
913
723
986
0
0
0
0
0
0
661
0
0
0
401
0
0
0
0
0
0
749
0
0
0
0
0
0
957
0
492
0
346
0
0
0
0
738
0
0
0
353
0
0
0
0
0
0
0
0
0
0
376
0
0
1000
0
0
661
0
0
0
784
436
0
0
911
0
0
0
0
666
0
0
763
0
0
0
818
0
0
0
0
692
0
0
823
0
0
0
0
0
0
0
0
0
0
713
0
0
0
0
0
0
0
0
0
0
0
0
0
0
0
0
754
0
589
396
0
0
0
405
0
0
0
0
0
0
0
0
0
720
0
362
0
0
0
845
0
0
709
0
0
0
0
0
418
0
311
705
640
816
0
0
0
0
0
0
0
0
749
0
950
0
0
0
0
0
0
340
631
0
0
0
0
0
0
0
0
0
613
0
0
0
0
812
0
0
830
0
0
0
0
779
0
0
0
0
0
0
0
0
683
0
0
0
0
0
893
874
0
0
0
0
0
0
0
0
0
0
0
722
0
0
957
0
0
0
0
0
0
0
0
0
0
0
421
0
571
0
0
387
0
0
0
0
0
0
0
726
0
0
961
0
424
0
0
0
0
767
0
0
0
0
0
0
0
0
683
0
0
0
0
835
535
0
799
501
0
0
0
0
446
0
613
0
745
0
910
0
0
0
0
781
0
713
0
0
0
0
0
505
0
0
0
0
0
0
662
0
0
0
678
887
0
0
539
0
0
0
0
0
0
0
0
0
0
0
1000
0
0
0
960
0
999
0
0
631
0
0
0
0
0
0
0
993
971
0
0
0
0
0
0
862
0
0
0
657
626
0
0
0
0
0
0
0
0
0
0
0
0
0
0
413
666
0
0
0
0
0
0
0
0
0
803
936
0
0
0
0
546
0
0
603
0
0
0
0
0
0
0
0
603
0
526
690
0
858
0
636
506
0
714
0
0
0
0
0
0
0
556
0
338
345
0
0
0
637
0
0
0
0
0
0
0
0
848
0
0
397
0
0
0
843
0
0
0
0
0
503
0
610
0
0
0
0
0
0
0
0
0
0
0
0
0
831
0
0
0
0
0
0
0
0
990
0
0
0
0
744
0
735
0
984
0
0
0
0
0
0
431
0
437
0
0
0
0
0
0
0
0
0
0
466
0
0
878
0
544
0
574
0
0
0
0
0
0
0
979
0
0
0
0
0
0
675
554
0
0
0
0
797
0
0
0
0
605
0
0
700
0
603
0
0
0
0
0
0
0
0
634
0
554
0
0
0
0
0
0
0
0
523
0
590
0
342
672
0
707
868
808
0
0
0
0
762
0
0
412
0
0
0
0
0
0
0
0
0
464
0
0
437
0
0
0
0
0
0
0
0
0
0
775
0
0
0
0
0
0
0
0
0
0
873
0
0
0
0
828
0
692
0
996
420
688
0
0
0
0
0
0
0
0
0
0
622
0
0
439
0
0
0
788
977
0
0
0
0
568
0
0
0
0
653
0
0
0
620
0
0
0
0
0
0
0
0
0
373
0
0
0
0
0
0
671
0
0
612
0
0
0
0
0
0
0
0
0
0
0
0
0
0
0
0
913
0
0
505
0
0
0
0
0
0
320
0
333
0
0
0
0
0
823
316
0
970
0
340
900
993
488
0
345
0
0
0
0
0
0
0
0
658
0
0
0
0
970
0
0
824
410
0
0
372
0
0
0
827
0
0
0
0
0
0
0
318
418
0
0
0
0
0
0
596
769
0
803
0
0
0
0
0
579
0
701
0
0
0
0
919
622
0
0
799
0
0
0
0
0
0
0
0
0
511
723
0
683
0
603
0
775
0
0
0
0
0
849
986
0
0
0
0
0
0
0
897
0
0
523
0
0
0
397
0
0
0
0
0
944
0
0
0
0
0
0
473
0
0
0
0
0
0
0
591
952
0
0
449
0
0
975
0
0
0
0
969
998
0
0
998
0
0
0
0
0
829
530
449
798
0
0
0
0
0
0
0
0
0
0
0
737
0
0
0
0
335
0
0
0
0
0
0
0
0
986
0
0
0
0
466
0
0
0
0
301
0
0
0
0
0
599
0
0
0
0
0
500
645
702
0
0
777
569
0
819
430
647
0
0
323
692
0
0
0
0
0
0
853
0
0
0
0
515
0
0
0
0
884
0
0
0
0
0
471
0
0
0
0
948
541
0
0
974
0
0
0
0
724
0
0
0
0
0
610
0
0
0
0
0
0
874
0
0
0
309
0
631
0
0
0
0
0
0
576
0
0
0
0
526
0
0
320
0
301
0
966
0
0
772
0
551
0
0
0
0
0
0
0
0
0
0
0
469
0
859
0
0
0
0
0
0
0
0
0
0
0
0
0
0
0
0
338
0
911
0
0
670
0
850
0
0
0
0
648
300
0
0
0
0
0
0
0
0
427
0
0
0
0
0
0
0
608
0
428
0
891
0
0
0
0
0
315
709
0
872
0
0
0
0
875
0
0
0
484
0
0
0
0
690
0
0
0
0
0
966
0
0
0
0
0
555
876
0
0
608
0
921
0
0
620
0
0
337
0
537
629
0
0
0
0
0
0
966
966
0
0
0
0
795
0
0
495
0
0
0
0
0
991
0
0
0
0
0
466
0
0
564
0
0
0
331
0
0
958
759
0
0
387
0
0
935
0
0
0
906
0
0
823
615
0
568
0
705
305
0
0
0
0
567
0
0
0
591
0
0
0
0
0
0
878
0
333
849
0
0
0
0
0
0
857
0
0
0
0
390
0
0
626
0
0
0
620
550
610
684
0
952
0
512
0
0
0
0
0
684
800
0
0
300
0
652
0
0
0
0
902
986
0
0
0
0
0
323
0
0
0
608
0
0
0
0
0
847
0
0
0
510
432
0
0
0
0
0
0
0
0
0
0
0
0
942
0
678
0
0
0
0
0
742
0
0
0
0
0
0
0
0
0
858
0
0
0
986
0
0
0
0
0
841
362
0
0
0
0
392
0
0
0
816
505
0
435
669
922
0
0
0
0
879
0
0
0
0
371
0
0
746
0
0
0
0
894
0
0
0
0
395
371
0
471
731
0
478
399
843
0
0
0
983
0
0
0
0
0
0
0
0
0
708
0
0
0
341
0
0
0
407
0
0
0
0
0
0
658
0
921
0
0
977
0
0
0
0
318
0
0
893
662
0
544
0
0
0
0
772
0
0
841
0
0
0
0
838
486
818
0
0
0
658
0
0
356
0
0
0
0
337
0
0
0
0
0
0
0
665
828
0
604
0
680
471
0
0
0
497
0
0
666
976
0
0
0
0
0
0
0
0
343
0
0
0
0
0
0
0
0
0
0
0
0
0
0
0
0
0
0
0
0
0
0
810
372
0
872
0
385
366
0
0
0
0
416
0
0
0
0
874
0
636
0
0
0
0
0
0
0
857
362
0
0
0
0
0
0
0
749
0
0
699
0
0
0
0
0
0
0
0
890
466
0
0
0
0
0
0
725
0
727
0
0
0
0
0
0
0
0
0
0
574
0
0
0
0
0
0
0
552
482
719
0
0
0
353
0
481
0
961
0
0
0
0
0
0
0
0
751
0
0
789
904
0
0
403
441
608
0
0
0
742
471
0
0
580
412
661
0
0
0
506
574
0
0
0
599
551
555
0
0
0
0
0
0
0
0
0
0
0
0
0
0
0
0
0
0
0
448
392
0
0
0
0
0
581
0
859
0
440
767
954
0
0
0
0
0
616
725
0
594
408
0
867
0
0
670
0
957
0
556
0
0
0
0
955
359
733
0
0
0
704
0
682
407
560
0
0
0
0
502
0
0
445
0
0
703
0
0
607
0
991
0
0
0
412
0
0
0
0
0
0
0
0
0
0
0
0
876
0
0
0
0
0
0
0
0
0
0
457
0
0
0
0
460
670
0
0
0
0
0
0
318
0
0
661
0
0
356
0
0
0
0
0
0
0
562
961
0
0
0
390
0
318
0
0
0
0
842
0
0
0
0
0
0
0
0
699
0
0
0
0
0
0
0
0
0
0
349
368
0
0
853
849
0
0
0
0
1000
0
0
310
0
0
0
0
0
0
0
0
678
714
0
0
823
0
0
0
0
0
0
838
0
0
0
0
0
0
0
0
368
0
0
0
524
0
0
0
0
0
457
0
0
0
0
0
820
0
375
0
988
0
0
0
0
749
597
829
365
0
0
0
0
0
397
966
542
777
825
0
0
0
0
927
0
0
0
738
325
0
0
778
0
0
0
0
988
304
502
351
0
0
878
0
0
543
0
0
849
0
0
0
0
0
905
0
611
0
0
0
887
0
0
873
316
0
0
0
0
0
0
486
0
0
0
0
0
0
0
0
315
0
0
323
0
0
645
0
0
0
0
760
0
0
0
477
0
0
0
0
0
0
371
0
0
382
0
0
0
0
975
803
0
0
0
849
0
0
0
0
0
0
0
0
0
565
0
0
983
0
0
0
0
416
0
0
0
0
0
0
457
0
537
0
0
0
983
0
461
0
0
0
0
0
0
0
700
401
754
0
0
0
0
0
0
0
0
0
608
390
392
818
0
0
0
0
0
0
635
0
0
0
0
349
676
0
580
0
0
0
0
0
0
0
0
0
0
0
0
939
542
0
0
0
967
0
0
493
0
0
0
0
0
467
0
653
358
0
785
654
0
764
0
739
699
0
0
0
0
0
858
0
0
622
472
521
0
0
0
0
0
0
319
0
0
808
0
0
0
0
0
0
0
772
0
0
0
0
0
0
0
0
0
0
970
897
0
0
0
0
0
0
749
0
0
0
0
635
0
0
0
0
0
749
0
0
0
0
519
0
750
0
0
0
0
0
489
0
0
0
0
644
0
0
363
812
0
0
0
990
0
0
0
0
0
0
0
0
0
0
785
0
0
924
0
0
0
0
0
0
0
712
0
0
0
0
0
0
776
993
0
0
0
0
376
757
0
383
0
0
0
0
0
0
0
0
0
0
589
0
539
0
0
0
0
0
500
0
921
0
0
0
0
0
457
0
0
0
0
0
0
0
0
0
392
0
0
471
0
0
0
300
0
0
0
0
948
0
0
0
0
417
0
0
0
0
705
448
0
0
0
0
0
0
365
664
0
0
892
0
0
0
0
857
0
0
0
764
0
0
0
0
0
0
0
0
770
0
682
0
0
0
307
0
0
0
0
0
723
0
0
582
0
373
0
0
0
0
396
0
0
0
0
0
340
0
645
0
0
626
0
0
0
0
0
368
315
0
0
0
0
0
0
0
0
440
431
0
0
0
0
0
0
0
0
0
0
0
795
0
0
0
0
0
0
0
0
0
0
0
372
728
0
0
0
0
0
0
758
0
0
0
0
513
0
0
356
0
0
0
0
0
0
576
571
0
706
0
0
0
0
0
0
0
0
0
0
0
0
0
0
788
593
0
0
0
0
0
0
0
0
0
979
828
900
523
702
0
0
0
816
658
699
0
0
0
0
0
0
0
0
0
863
581
0
0
0
549
0
440
0
0
0
0
0
0
380
0
0
0
0
0
0
0
0
0
731
0
0
0
0
0
0
0
0
729
0
0
0
923
0
0
316
541
306
0
0
968
0
963
0
688
786
0
0
0
0
0
0
0
0
0
0
0
0
0
551
0
861
875
0
0
0
776
565
0
0
0
0
0
0
0
0
0
993
0
0
0
620
0
505
0
0
0
0
0
0
0
0
0
0
863
0
0
861
0
0
485
0
0
0
0
0
0
0
0
0
0
0
0
405
864
0
371
0
0
0
712
0
498
0
0
0
692
0
818
317
0
0
301
0
0
0
0
0
0
0
0
0
376
0
0
0
0
305
0
0
0
0
983
856
0
0
0
529
0
0
0
406
0
0
615
0
0
0
0
0
0
0
0
0
556
0
692
488
0
0
0
0
0
0
0
0
0
0
0
323
349
749
0
0
581
0
0
0
939
0
0
831
0
0
0
0
559
0
673
0
0
0
0
0
0
0
327
800
0
0
0
983
699
0
0
484
0
0
659
0
907
0
784
0
0
0
0
0
0
0
0
0
0
0
0
0
0
0
0
0
0
0
309
382
0
984
475
0
0
0
0
885
0
0
0
0
0
0
0
0
749
405
722
0
0
0
0
0
0
777
0
0
620
435
356
0
0
460
524
0
676
0
392
0
0
861
0
0
0
966
613
0
0
0
0
650
0
0
0
0
885
0
0
0
716
0
894
0
0
0
614
0
0
0
0
0
597
425
0
970
0
0
0
0
800
324
0
632
530
0
0
0
0
0
0
0
473
774
0
0
563
0
0
966
0
0
0
0
381
0
0
0
967
0
489
0
0
0
950
0
0
0
0
0
338
0
996
345
397
569
469
337
550
669
0
0
0
670
0
0
0
0
0
440
0
0
939
0
0
605
0
0
0
0
0
0
0
0
0
0
0
0
0
0
0
0
0
940
0
0
0
0
0
0
0
0
578
572
736
0
0
0
438
729
659
0
0
0
0
0
0
0
518
0
566
758
0
0
0
0
896
0
0
0
0
0
740
758
0
304
0
0
0
0
0
0
663
0
487
0
0
0
0
0
345
0
420
0
0
0
0
0
610
922
0
0
0
0
0
645
580
0
0
431
0
0
0
966
605
0
0
0
0
0
0
0
0
957
0
0
0
0
617
970
446
0
797
0
0
0
921
0
0
0
0
0
0
440
0
0
0
0
0
0
928
0
986
0
0
304
0
384
0
754
0
634
0
0
0
0
0
0
931
0
978
0
0
0
0
0
630
0
799
0
0
358
0
0
0
0
0
0
957
0
0
0
688
0
0
819
859
537
684
0
0
0
0
0
0
0
0
0
471
0
549
485
0
613
0
0
0
958
0
531
0
0
0
0
0
0
0
0
0
459
991
0
0
0
0
961
0
0
0
0
944
0
0
0
0
0
0
0
986
0
895
0
955
0
0
0
783
0
0
0
576
0
867
476
0
0
0
0
562
0
0
653
0
0
0
0
632
0
0
0
0
805
0
319
797
0
0
0
0
0
0
675
0
0
0
430
0
629
0
0
0
0
448
0
0
0
0
519
0
0
0
0
831
0
0
0
958
0
0
0
0
679
700
0
0
0
0
0
0
0
0
0
0
0
0
0
0
0
0
613
980
647
0
0
0
421
0
0
0
0
0
576
0
0
691
0
0
0
489
0
0
0
0
0
549
0
0
0
0
0
0
945
0
0
624
0
0
0
0
0
0
0
0
666
0
0
0
0
0
0
0
554
0
0
0
647
0
0
952
0
337
0
392
0
0
0
0
0
0
0
440
0
0
0
0
0
0
0
0
0
0
769
817
0
594
0
860
866
810
0
0
0
0
760
961
436
0
333
0
693
0
781
0
846
0
0
0
0
0
0
0
0
434
578
0
607
0
827
801
489
0
0
0
0
0
0
0
0
0
0
0
0
0
0
0
792
0
533
429
0
0
0
0
0
0
0
0
0
0
0
637
0
0
0
0
0
0
0
0
0
0
890
0
0
457
0
0
750
0
0
0
0
0
0
0
0
531
0
0
0
0
0
0
749
0
861
0
0
0
479
0
0
0
686
538
0
0
0
0
0
0
393
0
0
0
880
0
0
0
0
0
586
0
0
0
0
0
0
0
0
0
0
0
0
0
410
0
0
785
0
401
300
0
662
0
0
534
0
0
0
0
0
518
0
0
560
957
0
0
1000
0
0
0
0
944
0
0
0
512
879
0
466
0
0
0
760
0
0
300
0
0
0
0
0
0
0
0
0
0
0
0
0
534
0
0
0
0
0
0
0
0
0
748
0
338
0
0
0
0
0
0
0
0
0
0
494
0
0
810
0
0
0
700
0
0
0
0
0
0
0
0
383
663
0
600
846
847
871
765
0
0
521
0
0
0
541
0
366
0
0
0
0
0
0
0
0
0
0
0
0
0
0
0
0
0
323
0
0
0
0
0
0
0
318
0
0
0
0
0
0
0
0
0
650
0
0
0
679
769
0
0
0
0
0
382
0
476
0
360
0
0
486
0
945
0
696
0
0
306
0
0
0
807
0
0
961
0
0
0
0
0
0
544
910
0
0
0
0
0
0
0
0
706
0
492
389
0
0
0
0
565
0
866
0
0
674
0
0
0
0
0
0
0
0
0
0
492
0
0
0
0
0
0
0
0
692
0
0
0
0
0
0
0
0
0
0
0
0
0
0
0
0
559
0
0
0
0
700
817
0
534
0
0
0
0
956
0
584
0
0
0
0
0
0
0
0
335
890
0
0
0
0
405
0
791
0
0
0
0
472
0
0
0
0
595
426
610
0
0
0
0
323
0
0
0
0
0
0
0
0
0
331
616
0
0
0
0
808
0
0
0
0
0
0
0
0
0
720
0
0
0
797
0
658
0
0
0
0
0
0
0
0
0
0
0
0
0
0
0
0
0
0
0
0
0
957
0
0
0
749
0
0
0
0
0
0
423
0
0
0
0
748
0
0
0
0
796
0
0
0
0
876
0
398
990
490
0
0
0
964
0
0
775
0
0
0
0
756
680
985
0
0
0
0
0
692
0
939
0
978
0
0
0
0
0
0
888
0
0
0
0
0
0
0
0
0
346
0
0
960
0
0
0
0
0
0
0
966
0
0
0
0
581
661
0
477
0
0
0
0
0
0
673
0
0
0
0
0
594
0
0
382
0
0
0
406
763
443
482
0
0
0
0
0
981
0
0
0
0
0
0
768
0
507
0
433
0
0
0
926
0
0
0
0
855
0
0
0
0
946
0
0
0
0
0
485
464
0
0
0
0
0
0
696
0
0
0
535
0
0
340
0
0
459
0
0
0
362
0
0
0
0
0
0
0
0
0
966
0
371
0
0
0
0
820
0
0
489
948
0
380
0
0
0
0
0
0
0
0
861
0
0
956
0
406
0
0
0
0
0
869
0
0
0
0
428
0
965
0
332
0
874
0
0
607
0
494
0
0
0
0
0
0
441
313
0
0
0
0
0
355
0
0
0
0
0
0
564
0
709
393
739
0
0
0
0
0
0
0
0
903
0
726
0
0
0
0
0
0
999
0
0
0
0
0
0
0
0
684
0
665
0
859
0
0
0
0
0
0
0
0
0
0
885
0
0
0
0
860
0
0
476
0
423
763
0
0
0
0
507
863
583
0
0
0
0
313
500
598
0
0
0
0
0
0
0
0
0
0
0
0
872
782
854
0
945
0
0
0
0
0
597
755
0
0
584
359
0
0
0
0
0
0
0
0
0
0
0
0
0
0
0
372
396
0
0
0
0
0
0
0
0
622
0
473
0
0
0
800
0
828
725
0
356
375
0
0
0
0
795
0
0
0
0
0
0
0
0
866
0
0
0
584
0
443
0
0
0
421
0
0
694
0
582
0
0
0
0
776
0
0
0
978
404
0
0
0
0
0
0
0
619
0
0
0
781
0
656
892
0
642
0
0
405
0
596
354
0
0
0
0
0
0
0
687
0
0
0
0
0
0
0
0
0
0
0
0
0
421
0
848
605
0
970
0
0
0
0
0
746
0
0
440
0
0
0
939
0
0
0
0
0
0
0
0
617
0
0
810
0
0
360
0
0
482
0
0
421
0
0
0
0
803
354
0
0
0
0
0
0
0
0
0
426
0
776
661
804
557
886
0
0
0
0
0
0
347
0
345
743
0
0
685
0
0
382
685
656
0
0
924
722
0
0
0
598
857
306
586
0
0
0
647
0
0
582
738
845
0
631
0
0
0
0
0
853
0
0
0
0
604
727
767
0
988
0
542
0
0
0
0
405
0
0
0
970
459
0
0
479
0
0
0
0
0
0
507
0
0
0
0
0
764
0
0
447
0
0
0
0
0
0
0
0
0
964
678
0
0
0
0
0
0
0
615
0
862
554
692
860
392
0
0
0
0
0
0
366
705
0
509
0
0
0
0
573
0
0
0
0
759
0
328
0
0
928
0
0
571
0
0
0
439
0
0
0
0
795
300
0
0
0
954
0
0
0
0
644
417
0
0
864
0
716
0
446
991
0
0
0
0
0
0
0
0
869
863
0
0
0
0
0
0
410
0
0
0
0
548
0
367
0
0
0
0
0
0
0
0
0
0
479
338
0
0
0
0
0
887
775
0
922
0
0
755
443
557
0
0
645
754
0
0
0
563
0
532
0
0
0
661
0
0
0
0
0
0
0
0
0
397
700
0
824
0
0
0
0
0
0
680
0
0
0
0
371
0
0
0
0
0
0
0
0
0
0
0
0
0
0
0
486
0
748
0
0
583
694
0
0
0
0
0
648
0
0
0
0
0
971
0
0
0
0
0
0
0
0
0
0
0
763
0
0
0
904
313
0
0
0
562
0
373
0
0
0
0
474
387
0
0
455
0
0
0
0
584
0
0
0
461
695
758
0
0
0
0
709
0
0
0
0
0
410
0
0
0
0
652
0
471
0
0
0
0
0
0
0
0
0
0
371
327
894
0
797
0
0
0
0
748
0
0
0
0
0
0
0
803
764
0
0
0
0
460
0
332
702
0
0
846
0
635
0
0
0
444
0
541
0
756
0
0
0
0
0
0
0
0
300
0
0
852
0
0
0
0
739
0
0
0
767
0
0
768
0
0
783
0
0
0
0
936
0
0
0
353
0
387
0
0
603
0
0
0
0
338
495
0
894
0
0
0
0
0
0
967
363
0
0
0
0
800
0
940
0
0
0
760
686
0
945
0
0
0
0
0
582
354
0
410
648
0
0
0
306
367
0
0
0
0
0
0
924
0
800
0
0
0
0
0
0
802
0
856
0
0
0
414
0
0
0
0
0
0
0
0
0
0
0
0
513
0
0
0
774
0
479
0
0
0
0
0
0
0
388
0
0
0
0
0
0
788
0
0
515
0
0
0
0
0
0
0
0
749
382
0
812
0
0
0
0
0
0
0
0
0
0
961
538
338
0
0
0
981
0
0
0
0
0
0
0
460
0
0
0
0
0
0
982
0
0
0
0
476
0
505
0
0
0
0
0
0
437
0
688
767
0
0
409
813
0
0
0
0
0
0
0
0
0
0
0
0
0
0
0
0
0
0
0
0
658
0
0
0
705
0
0
0
0
843
0
977
372
591
0
911
0
0
0
0
0
0
562
597
0
0
0
705
0
731
0
0
0
0
0
961
0
436
0
0
696
0
0
0
428
0
0
0
447
0
0
0
306
0
0
525
0
791
598
0
590
0
0
376
0
0
0
370
0
0
839
312
0
0
792
792
0
0
0
0
0
0
0
939
0
0
0
0
0
0
510
467
0
891
0
0
0
0
0
606
741
0
680
967
398
0
0
0
0
0
0
0
0
952
0
0
0
0
0
497
0
616
961
829
0
493
0
448
0
0
712
0
614
0
921
0
0
0
0
0
0
335
796
0
0
313
0
0
0
0
0
332
367
0
525
0
705
0
0
0
0
933
784
754
509
0
0
336
0
611
0
0
0
0
493
349
0
0
0
529
0
0
0
0
879
383
0
0
0
0
530
655
0
0
0
0
0
0
0
0
0
795
307
0
0
0
0
0
993
0
0
0
0
0
0
0
0
902
0
0
0
725
0
365
0
0
0
0
0
0
0
983
0
0
0
0
0
333
0
0
0
890
0
0
965
500
0
0
0
0
0
702
0
0
0
705
0
0
0
0
0
0
0
445
0
0
0
0
0
0
0
0
0
367
0
0
0
0
0
0
474
0
0
0
0
0
0
0
729
364
0
0
806
0
0
0
0
0
0
504
0
883
345
0
847
0
418
0
971
0
0
0
0
0
0
670
0
986
395
0
0
0
0
0
0
0
990
0
0
0
498
699
0
0
0
0
0
0
0
0
306
0
0
0
0
598
776
0
0
548
0
0
0
0
791
0
0
0
0
0
0
0
566
322
0
0
0
0
0
0
508
719
512
0
0
0
0
0
0
734
353
0
790
420
0
0
969
0
0
0
0
0
415
0
0
0
0
789
0
0
0
0
0
0
333
0
0
0
0
0
0
0
827
449
884
0
991
0
371
666
0
594
0
0
975
0
0
0
372
0
0
0
0
0
0
0
613
693
0
0
0
0
0
0
332
0
0
0
0
0
971
0
0
982
598
0
0
0
0
0
391
0
0
0
0
0
0
310
0
0
0
0
0
694
0
0
922
0
0
0
0
0
0
0
686
519
712
0
0
0
0
368
0
397
0
0
673
0
0
0
325
361
0
0
967
0
311
0
0
0
0
568
0
0
0
850
0
0
0
976
574
408
390
0
803
0
0
0
728
0
0
0
0
0
0
944
980
0
0
0
0
0
0
0
0
0
0
0
0
367
0
846
0
0
0
0
0
0
0
0
0
0
0
0
0
0
0
554
0
0
0
0
0
0
364
0
0
0
0
0
0
860
0
0
0
0
0
0
0
0
0
902
722
0
0
639
0
0
0
337
0
0
1000
0
0
0
705
726
0
503
0
0
0
0
0
0
0
0
471
0
0
0
0
0
0
0
0
0
0
0
0
484
0
0
0
0
647
781
393
0
0
0
876
768
874
0
0
0
0
0
0
0
0
0
590
0
0
0
391
0
0
0
0
633
0
0
0
0
0
0
0
0
0
0
0
0
956
0
774
0
0
0
0
0
0
0
0
782
0
737
823
0
0
0
979
0
0
0
0
747
0
0
538
0
0
0
640
0
0
0
634
0
0
975
0
0
0
0
731
0
0
867
318
0
0
467
0
0
0
0
692
0
597
578
0
0
0
0
0
0
807
405
0
0
0
0
978
0
0
0
0
635
0
0
0
933
0
0
0
0
0
0
0
0
0
483
0
0
916
0
0
928
0
0
712
0
325
0
637
762
0
0
0
0
0
697
770
0
0
345
432
0
0
0
0
0
0
0
0
0
0
0
0
0
0
0
816
0
0
610
0
0
0
0
0
0
0
0
0
0
0
0
0
397
0
0
0
365
0
0
0
0
425
572
440
0
0
846
0
0
0
0
398
507
0
0
404
426
0
0
0
0
924
0
0
784
0
566
0
0
0
0
0
0
314
0
678
354
0
693
665
0
883
0
364
0
494
0
473
0
718
0
540
0
0
550
0
0
856
819
714
0
0
0
0
720
0
0
0
0
0
0
0
970
0
376
0
961
0
0
554
0
0
0
0
0
0
323
478
0
0
0
0
966
849
653
0
664
0
729
818
659
0
736
0
0
0
0
0
0
0
791
990
0
607
0
0
0
0
0
0
0
0
476
376
754
445
322
0
0
633
0
0
0
0
895
0
321
560
589
0
586
744
0
0
0
0
964
583
0
440
0
0
409
0
0
463
0
0
825
0
861
0
0
0
0
0
0
0
0
693
0
0
506
0
0
0
0
862
0
0
653
0
0
471
648
466
0
399
0
0
670
0
542
0
358
0
0
0
0
317
0
970
0
0
0
421
0
880
494
961
0
490
433
0
0
0
776
964
0
0
0
800
0
0
509
0
0
0
0
0
0
314
0
0
0
0
632
0
0
0
0
0
0
0
0
536
411
0
0
0
0
0
0
0
0
411
0
0
628
655
0
882
0
0
0
0
605
0
0
0
601
0
0
602
0
0
424
0
0
0
0
0
0
0
300
0
0
843
0
0
0
0
777
0
0
0
0
0
0
0
907
0
0
0
0
0
0
0
0
0
0
0
0
494
0
0
661
678
0
0
444
0
505
0
0
0
0
0
0
0
483
0
895
0
0
0
0
0
0
0
0
709
0
732
0
0
698
454
947
0
0
889
866
719
0
0
322
394
630
0
0
0
0
0
0
0
0
0
0
807
0
455
0
857
1000
0
0
0
0
0
0
318
969
0
0
0
0
0
0
0
957
842
825
0
785
0
892
758
0
0
0
0
0
0
0
0
0
0
0
0
0
0
0
0
0
0
804
0
0
0
0
0
0
0
0
0
0
0
0
0
0
678
0
0
0
0
0
0
0
322
0
0
0
388
515
472
0
0
619
0
685
0
770
0
0
910
0
622
0
0
0
0
0
0
0
0
0
0
0
0
0
755
842
0
0
0
0
0
0
0
0
418
998
0
0
564
608
0
0
552
0
0
0
0
654
0
0
0
923
301
784
0
438
0
986
0
0
0
810
0
0
0
0
0
0
0
557
0
0
0
541
0
0
370
336
0
0
310
554
0
0
354
321
632
0
0
0
587
755
0
0
322
0
0
0
0
391
761
951
0
0
0
572
0
0
0
0
977
0
0
0
953
0
0
0
434
0
0
0
0
0
945
0
0
0
0
0
657
0
0
620
0
0
0
0
0
0
0
343
482
556
0
0
0
0
785
0
0
0
0
0
0
729
0
0
0
0
0
0
0
472
964
926
0
0
0
886
0
0
0
0
0
0
0
0
0
0
0
0
0
916
0
560
0
0
0
587
0
0
0
0
0
0
0
0
0
0
0
0
0
0
704
0
0
0
0
0
0
428
0
0
0
0
390
602
0
0
0
0
0
0
0
773
0
661
0
0
626
0
0
0
0
0
948
0
0
0
983
0
719
0
0
0
0
764
0
0
0
0
0
0
800
659
928
895
0
0
0
0
0
0
0
0
0
0
0
0
0
0
0
756
0
0
0
611
0
0
0
0
0
0
693
589
0
0
0
755
0
0
808
0
0
0
0
0
0
766
652
0
507
440
611
0
0
0
0
0
537
0
0
0
0
0
0
715
0
0
0
970
0
831
0
571
980
0
0
767
0
0
0
0
0
998
541
0
0
0
0
0
0
0
0
0
0
0
0
0
0
316
0
0
324
0
0
0
576
0
586
0
0
0
0
0
0
872
619
0
0
479
763
0
0
0
839
0
0
508
0
0
0
0
665
0
0
0
322
0
0
808
0
0
665
0
600
0
0
0
0
453
0
0
316
869
0
0
0
0
0
724
0
0
0
544
0
947
0
0
0
0
0
0
0
988
0
0
749
0
0
0
0
0
0
0
0
0
331
0
0
0
0
0
0
927
0
739
924
857
513
541
0
0
0
0
986
955
0
434
0
700
544
0
775
0
0
782
0
0
0
338
0
0
802
0
312
0
0
719
0
0
0
928
0
586
0
0
0
0
0
0
0
0
0
0
0
0
0
423
343
322
0
0
324
0
920
0
0
0
0
0
0
0
501
0
0
0
0
0
0
0
968
0
0
0
808
0
0
0
0
0
523
0
0
0
0
0
0
0
0
0
0
0
0
0
0
699
0
0
0
306
0
0
632
0
0
0
0
578
0
0
910
0
0
0
441
854
0
0
0
0
0
0
0
437
0
0
0
512
0
0
0
0
883
744
0
709
0
322
0
0
665
0
0
508
0
432
0
0
0
0
0
807
0
598
0
0
0
0
0
0
0
703
921
441
0
0
641
0
0
991
0
0
724
0
347
784
950
0
0
0
0
0
0
0
974
0
0
847
0
0
353
955
0
0
565
0
0
0
0
0
0
0
530
0
0
0
691
0
0
0
0
595
0
855
313
0
0
0
615
0
0
0
856
0
0
0
367
0
694
0
0
0
0
0
0
0
0
0
0
0
0
0
508
0
0
300
0
0
0
0
0
419
0
0
0
0
0
544
0
0
0
0
0
0
0
0
0
0
0
0
0
756
539
0
409
436
0
0
0
0
590
0
596
0
0
427
958
0
0
0
0
359
0
0
0
0
0
0
356
0
0
0
0
0
304
0
0
607
0
0
0
426
0
0
0
945
781
0
0
0
904
0
0
688
792
493
0
0
0
364
0
712
364
0
0
732
388
0
0
0
600
0
0
0
0
0
0
0
0
0
0
505
0
795
0
0
473
0
0
0
0
0
0
0
0
0
0
0
0
0
0
502
0
749
0
0
0
0
0
0
0
0
769
0
0
0
759
0
0
0
481
733
699
738
0
0
0
764
0
968
0
0
0
0
0
783
0
0
0
0
0
610
0
0
0
0
0
347
862
0
313
0
0
767
792
349
0
0
0
0
0
0
0
0
0
0
515
0
0
0
0
0
432
300
0
0
0
863
0
0
0
0
0
727
0
0
424
359
380
601
0
422
0
313
413
616
888
338
0
0
974
999
0
880
0
0
0
0
0
831
342
0
0
829
0
0
0
0
0
0
0
0
0
325
983
0
0
0
0
0
0
0
0
0
384
0
0
827
0
0
0
0
756
0
0
0
656
0
554
0
0
0
0
0
0
0
0
0
922
0
956
325
494
0
536
0
472
0
0
0
0
0
0
0
0
0
0
448
0
361
0
385
0
0
0
0
0
0
0
0
749
0
0
702
0
0
0
366
0
0
0
0
749
0
0
911
0
0
0
0
672
0
803
530
0
0
0
510
0
0
961
0
0
0
0
0
0
0
0
963
376
0
0
518
0
0
489
801
0
0
0
0
680
0
0
0
892
345
692
887
0
0
414
0
0
0
0
0
0
0
0
0
0
964
411
698
0
391
0
766
0
423
0
0
0
863
448
0
0
0
0
828
0
714
0
0
0
0
882
752
0
881
0
0
0
0
0
0
0
0
0
0
0
0
0
0
0
0
0
0
0
373
0
449
724
0
387
432
0
0
0
0
0
0
0
858
0
0
0
0
0
0
0
0
754
0
0
489
0
0
0
0
985
946
0
0
0
743
860
775
0
300
0
409
0
0
0
0
0
0
774
637
473
583
0
454
0
761
0
652
0
343
0
0
0
0
0
0
0
0
0
0
695
0
633
448
0
0
437
0
0
0
0
0
423
0
0
0
0
512
0
948
0
0
0
0
0
683
0
0
707
0
0
798
0
0
0
0
708
0
0
704
0
778
0
0
712
0
0
688
0
0
0
566
0
576
0
0
0
0
0
0
0
0
355
0
642
0
392
0
562
0
0
813
0
529
0
734
0
0
0
762
0
0
0
947
619
951
0
0
453
322
0
0
0
0
361
0
0
0
0
0
0
0
435
896
0
740
0
0
0
0
339
850
0
851
0
0
0
0
844
0
0
944
397
0
340
0
0
0
868
0
0
0
0
0
0
0
0
0
0
0
0
0
0
0
0
0
0
786
0
0
0
758
634
0
0
0
0
383
0
323
0
0
0
597
0
0
0
922
0
0
0
0
0
0
474
353
0
0
0
0
718
440
0
0
0
0
0
507
0
0
0
0
0
0
0
0
0
0
0
0
962
0
0
476
0
0
844
0
0
0
0
885
0
0
0
0
0
506
511
0
990
0
907
0
631
0
0
0
808
0
0
0
0
0
935
0
0
0
0
682
0
0
416
622
0
0
576
0
0
0
473
0
0
867
0
0
0
663
706
0
0
0
0
755
0
685
0
0
373
852
0
0
0
0
0
0
0
860
0
0
0
0
0
0
685
0
0
440
0
0
807
419
505
0
385
828
0
0
0
0
0
0
0
0
659
0
824
0
0
0
0
0
689
983
674
0
0
0
0
0
0
978
673
666
0
0
0
0
0
0
0
0
0
608
0
0
0
0
0
407
0
0
0
472
0
0
571
0
305
0
774
0
0
476
0
0
0
0
0
0
0
0
0
0
405
0
0
0
0
0
0
0
0
0
0
790
0
0
0
0
540
0
0
889
0
0
704
611
316
324
0
0
0
0
0
0
695
0
962
0
0
590
0
505
0
419
730
861
0
0
0
0
0
0
0
0
0
374
447
0
0
0
0
0
0
0
0
0
0
0
579
0
0
0
0
0
341
0
0
560
0
0
0
521
0
0
0
0
0
0
0
0
0
0
549
0
0
600
492
0
0
0
0
0
0
0
0
755
0
0
0
0
939
0
0
420
0
0
0
0
0
409
0
866
770
572
0
0
869
0
598
0
795
727
0
714
0
0
0
0
590
0
0
449
981
978
0
0
0
0
0
485
0
0
0
0
0
0
0
0
889
0
895
0
0
835
413
0
0
0
0
0
610
428
0
0
0
0
0
0
0
988
0
0
0
770
706
0
0
0
0
0
0
0
0
0
410
846
389
0
692
485
0
584
596
382
0
443
0
0
0
0
0
879
0
0
686
0
0
0
0
0
0
719
0
0
0
0
0
920
0
0
0
0
0
0
633
435
0
0
0
0
0
0
714
0
0
367
0
870
0
0
0
0
743
543
0
0
329
0
642
0
0
763
0
535
666
990
0
671
701
0
0
0
906
0
0
0
0
0
0
304
0
0
0
0
0
0
0
0
563
896
0
0
0
0
0
847
0
0
0
464
0
359
354
685
0
557
0
0
0
0
0
383
0
0
519
0
0
697
550
0
0
0
0
0
0
0
0
0
0
0
0
0
0
0
448
896
476
0
505
449
0
0
0
0
0
0
0
0
0
0
965
624
939
0
0
0
533
0
923
0
989
0
0
0
0
0
762
0
0
0
0
891
0
0
0
0
751
0
349
502
0
0
776
682
0
0
0
0
0
0
0
0
0
0
0
871
0
0
939
0
564
0
0
656
366
0
474
739
0
0
0
0
0
969
712
0
0
770
0
463
411
0
910
0
0
0
0
0
0
0
473
424
0
0
0
0
0
659
0
981
714
0
0
890
686
0
0
0
0
0
0
0
0
618
0
0
0
0
913
898
0
0
0
799
0
0
0
0
0
0
0
0
0
0
407
0
0
0
368
351
0
0
993
0
0
0
983
309
0
0
931
562
0
0
785
765
0
0
0
0
0
0
0
0
705
0
387
0
0
0
0
0
0
0
0
0
782
0
0
0
0
322
0
0
0
0
0
0
0
544
0
359
0
0
0
740
0
0
419
978
0
0
890
0
0
0
0
0
0
0
934
0
896
0
0
818
371
0
744
0
0
0
0
501
0
0
0
612
0
0
0
0
823
0
0
0
0
502
0
0
457
0
0
0
0
0
856
382
966
0
0
0
0
0
0
0
0
0
978
0
709
0
0
0
0
645
0
0
0
0
0
0
729
0
0
0
0
0
856
0
0
394
622
977
0
537
0
0
0
0
0
380
0
882
437
0
844
824
730
0
0
0
686
0
0
0
685
0
0
0
0
0
0
542
0
843
0
436
0
0
500
818
0
0
0
0
412
0
0
0
0
0
615
0
0
0
789
0
0
0
0
0
0
0
0
0
0
0
0
0
978
0
0
0
401
0
565
0
0
0
393
0
0
924
509
754
0
0
0
0
0
0
364
0
0
0
737
345
819
825
628
630
0
0
428
0
724
0
0
0
0
601
0
752
0
0
0
0
861
0
367
0
0
0
0
0
560
0
933
0
0
588
820
0
0
0
0
561
0
651
0
0
0
0
0
744
0
0
919
0
0
0
0
0
0
0
904
0
853
878
537
319
0
307
0
0
0
984
0
0
0
653
945
0
300
521
0
331
0
0
739
0
0
722
0
0
455
767
513
0
510
530
0
0
0
0
823
432
714
0
655
0
0
0
0
0
0
0
0
0
0
0
749
0
0
0
0
0
0
0
0
0
0
0
685
560
0
457
0
528
499
0
507
0
0
0
0
0
318
0
0
0
613
0
0
0
0
0
622
737
874
0
568
942
0
810
0
445
849
0
0
0
0
0
0
0
0
475
0
740
0
0
0
0
0
0
866
616
0
0
0
0
0
0
0
0
0
0
0
0
467
655
0
0
368
902
0
0
0
861
0
0
0
0
0
0
0
0
703
0
0
422
0
881
0
0
0
0
0
0
870
0
0
0
0
0
457
0
681
0
0
347
0
0
0
0
0
0
0
0
633
0
0
0
0
735
0
0
0
0
0
315
0
0
0
372
0
0
0
0
0
0
376
0
0
0
529
0
0
758
0
0
0
0
662
0
0
0
0
696
0
0
0
0
0
0
0
0
0
0
0
0
806
415
0
722
0
0
0
0
882
0
0
953
0
0
0
501
921
0
0
0
0
0
0
339
0
0
0
0
0
0
0
0
0
933
0
681
0
0
0
0
619
0
0
612
0
0
0
0
0
0
0
446
0
0
0
0
0
0
0
709
705
678
0
0
403
0
0
543
0
808
757
0
0
0
0
0
381
0
0
0
624
0
0
0
0
0
0
0
0
0
687
0
0
563
0
768
0
0
891
0
0
0
397
0
0
0
0
0
0
0
0
0
0
0
544
0
441
0
0
313
702
0
0
850
885
0
0
485
0
0
0
0
0
0
528
0
0
0
706
0
600
889
0
0
0
0
0
0
0
692
0
0
0
984
0
0
799
0
0
0
305
0
658
872
441
703
0
0
983
0
0
0
0
551
0
0
0
304
0
0
0
792
0
541
674
0
0
0
0
0
0
598
573
0
0
0
774
0
0
0
0
0
0
0
979
0
0
0
0
0
0
0
390
0
0
0
0
0
0
413
0
0
423
0
0
689
0
0
0
965
0
934
0
0
499
0
0
706
0
359
0
798
0
0
0
0
0
0
0
0
0
613
803
0
0
0
0
0
309
872
0
0
0
0
608
0
0
0
0
0
383
0
0
0
0
0
0
0
630
632
0
0
534
0
0
0
888
0
0
0
0
857
0
532
584
0
0
0
0
0
0
0
0
639
0
0
720
0
0
0
0
0
602
715
947
0
0
0
0
616
0
0
0
851
0
983
0
0
0
624
0
0
0
588
0
347
0
0
359
0
0
0
0
0
0
721
0
0
0
0
812
0
936
0
0
0
0
335
0
0
0
0
921
385
0
0
1000
849
461
0
0
723
0
861
406
885
0
0
0
0
0
533
0
366
0
808
0
535
0
0
0
306
0
0
0
783
479
0
0
0
0
0
673
0
0
0
0
0
0
0
0
434
0
0
0
0
641
0
0
888
0
0
0
0
0
674
0
0
743
939
0
896
0
820
507
0
619
600
0
0
0
0
0
0
402
330
726
0
0
823
0
745
0
0
0
0
0
0
631
0
0
0
0
366
0
607
0
0
0
0
0
0
0
875
0
0
967
0
799
0
0
429
0
0
0
0
0
0
0
0
0
586
0
0
0
0
0
0
0
0
0
789
0
0
0
0
0
0
605
0
0
0
0
0
0
0
0
0
0
338
366
0
0
0
0
0
0
0
543
0
618
0
542
0
0
0
0
889
798
0
0
0
