0
0
0
0
0
0
0
0
0
0
0
0
0
0
0
0
0
0
0
0
0
0
0
0
0
0
0
0
0
0
0
0
0
0
0
0
0
0
0
0
0
0
0
0
0
0
0
0
0
0
0
0
0
0
0
0
0
0
0
0
0
0
0
0
0
0
0
0
0
0
0
0
0
0
0
0
0
0
0
0
0
0
0
0
0
0
0
0
0
0
0
0
0
0
0
0
0
0
0
0
0
0
0
0
0
0
0
0
0
0
0
0
0
0
0
0
0
0
0
0
0
0
0
0
0
0
0
0
0
0
0
0
0
0
0
0
0
0
0
0
0
0
0
0
0
0
0
0
0
0
0
0
0
976
93
474
0
0
0
244
0
906
0
438
0
318
120
4
0
719
0
0
947
614
48
0
466
93
0
251
0
732
0
632
0
577
301
0
0
559
405
6
0
543
0
614
0
405
811
542
0
0
0
0
0
0
0
0
0
0
0
0
0
0
0
0
0
0
0
0
0
0
0
0
0
0
0
0
0
0
0
0
0
0
0
0
0
0
0
0
0
0
0
0
0
0
0
0
0
0
0
728
0
509
0
0
213
771
926
602
0
0
418
958
334
431
91
0
14
320
0
420
0
652
0
344
593
0
437
797
675
437
957
0
0
0
0
228
0
401
743
29
0
378
598
0
0
0
48
0
0
0
0
0
0
0
0
0
0
0
0
0
0
0
0
0
0
0
0
0
0
0
0
0
0
0
0
0
0
0
0
0
0
0
0
0
0
0
0
0
0
0
0
0
0
0
0
0
0
0
0
0
0
966
947
750
49
0
0
0
0
417
0
0
737
0
393
834
181
0
708
563
0
481
0
0
0
0
0
0
576
0
909
0
447
112
0
938
621
516
875
0
0
29
907
0
716
0
55
830
0
0
0
0
0
0
0
0
0
0
0
0
0
0
0
0
0
0
0
0
0
0
0
0
0
0
0
0
0
0
0
0
0
0
0
0
0
0
0
0
0
0
0
0
0
0
0
0
0
0
0
0
0
0
0
443
0
950
352
566
248
405
0
726
0
810
0
952
0
369
610
0
768
780
443
0
384
812
625
0
841
0
392
753
131
0
537
344
0
0
361
524
0
809
0
0
0
0
762
0
0
0
0
0
0
0
0
0
0
0
0
0
0
0
0
0
0
0
0
0
0
0
0
0
0
0
0
0
0
0
0
0
0
0
0
0
0
0
0
0
0
0
0
0
0
0
0
0
0
0
0
0
0
0
703
0
497
0
0
237
301
0
0
862
935
625
973
40
590
0
0
0
0
0
0
0
0
697
0
0
0
185
48
0
0
0
353
333
595
941
0
692
0
0
0
546
598
405
643
200
0
0
0
0
0
0
0
0
0
0
0
0
0
0
0
0
0
0
0
0
0
0
0
0
0
0
0
0
0
0
0
0
0
0
0
0
0
0
0
0
0
0
0
0
0
0
0
0
0
0
0
307
0
664
400
0
0
634
0
483
0
80
173
657
610
545
0
0
0
604
0
654
55
0
0
169
0
0
0
201
901
128
0
0
649
922
103
821
263
318
0
474
0
755
0
0
776
0
125
0
0
0
0
0
0
0
0
0
0
0
0
0
0
0
0
0
0
0
0
0
0
0
0
0
0
0
0
0
0
0
0
0
0
0
0
0
0
0
0
0
0
0
0
0
0
0
0
0
0
0
0
0
463
57
0
0
89
297
0
322
153
622
0
0
401
0
0
488
332
331
0
138
699
0
747
0
884
149
768
0
593
7
869
181
859
0
10
0
0
0
914
0
222
794
0
309
113
0
0
299
0
0
0
0
0
0
0
0
0
0
0
0
0
0
0
0
0
0
0
0
0
0
0
0
0
0
0
0
0
0
0
0
0
0
0
0
0
0
0
0
0
0
0
0
0
0
0
0
0
0
0
0
0
266
0
0
462
0
0
0
0
743
666
0
0
45
564
0
0
0
0
0
0
215
491
404
0
0
495
0
0
93
0
0
807
0
0
19
214
0
0
261
0
201
0
0
0
953
864
712
0
0
0
0
0
0
0
0
0
0
0
0
0
0
0
0
0
0
0
0
0
0
0
0
0
0
0
0
0
0
0
0
0
0
0
0
0
0
0
0
0
0
0
0
0
0
0
0
0
0
0
0
0
191
0
25
0
42
522
862
0
0
0
177
43
0
0
957
0
0
433
282
0
0
0
772
0
699
26
638
0
67
239
0
327
0
57
526
769
729
894
850
971
593
995
0
0
753
740
933
0
0
0
0
0
0
0
0
0
0
0
0
0
0
0
0
0
0
0
0
0
0
0
0
0
0
0
0
0
0
0
0
0
0
0
0
0
0
0
0
0
0
0
0
0
0
0
0
0
0
0
169
0
561
105
548
609
0
537
595
860
197
0
468
864
0
150
754
0
497
0
0
56
381
776
0
171
309
587
0
338
0
0
942
0
834
477
0
402
401
0
236
0
0
821
0
0
0
0
0
0
0
0
0
0
0
0
0
0
0
0
0
0
0
0
0
0
0
0
0
0
0
0
0
0
0
0
0
0
0
0
0
0
0
0
0
0
0
0
0
0
0
0
0
0
0
0
0
0
0
0
0
0
0
746
910
0
731
952
0
853
0
863
579
0
657
843
329
388
104
153
0
0
0
0
628
0
0
0
0
999
0
878
171
372
436
0
378
0
0
427
0
479
667
712
914
0
17
0
0
0
0
0
0
0
0
0
0
0
0
0
0
0
0
0
0
0
0
0
0
0
0
0
0
0
0
0
0
0
0
0
0
0
0
0
0
0
0
0
0
0
0
0
0
0
0
0
0
0
0
0
0
0
759
744
76
161
0
252
0
276
0
603
625
0
959
0
427
752
244
333
731
0
0
394
394
456
0
719
0
16
203
630
68
967
143
0
178
0
0
770
335
0
488
0
0
0
0
8
0
0
0
0
0
0
0
0
0
0
0
0
0
0
0
0
0
0
0
0
0
0
0
0
0
0
0
0
0
0
0
0
0
0
0
0
0
0
0
0
0
0
0
0
0
0
0
0
0
0
0
0
0
0
307
300
918
673
837
309
0
0
424
0
448
779
243
285
710
547
0
0
0
518
70
0
613
840
594
990
813
965
500
588
965
721
871
613
0
0
0
0
0
42
0
718
299
0
0
26
997
0
0
0
0
0
0
0
0
0
0
0
0
0
0
0
0
0
0
0
0
0
0
0
0
0
0
0
0
0
0
0
0
0
0
0
0
0
0
0
0
0
0
0
0
0
0
0
0
0
0
0
0
0
0
877
0
0
80
844
0
694
970
741
708
0
967
0
431
0
696
404
0
48
936
0
0
663
784
0
27
0
651
0
322
553
113
480
0
0
9
263
550
0
0
657
0
0
0
0
619
0
0
0
0
0
0
0
0
0
0
0
0
0
0
0
0
0
0
0
0
0
0
0
0
0
0
0
0
0
0
0
0
0
0
0
0
0
0
0
0
0
0
0
0
0
0
0
0
0
0
0
0
702
569
0
132
0
449
590
229
412
122
182
84
0
0
768
463
476
0
416
543
0
805
919
0
64
0
283
937
0
535
470
0
0
210
891
532
0
812
0
570
184
601
0
188
395
217
653
0
0
0
0
0
0
0
0
0
0
0
0
0
0
0
0
0
0
0
0
0
0
0
0
0
0
0
0
0
0
0
0
0
0
0
0
0
0
0
0
0
0
0
0
0
0
0
0
0
0
0
0
575
0
0
0
0
0
0
168
901
618
0
799
0
0
97
521
648
0
0
561
0
86
938
215
0
0
0
351
979
0
157
0
452
0
977
0
346
0
0
105
0
478
487
465
0
123
648
0
773
0
0
0
0
0
0
0
0
0
0
0
0
0
0
0
0
0
0
0
0
0
0
0
0
0
0
0
0
0
0
0
0
0
0
0
0
0
0
0
0
0
0
0
0
0
0
0
0
0
0
0
29
0
621
127
875
285
0
987
776
0
0
474
937
0
0
440
0
962
0
0
68
0
0
799
670
0
0
0
841
0
0
0
0
0
684
0
0
126
0
57
0
0
0
560
404
196
31
0
785
0
0
0
0
0
0
0
0
0
0
0
0
0
0
0
0
0
0
0
0
0
0
0
0
0
0
0
0
0
0
0
0
0
0
0
0
0
0
0
0
0
0
0
0
0
0
0
0
0
0
0
0
837
323
0
206
0
640
615
872
0
0
552
194
0
912
0
906
0
223
19
552
0
0
388
18
842
0
777
0
619
35
838
0
0
108
727
76
671
855
0
531
551
299
0
282
562
914
0
0
0
0
0
0
0
0
0
0
0
0
0
0
0
0
0
0
0
0
0
0
0
0
0
0
0
0
0
0
0
0
0
0
0
0
0
0
0
0
0
0
0
0
0
0
0
0
0
0
0
0
0
0
0
0
0
0
536
558
0
0
549
0
423
0
864
547
558
239
591
440
719
0
174
0
0
352
841
0
0
0
0
0
0
952
155
700
0
369
0
980
757
927
0
0
0
0
69
976
0
0
0
0
0
0
0
0
0
0
0
0
0
0
0
0
0
0
0
0
0
0
0
0
0
0
0
0
0
0
0
0
0
0
0
0
0
0
0
0
0
0
0
0
0
0
0
0
0
0
0
0
0
352
0
0
805
403
0
25
0
204
344
0
0
0
673
345
555
702
696
394
566
0
0
162
257
258
181
971
460
81
976
454
599
217
0
128
0
0
267
685
0
324
0
80
629
837
793
677
561
208
0
0
0
0
0
0
0
0
0
0
0
0
0
0
0
0
0
0
0
0
0
0
0
0
0
0
0
0
0
0
0
0
0
0
0
0
0
0
0
0
0
0
0
0
0
0
0
0
0
0
0
424
873
0
0
649
357
796
151
607
80
0
0
0
644
0
0
0
0
338
672
292
0
0
555
0
159
0
815
0
354
100
0
0
124
360
452
414
442
0
0
680
0
170
298
0
300
0
0
626
0
0
0
0
0
0
0
0
0
0
0
0
0
0
0
0
0
0
0
0
0
0
0
0
0
0
0
0
0
0
0
0
0
0
0
0
0
0
0
0
0
0
0
0
0
0
0
0
0
0
0
406
0
786
475
0
891
0
33
0
0
0
0
0
0
180
604
947
0
430
987
0
0
0
699
0
0
479
0
0
752
231
0
84
177
0
0
799
23
0
0
929
0
613
544
274
249
272
0
805
0
0
0
0
0
0
0
0
0
0
0
0
0
0
0
0
0
0
0
0
0
0
0
0
0
0
0
0
0
0
0
0
0
0
0
0
0
0
0
0
0
0
0
0
0
0
0
0
0
0
0
0
662
622
111
836
0
122
0
0
0
418
295
0
0
0
79
0
0
0
717
983
231
673
0
831
693
0
778
0
683
0
272
0
549
278
0
0
429
0
0
0
417
0
127
0
727
80
466
0
0
0
0
0
0
0
0
0
0
0
0
0
0
0
0
0
0
0
0
0
0
0
0
0
0
0
0
0
0
0
0
0
0
0
0
0
0
0
0
0
0
0
0
0
0
0
0
0
0
0
0
0
425
44
709
569
731
0
0
480
791
0
0
840
696
258
0
70
913
937
958
0
508
918
0
0
852
0
0
912
0
692
0
0
0
0
0
0
961
341
0
0
0
0
933
12
178
0
916
0
0
0
0
0
0
0
0
0
0
0
0
0
0
0
0
0
0
0
0
0
0
0
0
0
0
0
0
0
0
0
0
0
0
0
0
0
0
0
0
0
0
0
0
0
0
0
0
0
0
0
0
691
521
0
830
221
0
144
693
755
224
427
0
0
569
974
447
0
0
525
452
0
0
157
541
0
911
700
843
522
759
412
687
922
578
261
0
0
104
4
888
744
0
0
972
0
486
960
0
0
0
0
0
0
0
0
0
0
0
0
0
0
0
0
0
0
0
0
0
0
0
0
0
0
0
0
0
0
0
0
0
0
0
0
0
0
0
0
0
0
0
0
0
0
0
0
0
0
0
0
0
138
0
149
511
0
40
17
225
0
0
0
0
0
0
309
205
0
941
856
0
0
517
666
0
0
523
0
612
0
460
413
0
0
766
347
0
846
0
585
990
368
0
0
314
682
0
0
0
0
0
0
0
0
0
0
0
0
0
0
0
0
0
0
0
0
0
0
0
0
0
0
0
0
0
0
0
0
0
0
0
0
0
0
0
0
0
0
0
0
0
0
0
0
0
0
0
0
0
0
0
0
0
0
0
0
276
509
658
0
0
0
0
988
322
951
0
0
825
683
382
0
69
453
0
0
0
785
0
876
855
0
0
0
152
0
507
0
0
807
0
507
0
597
0
0
605
0
587
0
0
0
0
0
0
0
0
0
0
0
0
0
0
0
0
0
0
0
0
0
0
0
0
0
0
0
0
0
0
0
0
0
0
0
0
0
0
0
0
0
0
0
0
0
0
0
0
0
0
0
0
0
0
0
0
331
0
270
392
476
0
528
0
378
0
897
0
649
708
0
0
21
127
0
958
0
0
840
0
747
0
13
0
260
820
0
0
165
572
885
197
766
0
285
839
0
231
0
59
0
0
0
0
0
0
0
0
0
0
0
0
0
0
0
0
0
0
0
0
0
0
0
0
0
0
0
0
0
0
0
0
0
0
0
0
0
0
0
0
0
0
0
0
0
0
0
0
0
0
0
0
947
105
0
493
0
237
215
0
429
916
291
855
0
808
0
710
136
0
0
733
0
423
0
0
0
716
421
275
78
577
0
0
0
0
209
293
0
272
0
0
867
0
703
29
466
0
35
0
0
0
0
0
0
0
0
0
0
0
0
0
0
0
0
0
0
0
0
0
0
0
0
0
0
0
0
0
0
0
0
0
0
0
0
0
0
0
0
0
0
0
0
0
0
0
0
0
0
0
0
0
833
0
0
227
565
0
0
157
0
751
283
131
256
274
442
86
0
765
737
0
0
432
249
123
740
0
0
364
0
795
82
0
792
0
0
116
0
255
243
844
762
0
0
566
563
299
794
0
0
0
0
0
0
0
0
0
0
0
0
0
0
0
0
0
0
0
0
0
0
0
0
0
0
0
0
0
0
0
0
0
0
0
0
0
0
0
0
0
0
0
0
0
0
0
0
0
0
0
0
0
0
898
869
0
245
944
223
745
646
809
0
343
48
0
0
564
0
0
140
939
27
873
632
0
330
2
0
141
0
52
365
222
496
0
717
909
388
210
522
283
0
36
997
88
60
0
487
0
926
0
0
0
0
0
0
0
0
0
0
0
0
0
0
0
0
0
0
0
0
0
0
0
0
0
0
0
0
0
0
0
0
0
0
0
0
0
0
0
0
0
0
0
0
0
0
0
0
0
0
0
739
620
0
353
637
229
782
728
0
0
185
461
0
0
0
0
410
514
992
0
0
168
0
161
782
0
752
0
0
595
309
936
0
909
0
586
0
254
0
956
0
0
0
0
464
306
0
913
437
0
0
0
0
0
0
0
0
0
0
0
0
0
0
0
0
0
0
0
0
0
0
0
0
0
0
0
0
0
0
0
0
0
0
0
0
0
0
0
0
0
0
0
0
0
0
0
0
0
0
0
447
0
674
833
803
262
0
369
392
838
0
832
800
101
0
587
168
795
0
349
0
70
0
0
102
840
0
0
427
461
0
403
0
530
0
0
0
167
0
734
324
497
859
361
426
527
963
402
0
0
0
0
0
0
0
0
0
0
0
0
0
0
0
0
0
0
0
0
0
0
0
0
0
0
0
0
0
0
0
0
0
0
0
0
0
0
0
0
0
0
0
0
0
0
0
0
0
0
0
0
84
0
623
738
450
523
0
0
817
0
0
291
924
516
0
0
888
496
720
0
435
0
0
257
955
0
776
231
47
389
0
0
532
143
764
747
988
749
0
0
730
600
0
0
720
0
421
0
842
0
0
0
0
0
0
0
0
0
0
0
0
0
0
0
0
0
0
0
0
0
0
0
0
0
0
0
0
0
0
0
0
0
0
0
0
0
0
0
0
0
0
0
0
0
0
0
0
0
0
0
165
872
0
0
482
105
764
433
0
884
936
0
389
437
0
0
0
737
0
534
0
398
0
849
344
0
0
0
0
0
201
0
410
774
438
986
0
0
0
46
9
0
432
760
24
0
0
386
547
0
0
0
0
0
0
0
0
0
0
0
0
0
0
0
0
0
0
0
0
0
0
0
0
0
0
0
0
0
0
0
0
0
0
0
0
0
0
0
0
0
0
0
0
0
0
0
0
0
0
0
626
139
756
0
388
815
0
0
0
0
576
0
403
537
678
942
0
601
383
797
0
483
412
0
0
835
627
555
0
241
167
0
630
592
715
0
78
269
0
0
743
622
0
893
930
157
733
395
0
0
0
0
0
0
0
0
0
0
0
0
0
0
0
0
0
0
0
0
0
0
0
0
0
0
0
0
0
0
0
0
0
0
0
0
0
0
0
0
0
0
0
0
0
0
0
0
0
0
0
0
535
0
0
711
0
468
476
0
116
507
0
0
568
0
0
0
804
13
691
287
0
227
876
0
277
842
722
0
703
68
549
82
220
42
457
77
0
18
0
422
342
329
0
0
0
818
0
438
239
0
0
0
0
0
0
0
0
0
0
0
0
0
0
0
0
0
0
0
0
0
0
0
0
0
0
0
0
0
0
0
0
0
0
0
0
0
0
0
0
0
0
0
0
0
0
0
0
0
0
0
572
0
374
664
93
354
172
668
0
0
565
912
546
0
0
58
352
0
648
0
356
157
0
0
762
235
64
0
0
425
739
256
0
0
852
200
77
0
0
275
0
223
0
395
0
785
0
0
406
0
0
0
0
0
0
0
0
0
0
0
0
0
0
0
0
0
0
0
0
0
0
0
0
0
0
0
0
0
0
0
0
0
0
0
0
0
0
0
0
0
0
0
0
0
0
0
0
0
0
0
596
54
710
976
338
446
0
587
0
871
383
0
26
317
0
548
638
739
711
86
0
232
0
0
776
0
555
293
0
801
969
0
0
0
43
339
579
0
19
0
0
0
0
121
287
0
764
265
565
0
0
0
0
0
0
0
0
0
0
0
0
0
0
0
0
0
0
0
0
0
0
0
0
0
0
0
0
0
0
0
0
0
0
0
0
0
0
0
0
0
0
0
0
0
0
0
0
0
0
0
0
107
0
0
649
114
726
48
848
0
0
0
0
0
0
83
0
0
0
542
0
0
0
0
0
794
987
0
81
0
0
634
426
0
603
641
0
254
460
0
0
364
0
0
71
0
0
346
130
0
0
0
0
0
0
0
0
0
0
0
0
0
0
0
0
0
0
0
0
0
0
0
0
0
0
0
0
0
0
0
0
0
0
0
0
0
0
0
0
0
0
0
0
0
0
0
0
0
0
0
626
406
0
0
40
0
261
635
0
525
0
787
547
0
0
672
530
0
0
0
838
0
0
938
0
0
373
0
0
0
46
375
758
0
0
450
200
0
0
868
161
15
161
0
690
0
0
906
495
0
0
0
0
0
0
0
0
0
0
0
0
0
0
0
0
0
0
0
0
0
0
0
0
0
0
0
0
0
0
0
0
0
0
0
0
0
0
0
0
0
0
0
0
0
0
0
0
0
0
0
467
379
455
563
0
328
0
576
697
0
0
86
868
0
0
284
0
302
982
636
49
660
785
0
745
0
114
929
387
358
891
713
429
0
867
156
0
0
0
970
704
711
0
0
651
0
953
240
0
0
0
0
0
0
0
0
0
0
0
0
0
0
0
0
0
0
0
0
0
0
0
0
0
0
0
0
0
0
0
0
0
0
0
0
0
0
0
0
0
0
0
0
0
0
0
0
0
0
0
0
0
0
758
805
956
0
0
0
990
0
325
0
0
45
0
579
289
626
0
283
255
323
355
768
556
0
825
0
169
83
310
0
932
0
229
0
0
456
0
332
0
284
225
0
167
522
517
0
14
0
0
0
0
0
0
0
0
0
0
0
0
0
0
0
0
0
0
0
0
0
0
0
0
0
0
0
0
0
0
0
0
0
0
0
0
0
0
0
0
0
0
0
0
0
0
0
0
0
0
0
0
905
0
619
571
0
899
557
308
0
322
237
606
492
397
173
0
0
487
989
981
0
0
264
962
0
0
0
957
0
669
863
0
547
737
0
38
0
431
606
585
503
879
75
0
79
760
0
0
0
0
0
0
0
0
0
0
0
0
0
0
0
0
0
0
0
0
0
0
0
0
0
0
0
0
0
0
0
0
0
0
0
0
0
0
0
0
0
0
0
0
0
0
0
0
0
0
0
0
0
454
182
350
210
133
436
0
525
0
0
0
257
0
0
195
0
210
702
577
887
349
734
0
0
94
0
0
364
0
819
452
162
0
0
426
216
323
0
399
0
0
0
261
336
177
0
0
173
574
0
0
0
0
0
0
0
0
0
0
0
0
0
0
0
0
0
0
0
0
0
0
0
0
0
0
0
0
0
0
0
0
0
0
0
0
0
0
0
0
0
0
0
0
0
0
0
0
0
0
0
591
471
689
0
0
0
866
0
333
0
611
713
217
279
0
67
6
0
425
0
390
0
774
0
413
748
0
0
478
872
881
0
212
35
746
487
0
978
457
0
0
0
0
0
0
57
414
889
134
0
0
0
0
0
0
0
0
0
0
0
0
0
0
0
0
0
0
0
0
0
0
0
0
0
0
0
0
0
0
0
0
0
0
0
0
0
0
0
0
0
0
0
0
0
0
0
0
0
0
0
162
0
726
0
0
386
472
298
0
81
471
286
0
983
808
103
147
41
873
201
909
0
675
0
572
454
967
0
203
0
674
0
259
155
331
0
899
350
0
0
0
169
264
0
690
0
536
0
226
0
0
0
0
0
0
0
0
0
0
0
0
0
0
0
0
0
0
0
0
0
0
0
0
0
0
0
0
0
0
0
0
0
0
0
0
0
0
0
0
0
0
0
0
0
0
0
0
0
0
0
694
0
469
0
767
262
0
305
384
0
39
792
449
965
108
856
0
113
0
0
0
0
0
0
816
0
0
0
0
144
0
345
967
331
493
0
674
0
0
0
177
101
438
0
355
0
233
821
819
0
0
0
0
0
0
0
0
0
0
0
0
0
0
0
0
0
0
0
0
0
0
0
0
0
0
0
0
0
0
0
0
0
0
0
0
0
0
0
0
0
0
0
0
0
0
0
0
0
0
0
0
96
583
0
0
0
497
140
715
0
0
0
0
0
125
474
0
722
651
0
0
0
0
0
200
953
0
0
636
0
0
474
924
0
851
0
160
100
0
0
0
114
230
615
412
959
0
0
382
0
0
0
0
0
0
0
0
0
0
0
0
0
0
0
0
0
0
0
0
0
0
0
0
0
0
0
0
0
0
0
0
0
0
0
0
0
0
0
0
0
0
0
0
0
0
0
0
0
0
0
0
0
0
0
0
0
0
0
0
0
0
0
0
0
0
0
0
0
0
0
0
0
0
0
0
0
0
0
0
0
0
0
0
0
0
0
0
0
0
0
0
0
0
0
0
0
0
0
0
0
0
728
0
0
0
307
0
0
0
169
0
0
0
0
0
575
29
0
0
352
424
406
0
0
691
138
0
0
947
833
0
739
447
84
165
626
535
572
596
0
626
467
0
0
454
591
162
694
0
0
0
0
0
0
0
0
0
0
0
0
0
0
0
0
0
0
0
0
0
0
0
0
0
0
0
0
0
0
0
0
0
0
0
0
0
0
0
0
0
0
0
0
0
0
0
0
0
0
0
0
0
0
0
0
0
0
463
0
0
0
0
0
0
0
702
0
0
837
0
0
873
0
662
425
521
0
0
0
105
0
898
620
0
0
872
139
0
0
54
107
406
379
0
905
182
471
0
0
96
0
0
0
0
0
0
0
0
0
0
0
0
0
0
0
0
0
0
0
0
0
0
0
0
0
0
0
0
0
0
0
0
0
0
0
0
0
0
0
0
0
0
0
0
0
0
0
0
0
0
0
976
509
966
0
0
664
57
266
191
561
0
759
307
0
569
0
621
323
0
0
0
786
622
44
0
149
0
0
0
0
869
0
674
623
0
756
0
374
710
0
0
455
758
0
350
689
726
469
583
0
0
0
0
0
0
0
0
0
0
0
0
0
0
0
0
0
0
0
0
0
0
0
0
0
0
0
0
0
0
0
0
0
0
0
0
0
0
0
0
0
0
0
0
0
0
0
0
0
0
0
93
0
947
0
703
400
0
0
0
105
746
744
300
877
0
0
127
0
0
805
0
475
111
709
830
511
0
0
493
227
0
353
833
738
0
0
711
664
976
0
0
563
805
619
210
0
0
0
0
0
0
0
0
0
0
0
0
0
0
0
0
0
0
0
0
0
0
0
0
0
0
0
0
0
0
0
0
0
0
0
0
0
0
0
0
0
0
0
0
0
0
0
0
0
0
0
0
0
0
0
474
0
750
443
0
0
0
0
25
548
910
76
918
0
132
0
875
206
0
403
649
0
836
569
221
0
0
331
0
565
245
637
803
450
482
388
0
93
338
649
40
0
956
571
133
0
0
767
0
0
0
0
0
0
0
0
0
0
0
0
0
0
0
0
0
0
0
0
0
0
0
0
0
0
0
0
0
0
0
0
0
0
0
0
0
0
0
0
0
0
0
0
0
0
0
0
0
0
0
0
0
213
49
0
497
0
89
462
0
609
0
161
673
0
0
0
285
0
536
0
357
891
0
731
0
40
276
0
237
0
944
229
262
523
105
815
468
354
446
114
0
328
0
0
436
0
386
262
0
0
0
0
0
0
0
0
0
0
0
0
0
0
0
0
0
0
0
0
0
0
0
0
0
0
0
0
0
0
0
0
0
0
0
0
0
0
0
0
0
0
0
0
0
0
0
0
0
0
0
0
0
771
0
950
0
634
297
0
42
0
731
0
837
80
449
0
0
640
558
25
796
0
122
0
144
17
509
270
215
0
223
782
0
0
764
0
476
172
0
726
261
0
0
899
0
866
472
0
497
0
0
0
0
0
0
0
0
0
0
0
0
0
0
0
0
0
0
0
0
0
0
0
0
0
0
0
0
0
0
0
0
0
0
0
0
0
0
0
0
0
0
0
0
0
0
0
0
0
0
0
0
926
0
352
0
0
0
0
522
537
952
252
309
844
590
168
987
615
0
0
151
33
0
0
693
225
658
392
0
157
745
728
369
0
433
0
0
668
587
48
635
576
0
557
525
0
298
305
140
0
0
0
0
0
0
0
0
0
0
0
0
0
0
0
0
0
0
0
0
0
0
0
0
0
0
0
0
0
0
0
0
0
0
0
0
0
0
0
0
0
0
0
0
0
0
0
0
0
0
0
244
602
0
566
237
483
322
0
862
595
0
0
0
0
229
901
776
872
0
204
607
0
0
480
755
0
0
476
429
0
646
0
392
817
0
0
116
0
0
848
0
697
990
308
0
333
0
384
715
0
0
0
0
0
0
0
0
0
0
0
0
0
0
0
0
0
0
0
0
0
0
0
0
0
0
0
0
0
0
0
0
0
0
0
0
0
0
0
0
0
0
0
0
0
0
0
0
0
0
0
0
0
0
248
301
0
153
0
0
860
853
276
0
694
412
618
0
0
549
344
80
0
0
791
224
0
0
0
916
751
809
0
838
0
884
0
507
0
871
0
525
0
0
0
0
0
81
0
0
0
0
0
0
0
0
0
0
0
0
0
0
0
0
0
0
0
0
0
0
0
0
0
0
0
0
0
0
0
0
0
0
0
0
0
0
0
0
0
0
0
0
0
0
0
0
0
0
0
0
0
906
0
417
405
0
80
622
743
0
197
0
0
424
970
122
0
0
0
0
0
0
0
418
0
427
0
0
528
291
283
0
185
0
0
936
576
0
565
383
0
0
0
325
322
0
611
471
39
0
0
0
0
0
0
0
0
0
0
0
0
0
0
0
0
0
0
0
0
0
0
0
0
0
0
0
0
0
0
0
0
0
0
0
0
0
0
0
0
0
0
0
0
0
0
0
0
0
0
0
0
0
418
0
0
0
173
0
666
0
0
863
603
0
741
182
799
474
552
423
0
0
0
295
0
0
0
0
0
855
131
343
461
832
291
0
0
0
912
0
0
787
86
0
237
257
713
286
792
0
0
0
0
0
0
0
0
0
0
0
0
0
0
0
0
0
0
0
0
0
0
0
0
0
0
0
0
0
0
0
0
0
0
0
0
0
0
0
0
0
0
0
0
0
0
0
0
0
0
0
0
438
958
0
726
862
657
0
0
177
468
579
625
448
708
84
0
937
194
0
0
0
0
0
840
0
0
988
378
0
256
48
0
800
924
389
403
568
546
26
0
547
868
0
606
0
217
0
449
0
0
0
0
0
0
0
0
0
0
0
0
0
0
0
0
0
0
0
0
0
0
0
0
0
0
0
0
0
0
0
0
0
0
0
0
0
0
0
0
0
0
0
0
0
0
0
0
0
0
0
0
0
334
737
0
935
610
401
0
43
864
0
0
779
0
0
0
0
0
864
673
644
0
0
696
569
0
322
0
808
274
0
0
101
516
437
537
0
0
317
0
0
0
45
492
0
279
983
965
0
0
0
0
0
0
0
0
0
0
0
0
0
0
0
0
0
0
0
0
0
0
0
0
0
0
0
0
0
0
0
0
0
0
0
0
0
0
0
0
0
0
0
0
0
0
0
0
0
0
0
0
318
431
0
810
625
545
0
45
0
0
657
959
243
967
0
97
0
912
547
345
0
180
0
258
974
309
951
897
0
442
0
0
0
0
0
678
0
0
0
0
0
0
0
397
195
0
808
108
125
0
0
0
0
0
0
0
0
0
0
0
0
0
0
0
0
0
0
0
0
0
0
0
0
0
0
0
0
0
0
0
0
0
0
0
0
0
0
0
0
0
0
0
0
0
0
0
0
0
0
0
120
91
393
0
973
0
0
564
0
150
843
0
285
0
768
521
440
0
558
555
0
604
79
0
447
205
0
0
710
86
564
0
587
0
0
942
0
58
548
83
672
284
579
173
0
67
103
856
474
0
0
0
0
0
0
0
0
0
0
0
0
0
0
0
0
0
0
0
0
0
0
0
0
0
0
0
0
0
0
0
0
0
0
0
0
0
0
0
0
0
0
0
0
0
0
0
0
0
0
0
4
0
834
952
40
0
488
0
957
754
329
427
710
431
463
648
0
906
239
702
0
947
0
70
0
0
0
649
136
0
0
410
168
888
0
0
804
352
638
0
530
0
289
0
210
6
147
0
0
0
0
0
0
0
0
0
0
0
0
0
0
0
0
0
0
0
0
0
0
0
0
0
0
0
0
0
0
0
0
0
0
0
0
0
0
0
0
0
0
0
0
0
0
0
0
0
0
0
0
0
0
14
181
0
590
0
332
0
0
0
388
752
547
0
476
0
962
0
591
696
0
0
0
913
0
941
825
708
0
765
0
514
795
496
737
601
13
0
739
0
0
302
626
0
702
0
41
113
722
0
0
0
0
0
0
0
0
0
0
0
0
0
0
0
0
0
0
0
0
0
0
0
0
0
0
0
0
0
0
0
0
0
0
0
0
0
0
0
0
0
0
0
0
0
0
0
0
0
0
0
719
320
0
369
0
604
331
0
0
497
104
244
0
696
0
0
0
223
440
394
338
430
0
937
525
856
683
0
0
737
140
992
0
720
0
383
691
648
711
0
0
982
0
487
577
425
873
0
651
0
0
0
0
0
0
0
0
0
0
0
0
0
0
0
0
0
0
0
0
0
0
0
0
0
0
0
0
0
0
0
0
0
0
0
0
0
0
0
0
0
0
0
0
0
0
0
0
0
0
0
0
0
708
610
0
0
0
0
433
0
153
333
0
404
416
561
0
19
719
566
672
987
717
958
452
0
382
0
733
0
939
0
349
0
534
797
287
0
86
542
0
636
283
989
887
0
201
0
0
0
0
0
0
0
0
0
0
0
0
0
0
0
0
0
0
0
0
0
0
0
0
0
0
0
0
0
0
0
0
0
0
0
0
0
0
0
0
0
0
0
0
0
0
0
0
0
0
0
0
0
0
420
563
0
0
654
138
0
282
0
0
731
0
0
543
0
68
552
0
0
292
0
983
0
0
0
0
21
0
0
27
0
0
435
0
0
0
356
0
0
838
49
255
981
349
390
909
0
0
0
0
0
0
0
0
0
0
0
0
0
0
0
0
0
0
0
0
0
0
0
0
0
0
0
0
0
0
0
0
0
0
0
0
0
0
0
0
0
0
0
0
0
0
0
0
0
0
0
0
0
947
0
0
768
0
55
699
0
0
56
0
0
518
48
0
86
0
0
174
0
0
0
231
508
0
517
69
127
423
432
873
168
70
0
398
483
227
157
232
0
0
660
323
0
734
0
0
0
0
0
0
0
0
0
0
0
0
0
0
0
0
0
0
0
0
0
0
0
0
0
0
0
0
0
0
0
0
0
0
0
0
0
0
0
0
0
0
0
0
0
0
0
0
0
0
0
0
0
0
0
614
652
481
780
0
0
0
215
0
381
0
0
70
936
805
938
0
0
0
162
0
0
673
918
157
666
453
0
0
249
632
0
0
0
0
412
876
0
0
0
0
785
355
0
0
774
675
0
0
0
0
0
0
0
0
0
0
0
0
0
0
0
0
0
0
0
0
0
0
0
0
0
0
0
0
0
0
0
0
0
0
0
0
0
0
0
0
0
0
0
0
0
0
0
0
0
0
0
0
0
48
0
0
443
0
0
747
491
0
776
0
394
0
0
919
215
799
388
0
257
555
699
0
0
541
0
0
958
0
123
0
161
0
257
849
0
0
0
0
0
938
0
768
264
0
0
0
0
0
0
0
0
0
0
0
0
0
0
0
0
0
0
0
0
0
0
0
0
0
0
0
0
0
0
0
0
0
0
0
0
0
0
0
0
0
0
0
0
0
0
0
0
0
0
0
0
0
0
0
0
0
344
0
0
0
169
0
404
772
0
628
394
613
0
0
0
670
18
352
258
0
0
831
0
0
0
0
0
0
740
330
782
102
955
344
0
277
762
776
0
0
745
556
962
94
413
572
816
200
0
0
0
0
0
0
0
0
0
0
0
0
0
0
0
0
0
0
0
0
0
0
0
0
0
0
0
0
0
0
0
0
0
0
0
0
0
0
0
0
0
0
0
0
0
0
0
0
0
0
0
466
593
0
384
0
0
884
0
0
171
0
456
840
663
64
0
0
842
841
181
159
0
693
852
911
523
0
0
716
0
2
0
840
0
0
835
842
235
0
794
0
0
0
0
0
748
454
0
953
0
0
0
0
0
0
0
0
0
0
0
0
0
0
0
0
0
0
0
0
0
0
0
0
0
0
0
0
0
0
0
0
0
0
0
0
0
0
0
0
0
0
0
0
0
0
0
0
0
0
0
93
0
0
812
697
0
149
0
699
309
0
0
594
784
0
0
0
0
0
971
0
479
0
0
700
0
785
840
421
0
0
752
0
776
0
627
722
64
555
987
373
114
825
0
0
0
967
0
0
0
0
0
0
0
0
0
0
0
0
0
0
0
0
0
0
0
0
0
0
0
0
0
0
0
0
0
0
0
0
0
0
0
0
0
0
0
0
0
0
0
0
0
0
0
0
0
0
0
0
0
0
437
0
625
0
0
768
495
26
587
0
719
990
0
283
351
0
777
0
460
815
0
778
0
843
612
0
0
275
364
141
0
0
231
0
555
0
0
293
0
0
929
0
0
364
0
0
0
0
0
0
0
0
0
0
0
0
0
0
0
0
0
0
0
0
0
0
0
0
0
0
0
0
0
0
0
0
0
0
0
0
0
0
0
0
0
0
0
0
0
0
0
0
0
0
0
0
0
0
0
251
797
0
0
0
201
0
0
638
0
0
0
813
27
937
979
841
0
0
81
0
0
0
912
522
0
876
747
78
0
0
0
427
47
0
0
703
0
0
81
0
387
169
957
0
478
203
0
636
0
0
0
0
0
0
0
0
0
0
0
0
0
0
0
0
0
0
0
0
0
0
0
0
0
0
0
0
0
0
0
0
0
0
0
0
0
0
0
0
0
0
0
0
0
0
0
0
0
0
0
0
675
576
841
0
901
593
0
0
338
999
16
965
0
0
0
0
619
0
976
354
752
683
0
759
460
855
0
577
795
52
595
461
389
0
241
68
425
801
0
0
358
83
0
819
872
0
144
0
0
0
0
0
0
0
0
0
0
0
0
0
0
0
0
0
0
0
0
0
0
0
0
0
0
0
0
0
0
0
0
0
0
0
0
0
0
0
0
0
0
0
0
0
0
0
0
0
0
0
0
732
437
0
0
185
128
7
93
67
0
0
203
500
651
535
157
0
35
0
454
100
231
0
692
412
413
0
13
0
82
365
309
0
0
201
167
549
739
969
0
46
891
310
669
452
881
674
0
0
0
0
0
0
0
0
0
0
0
0
0
0
0
0
0
0
0
0
0
0
0
0
0
0
0
0
0
0
0
0
0
0
0
0
0
0
0
0
0
0
0
0
0
0
0
0
0
0
0
0
0
0
957
909
392
48
0
869
0
239
0
878
630
588
0
470
0
0
838
0
599
0
0
272
0
687
0
0
0
0
0
222
936
403
0
0
0
82
256
0
634
375
713
0
863
162
0
0
345
474
0
0
0
0
0
0
0
0
0
0
0
0
0
0
0
0
0
0
0
0
0
0
0
0
0
0
0
0
0
0
0
0
0
0
0
0
0
0
0
0
0
0
0
0
0
0
0
0
0
0
0
632
0
0
753
0
0
181
0
0
942
171
68
965
322
0
452
0
0
952
217
0
84
0
0
922
0
0
260
0
792
496
0
0
532
410
630
220
0
0
426
758
429
932
0
0
212
259
967
924
0
0
0
0
0
0
0
0
0
0
0
0
0
0
0
0
0
0
0
0
0
0
0
0
0
0
0
0
0
0
0
0
0
0
0
0
0
0
0
0
0
0
0
0
0
0
0
0
0
0
0
0
0
447
131
0
649
859
807
327
0
372
967
721
553
0
0
0
0
155
0
124
177
549
0
578
766
152
820
0
0
0
909
530
143
774
592
42
0
0
0
0
0
0
547
0
35
155
331
0
0
0
0
0
0
0
0
0
0
0
0
0
0
0
0
0
0
0
0
0
0
0
0
0
0
0
0
0
0
0
0
0
0
0
0
0
0
0
0
0
0
0
0
0
0
0
0
0
0
0
0
577
0
112
0
0
922
0
0
0
834
436
143
871
113
210
977
684
108
700
128
360
0
278
0
261
347
0
0
209
0
717
0
0
764
438
715
457
852
43
603
0
867
229
737
426
746
331
493
851
0
0
0
0
0
0
0
0
0
0
0
0
0
0
0
0
0
0
0
0
0
0
0
0
0
0
0
0
0
0
0
0
0
0
0
0
0
0
0
0
0
0
0
0
0
0
0
0
0
0
0
301
0
0
537
353
103
10
0
57
477
0
0
613
480
891
0
0
727
0
0
452
0
0
0
0
0
507
0
293
116
909
586
0
747
986
0
77
200
339
641
450
156
0
0
216
487
0
0
0
0
0
0
0
0
0
0
0
0
0
0
0
0
0
0
0
0
0
0
0
0
0
0
0
0
0
0
0
0
0
0
0
0
0
0
0
0
0
0
0
0
0
0
0
0
0
0
0
0
0
0
0
228
938
344
333
821
0
19
526
0
378
178
0
0
532
346
0
76
369
0
414
799
0
0
0
846
0
165
0
0
388
0
0
988
0
78
0
77
579
0
200
0
0
38
323
0
899
674
160
0
0
0
0
0
0
0
0
0
0
0
0
0
0
0
0
0
0
0
0
0
0
0
0
0
0
0
0
0
0
0
0
0
0
0
0
0
0
0
0
0
0
0
0
0
0
0
0
0
0
0
0
0
621
0
595
263
0
214
769
402
0
0
0
0
0
0
126
671
0
267
442
23
429
961
104
0
0
572
272
255
210
254
167
749
0
269
18
0
0
254
0
0
456
0
0
978
350
0
100
0
0
0
0
0
0
0
0
0
0
0
0
0
0
0
0
0
0
0
0
0
0
0
0
0
0
0
0
0
0
0
0
0
0
0
0
0
0
0
0
0
0
0
0
0
0
0
0
0
0
0
559
401
516
0
941
318
0
0
729
401
0
0
0
9
812
0
0
855
980
685
0
0
0
341
4
585
807
885
0
243
522
0
0
0
0
0
0
0
19
460
0
0
0
431
399
457
0
0
0
0
0
0
0
0
0
0
0
0
0
0
0
0
0
0
0
0
0
0
0
0
0
0
0
0
0
0
0
0
0
0
0
0
0
0
0
0
0
0
0
0
0
0
0
0
0
0
0
0
0
0
405
743
875
361
0
0
914
0
894
0
427
770
0
263
0
105
57
0
757
0
0
0
0
0
888
990
0
197
0
844
283
956
734
0
46
0
422
275
0
0
868
970
332
606
0
0
0
0
0
0
0
0
0
0
0
0
0
0
0
0
0
0
0
0
0
0
0
0
0
0
0
0
0
0
0
0
0
0
0
0
0
0
0
0
0
0
0
0
0
0
0
0
0
0
0
0
0
0
0
0
6
29
0
524
692
474
0
261
850
236
0
335
0
550
570
0
0
531
927
324
680
929
0
0
744
368
507
766
867
762
0
0
324
730
9
743
342
0
0
0
161
704
0
585
0
0
0
177
0
0
0
0
0
0
0
0
0
0
0
0
0
0
0
0
0
0
0
0
0
0
0
0
0
0
0
0
0
0
0
0
0
0
0
0
0
0
0
0
0
0
0
0
0
0
0
0
0
0
0
0
0
0
0
0
0
0
222
0
971
0
479
0
42
0
184
478
0
551
0
0
0
0
417
0
0
0
0
0
0
0
36
0
497
600
0
622
329
223
0
364
15
711
284
503
0
0
169
101
114
0
0
0
0
0
0
0
0
0
0
0
0
0
0
0
0
0
0
0
0
0
0
0
0
0
0
0
0
0
0
0
0
0
0
0
0
0
0
0
0
0
0
0
0
0
0
0
0
0
0
0
543
378
29
809
0
755
794
201
593
0
667
488
0
0
601
487
0
299
0
80
170
613
0
0
0
0
597
285
703
0
997
0
859
0
432
0
0
0
0
0
161
0
225
879
261
0
264
438
230
0
0
0
0
0
0
0
0
0
0
0
0
0
0
0
0
0
0
0
0
0
0
0
0
0
0
0
0
0
0
0
0
0
0
0
0
0
0
0
0
0
0
0
0
0
0
0
0
0
0
0
0
598
907
0
0
0
0
0
995
821
712
0
718
657
0
465
560
0
0
629
298
544
127
933
972
314
0
839
29
566
88
0
361
0
760
893
0
395
121
0
0
0
0
75
336
0
0
0
615
0
0
0
0
0
0
0
0
0
0
0
0
0
0
0
0
0
0
0
0
0
0
0
0
0
0
0
0
0
0
0
0
0
0
0
0
0
0
0
0
0
0
0
0
0
0
0
0
0
0
0
614
0
0
0
546
0
309
0
0
0
914
0
299
0
188
0
404
282
0
837
0
274
0
12
0
682
0
0
466
563
60
464
426
720
24
930
0
0
287
71
690
651
167
0
177
0
690
355
412
0
0
0
0
0
0
0
0
0
0
0
0
0
0
0
0
0
0
0
0
0
0
0
0
0
0
0
0
0
0
0
0
0
0
0
0
0
0
0
0
0
0
0
0
0
0
0
0
0
0
0
0
0
716
0
598
776
113
0
0
0
0
0
0
0
395
123
196
562
69
793
300
249
727
178
486
0
605
231
0
299
0
306
527
0
0
157
818
785
0
0
0
0
522
79
0
57
0
0
959
0
0
0
0
0
0
0
0
0
0
0
0
0
0
0
0
0
0
0
0
0
0
0
0
0
0
0
0
0
0
0
0
0
0
0
0
0
0
0
0
0
0
0
0
0
0
0
0
0
0
0
405
0
0
0
405
0
0
953
753
0
17
0
0
0
217
648
31
914
976
677
0
272
80
0
960
0
0
0
35
794
487
0
963
421
0
733
0
0
764
0
0
953
517
760
0
414
536
233
0
0
0
0
0
0
0
0
0
0
0
0
0
0
0
0
0
0
0
0
0
0
0
0
0
0
0
0
0
0
0
0
0
0
0
0
0
0
0
0
0
0
0
0
0
0
0
0
0
0
0
0
811
48
55
762
643
125
0
864
740
0
0
8
26
0
653
0
0
0
0
561
0
0
466
916
0
0
587
59
0
0
0
913
402
0
386
395
438
0
265
346
906
240
0
0
173
889
0
821
0
0
0
0
0
0
0
0
0
0
0
0
0
0
0
0
0
0
0
0
0
0
0
0
0
0
0
0
0
0
0
0
0
0
0
0
0
0
0
0
0
0
0
0
0
0
0
0
0
0
0
0
542
0
830
0
200
0
299
712
933
0
0
0
997
619
0
773
785
0
0
208
626
805
0
0
0
0
0
0
0
0
926
437
0
842
547
0
239
406
565
130
495
0
14
0
574
134
226
819
382
0
0
0
0
0
0
0
0
0
0
0
0
0
0
0
0
0
0
0
0
0
0
0
0
0
0
0
0
0
0
0
0
0
0
0
0
0
0
0
0
0
0
0
0
0
0
0
0
0
0
