0
500
0
44
465
263
816
531
538
219
0
0
577
522
438
769
503
836
0
399
922
765
781
333
356
0
190
366
287
0
0
603
0
0
343
751
0
891
0
0
0
590
513
756
0
292
411
0
984
0
596
344
977
346
739
703
0
0
781
401
997
962
0
0
528
723
321
0
83
485
193
928
984
487
849
483
519
704
253
661
386
857
580
715
494
421
502
151
408
0
519
822
772
878
535
0
576
311
951
0
500
0
0
0
98
729
826
232
26
673
982
357
0
0
560
788
0
459
904
529
0
572
838
562
0
408
0
648
388
619
592
485
495
836
996
0
193
0
661
690
976
251
640
0
0
727
580
396
338
0
0
0
370
652
687
197
788
351
613
735
433
0
0
763
222
785
465
793
11
471
0
383
0
0
0
465
0
772
0
630
666
219
0
0
703
702
0
507
0
0
822
909
485
388
0
656
0
546
0
0
0
0
0
115
710
693
893
119
56
404
802
343
755
0
474
275
743
630
463
0
0
907
603
0
820
715
507
0
754
755
591
254
576
922
0
502
952
0
651
752
442
997
219
576
437
0
0
0
0
694
396
824
0
428
338
0
0
380
335
392
739
513
833
498
0
0
0
472
907
738
513
0
140
0
112
0
339
253
0
0
25
0
0
0
0
602
0
707
544
0
182
0
527
836
907
674
919
0
571
490
44
0
115
0
507
316
682
0
377
779
374
788
0
0
922
0
857
859
0
0
193
664
0
0
528
833
699
834
0
186
692
753
617
0
821
293
0
495
0
547
379
754
307
0
293
292
0
909
98
172
0
0
0
0
428
0
922
543
849
457
353
623
977
0
785
445
928
898
231
545
0
392
769
829
501
529
139
508
0
638
155
653
838
788
147
0
370
427
0
0
0
26
755
645
0
576
523
423
0
288
465
98
710
507
0
304
646
0
541
278
0
383
751
577
828
765
556
681
646
0
38
193
275
813
576
500
829
441
0
783
398
392
580
0
407
0
0
423
834
392
612
836
0
0
193
753
545
707
835
458
580
272
651
0
799
242
178
0
0
0
348
649
462
562
0
0
433
0
465
995
0
0
949
841
745
603
834
733
568
775
0
799
474
351
0
707
0
576
801
0
694
910
0
0
155
934
268
433
193
0
263
729
693
316
304
0
857
38
0
286
893
399
608
0
338
800
725
545
788
344
253
691
0
572
904
0
829
519
418
365
385
322
479
388
543
673
754
981
601
557
646
714
0
788
42
922
821
117
915
743
316
697
925
316
0
997
625
998
0
0
0
253
511
517
715
0
0
666
801
0
803
664
868
152
791
411
834
745
892
0
657
727
601
268
511
364
604
0
733
83
988
630
0
732
112
826
690
836
601
401
816
826
893
682
646
857
0
404
516
758
868
0
496
421
388
848
0
401
193
0
123
798
190
781
556
262
0
471
625
463
379
892
335
423
648
219
219
859
576
0
0
0
0
0
882
0
0
483
575
699
828
0
474
379
748
286
498
462
700
0
338
0
576
0
0
0
0
755
783
0
0
556
496
517
651
0
592
798
321
0
0
0
0
386
429
373
348
0
268
693
0
755
513
0
378
814
278
0
418
459
531
232
119
0
0
38
404
0
765
702
0
744
399
513
0
370
0
0
190
151
688
139
0
317
0
351
408
0
0
0
608
197
183
0
753
691
396
0
982
487
462
682
0
0
0
0
0
0
733
556
0
656
980
345
210
0
753
748
609
536
949
694
399
0
152
994
0
834
501
0
0
707
0
574
538
447
0
788
733
152
579
0
0
0
962
399
0
345
0
997
733
803
666
344
753
269
251
0
0
0
538
26
56
377
541
0
516
765
0
0
0
546
0
746
574
0
909
475
234
531
445
25
612
995
0
693
404
822
673
749
994
0
0
0
0
773
815
772
0
638
507
0
525
958
498
351
618
355
494
628
949
697
643
687
0
0
623
116
836
0
167
774
301
456
329
254
551
351
159
0
801
779
299
537
516
288
0
0
997
0
503
490
0
888
0
0
0
640
725
962
0
0
535
788
361
531
657
219
0
0
219
673
404
779
278
286
758
702
0
0
693
591
896
795
653
704
0
0
755
868
534
0
380
954
725
773
708
562
157
826
0
361
511
571
142
327
0
428
370
687
507
490
440
517
878
783
42
475
458
455
821
628
872
844
0
579
654
0
580
549
909
196
281
912
0
679
0
0
0
425
0
456
428
401
270
0
744
214
276
442
249
517
748
699
123
589
0
0
549
480
0
699
0
634
744
0
332
327
0
576
0
982
802
374
0
893
868
0
0
693
0
445
329
0
749
72
500
932
0
909
328
620
151
0
700
836
0
0
184
736
977
241
643
0
619
268
0
0
421
517
951
732
574
0
0
807
706
449
613
0
554
866
0
0
0
0
0
807
351
0
0
721
0
821
601
475
226
508
919
714
726
34
330
315
0
190
374
0
954
642
159
353
72
849
356
541
0
859
337
0
0
952
897
549
339
707
0
0
0
608
0
357
343
788
383
399
0
744
546
591
445
0
490
793
151
866
737
226
739
480
0
0
177
244
528
0
0
0
838
0
643
807
0
851
262
749
711
661
922
833
0
11
508
0
598
799
0
0
0
0
0
425
370
544
793
383
791
922
708
572
71
447
838
0
178
0
833
618
707
672
167
503
0
977
883
219
473
884
396
0
262
0
0
168
0
311
555
632
486
0
385
688
866
889
15
674
337
0
317
0
577
0
755
0
751
608
496
399
0
896
329
490
0
0
399
0
321
824
577
982
807
0
522
833
869
0
0
859
65
430
177
330
401
0
0
791
608
962
689
575
514
610
275
143
982
834
977
323
507
0
501
706
377
0
449
0
841
738
726
0
449
874
501
366
212
795
638
580
890
139
721
791
571
379
388
0
546
0
580
0
842
291
866
448
0
364
598
551
382
738
0
465
379
649
0
502
982
310
754
552
522
0
0
0
577
0
421
513
746
795
0
793
0
0
755
0
151
0
951
125
105
704
0
327
533
0
96
0
0
330
878
157
763
546
773
0
664
881
453
674
868
0
909
721
0
388
449
0
795
396
651
38
883
490
0
0
251
448
623
428
382
0
0
0
705
269
829
0
947
536
661
554
996
143
826
234
710
909
401
0
399
190
838
0
749
0
663
312
0
628
633
0
147
379
0
0
0
0
0
907
438
560
474
922
828
338
388
0
574
653
749
151
399
755
0
791
494
556
654
359
697
0
0
0
717
748
962
434
0
0
0
483
0
315
316
465
453
446
351
820
168
724
0
907
411
523
0
0
434
699
925
0
0
300
242
468
183
507
442
0
667
998
998
456
490
0
924
537
785
343
892
651
769
544
196
0
697
0
157
0
411
322
0
465
0
884
0
814
418
321
984
219
571
11
549
556
702
268
638
987
769
788
275
0
765
800
848
370
0
704
72
866
0
0
791
0
272
139
992
212
745
0
762
734
528
754
612
851
788
0
241
423
328
119
0
0
0
0
468
0
288
572
453
183
143
571
529
242
814
728
577
418
541
421
0
814
433
0
609
556
598
495
579
872
11
253
0
0
0
0
0
925
528
0
835
891
0
576
791
0
666
401
758
623
758
752
513
576
0
219
591
579
829
574
446
841
0
859
507
620
503
0
743
857
556
725
0
0
909
0
500
737
321
151
494
272
0
959
877
428
879
984
272
769
353
922
0
663
474
783
551
212
268
703
799
765
618
672
0
0
197
651
962
638
496
656
0
833
781
0
0
0
982
465
772
165
513
697
692
226
528
0
513
579
301
922
0
0
0
0
0
897
242
254
0
385
0
605
690
157
889
0
621
0
743
83
139
487
522
690
0
388
0
253
0
193
580
734
541
654
836
459
630
859
681
545
401
0
475
0
932
226
824
0
556
139
959
0
0
0
0
577
428
370
300
680
691
537
381
576
699
407
314
841
177
0
0
0
83
721
674
11
724
180
995
383
0
680
690
802
829
833
0
339
845
580
309
251
0
755
296
679
423
0
0
0
292
882
527
314
0
636
178
396
998
496
348
746
321
438
442
0
338
576
253
632
0
872
508
0
0
458
513
344
687
814
458
999
503
0
0
904
463
0
646
788
193
190
234
755
0
739
577
951
654
992
877
0
0
758
893
984
805
53
381
0
708
437
844
800
0
0
788
667
0
345
0
0
0
0
0
751
232
235
642
893
0
333
281
766
465
329
401
866
0
710
0
910
396
0
0
699
0
494
0
437
472
664
666
779
292
430
613
813
213
907
901
638
167
838
0
143
710
401
659
151
0
733
748
529
512
0
814
783
0
833
244
0
370
0
399
529
0
0
0
344
0
151
531
868
909
480
982
125
359
212
428
0
758
0
737
445
661
609
392
799
571
706
0
177
0
0
533
457
457
143
598
612
286
814
0
579
351
164
707
835
673
0
486
396
385
370
248
388
791
612
765
65
762
168
622
494
0
888
291
234
379
345
143
0
0
309
0
65
857
212
947
710
0
248
727
656
807
997
877
447
608
551
888
517
0
182
301
140
609
388
438
191
755
579
922
0
0
193
38
253
123
688
445
534
328
0
807
105
697
745
879
0
893
737
0
777
603
448
565
638
650
380
147
821
437
838
316
212
321
479
0
905
691
193
214
330
449
302
892
909
307
485
714
904
580
962
596
496
829
287
859
0
0
116
125
322
0
251
912
434
0
333
762
878
544
139
551
528
0
0
0
934
516
96
851
34
222
379
0
305
691
0
907
401
511
0
749
411
311
270
0
755
724
0
765
572
907
664
193
691
798
139
25
0
620
0
0
704
0
0
984
577
984
445
777
0
0
891
756
893
0
434
962
335
427
842
849
613
388
276
0
992
544
0
425
253
0
0
531
116
445
577
152
184
0
293
545
0
286
190
541
766
588
501
848
883
932
0
528
272
196
0
0
321
786
475
30
359
616
728
502
535
293
844
866
954
253
445
857
456
0
544
210
424
251
826
0
587
841
449
704
788
42
630
781
838
603
0
275
0
190
0
612
380
151
177
522
0
0
762
272
428
805
661
603
0
0
754
857
0
883
309
380
693
0
0
0
574
619
0
438
0
815
0
564
801
638
335
0
932
0
0
0
139
517
842
619
549
42
249
648
463
922
282
634
522
0
874
545
930
996
883
785
445
526
799
0
0
511
0
715
0
738
614
749
664
571
890
609
0
519
632
0
527
357
433
821
752
0
222
428
617
272
0
333
562
0
0
813
572
781
317
995
954
0
244
833
327
0
734
769
370
53
609
448
891
754
0
286
425
704
704
536
0
448
634
0
0
0
541
981
500
704
708
786
841
438
0
700
401
603
704
219
729
748
738
836
744
533
508
196
0
484
630
643
463
495
826
0
25
597
721
0
822
0
330
483
449
526
842
0
379
500
411
0
495
26
311
727
707
151
386
0
385
661
884
538
399
345
0
598
766
168
768
356
0
820
528
576
904
556
0
0
725
700
528
869
533
717
528
353
300
381
392
565
756
857
286
0
679
0
382
844
248
698
0
834
772
0
890
0
924
404
0
0
674
959
779
110
816
0
0
664
798
834
673
807
0
653
370
0
829
0
272
56
487
0
0
0
401
995
253
169
613
907
458
0
919
348
287
778
0
688
0
0
332
316
264
484
168
682
982
633
288
529
428
470
0
516
714
496
528
0
545
0
408
715
833
500
0
262
351
693
773
836
0
0
0
748
754
922
680
0
799
638
893
0
425
679
0
445
727
692
272
0
288
870
0
0
511
0
613
652
0
272
250
392
502
65
0
0
0
0
468
551
0
0
213
0
821
803
0
0
923
0
301
505
311
814
736
513
474
0
0
755
407
382
958
572
281
0
0
661
0
878
0
625
421
0
0
0
0
703
307
440
0
0
798
874
0
278
714
580
0
190
0
507
699
829
829
0
408
404
708
0
0
0
96
962
612
0
691
708
571
650
0
883
704
0
445
0
157
447
534
466
853
214
382
0
169
0
0
249
640
465
616
638
286
0
142
307
522
874
556
821
495
714
508
466
44
31
638
418
311
365
785
346
159
805
466
513
0
0
0
0
503
513
904
0
174
710
0
0
437
704
805
620
574
0
699
110
608
960
546
695
440
596
755
248
456
370
113
625
500
366
648
0
834
441
519
471
0
822
562
0
0
859
0
434
851
663
537
437
706
380
434
309
704
382
727
157
0
579
0
866
0
962
292
0
620
704
186
0
0
440
999
603
0
514
197
708
962
0
638
910
576
0
549
42
879
829
853
465
0
851
381
0
330
315
399
820
841
531
988
251
490
777
0
743
423
0
376
567
605
753
653
235
833
543
705
437
479
385
0
440
155
910
672
0
512
564
882
15
0
287
388
754
0
0
418
625
0
673
157
184
838
65
0
0
788
474
381
844
0
147
962
380
536
844
692
447
579
0
0
333
480
505
899
775
542
0
0
490
556
0
212
753
744
288
448
11
321
672
0
65
0
820
756
826
333
458
147
411
680
672
873
802
872
309
269
116
535
726
791
0
617
174
0
399
0
0
707
739
0
609
224
0
485
0
268
0
962
528
694
0
0
0
649
0
612
603
231
479
830
0
619
755
186
783
365
463
0
749
826
736
0
430
330
0
0
783
576
800
177
821
335
693
0
248
272
534
0
0
0
117
881
534
214
364
474
528
370
377
0
721
392
0
365
889
0
0
0
0
443
952
115
0
834
0
0
756
299
579
0
754
571
853
646
232
311
0
656
537
666
140
622
835
0
0
866
311
702
0
376
496
488
733
0
193
0
416
603
174
487
0
0
0
976
338
0
338
630
0
344
0
592
591
692
398
385
379
608
994
0
977
643
177
878
0
241
551
699
0
0
437
427
0
448
698
0
466
866
333
117
0
0
366
534
300
511
608
296
814
513
301
603
83
353
456
364
981
579
139
733
474
788
814
720
501
517
0
868
849
947
0
581
0
406
534
0
383
502
692
890
0
832
468
0
0
717
213
466
0
241
958
462
275
155
672
485
743
509
166
0
853
581
0
268
829
346
890
0
116
391
603
485
254
753
392
322
892
197
0
361
241
807
330
157
483
423
212
407
0
0
838
842
0
634
0
288
853
0
480
881
0
0
351
0
0
0
664
351
704
425
786
353
977
904
670
0
345
745
874
667
286
0
287
672
632
638
276
449
196
0
0
0
654
343
332
769
591
345
733
673
0
196
618
848
386
777
365
345
330
0
222
914
516
0
690
653
0
0
0
646
507
882
704
490
893
748
480
0
598
202
0
495
576
617
580
479
335
183
0
511
643
0
401
763
0
328
268
314
788
533
316
849
0
0
834
870
214
962
505
534
366
351
0
697
829
373
300
833
388
434
0
0
253
382
768
519
440
458
42
186
690
0
748
751
408
312
0
526
119
962
511
0
0
394
688
589
833
44
0
904
656
0
0
494
365
0
0
893
799
401
485
887
928
0
269
0
11
219
474
774
231
406
784
0
0
458
599
649
0
53
0
836
922
0
0
388
423
0
0
571
0
851
0
546
315
119
703
841
667
457
212
613
574
0
772
0
382
292
899
214
534
0
697
0
688
567
765
0
643
301
0
528
418
366
312
0
180
0
286
442
370
833
0
541
0
0
826
0
572
374
0
749
738
516
765
427
377
849
544
374
370
366
814
339
213
753
833
769
604
0
743
905
485
690
591
0
738
42
0
981
459
446
519
598
335
0
704
487
528
401
343
996
0
821
407
543
648
753
0
142
619
262
0
773
316
0
799
177
0
457
321
388
619
0
0
0
0
0
775
364
300
0
829
688
0
728
187
912
663
219
0
576
499
0
733
425
0
462
428
421
417
720
0
651
147
0
316
699
0
664
666
896
56
516
666
388
517
987
494
112
0
115
519
388
272
821
507
169
0
739
336
545
428
501
316
898
930
56
798
544
633
65
394
775
0
0
659
509
0
0
751
0
502
293
0
673
219
691
773
327
268
749
791
0
465
0
765
0
345
143
479
276
0
541
890
511
169
620
542
474
511
0
373
567
728
0
841
219
556
844
353
344
501
693
0
197
0
551
834
397
0
0
960
543
0
455
98
622
174
721
507
0
268
0
0
0
545
458
849
0
0
982
517
737
0
0
528
0
0
728
251
694
673
547
784
235
601
0
494
0
0
724
0
472
0
0
890
0
724
0
0
193
952
0
0
754
219
396
815
0
0
711
608
664
453
0
618
0
0
598
0
0
438
981
0
0
0
704
0
528
608
664
300
765
187
841
0
418
554
0
869
275
0
625
401
752
416
388
0
0
706
849
508
738
0
429
682
845
471
842
752
339
0
898
849
755
0
707
723
0
0
505
345
663
353
795
0
549
575
0
710
38
275
535
571
191
0
788
704
509
638
496
365
772
551
0
815
0
0
0
891
0
0
495
423
981
859
0
772
428
0
661
962
881
446
0
672
0
0
612
905
992
0
500
924
613
0
186
0
370
296
351
833
0
912
219
418
0
0
0
0
511
0
754
799
673
0
565
501
838
0
574
411
516
31
474
710
0
788
0
480
0
379
516
0
816
381
592
795
743
513
0
0
526
0
579
477
0
0
0
766
826
0
502
0
327
856
0
856
845
829
778
875
0
763
0
511
302
0
474
0
661
651
0
834
601
576
982
0
370
421
922
689
453
351
468
0
83
0
286
691
544
815
704
404
652
249
0
490
377
814
704
388
643
663
556
554
0
0
0
773
604
617
0
272
567
866
738
404
711
117
591
309
0
348
537
0
311
0
754
0
765
554
0
399
507
165
391
282
53
317
0
433
0
399
0
0
687
0
783
577
529
495
528
0
873
531
193
457
0
0
679
392
186
330
411
0
142
0
628
0
690
752
547
392
557
0
487
638
687
517
833
575
674
820
0
0
721
0
814
193
0
0
708
0
0
640
0
556
0
513
425
434
301
219
844
0
0
0
0
0
976
0
0
891
898
951
11
762
500
288
0
0
337
0
496
0
814
155
791
0
838
333
704
551
0
728
890
251
0
738
579
0
573
628
0
0
234
915
0
742
814
310
962
877
547
753
960
746
338
0
427
143
0
537
307
0
302
428
374
0
976
442
379
612
646
0
462
507
507
951
0
514
868
168
288
197
674
0
0
214
425
564
786
0
272
465
440
0
721
301
786
0
0
0
353
869
0
773
0
0
197
922
398
957
328
866
887
336
785
0
551
932
0
928
519
477
551
0
0
250
315
270
335
859
0
0
0
503
479
0
374
859
634
511
345
0
692
0
344
0
0
0
815
339
547
980
0
0
543
272
874
495
344
829
599
433
0
875
383
590
251
997
754
836
714
0
682
0
490
732
11
610
0
724
572
651
11
751
579
330
253
801
841
674
250
616
999
212
392
603
353
0
528
576
344
275
511
604
976
197
0
399
528
579
317
15
429
480
0
727
0
511
0
0
826
380
717
831
638
0
699
242
980
0
577
365
380
678
754
143
503
0
753
71
0
119
263
177
556
522
151
483
399
365
574
881
872
0
565
656
706
567
0
31
0
879
0
0
581
513
640
219
307
0
0
0
0
525
440
574
508
275
909
0
453
962
724
232
351
449
0
638
438
959
392
638
603
753
0
83
977
253
418
499
501
0
0
617
0
922
399
0
767
0
0
562
11
513
603
317
502
815
788
244
0
562
0
768
992
977
711
704
479
799
115
0
394
505
836
519
904
656
0
353
505
899
807
0
687
608
890
253
694
507
0
0
0
0
907
440
0
766
877
505
765
0
442
565
783
756
0
576
0
0
788
0
0
958
517
0
0
143
721
907
183
638
180
235
164
302
0
335
0
779
502
286
0
744
365
353
904
382
366
0
693
625
754
0
0
398
528
767
0
707
608
0
640
425
602
795
580
446
345
333
630
202
0
345
123
545
715
465
453
0
505
0
541
0
253
293
849
210
544
0
0
544
0
0
0
0
814
345
573
321
191
345
688
0
0
0
0
619
638
371
714
348
0
0
551
0
0
437
293
193
42
882
0
498
878
0
598
982
0
411
143
496
995
642
707
892
531
0
700
110
65
0
514
288
889
456
670
768
312
733
0
401
799
272
891
957
579
0
707
0
316
0
897
507
754
0
0
0
388
0
0
0
904
0
0
630
494
0
505
0
182
0
621
678
777
449
756
932
866
638
166
0
511
870
796
565
0
345
0
0
0
226
343
667
272
814
603
0
0
438
733
765
378
275
783
292
727
0
292
753
922
0
0
351
783
807
799
834
388
523
571
656
383
893
835
909
116
932
401
816
0
142
197
448
0
364
0
519
0
425
197
752
673
567
898
328
317
0
608
316
0
376
0
0
672
0
364
418
455
890
0
758
672
0
0
401
282
0
183
723
835
165
829
638
982
872
353
565
0
301
242
958
345
351
689
659
11
480
383
167
596
889
707
562
674
0
0
447
234
743
0
870
457
0
998
411
580
0
0
545
821
0
0
618
42
706
0
977
449
0
529
0
0
0
673
307
445
0
603
0
0
307
708
11
0
981
345
440
180
0
0
416
0
866
951
866
15
562
0
0
376
0
703
417
202
370
522
791
110
623
0
646
317
762
468
333
688
513
697
0
442
345
765
465
0
268
673
0
692
976
977
424
729
0
272
868
835
507
377
554
501
0
0
0
425
0
608
455
838
0
538
0
0
0
0
0
396
0
909
707
117
483
0
355
475
449
0
323
0
0
242
833
680
333
0
485
577
0
704
0
0
522
962
321
0
579
745
458
0
462
551
388
565
738
11
887
429
11
640
897
0
703
0
0
545
738
728
632
511
692
771
0
278
680
749
802
513
541
351
833
713
932
0
714
0
458
406
501
458
379
278
0
727
554
557
0
183
0
0
0
836
897
511
311
646
0
434
339
202
0
301
576
0
0
0
984
338
0
98
835
915
575
733
494
458
613
0
507
795
434
814
781
690
281
486
714
152
0
219
664
0
874
0
672
0
139
874
42
286
428
834
0
501
404
762
336
480
513
425
507
0
417
0
0
849
619
364
322
841
799
0
590
0
428
151
653
0
737
0
0
556
905
844
574
0
0
604
614
0
995
474
914
428
143
0
376
700
220
142
503
777
151
475
0
511
0
0
0
0
829
772
700
0
433
610
0
0
694
172
458
743
699
556
628
455
0
0
0
396
699
728
0
802
766
396
904
184
139
729
798
468
556
638
0
443
733
667
186
442
421
397
0
838
711
500
785
0
603
602
754
672
202
545
849
0
197
480
301
708
932
591
656
180
0
576
609
0
784
0
0
664
449
828
905
551
392
0
479
857
455
888
0
0
0
484
112
407
0
11
643
0
0
919
844
516
288
771
151
490
463
890
304
0
388
719
596
0
396
0
580
316
828
0
949
821
554
0
501
651
925
577
0
829
465
385
580
0
517
748
834
551
821
910
65
952
474
286
690
370
417
0
706
0
117
288
0
727
317
795
0
0
370
738
619
197
0
528
682
638
870
317
535
756
0
0
898
661
0
702
500
906
168
0
753
571
365
576
0
0
720
278
556
507
0
932
147
0
513
523
248
440
165
528
0
853
557
366
473
166
143
529
628
859
784
465
344
0
824
0
272
697
0
656
697
628
866
425
706
38
0
418
0
833
329
370
962
293
842
738
673
0
495
576
0
115
788
0
0
833
720
0
849
574
591
0
551
0
502
580
0
364
522
728
364
480
528
0
0
428
849
458
705
38
772
643
688
0
212
346
300
0
870
879
222
253
538
417
914
0
182
930
0
0
739
832
981
501
0
835
0
0
286
328
901
522
687
465
505
791
0
253
851
872
416
560
977
370
0
0
651
925
474
980
643
872
0
370
377
883
0
541
982
0
401
248
596
545
619
836
807
0
714
0
820
0
814
287
748
0
0
960
508
411
309
0
932
511
815
446
0
418
791
632
322
301
682
0
0
186
702
0
906
344
932
657
0
0
771
0
0
165
653
851
574
0
345
503
619
411
995
335
511
0
745
833
672
299
0
646
765
83
598
0
302
396
321
0
656
0
379
934
753
579
619
56
346
652
428
0
0
316
379
345
687
844
0
544
0
490
300
421
465
339
866
388
496
0
549
744
0
213
508
549
756
834
720
672
751
541
651
543
738
516
0
337
0
0
788
345
388
455
110
511
841
708
638
428
186
0
579
0
897
110
523
343
0
490
408
736
746
0
0
0
458
628
321
0
801
270
190
0
874
374
366
652
177
692
788
485
0
184
528
690
597
742
726
567
351
293
278
742
125
0
317
851
739
687
338
428
799
0
748
210
0
0
0
793
449
0
242
0
772
845
0
791
829
286
42
533
653
0
466
42
826
0
501
632
408
0
147
0
0
31
348
0
928
0
244
333
0
890
623
692
799
932
870
849
702
579
0
0
988
465
333
480
272
702
525
242
549
652
821
659
544
663
630
0
772
708
30
193
371
688
125
327
992
11
0
0
0
494
370
528
190
458
428
0
528
796
0
396
0
333
0
878
703
197
0
0
242
997
286
0
0
579
0
383
0
0
468
814
165
580
710
612
287
190
249
508
370
821
44
879
333
0
517
638
312
0
0
455
429
474
537
496
519
826
0
630
0
0
0
771
0
591
317
458
0
0
0
0
0
661
31
613
182
814
316
922
905
0
833
748
609
767
0
997
474
820
344
0
772
0
0
0
392
838
571
707
564
0
270
0
977
0
0
526
835
293
976
379
528
977
327
166
0
788
0
922
178
625
498
753
623
654
0
791
841
251
183
433
513
309
0
765
859
541
648
196
0
803
31
829
458
756
0
276
0
826
316
98
682
710
0
0
477
380
562
202
0
758
646
0
590
656
535
705
906
897
988
0
0
845
579
977
0
879
0
0
0
932
383
0
713
630
42
388
580
364
815
0
673
0
278
301
833
0
383
579
0
793
601
0
0
768
719
0
762
147
706
603
0
219
706
763
0
351
380
543
0
998
462
748
116
0
807
922
738
448
507
0
697
251
910
65
0
766
463
0
829
0
638
853
147
299
868
449
526
0
699
622
845
0
311
814
551
717
0
0
904
672
317
278
0
180
756
38
344
110
465
661
845
0
253
710
824
0
580
923
754
300
216
429
700
401
912
0
0
511
370
117
0
907
707
690
336
833
475
579
734
0
663
355
0
592
781
754
721
0
17
485
344
814
479
788
781
613
335
849
0
0
700
609
836
580
351
708
726
623
442
609
692
0
396
762
0
588
922
484
0
0
418
465
411
579
849
196
119
572
0
174
471
788
0
155
0
831
768
345
0
0
762
680
428
0
0
772
932
523
333
31
579
253
0
0
112
707
323
673
0
157
710
333
0
632
608
0
891
552
529
596
0
139
744
572
0
609
711
748
751
446
891
795
904
995
842
72
681
399
844
609
356
197
766
765
401
735
392
457
0
0
0
536
0
549
0
572
0
428
0
556
226
755
0
168
116
501
282
630
272
923
311
0
680
0
947
0
962
374
664
721
842
0
754
791
0
638
992
123
0
0
468
749
151
576
0
643
657
343
480
613
977
710
0
0
528
291
0
738
0
386
699
505
687
687
0
190
0
874
587
516
335
507
339
339
0
881
844
0
268
495
110
501
752
401
365
605
657
333
824
835
500
379
377
98
997
433
739
353
348
0
338
949
167
909
0
71
449
382
667
598
528
296
0
622
125
848
634
643
56
0
365
851
672
754
0
0
511
0
666
507
752
480
0
0
250
0
977
545
630
401
333
802
653
609
898
688
0
0
272
182
0
824
112
528
0
322
0
0
930
0
401
0
275
485
0
706
621
542
440
242
0
0
0
748
576
278
666
546
803
351
557
513
365
0
821
317
0
0
648
437
523
701
656
169
962
0
513
623
649
253
0
694
774
196
721
447
874
0
998
495
0
679
699
494
322
883
522
463
487
301
785
381
873
571
581
0
0
749
896
0
339
0
765
838
315
699
711
715
494
282
688
513
0
0
661
0
0
490
702
814
879
0
707
291
322
0
351
0
708
601
556
180
0
715
0
0
873
0
0
0
453
0
0
407
0
799
0
828
628
83
896
0
617
732
448
253
573
501
254
0
0
196
734
482
0
0
833
977
462
511
576
399
301
281
0
838
501
0
998
579
513
423
0
0
0
932
0
495
0
505
346
0
802
853
0
654
0
738
56
268
0
379
554
333
270
242
704
465
0
0
513
541
737
784
0
212
771
408
525
316
0
580
323
0
0
351
0
142
878
11
857
622
577
513
0
0
648
0
448
475
507
507
651
0
904
0
0
737
264
0
596
0
934
496
814
704
528
505
0
0
596
737
695
0
0
763
498
0
562
517
0
0
456
912
821
0
366
0
456
872
579
0
494
888
251
0
874
826
0
311
159
330
872
646
406
343
394
516
516
0
898
516
0
704
335
980
479
453
505
183
697
351
0
0
702
346
0
736
242
922
0
923
673
738
0
0
142
0
922
0
397
756
437
802
0
0
693
713
704
866
0
447
547
288
833
494
571
0
0
507
729
0
0
472
0
0
690
519
0
0
568
729
0
0
528
222
0
785
0
715
0
152
329
0
601
178
212
705
490
11
301
0
0
291
912
528
545
0
0
814
805
315
309
232
534
332
688
765
666
0
849
0
399
551
859
0
799
0
0
723
0
833
0
0
500
300
0
746
549
905
0
754
0
0
930
708
878
922
0
799
769
418
424
833
623
113
748
445
702
707
373
511
0
335
786
591
193
380
151
525
598
481
788
0
0
0
438
286
276
799
254
513
0
0
723
785
0
445
0
0
0
994
254
679
475
0
795
269
0
253
922
0
437
234
434
272
930
25
401
736
466
399
269
311
0
769
589
427
388
0
755
816
507
0
0
577
115
505
182
835
442
713
556
664
906
0
165
0
652
0
932
300
157
386
0
601
11
0
799
0
417
479
53
706
0
448
0
490
401
370
783
335
513
338
748
309
633
83
406
0
932
554
756
11
576
785
0
17
0
645
0
0
0
351
321
465
0
928
433
0
0
0
551
0
226
833
638
829
924
0
0
292
472
379
0
196
996
597
995
513
513
820
116
0
383
591
833
377
517
545
0
381
165
728
0
365
0
0
0
165
345
932
905
449
168
870
653
0
821
833
383
216
710
699
401
556
857
397
769
417
0
487
0
270
638
459
286
523
856
388
480
381
579
0
373
0
501
388
0
0
0
292
364
365
576
0
565
345
0
365
844
187
679
0
0
793
472
898
0
666
755
834
351
0
508
618
580
0
537
0
0
882
664
345
333
0
883
721
253
474
0
841
535
656
502
345
44
849
987
458
707
592
391
890
0
380
394
541
621
829
765
0
844
828
0
879
851
0
659
748
0
429
333
505
0
180
622
756
418
479
487
0
643
732
143
219
0
802
383
311
568
301
721
0
653
682
923
557
0
568
0
0
501
721
0
404
0
0
0
950
169
567
116
399
83
11
907
231
465
801
783
501
159
0
919
707
890
947
785
0
0
527
666
143
762
0
785
0
169
0
0
531
726
537
692
733
0
544
494
849
723
795
282
251
503
678
505
0
678
638
465
714
574
905
753
222
574
458
544
609
713
700
0
687
275
0
577
437
424
53
0
643
0
728
537
220
0
0
0
275
596
314
0
796
0
664
0
602
345
453
335
511
388
785
0
147
715
853
307
977
653
0
488
513
485
471
738
545
995
0
0
0
0
425
714
672
139
536
343
0
0
314
779
0
878
321
445
822
613
0
0
988
791
666
890
673
904
374
112
0
0
743
53
0
479
754
836
253
777
982
0
0
0
551
571
253
0
628
663
767
630
401
632
687
485
715
513
802
833
706
270
732
728
0
0
715
542
907
702
0
784
887
537
836
0
598
659
335
519
749
522
743
0
0
589
567
0
0
657
249
327
213
0
310
193
0
513
0
0
803
0
0
801
0
726
167
721
661
892
0
0
0
292
0
544
786
526
0
907
755
0
251
0
140
0
0
656
370
0
0
0
513
317
738
0
143
519
293
449
872
268
458
0
392
365
538
345
321
630
0
42
912
608
0
0
0
0
0
623
0
638
143
537
0
0
898
556
0
376
0
0
465
980
616
0
0
241
448
0
698
651
397
437
263
980
512
0
688
690
799
614
591
0
628
928
383
0
392
0
664
556
707
779
456
34
503
791
554
651
925
897
636
430
309
139
475
799
330
458
407
503
490
617
622
832
196
0
366
115
982
505
0
0
579
374
503
904
849
756
353
673
406
604
0
576
417
503
0
0
997
388
0
0
190
706
0
0
0
113
448
459
219
220
715
898
0
270
601
505
725
0
529
316
0
234
396
407
700
523
270
997
845
0
706
957
992
242
0
904
997
638
0
774
286
984
0
140
769
949
868
496
0
299
428
330
0
571
996
769
528
242
178
613
0
551
30
0
483
0
382
513
777
174
835
468
618
0
814
519
517
345
0
433
0
859
0
656
210
932
565
0
501
614
479
0
914
619
801
772
474
580
0
891
0
621
873
648
693
748
0
286
0
0
542
556
270
0
345
0
449
0
0
123
377
0
505
848
682
0
0
370
220
613
166
536
573
733
519
0
890
366
588
508
0
487
0
0
829
841
152
517
574
537
401
315
977
379
143
544
0
254
396
813
65
528
359
0
449
919
958
904
0
0
0
0
848
494
339
388
737
663
526
0
573
634
753
0
544
866
0
692
458
0
857
0
0
411
270
708
820
364
511
552
874
542
0
0
713
445
490
523
802
0
907
0
601
345
0
541
423
500
249
638
909
366
196
323
838
503
0
838
0
868
517
377
687
224
184
758
512
878
814
755
781
849
0
112
501
745
791
651
538
516
270
0
883
388
826
196
835
0
998
213
857
0
616
511
526
348
572
0
743
399
0
0
386
365
213
272
0
353
0
399
628
511
71
353
0
638
301
976
379
995
455
720
182
995
190
30
344
815
370
529
587
440
0
448
704
702
401
856
383
0
702
376
505
0
541
0
697
613
766
248
459
0
576
773
835
821
172
423
609
603
427
445
883
0
316
678
772
44
321
692
337
483
465
0
529
603
411
0
447
288
0
190
219
0
234
0
891
385
496
907
212
0
728
0
842
287
281
174
423
0
866
717
777
0
753
821
0
795
579
0
0
345
0
505
0
166
242
977
278
474
888
278
930
335
0
193
0
0
117
596
516
242
0
475
866
707
370
388
311
275
0
0
725
449
423
697
0
691
816
282
596
604
838
0
910
766
507
878
0
0
872
418
0
799
928
699
0
853
196
0
726
519
0
339
139
834
834
592
0
0
744
374
473
546
710
697
0
0
348
901
947
0
502
715
0
778
0
710
0
0
311
213
365
0
833
507
528
0
477
0
0
0
119
899
544
0
958
424
0
914
0
556
0
511
874
371
772
673
0
0
335
0
453
507
0
373
783
480
568
596
784
0
0
0
500
613
691
0
748
879
0
0
0
343
219
701
202
694
177
0
0
0
765
42
190
0
829
749
425
783
0
704
772
253
508
733
745
798
788
0
214
0
884
0
909
0
576
605
746
638
710
934
535
0
379
0
0
0
376
707
702
466
345
893
769
169
0
549
0
687
234
692
263
807
0
511
345
729
727
428
0
507
0
0
374
688
0
0
907
139
507
0
0
507
447
511
335
381
301
314
887
465
529
0
249
766
816
748
0
0
652
513
881
494
0
0
904
795
105
528
756
543
338
11
396
0
253
501
505
0
394
253
0
0
0
568
892
321
733
997
276
954
396
580
401
157
791
690
321
167
0
516
293
738
500
688
661
0
567
739
0
0
330
799
604
0
0
575
0
0
915
0
177
0
0
870
351
0
554
143
0
0
739
745
366
125
0
278
707
744
339
0
0
651
547
0
513
579
721
0
537
980
316
123
638
248
282
879
0
0
640
498
905
868
599
980
814
0
0
376
690
488
423
34
396
212
788
0
793
981
0
661
630
0
638
775
0
0
152
0
442
642
0
0
0
0
0
157
438
838
248
96
844
614
411
0
0
437
605
0
376
241
0
401
0
739
728
0
0
783
0
344
556
687
0
796
689
272
557
0
484
932
832
833
652
327
0
301
690
572
339
748
407
0
288
335
338
0
0
796
836
616
0
377
909
459
596
0
652
640
0
56
591
249
438
386
513
554
343
0
0
807
672
768
704
690
680
299
841
351
485
386
666
25
155
0
657
0
579
503
249
159
262
842
399
411
666
889
442
0
727
851
866
749
0
0
878
704
753
609
496
958
222
485
743
336
251
710
766
577
742
0
522
608
0
565
659
868
0
376
112
147
981
672
177
992
392
833
336
0
0
576
0
904
833
786
748
373
653
0
0
0
234
0
366
0
604
0
513
498
56
0
0
746
962
853
845
905
123
0
490
748
421
241
353
748
38
597
83
0
165
857
219
0
653
799
727
0
0
490
517
353
0
291
190
322
401
0
0
143
656
34
954
664
495
332
0
805
653
224
488
462
914
887
905
545
694
38
826
529
814
0
151
890
814
0
11
835
183
700
407
0
501
299
692
11
838
0
833
609
881
278
799
0
494
591
309
0
682
664
598
0
396
505
196
576
838
0
881
905
591
0
0
299
543
0
379
996
904
666
0
0
483
922
702
366
0
183
836
638
0
580
0
0
838
474
601
0
0
0
748
72
0
866
838
0
758
621
338
710
807
222
253
571
26
316
625
620
235
0
733
275
516
928
485
428
673
275
0
495
310
0
483
253
345
345
480
507
0
220
0
513
0
0
788
0
571
383
475
711
844
666
0
0
571
193
633
501
923
0
659
241
407
848
323
773
0
343
494
868
249
746
299
0
0
589
674
0
0
441
738
744
737
738
824
706
821
0
0
31
505
715
0
0
788
351
268
386
0
888
699
849
168
448
0
465
623
0
576
401
997
379
445
890
311
264
421
574
833
485
0
155
0
0
690
501
547
535
502
528
962
815
399
694
573
0
383
377
0
142
11
523
835
646
485
0
707
579
579
748
0
546
828
737
0
380
83
388
557
602
335
448
700
682
838
835
910
219
0
599
438
962
543
0
0
706
0
0
848
388
465
168
224
366
648
856
359
517
617
264
473
494
703
0
147
0
511
429
962
0
123
356
0
0
749
0
758
743
253
659
877
0
857
609
727
484
0
0
543
0
193
672
690
269
591
316
784
571
0
0
877
339
365
507
321
0
167
554
0
503
643
248
0
765
0
0
564
0
734
751
268
803
628
264
0
151
406
0
0
345
519
0
523
0
503
821
766
701
0
980
386
853
0
589
706
0
554
646
753
0
744
870
656
321
242
746
31
0
538
574
490
421
702
602
0
707
364
373
399
0
589
541
311
364
0
884
752
83
632
151
447
305
456
0
707
168
0
699
705
268
0
485
653
0
0
898
235
191
327
873
547
547
574
0
191
0
596
501
836
777
0
440
0
83
184
494
0
793
0
446
495
351
83
0
507
525
0
0
568
453
749
698
270
0
0
172
507
202
904
814
513
845
379
674
0
554
0
775
538
65
0
348
657
508
557
821
688
0
580
704
702
502
0
0
370
0
604
348
0
0
0
0
555
598
663
0
513
139
0
0
608
691
0
519
151
682
0
110
437
0
416
743
0
11
738
930
601
0
856
531
753
980
881
0
345
226
889
0
897
151
0
165
286
598
528
370
270
601
663
891
110
557
896
596
729
598
932
0
0
335
522
651
997
370
838
423
878
694
795
0
554
905
996
0
0
646
775
0
0
490
0
357
404
241
791
0
448
779
617
0
868
151
507
707
427
576
0
0
345
640
0
859
632
551
312
814
576
487
872
733
551
0
544
632
386
982
0
608
479
962
603
509
0
219
42
56
0
788
0
193
960
0
872
0
688
343
707
0
511
475
919
528
328
0
690
528
0
0
355
795
501
513
0
0
0
481
554
292
0
511
743
397
845
220
0
609
0
177
105
0
343
123
904
0
848
753
538
0
0
581
305
479
401
379
754
693
723
602
687
0
644
408
0
544
0
801
733
268
0
725
549
337
486
382
0
418
0
522
508
748
888
907
210
0
0
633
703
960
385
528
174
166
0
474
0
798
494
704
856
457
746
0
0
0
0
667
562
0
311
0
844
0
901
302
597
190
977
0
0
904
752
365
617
934
0
788
756
364
501
388
0
437
0
613
868
603
0
0
528
376
0
0
666
441
388
0
65
490
581
0
642
0
0
980
249
829
0
962
893
976
829
0
0
0
0
0
83
693
997
962
480
0
0
738
628
321
219
690
0
529
517
401
424
527
385
288
307
546
0
694
487
0
646
774
981
544
0
509
845
0
338
543
565
907
0
272
674
425
646
511
516
853
522
396
742
458
0
768
592
995
401
0
732
496
472
0
11
365
721
785
0
263
706
166
517
427
872
0
756
690
0
490
0
738
465
744
0
0
305
642
0
459
673
212
0
889
519
0
693
569
699
519
822
182
0
694
988
0
733
0
0
0
385
0
633
984
591
0
0
512
0
511
251
357
661
529
440
695
440
0
0
853
507
231
459
633
0
638
829
0
0
272
656
440
0
814
0
0
0
0
288
557
687
321
726
428
0
719
781
842
365
821
448
814
0
0
576
576
0
0
589
980
957
536
377
445
418
0
543
488
807
748
0
744
168
870
348
357
479
0
459
0
0
958
463
623
711
898
509
0
906
822
909
0
26
910
630
755
803
0
699
952
688
465
0
219
579
388
458
0
182
0
826
433
884
428
0
440
155
0
0
581
882
406
446
65
724
496
778
679
427
874
706
0
0
603
0
608
434
0
771
366
465
0
567
0
526
0
754
72
605
317
253
704
0
0
785
0
404
147
567
512
992
573
687
883
0
765
338
423
672
421
483
737
224
656
657
404
401
0
673
0
0
0
610
0
706
569
708
0
0
772
485
527
755
0
0
513
666
535
0
897
866
379
147
571
829
0
513
814
301
749
0
821
538
470
0
596
910
0
0
0
704
784
519
394
0
365
875
392
143
495
567
766
619
0
447
455
339
0
151
473
505
656
351
528
835
762
721
681
657
0
573
528
690
438
0
565
0
715
0
0
242
733
224
0
799
42
11
34
768
241
922
738
366
321
508
241
379
980
212
958
0
0
528
630
0
430
643
345
380
878
388
836
645
0
732
0
344
788
634
549
889
649
379
11
574
253
344
783
140
411
587
752
399
0
798
755
672
649
976
268
490
0
598
775
472
772
0
186
0
344
0
877
638
0
234
838
202
0
490
166
791
0
293
796
293
147
0
399
333
0
501
505
519
286
17
345
0
853
0
688
0
519
184
316
928
190
396
396
704
353
702
824
648
242
557
791
754
249
0
463
610
528
0
250
820
528
753
0
853
535
0
907
0
155
112
378
753
361
744
339
15
0
0
549
446
0
687
0
609
311
841
0
345
516
874
248
0
0
338
829
893
0
335
0
0
551
763
330
537
829
31
505
371
438
743
0
0
829
463
143
0
379
278
0
976
706
17
844
824
648
254
0
0
276
0
0
0
307
657
690
904
0
758
678
699
0
0
212
690
748
366
706
856
746
821
0
693
829
889
623
0
630
250
0
502
769
617
0
571
0
656
674
576
934
826
814
269
531
0
707
674
502
0
556
841
193
814
833
388
270
449
222
0
714
0
456
512
612
0
346
748
458
0
0
0
0
0
411
307
599
0
765
714
733
0
538
301
772
890
529
253
934
742
396
379
603
485
609
835
437
0
0
0
799
645
365
950
977
249
799
997
890
512
772
0
829
253
788
680
38
0
821
359
31
688
448
723
0
519
711
706
0
820
502
0
483
0
737
282
576
0
919
523
268
690
278
251
657
332
0
337
982
0
702
0
580
458
244
438
0
704
428
598
496
278
370
564
603
338
890
480
599
704
659
890
815
511
0
0
433
879
0
348
765
870
0
576
700
304
628
851
753
125
0
528
0
344
356
500
523
0
596
568
254
0
844
169
653
327
614
638
366
878
44
853
749
501
0
299
597
183
0
517
0
0
779
602
962
0
898
569
430
528
769
483
0
0
914
829
311
546
0
423
433
836
0
0
219
327
0
0
310
0
268
859
734
999
0
191
755
788
617
766
528
714
113
882
231
630
0
0
649
487
509
0
0
302
142
302
0
0
442
0
378
457
0
0
0
0
859
872
579
0
333
977
219
814
197
379
701
196
737
729
513
0
187
567
0
213
591
0
588
814
321
196
425
505
793
841
83
836
0
617
538
580
617
687
893
693
509
708
643
753
617
0
0
0
919
628
951
0
571
0
193
601
418
0
0
0
0
317
754
0
638
507
541
503
370
755
724
42
272
168
0
580
625
15
479
0
116
598
0
528
0
724
0
0
0
428
875
0
565
0
275
0
0
0
433
388
784
416
619
317
0
327
706
479
766
377
656
734
695
0
0
0
679
116
488
0
0
774
508
755
692
0
783
0
981
351
0
638
31
264
574
704
0
0
976
569
0
0
345
0
0
737
914
919
0
678
0
0
490
288
0
401
459
0
0
576
608
0
552
907
987
620
654
0
0
579
0
630
0
768
545
0
500
0
830
344
391
202
53
401
0
0
0
474
628
374
383
581
783
551
783
998
0
0
610
719
465
560
56
851
878
166
763
788
765
98
169
482
0
0
0
351
0
399
513
310
628
286
0
781
337
726
0
394
0
485
165
0
505
473
490
702
868
644
829
699
906
0
380
853
571
282
829
628
678
0
