0
976
724
455
21
228
179
215
677
857
709
93
398
772
11
388
210
240
56
550
290
162
779
908
890
397
566
497
3
594
350
6
332
635
925
306
179
586
704
18
492
136
698
243
454
267
555
570
868
804
270
955
7
493
235
72
453
427
998
390
790
355
903
196
965
716
701
667
607
613
379
876
510
416
589
4
228
207
769
900
228
73
702
652
399
989
526
541
541
863
405
613
550
739
639
811
796
169
756
538
976
0
725
7
999
589
371
997
445
530
929
666
586
89
125
142
472
269
743
122
527
139
275
649
541
778
652
138
454
101
208
176
689
837
178
439
939
883
603
624
491
874
391
329
362
108
936
255
173
920
308
207
147
859
316
548
526
714
50
48
645
749
803
703
288
704
69
891
798
304
395
17
921
716
837
244
430
391
227
30
512
89
721
216
812
669
809
817
292
866
483
419
167
700
476
383
395
434
806
608
724
725
0
640
922
950
217
124
519
849
705
953
474
895
49
476
273
549
67
203
948
267
795
955
296
627
742
97
630
45
819
799
869
0
837
161
236
32
286
101
96
358
783
804
48
429
808
794
671
466
75
977
654
884
242
734
865
923
995
706
665
310
1
92
589
661
439
83
529
794
741
989
764
872
236
759
598
986
165
106
127
964
460
326
1
325
103
391
958
302
185
629
945
251
647
641
526
335
457
770
455
7
640
0
431
571
558
609
837
266
106
507
285
78
162
641
451
187
469
820
291
432
594
45
206
911
893
897
438
377
518
351
576
109
299
190
983
199
789
294
835
35
839
553
745
848
624
958
418
283
252
662
437
797
34
777
611
852
551
369
231
804
441
157
711
141
371
267
508
785
232
772
419
830
574
825
542
888
496
233
868
715
221
762
152
490
55
359
656
625
817
33
575
815
13
988
469
735
328
129
21
999
922
431
0
410
546
824
848
474
768
11
553
45
819
383
754
109
515
358
649
458
97
831
105
810
11
501
317
712
330
264
779
765
768
852
8
821
405
179
501
25
365
57
427
382
607
371
433
756
248
123
52
238
651
135
585
842
960
341
762
862
259
3
667
474
488
546
127
297
623
615
137
104
613
169
763
991
190
891
872
834
240
874
143
541
680
584
964
67
304
671
115
725
607
765
302
613
548
28
228
589
950
571
410
0
112
854
0
498
654
939
697
763
779
599
627
309
846
968
725
444
24
649
248
856
42
397
845
699
180
289
851
841
199
176
176
325
375
806
751
270
230
897
196
271
647
659
583
349
345
143
516
466
450
255
439
827
17
106
567
382
779
26
347
29
872
83
168
358
597
439
894
578
804
30
612
980
505
483
61
36
179
378
780
563
320
142
0
922
875
5
492
123
957
627
125
288
778
91
179
371
217
558
546
112
0
156
458
910
104
697
875
503
634
545
161
109
996
963
856
424
930
456
69
837
815
360
286
362
574
655
670
743
682
214
208
153
876
242
137
358
145
312
231
587
515
668
376
306
124
24
109
313
543
618
507
756
787
103
883
362
737
540
579
52
315
905
539
594
578
675
184
931
743
170
90
765
55
847
76
897
629
644
674
746
792
387
15
451
951
868
281
552
574
741
679
782
375
794
215
997
124
609
824
854
156
0
739
767
370
399
122
514
32
172
0
446
988
556
174
777
229
888
120
313
457
237
856
648
602
289
982
207
417
873
785
115
698
945
377
996
269
628
732
915
396
19
122
34
269
310
85
975
835
847
700
869
870
553
847
96
0
561
369
826
668
65
842
406
0
969
897
695
978
995
612
519
125
807
249
490
681
588
593
342
603
361
15
875
399
327
410
622
540
744
993
774
998
769
677
445
519
837
848
0
458
739
0
620
26
739
479
3
311
705
376
827
537
628
438
343
576
232
449
301
633
950
934
310
699
334
66
365
21
706
839
479
577
334
553
80
54
875
970
171
491
747
309
545
701
321
241
437
773
1
61
597
45
794
490
525
445
363
857
146
576
655
450
300
52
279
267
666
927
442
540
772
66
26
747
792
212
822
542
991
761
333
609
103
427
862
102
770
233
14
604
58
731
494
857
530
849
266
474
498
910
767
620
0
720
518
71
955
502
648
116
607
943
906
414
664
286
874
298
706
981
893
614
121
568
816
213
23
350
857
738
355
987
106
711
489
962
586
58
115
439
212
299
846
460
695
406
876
702
260
260
834
725
498
457
562
928
0
338
373
206
724
913
42
986
590
277
867
641
247
21
36
339
161
467
7
144
641
627
211
796
643
508
877
553
191
589
710
142
288
178
924
340
298
709
929
705
106
768
654
104
370
26
720
0
434
642
245
425
728
990
499
261
871
20
107
223
257
301
934
421
135
890
856
391
338
207
325
334
552
629
389
856
215
674
863
21
443
930
828
201
116
506
360
150
35
967
184
717
778
817
115
435
374
703
439
0
328
921
3
18
524
129
749
234
390
869
879
479
951
893
141
323
490
168
675
931
59
232
307
990
167
650
182
282
926
975
412
873
512
899
845
82
550
93
666
953
507
11
939
697
399
739
518
434
0
822
160
171
971
253
391
892
465
335
895
902
483
127
91
813
765
736
654
439
758
473
712
445
353
673
500
442
251
593
878
972
687
121
326
428
125
89
88
920
724
330
375
332
828
5
384
986
812
509
280
698
120
847
588
73
928
386
368
232
857
448
590
246
705
472
327
246
932
684
94
766
270
571
966
676
559
980
930
721
959
523
523
712
245
822
80
720
294
398
586
474
285
553
697
875
122
479
71
642
822
0
216
221
142
30
295
617
676
449
29
869
871
736
613
632
47
873
512
0
193
540
434
287
543
39
82
205
142
200
114
85
316
350
645
807
938
493
424
981
279
509
468
853
382
19
192
586
140
375
662
198
899
605
831
375
333
79
330
216
728
919
636
181
70
574
238
485
98
833
806
248
758
337
921
541
62
809
574
848
78
880
221
420
900
782
857
717
587
772
89
895
78
45
763
503
514
3
955
245
160
216
0
783
401
907
551
518
965
804
422
811
475
889
419
679
455
192
484
212
713
450
217
661
708
332
791
460
567
129
467
419
240
296
473
223
745
623
772
501
802
187
409
631
87
179
233
434
331
101
615
977
420
608
496
469
852
434
846
534
753
193
51
852
641
527
623
718
702
685
60
255
957
82
705
256
0
228
37
634
731
720
127
707
820
442
508
109
447
11
125
49
162
819
779
634
32
311
502
425
171
221
783
0
586
35
204
128
363
682
306
355
715
998
547
299
874
748
292
426
714
622
332
492
694
314
606
778
73
0
941
711
927
687
36
118
22
374
262
518
855
640
373
315
135
841
75
121
524
996
147
436
915
250
672
379
322
173
269
734
276
711
326
577
438
114
387
923
892
861
417
696
183
446
308
42
591
95
585
585
509
951
499
490
381
140
880
231
530
388
142
476
641
383
599
545
172
705
648
728
971
142
401
586
0
810
864
36
174
9
341
998
681
154
678
210
461
951
39
738
604
185
539
60
473
21
610
802
838
868
737
197
710
235
470
994
41
711
679
213
931
519
435
453
908
266
43
659
617
51
874
419
764
134
387
212
995
85
100
183
454
926
957
198
675
75
740
306
162
102
400
0
325
383
276
472
876
685
362
780
234
989
164
155
571
936
157
346
845
210
472
273
451
754
627
161
0
376
116
990
253
30
907
35
810
0
743
108
395
189
506
757
282
555
649
750
437
964
994
696
504
800
99
975
146
222
215
259
403
159
976
236
481
984
871
371
916
280
569
287
187
946
534
546
244
272
985
32
237
977
613
453
471
575
387
792
70
102
491
840
518
720
523
553
255
751
909
0
589
972
185
208
0
822
0
995
644
280
337
88
834
143
241
768
202
291
21
693
371
240
269
549
187
109
309
109
446
827
607
499
391
295
551
204
864
743
0
590
301
986
28
848
994
512
222
31
172
918
0
916
921
724
551
581
222
869
888
401
446
38
827
257
414
168
575
592
82
113
850
561
165
409
251
158
31
706
245
497
720
423
985
126
114
744
407
785
902
684
124
34
269
508
942
241
568
680
464
345
185
834
885
166
830
0
792
982
707
232
422
893
865
707
174
940
75
717
236
465
695
56
743
67
469
515
846
996
988
537
943
261
892
617
518
128
36
108
590
0
148
216
261
263
110
530
995
504
462
69
891
298
294
799
980
296
137
647
601
682
454
672
84
183
956
732
909
76
716
52
775
878
397
562
121
257
681
670
0
0
53
903
932
0
0
9
130
446
649
191
87
486
588
998
671
833
427
913
330
540
282
497
34
293
332
107
282
396
309
919
547
401
699
704
60
882
441
997
189
150
743
550
122
203
820
358
968
963
556
628
906
871
465
676
965
363
174
395
301
148
0
111
0
479
778
947
751
447
594
267
400
687
947
388
60
669
745
234
318
202
154
234
171
758
861
44
383
186
672
132
661
327
961
542
551
9
504
786
931
165
647
770
446
885
823
947
684
458
0
488
40
144
214
160
80
248
892
869
669
186
256
838
11
504
62
534
875
668
855
718
619
779
638
907
405
524
759
405
37
603
519
290
527
948
291
649
725
856
174
438
414
20
335
449
804
682
9
189
986
216
111
0
765
180
55
441
18
914
297
111
305
892
506
816
286
677
346
458
113
797
136
211
316
105
746
179
64
616
429
708
199
282
51
82
947
503
903
640
290
426
507
290
203
957
790
69
572
383
360
755
815
811
322
38
428
318
175
744
524
904
127
733
943
768
903
350
493
649
850
835
992
141
939
285
359
942
154
839
239
820
186
162
139
267
432
458
444
424
777
343
664
107
895
29
422
306
341
506
28
261
0
765
0
890
196
356
461
19
238
359
639
683
741
224
781
431
69
115
835
281
665
906
208
623
272
993
40
320
925
706
0
135
188
599
895
881
664
4
596
320
209
497
656
489
324
558
13
578
232
614
684
537
886
179
515
559
522
157
420
889
57
592
317
529
191
603
486
245
696
616
891
981
34
683
537
511
763
817
837
656
518
779
275
795
594
97
24
930
229
576
286
223
902
869
811
355
998
757
848
263
479
180
890
0
825
343
549
294
35
755
436
460
365
508
61
534
420
724
153
490
922
14
396
837
275
228
183
210
683
776
496
918
985
0
793
847
766
472
610
75
0
507
51
462
123
225
770
755
772
596
517
616
797
909
748
414
374
27
807
66
812
36
967
191
96
37
864
647
15
699
723
207
822
283
652
55
78
483
796
484
113
908
649
955
45
831
649
456
888
232
874
257
483
871
475
715
681
282
994
110
778
55
196
825
0
222
798
303
330
776
856
530
392
740
382
99
496
600
164
263
350
49
456
333
937
851
33
815
195
1
697
877
464
421
551
769
414
385
536
791
175
531
735
733
835
501
482
260
174
575
309
788
33
261
948
282
462
5
26
0
968
470
848
762
755
210
167
507
387
30
419
548
787
627
444
414
767
419
850
408
354
890
541
296
206
105
248
69
120
449
298
301
127
736
889
998
154
555
512
530
947
441
356
343
222
0
197
140
93
337
577
624
273
858
106
182
727
680
969
711
971
695
282
474
171
793
830
978
226
90
987
278
525
871
813
242
287
600
381
536
547
898
166
918
193
347
478
284
741
112
645
677
388
608
326
440
728
41
751
76
974
544
851
934
117
778
813
200
397
85
800
290
528
879
179
444
939
236
920
459
913
397
778
627
911
810
856
837
313
301
706
934
91
613
419
547
678
649
222
995
751
18
461
549
798
197
0
897
72
431
538
230
605
848
577
26
268
39
330
746
965
930
447
411
929
847
169
84
414
628
925
653
225
0
824
312
84
238
140
193
953
311
765
829
881
822
442
400
141
310
668
49
398
919
851
300
931
240
292
897
902
689
182
773
705
456
308
804
419
52
495
695
934
454
538
281
443
173
634
171
32
566
652
742
893
11
42
815
457
633
981
421
813
632
679
299
210
750
31
504
447
914
19
294
303
140
897
0
944
394
383
173
678
387
789
861
347
593
625
900
790
993
623
68
845
671
279
601
794
142
685
780
737
749
960
843
408
917
369
562
125
216
968
237
3
721
7
241
63
657
140
34
774
994
179
9
536
0
946
39
621
378
581
879
373
44
157
297
37
660
209
420
736
509
98
980
507
80
124
704
228
497
138
97
897
501
397
360
237
950
893
135
765
47
455
874
461
437
172
462
594
297
238
35
330
93
72
944
0
952
328
818
48
634
42
147
770
931
293
211
210
548
515
249
276
744
324
667
175
553
794
791
989
565
99
697
30
982
218
701
227
753
269
680
392
787
652
696
890
905
116
823
61
88
351
429
890
63
710
570
601
787
130
0
739
311
959
404
142
270
196
122
73
350
149
826
966
331
190
946
964
3
454
630
438
317
845
286
856
934
614
890
736
873
192
748
951
964
918
69
267
111
359
755
776
337
431
394
952
0
34
683
337
612
332
861
638
653
769
811
995
297
871
277
795
196
836
381
104
477
0
259
571
288
291
66
381
599
607
402
468
487
466
837
345
171
444
718
766
988
686
604
736
934
142
748
56
132
455
497
753
677
304
267
620
353
949
809
497
190
423
627
695
788
328
165
156
807
559
280
32
594
101
45
377
712
699
362
648
310
121
856
654
512
484
292
39
994
0
891
400
305
639
436
856
577
538
383
328
34
0
847
817
350
65
888
145
818
352
743
685
537
20
40
401
182
881
918
882
635
446
964
467
590
135
940
543
39
517
612
260
210
141
164
862
691
806
614
866
451
472
213
992
402
650
150
368
666
503
755
304
204
983
348
286
222
837
766
812
344
878
376
112
27
606
176
661
130
698
568
345
350
208
819
518
330
180
574
602
699
568
391
439
0
212
426
738
696
916
298
687
892
683
460
530
624
230
173
818
683
847
0
276
468
302
676
217
798
351
521
552
522
785
26
465
700
16
46
801
144
848
470
313
450
432
409
484
780
827
495
111
509
675
252
610
937
700
186
355
577
808
320
270
191
992
615
96
82
546
235
968
466
532
327
288
466
178
541
451
96
596
358
580
753
721
264
678
651
76
253
797
6
176
799
351
264
289
655
289
334
816
338
758
193
713
714
604
504
921
294
947
506
741
365
392
273
605
678
48
337
817
276
0
382
845
378
801
455
146
353
371
739
532
396
261
665
189
386
964
951
191
249
245
289
165
491
490
301
968
952
112
136
708
822
222
868
642
856
644
785
591
734
612
328
741
220
802
236
236
645
615
398
717
276
405
373
430
775
205
0
889
554
146
172
714
105
978
553
724
738
710
332
689
869
576
779
851
670
982
66
213
207
473
540
450
622
185
800
724
799
388
816
224
508
740
858
848
387
634
612
350
468
382
0
45
700
865
497
519
592
338
500
905
357
949
336
429
74
559
941
681
419
430
326
594
472
932
156
999
811
438
246
926
754
610
435
478
124
456
105
257
887
753
926
206
483
677
513
585
299
998
144
386
521
402
267
616
947
10
192
120
841
679
283
629
363
602
541
393
744
156
635
837
0
109
765
841
743
207
365
23
325
712
434
217
332
539
99
551
980
60
286
781
61
382
106
577
789
42
332
65
302
845
45
0
705
2
665
936
739
691
147
116
487
532
756
145
938
749
846
71
354
206
0
0
557
346
686
925
705
666
482
123
383
289
19
328
574
675
162
811
710
251
20
0
302
616
897
740
6
559
738
176
309
895
247
0
22
492
712
98
829
529
540
220
178
653
104
857
934
310
925
178
837
299
768
199
682
417
21
350
334
445
287
661
492
60
975
581
296
669
677
431
534
99
182
26
861
147
861
888
676
378
700
705
0
958
313
644
821
434
366
105
510
789
72
952
305
746
16
503
484
502
359
73
582
955
290
833
143
981
524
23
66
459
887
472
659
163
39
588
424
430
924
894
900
916
876
0
249
268
29
539
634
656
738
943
528
796
316
492
343
51
655
712
724
933
968
473
649
600
306
439
161
190
852
176
214
873
706
857
552
353
543
708
694
473
146
222
137
745
346
69
420
496
727
268
347
770
638
145
217
801
865
2
958
0
817
807
454
727
292
804
647
919
57
864
30
635
910
877
594
56
119
603
410
412
137
121
796
334
94
335
581
483
43
9
234
906
383
826
183
561
698
664
570
559
986
515
201
600
361
233
758
580
896
285
896
680
820
154
402
208
70
589
983
738
483
653
374
315
179
939
236
983
8
176
208
785
839
738
629
673
39
332
314
21
222
869
647
234
458
115
724
600
680
39
593
931
653
818
798
455
497
665
313
817
0
703
196
128
599
137
480
895
357
219
718
141
214
249
524
779
781
57
568
863
406
472
46
432
250
97
951
430
7
859
605
158
220
111
847
580
980
603
536
545
777
613
512
969
585
477
980
437
84
705
360
348
575
672
778
59
596
384
98
822
901
779
481
389
586
883
32
199
821
325
153
115
479
355
389
500
82
791
606
610
215
888
601
318
113
835
153
164
969
330
625
293
769
352
351
146
519
936
644
807
703
0
159
772
796
486
834
635
22
964
862
66
54
577
81
322
845
873
220
195
997
982
916
941
273
991
560
74
344
79
161
585
718
641
411
76
847
92
790
44
885
432
250
426
884
536
949
293
35
979
829
148
593
269
593
725
473
29
864
546
922
594
325
182
704
603
286
789
405
375
876
698
577
987
856
442
205
460
778
802
259
401
682
202
797
281
490
263
711
746
900
211
811
743
521
353
592
739
821
454
196
159
0
948
130
960
706
770
337
640
221
775
293
49
536
116
144
905
769
733
913
979
312
833
6
261
800
750
820
453
806
555
898
102
357
611
503
322
715
420
86
274
282
884
17
838
964
696
892
993
358
815
130
451
577
419
111
860
316
856
818
671
822
701
18
624
101
294
179
806
242
945
334
106
215
251
142
567
73
838
403
446
454
154
136
665
922
350
971
965
790
210
995
685
552
371
338
691
434
727
128
772
948
0
364
56
649
0
672
38
32
452
883
740
274
456
751
743
381
912
436
364
364
74
901
267
673
188
91
560
962
301
533
613
398
630
461
474
516
575
287
464
127
648
992
51
160
935
222
552
862
749
944
621
526
245
800
380
62
606
728
489
141
153
492
491
96
835
501
751
137
377
553
711
674
593
200
129
0
868
159
38
672
234
211
906
14
49
695
930
993
548
297
537
522
739
500
147
366
292
599
796
130
364
0
817
120
961
36
935
822
386
27
512
453
571
743
599
770
568
732
819
323
341
444
623
684
312
608
273
430
160
714
262
896
423
794
161
468
426
233
809
60
434
478
435
932
868
364
538
984
39
985
51
753
104
500
685
392
729
34
556
824
180
136
874
358
35
25
270
358
996
80
489
863
878
114
467
941
737
976
827
84
171
316
208
396
456
282
447
623
515
871
20
785
532
905
116
105
804
137
486
960
56
817
0
869
851
606
895
552
371
582
992
385
103
457
368
184
293
230
598
157
71
236
754
944
412
613
502
712
404
478
480
919
100
333
851
980
84
226
563
464
24
901
436
601
0
768
940
581
455
672
261
193
814
438
541
783
81
830
306
534
388
698
391
783
839
365
230
145
269
54
962
21
972
85
419
711
197
236
257
183
758
105
623
837
333
474
411
68
249
277
40
26
396
357
487
510
647
480
834
706
649
120
869
0
729
693
930
510
528
415
299
398
63
560
689
834
710
275
300
823
101
425
577
496
472
818
763
492
283
569
627
988
476
260
307
369
61
847
469
183
43
826
128
595
782
39
675
655
947
86
293
8
648
583
239
499
706
222
407
794
388
243
329
804
553
57
897
312
628
875
586
443
687
316
240
927
710
481
414
956
861
746
272
275
937
171
929
845
276
795
401
465
261
949
532
789
919
895
635
770
0
961
851
729
0
950
803
159
665
295
812
982
249
918
0
124
431
234
186
35
604
140
876
708
262
269
10
976
375
55
340
84
807
965
826
954
809
43
766
807
418
827
771
426
944
959
840
251
895
431
122
349
460
900
526
898
604
496
383
585
697
454
362
48
745
427
196
231
732
970
58
930
121
350
296
687
235
984
168
732
44
179
993
228
851
793
847
671
744
196
182
700
665
336
756
72
57
357
22
337
672
36
606
693
950
0
609
364
780
389
753
525
753
161
988
934
823
188
505
441
56
826
353
247
184
294
252
276
507
27
352
346
560
82
150
647
661
96
497
17
627
807
790
342
963
774
817
968
425
502
278
855
362
970
256
202
658
993
759
761
883
267
108
429
848
382
271
587
915
171
115
828
326
645
473
36
470
871
575
909
383
64
40
183
33
830
169
279
324
836
881
16
189
429
145
952
864
219
964
640
38
935
895
930
803
609
0
136
346
207
113
822
990
363
769
735
968
694
816
355
424
296
113
725
465
369
611
14
733
184
318
492
209
782
749
742
871
116
107
491
844
364
866
502
266
638
608
243
930
448
770
396
423
712
814
115
577
42
759
678
390
555
936
808
624
607
647
515
396
491
439
201
428
807
223
118
994
371
592
76
186
616
320
210
815
978
84
601
667
381
918
46
386
74
938
305
30
718
862
221
32
822
552
510
159
364
136
0
925
274
11
501
709
163
255
311
591
140
982
298
644
257
948
604
700
964
413
247
840
741
398
53
432
767
587
250
190
16
511
942
399
784
400
673
246
128
320
795
679
184
208
399
437
788
877
355
292
60
469
818
194
570
255
794
958
371
659
668
19
747
212
116
125
938
745
22
41
916
82
716
672
429
925
683
195
226
414
794
175
104
882
801
964
559
749
746
635
141
66
775
452
386
371
528
665
780
346
925
0
754
977
32
318
790
249
902
416
396
515
932
372
911
728
628
71
447
686
596
435
531
390
897
499
392
66
381
256
177
444
694
704
568
554
542
730
600
931
582
446
438
112
94
325
110
781
810
705
759
68
290
437
868
173
671
418
433
583
376
122
309
299
506
89
493
623
374
711
280
113
52
132
708
706
776
1
90
628
142
553
477
635
144
951
941
846
16
910
214
54
293
883
27
582
415
295
389
207
274
754
0
324
659
931
503
887
884
108
35
299
505
618
994
964
583
792
656
192
948
626
392
0
313
396
460
201
275
185
40
529
703
611
80
17
324
502
611
9
119
436
205
461
202
611
747
274
185
631
849
588
593
799
804
920
466
283
756
349
306
34
545
846
360
88
424
772
262
679
569
850
775
661
199
0
496
697
987
925
685
794
0
446
848
191
681
71
503
877
249
577
49
740
512
992
299
812
753
113
11
977
324
0
323
29
575
162
437
529
595
951
174
257
502
294
960
488
210
500
590
634
208
300
594
737
806
31
207
456
216
971
482
885
211
991
505
813
345
263
993
860
993
843
70
173
37
972
661
728
770
729
734
532
270
308
75
252
248
345
124
269
701
460
150
920
981
501
518
213
287
561
878
327
282
135
918
877
278
653
780
791
259
964
470
249
419
354
484
594
524
81
536
274
453
385
398
982
525
822
501
32
659
323
0
441
222
958
306
694
543
880
988
789
334
583
503
362
460
363
170
974
213
360
457
712
396
826
694
377
348
484
62
768
53
492
598
116
263
287
376
999
141
698
215
702
988
920
43
402
473
155
430
381
955
207
977
662
123
143
24
310
321
695
35
724
279
802
855
931
187
165
397
961
51
188
985
464
525
225
737
989
571
467
313
245
430
206
502
56
779
322
116
456
571
103
63
249
753
990
709
318
931
29
441
0
704
524
877
115
788
356
55
608
46
467
355
671
372
129
250
900
737
966
747
465
365
837
1
574
24
27
355
119
613
74
613
30
605
830
225
712
277
521
208
587
895
125
538
918
0
955
618
467
7
147
654
437
52
516
109
85
241
406
967
330
509
187
640
519
946
409
562
542
82
599
0
421
871
0
749
565
288
590
450
289
326
0
359
119
781
845
144
751
743
457
560
918
161
363
163
790
503
575
222
704
0
690
453
420
847
494
484
932
869
986
979
719
323
870
658
588
354
203
647
274
86
0
480
337
456
808
591
36
685
182
614
131
69
896
373
260
22
827
583
273
350
543
432
437
169
173
198
686
493
859
884
797
238
466
313
975
437
876
184
375
468
409
373
435
534
251
121
551
947
895
793
551
813
824
960
99
291
135
432
165
594
0
73
603
57
873
905
743
599
368
689
0
988
769
255
249
887
162
958
524
690
0
306
816
365
78
600
628
254
687
135
545
447
771
431
53
460
354
509
724
675
749
806
374
488
224
887
912
876
656
788
61
129
428
53
31
690
752
127
940
610
762
553
226
664
422
723
690
235
316
242
34
651
450
543
835
773
702
717
332
853
631
315
453
546
158
257
9
503
881
847
769
242
312
843
697
66
940
409
491
472
557
582
410
568
220
769
381
770
184
834
124
934
735
311
902
884
437
306
877
453
306
0
36
137
457
87
458
774
494
757
770
834
813
451
194
300
154
425
931
77
947
805
678
182
638
105
130
883
540
667
173
523
162
877
138
673
541
861
177
179
33
494
90
11
363
933
0
72
548
734
777
135
255
618
847
1
260
778
828
382
87
135
908
244
31
681
504
903
664
766
414
287
84
408
30
381
543
484
490
932
346
955
412
863
195
733
912
568
293
710
431
823
968
591
416
108
529
694
115
420
816
36
0
135
43
665
0
59
523
826
68
961
122
754
0
164
182
505
203
568
981
802
571
724
684
911
124
629
937
767
240
280
905
802
887
528
646
799
47
694
820
753
770
431
463
186
568
453
526
865
611
585
439
507
700
61
260
817
5
19
179
841
266
272
706
670
786
640
4
472
385
600
238
917
982
599
39
780
301
156
686
290
137
406
997
913
436
732
230
275
234
188
694
140
396
35
595
543
788
847
365
137
135
0
729
622
878
890
389
700
673
737
645
217
977
990
591
443
829
470
817
317
103
245
490
617
128
87
778
726
602
653
429
105
641
728
545
78
607
299
904
586
152
25
7
838
931
427
714
923
852
842
827
756
869
597
834
115
384
192
233
75
43
985
245
0
931
290
596
610
536
381
140
369
218
607
517
827
968
999
925
833
121
472
982
979
364
819
598
300
186
505
816
982
515
299
951
880
356
494
78
457
43
729
0
631
884
357
914
420
323
137
91
221
524
738
809
496
570
715
970
667
129
652
62
937
424
146
853
928
986
896
99
243
565
101
895
915
192
195
210
614
740
988
994
384
973
998
50
995
551
960
17
787
870
45
725
435
986
586
434
121
659
32
497
0
165
426
320
75
791
536
193
562
701
402
612
495
952
811
705
143
796
46
916
312
364
323
157
823
35
441
355
298
932
505
174
988
55
484
600
87
665
622
631
0
339
261
943
718
161
136
956
451
759
493
955
373
315
356
113
610
534
291
648
265
205
102
562
192
121
343
271
625
923
323
582
281
519
99
906
614
251
484
530
899
617
390
48
706
369
341
106
103
553
794
498
374
812
140
331
524
617
237
720
53
647
507
209
0
175
547
953
125
227
468
260
111
112
438
666
981
334
432
941
833
74
341
71
101
604
56
424
644
372
618
257
789
608
932
628
458
0
878
884
339
0
492
891
39
160
811
456
949
131
671
184
687
290
490
986
828
878
716
97
310
414
326
526
603
268
824
960
162
646
332
294
549
128
209
605
312
107
504
880
490
617
790
645
665
231
762
567
883
847
490
457
703
509
375
101
996
51
977
423
903
770
290
497
507
531
898
311
216
753
487
210
509
136
246
482
524
94
250
273
6
901
444
236
425
140
826
296
257
911
994
502
334
46
869
254
774
59
890
357
261
492
0
959
515
700
686
267
676
933
877
271
255
503
726
434
805
883
306
850
865
909
133
499
64
671
908
728
641
893
695
224
984
564
941
954
762
866
883
276
579
418
355
749
310
804
862
382
362
96
525
562
439
280
662
615
147
874
613
985
932
446
203
656
51
735
166
765
968
269
466
141
675
708
926
123
23
335
97
991
261
267
623
754
577
876
353
113
948
728
964
294
583
467
986
687
494
523
389
914
943
891
959
0
983
276
966
306
944
279
728
890
236
944
717
214
589
675
754
543
70
682
980
128
650
777
791
210
160
183
191
511
875
835
758
571
44
513
642
626
170
251
903
803
1
441
259
779
737
0
445
928
0
698
198
977
436
419
453
126
0
885
957
489
462
733
918
829
237
680
837
164
252
822
754
383
66
581
951
560
800
673
684
944
496
708
247
725
604
628
583
960
503
355
979
135
757
826
700
420
718
39
515
983
0
766
122
971
571
292
590
400
188
567
699
689
316
144
311
296
545
418
894
674
877
490
774
735
772
256
913
56
757
17
669
162
804
647
686
838
186
264
196
703
92
157
3
26
540
561
363
0
328
120
899
420
915
764
471
114
0
823
790
324
123
835
193
881
3
392
345
862
610
222
610
289
459
483
430
74
750
188
312
412
472
262
184
465
700
71
792
488
362
671
719
545
770
68
673
323
161
160
700
276
766
0
333
17
648
452
53
941
710
175
812
931
845
221
962
135
268
67
737
287
668
726
587
668
518
164
576
930
256
299
132
123
250
957
628
398
975
432
965
288
589
711
667
347
579
369
857
338
921
847
605
608
250
134
575
744
9
947
69
558
225
501
347
822
721
787
171
691
937
868
435
19
887
43
7
344
820
91
608
613
818
269
294
369
964
447
656
210
460
372
323
447
834
961
737
137
136
811
686
966
122
333
0
308
922
233
803
90
880
540
190
856
270
290
106
821
20
458
445
806
156
666
191
716
931
21
45
930
51
734
747
726
371
599
664
443
772
531
716
704
661
141
474
29
52
826
146
373
3
588
831
496
672
387
387
407
130
684
572
13
770
482
478
442
7
652
444
806
700
642
478
328
472
9
859
79
453
560
273
502
763
10
252
611
413
686
192
500
363
129
870
771
813
122
645
91
956
456
267
306
971
17
308
0
795
503
950
874
609
325
494
631
191
253
830
751
782
245
918
375
327
947
722
491
947
374
724
971
776
390
778
837
680
293
914
623
190
397
701
69
439
371
488
872
315
668
576
206
18
73
375
469
379
212
792
785
446
458
383
578
755
260
284
400
241
696
718
614
186
856
124
574
659
234
605
161
806
962
430
712
492
976
276
14
247
596
948
590
170
250
658
431
451
754
217
221
451
949
676
944
571
648
922
795
0
432
784
115
185
960
405
451
201
883
521
591
161
411
714
34
855
357
600
528
977
695
23
704
786
951
116
810
43
286
372
447
886
278
667
891
83
267
546
83
905
65
655
724
524
928
333
852
322
995
70
902
649
0
360
232
772
174
741
141
63
890
766
866
355
644
456
675
163
906
158
585
555
301
160
404
283
375
507
733
840
435
626
634
974
900
588
53
194
0
977
524
759
131
933
279
292
452
233
503
432
0
50
110
977
986
642
325
46
383
109
420
884
803
198
534
813
316
500
772
54
836
612
49
661
872
862
816
683
979
931
478
642
43
607
798
529
508
127
168
539
842
450
913
129
386
79
434
173
85
102
684
191
488
755
614
596
575
112
310
657
905
988
451
577
785
105
162
39
383
220
718
898
533
714
478
569
55
27
184
741
531
392
208
213
737
354
460
300
164
990
738
493
671
877
728
590
53
803
950
784
50
0
596
254
122
166
911
436
176
818
571
583
949
212
56
510
359
647
186
67
288
408
180
326
801
83
463
496
196
667
598
51
398
613
304
794
785
297
358
594
406
300
42
749
368
330
846
269
100
491
124
87
40
815
684
517
309
645
668
140
116
686
472
808
591
257
811
588
826
111
641
102
613
262
480
627
340
352
318
398
390
0
300
360
966
203
354
154
182
591
809
955
184
271
890
400
941
90
874
115
110
596
0
452
588
108
117
305
825
971
542
747
752
860
746
397
344
196
187
770
993
505
323
728
625
139
413
107
794
77
508
850
739
379
395
741
232
623
597
578
0
52
986
234
232
216
534
734
183
840
34
486
144
811
537
616
788
677
49
34
823
604
213
320
734
887
710
424
183
847
411
357
398
896
919
988
84
346
492
53
897
313
594
457
747
647
509
425
505
443
496
373
687
255
236
188
710
880
609
185
977
254
452
0
286
619
511
778
100
386
434
631
569
388
130
665
881
666
264
240
652
919
887
704
973
607
660
181
926
943
828
193
35
876
17
989
772
615
439
675
969
279
590
390
857
728
753
276
454
518
269
588
214
322
886
797
33
388
398
774
61
736
992
270
612
753
251
430
561
580
76
611
630
423
100
476
807
560
209
432
499
396
737
712
465
274
724
931
203
829
570
315
290
503
944
567
175
540
325
960
986
122
588
286
0
934
130
505
313
664
70
134
65
861
676
459
617
178
611
45
714
799
45
226
550
470
893
590
660
436
841
64
525
510
921
764
419
137
894
184
897
267
277
869
448
919
193
711
926
720
508
998
160
38
179
909
261
608
919
994
88
934
402
191
328
926
20
924
698
980
847
503
461
794
333
260
965
82
782
767
392
460
806
396
365
86
675
77
568
470
715
356
490
726
717
699
812
190
494
405
642
166
108
619
934
0
280
720
149
916
382
111
601
705
76
633
615
68
940
191
915
418
418
614
806
90
894
177
713
130
91
177
373
416
716
872
830
104
578
931
695
666
867
879
590
636
51
326
957
523
942
671
80
428
515
748
948
326
851
179
351
142
650
992
741
206
0
894
664
603
92
322
474
161
851
307
826
150
749
587
66
201
31
826
837
0
749
947
981
817
970
113
986
434
214
689
931
856
631
451
325
911
117
511
130
280
0
351
489
688
109
979
589
396
682
281
206
868
112
597
433
661
534
820
163
912
258
348
418
20
698
247
618
589
837
236
574
613
804
743
978
927
641
479
246
181
852
577
198
553
241
833
248
318
559
414
282
440
300
9
429
748
150
615
220
483
302
900
570
536
790
715
516
468
980
369
954
647
742
250
381
275
207
694
1
480
806
805
802
317
667
610
828
805
589
316
845
270
191
201
46
436
305
778
505
720
351
0
888
161
179
977
288
457
301
38
846
43
471
548
725
79
252
638
981
70
897
843
638
381
272
631
730
4
244
759
825
169
30
170
995
442
247
951
705
70
641
438
675
255
568
427
892
175
522
374
462
728
931
536
890
56
368
96
802
677
616
916
559
545
44
420
575
426
84
61
809
661
871
190
256
185
456
377
574
337
374
678
571
103
129
534
878
883
675
144
221
290
253
883
383
176
825
100
313
149
489
888
0
944
537
380
724
379
614
861
857
575
458
35
936
489
75
879
694
269
294
239
403
325
653
765
998
228
430
598
542
763
612
90
612
540
21
893
472
574
527
114
75
751
680
913
869
744
157
27
5
41
240
0
63
132
666
82
236
513
897
876
986
777
885
86
287
233
226
847
43
96
116
16
177
40
216
348
24
456
488
182
724
245
652
291
716
306
754
311
962
106
830
521
109
818
971
386
664
916
688
161
944
0
144
61
685
876
603
44
481
767
189
43
255
20
573
657
88
734
732
67
802
192
224
242
919
207
391
986
888
991
980
765
519
772
36
141
327
238
623
387
740
909
464
330
669
524
420
807
26
751
292
946
710
455
503
546
236
585
740
0
515
613
432
274
464
809
563
469
766
497
107
511
444
529
971
484
27
808
224
638
684
490
62
648
97
850
543
296
135
821
751
591
420
571
542
434
70
382
109
179
537
144
0
531
966
591
895
336
295
493
473
325
963
77
636
663
997
688
245
346
459
30
548
929
974
769
227
165
496
190
505
55
125
66
339
323
246
485
718
923
306
0
345
540
186
904
889
66
0
76
897
39
570
497
755
235
645
299
6
249
201
512
250
282
127
60
464
183
807
17
491
942
694
703
482
62
355
591
887
105
911
617
937
265
310
865
70
545
268
20
782
161
884
583
747
631
134
111
979
977
380
61
531
0
987
550
390
226
632
812
166
443
864
377
580
850
603
700
124
362
289
303
235
413
436
900
30
106
233
891
483
847
807
26
161
490
932
98
702
892
162
589
185
282
256
127
57
812
968
974
902
621
601
753
304
968
615
998
559
268
600
969
426
884
648
434
24
43
418
627
844
399
704
611
885
768
119
36
912
130
124
128
424
205
414
909
682
418
67
458
245
411
803
949
752
569
65
601
589
288
724
685
966
987
0
898
39
840
141
895
304
787
127
942
640
762
677
59
690
883
464
602
367
250
47
228
512
127
868
872
61
76
249
747
467
168
684
833
685
861
102
972
834
497
838
733
592
36
470
544
689
378
787
677
204
466
398
144
738
29
361
585
884
17
992
478
901
826
827
807
364
784
568
80
211
53
613
685
876
883
629
87
146
102
326
133
980
894
737
445
918
714
198
212
860
388
861
705
396
457
379
876
591
550
898
0
882
405
642
400
361
286
584
819
67
189
908
947
521
0
795
402
50
944
178
73
89
964
715
834
36
897
490
792
7
675
94
806
60
417
400
185
885
34
11
943
317
967
848
851
182
581
130
304
983
532
717
386
176
539
233
477
536
838
51
435
436
128
771
790
866
400
554
17
991
492
74
182
656
540
937
778
853
562
526
499
128
674
287
806
375
34
534
56
746
130
676
76
682
301
614
603
895
390
39
882
0
174
351
759
465
8
858
377
48
955
650
84
8
478
578
913
411
837
299
702
721
460
221
240
179
629
681
212
144
931
766
248
255
696
0
208
166
293
504
768
529
191
762
934
773
879
0
267
348
327
276
521
309
634
758
980
949
964
160
932
601
595
426
342
502
673
542
324
505
598
613
614
788
667
767
726
928
192
603
64
650
877
668
156
327
855
813
510
397
665
459
633
281
38
861
44
336
226
840
405
174
0
676
918
336
473
239
898
210
13
718
996
882
909
173
651
867
369
526
652
216
326
762
874
378
644
588
822
641
59
270
758
957
183
325
0
830
332
62
903
191
96
755
117
705
373
739
620
286
288
405
402
895
656
580
437
293
696
935
868
0
782
944
963
266
246
730
502
813
116
30
131
61
173
240
602
986
121
268
671
777
490
726
666
947
357
316
359
344
881
617
615
206
846
857
481
295
632
141
642
351
676
0
97
82
565
919
616
305
5
228
668
992
69
755
266
699
265
774
399
812
1
152
143
780
674
593
542
627
232
571
337
82
446
383
822
0
107
534
350
603
37
210
778
456
44
311
353
222
466
373
267
247
738
896
84
35
892
222
364
768
39
959
774
638
128
600
611
345
263
605
69
129
523
280
653
896
343
824
908
791
774
587
191
722
600
500
647
196
666
178
68
868
43
575
767
493
812
895
400
759
918
97
0
741
906
623
234
551
636
820
628
44
978
326
220
131
837
169
989
669
325
490
541
563
746
342
991
211
307
966
921
705
308
276
0
792
282
875
493
486
864
167
813
308
157
959
949
837
178
430
616
0
943
285
705
979
993
552
538
940
675
840
817
608
320
931
9
263
287
830
896
428
162
905
429
99
271
960
728
210
735
668
716
491
528
772
186
187
264
611
940
112
471
458
189
473
166
304
361
465
336
82
741
0
821
504
104
933
488
255
984
834
432
602
226
4
514
767
526
809
103
55
680
320
792
603
761
796
990
676
541
256
42
472
995
982
396
668
649
245
647
507
200
804
297
404
809
766
541
775
947
22
528
896
360
829
358
862
984
581
655
251
968
243
795
582
119
993
376
225
373
53
877
802
105
243
625
162
641
160
772
518
931
947
977
54
67
770
240
45
191
597
548
35
43
325
443
787
286
8
473
565
906
821
0
498
721
214
969
700
858
454
42
722
964
768
605
248
541
817
391
359
584
142
387
361
333
643
167
559
62
0
591
876
644
707
309
855
850
696
15
387
397
419
37
142
497
812
451
205
10
492
796
680
348
148
815
749
39
455
947
895
425
930
679
446
436
860
999
712
260
31
138
887
641
565
923
646
893
183
256
164
21
374
695
836
288
993
652
714
915
433
725
936
255
963
864
127
584
858
239
919
623
504
498
0
433
791
870
239
872
879
269
203
155
451
13
684
541
292
958
656
964
0
15
15
609
508
650
980
809
228
95
685
280
232
919
718
835
616
699
30
85
52
660
270
190
344
96
0
192
712
316
820
575
593
130
944
985
672
86
431
502
448
184
438
205
993
141
277
22
690
673
528
728
101
323
332
695
191
913
576
45
724
23
612
408
505
919
799
418
661
79
489
20
77
377
942
819
377
898
616
234
104
721
433
0
482
0
435
3
911
566
591
452
774
255
614
863
866
302
625
67
922
451
875
103
877
182
930
574
37
585
362
337
422
547
619
992
891
723
419
800
495
209
196
423
878
596
889
120
98
492
154
672
269
451
621
51
261
293
122
278
770
208
112
461
843
698
521
827
752
541
646
545
895
582
294
224
511
56
930
930
971
704
49
180
323
887
45
418
534
252
75
573
636
580
640
67
48
210
305
551
933
214
791
482
0
973
222
637
770
879
142
302
905
113
662
405
483
185
817
304
875
951
399
427
553
282
721
848
634
585
780
88
893
401
779
141
981
207
548
290
695
420
122
627
376
358
554
841
829
343
402
778
593
577
526
753
193
8
349
855
396
399
94
202
70
215
208
583
127
861
799
78
915
281
549
984
875
757
256
51
776
786
661
326
728
704
226
614
820
638
879
657
663
850
762
189
955
13
5
636
488
969
870
0
973
0
43
243
848
469
441
80
362
460
734
613
419
629
33
671
5
868
327
862
191
926
959
78
731
509
234
834
865
699
638
939
34
822
787
528
934
736
73
695
112
580
146
679
529
51
208
59
725
419
245
104
814
648
460
362
423
437
325
611
173
702
587
273
940
177
47
607
192
519
128
564
835
17
299
734
390
951
872
801
625
973
550
806
163
981
694
88
997
603
677
908
650
718
228
820
255
700
239
435
222
43
0
838
874
93
519
420
46
455
216
550
167
945
575
115
492
281
410
102
589
975
523
880
720
951
989
143
707
704
907
285
683
283
627
879
454
509
350
788
27
753
172
283
540
655
70
596
473
111
800
500
438
583
900
970
712
788
110
747
37
988
895
350
610
179
694
299
195
99
209
941
758
669
132
747
778
116
862
83
139
607
470
90
912
70
269
734
688
700
59
947
84
996
668
628
984
858
872
3
637
243
838
0
36
881
89
547
925
71
955
739
700
251
815
725
123
552
622
770
710
412
523
221
127
499
164
241
174
60
405
359
537
652
444
179
538
98
149
328
606
721
714
629
220
712
589
384
29
860
380
685
541
239
526
256
814
877
781
274
972
920
125
543
762
33
820
904
210
906
605
954
571
162
123
726
837
810
816
463
413
660
893
894
258
897
294
732
245
124
690
521
8
882
992
44
834
454
879
911
770
848
874
36
0
681
321
237
313
561
583
639
476
647
13
607
957
574
540
233
142
873
712
420
707
490
155
768
940
882
524
942
511
55
414
444
281
980
826
165
176
264
105
363
178
724
983
98
864
316
62
392
783
499
898
202
115
355
810
185
661
43
538
432
553
494
753
586
614
614
312
762
44
804
250
371
680
43
683
496
107
181
590
177
348
843
239
67
346
362
883
0
478
909
69
978
432
42
269
566
879
469
93
881
681
0
278
563
301
960
620
811
383
641
988
765
627
741
744
14
288
512
245
900
820
381
571
202
75
441
759
154
763
78
767
939
443
507
966
156
661
678
978
602
653
933
738
822
546
856
606
729
81
706
604
658
577
292
705
631
728
402
918
437
226
90
770
152
740
251
107
866
513
647
957
599
293
286
979
196
794
926
660
713
418
638
403
802
459
289
464
795
578
173
755
326
602
722
203
591
142
441
519
89
321
278
0
4
379
778
64
796
395
526
469
302
125
679
993
604
178
899
822
782
442
140
936
291
717
997
405
839
817
483
419
236
173
80
331
807
130
651
553
541
104
968
483
901
922
818
728
34
830
222
496
993
42
60
759
849
770
473
0
169
664
11
431
25
988
484
504
883
642
686
628
664
914
372
931
667
77
943
436
130
20
381
325
192
30
303
602
402
913
651
266
220
226
964
155
452
302
80
420
547
237
563
4
0
219
232
300
169
434
335
735
613
288
782
774
58
924
845
80
857
508
880
157
21
236
189
37
239
837
796
850
920
634
124
190
559
698
76
724
393
857
473
653
779
594
671
489
556
306
407
383
759
759
469
68
588
729
155
955
173
422
363
463
7
994
530
880
276
626
838
398
443
623
447
478
598
508
828
841
91
698
272
653
224
548
235
367
50
411
867
699
131
4
768
451
774
905
362
46
925
313
301
379
219
0
858
429
756
806
457
328
548
778
375
998
731
340
82
720
717
109
231
346
693
465
150
603
820
656
484
408
459
171
704
946
280
568
253
738
744
934
649
374
481
325
822
141
824
534
794
585
761
678
818
290
593
734
430
618
198
723
933
186
838
384
899
490
579
170
186
975
772
190
886
642
51
850
193
64
177
247
631
765
242
929
413
250
944
837
369
265
837
514
605
13
255
113
460
455
71
561
960
778
232
858
0
434
538
608
770
129
28
91
794
769
494
298
550
294
587
447
530
845
371
695
743
519
186
518
113
354
913
32
228
964
32
345
797
710
156
310
600
315
389
182
701
153
180
388
388
697
883
390
194
437
799
532
381
467
686
690
0
568
931
973
617
617
418
251
264
432
531
397
278
43
398
739
35
525
373
618
730
998
919
974
436
47
178
299
526
774
169
767
248
684
614
662
734
216
955
583
620
64
300
429
434
0
