0
908
0
0
0
0
0
0
0
0
0
0
0
0
0
0
0
0
0
0
0
0
0
0
0
1
406
0
0
0
1000
0
0
0
0
684
0
0
0
0
0
0
527
994
0
0
1000
0
0
0
0
0
0
0
0
0
0
0
0
0
0
0
0
0
0
0
0
0
0
0
0
0
0
1000
0
0
0
0
0
797
0
0
0
0
0
0
0
0
0
0
0
0
0
0
1000
0
1000
0
0
0
908
0
0
0
0
0
0
0
1000
0
0
0
0
0
0
1000
882
837
0
0
0
0
0
0
0
0
0
0
0
0
0
0
0
0
0
1000
0
0
0
0
0
0
0
0
0
0
0
0
0
0
0
0
0
0
0
0
0
0
0
0
0
0
0
0
0
0
0
0
0
0
0
0
0
1000
1000
0
0
1000
0
0
0
0
0
0
0
0
0
560
0
0
762
0
0
0
124
0
0
0
0
0
0
0
0
0
0
1000
0
0
0
673
0
0
0
0
0
0
0
0
0
0
0
0
591
0
0
829
0
0
0
0
0
0
0
1000
0
1000
0
0
0
0
0
0
0
0
0
0
0
0
0
0
0
0
0
0
0
0
0
0
0
0
0
1000
0
0
0
0
0
0
0
0
0
0
0
0
0
0
0
0
0
0
0
0
0
0
0
0
0
0
0
0
0
0
0
0
897
0
1000
0
0
1000
0
0
0
0
0
0
0
0
0
0
0
0
0
0
0
0
0
0
0
0
0
0
0
0
0
0
0
0
0
0
0
888
0
0
891
0
0
0
1000
0
0
0
0
0
0
0
0
0
0
0
0
0
0
0
0
0
0
0
0
0
0
0
0
0
0
0
0
0
0
0
0
0
0
0
1000
0
1000
0
0
633
0
0
0
0
0
0
0
0
1000
1000
0
0
0
0
0
0
533
0
0
1000
0
0
0
0
0
0
0
0
1000
0
0
1000
0
857
0
0
0
0
0
0
1000
0
0
0
0
0
0
0
0
0
0
0
1000
0
0
628
0
0
0
644
0
0
0
0
1000
0
0
0
0
0
0
0
0
0
0
0
0
1000
0
0
0
0
0
0
0
0
0
0
258
0
0
0
0
0
0
0
0
0
0
0
0
132
0
0
0
0
0
0
0
0
0
0
0
153
0
0
0
0
0
0
0
0
1000
0
0
0
0
0
0
0
1000
0
1000
0
0
0
0
0
0
0
0
0
0
0
0
0
0
0
0
0
1000
0
0
0
0
0
0
0
1000
0
0
0
0
0
0
0
0
0
0
0
905
0
0
0
0
658
0
0
0
0
0
0
0
0
0
0
1000
0
0
0
0
0
0
0
0
0
0
0
0
0
0
0
0
0
1000
0
0
0
0
0
939
0
0
0
1000
0
0
0
0
1000
0
0
0
0
0
0
0
0
1000
0
0
0
0
1000
0
0
0
0
0
0
0
0
0
0
0
0
0
0
0
820
0
0
414
0
0
0
0
0
0
0
0
0
0
0
0
0
0
0
0
0
819
0
0
0
0
0
0
0
1000
0
0
0
0
0
0
0
0
719
0
0
889
0
0
0
0
786
0
0
0
0
0
0
0
0
0
0
0
0
0
0
0
0
1000
0
0
0
0
0
0
0
0
0
0
0
0
0
0
0
0
0
0
0
0
950
0
0
0
0
0
0
0
0
0
0
0
0
0
726
0
0
0
0
0
0
0
0
0
0
0
1000
0
0
0
0
0
0
0
0
0
0
0
1000
0
0
869
0
0
0
0
0
0
5
0
0
0
0
0
0
511
0
0
0
875
0
0
0
0
0
0
0
0
0
0
0
0
0
1000
0
0
0
0
0
0
0
0
0
0
1000
0
0
0
1000
0
0
1000
0
1000
0
0
0
1000
0
0
0
1000
0
0
0
0
0
0
0
0
0
0
1000
0
0
0
840
0
0
0
0
0
0
0
0
0
0
0
0
0
0
0
0
0
0
0
0
0
0
0
0
0
0
0
0
0
0
0
0
917
0
0
0
0
0
0
0
0
0
0
0
0
0
1000
0
0
0
0
0
0
0
1000
0
0
0
0
0
0
0
0
0
0
0
0
0
0
0
0
0
673
0
0
0
0
0
0
0
0
0
0
0
0
0
0
0
0
0
0
0
0
297
0
0
0
0
0
0
0
1000
1000
0
1000
0
0
1000
0
0
0
0
0
0
0
0
0
0
0
0
0
0
0
0
0
0
0
0
0
0
0
0
0
0
0
557
1000
0
0
0
0
0
0
0
0
0
505
0
0
0
0
0
0
0
0
0
0
441
0
750
0
0
0
0
0
0
0
0
0
0
0
0
0
0
0
1000
0
0
1000
0
0
0
0
0
632
0
0
0
971
0
0
0
0
0
0
0
0
0
0
0
0
0
0
0
0
0
0
1000
0
0
0
0
0
0
0
0
0
0
0
0
0
0
0
0
0
0
0
0
0
0
1000
0
932
0
0
0
0
669
0
0
0
0
0
0
0
0
0
0
634
0
0
0
0
0
0
0
0
0
622
0
0
0
0
0
0
0
0
931
0
0
0
0
0
0
1000
0
0
0
0
0
0
0
0
0
0
0
0
0
0
0
0
0
0
0
170
0
0
0
0
0
756
0
0
0
0
0
0
0
0
0
0
0
0
0
0
1000
0
0
0
0
0
0
0
0
1000
0
0
0
0
0
798
0
0
890
1000
0
0
0
0
0
0
0
1
155
0
0
0
0
0
0
0
0
0
0
0
333
0
0
0
0
0
0
0
0
0
0
0
0
0
0
0
0
0
0
0
1000
0
0
0
0
0
0
0
0
898
1000
0
0
0
0
0
1000
0
0
0
0
0
0
0
880
0
723
0
0
0
0
211
0
0
0
0
0
0
0
0
0
0
0
0
597
1000
0
0
922
0
0
0
0
0
0
0
0
0
0
0
0
0
0
0
0
0
0
0
0
0
1000
0
0
0
0
0
0
0
0
0
0
0
0
0
0
0
0
0
0
310
0
0
0
0
0
0
0
0
0
857
0
1000
950
0
0
0
0
0
0
0
0
0
524
0
0
0
1000
0
0
0
745
0
0
0
980
1000
0
0
0
0
0
0
0
0
0
0
0
0
0
0
0
0
1000
0
0
0
0
0
0
0
0
0
261
0
0
0
1000
0
0
0
0
0
0
0
0
0
0
864
0
0
0
0
0
0
0
0
0
0
0
0
0
0
0
0
0
0
0
0
0
0
0
0
0
0
0
0
0
0
0
0
0
0
0
1000
0
632
0
898
0
0
0
0
0
0
0
0
0
0
0
609
0
0
0
0
0
0
235
0
0
0
0
0
0
0
0
0
0
0
0
0
0
0
0
0
0
0
0
0
0
909
0
0
0
0
525
0
0
0
0
0
1000
0
0
0
0
722
0
0
0
0
0
0
0
0
0
0
0
0
0
0
0
588
0
0
793
0
0
0
0
0
0
0
0
0
0
0
1000
0
0
0
0
0
0
0
0
0
0
1000
0
0
0
0
0
0
0
0
0
0
1000
0
0
0
0
902
0
0
711
272
0
0
0
0
0
0
0
0
0
0
0
0
1000
0
1000
0
1000
0
0
0
0
0
0
0
0
0
0
0
0
0
0
0
0
0
0
0
0
0
0
0
0
0
1000
0
1000
0
0
0
0
0
0
0
0
0
0
0
1000
0
0
0
0
0
0
0
0
0
0
0
882
0
0
0
0
0
0
0
0
0
0
0
0
0
0
0
0
0
0
0
0
0
0
0
0
0
0
0
884
0
0
0
0
0
0
1000
0
0
0
0
0
0
0
0
0
0
0
1000
0
0
0
0
0
0
1000
0
0
0
0
0
1000
0
0
0
0
0
459
0
0
16
0
0
1000
0
0
0
0
0
0
0
0
0
0
0
0
0
0
0
0
0
0
0
0
0
1000
0
0
0
0
0
837
0
0
0
0
0
0
0
0
0
0
0
524
0
0
0
0
0
0
642
0
0
0
0
0
0
0
1000
0
0
0
0
0
1000
0
0
0
0
0
0
0
0
0
0
0
0
0
0
0
0
0
0
851
509
0
0
0
0
0
0
0
0
0
0
0
1000
0
0
1000
0
0
0
0
0
0
0
0
0
0
0
0
0
0
0
0
0
442
0
0
1000
0
1000
0
0
0
0
0
0
0
0
0
0
0
0
0
0
0
0
0
971
0
0
0
0
0
0
0
0
0
0
0
0
0
0
0
0
0
0
0
0
0
1000
0
0
0
0
0
664
0
0
0
0
0
860
0
0
0
0
0
0
0
1000
0
0
972
0
0
0
0
0
0
0
0
0
889
0
0
0
863
1000
0
0
0
0
0
0
0
0
0
0
0
0
0
0
0
0
0
0
0
0
0
0
0
0
0
0
1000
0
290
0
0
0
0
0
0
0
0
0
0
0
0
0
0
0
0
0
0
0
0
0
0
0
1000
817
1000
0
0
0
0
0
0
0
1000
0
0
0
0
0
0
0
0
0
0
0
1000
0
0
0
0
0
0
0
0
0
0
0
0
0
0
0
0
0
0
0
273
0
0
0
673
0
0
144
0
0
0
0
0
0
0
0
0
0
0
0
0
0
0
0
949
0
0
0
0
954
0
0
0
886
0
0
0
0
0
1000
0
0
0
0
0
0
0
0
0
0
0
0
642
0
0
0
0
873
0
0
0
288
0
0
0
0
1000
0
0
0
0
0
0
0
0
0
0
0
0
0
0
1000
0
810
0
1000
0
0
0
0
0
0
0
0
0
0
0
0
0
0
0
0
0
875
0
0
0
0
0
0
0
0
0
694
0
0
0
0
0
0
0
0
0
0
0
0
0
0
0
1000
0
0
0
851
1000
0
0
0
0
0
0
0
0
0
0
0
0
1000
1000
0
0
0
0
0
0
0
0
0
0
0
0
0
0
0
0
1000
1000
0
0
0
0
0
0
0
0
1000
0
0
0
0
0
0
0
0
0
806
0
353
1000
0
0
0
0
0
0
0
0
0
0
0
0
0
0
0
0
0
0
0
0
0
0
1000
0
0
0
0
0
0
0
0
0
0
0
0
0
0
0
0
0
0
0
0
0
0
0
0
0
591
0
0
0
0
0
0
0
0
0
0
0
0
0
0
0
0
0
873
0
0
0
0
0
0
0
0
0
0
0
0
0
0
0
0
0
0
0
0
0
0
0
793
0
0
0
0
0
0
0
0
0
0
0
0
0
0
979
0
535
459
0
0
0
0
0
0
923
0
0
0
319
0
0
0
0
0
0
0
0
1000
0
0
0
0
0
0
0
0
0
0
0
1000
0
0
0
0
0
0
0
0
0
0
0
0
0
0
297
0
0
0
0
0
1000
0
0
0
1000
0
0
0
0
0
0
0
0
1000
0
0
0
0
0
0
0
0
0
0
0
0
0
0
0
0
0
0
0
0
0
248
0
0
0
0
0
0
0
0
0
0
0
511
0
0
0
0
0
0
1000
0
0
419
0
0
0
0
1000
0
0
0
0
0
0
0
1000
0
0
985
0
0
0
0
0
0
820
0
0
0
1000
0
0
0
0
0
0
0
0
0
0
0
170
0
0
609
0
0
0
0
817
0
0
0
0
0
0
0
0
0
0
0
0
0
0
812
0
0
0
0
1000
0
0
1000
0
0
0
1000
1000
0
0
0
0
0
0
0
0
0
0
0
0
0
0
0
0
729
0
1000
0
0
762
838
0
0
0
0
0
0
0
0
0
0
1000
0
0
0
0
0
0
0
965
0
1000
0
0
0
0
0
0
0
0
1
0
829
0
0
0
0
0
1000
0
0
0
0
745
0
0
0
0
0
1000
0
0
0
0
0
0
454
0
0
0
0
0
0
0
0
0
0
0
820
0
0
0
0
0
0
0
1000
0
0
0
0
0
0
0
0
1000
0
0
1000
0
0
0
0
0
0
0
0
0
1000
0
0
0
0
0
0
0
0
0
0
0
0
0
0
0
0
0
0
0
0
0
0
0
0
0
0
0
0
0
0
0
406
0
0
0
0
0
0
0
0
0
0
0
0
0
0
0
0
0
0
0
288
0
0
0
0
454
0
496
0
0
0
0
0
0
0
0
0
0
0
0
0
0
0
0
0
0
0
0
0
0
0
0
0
1000
0
0
0
845
1000
0
0
0
0
1000
0
0
0
0
0
0
1000
0
0
0
1000
0
0
0
0
0
0
0
0
0
0
0
0
0
0
0
0
0
0
0
0
0
0
0
0
0
0
0
0
0
0
0
0
726
0
0
0
0
0
0
0
0
0
0
0
0
0
0
0
0
0
0
496
0
0
0
0
0
1000
0
0
0
0
0
0
1000
0
0
0
0
0
0
0
1000
0
0
0
0
0
0
0
0
0
0
0
0
0
0
0
1000
0
0
891
0
0
0
0
0
0
0
0
0
0
0
0
0
0
0
0
0
0
0
0
0
0
0
0
0
0
929
0
0
1000
0
0
0
0
0
0
0
0
0
0
0
0
0
0
0
0
0
0
902
0
1000
0
0
0
0
0
1000
0
0
0
0
0
0
703
0
0
0
0
0
0
0
0
699
0
0
0
0
0
0
735
0
1000
0
0
0
0
0
0
0
0
0
1000
0
0
0
0
1000
0
0
0
437
0
0
0
0
0
0
0
0
0
0
0
0
1000
0
0
0
0
0
0
0
0
0
0
0
0
0
0
0
0
1000
0
0
0
0
0
0
0
0
820
0
840
0
0
0
880
980
0
0
884
0
0
0
0
0
0
0
0
0
0
0
0
0
0
0
0
0
0
0
0
0
0
0
0
0
1000
0
0
283
0
0
312
0
0
0
0
0
0
0
0
0
0
0
0
0
0
0
0
0
0
0
0
0
0
0
0
0
0
0
0
946
0
0
0
0
0
0
0
0
1000
1000
0
0
0
0
0
0
0
0
0
0
0
0
1000
0
0
0
0
1000
0
0
0
0
0
756
0
1000
0
0
0
0
0
0
0
1000
0
0
0
0
0
0
703
0
0
0
0
0
0
0
0
0
0
0
0
0
0
0
0
0
0
0
0
0
0
0
0
0
1000
0
0
0
0
0
0
0
0
1000
0
0
0
0
1000
0
0
1000
0
0
0
0
0
0
0
0
0
0
0
0
0
0
0
0
0
0
0
0
0
0
0
0
0
0
0
1000
0
0
0
888
0
0
0
0
0
1000
0
0
723
0
235
711
0
0
0
0
1000
1000
0
0
0
0
0
0
0
0
0
0
0
907
0
1
0
0
0
0
0
0
0
0
0
0
0
0
0
0
0
0
0
0
1000
0
0
0
0
0
0
0
0
0
0
0
0
0
0
0
1000
0
0
0
1000
0
0
1000
883
0
0
0
0
0
0
0
0
0
0
0
0
0
0
0
0
0
0
0
0
0
0
0
0
0
1000
0
414
0
0
1000
0
0
0
0
0
272
0
0
1000
0
0
0
0
0
0
0
0
1000
0
0
0
0
0
0
0
460
0
0
0
353
0
0
0
0
0
0
0
0
0
82
822
0
0
0
0
0
693
0
0
0
0
0
0
0
0
0
0
0
0
0
712
0
0
0
0
0
0
0
0
1000
0
0
0
0
0
0
1000
0
1000
0
0
0
0
0
0
0
0
0
0
0
0
0
1000
0
0
0
0
0
0
0
0
0
0
0
0
0
0
0
0
1000
0
0
0
0
0
0
0
0
0
0
0
907
0
0
0
0
0
0
0
0
0
0
1000
0
0
0
1000
0
0
0
0
0
0
0
0
0
0
1000
0
0
0
0
0
0
0
0
0
0
0
0
0
0
1000
0
1000
0
0
0
0
0
0
0
0
0
819
0
0
0
0
712
0
0
0
0
1000
0
0
0
476
0
0
0
0
891
0
0
0
0
0
1000
0
0
0
0
0
0
0
1000
0
0
0
0
0
0
812
0
0
0
0
0
0
0
0
0
0
0
0
0
0
0
0
0
0
0
580
0
0
0
0
0
0
0
0
0
0
0
0
0
0
0
0
0
0
970
0
0
0
0
0
0
0
0
0
0
0
0
0
0
0
0
0
0
0
0
0
0
843
0
0
0
0
0
0
0
0
0
0
1000
873
1000
684
1000
1000
0
628
0
0
0
0
0
0
0
0
0
0
0
0
0
0
0
0
0
0
0
0
0
0
0
0
0
0
1
460
0
0
0
0
0
0
0
0
0
0
0
918
1000
0
478
0
0
0
0
0
0
0
0
0
0
1
0
0
0
0
0
0
0
0
0
0
0
0
0
711
0
0
0
0
0
0
0
0
0
0
1000
0
0
0
0
0
1000
0
0
0
0
0
0
0
0
0
0
0
0
0
0
0
0
0
0
0
0
0
0
211
0
0
0
1000
0
0
0
0
0
0
0
0
0
0
0
0
0
0
0
0
0
0
0
0
0
0
0
0
1000
0
677
1000
0
0
0
0
0
0
0
0
0
0
0
907
0
0
0
0
0
0
0
0
0
0
876
0
0
0
0
0
0
0
0
0
0
0
0
0
639
0
0
0
0
0
0
0
0
0
0
0
0
0
0
0
0
1000
501
0
0
0
0
0
0
0
0
0
1000
1000
0
0
0
0
0
0
0
0
0
0
0
0
0
0
0
0
0
0
0
0
0
0
0
0
0
0
0
0
680
0
0
0
0
0
0
0
0
0
0
0
0
0
0
0
0
0
0
0
1000
0
0
0
0
0
0
0
1000
0
0
0
0
0
0
0
0
1000
0
0
0
1000
0
0
331
1000
0
0
0
0
0
0
1000
0
0
0
0
0
0
0
0
0
0
0
1000
0
1000
0
0
0
0
0
0
0
0
0
0
0
0
664
0
0
0
0
0
0
820
0
0
0
0
0
0
0
0
0
0
0
0
0
0
784
0
0
885
0
0
0
0
596
0
0
0
0
0
0
0
0
0
0
0
0
1
0
0
0
0
0
0
0
0
0
0
0
1000
0
0
0
565
0
0
0
0
0
0
0
0
0
0
0
0
0
0
0
0
0
0
0
0
0
0
0
0
0
0
644
0
0
1000
0
0
0
0
0
0
0
0
0
0
0
0
0
0
0
0
1000
0
0
1000
699
0
0
0
353
0
0
0
0
680
0
0
0
0
0
0
0
0
0
0
0
0
0
0
0
0
0
0
0
1000
0
0
0
0
0
1000
0
0
0
0
0
0
0
0
0
0
0
996
0
0
0
0
0
0
0
0
0
0
0
0
0
0
0
1000
0
0
0
1
0
0
0
0
0
0
0
0
0
0
0
0
0
0
0
0
0
0
0
0
0
0
0
0
0
1000
0
0
0
0
0
0
0
0
0
0
0
0
0
0
0
0
784
0
0
0
0
0
0
1000
0
0
0
1
0
413
0
0
0
0
839
0
0
0
0
0
0
0
0
0
0
1000
0
0
0
0
0
0
0
1000
0
0
0
0
0
0
0
0
976
0
0
0
0
0
0
0
1000
0
0
0
0
0
0
0
0
0
0
0
0
0
0
0
0
0
0
0
0
0
0
0
0
0
0
0
0
0
0
0
0
0
0
0
0
0
0
0
0
0
0
0
1000
0
0
0
0
0
0
0
0
0
0
0
0
0
0
0
0
476
0
0
0
0
0
351
0
0
0
967
1000
0
0
0
0
0
952
877
0
0
0
1000
0
0
0
0
0
1000
0
0
0
0
0
0
0
0
0
0
0
0
0
0
0
0
0
0
527
0
0
0
0
0
0
0
0
0
0
0
0
0
0
0
0
0
0
0
0
0
0
0
1000
0
0
0
0
1000
0
0
0
1000
0
0
0
0
0
0
0
0
0
0
0
0
354
0
0
0
0
0
0
0
0
1000
1000
0
0
0
856
0
0
0
0
0
0
0
0
0
0
0
0
0
0
1000
0
1000
1000
0
0
0
0
0
0
558
0
0
0
0
0
0
0
0
0
0
0
0
0
0
994
0
0
0
0
0
0
0
0
0
0
0
0
0
0
0
0
0
0
0
0
0
0
0
0
0
0
0
0
0
0
0
0
0
0
0
677
0
885
0
0
0
0
0
0
0
0
0
0
0
1000
0
1000
0
0
0
0
0
0
0
0
0
0
0
0
0
0
1000
0
0
0
0
1000
0
0
1000
0
0
1000
0
0
0
0
1
0
0
0
0
887
0
0
0
0
0
0
0
1
0
0
0
0
0
0
0
1000
0
0
0
0
0
0
0
0
0
0
0
0
0
860
0
0
0
793
0
0
0
0
0
0
0
0
0
0
0
580
918
1000
0
0
0
0
0
0
0
0
0
0
0
0
0
0
0
0
899
0
965
0
0
0
0
1000
0
1000
0
0
0
0
0
0
0
0
0
0
0
0
0
0
0
0
0
0
0
0
1000
0
0
0
945
0
0
0
517
409
0
0
0
0
0
0
0
0
0
0
0
0
0
0
0
0
0
0
1000
0
0
0
1000
0
0
0
1000
0
0
0
0
0
0
0
0
0
283
0
0
0
0
0
1000
0
0
0
0
1000
0
0
0
0
0
0
0
0
0
0
0
0
0
0
0
0
0
1000
0
0
0
1000
0
0
0
0
0
0
0
0
0
0
0
0
0
0
0
0
0
0
0
0
0
0
0
721
0
0
0
0
0
0
0
1000
0
1000
0
0
0
1000
0
0
0
0
0
0
0
0
0
0
0
0
0
0
0
0
0
0
0
1000
0
0
0
1000
1000
0
0
735
0
0
0
0
1000
0
0
0
0
0
0
0
0
354
0
0
0
0
0
0
639
0
0
805
655
0
0
1000
0
0
0
0
953
0
0
0
0
0
0
0
0
0
0
0
0
0
0
0
0
0
0
0
0
0
0
0
0
0
1000
0
0
0
0
0
0
0
0
0
0
0
0
0
0
0
0
0
0
0
0
0
0
0
0
0
1000
0
1000
0
0
0
0
0
0
0
0
1000
0
0
1000
0
0
0
0
0
0
0
478
0
0
0
0
0
0
0
0
0
0
0
0
0
938
0
0
0
0
0
0
0
0
0
0
0
0
846
0
0
0
0
0
0
791
0
0
0
0
0
0
0
0
0
839
0
0
0
0
0
0
1000
0
502
286
0
0
1000
0
0
0
0
0
0
0
0
0
0
0
0
0
0
0
0
0
0
0
0
0
0
0
1000
0
0
0
810
0
0
0
0
0
0
0
1000
312
0
0
0
0
0
0
0
0
596
0
0
0
0
0
0
0
0
0
0
0
0
0
0
0
0
0
0
0
0
0
0
0
0
0
1000
0
0
755
0
0
0
0
511
0
0
0
0
887
0
0
0
0
0
0
0
0
0
0
0
0
0
0
0
0
725
0
0
0
0
0
0
0
0
0
0
0
0
0
0
0
0
0
597
0
0
1000
0
0
0
0
0
0
0
0
0
0
0
0
0
0
0
0
82
0
0
0
0
0
0
0
1
0
0
0
0
0
639
938
0
0
0
0
0
0
0
0
0
0
0
0
0
0
0
1000
0
0
0
0
0
0
0
0
0
0
0
640
0
0
0
0
368
0
0
0
0
0
0
1000
0
0
270
0
0
0
0
0
1000
0
0
0
0
0
0
0
0
905
819
0
0
0
0
0
1000
0
0
0
0
0
0
0
1000
806
0
248
0
0
0
0
0
0
0
0
822
0
0
0
0
0
0
0
0
0
0
1000
0
0
0
0
0
0
0
0
0
0
0
0
0
1000
0
0
0
0
0
1000
0
0
0
1000
0
0
0
0
0
0
0
859
0
0
773
0
0
0
0
0
1000
0
0
0
0
0
0
0
0
0
0
0
0
0
0
0
0
0
0
0
0
0
0
1000
0
0
0
0
0
0
0
0
0
0
0
0
0
0
0
0
0
0
0
0
0
0
0
0
0
0
0
0
0
0
0
0
413
0
0
0
0
0
0
0
0
0
0
0
1000
0
0
0
0
0
0
0
0
0
0
0
0
0
1000
723
0
0
0
922
0
1000
0
0
1000
0
0
0
0
0
0
0
0
0
0
0
0
0
0
524
0
0
1000
0
1000
0
0
0
0
0
0
0
0
0
0
0
0
0
0
0
0
0
0
0
0
0
1000
0
0
353
0
0
0
0
0
0
0
0
0
0
0
0
0
0
0
0
0
0
0
0
0
1000
0
0
805
0
0
0
0
1000
0
324
0
554
0
881
0
0
0
0
0
0
0
0
0
0
0
0
0
0
0
0
478
0
0
0
0
1000
0
0
0
0
0
0
0
856
0
0
0
0
0
0
1000
0
0
0
0
0
0
0
0
0
0
0
0
0
0
0
0
0
922
0
0
0
0
851
0
0
0
1000
0
0
0
0
1000
0
0
0
0
0
0
0
0
0
0
0
0
0
0
476
0
0
899
0
655
0
0
0
0
0
324
0
0
0
0
0
0
0
0
0
0
0
0
0
0
0
0
0
797
0
0
1000
731
0
0
0
0
0
1000
0
0
0
0
0
0
1000
0
0
0
1000
515
0
0
0
0
0
0
0
0
0
0
0
0
0
0
869
0
0
0
1000
0
0
909
0
0
509
0
0
0
0
0
0
0
0
0
0
0
0
1000
1000
0
0
0
0
0
0
0
0
0
0
0
0
0
0
0
0
0
0
0
0
0
0
0
0
0
1000
0
0
0
0
0
0
0
0
0
0
0
0
0
0
0
0
0
0
0
0
0
0
0
0
0
0
0
1000
1000
0
0
0
0
0
0
0
0
1000
0
0
0
0
0
0
0
0
0
658
0
0
0
0
0
0
0
0
0
0
1000
0
972
0
0
0
0
0
0
1000
0
0
0
0
0
0
0
0
0
0
0
0
0
0
0
0
1000
0
965
0
0
0
0
0
0
0
554
0
0
0
972
0
0
0
0
0
0
0
1000
0
800
0
0
0
0
0
0
0
0
0
0
0
0
0
0
0
0
0
0
995
0
0
0
0
1000
0
0
0
0
0
0
0
0
0
0
0
0
0
0
0
0
0
0
0
0
0
0
0
0
0
0
0
0
0
0
0
0
0
0
0
0
0
0
0
0
0
693
0
0
0
907
0
0
0
839
0
1000
0
0
0
1000
0
0
0
0
0
0
0
0
972
0
0
0
0
0
0
0
1000
0
0
0
0
0
1000
0
0
0
0
0
0
0
0
0
0
0
0
559
0
0
0
0
0
0
0
0
0
0
541
0
0
0
494
1000
0
0
0
0
0
1000
0
0
0
0
0
0
0
0
261
0
0
0
0
0
0
0
0
0
0
0
0
845
0
0
0
0
0
0
1000
0
0
0
0
0
1000
0
0
0
0
0
0
0
0
0
0
1000
0
881
0
1000
0
0
0
0
0
0
0
977
0
0
0
0
0
0
0
1000
0
0
0
0
0
0
0
0
0
0
0
0
0
0
0
0
0
0
0
0
0
0
1000
0
0
0
0
0
812
0
0
0
0
0
0
1000
0
0
0
0
0
0
0
0
0
0
0
0
0
0
0
0
0
0
1000
1000
0
1000
0
0
0
0
0
0
1
0
0
0
0
0
0
0
0
0
1000
0
0
0
0
0
0
0
0
0
0
0
0
0
0
0
0
0
0
0
0
0
320
0
0
0
0
0
527
0
0
0
0
0
0
0
0
1000
0
0
0
603
0
0
0
0
858
0
0
0
0
0
0
0
0
0
0
0
0
0
0
0
0
0
0
0
0
0
0
525
0
0
0
0
0
0
0
979
0
0
0
0
0
0
0
0
0
0
0
0
0
0
1000
0
0
0
351
0
0
0
0
0
0
0
0
0
0
0
0
0
0
0
0
0
0
0
1000
0
0
1000
0
0
0
0
0
0
0
0
0
0
0
0
1000
0
1000
0
0
0
473
0
435
0
0
0
0
882
0
0
1000
0
0
0
0
0
0
0
0
0
0
0
0
0
0
0
0
1000
798
0
0
0
0
0
0
0
0
0
0
0
0
0
0
0
0
0
0
0
0
0
0
0
0
0
0
0
0
0
0
856
0
1000
0
0
0
0
0
0
0
0
0
0
0
0
0
0
0
0
0
0
0
0
0
1000
0
0
0
0
0
0
0
0
1000
0
0
517
0
0
0
522
522
0
0
0
0
0
0
0
0
0
0
0
0
0
0
970
0
0
0
1000
0
0
0
0
5
0
0
0
0
0
1000
0
0
1000
0
0
0
0
0
535
0
0
0
0
0
0
0
0
0
0
0
0
0
0
0
1
0
0
0
0
0
0
0
953
0
0
0
0
0
0
0
0
0
0
0
0
1000
0
0
0
0
0
0
0
0
0
0
0
0
1000
1000
0
0
0
0
0
0
0
0
0
0
0
0
0
551
922
0
739
0
0
0
0
0
531
0
1000
0
0
0
0
0
0
0
0
0
917
0
932
0
0
0
0
0
0
0
0
0
0
0
459
511
0
0
0
0
0
0
0
0
0
0
0
0
0
0
0
0
0
0
0
0
1000
1000
0
846
0
0
0
0
0
0
0
0
0
977
0
0
0
0
0
0
0
0
0
0
0
0
898
0
0
0
0
0
0
0
0
542
0
0
0
0
0
0
1000
0
0
0
0
0
0
0
0
0
0
0
1000
0
0
0
0
0
0
0
0
0
0
0
0
890
0
0
0
0
0
0
0
0
0
0
0
0
0
0
1000
1000
1000
0
1000
0
0
0
970
0
0
0
0
1000
0
967
0
0
0
0
0
0
0
1000
1000
0
0
0
0
0
1000
0
0
0
0
0
0
0
1000
0
0
0
0
0
0
0
0
0
0
0
0
0
0
1000
0
0
0
1000
0
0
0
0
0
0
0
0
0
0
0
0
0
0
0
0
0
0
0
0
0
0
0
0
0
0
0
1000
0
0
0
0
0
0
0
0
0
0
0
0
729
0
0
0
0
0
0
0
0
0
0
0
0
0
0
0
0
1000
0
0
0
0
0
0
1000
0
0
0
0
0
0
1000
0
0
0
1000
0
0
0
1000
0
0
0
0
0
0
0
0
0
0
0
0
0
0
0
0
0
0
1000
0
0
0
779
0
0
0
0
0
0
0
0
0
1000
0
0
0
0
0
0
0
0
0
0
0
0
557
0
0
0
0
1000
0
0
0
889
273
0
0
0
0
0
0
0
0
0
0
0
0
0
0
0
0
0
0
0
0
0
0
0
0
0
0
0
0
0
0
0
0
0
0
0
0
0
0
0
0
0
0
0
0
0
0
0
1000
0
0
0
851
0
0
454
0
0
0
0
0
0
841
0
0
0
0
0
0
0
1000
0
0
0
488
0
0
0
0
0
0
0
0
0
0
0
1000
0
0
0
1000
0
0
0
0
0
0
0
1000
0
0
0
0
0
0
1000
0
0
891
0
0
0
0
0
0
0
0
0
0
0
0
0
0
0
0
0
0
0
0
0
0
0
1000
0
0
0
800
0
0
0
0
1000
0
0
0
0
0
0
0
0
0
978
0
0
0
0
0
585
0
0
0
0
0
0
470
0
0
0
0
0
1000
1000
0
0
0
0
0
280
0
0
0
0
0
0
0
0
0
719
0
0
0
669
0
0
0
0
0
459
0
0
0
0
0
0
0
0
0
0
0
437
0
0
0
0
0
0
0
876
1000
0
0
1000
0
0
1000
0
0
0
0
755
0
1000
723
0
0
0
0
0
0
320
0
0
0
0
0
0
1000
0
0
0
0
0
0
0
0
0
0
0
0
0
0
0
0
0
0
0
0
0
0
0
0
0
0
0
0
0
0
0
0
913
0
0
0
0
0
258
0
0
511
0
0
0
0
0
0
0
0
0
0
0
0
875
0
0
0
0
1000
0
0
0
0
1000
0
0
0
0
0
0
0
0
0
0
0
0
0
0
0
0
0
0
0
0
0
0
0
0
0
0
0
0
0
0
0
0
0
0
0
0
0
0
0
0
0
0
0
0
0
0
0
1000
0
1000
0
0
0
0
0
0
0
0
0
0
0
0
861
0
0
1000
0
0
1000
0
0
0
0
0
0
0
0
0
0
0
0
0
0
0
0
0
1000
863
673
0
0
923
1000
762
0
0
0
0
0
0
0
0
0
0
0
0
0
0
0
0
0
0
0
0
0
0
791
0
0
0
0
0
0
0
0
1000
0
0
0
0
0
0
0
0
0
0
0
0
0
1000
0
0
0
1000
0
0
1000
435
0
0
0
0
0
0
0
0
0
0
0
0
0
0
0
0
1000
0
0
0
0
0
0
0
0
0
0
889
0
0
0
0
0
0
0
722
0
16
0
1000
0
0
0
0
0
838
0
1000
0
0
0
0
1000
712
0
0
0
0
0
0
0
0
952
0
0
0
0
0
0
0
0
0
0
0
797
0
0
0
1000
0
0
0
0
898
0
0
0
978
0
0
1000
0
0
0
0
0
0
0
0
1000
0
0
0
0
0
0
0
0
1000
0
0
1000
0
0
0
0
0
0
0
0
887
0
0
0
0
0
0
0
0
0
0
0
0
0
0
0
0
0
0
0
0
0
0
0
0
0
0
0
0
0
0
1000
0
0
0
0
0
0
0
0
0
0
877
0
0
0
0
0
0
0
0
0
922
0
0
0
0
0
0
0
0
0
0
0
0
0
851
0
0
0
0
0
0
0
0
0
0
0
0
0
0
0
0
1000
0
0
0
0
0
876
0
0
0
721
0
1000
0
0
0
1000
999
0
0
0
0
0
0
0
875
0
0
0
1
0
864
0
0
0
0
0
144
0
0
0
419
0
0
0
0
0
0
0
0
0
1000
0
711
0
0
0
0
0
0
0
1000
0
0
0
0
511
0
0
0
0
0
0
0
0
0
0
0
0
1000
0
0
0
0
0
0
0
0
0
0
0
0
0
0
0
0
0
0
0
0
0
0
567
0
0
0
0
0
0
0
0
0
0
0
0
729
0
0
1000
1000
0
0
0
0
0
0
0
0
0
155
0
0
0
0
1000
0
0
0
0
0
319
0
0
0
0
0
0
0
0
0
0
0
0
0
0
0
1000
0
0
0
0
0
0
0
0
0
0
0
0
1000
0
1000
0
0
0
0
527
0
0
1000
0
0
0
0
0
0
0
0
0
0
0
0
0
0
0
0
0
0
0
0
0
0
376
1000
0
0
463
1000
0
0
0
0
0
1000
0
0
0
0
0
1000
0
1000
0
0
0
0
0
0
0
0
0
0
0
0
0
0
0
0
0
0
0
0
0
0
1000
0
0
0
0
1000
0
1000
0
0
0
0
0
0
0
0
0
0
0
0
0
0
0
0
0
0
478
731
0
0
0
0
0
0
0
0
0
0
0
454
0
0
0
1000
0
0
0
0
0
0
0
0
0
0
0
0
0
0
1000
0
0
446
0
0
0
0
0
0
0
1000
0
0
0
0
0
0
0
0
0
0
786
0
0
0
0
0
1000
0
0
1000
0
0
0
0
0
0
0
0
0
0
0
0
0
0
0
0
0
0
0
0
0
0
0
996
1000
1000
1000
1000
0
0
0
0
0
640
859
0
0
0
0
0
0
0
0
0
1000
0
0
0
0
0
0
0
0
0
0
0
0
0
0
0
0
0
0
0
0
0
0
0
0
0
0
0
0
0
0
0
0
1000
0
0
0
0
0
0
0
0
0
1000
0
0
0
0
1000
505
0
0
0
0
0
0
0
0
0
0
0
1000
0
0
0
0
0
0
0
0
0
0
0
0
0
0
0
1000
0
0
0
0
0
0
0
0
0
0
0
0
0
1000
0
0
0
0
0
0
0
0
0
0
0
0
0
0
585
0
0
0
0
0
0
0
0
0
0
1000
0
550
0
916
0
0
0
0
0
0
0
0
0
0
0
0
0
0
0
0
0
0
0
1000
0
0
0
0
0
0
0
0
0
0
0
0
0
1000
0
0
0
0
0
0
0
1000
0
0
0
0
0
946
0
1000
0
0
0
0
0
0
565
0
0
0
1000
0
0
0
0
0
887
0
0
0
0
0
0
0
0
0
0
1000
0
0
0
0
0
0
0
0
0
1000
0
0
0
0
0
0
1000
0
0
0
1000
0
740
586
1000
0
0
0
0
0
0
0
0
0
0
0
1000
0
0
0
0
0
0
0
0
0
0
0
0
0
634
0
0
0
0
0
0
0
0
0
694
0
0
0
0
0
0
0
0
0
0
883
0
0
0
0
0
0
0
0
0
0
1000
1000
0
0
0
0
0
0
773
0
0
0
0
0
0
0
0
0
517
0
0
0
0
0
0
0
1000
435
1000
0
0
0
0
0
0
0
0
0
0
0
0
0
0
1000
0
679
0
579
0
0
0
0
0
0
971
0
0
0
797
0
0
633
0
0
0
0
0
0
0
0
0
0
0
0
0
0
0
0
0
0
0
0
0
0
0
0
0
0
0
0
1000
0
0
0
0
0
0
0
0
0
0
0
0
0
0
839
0
0
0
0
1000
0
0
0
0
0
0
1000
0
0
542
1000
0
0
0
0
0
0
0
0
0
0
0
0
550
0
0
0
0
0
0
0
0
0
0
0
0
0
1000
1000
730
0
0
0
0
0
0
0
0
0
0
0
0
0
0
0
0
0
0
0
0
0
0
0
0
0
0
0
0
0
0
0
0
0
0
0
1000
0
0
0
0
0
0
0
0
1000
0
0
0
0
0
0
0
0
0
0
0
368
0
0
0
1000
0
0
0
0
0
0
0
0
0
0
0
0
0
0
1000
0
0
0
0
0
0
0
0
1000
0
0
0
342
0
0
0
1000
0
0
0
0
0
0
0
0
0
0
0
1000
0
1000
0
0
0
0
132
0
0
0
0
0
0
0
0
0
0
0
0
0
0
0
0
0
0
0
1000
0
0
0
0
0
0
0
0
0
0
0
639
0
0
0
0
1000
0
0
0
0
0
0
0
0
0
0
0
0
0
0
0
0
0
0
0
0
0
0
0
841
0
0
0
0
0
0
0
0
0
0
916
0
0
0
342
0
0
0
0
0
0
0
0
0
849
976
0
0
0
451
0
0
0
1000
0
0
0
0
0
0
0
0
0
0
0
0
0
0
0
0
0
0
0
0
0
0
1000
0
0
0
0
0
0
0
0
0
0
0
0
0
0
0
0
0
0
0
0
0
0
0
0
0
0
0
0
0
0
0
0
0
559
0
1000
0
522
0
0
0
1000
0
0
0
0
0
0
1000
0
0
0
0
0
740
0
0
0
0
0
1000
0
0
0
0
1000
833
0
0
0
0
0
0
0
1
0
0
0
0
0
0
0
0
0
0
0
0
0
0
0
0
0
0
0
0
0
0
0
0
0
0
0
0
0
0
0
0
0
0
0
0
0
1000
0
331
0
0
0
0
0
1
1000
0
0
0
0
0
0
0
0
0
0
0
0
0
0
473
522
0
0
1000
0
0
470
0
0
0
0
0
0
0
0
0
0
586
0
0
0
0
1000
0
1000
0
0
0
0
0
0
1000
0
0
0
0
0
0
0
0
0
0
0
0
0
1000
0
0
1000
0
0
0
0
0
0
0
0
0
0
0
0
0
0
0
0
0
0
0
0
0
0
0
0
819
0
0
0
1000
0
0
976
0
0
0
0
0
0
0
0
0
1000
0
0
0
0
0
0
0
0
0
0
0
0
0
0
0
0
0
0
0
0
0
567
376
1000
0
0
1000
0
0
0
0
0
1000
0
0
0
0
0
0
0
0
0
0
0
0
864
1000
0
0
0
0
0
0
0
0
0
0
0
0
0
333
0
0
0
0
0
0
0
0
0
0
0
1000
0
0
0
0
0
0
0
0
0
0
0
0
0
0
0
0
0
0
558
0
0
0
0
0
0
0
0
0
0
0
1000
995
0
0
0
435
0
0
0
0
0
0
0
0
0
0
0
0
0
1000
0
0
0
0
1000
0
1000
0
0
0
0
0
1000
0
0
0
0
0
0
0
0
0
0
0
0
0
0
0
0
0
0
0
0
1000
0
0
0
0
0
0
588
0
0
0
0
0
0
0
0
0
0
0
0
0
0
1000
0
0
1000
0
843
0
0
0
0
0
0
0
0
0
0
721
0
1000
0
0
0
0
0
0
1000
0
0
0
603
0
0
0
1000
0
779
0
0
0
0
0
0
0
0
0
0
0
0
0
0
0
0
0
0
0
0
1000
0
0
0
0
0
0
0
0
0
768
0
0
0
941
0
560
0
0
0
0
0
0
0
441
0
0
0
0
0
0
0
442
0
0
0
0
0
0
0
0
0
0
0
1000
0
0
0
0
0
0
0
0
0
0
0
0
0
0
945
0
1000
0
0
1000
0
0
856
1000
0
0
0
0
0
0
0
551
0
0
0
0
0
0
0
0
1000
0
0
0
446
0
0
0
679
0
0
0
0
0
0
0
0
0
0
0
0
0
0
0
0
702
0
0
0
0
0
0
0
1000
0
0
0
0
0
0
622
0
0
0
0
0
0
0
0
0
0
0
0
985
0
0
0
0
0
0
0
0
1000
0
0
0
0
0
0
0
0
0
0
887
0
0
0
502
0
0
0
0
0
0
0
0
0
0
0
0
0
922
0
0
0
0
0
0
0
0
0
876
0
463
0
0
0
0
0
0
0
0
1000
0
0
0
0
0
0
328
0
0
0
0
0
0
0
0
0
0
0
0
0
1000
0
0
0
0
0
750
0
0
0
0
793
1000
0
0
0
949
0
0
0
0
965
0
0
0
0
0
0
0
0
712
0
1000
0
0
0
0
0
0
0
0
0
0
0
286
0
0
0
0
0
0
0
0
0
0
0
0
0
0
0
0
0
1000
1000
0
0
0
0
0
0
1000
0
0
0
0
579
0
0
0
833
0
0
0
0
0
328
0
0
0
0
0
0
0
0
1000
0
0
0
762
0
0
0
939
0
0
0
0
0
0
0
0
0
0
0
1000
0
0
0
0
0
0
0
0
0
0
0
0
0
0
0
0
0
0
0
0
0
0
0
0
0
0
0
0
0
0
0
270
0
0
0
0
0
1000
0
0
0
882
0
739
0
0
0
0
1000
0
0
0
1000
0
0
0
0
0
0
0
0
1000
0
849
0
0
0
0
0
0
0
0
0
0
0
0
0
0
0
0
0
1000
0
0
0
0
0
0
0
0
0
0
0
0
0
0
0
0
0
0
0
0
0
0
0
0
1000
0
0
0
0
0
0
0
0
0
0
0
0
1000
0
1000
0
0
0
0
517
0
0
0
0
0
0
524
0
1000
0
0
0
0
858
0
0
0
0
0
0
0
0
0
0
0
0
0
0
0
0
0
0
0
0
1000
0
976
0
1000
0
0
0
0
0
0
0
0
0
0
1000
0
0
1000
0
0
0
0
0
0
0
0
1000
0
0
0
0
0
0
0
0
0
0
1000
0
0
0
0
0
0
0
0
0
0
0
0
0
0
0
0
0
0
0
0
0
0
1000
0
0
0
409
0
0
1000
0
0
0
0
0
515
0
0
0
0
0
0
0
0
0
0
0
0
0
0
0
0
0
721
0
0
0
0
0
0
0
730
0
0
0
0
0
0
0
0
0
0
0
0
0
0
0
0
0
0
1000
1000
0
0
0
0
153
0
0
0
0
0
0
0
0
0
0
0
0
0
0
0
0
0
0
0
0
0
0
929
0
0
0
0
0
0
0
0
0
0
0
0
0
0
0
0
0
0
0
0
0
0
0
0
0
0
0
0
541
1000
0
1000
0
0
0
0
0
488
0
0
861
0
0
0
0
0
0
1000
0
0
0
0
0
0
0
0
0
0
0
0
0
0
0
0
0
0
0
0
1000
0
0
0
1000
124
897
0
0
1000
0
0
0
0
0
0
310
0
0
0
0
0
0
954
1000
0
1000
0
0
0
0
0
0
0
0
0
0
1000
0
0
0
0
0
0
0
0
0
0
0
1000
0
0
725
0
0
1000
1000
0
0
0
0
0
0
0
0
0
0
0
0
0
0
0
0
0
0
1000
0
0
0
0
0
0
0
0
0
0
0
0
0
0
0
0
0
0
0
1000
0
0
0
0
690
0
0
886
0
0
0
0
0
0
0
0
0
0
0
0
0
0
0
0
1000
0
0
0
0
0
0
820
0
0
0
0
0
0
0
0
0
0
0
0
0
0
0
1
0
0
0
0
0
0
0
0
0
0
0
0
0
0
1000
0
0
0
0
0
0
0
0
0
0
0
0
0
0
1000
0
0
0
1000
1000
0
0
0
0
0
0
451
0
0
0
0
768
702
0
0
0
0
0
0
0
0
0
1000
514
845
1000
0
1000
533
0
0
0
0
0
0
0
0
0
0
0
0
0
0
0
0
0
0
0
0
0
0
0
1000
0
0
0
0
0
0
0
0
0
0
0
0
0
0
0
1
0
1000
0
0
0
1000
0
1000
0
0
0
0
0
0
0
0
0
531
0
0
1000
0
280
0
1000
0
0
0
0
0
0
0
0
1000
971
0
0
0
0
0
864
0
0
0
0
0
0
0
0
1000
690
0
0
0
0
1000
0
0
0
0
0
0
0
1000
0
0
931
0
0
0
0
0
0
0
1000
0
0
0
0
0
0
0
0
0
1000
0
0
0
0
0
1000
0
0
0
0
0
0
0
0
0
0
0
0
0
0
0
0
0
0
0
0
0
494
0
0
0
0
0
0
0
0
0
0
0
0
0
0
0
729
0
0
0
0
0
0
0
1000
0
1
0
1000
0
0
0
0
1000
0
1000
0
0
0
1000
0
0
0
847
0
0
0
0
0
0
0
0
0
0
0
0
0
0
0
0
0
0
0
886
851
0
0
0
0
0
0
0
0
0
0
0
0
476
873
0
1000
0
0
0
0
0
0
0
0
0
0
0
0
0
0
0
0
0
0
0
1000
0
0
0
970
1000
1000
0
0
0
0
913
0
0
0
1000
0
0
0
0
0
0
0
0
0
0
0
0
0
0
0
0
0
0
0
0
1000
0
0
514
0
0
0
869
0
0
1000
1000
0
1000
0
0
0
0
0
0
0
0
0
0
0
0
290
0
1000
0
0
1000
0
0
0
0
0
0
1000
0
0
0
1000
0
501
0
0
0
0
0
0
0
0
0
0
0
0
0
0
0
0
0
0
0
0
812
0
0
0
0
0
0
0
0
0
0
1000
0
887
999
0
0
0
0
0
0
0
0
1000
1000
0
0
0
0
941
0
0
0
1000
0
1000
0
886
845
1000
847
869
0
