0
0
0
0
0
0
0
0
0
0
0
0
0
0
0
0
0
0
0
677
523
0
626
0
0
0
0
0
0
0
0
0
682
0
0
0
0
0
0
724
0
0
0
0
0
0
0
0
0
0
0
879
0
0
0
0
0
0
0
0
0
0
0
0
0
0
0
601
0
660
0
711
0
0
0
0
0
0
0
0
0
0
0
0
0
0
0
0
0
795
0
0
0
0
0
0
0
0
789
0
0
0
0
0
0
0
0
0
0
0
0
0
699
0
0
0
0
968
0
0
0
850
0
0
0
0
0
0
0
0
0
808
0
0
0
0
0
0
0
0
0
0
0
0
0
678
807
0
0
988
950
912
0
0
0
0
0
0
0
0
0
0
0
0
0
0
0
0
0
0
0
0
0
546
0
0
0
0
0
0
0
863
0
0
0
742
0
847
0
0
0
588
0
0
0
0
0
0
0
763
0
0
0
0
0
0
0
0
0
847
0
0
0
0
0
0
677
0
0
0
0
0
0
0
0
0
0
0
0
0
661
0
0
0
524
0
891
0
0
0
726
0
0
824
0
0
0
0
0
0
0
0
0
0
0
694
0
0
953
0
0
0
0
0
532
0
0
936
0
0
0
0
0
584
0
0
764
0
0
838
0
0
846
0
0
0
745
0
0
0
764
0
0
547
0
0
0
0
0
0
0
0
0
0
0
0
0
0
0
0
0
0
0
0
0
0
527
0
0
574
0
0
0
0
982
0
0
0
0
0
0
0
0
0
0
0
0
0
0
0
0
0
657
0
0
0
0
0
0
0
0
0
983
0
0
0
0
0
0
0
0
0
0
573
0
0
0
0
0
0
0
0
731
0
0
0
964
0
0
0
0
0
0
0
0
0
0
0
0
0
0
0
0
0
0
0
0
0
599
925
0
0
0
0
0
0
0
0
532
0
0
0
0
0
890
0
823
0
0
0
0
0
0
0
0
0
0
0
0
0
994
572
0
0
0
0
0
0
0
0
0
0
0
874
0
0
0
0
0
0
0
0
829
0
0
0
0
0
0
0
603
0
0
718
0
0
0
0
0
0
0
0
0
0
0
0
0
0
0
0
0
0
0
0
0
0
0
0
0
0
0
0
719
0
0
0
0
0
0
0
0
0
0
0
0
0
0
0
0
0
0
0
0
0
667
0
0
0
0
0
683
0
0
904
0
0
0
0
0
0
0
0
0
891
0
818
904
0
0
0
0
0
0
0
0
0
828
0
0
0
0
0
0
0
0
0
0
0
0
0
0
0
0
0
0
0
0
663
0
0
0
0
774
0
0
0
0
0
853
0
0
0
0
0
0
0
0
0
0
0
0
0
0
0
873
0
0
0
0
0
0
0
0
0
0
0
0
0
0
0
0
0
0
0
709
0
0
0
0
0
545
0
0
0
934
0
0
0
0
0
0
0
0
0
0
0
0
0
0
0
0
0
0
500
980
0
0
0
0
0
922
0
0
0
0
0
738
0
0
0
918
0
0
0
0
0
0
0
696
0
0
0
0
0
748
0
950
0
655
0
0
620
0
0
0
0
765
0
0
0
0
0
0
0
0
0
817
833
0
0
0
0
0
0
0
0
0
0
0
0
0
0
0
0
0
0
0
0
0
0
0
995
0
0
0
0
0
0
0
0
837
683
0
0
0
0
0
0
0
0
0
0
0
0
0
0
0
825
0
0
0
817
0
0
0
0
976
0
0
0
0
0
0
0
0
0
0
0
777
0
0
0
0
0
0
0
0
665
574
0
0
679
0
825
0
0
0
0
0
0
0
0
802
981
0
0
0
811
0
0
0
0
0
0
532
0
0
0
0
614
0
0
0
0
0
0
0
0
0
584
0
0
0
782
0
0
0
794
0
694
0
0
0
0
0
0
0
0
0
0
607
0
875
0
0
0
0
0
0
0
0
0
0
0
0
704
0
0
0
0
0
0
0
0
0
0
0
0
0
0
0
0
0
647
0
0
745
0
0
0
0
0
0
0
0
0
0
0
0
0
936
0
689
0
0
0
0
0
0
0
0
0
847
0
0
0
0
0
614
0
0
0
0
0
528
634
0
0
0
0
0
768
0
0
0
0
0
0
0
0
0
0
0
0
0
0
0
0
806
0
0
0
0
813
0
0
0
0
0
0
0
0
0
0
0
0
0
0
0
0
0
0
0
0
0
0
605
0
0
0
0
0
0
0
738
0
0
0
0
0
0
0
0
0
0
0
0
0
0
778
0
0
0
0
757
0
0
0
0
0
0
0
0
0
0
0
0
0
0
0
0
853
0
0
0
0
0
0
0
0
0
0
0
0
0
0
0
0
0
0
0
924
0
0
0
0
0
844
0
0
0
0
0
900
0
0
0
0
0
0
945
0
0
0
0
0
792
0
0
0
0
0
0
663
0
651
660
0
0
0
0
0
0
0
0
790
0
0
0
0
0
0
0
0
0
0
0
0
0
0
0
0
0
0
0
0
531
922
0
0
0
0
0
0
0
0
0
0
0
0
853
0
0
0
0
0
0
0
690
0
0
0
0
0
0
0
0
0
0
0
0
0
0
994
0
0
737
0
0
0
0
0
0
0
0
0
0
906
0
0
0
0
959
0
0
0
0
0
0
0
0
950
0
0
0
782
0
0
0
0
0
0
914
0
585
0
0
0
0
0
0
0
0
0
0
0
0
0
0
522
505
0
0
0
0
0
0
0
0
0
0
699
0
0
0
0
0
0
0
0
0
0
0
0
0
0
0
0
0
0
0
0
0
0
0
0
0
0
0
0
0
0
0
0
524
0
0
524
0
942
633
0
0
0
0
0
0
0
0
0
0
0
0
0
0
0
0
802
0
0
0
0
0
0
0
0
0
590
0
0
512
0
0
0
0
0
0
0
0
787
0
0
0
0
0
0
0
0
749
0
0
0
828
0
0
0
0
0
0
0
0
0
0
0
0
0
0
0
0
0
0
0
0
0
0
0
0
0
0
0
656
831
0
0
0
0
842
0
0
832
0
0
902
0
0
0
0
0
0
0
0
0
0
946
0
0
0
0
0
0
0
0
0
0
0
0
640
971
0
0
0
0
0
0
0
0
0
0
0
0
0
614
834
0
0
0
0
0
0
0
0
0
0
0
0
0
545
665
0
713
0
0
0
0
0
0
728
0
0
0
0
0
0
0
890
667
709
0
0
528
0
0
0
0
0
0
0
0
0
0
0
0
0
0
0
0
0
0
0
0
0
0
0
0
746
0
0
0
0
0
542
0
0
627
0
0
0
822
0
989
0
0
0
0
944
0
0
0
592
0
677
0
0
0
670
0
912
0
0
0
0
874
0
0
0
0
0
791
0
0
0
0
0
0
0
0
0
0
0
0
670
0
0
0
910
0
0
0
0
0
0
0
0
0
0
0
0
0
0
634
0
0
0
0
0
0
0
826
0
721
952
0
0
0
628
0
738
0
0
0
0
0
0
0
0
0
0
0
0
0
0
0
0
0
0
0
0
0
0
0
0
0
898
0
0
0
0
0
0
556
0
0
0
0
988
0
0
0
0
618
0
0
0
0
978
0
0
0
0
0
0
0
0
0
0
0
0
0
0
0
0
0
0
0
0
0
0
595
0
0
0
0
677
527
823
0
0
0
0
0
0
0
0
0
0
0
0
0
0
0
0
844
0
746
0
0
708
0
0
0
0
738
0
0
0
0
0
0
0
0
0
0
0
0
0
673
0
754
0
0
593
995
710
841
950
623
0
0
0
0
555
0
0
0
0
0
0
0
0
0
0
0
0
0
505
0
0
0
0
0
0
0
0
0
0
0
801
0
0
0
0
0
0
718
0
0
0
949
0
622
0
968
0
0
0
0
0
0
0
0
0
0
0
0
0
826
0
0
0
0
0
0
0
602
0
0
0
616
0
0
0
670
0
0
0
0
524
0
836
0
0
0
0
0
0
0
0
0
0
0
0
0
820
0
630
0
0
0
0
0
0
0
0
645
0
0
0
0
797
0
0
0
0
0
873
0
0
0
0
0
0
0
0
0
0
0
0
807
0
0
0
0
0
0
0
0
827
0
0
0
0
0
0
0
0
0
0
0
0
0
0
690
0
0
0
0
0
0
0
0
0
0
0
0
0
773
0
0
0
0
0
0
0
0
0
0
0
0
0
938
0
0
0
0
0
911
0
917
0
0
0
0
0
578
0
0
0
0
0
0
0
0
0
0
0
0
0
0
0
0
0
0
0
0
0
0
0
0
0
0
0
0
0
729
0
0
0
0
0
0
798
0
0
0
0
0
0
0
0
0
677
0
0
574
0
0
0
0
584
0
0
0
0
0
0
721
0
0
0
0
0
0
0
0
0
0
0
0
0
0
0
0
0
0
0
0
0
0
0
0
0
0
0
0
0
0
0
0
0
0
0
0
743
0
0
0
0
0
0
979
0
0
0
0
0
0
0
964
0
0
0
0
640
0
0
884
604
0
0
0
0
0
0
0
0
0
0
0
0
0
0
0
0
0
0
0
0
0
0
0
523
0
0
0
0
683
545
0
0
0
0
0
0
656
0
952
0
0
0
0
0
0
0
0
579
0
0
0
618
0
0
0
0
0
0
0
0
0
0
0
589
0
0
0
0
0
847
0
503
0
615
0
705
0
0
0
625
0
0
0
0
0
0
866
0
0
0
0
0
0
0
0
0
0
0
0
0
0
727
0
0
732
0
0
0
0
0
0
0
0
0
0
995
0
544
0
0
0
0
0
0
850
0
0
0
0
0
995
0
768
0
0
0
831
0
0
844
0
0
0
0
0
0
0
0
828
807
0
616
0
0
786
0
0
0
0
0
0
0
0
0
0
0
0
0
0
0
958
0
0
0
0
0
0
776
0
667
0
751
706
0
716
0
0
0
0
0
0
0
0
0
886
0
0
0
0
0
0
0
606
0
694
0
0
0
748
0
0
960
0
892
0
0
0
0
938
0
672
0
0
626
0
0
0
0
0
0
0
0
0
0
0
0
0
0
0
0
0
0
0
0
0
0
0
825
0
0
0
612
0
0
0
0
0
784
853
0
0
0
0
0
0
0
0
0
0
0
0
0
0
0
605
0
0
0
0
0
0
0
0
0
0
0
893
0
0
0
0
0
0
0
0
0
0
595
0
0
0
866
0
0
0
770
533
735
548
0
0
815
0
700
531
0
640
0
0
0
0
0
0
0
0
0
0
0
904
0
0
782
0
0
0
0
0
0
0
746
602
0
0
0
0
0
0
0
0
0
621
0
604
0
0
508
910
0
0
696
586
0
642
0
0
0
0
0
0
0
0
0
0
0
0
0
709
0
0
0
0
763
0
0
920
0
0
0
0
0
0
0
0
0
0
0
0
800
0
0
764
0
0
0
0
0
0
0
0
0
0
0
0
0
0
0
0
0
0
0
0
0
0
0
0
0
982
0
0
934
0
0
0
0
0
0
0
0
628
0
0
0
0
579
0
825
0
0
0
0
0
841
0
0
0
0
0
0
0
0
0
0
0
0
0
0
0
992
0
0
0
0
932
0
0
0
0
0
0
0
0
0
866
0
0
663
0
0
0
0
0
0
0
0
0
0
0
0
0
0
791
0
0
666
0
0
0
0
0
0
0
0
0
0
0
0
0
0
0
0
990
0
782
0
0
0
0
0
0
0
0
0
0
0
0
0
0
0
0
0
0
773
0
0
828
0
0
0
0
0
548
0
0
0
0
0
0
0
0
501
0
0
0
0
0
0
0
0
596
0
0
0
0
0
0
0
0
0
0
0
0
629
704
0
0
0
0
0
0
638
0
0
0
0
0
0
0
0
0
0
0
0
0
0
0
975
0
0
0
0
0
0
0
858
0
0
0
821
0
0
0
0
0
0
0
0
0
0
0
0
0
0
0
0
0
0
842
0
738
708
0
0
0
0
807
0
0
0
0
0
516
0
0
0
0
0
0
0
0
0
0
650
0
0
830
0
512
0
0
0
0
0
0
0
0
0
0
0
0
813
0
0
0
0
0
0
0
0
0
0
0
0
0
0
879
0
0
0
0
0
0
0
563
0
0
0
0
0
0
556
0
0
0
928
758
756
0
654
0
0
633
0
0
0
0
0
0
0
0
0
0
794
0
0
0
0
0
0
0
0
616
0
0
0
0
0
621
0
548
516
0
0
0
774
0
0
757
0
0
0
603
0
0
0
0
0
0
563
0
0
0
0
919
0
0
871
0
0
616
716
0
0
0
0
0
0
0
0
0
0
864
0
0
0
0
0
710
0
0
0
0
742
0
0
0
534
0
0
0
867
0
0
999
528
0
0
0
0
0
853
0
915
0
0
0
0
0
0
0
0
0
0
0
0
0
0
0
0
0
0
0
0
0
618
616
612
0
841
0
0
0
0
0
0
924
557
0
0
0
0
0
0
0
0
0
0
0
0
929
0
0
0
0
0
0
0
0
589
0
0
0
0
0
588
0
702
0
0
0
0
0
0
0
0
0
0
0
0
0
0
0
0
0
0
0
0
0
0
0
0
0
0
0
0
0
0
0
0
0
984
0
813
0
0
0
0
0
0
0
0
0
694
0
0
0
0
832
0
0
0
0
0
0
0
0
0
604
0
0
0
0
0
0
0
0
0
0
0
0
0
0
0
0
865
0
0
0
0
0
0
0
571
0
0
713
0
0
924
0
0
0
0
0
0
0
0
0
0
0
0
0
0
0
0
0
0
0
579
0
0
0
901
0
0
0
0
0
0
0
0
0
0
0
0
0
0
0
0
0
0
0
0
0
0
0
661
0
994
0
0
837
0
0
0
0
0
0
0
0
0
0
0
0
0
0
0
0
0
0
0
774
0
0
0
0
831
0
0
0
0
0
0
0
0
0
0
0
0
0
0
0
0
0
0
876
0
0
971
0
0
0
638
0
0
0
0
0
544
0
0
580
0
0
0
0
0
0
0
0
0
0
0
0
0
954
0
0
929
0
0
0
0
0
0
0
0
0
855
0
0
0
0
0
0
808
0
0
572
0
0
683
0
0
924
0
0
0
0
0
738
670
0
0
0
786
0
0
0
0
0
0
924
0
0
0
720
0
0
657
0
0
0
0
0
832
0
0
0
0
661
0
509
0
0
0
0
0
0
0
0
0
0
0
0
0
0
0
0
0
0
0
0
0
647
0
0
0
0
0
0
0
0
816
0
0
0
0
0
0
722
0
0
0
919
0
0
0
0
0
515
795
0
0
682
0
0
0
0
0
0
0
0
0
0
0
0
902
0
0
0
0
0
0
0
0
0
508
0
0
0
0
557
0
831
720
0
0
0
0
0
0
0
0
0
0
0
0
703
0
0
0
0
0
0
0
0
0
0
0
0
0
800
0
0
0
0
0
0
695
0
0
830
0
0
0
0
0
0
0
889
0
0
0
0
0
0
0
0
0
0
0
0
627
0
897
0
0
0
0
0
0
0
0
0
0
0
0
0
891
0
0
0
0
0
994
0
0
0
0
0
0
0
0
0
0
0
910
0
0
0
757
0
0
0
0
0
0
0
0
0
0
0
0
942
0
0
0
0
0
588
0
0
0
0
534
0
0
0
0
0
0
0
0
0
0
0
0
0
0
0
0
0
0
0
954
585
0
0
0
0
0
0
0
0
0
0
0
0
0
0
0
0
0
0
0
0
603
0
0
730
0
0
0
0
0
524
0
0
0
0
0
0
0
0
0
524
0
746
0
0
0
0
0
0
0
784
0
0
0
0
0
0
0
0
0
0
0
0
0
0
0
0
0
0
0
0
0
0
0
0
0
0
0
0
0
777
0
0
0
0
0
0
0
0
0
0
0
0
0
0
0
0
0
0
0
0
0
0
0
0
0
0
0
0
0
0
0
0
0
0
0
0
0
0
858
0
0
0
0
0
0
0
0
0
0
0
0
0
818
0
0
0
0
0
0
0
0
0
0
0
0
0
0
0
0
853
0
0
0
0
0
0
0
0
657
0
0
0
0
0
0
0
0
946
908
924
0
0
0
0
0
0
0
0
0
0
0
0
782
688
805
0
0
0
0
776
0
0
0
0
0
736
0
0
0
0
0
945
0
0
0
0
0
0
546
0
0
0
0
0
0
0
0
0
0
0
0
0
917
0
0
538
0
0
0
891
0
0
904
0
0
0
0
0
737
0
0
0
0
0
524
0
0
0
0
0
696
0
501
0
0
0
0
0
0
0
0
0
0
0
0
830
0
0
0
0
0
0
0
0
0
0
0
0
0
0
0
777
0
0
0
0
0
0
0
563
0
0
0
0
0
0
0
0
0
0
0
799
834
0
0
0
0
0
0
0
0
582
0
0
610
0
0
0
0
0
0
0
0
0
0
0
0
0
0
0
0
0
0
0
0
0
0
844
0
524
0
0
0
0
0
0
0
0
0
0
586
0
0
0
603
0
0
0
0
0
0
0
0
0
0
0
0
0
0
0
0
0
0
0
0
0
0
0
0
870
0
0
665
0
0
0
0
0
0
0
877
0
0
0
0
0
0
0
0
532
0
0
0
0
0
0
0
0
0
0
0
0
0
0
0
0
0
566
776
0
0
0
0
0
0
0
0
0
0
0
0
0
0
0
0
0
806
0
0
0
0
0
0
0
836
0
0
0
0
0
0
0
0
650
0
0
0
0
0
0
0
0
0
830
0
0
0
0
0
0
0
0
0
0
0
0
0
0
0
0
0
0
733
0
0
0
989
0
0
0
0
0
0
0
0
0
0
757
0
0
0
0
632
0
0
0
0
0
0
0
0
0
0
0
0
0
0
515
0
0
0
0
0
0
0
0
0
724
0
0
0
0
0
0
0
0
0
0
0
942
0
0
0
0
0
938
0
0
0
0
642
0
0
0
0
0
0
0
0
0
0
0
0
0
0
0
0
0
0
0
0
0
0
0
748
0
0
0
0
0
0
0
0
0
939
0
0
0
0
723
0
0
0
994
0
0
0
0
793
618
834
0
0
0
0
888
0
0
0
0
0
0
0
0
0
0
0
0
0
0
0
0
0
0
0
0
0
0
0
726
0
0
0
0
0
607
0
0
0
633
0
542
0
0
0
0
0
589
0
0
0
0
0
0
0
0
865
0
0
0
942
0
946
0
0
0
0
0
0
0
0
0
0
511
0
0
0
0
0
0
0
0
0
0
672
0
0
0
0
0
0
0
0
0
0
0
0
0
0
0
0
0
0
0
0
0
0
0
841
0
0
0
0
0
867
0
0
0
0
532
0
0
0
0
0
0
0
0
0
0
0
0
0
0
0
0
0
0
0
0
0
0
0
0
0
0
0
0
0
0
0
0
0
830
0
0
0
0
832
0
0
0
908
0
0
0
0
0
0
825
0
0
639
0
0
0
0
0
0
0
0
0
0
0
0
0
0
0
0
0
0
0
0
0
0
0
0
784
0
0
865
0
0
814
0
0
0
0
0
0
0
623
0
0
0
0
0
759
0
0
0
0
901
0
0
0
0
0
0
0
657
0
0
0
0
875
0
0
0
0
0
0
0
0
0
0
0
0
0
0
0
0
0
0
0
0
0
0
0
0
0
0
924
0
0
0
0
0
825
0
0
0
0
0
780
0
0
0
0
0
0
0
550
0
0
0
0
792
921
0
0
0
0
586
590
0
0
0
0
0
0
708
0
0
0
0
0
0
0
0
0
0
0
0
0
0
0
0
0
0
0
556
778
0
885
0
0
0
0
824
0
874
0
500
0
0
813
900
0
0
946
627
0
0
0
0
0
0
0
0
0
0
0
512
0
0
0
0
0
0
0
0
0
0
0
0
0
0
0
0
0
0
0
0
0
0
0
0
0
0
0
0
0
0
636
0
804
0
0
516
0
0
0
0
0
0
0
0
0
0
0
0
0
0
0
0
0
609
0
0
0
0
0
0
0
0
0
0
768
0
0
0
0
0
0
0
0
0
0
0
0
0
0
980
0
0
0
0
0
0
0
0
0
0
0
0
0
0
0
0
0
992
0
0
563
0
0
0
0
703
0
0
0
0
0
0
0
0
0
0
0
0
0
0
0
0
0
0
0
0
0
0
0
684
0
0
0
0
0
0
0
0
0
0
0
0
0
961
0
0
0
0
0
0
0
0
0
0
0
0
0
0
0
0
0
0
0
0
989
0
0
866
0
0
0
0
0
0
678
0
0
0
0
0
0
0
0
0
0
0
0
0
0
673
0
911
0
0
0
0
0
0
596
0
0
929
0
0
0
0
0
0
0
0
0
0
0
0
639
0
0
0
0
0
0
0
0
0
0
0
0
0
726
0
758
754
0
0
0
0
0
0
0
0
0
875
0
889
962
0
0
0
708
0
0
0
0
0
0
0
0
0
0
0
0
0
0
787
0
0
0
0
0
0
0
0
0
0
807
0
0
0
828
0
0
0
0
0
0
0
0
0
0
0
0
0
0
847
0
0
0
0
0
0
0
0
0
0
661
0
588
0
0
0
0
0
0
511
0
0
0
0
0
0
0
0
0
0
0
0
0
0
540
0
0
0
0
0
0
0
518
0
0
0
562
0
0
0
0
0
0
0
0
0
0
0
600
894
0
0
0
0
0
0
0
0
767
739
0
0
0
0
0
0
0
0
0
0
0
0
0
0
0
0
825
0
0
0
906
0
0
822
0
754
0
917
0
0
958
0
0
0
0
0
0
0
0
0
0
0
0
0
0
0
0
0
748
0
0
780
0
0
0
0
0
0
0
0
0
0
0
0
0
0
0
0
0
0
0
0
0
0
0
0
0
593
0
0
560
556
0
550
0
0
0
0
0
0
0
0
0
748
0
0
0
0
0
0
0
0
0
0
661
0
607
0
0
0
0
0
0
0
0
0
0
0
0
0
0
0
0
0
0
0
0
0
0
503
0
0
0
0
0
0
0
0
571
0
509
0
0
0
0
0
0
0
0
0
0
0
0
0
0
0
0
0
964
0
0
0
0
0
0
0
0
0
0
559
0
0
0
0
517
0
0
0
0
0
0
0
570
505
0
0
0
0
648
0
0
0
0
0
0
0
0
0
959
0
692
0
0
0
0
0
0
0
830
0
988
0
0
0
0
0
0
0
0
0
0
0
0
989
0
0
0
0
0
0
0
0
0
932
0
0
919
0
0
0
0
0
0
0
0
0
0
0
0
0
0
0
0
0
0
0
0
964
0
0
857
768
0
724
0
0
0
0
0
0
0
0
0
0
0
0
0
0
0
0
722
0
0
0
972
0
0
0
707
0
0
0
0
0
0
645
0
653
569
0
0
0
0
0
0
0
0
0
0
0
950
0
0
0
0
922
0
0
0
945
0
0
0
0
0
593
0
0
0
615
0
0
0
0
0
0
0
0
0
0
0
0
0
0
0
0
0
0
0
0
0
0
0
0
0
0
0
0
0
0
641
0
0
0
0
0
0
0
916
0
0
0
0
0
0
0
0
0
0
0
0
0
0
0
0
601
645
0
0
0
0
0
0
0
0
0
0
628
543
553
0
0
0
0
0
0
0
0
755
879
912
0
0
0
0
0
817
0
0
0
0
0
0
0
0
995
0
0
0
0
0
605
0
0
0
0
0
0
713
876
0
0
534
0
0
0
0
0
0
0
0
0
0
0
0
0
0
0
857
641
0
0
0
0
0
0
0
0
0
0
0
0
0
0
536
509
0
0
0
0
0
0
0
757
600
0
0
0
0
0
0
0
0
0
0
0
0
0
0
634
0
711
0
0
0
0
0
0
0
0
0
0
983
829
0
0
0
0
0
0
959
0
0
0
898
710
820
0
743
705
0
0
0
0
0
0
871
0
0
0
0
0
0
777
0
0
870
0
0
0
0
0
0
0
0
0
0
0
768
0
0
0
0
0
0
0
0
0
0
0
558
0
0
0
0
0
741
0
0
665
0
0
0
617
0
0
0
0
0
0
0
0
0
0
768
0
0
0
0
0
0
840
861
0
0
607
697
0
591
0
0
0
0
0
0
0
0
0
0
0
0
0
0
0
0
841
0
578
0
0
0
0
709
0
0
0
0
0
0
0
0
0
0
0
0
0
0
0
0
0
0
0
0
0
0
0
0
0
0
0
0
0
0
0
0
0
0
0
562
0
0
0
0
0
0
854
0
0
0
0
0
0
0
0
0
0
0
0
0
0
0
0
0
0
0
0
0
0
0
0
0
0
0
587
0
0
0
0
0
0
0
0
0
0
0
0
0
0
0
0
0
0
0
944
0
950
630
0
0
0
776
0
0
0
0
0
0
589
924
971
0
0
0
0
0
777
0
0
0
0
0
0
0
0
0
0
0
0
724
0
0
0
0
0
0
0
0
0
0
0
0
0
0
0
0
0
0
0
0
0
0
0
0
896
0
0
0
0
0
755
0
854
0
0
0
0
0
0
0
0
0
0
0
0
0
0
0
0
0
0
0
694
0
0
0
0
0
704
0
0
0
0
0
0
0
623
0
0
0
0
0
0
0
0
0
0
616
0
0
0
0
0
0
0
782
0
665
733
0
0
0
550
0
0
726
540
0
0
0
0
0
0
0
0
0
0
0
0
926
0
0
0
0
0
0
0
0
0
0
0
0
620
0
0
0
0
0
0
0
0
0
0
0
0
907
0
873
0
0
0
0
0
652
0
0
0
989
0
0
0
0
0
0
0
0
738
976
0
0
792
0
0
640
0
0
0
0
0
0
625
667
0
0
0
0
813
716
0
0
0
0
0
0
0
688
0
0
0
0
0
0
0
0
684
0
0
0
0
0
0
0
0
0
0
0
0
0
0
0
0
0
834
0
0
0
0
0
0
0
0
0
0
0
789
0
0
0
0
0
0
0
0
0
0
538
0
0
945
624
0
0
0
0
0
0
0
0
849
0
0
0
0
0
0
0
0
0
0
0
0
0
802
971
0
0
0
0
0
0
0
0
0
0
0
0
0
0
0
0
0
0
0
0
0
805
0
0
0
939
672
0
0
636
0
758
0
0
0
0
0
0
0
0
0
0
0
0
0
0
0
805
0
0
0
0
0
0
0
0
896
0
0
0
576
0
574
0
0
0
0
0
0
0
0
0
0
0
626
953
0
0
0
0
0
0
0
0
0
0
0
0
953
0
0
0
0
0
0
0
0
0
0
0
592
0
0
0
0
0
0
751
0
763
0
629
0
0
0
0
638
0
800
0
0
0
0
0
0
0
0
0
0
0
0
754
0
0
0
0
0
0
0
0
0
0
0
0
0
0
0
0
0
0
0
0
0
0
0
0
0
0
0
0
0
0
0
0
0
0
0
0
0
0
0
0
0
0
0
0
0
0
712
0
0
0
0
0
0
0
0
0
0
0
0
0
0
0
0
0
0
0
0
0
0
556
0
0
0
979
0
706
0
0
866
704
0
0
0
0
0
0
0
0
0
0
0
0
989
0
0
0
0
804
0
0
0
0
0
0
916
0
0
562
0
926
0
0
0
0
0
0
0
0
0
0
0
0
0
0
0
0
0
0
0
0
561
0
0
0
0
0
0
0
960
0
0
0
0
0
0
0
0
0
0
0
0
0
0
0
0
0
0
0
603
0
918
0
0
0
0
0
0
0
677
0
555
0
0
0
0
0
0
0
0
0
0
0
588
0
0
0
0
0
0
0
0
0
0
0
0
0
792
0
0
0
0
0
559
0
0
0
0
0
0
0
0
0
0
0
0
0
0
0
0
0
0
0
0
760
0
0
0
0
0
0
0
562
0
877
0
0
0
0
0
0
0
0
0
0
0
0
0
0
877
0
0
957
0
0
0
0
0
0
0
0
0
0
0
0
0
950
0
0
0
0
0
0
0
0
0
716
0
920
0
0
0
0
0
0
0
0
0
0
0
0
0
0
0
0
0
0
921
0
0
0
0
0
0
0
0
0
558
0
0
0
0
805
0
0
0
0
0
0
0
0
861
0
0
0
0
938
0
0
558
0
0
0
0
0
0
0
0
0
0
0
0
0
0
0
0
0
0
0
820
0
929
0
0
996
0
0
0
0
0
0
0
0
0
0
0
0
0
0
0
0
0
0
0
0
0
0
0
0
663
0
0
0
702
0
0
0
0
0
0
776
563
0
0
723
0
0
0
516
0
0
0
0
0
0
0
0
0
0
0
0
834
0
0
0
0
0
0
0
0
0
0
0
0
0
0
0
0
0
0
0
0
0
0
0
0
755
0
0
0
0
983
0
0
0
0
0
0
0
0
0
0
0
0
0
0
0
0
573
718
0
0
0
0
0
663
0
0
0
0
0
0
645
0
0
866
0
893
0
0
0
0
0
0
0
0
0
0
0
0
0
0
877
0
0
0
0
0
0
0
0
518
0
0
0
0
0
0
0
0
0
0
0
0
0
0
0
0
0
530
0
0
0
0
0
545
0
0
0
0
0
0
0
0
0
0
0
0
0
0
0
0
0
0
0
842
0
0
0
0
0
0
0
0
0
0
0
532
0
0
0
0
0
0
0
0
0
0
0
670
988
0
0
0
0
0
0
0
0
0
0
0
0
0
0
544
0
0
0
0
0
0
0
0
0
0
0
0
0
0
0
0
0
0
0
0
0
0
0
0
0
0
0
0
0
0
0
0
530
0
956
0
577
681
0
863
764
0
0
0
0
977
823
0
0
0
0
0
0
0
681
0
819
0
0
0
0
0
0
0
0
0
628
0
0
0
0
0
0
0
0
0
0
0
0
651
782
0
0
0
0
0
0
0
0
0
0
0
0
0
0
0
0
0
0
0
0
695
0
0
0
0
0
0
0
0
0
0
0
0
0
0
0
517
0
0
536
0
0
0
0
0
0
0
0
0
0
0
0
956
0
961
0
0
0
0
0
851
801
0
0
0
0
0
0
0
0
0
628
0
0
648
0
0
0
0
0
0
0
0
0
0
0
757
0
0
0
0
0
0
0
0
0
0
605
660
0
0
0
912
0
0
0
0
0
0
0
0
0
0
638
0
0
0
0
0
0
0
0
0
0
0
0
0
994
0
0
586
0
0
0
0
0
0
0
0
509
0
854
0
0
0
0
0
0
0
861
0
0
0
961
0
0
0
842
0
0
0
0
0
568
0
0
0
0
0
0
0
0
0
0
0
0
0
847
0
0
0
0
0
0
0
0
0
0
601
0
936
0
0
663
0
0
0
0
0
0
590
0
0
0
0
0
0
964
0
0
0
0
0
0
0
864
0
0
580
0
0
0
0
0
0
0
0
0
0
0
590
0
0
0
562
0
0
0
0
0
741
0
0
0
0
0
0
0
0
0
0
0
577
0
0
0
567
0
0
0
0
0
0
0
0
0
0
0
0
0
0
0
0
0
0
0
0
0
0
0
0
0
0
0
0
0
898
0
0
0
0
0
0
0
696
777
0
0
0
0
0
0
0
0
0
797
0
0
0
0
0
0
0
0
0
0
0
0
0
0
830
0
0
736
0
0
0
0
0
0
0
0
0
875
0
593
0
0
0
0
0
0
0
0
0
0
0
0
0
0
0
0
681
0
0
567
0
812
949
0
0
0
0
0
604
0
0
0
0
0
600
0
0
0
0
0
0
0
0
0
0
0
0
506
0
0
0
0
660
0
0
0
0
0
0
0
0
0
0
0
0
0
0
618
0
0
0
0
0
0
0
0
0
0
0
0
0
0
0
0
0
0
0
0
0
0
0
0
0
0
0
0
0
0
0
0
0
0
0
0
0
0
0
0
0
0
0
0
760
0
0
0
0
0
842
0
812
0
0
0
0
0
0
0
0
0
0
0
0
0
0
0
0
0
825
0
793
740
785
0
0
0
0
592
0
0
0
0
0
0
0
0
0
0
0
0
0
0
0
0
512
0
0
0
0
0
0
0
0
0
0
0
0
0
0
0
0
0
0
647
0
0
0
0
0
0
757
0
0
784
0
0
961
889
0
0
0
0
0
0
665
0
0
0
0
896
0
0
0
0
0
545
863
0
0
0
949
0
0
831
0
515
0
0
0
500
0
0
0
528
0
0
863
0
799
0
0
0
0
0
0
0
0
0
0
0
0
0
711
0
0
0
0
0
0
0
0
0
0
0
0
614
874
0
0
0
0
0
0
886
0
0
0
0
879
0
0
0
0
0
0
954
0
0
0
0
0
793
0
0
0
0
0
962
0
560
0
722
0
0
0
0
0
0
0
0
0
0
0
938
0
0
764
0
0
0
0
0
831
0
0
0
0
857
0
0
0
0
0
0
0
0
976
582
0
0
0
559
0
0
662
0
528
0
0
0
765
0
0
0
0
731
0
774
0
0
0
0
0
914
0
834
0
0
0
0
0
640
0
0
0
0
0
0
0
0
0
0
0
0
0
585
0
0
0
532
0
618
0
0
0
0
0
0
0
556
0
0
0
0
0
0
0
620
0
0
0
0
0
0
0
0
0
851
0
0
0
0
0
0
0
0
694
0
0
0
0
0
0
0
772
0
0
0
0
0
0
617
0
0
0
0
0
0
0
0
0
792
0
546
584
0
0
0
0
0
647
0
0
0
0
0
0
0
0
0
0
0
0
0
0
0
0
0
0
710
0
0
0
0
0
0
0
0
0
0
0
834
0
865
0
0
0
0
0
0
570
0
0
0
0
0
0
0
0
0
0
0
0
0
0
0
0
801
0
0
0
0
515
0
0
0
0
0
0
0
0
0
0
0
0
0
942
0
0
895
0
0
643
0
0
0
0
0
0
0
0
0
0
0
0
0
0
0
748
0
0
738
0
585
0
0
0
978
505
873
0
0
0
0
595
800
0
0
0
0
0
579
0
0
0
0
0
945
799
0
0
0
0
0
708
0
0
0
0
550
505
0
0
757
617
0
896
0
789
576
0
0
0
558
0
0
0
0
0
0
0
0
0
0
694
0
0
0
0
0
0
0
759
0
0
0
0
0
723
0
0
0
0
0
0
0
0
0
694
0
0
0
0
0
0
0
0
0
0
0
0
0
790
0
0
0
0
0
0
0
0
884
0
0
0
0
0
0
0
0
0
0
0
0
0
0
0
0
834
0
632
0
0
0
0
0
0
708
0
0
0
972
0
600
0
0
0
0
0
0
0
0
0
0
0
0
0
0
568
0
0
0
0
857
0
0
0
0
0
802
0
0
0
0
0
0
0
0
0
0
0
0
0
0
0
0
0
0
0
0
0
0
0
0
764
964
0
0
950
0
745
0
0
0
0
0
0
0
0
0
0
604
0
0
0
0
0
0
0
0
0
0
0
0
889
0
0
0
0
0
0
0
0
814
0
0
0
0
0
0
0
0
601
0
0
0
0
0
0
574
0
561
0
0
0
0
977
0
0
0
604
0
0
0
0
0
0
0
0
0
0
0
0
0
0
0
0
588
0
0
0
873
0
0
0
0
0
0
597
0
0
586
0
0
0
0
0
0
0
665
0
0
0
0
0
0
791
0
0
0
0
0
0
0
0
764
791
0
0
0
0
0
0
0
0
0
0
0
0
0
0
0
0
0
0
0
0
0
0
0
0
0
645
0
0
0
0
0
0
0
0
0
562
0
0
0
823
0
0
0
0
0
500
0
0
0
0
802
0
0
0
0
0
0
0
927
0
0
0
0
0
0
0
692
0
0
0
682
0
0
0
0
0
0
0
0
0
853
655
574
0
0
0
0
0
0
0
0
0
0
0
0
727
0
866
0
0
0
0
742
0
901
0
0
0
0
0
0
0
0
0
888
0
0
0
0
0
0
0
0
0
0
0
0
0
0
0
0
0
0
0
0
0
0
0
0
0
0
0
0
0
0
0
0
0
0
0
0
0
0
0
0
0
0
586
0
0
0
0
0
0
0
0
0
0
0
0
780
0
685
0
762
0
0
838
0
0
0
0
0
0
0
0
0
787
0
0
0
0
0
0
0
0
606
0
0
0
0
563
0
0
0
0
816
0
0
0
0
0
0
0
0
0
0
0
0
0
0
600
0
648
707
0
0
0
0
0
0
0
0
0
0
877
0
0
0
0
0
0
0
0
0
0
0
0
0
0
0
0
0
0
0
0
793
0
0
0
0
0
836
0
0
0
0
0
0
732
0
0
0
0
0
0
0
0
0
0
0
0
0
0
0
0
0
0
0
0
0
0
0
0
0
0
0
0
0
666
0
0
0
0
0
0
0
0
0
0
0
0
0
0
0
0
0
0
609
0
0
894
0
0
0
0
0
0
0
755
0
0
0
0
0
0
0
0
0
0
0
0
0
0
0
0
0
0
0
759
0
0
0
0
0
0
0
0
530
0
0
0
0
0
0
0
0
0
0
999
0
0
0
0
0
0
863
0
0
0
0
620
679
0
0
0
0
0
0
0
0
0
0
0
0
732
694
0
0
0
0
0
0
0
0
954
0
0
0
0
546
0
0
0
0
841
0
0
0
0
0
0
0
0
0
0
0
0
0
0
0
0
0
0
0
0
0
755
0
0
0
0
0
0
0
528
0
0
0
0
0
0
0
0
793
0
0
0
0
0
0
0
952
0
0
0
0
600
0
0
0
553
0
993
0
0
0
846
0
0
0
0
0
0
0
0
0
0
0
0
0
0
0
0
0
0
0
770
0
0
975
0
534
0
0
0
0
0
0
0
0
0
0
0
0
0
0
0
0
0
0
0
0
0
0
0
0
0
0
854
0
0
0
0
0
0
0
0
0
0
0
0
0
600
0
0
0
772
0
0
0
0
0
586
0
0
0
0
0
0
0
0
0
0
600
846
964
0
0
0
0
0
0
0
640
0
0
0
0
0
0
0
825
0
0
0
0
0
0
0
0
0
0
729
0
0
0
533
0
0
0
0
0
0
0
0
0
0
0
0
0
0
0
0
0
0
0
0
0
0
0
0
0
0
0
0
0
0
0
0
0
0
0
0
0
0
0
0
0
0
628
0
0
0
0
0
0
0
0
0
0
0
927
0
0
530
0
0
0
0
887
0
0
937
0
0
0
0
0
575
0
0
0
0
0
0
0
0
0
0
0
0
0
0
0
0
0
0
0
0
0
0
0
0
0
0
0
735
0
0
0
0
0
0
0
929
0
0
0
0
0
582
0
0
0
0
623
0
0
0
0
0
748
0
0
0
0
0
0
0
0
0
0
0
960
0
0
0
0
0
0
0
0
0
0
863
976
0
942
0
0
0
0
0
0
0
0
0
0
0
0
0
0
0
0
0
0
0
0
0
0
0
0
0
0
0
742
0
0
0
0
0
0
0
0
0
0
0
0
0
0
0
0
0
0
0
748
548
0
0
0
0
0
0
0
0
0
0
0
0
0
0
0
0
0
0
0
0
0
0
0
0
0
0
0
0
0
768
0
0
907
538
0
0
0
0
0
0
0
681
0
0
0
0
0
0
582
0
0
0
0
588
0
0
0
0
0
0
887
0
0
0
0
0
0
0
0
0
0
0
631
0
993
0
500
0
0
745
0
0
0
765
0
0
0
0
0
0
545
0
0
801
0
0
0
0
0
0
0
0
0
556
867
0
0
0
722
0
0
0
0
0
0
0
0
0
0
0
0
0
0
0
0
0
645
0
0
0
0
0
0
0
0
0
0
0
0
983
0
0
648
0
0
0
825
799
0
0
0
723
0
0
0
0
0
0
0
0
0
0
0
0
0
0
0
963
0
0
0
0
706
0
0
0
0
0
847
0
0
0
0
0
0
0
0
0
0
0
665
0
0
0
807
0
0
0
0
0
0
0
0
0
0
0
0
0
0
0
0
0
0
610
0
0
0
867
0
0
0
0
0
0
0
0
0
0
0
0
0
0
873
0
0
0
0
0
0
0
0
819
0
0
0
0
0
0
0
0
895
0
0
0
0
0
836
0
952
0
0
0
0
0
0
0
0
0
0
0
0
0
0
0
0
832
0
0
0
0
0
0
0
0
0
0
0
0
0
749
0
0
0
0
0
0
0
0
960
815
0
0
0
0
0
0
0
0
0
0
0
0
0
0
0
0
0
0
0
0
0
0
0
0
0
0
653
628
0
0
0
0
0
945
626
0
0
0
0
0
0
0
0
0
0
0
793
0
0
0
0
0
0
0
0
0
0
0
0
0
937
0
0
0
0
0
0
0
0
0
0
0
0
0
0
647
0
795
0
0
0
0
0
0
0
0
778
0
522
0
713
0
0
0
0
0
0
0
0
0
0
0
0
0
999
0
0
0
0
627
0
0
0
0
0
0
0
0
0
0
0
0
0
767
0
959
569
543
0
0
0
0
0
624
953
0
0
0
0
0
0
0
0
847
0
0
740
0
559
617
0
0
0
873
0
0
0
0
0
600
0
0
0
0
0
0
0
0
0
996
0
642
0
0
0
0
0
0
0
764
0
0
0
0
0
936
0
0
505
0
0
670
0
0
0
798
0
0
892
700
0
0
858
928
528
0
0
0
919
0
0
0
0
0
566
515
0
0
759
0
0
0
787
739
0
0
0
553
634
0
0
0
0
0
0
0
0
0
0
0
842
0
0
0
0
0
785
0
0
0
643
0
0
0
0
0
0
0
0
846
0
0
0
963
0
0
0
0
0
0
0
0
0
633
0
0
0
0
588
0
0
0
0
0
0
0
0
0
0
0
0
0
0
0
0
0
0
0
0
531
0
0
0
758
0
0
0
0
0
897
0
858
0
0
776
0
0
0
0
0
768
989
0
0
0
692
0
0
0
0
0
0
0
0
0
0
0
0
0
0
0
0
0
0
0
0
0
0
0
0
0
0
0
0
692
0
0
0
0
964
0
0
0
0
0
0
0
0
0
0
0
0
0
0
0
0
0
0
0
0
0
719
0
0
802
689
0
0
0
828
0
0
0
0
0
0
0
995
0
0
0
0
0
756
0
0
0
0
0
0
0
0
0
0
0
0
0
532
0
0
0
0
0
0
0
0
0
0
711
840
0
0
0
0
0
712
0
0
0
0
0
0
0
0
0
0
0
0
662
0
0
0
0
0
0
0
0
0
600
0
0
0
0
0
0
0
996
0
0
0
0
0
0
0
0
0
0
0
0
547
0
0
0
0
981
0
0
0
0
0
0
0
0
718
0
0
0
0
0
640
0
0
0
0
0
0
0
0
0
0
603
0
0
0
0
0
0
0
0
0
0
0
0
0
0
0
0
0
0
861
0
0
652
0
0
0
0
0
0
0
0
0
0
0
0
0
0
0
0
0
0
0
0
0
0
0
0
0
0
0
0
0
0
0
0
0
0
0
0
0
0
0
0
942
898
998
0
0
0
0
0
0
873
0
0
0
757
0
0
0
0
910
0
0
0
0
0
544
0
0
0
0
821
654
0
0
0
855
0
0
0
0
0
0
0
0
0
0
0
556
0
866
0
0
0
0
0
0
0
0
587
0
0
0
0
0
0
877
820
0
0
0
0
0
0
0
0
0
528
0
0
0
0
0
0
0
732
999
0
0
575
0
0
0
0
0
642
0
0
0
0
0
0
0
0
0
0
0
0
0
0
0
0
0
0
0
0
0
0
0
0
0
0
0
0
0
0
0
938
0
0
0
0
0
0
0
0
0
0
0
0
0
917
0
0
0
0
0
901
778
0
0
0
0
661
0
0
0
0
0
0
0
0
0
0
0
0
0
0
0
0
0
0
0
0
506
592
0
0
0
0
0
0
0
682
780
0
0
0
0
0
0
631
706
0
0
0
0
0
0
0
0
0
0
0
0
0
0
0
0
0
0
0
817
0
0
0
531
0
0
728
0
0
0
827
0
0
0
0
0
0
0
0
0
853
984
0
0
515
0
730
0
0
0
0
0
0
0
0
0
0
0
0
0
0
0
0
0
0
607
0
0
0
0
0
0
0
0
929
0
0
0
0
0
0
0
0
0
0
0
0
694
0
597
0
0
0
0
553
0
0
0
0
0
0
0
0
633
0
0
942
0
0
0
0
0
0
0
0
0
0
0
0
833
811
0
0
922
0
0
0
0
595
949
0
0
0
0
672
0
0
990
0
633
0
0
0
0
795
0
0
0
0
0
0
0
0
0
0
885
0
0
0
0
607
0
0
0
0
697
0
0
989
0
0
0
0
957
0
0
0
628
0
0
0
0
0
0
0
0
0
0
0
0
0
685
0
0
0
0
0
0
993
0
0
0
0
0
0
0
898
0
0
0
0
0
0
789
0
0
599
0
0
0
0
0
0
0
0
0
0
0
0
0
0
0
0
0
0
0
0
0
0
0
915
813
0
0
0
0
0
0
538
0
0
0
0
0
0
0
0
0
0
0
0
0
0
0
0
0
0
0
0
849
0
0
0
0
0
0
0
0
757
0
898
0
0
0
765
0
0
0
0
0
0
0
0
0
993
0
0
0
0
0
832
647
0
0
0
0
998
0
0
0
0
0
0
0
763
0
925
0
0
0
0
0
0
0
0
0
0
0
0
622
0
0
0
0
0
0
0
782
0
0
0
0
0
0
0
0
0
0
0
0
0
0
0
0
0
0
0
0
0
0
0
830
0
755
0
591
0
0
0
0
0
0
0
0
996
0
0
0
0
0
0
0
0
0
0
792
0
0
0
586
0
762
0
0
0
640
0
0
500
0
0
0
0
0
0
0
0
0
0
0
0
0
0
