0
0
0
0
0
0
0
0
0
0
401
50
358
510
449
100
0
0
0
0
0
0
0
0
0
457
981
210
63
633
750
0
0
0
0
922
622
218
631
913
771
0
0
0
0
0
0
0
0
0
0
0
0
0
0
0
0
0
0
0
0
0
0
0
0
0
0
0
0
0
0
0
0
0
0
0
0
0
0
0
0
0
0
0
0
0
0
0
0
0
0
0
0
0
0
0
0
0
0
0
0
0
0
0
0
0
0
0
0
0
0
731
863
198
180
65
394
0
0
0
0
0
0
0
0
0
580
279
945
263
364
986
0
0
0
0
373
17
30
53
98
167
0
0
0
0
0
0
0
0
0
0
0
0
0
0
0
0
0
0
0
0
0
0
0
0
0
0
0
0
0
0
0
0
0
0
0
0
0
0
0
0
0
0
0
0
0
0
0
0
0
0
0
0
0
0
0
0
0
0
0
0
0
0
0
0
0
0
0
0
0
0
818
730
729
78
636
694
0
0
0
0
0
0
0
0
0
710
231
99
358
617
913
0
0
0
0
192
377
77
781
333
322
0
0
0
0
0
0
0
0
0
0
0
0
0
0
0
0
0
0
0
0
0
0
0
0
0
0
0
0
0
0
0
0
0
0
0
0
0
0
0
0
0
0
0
0
0
0
0
0
0
0
0
0
0
0
0
0
0
0
0
0
0
0
0
0
0
0
0
0
0
0
459
907
501
409
903
88
0
0
0
0
0
0
0
0
0
604
347
705
367
753
951
0
0
0
0
790
968
506
78
553
176
0
0
0
0
0
0
0
0
0
0
0
0
0
0
0
0
0
0
0
0
0
0
0
0
0
0
0
0
0
0
0
0
0
0
0
0
0
0
0
0
0
0
0
0
0
0
0
0
0
0
0
0
0
0
0
0
0
0
0
0
0
0
0
0
0
0
0
0
0
0
873
430
242
128
398
488
0
0
0
0
0
0
0
0
0
897
503
427
913
390
487
0
0
0
0
426
655
613
14
421
568
0
0
0
0
0
0
0
0
0
0
0
0
0
0
0
0
0
0
0
0
0
0
0
0
0
0
0
0
0
0
0
0
0
0
0
0
0
0
0
0
0
0
0
0
0
0
0
0
0
0
0
0
0
0
0
0
0
0
0
0
0
0
0
0
0
0
0
0
0
0
362
33
882
880
988
483
0
0
0
0
0
0
0
0
0
588
366
984
198
621
703
0
0
0
0
372
992
952
287
592
859
0
0
0
0
0
0
0
0
0
0
0
0
0
0
0
0
0
0
0
0
0
0
0
0
0
0
0
0
0
0
0
0
0
0
0
0
0
0
0
0
0
0
0
0
0
0
0
0
0
0
0
0
0
0
0
0
0
0
0
0
0
0
0
0
0
0
0
0
0
0
478
920
912
432
202
803
0
0
0
0
0
0
0
0
0
947
377
783
658
996
110
0
0
0
0
738
908
541
959
203
836
0
0
0
0
0
0
0
0
0
0
0
0
0
0
0
0
0
0
0
0
0
0
0
0
0
0
0
0
0
0
0
0
0
0
0
0
0
0
0
0
0
0
0
0
0
0
0
0
0
0
0
0
0
0
0
0
0
0
0
0
0
0
0
0
0
0
0
0
0
0
832
767
321
904
406
344
0
0
0
0
0
0
0
0
0
149
375
716
554
340
95
0
0
0
0
850
610
197
145
412
855
0
0
0
0
0
0
0
0
0
0
0
0
0
0
0
0
0
0
0
0
0
0
0
0
0
0
0
0
0
0
0
0
0
0
0
0
0
0
0
0
0
0
0
0
0
0
0
0
0
0
0
0
0
0
0
0
0
0
0
0
0
0
0
0
0
0
0
0
0
0
765
797
519
379
322
795
0
0
0
0
0
0
0
0
0
101
136
974
586
139
16
0
0
0
0
84
411
884
420
50
772
0
0
0
0
0
0
0
0
0
0
0
0
0
0
0
0
0
0
0
0
0
0
0
0
0
0
0
0
0
0
0
0
0
0
0
0
0
0
0
0
0
0
0
0
0
0
0
0
0
0
0
0
0
0
0
0
0
0
0
0
0
0
0
0
0
0
0
0
0
0
420
541
944
325
859
659
0
0
0
0
0
0
0
0
0
273
471
13
959
878
211
0
0
0
0
837
48
676
376
449
711
0
0
0
0
0
0
0
0
0
0
0
0
0
0
0
0
0
0
0
0
0
0
0
0
0
0
0
0
0
0
0
0
0
0
0
0
0
0
0
0
0
0
0
0
0
0
0
0
0
0
401
0
0
0
0
0
0
0
0
0
0
0
0
0
0
0
0
0
0
0
928
657
182
778
492
315
0
0
0
0
0
0
0
0
0
850
5
66
59
419
104
0
0
0
0
623
582
485
346
92
919
0
0
0
0
0
0
0
0
0
0
0
0
0
0
0
0
0
0
0
0
0
0
0
0
0
0
0
0
0
0
0
0
0
0
0
0
0
0
0
0
0
0
0
0
0
0
0
0
0
50
731
0
0
0
0
0
0
0
0
0
0
0
0
0
0
0
0
0
0
0
771
524
386
272
361
940
0
0
0
0
0
0
0
0
0
939
914
883
634
186
103
0
0
0
0
624
19
436
298
509
531
0
0
0
0
0
0
0
0
0
0
0
0
0
0
0
0
0
0
0
0
0
0
0
0
0
0
0
0
0
0
0
0
0
0
0
0
0
0
0
0
0
0
0
0
0
0
0
0
358
863
818
0
0
0
0
0
0
0
0
0
0
0
0
0
0
0
0
0
0
0
942
83
242
951
637
668
0
0
0
0
0
0
0
0
0
662
737
881
93
577
880
0
0
0
0
151
90
979
470
378
63
0
0
0
0
0
0
0
0
0
0
0
0
0
0
0
0
0
0
0
0
0
0
0
0
0
0
0
0
0
0
0
0
0
0
0
0
0
0
0
0
0
0
0
0
0
0
0
510
198
730
459
0
0
0
0
0
0
0
0
0
0
0
0
0
0
0
0
0
0
0
603
325
545
409
117
917
0
0
0
0
0
0
0
0
0
45
962
716
379
541
540
0
0
0
0
306
262
250
919
987
300
0
0
0
0
0
0
0
0
0
0
0
0
0
0
0
0
0
0
0
0
0
0
0
0
0
0
0
0
0
0
0
0
0
0
0
0
0
0
0
0
0
0
0
0
0
0
449
180
729
907
873
0
0
0
0
0
0
0
0
0
0
0
0
0
0
0
0
0
0
0
895
732
464
91
486
324
0
0
0
0
0
0
0
0
0
167
780
711
682
716
830
0
0
0
0
181
30
20
981
267
11
0
0
0
0
0
0
0
0
0
0
0
0
0
0
0
0
0
0
0
0
0
0
0
0
0
0
0
0
0
0
0
0
0
0
0
0
0
0
0
0
0
0
0
0
0
100
65
78
501
430
362
0
0
0
0
0
0
0
0
0
0
0
0
0
0
0
0
0
0
0
73
624
685
267
212
382
0
0
0
0
0
0
0
0
0
239
344
551
529
99
242
0
0
0
0
563
408
43
936
779
391
0
0
0
0
0
0
0
0
0
0
0
0
0
0
0
0
0
0
0
0
0
0
0
0
0
0
0
0
0
0
0
0
0
0
0
0
0
0
0
0
0
0
0
0
0
394
636
409
242
33
478
0
0
0
0
0
0
0
0
0
0
0
0
0
0
0
0
0
0
0
793
721
832
427
859
660
0
0
0
0
0
0
0
0
0
537
233
220
562
898
505
0
0
0
0
939
799
509
748
927
596
0
0
0
0
0
0
0
0
0
0
0
0
0
0
0
0
0
0
0
0
0
0
0
0
0
0
0
0
0
0
0
0
0
0
0
0
0
0
0
0
0
0
0
0
0
694
903
128
882
920
832
0
0
0
0
0
0
0
0
0
0
0
0
0
0
0
0
0
0
0
140
652
158
154
362
153
0
0
0
0
0
0
0
0
0
769
304
979
98
232
67
0
0
0
0
851
475
77
152
457
248
0
0
0
0
0
0
0
0
0
0
0
0
0
0
0
0
0
0
0
0
0
0
0
0
0
0
0
0
0
0
0
0
0
0
0
0
0
0
0
0
0
0
0
0
0
88
398
880
912
767
765
0
0
0
0
0
0
0
0
0
0
0
0
0
0
0
0
0
0
0
493
567
657
67
700
729
0
0
0
0
0
0
0
0
0
216
619
810
349
487
59
0
0
0
0
294
285
565
652
863
580
0
0
0
0
0
0
0
0
0
0
0
0
0
0
0
0
0
0
0
0
0
0
0
0
0
0
0
0
0
0
0
0
0
0
0
0
0
0
0
0
0
0
0
0
0
488
988
432
321
797
420
0
0
0
0
0
0
0
0
0
0
0
0
0
0
0
0
0
0
0
198
798
387
600
840
984
0
0
0
0
0
0
0
0
0
335
969
851
893
419
805
0
0
0
0
796
411
461
10
618
553
0
0
0
0
0
0
0
0
0
0
0
0
0
0
0
0
0
0
0
0
0
0
0
0
0
0
0
0
0
0
0
0
0
0
0
0
0
0
0
0
0
0
0
0
0
483
202
904
519
541
928
0
0
0
0
0
0
0
0
0
0
0
0
0
0
0
0
0
0
0
560
676
770
669
854
409
0
0
0
0
0
0
0
0
0
645
989
225
64
118
968
0
0
0
0
294
180
519
784
304
491
0
0
0
0
0
0
0
0
0
0
0
0
0
0
0
0
0
0
0
0
0
0
0
0
0
0
0
0
0
0
0
0
0
0
0
0
0
0
0
0
0
0
0
0
0
803
406
379
944
657
771
0
0
0
0
0
0
0
0
0
0
0
0
0
0
0
0
0
0
0
28
864
612
830
572
138
0
0
0
0
0
0
0
0
0
338
194
523
178
41
874
0
0
0
0
212
658
273
643
387
19
0
0
0
0
0
0
0
0
0
0
0
0
0
0
0
0
0
0
0
0
0
0
0
0
0
0
0
0
0
0
0
0
0
0
0
0
0
0
0
0
0
0
0
0
0
344
322
325
182
524
942
0
0
0
0
0
0
0
0
0
0
0
0
0
0
0
0
0
0
0
921
317
732
952
129
626
0
0
0
0
0
0
0
0
0
837
733
729
688
541
646
0
0
0
0
237
963
833
670
142
939
0
0
0
0
0
0
0
0
0
0
0
0
0
0
0
0
0
0
0
0
0
0
0
0
0
0
0
0
0
0
0
0
0
0
0
0
0
0
0
0
0
0
0
0
0
795
859
778
386
83
603
0
0
0
0
0
0
0
0
0
0
0
0
0
0
0
0
0
0
0
405
309
122
351
138
371
0
0
0
0
0
0
0
0
0
626
722
470
715
816
834
0
0
0
0
510
84
355
22
72
60
0
0
0
0
0
0
0
0
0
0
0
0
0
0
0
0
0
0
0
0
0
0
0
0
0
0
0
0
0
0
0
0
0
0
0
0
0
0
0
0
0
0
0
0
0
659
492
272
242
325
895
0
0
0
0
0
0
0
0
0
0
0
0
0
0
0
0
0
0
0
934
649
731
682
405
491
0
0
0
0
0
0
0
0
0
372
583
840
915
419
500
0
0
0
0
860
684
335
168
917
954
0
0
0
0
0
0
0
0
0
0
0
0
0
0
0
0
0
0
0
0
0
0
0
0
0
0
0
0
0
0
0
0
0
0
0
457
0
0
0
0
0
0
0
0
0
315
361
951
545
732
73
0
0
0
0
0
0
0
0
0
0
0
0
0
0
0
0
0
0
0
734
254
997
643
293
575
0
0
0
0
0
0
0
0
0
180
853
696
185
256
619
0
0
0
0
190
194
930
571
358
699
0
0
0
0
0
0
0
0
0
0
0
0
0
0
0
0
0
0
0
0
0
0
0
0
0
0
0
0
0
0
0
0
0
0
981
580
0
0
0
0
0
0
0
0
0
940
637
409
464
624
793
0
0
0
0
0
0
0
0
0
0
0
0
0
0
0
0
0
0
0
813
814
684
572
527
992
0
0
0
0
0
0
0
0
0
213
7
655
363
352
216
0
0
0
0
80
596
477
799
133
41
0
0
0
0
0
0
0
0
0
0
0
0
0
0
0
0
0
0
0
0
0
0
0
0
0
0
0
0
0
0
0
0
0
210
279
710
0
0
0
0
0
0
0
0
0
668
117
91
685
721
140
0
0
0
0
0
0
0
0
0
0
0
0
0
0
0
0
0
0
0
213
727
377
620
580
87
0
0
0
0
0
0
0
0
0
203
262
12
207
666
324
0
0
0
0
648
699
906
400
849
497
0
0
0
0
0
0
0
0
0
0
0
0
0
0
0
0
0
0
0
0
0
0
0
0
0
0
0
0
0
0
0
0
63
945
231
604
0
0
0
0
0
0
0
0
0
917
486
267
832
652
493
0
0
0
0
0
0
0
0
0
0
0
0
0
0
0
0
0
0
0
86
640
379
468
988
865
0
0
0
0
0
0
0
0
0
776
919
350
803
923
216
0
0
0
0
823
764
607
969
733
973
0
0
0
0
0
0
0
0
0
0
0
0
0
0
0
0
0
0
0
0
0
0
0
0
0
0
0
0
0
0
0
633
263
99
347
897
0
0
0
0
0
0
0
0
0
324
212
427
158
567
198
0
0
0
0
0
0
0
0
0
0
0
0
0
0
0
0
0
0
0
663
526
464
283
843
138
0
0
0
0
0
0
0
0
0
473
313
514
83
521
509
0
0
0
0
317
106
229
368
875
839
0
0
0
0
0
0
0
0
0
0
0
0
0
0
0
0
0
0
0
0
0
0
0
0
0
0
0
0
0
0
750
364
358
705
503
588
0
0
0
0
0
0
0
0
0
382
859
154
657
798
560
0
0
0
0
0
0
0
0
0
0
0
0
0
0
0
0
0
0
0
13
5
325
173
599
963
0
0
0
0
0
0
0
0
0
31
603
49
652
362
820
0
0
0
0
985
171
718
889
347
565
0
0
0
0
0
0
0
0
0
0
0
0
0
0
0
0
0
0
0
0
0
0
0
0
0
0
0
0
0
0
986
617
367
427
366
947
0
0
0
0
0
0
0
0
0
660
362
67
387
676
28
0
0
0
0
0
0
0
0
0
0
0
0
0
0
0
0
0
0
0
514
186
777
922
132
776
0
0
0
0
0
0
0
0
0
269
729
655
68
420
503
0
0
0
0
988
226
662
647
650
357
0
0
0
0
0
0
0
0
0
0
0
0
0
0
0
0
0
0
0
0
0
0
0
0
0
0
0
0
0
0
913
753
913
984
377
149
0
0
0
0
0
0
0
0
0
153
700
600
770
864
921
0
0
0
0
0
0
0
0
0
0
0
0
0
0
0
0
0
0
0
626
904
626
780
163
520
0
0
0
0
0
0
0
0
0
728
950
848
701
867
246
0
0
0
0
801
181
77
856
706
275
0
0
0
0
0
0
0
0
0
0
0
0
0
0
0
0
0
0
0
0
0
0
0
0
0
0
0
0
0
0
951
390
198
783
375
101
0
0
0
0
0
0
0
0
0
729
840
669
612
317
405
0
0
0
0
0
0
0
0
0
0
0
0
0
0
0
0
0
0
0
830
482
776
703
367
53
0
0
0
0
0
0
0
0
0
999
463
753
314
62
534
0
0
0
0
144
982
578
831
121
320
0
0
0
0
0
0
0
0
0
0
0
0
0
0
0
0
0
0
0
0
0
0
0
0
0
0
0
0
0
0
487
621
658
716
136
273
0
0
0
0
0
0
0
0
0
984
854
830
732
309
934
0
0
0
0
0
0
0
0
0
0
0
0
0
0
0
0
0
0
0
951
656
593
157
521
626
0
0
0
0
0
0
0
0
0
692
673
756
158
767
408
0
0
0
0
587
343
729
992
865
723
0
0
0
0
0
0
0
0
0
0
0
0
0
0
0
0
0
0
0
0
0
0
0
0
0
922
0
0
0
0
703
996
554
974
471
850
0
0
0
0
0
0
0
0
0
409
572
952
122
649
734
0
0
0
0
0
0
0
0
0
0
0
0
0
0
0
0
0
0
0
764
750
193
320
512
532
0
0
0
0
0
0
0
0
0
68
678
876
638
782
136
0
0
0
0
930
526
403
721
530
129
0
0
0
0
0
0
0
0
0
0
0
0
0
0
0
0
0
0
0
0
0
0
0
0
622
373
0
0
0
0
110
340
586
13
5
939
0
0
0
0
0
0
0
0
0
138
129
351
731
254
813
0
0
0
0
0
0
0
0
0
0
0
0
0
0
0
0
0
0
0
657
379
251
749
264
975
0
0
0
0
0
0
0
0
0
6
540
815
315
512
471
0
0
0
0
900
663
804
798
420
322
0
0
0
0
0
0
0
0
0
0
0
0
0
0
0
0
0
0
0
0
0
0
0
218
17
192
0
0
0
0
95
139
959
66
914
662
0
0
0
0
0
0
0
0
0
626
138
682
997
814
213
0
0
0
0
0
0
0
0
0
0
0
0
0
0
0
0
0
0
0
674
639
293
125
237
968
0
0
0
0
0
0
0
0
0
337
511
279
56
633
58
0
0
0
0
214
964
898
408
501
51
0
0
0
0
0
0
0
0
0
0
0
0
0
0
0
0
0
0
0
0
0
0
631
30
377
790
0
0
0
0
16
878
59
883
737
45
0
0
0
0
0
0
0
0
0
371
405
643
684
727
86
0
0
0
0
0
0
0
0
0
0
0
0
0
0
0
0
0
0
0
99
487
922
344
109
696
0
0
0
0
0
0
0
0
0
659
471
487
646
962
789
0
0
0
0
913
897
645
254
640
497
0
0
0
0
0
0
0
0
0
0
0
0
0
0
0
0
0
0
0
0
0
913
53
77
968
426
0
0
0
0
211
419
634
881
962
167
0
0
0
0
0
0
0
0
0
491
293
572
377
640
663
0
0
0
0
0
0
0
0
0
0
0
0
0
0
0
0
0
0
0
395
460
361
127
403
770
0
0
0
0
0
0
0
0
0
901
926
74
154
100
954
0
0
0
0
410
422
267
810
844
512
0
0
0
0
0
0
0
0
0
0
0
0
0
0
0
0
0
0
0
0
771
98
781
506
655
372
0
0
0
0
104
186
93
716
780
239
0
0
0
0
0
0
0
0
0
575
527
620
379
526
13
0
0
0
0
0
0
0
0
0
0
0
0
0
0
0
0
0
0
0
422
429
76
249
499
914
0
0
0
0
0
0
0
0
0
523
600
687
590
879
433
0
0
0
0
617
703
695
50
36
604
0
0
0
0
0
0
0
0
0
0
0
0
0
0
0
0
0
0
0
0
167
333
78
613
992
738
0
0
0
0
103
577
379
711
344
537
0
0
0
0
0
0
0
0
0
992
580
468
464
5
514
0
0
0
0
0
0
0
0
0
0
0
0
0
0
0
0
0
0
0
844
688
617
95
201
229
0
0
0
0
0
0
0
0
0
380
529
709
622
801
355
0
0
0
0
903
853
562
357
251
171
0
0
0
0
0
0
0
0
0
0
0
0
0
0
0
0
0
0
0
0
322
553
14
952
908
850
0
0
0
0
880
541
682
551
233
769
0
0
0
0
0
0
0
0
0
87
988
283
325
186
626
0
0
0
0
0
0
0
0
0
0
0
0
0
0
0
0
0
0
0
352
530
526
881
593
227
0
0
0
0
0
0
0
0
0
111
983
932
525
122
735
0
0
0
0
636
883
216
834
160
919
0
0
0
0
0
0
0
0
0
0
0
0
0
0
0
0
0
0
0
0
176
421
287
541
610
84
0
0
0
0
540
716
529
220
304
216
0
0
0
0
0
0
0
0
0
865
843
173
777
904
830
0
0
0
0
0
0
0
0
0
0
0
0
0
0
0
0
0
0
0
129
643
830
69
826
727
0
0
0
0
0
0
0
0
0
337
679
432
709
544
589
0
0
0
0
944
179
969
406
603
983
0
0
0
0
0
0
0
0
0
0
0
0
0
0
0
0
0
0
0
0
568
592
959
197
411
837
0
0
0
0
830
99
562
979
619
335
0
0
0
0
0
0
0
0
0
138
599
922
626
482
951
0
0
0
0
0
0
0
0
0
0
0
0
0
0
0
0
0
0
0
976
676
936
880
610
918
0
0
0
0
0
0
0
0
0
447
263
751
590
891
447
0
0
0
0
812
158
67
738
505
927
0
0
0
0
0
0
0
0
0
0
0
0
0
0
0
0
0
0
0
0
859
203
145
884
48
623
0
0
0
0
242
898
98
810
969
645
0
0
0
0
0
0
0
0
0
963
132
780
776
656
764
0
0
0
0
0
0
0
0
0
0
0
0
0
0
0
0
0
0
0
241
749
877
696
914
132
0
0
0
0
0
0
0
0
0
440
847
271
281
301
24
0
0
0
0
911
776
294
592
605
32
0
0
0
0
0
0
0
0
0
0
0
0
0
0
0
0
0
0
0
0
836
412
420
676
582
624
0
0
0
0
505
232
349
851
989
338
0
0
0
0
0
0
0
0
0
776
163
703
593
750
657
0
0
0
0
0
0
0
0
0
0
0
0
0
0
0
0
0
0
0
467
120
803
26
627
176
0
0
0
0
0
0
0
0
0
855
557
142
430
358
696
0
0
0
0
759
929
281
283
341
399
0
0
0
0
0
0
0
0
0
0
0
0
0
0
0
0
0
0
0
0
855
50
376
485
19
151
0
0
0
0
67
487
893
225
194
837
0
0
0
0
0
0
0
0
0
520
367
157
193
379
674
0
0
0
0
0
0
0
0
0
0
0
0
0
0
0
0
0
0
0
810
124
756
188
887
62
0
0
0
0
0
0
0
0
0
632
343
12
233
885
415
0
0
0
0
118
414
976
346
972
704
0
0
0
0
0
0
0
0
0
0
0
0
0
0
0
0
0
0
0
0
772
449
346
436
90
306
0
0
0
0
59
419
64
523
733
626
0
0
0
0
0
0
0
0
0
53
521
320
251
639
99
0
0
0
0
0
0
0
0
0
0
0
0
0
0
0
0
0
0
0
400
836
100
860
497
650
0
0
0
0
0
0
0
0
0
308
476
359
685
311
801
0
0
0
0
556
92
277
149
382
776
0
0
0
0
0
0
0
0
0
0
0
0
0
0
0
0
0
0
0
0
711
92
298
979
262
181
0
0
0
0
805
118
178
729
722
372
0
0
0
0
0
0
0
0
0
626
512
749
293
487
395
0
0
0
0
0
0
0
0
0
0
0
0
0
0
0
0
0
0
0
125
359
292
247
39
822
0
0
0
0
0
0
0
0
0
498
195
201
840
640
947
0
0
0
0
394
811
205
932
974
872
0
0
0
0
0
0
0
0
0
0
0
0
0
0
0
0
0
0
0
0
919
509
470
250
30
563
0
0
0
0
968
41
688
470
583
180
0
0
0
0
0
0
0
0
0
532
264
125
922
460
422
0
0
0
0
0
0
0
0
0
0
0
0
0
0
0
0
0
0
0
72
183
435
24
328
407
0
0
0
0
0
0
0
0
0
532
902
944
294
88
145
0
0
0
0
405
116
536
29
444
67
0
0
0
0
0
0
0
0
0
0
0
0
0
0
0
0
0
0
0
0
531
378
919
20
408
939
0
0
0
0
874
541
715
840
853
213
0
0
0
0
0
0
0
0
0
975
237
344
361
429
844
0
0
0
0
0
0
0
0
0
0
0
0
0
0
0
0
0
0
0
849
134
645
85
571
589
0
0
0
0
0
0
0
0
0
500
917
271
428
591
861
0
0
0
0
498
956
225
426
338
225
0
0
0
0
0
0
0
0
0
0
0
0
0
0
0
0
0
0
0
0
63
987
981
43
799
851
0
0
0
0
646
816
915
696
7
203
0
0
0
0
0
0
0
0
0
968
109
127
76
688
352
0
0
0
0
0
0
0
0
0
0
0
0
0
0
0
0
0
0
0
743
289
541
210
352
712
0
0
0
0
0
0
0
0
0
46
109
277
820
37
119
0
0
0
0
399
373
801
77
111
230
0
0
0
0
0
0
0
0
0
0
0
0
0
0
0
0
0
0
0
0
300
267
936
509
475
294
0
0
0
0
834
419
185
655
262
776
0
0
0
0
0
0
0
0
0
696
403
249
617
530
129
0
0
0
0
0
0
0
0
0
0
0
0
0
0
0
0
0
0
0
942
78
366
972
47
198
0
0
0
0
0
0
0
0
0
943
799
905
144
394
822
0
0
0
0
99
392
251
826
891
304
0
0
0
0
0
0
0
0
0
0
0
0
0
0
0
0
0
0
0
0
11
779
748
77
285
796
0
0
0
0
500
256
363
12
919
473
0
0
0
0
0
0
0
0
0
770
499
95
526
643
976
0
0
0
0
0
0
0
0
0
0
0
0
0
0
0
0
0
0
0
387
631
685
97
206
583
0
0
0
0
0
0
0
0
0
893
811
766
909
265
42
0
0
0
0
409
409
937
201
879
731
0
0
0
0
0
0
0
0
0
0
0
0
0
0
0
0
0
0
0
0
391
927
152
565
411
294
0
0
0
0
619
352
207
350
313
31
0
0
0
0
0
0
0
0
0
914
201
881
830
676
241
0
0
0
0
0
0
0
0
0
0
0
0
0
0
0
0
0
0
0
569
427
77
638
767
58
0
0
0
0
0
0
0
0
0
27
193
579
998
752
239
0
0
0
0
56
349
642
905
854
683
0
0
0
0
0
0
0
0
0
0
0
0
0
0
0
0
0
0
0
0
596
457
652
461
180
212
0
0
0
0
216
666
803
514
603
269
0
0
0
0
0
0
0
0
0
229
593
69
936
749
467
0
0
0
0
0
0
0
0
0
0
0
0
0
0
0
0
0
0
0
117
532
28
438
284
549
0
0
0
0
0
0
0
0
0
389
219
320
44
855
754
0
0
0
0
224
251
174
337
244
389
0
0
0
0
0
0
0
0
0
0
0
0
0
0
0
0
0
0
0
0
248
863
10
519
658
237
0
0
0
0
324
923
83
49
729
728
0
0
0
0
0
0
0
0
0
227
826
880
877
120
810
0
0
0
0
0
0
0
0
0
0
0
0
0
0
0
0
0
0
0
388
314
421
489
583
106
0
0
0
0
0
0
0
0
0
972
948
459
619
444
811
0
0
0
0
893
597
639
828
747
540
0
0
0
0
0
0
0
0
0
0
0
0
0
0
0
0
0
0
0
0
580
618
784
273
963
510
0
0
0
0
216
521
652
655
950
999
0
0
0
0
0
0
0
0
0
727
610
696
803
124
400
0
0
0
0
0
0
0
0
0
0
0
0
0
0
0
0
0
0
0
94
744
275
76
908
556
0
0
0
0
0
0
0
0
0
78
987
584
449
12
938
0
0
0
0
612
183
309
111
839
303
0
0
0
0
0
0
0
0
0
0
0
0
0
0
0
0
0
0
0
0
553
304
643
833
84
860
0
0
0
0
509
362
68
848
463
692
0
0
0
0
0
0
0
0
0
918
914
26
756
836
125
0
0
0
0
0
0
0
0
0
0
0
0
0
0
0
0
0
0
0
44
729
617
603
324
218
0
0
0
0
0
0
0
0
0
464
371
45
183
58
78
0
0
0
0
662
107
757
137
188
42
0
0
0
0
0
0
0
0
0
0
0
0
0
0
0
0
0
0
0
0
491
387
670
355
684
190
0
0
0
0
820
420
701
753
673
68
0
0
0
0
0
0
0
0
0
132
627
188
100
359
72
0
0
0
0
0
0
0
0
0
0
0
0
0
0
0
0
0
0
0
0
0
0
0
0
0
0
0
0
0
0
0
0
0
0
0
0
0
0
0
0
0
0
0
0
0
0
0
0
0
0
0
0
0
0
0
0
0
0
0
0
0
0
0
0
0
0
0
0
0
0
19
142
22
335
194
80
0
0
0
0
503
867
314
756
678
6
0
0
0
0
0
0
0
0
0
176
887
860
292
183
849
0
0
0
0
0
0
0
0
0
0
0
0
0
0
0
0
0
0
0
0
0
0
0
0
0
0
0
0
0
0
0
0
0
0
0
0
0
0
0
0
0
0
0
0
0
0
0
0
0
0
0
0
0
0
0
0
0
0
0
0
0
0
0
0
0
0
0
0
0
0
939
72
168
930
596
648
0
0
0
0
246
62
158
876
540
337
0
0
0
0
0
0
0
0
0
62
497
247
435
134
743
0
0
0
0
0
0
0
0
0
0
0
0
0
0
0
0
0
0
0
0
0
0
0
0
0
0
0
0
0
0
0
0
0
0
0
0
0
0
0
0
0
0
0
0
0
0
0
0
0
0
0
0
0
0
0
0
0
0
0
0
0
0
0
0
0
0
0
0
0
0
60
917
571
477
699
823
0
0
0
0
534
767
638
815
511
659
0
0
0
0
0
0
0
0
0
650
39
24
645
289
942
0
0
0
0
0
0
0
0
0
0
0
0
0
0
0
0
0
0
0
0
0
0
0
0
0
0
0
0
0
0
0
0
0
0
0
0
0
0
0
0
0
0
0
0
0
0
0
0
0
0
0
0
0
0
0
0
0
0
0
0
0
0
0
0
0
0
0
0
0
0
954
358
799
906
764
317
0
0
0
0
408
782
315
279
471
901
0
0
0
0
0
0
0
0
0
822
328
85
541
78
387
0
0
0
0
0
0
0
0
0
0
0
0
0
0
0
0
0
0
0
0
0
0
0
0
0
0
0
0
0
0
0
0
0
0
0
0
0
0
0
0
0
0
0
0
0
0
0
0
0
0
0
0
0
0
0
0
0
0
0
0
0
0
0
0
0
0
0
0
0
0
699
133
400
607
106
985
0
0
0
0
136
512
56
487
926
523
0
0
0
0
0
0
0
0
0
407
571
210
366
631
569
0
0
0
0
0
0
0
0
0
0
0
0
0
0
0
0
0
0
0
0
0
0
0
0
0
0
0
0
0
0
0
0
0
0
0
0
0
0
0
0
0
0
0
0
0
0
0
0
0
0
0
0
0
0
0
0
0
0
0
0
0
0
0
0
0
0
0
0
0
0
41
849
969
229
171
988
0
0
0
0
471
633
646
74
600
380
0
0
0
0
0
0
0
0
0
589
352
972
685
427
117
0
0
0
0
0
0
0
0
0
0
0
0
0
0
0
0
0
0
0
0
0
0
0
0
0
0
0
0
0
0
0
0
0
0
0
0
0
0
0
0
0
0
0
0
0
0
0
0
0
0
0
0
0
0
0
0
0
0
0
0
0
0
0
0
0
0
0
0
0
0
497
733
368
718
226
801
0
0
0
0
58
962
154
687
529
111
0
0
0
0
0
0
0
0
0
712
47
97
77
532
388
0
0
0
0
0
0
0
0
0
0
0
0
0
0
0
0
0
0
0
0
0
0
0
0
0
0
0
0
0
0
0
0
0
0
0
0
0
0
0
0
0
0
0
0
0
0
0
0
0
0
0
0
0
0
0
0
0
0
0
0
0
0
0
0
0
0
0
0
0
0
973
875
889
662
181
144
0
0
0
0
789
100
590
709
983
337
0
0
0
0
0
0
0
0
0
198
206
638
28
314
94
0
0
0
0
0
0
0
0
0
0
0
0
0
0
0
0
0
0
0
0
0
0
0
0
0
0
0
0
0
0
0
0
0
0
0
0
0
0
0
0
0
0
0
0
0
0
0
0
0
0
0
0
0
0
0
0
0
0
0
0
0
0
0
0
0
0
0
0
0
0
839
347
647
77
982
587
0
0
0
0
954
879
622
932
679
447
0
0
0
0
0
0
0
0
0
583
767
438
421
744
44
0
0
0
0
0
0
0
0
0
0
0
0
0
0
0
0
0
0
0
0
0
0
0
0
0
0
0
0
0
0
0
0
0
0
0
0
0
0
0
0
0
0
0
0
0
0
0
0
0
0
0
0
0
0
0
0
0
0
0
0
0
0
0
0
0
0
0
0
0
0
565
650
856
578
343
930
0
0
0
0
433
801
525
432
263
440
0
0
0
0
0
0
0
0
0
58
284
489
275
729
0
0
0
0
0
0
0
0
0
0
0
0
0
0
0
0
0
0
0
0
0
0
0
0
0
0
0
0
0
0
0
0
0
0
0
0
0
0
0
0
0
0
0
0
0
0
0
0
0
0
0
0
0
0
0
0
0
0
0
0
0
0
0
0
0
0
0
0
0
0
0
357
706
831
729
526
900
0
0
0
0
355
122
709
751
847
855
0
0
0
0
0
0
0
0
0
549
583
76
617
0
0
0
0
0
0
0
0
0
0
0
0
0
0
0
0
0
0
0
0
0
0
0
0
0
0
0
0
0
0
0
0
0
0
0
0
0
0
0
0
0
0
0
0
0
0
0
0
0
0
0
0
0
0
0
0
0
0
0
0
0
0
0
0
0
0
0
0
0
0
0
0
275
121
992
403
663
214
0
0
0
0
735
544
590
271
557
632
0
0
0
0
0
0
0
0
0
106
908
603
0
0
0
0
0
0
0
0
0
0
0
0
0
0
0
0
0
0
0
0
0
0
0
0
0
0
0
0
0
0
0
0
0
0
0
0
0
0
0
0
0
0
0
0
0
0
0
0
0
0
0
0
0
0
0
0
0
0
0
0
0
0
0
0
0
0
0
0
0
0
0
0
0
320
865
721
804
964
913
0
0
0
0
589
891
281
142
343
308
0
0
0
0
0
0
0
0
0
556
324
0
0
0
0
0
0
0
0
0
0
0
0
0
0
0
0
0
0
0
0
0
0
0
0
0
0
0
0
0
0
0
0
0
0
0
0
0
0
0
0
0
0
0
0
0
0
0
0
0
0
0
0
0
0
0
0
0
0
0
0
0
0
0
0
0
0
0
0
0
0
0
0
0
0
723
530
798
898
897
410
0
0
0
0
447
301
430
12
476
498
0
0
0
0
0
0
0
0
0
218
0
0
0
0
0
0
0
0
0
0
0
0
0
0
0
0
0
0
0
0
0
0
0
0
0
0
0
0
0
0
0
0
0
0
0
0
0
0
0
0
0
0
0
0
0
0
0
0
0
0
0
0
0
0
0
0
0
0
0
0
0
0
0
0
0
0
0
0
0
0
0
0
0
0
0
129
420
408
645
422
617
0
0
0
0
24
358
233
359
195
532
0
0
0
0
0
0
0
0
0
0
0
0
0
0
0
0
0
0
0
0
0
0
0
0
0
0
0
0
0
0
0
0
0
0
0
0
0
0
0
0
0
0
0
0
0
0
0
0
0
0
0
0
0
0
0
0
0
0
0
0
0
0
0
0
0
0
0
0
0
0
0
0
0
0
0
0
0
0
0
0
0
0
0
0
0
322
501
254
267
703
903
0
0
0
0
696
885
685
201
902
500
0
0
0
0
0
0
0
0
0
0
0
0
0
0
0
0
0
0
0
0
0
0
0
0
0
0
0
0
0
0
0
0
0
0
0
0
0
0
0
0
0
0
0
0
0
0
0
0
0
0
0
0
0
0
0
0
0
0
0
0
0
0
0
0
0
0
0
0
0
0
0
0
0
0
0
0
0
0
0
0
0
0
0
0
0
51
640
810
695
853
636
0
0
0
0
415
311
840
944
917
46
0
0
0
0
0
0
0
0
0
0
0
0
0
0
0
0
0
0
0
0
0
0
0
0
0
0
0
0
0
0
0
0
0
0
0
0
0
0
0
0
0
0
0
0
0
0
0
0
0
0
0
0
0
0
0
0
0
0
0
0
0
0
0
0
0
0
0
0
0
0
0
0
0
0
0
0
0
0
0
0
0
0
0
0
0
497
844
50
562
883
944
0
0
0
0
801
640
294
271
109
943
0
0
0
0
0
0
0
0
0
0
0
0
0
0
0
0
0
0
0
0
0
0
0
0
0
0
0
0
0
0
0
0
0
0
0
0
0
0
0
0
0
0
0
0
0
0
0
0
0
0
0
0
0
0
0
0
0
0
0
0
0
0
0
0
0
0
0
0
0
0
0
0
0
0
0
0
0
0
0
0
0
0
0
0
0
512
36
357
216
179
812
0
0
0
0
947
88
428
277
799
893
0
0
0
0
0
0
0
0
0
0
0
0
0
0
0
0
0
0
0
0
0
0
0
0
0
0
0
0
0
0
0
0
0
0
0
0
0
0
0
0
0
0
0
0
0
0
0
0
0
0
0
0
0
0
0
0
0
0
0
0
0
0
0
0
0
0
0
0
0
0
0
0
0
0
0
0
0
0
0
0
0
0
0
0
0
604
251
834
969
158
911
0
0
0
0
145
591
820
905
811
27
0
0
0
0
0
0
0
0
0
0
0
0
0
0
0
0
0
0
0
0
0
0
0
0
0
0
0
0
0
0
0
0
0
0
0
0
0
0
0
0
0
0
0
0
0
0
0
0
0
0
0
0
0
0
0
0
0
0
0
0
0
0
0
0
0
0
0
0
0
0
0
0
0
0
0
0
0
0
0
0
0
0
0
0
0
171
160
406
67
776
759
0
0
0
0
861
37
144
766
193
389
0
0
0
0
0
0
0
0
0
0
0
0
0
0
0
0
0
0
0
0
0
0
0
0
0
0
0
0
0
0
0
0
0
0
0
0
0
0
0
0
0
0
0
0
0
0
0
0
0
0
0
0
0
0
0
0
0
0
0
0
0
0
0
0
0
0
0
0
0
0
0
0
0
0
0
0
0
0
0
0
0
0
0
0
0
919
603
738
294
929
118
0
0
0
0
119
394
909
579
219
972
0
0
0
0
0
0
0
0
0
0
0
0
0
0
0
0
0
0
0
0
0
0
0
0
0
0
0
0
0
0
0
0
0
0
0
0
0
0
0
0
0
0
0
0
0
0
0
0
0
0
0
0
0
0
0
0
0
0
0
0
0
0
0
0
0
0
0
0
0
0
0
0
0
0
0
0
0
0
0
0
0
0
0
0
0
983
505
592
281
414
556
0
0
0
0
822
265
998
320
948
78
0
0
0
0
0
0
0
0
0
0
0
0
0
0
0
0
0
0
0
0
0
0
0
0
0
0
0
0
0
0
0
0
0
0
0
0
0
0
0
0
0
0
0
0
0
0
0
0
0
0
0
0
0
0
0
0
0
0
0
0
0
0
0
0
0
0
0
0
0
0
0
0
0
0
0
0
0
0
0
0
0
0
0
0
0
927
605
283
976
92
394
0
0
0
0
42
752
44
459
987
464
0
0
0
0
0
0
0
0
0
0
0
0
0
0
0
0
0
0
0
0
0
0
0
0
0
0
0
0
0
0
0
0
0
0
0
0
0
0
0
0
0
0
0
0
0
0
0
0
0
0
0
0
0
0
0
0
0
0
0
0
0
0
0
0
0
0
0
0
0
0
0
0
0
0
0
0
0
0
0
0
0
0
0
0
0
32
341
346
277
811
405
0
0
0
0
239
855
619
584
371
0
0
0
0
0
0
0
0
0
0
0
0
0
0
0
0
0
0
0
0
0
0
0
0
0
0
0
0
0
0
0
0
0
0
0
0
0
0
0
0
0
0
0
0
0
0
0
0
0
0
0
0
0
0
0
0
0
0
0
0
0
0
0
0
0
0
0
0
0
0
0
0
0
0
0
0
0
0
0
0
0
0
0
0
0
0
399
972
149
205
116
498
0
0
0
0
754
444
449
45
0
0
0
0
0
0
0
0
0
0
0
0
0
0
0
0
0
0
0
0
0
0
0
0
0
0
0
0
0
0
0
0
0
0
0
0
0
0
0
0
0
0
0
0
0
0
0
0
0
0
0
0
0
0
0
0
0
0
0
0
0
0
0
0
0
0
0
0
0
0
0
0
0
0
0
0
0
0
0
0
0
0
0
0
0
0
0
704
382
932
536
956
399
0
0
0
0
811
12
183
0
0
0
0
0
0
0
0
0
0
0
0
0
0
0
0
0
0
0
0
0
0
0
0
0
0
0
0
0
0
0
0
0
0
0
0
0
0
0
0
0
0
0
0
0
0
0
0
0
0
0
0
0
0
0
0
0
0
0
0
0
0
0
0
0
0
0
0
0
0
0
0
0
0
0
0
0
0
0
0
0
0
0
0
0
0
0
0
776
974
29
225
373
99
0
0
0
0
938
58
0
0
0
0
0
0
0
0
0
0
0
0
0
0
0
0
0
0
0
0
0
0
0
0
0
0
0
0
0
0
0
0
0
0
0
0
0
0
0
0
0
0
0
0
0
0
0
0
0
0
0
0
0
0
0
0
0
0
0
0
0
0
0
0
0
0
0
0
0
0
0
0
0
0
0
0
0
0
0
0
0
0
0
0
0
0
0
0
0
872
444
426
801
392
409
0
0
0
0
78
0
0
0
0
0
0
0
0
0
0
0
0
0
0
0
0
0
0
0
0
0
0
0
0
0
0
0
0
0
0
0
0
0
0
0
0
0
0
0
0
0
0
0
0
0
0
0
0
0
0
0
0
0
0
0
0
0
0
0
0
0
0
0
0
0
0
0
0
0
0
0
0
0
0
0
0
0
0
0
0
0
0
0
0
0
0
0
0
0
0
67
338
77
251
409
56
0
0
0
0
0
0
0
0
0
0
0
0
0
0
0
0
0
0
0
0
0
0
0
0
0
0
0
0
0
0
0
0
0
0
0
0
0
0
0
0
0
0
0
0
0
0
0
0
0
0
0
0
0
0
0
0
0
0
0
0
0
0
0
0
0
0
0
0
0
0
0
0
0
0
0
0
0
0
0
0
0
0
0
0
0
0
0
0
0
0
0
0
0
0
0
225
111
826
937
349
224
0
0
0
0
0
0
0
0
0
0
0
0
0
0
0
0
0
0
0
0
0
0
0
0
0
0
0
0
0
0
0
0
0
0
0
0
0
0
0
0
0
0
0
0
0
0
0
0
0
0
0
0
0
0
0
0
0
0
0
0
0
0
0
0
0
0
0
0
0
0
0
0
0
0
0
0
0
0
0
0
0
0
0
0
0
0
0
0
0
0
0
0
0
0
0
230
891
201
642
251
893
0
0
0
0
0
0
0
0
0
0
0
0
0
0
0
0
0
0
0
0
0
0
0
0
0
0
0
0
0
0
0
0
0
0
0
0
0
0
0
0
0
0
0
0
0
0
0
0
0
0
0
0
0
0
0
0
0
0
0
0
0
0
0
0
0
0
0
0
0
0
0
0
0
0
0
0
0
0
0
0
0
0
0
0
0
0
0
0
0
0
0
0
0
0
0
304
879
905
174
597
612
0
0
0
0
0
0
0
0
0
0
0
0
0
0
0
0
0
0
0
0
0
0
0
0
0
0
0
0
0
0
0
0
0
0
0
0
0
0
0
0
0
0
0
0
0
0
0
0
0
0
0
0
0
0
0
0
0
0
0
0
0
0
0
0
0
0
0
0
0
0
0
0
0
0
0
0
0
0
0
0
0
0
0
0
0
0
0
0
0
0
0
0
0
0
0
731
854
337
639
183
662
0
0
0
0
0
0
0
0
0
0
0
0
0
0
0
0
0
0
0
0
0
0
0
0
0
0
0
0
0
0
0
0
0
0
0
0
0
0
0
0
0
0
0
0
0
0
0
0
0
0
0
0
0
0
0
0
0
0
0
0
0
0
0
0
0
0
0
0
0
0
0
0
0
0
0
0
0
0
0
0
0
0
0
0
0
0
0
0
0
0
0
0
0
0
0
683
244
828
309
107
0
0
0
0
0
0
0
0
0
0
0
0
0
0
0
0
0
0
0
0
0
0
0
0
0
0
0
0
0
0
0
0
0
0
0
0
0
0
0
0
0
0
0
0
0
0
0
0
0
0
0
0
0
0
0
0
0
0
0
0
0
0
0
0
0
0
0
0
0
0
0
0
0
0
0
0
0
0
0
0
0
0
0
0
0
0
0
0
0
0
0
0
0
0
0
0
389
747
111
757
0
0
0
0
0
0
0
0
0
0
0
0
0
0
0
0
0
0
0
0
0
0
0
0
0
0
0
0
0
0
0
0
0
0
0
0
0
0
0
0
0
0
0
0
0
0
0
0
0
0
0
0
0
0
0
0
0
0
0
0
0
0
0
0
0
0
0
0
0
0
0
0
0
0
0
0
0
0
0
0
0
0
0
0
0
0
0
0
0
0
0
0
0
0
0
0
0
540
839
137
0
0
0
0
0
0
0
0
0
0
0
0
0
0
0
0
0
0
0
0
0
0
0
0
0
0
0
0
0
0
0
0
0
0
0
0
0
0
0
0
0
0
0
0
0
0
0
0
0
0
0
0
0
0
0
0
0
0
0
0
0
0
0
0
0
0
0
0
0
0
0
0
0
0
0
0
0
0
0
0
0
0
0
0
0
0
0
0
0
0
0
0
0
0
0
0
0
0
303
188
0
0
0
0
0
0
0
0
0
0
0
0
0
0
0
0
0
0
0
0
0
0
0
0
0
0
0
0
0
0
0
0
0
0
0
0
0
0
0
0
0
0
0
0
0
0
0
0
0
0
0
0
0
0
0
0
0
0
0
0
0
0
0
0
0
0
0
0
0
0
0
0
0
0
0
0
0
0
0
0
0
0
0
0
0
0
0
0
0
0
0
0
0
0
0
0
0
0
0
42
0
0
0
0
0
0
0
0
0
0
0
0
0
0
0
0
0
0
0
0
0
0
0
0
0
0
0
0
0
0
0
0
0
0
0
0
0
0
0
0
