0
0
0
0
0
0
0
0
473
0
0
0
0
0
0
0
0
0
0
0
238
0
0
649
0
0
0
0
0
890
0
0
0
0
0
0
0
0
0
0
0
0
0
0
0
683
0
0
0
540
0
0
0
0
0
0
0
0
0
0
0
0
0
0
0
0
587
0
0
592
0
245
0
1000
0
0
0
871
0
0
0
0
0
0
0
307
0
0
0
0
340
0
0
0
0
0
0
0
0
0
0
0
0
0
0
0
0
0
0
0
0
0
0
0
10
0
0
720
246
0
955
364
0
0
0
0
0
0
0
0
0
0
0
0
0
0
0
0
0
0
0
0
0
0
80
0
411
482
0
0
0
973
0
0
0
0
0
0
993
0
0
0
0
0
0
0
0
0
0
0
0
0
0
0
0
0
0
499
0
426
0
0
0
456
0
0
478
0
0
460
341
0
0
874
0
596
0
0
0
0
0
0
0
0
0
0
0
0
0
0
0
0
0
162
0
0
0
968
0
720
0
0
0
0
0
0
0
858
0
194
0
0
534
0
0
695
566
0
0
0
0
0
0
0
267
529
0
0
0
0
0
0
0
764
0
0
0
0
0
0
0
0
0
0
0
0
0
636
0
0
0
0
0
0
0
0
0
0
0
0
0
0
0
0
0
837
0
0
0
0
0
757
0
0
0
0
0
0
0
0
0
0
0
0
0
0
0
0
233
877
0
0
0
124
0
0
0
701
0
0
107
0
0
0
314
0
0
0
0
0
166
0
0
0
0
0
0
298
699
487
949
0
0
0
342
575
0
0
0
0
0
0
0
0
0
0
0
917
0
0
0
0
278
439
566
877
0
0
0
0
0
0
0
0
0
0
0
0
0
0
0
0
0
0
0
0
847
73
0
228
0
0
0
0
0
894
0
0
0
0
0
0
0
0
0
0
0
0
0
0
0
0
0
0
0
0
0
0
0
405
0
0
469
0
0
0
0
162
0
0
0
0
0
0
188
0
0
0
145
0
0
0
0
0
0
0
908
0
0
0
577
0
246
0
0
0
0
0
0
882
0
0
0
292
0
0
0
0
0
0
0
0
0
0
0
0
0
0
0
0
0
0
0
0
558
0
0
0
0
0
0
0
0
264
362
0
0
903
0
0
0
0
0
0
0
0
0
0
0
0
0
0
0
0
0
461
0
0
0
0
570
0
0
0
0
0
0
0
0
0
0
266
526
0
0
0
0
0
0
0
0
0
0
0
0
0
627
0
0
0
0
0
109
0
554
0
0
0
0
0
0
0
0
0
0
0
113
0
0
0
0
0
0
0
0
872
478
0
0
0
0
0
0
0
0
0
568
0
0
0
488
0
0
0
38
456
0
0
0
0
0
0
0
0
0
0
0
0
0
0
0
0
0
0
0
0
0
342
0
0
0
0
0
0
0
273
769
0
0
0
430
661
0
0
0
0
0
0
846
637
0
0
0
0
0
0
0
0
0
0
811
0
0
0
0
0
735
110
0
0
0
0
414
16
0
0
0
0
0
0
516
199
0
0
0
0
0
0
0
0
0
0
0
0
0
971
0
0
0
124
0
0
0
0
0
0
0
0
0
952
0
0
0
0
0
0
0
0
0
0
0
0
0
0
0
840
700
0
59
0
564
543
0
0
0
379
0
0
0
0
0
0
0
0
0
0
0
0
0
0
0
0
0
0
0
0
0
517
685
561
0
0
0
0
0
0
727
140
0
45
0
66
0
0
899
0
0
0
487
273
117
0
0
96
0
560
489
0
939
0
0
0
0
0
0
0
0
0
0
0
0
0
0
0
0
0
629
0
286
0
473
0
0
233
0
0
0
0
0
0
0
0
0
0
871
0
0
0
0
0
0
472
0
0
0
467
0
0
0
0
565
0
0
0
0
0
495
0
0
230
4
975
0
329
0
0
0
0
0
0
0
75
0
969
975
0
0
984
260
50
0
0
0
458
0
0
0
397
0
0
0
0
809
0
0
0
0
0
331
0
799
0
0
0
0
574
40
831
0
0
0
0
0
0
0
0
0
0
0
0
0
0
0
877
0
0
0
0
0
0
0
0
0
0
0
896
0
0
902
0
0
0
269
0
0
0
0
0
0
0
0
0
0
0
0
52
660
0
0
0
0
0
0
0
0
680
0
0
0
0
435
0
0
0
0
0
0
0
0
520
200
0
0
526
0
678
364
0
0
0
0
0
0
0
0
0
0
0
0
0
0
0
0
0
0
0
0
0
529
0
219
0
0
0
420
0
0
0
0
0
0
0
0
0
0
0
0
0
0
0
0
430
0
0
0
0
0
0
0
0
0
0
0
0
139
0
0
0
0
0
0
0
0
38
0
0
0
762
0
0
298
972
0
0
0
0
525
306
426
0
0
299
0
797
0
0
0
0
0
0
28
0
0
0
0
0
0
0
0
282
0
0
288
0
0
0
0
0
0
0
502
0
0
0
0
0
0
0
0
0
0
270
0
0
0
0
960
336
79
0
0
0
0
0
0
0
0
0
0
0
430
0
0
0
0
712
0
0
0
0
807
534
0
0
0
0
0
647
0
994
0
0
0
0
0
0
0
0
0
0
673
0
0
0
644
588
160
0
0
0
0
0
0
0
0
138
0
0
0
30
0
0
0
0
0
0
0
0
0
0
0
0
0
0
714
0
0
0
0
0
283
0
0
0
0
0
696
0
463
688
0
0
0
0
0
0
870
0
0
0
0
0
0
0
0
0
0
0
0
0
0
0
0
962
0
0
0
0
0
0
0
0
0
0
0
678
0
0
178
0
387
0
0
0
0
0
909
0
83
0
470
0
0
0
287
334
959
0
323
0
0
0
190
0
0
0
0
0
0
525
0
975
0
0
0
0
0
0
117
0
0
0
0
0
0
0
0
0
200
0
0
0
169
0
0
0
0
0
0
0
667
400
0
0
0
0
0
67
0
0
0
0
162
124
0
0
0
0
0
0
0
0
962
0
0
0
0
0
0
0
0
0
908
0
0
0
0
0
896
0
0
0
0
0
0
0
0
647
0
0
0
0
0
565
0
0
132
728
608
0
0
0
996
0
16
0
0
0
0
0
0
0
0
0
0
0
0
0
0
0
0
0
0
0
296
926
508
0
0
0
0
0
0
0
0
0
0
0
1000
0
66
682
860
0
0
0
559
0
0
0
0
10
0
0
0
0
0
0
871
0
0
0
0
0
0
0
0
0
0
0
0
0
0
0
0
0
0
714
0
0
0
0
0
417
0
0
0
0
964
0
0
0
0
0
0
0
0
0
0
0
0
0
0
0
119
0
0
0
0
0
0
0
0
827
0
874
0
0
960
0
0
29
160
0
0
0
0
0
0
0
0
0
0
0
0
0
0
48
0
0
0
0
0
0
0
828
0
998
0
838
0
0
0
0
0
461
0
840
0
896
0
712
0
0
0
0
0
0
0
0
0
0
548
0
0
0
0
0
0
159
0
0
706
0
0
815
0
840
0
0
0
0
413
475
0
0
408
0
0
0
0
0
0
267
0
0
0
0
0
0
0
772
0
463
141
0
0
0
0
0
0
557
0
0
404
0
0
0
0
456
0
0
0
0
0
0
0
0
0
14
0
0
0
159
0
0
0
0
0
0
0
0
0
0
0
0
0
700
0
0
0
0
0
0
0
0
0
0
0
693
275
0
0
0
0
0
0
0
0
324
0
0
913
0
0
213
978
0
0
0
0
0
58
0
0
0
0
0
0
0
542
0
0
0
0
170
0
0
0
0
625
741
0
0
0
0
0
0
0
0
0
0
0
0
860
0
0
0
0
315
0
0
0
0
0
226
0
866
0
0
0
0
0
0
60
0
776
0
0
0
0
720
968
701
0
0
342
0
0
0
0
0
0
0
0
0
0
0
0
589
0
0
0
0
0
379
0
0
0
0
0
0
486
0
0
523
0
0
0
0
0
124
0
738
0
0
0
394
0
0
0
0
0
0
0
0
0
578
0
99
0
0
0
0
783
0
42
0
0
842
0
0
0
0
0
0
0
0
0
0
0
778
0
0
191
0
0
185
0
891
0
0
710
0
989
0
165
0
564
0
0
246
0
0
0
0
0
59
0
902
0
0
0
0
0
0
0
0
0
0
0
0
0
141
0
752
0
0
0
0
443
464
0
0
0
0
0
818
82
0
0
0
968
854
0
0
717
0
0
0
0
0
0
316
154
775
0
245
810
0
172
0
0
0
0
0
0
0
0
0
0
0
0
0
0
0
92
0
0
0
0
0
0
0
0
0
0
0
0
375
0
206
0
0
147
0
0
452
0
0
0
0
720
0
405
0
0
0
0
0
0
0
0
0
0
0
693
589
0
0
289
994
0
0
0
54
0
897
0
0
0
0
958
344
0
0
582
0
896
0
0
0
0
0
0
0
0
0
0
520
0
0
0
806
337
0
0
30
0
395
0
0
0
0
0
0
0
644
683
452
0
0
0
0
0
0
0
0
0
0
0
0
0
0
0
0
380
0
849
0
0
0
0
0
0
0
0
121
0
0
238
955
0
107
0
570
0
564
0
0
0
807
0
0
0
0
275
0
0
289
0
0
159
0
0
0
0
0
0
0
0
0
0
795
384
343
0
0
0
0
0
0
0
790
0
0
0
0
0
495
0
366
955
679
0
0
559
0
0
983
0
0
0
490
0
0
369
0
0
0
768
0
0
0
0
0
0
0
0
0
0
0
0
0
0
0
0
0
0
0
0
0
0
500
358
0
0
0
0
0
0
364
0
0
0
0
0
543
472
0
0
534
0
0
0
0
0
0
0
994
0
0
0
0
0
140
0
0
0
0
0
125
0
0
0
0
0
0
0
0
0
0
0
0
0
0
0
0
0
0
0
888
0
0
0
0
0
0
0
0
0
0
0
0
0
0
123
0
0
984
392
0
356
0
0
0
0
0
0
0
0
0
0
0
0
0
0
0
0
0
0
0
0
858
0
0
0
0
0
0
0
0
0
0
469
0
0
0
0
269
0
0
0
908
0
548
0
0
0
0
159
0
0
0
0
0
0
0
0
0
637
220
726
0
0
0
0
0
0
0
0
0
0
0
422
0
0
0
0
0
0
497
0
0
0
0
0
0
0
0
0
0
0
0
0
0
0
981
957
505
0
0
0
0
0
768
0
820
584
27
0
0
795
95
0
889
0
0
0
0
0
0
0
914
0
0
0
0
0
0
649
0
0
0
0
0
0
0
0
0
0
0
0
0
0
0
0
0
141
0
0
0
0
0
0
0
0
0
0
0
0
0
55
0
357
0
0
10
0
121
0
0
0
479
0
0
0
0
0
623
0
0
0
0
0
0
0
0
0
0
0
0
0
0
0
801
0
21
0
0
420
0
0
0
0
69
0
0
161
0
0
0
0
0
0
0
80
0
0
611
105
0
0
0
0
0
0
921
0
0
0
0
0
314
0
0
0
0
0
0
139
0
0
0
0
0
0
0
0
0
0
0
0
0
0
0
0
0
338
0
0
553
0
0
0
0
0
0
0
174
151
0
0
0
0
0
449
0
0
0
0
0
0
0
0
0
0
0
0
0
0
646
0
313
0
0
594
743
0
0
0
0
0
0
0
643
628
0
0
0
963
0
0
95
0
0
0
0
0
0
616
465
0
0
483
891
864
601
220
0
0
0
0
0
0
0
273
379
467
0
0
0
678
0
0
0
0
379
752
54
0
140
0
0
0
0
657
0
0
114
0
535
75
0
0
0
0
0
998
0
0
0
0
682
0
130
0
630
0
0
516
0
830
0
0
0
0
0
0
0
0
0
0
0
0
304
0
0
0
0
0
0
0
0
137
0
0
0
0
0
0
576
0
0
0
0
267
0
0
0
0
0
0
659
0
0
0
0
0
621
0
0
0
0
0
0
769
0
0
0
0
0
0
0
0
0
0
0
0
0
0
0
0
0
0
657
0
0
0
0
0
786
0
910
0
0
0
0
109
0
0
0
0
0
888
419
0
0
0
0
0
0
0
0
0
0
0
0
0
0
0
502
0
0
739
870
786
0
424
0
0
777
0
0
0
0
0
0
0
0
0
0
0
0
0
0
0
162
965
0
0
0
0
0
0
455
0
0
0
369
0
0
858
0
162
0
0
0
0
0
0
647
0
0
714
0
0
0
0
897
0
0
0
0
0
0
0
0
0
84
0
0
0
0
0
0
0
0
0
0
0
0
0
589
427
389
0
965
0
0
644
0
0
0
0
337
783
0
0
0
0
0
0
0
0
301
0
0
0
0
106
0
400
0
0
209
0
0
0
0
9
0
0
0
0
0
0
0
0
0
0
0
546
268
726
41
0
0
0
0
0
0
0
0
0
0
0
0
0
0
0
0
178
896
0
0
0
0
0
0
0
0
0
0
338
0
0
0
0
0
0
969
0
0
943
0
657
0
0
0
0
0
0
0
0
767
640
0
0
158
0
290
953
0
0
0
291
0
0
748
0
0
0
229
797
0
0
0
0
0
0
0
0
0
0
0
0
0
487
0
0
0
0
510
0
0
0
0
0
0
0
463
0
898
0
0
0
963
0
0
890
0
194
0
0
0
0
0
0
0
0
994
0
0
0
159
324
0
0
0
0
0
0
0
0
114
0
84
0
0
0
0
0
48
0
0
798
686
0
0
0
0
0
0
0
0
0
0
559
0
0
243
0
0
1000
0
0
0
0
0
0
0
0
0
0
744
0
0
0
867
0
192
0
0
0
0
0
1000
0
0
806
0
0
744
0
0
0
0
0
534
0
0
0
0
736
0
798
0
0
0
0
0
0
166
0
0
430
0
565
0
0
0
387
0
0
0
0
0
443
0
0
0
637
0
0
0
0
0
0
0
0
0
0
0
0
0
0
0
0
0
0
0
0
0
0
0
0
0
0
429
0
0
0
0
0
0
0
0
0
0
0
0
0
0
0
0
0
0
0
94
0
0
838
0
0
0
0
0
0
0
0
0
0
0
0
561
0
0
0
0
0
398
0
0
0
0
0
803
586
0
0
0
0
0
0
266
661
0
0
0
0
0
0
0
0
0
0
0
464
0
0
125
220
0
553
535
786
0
969
0
0
0
0
132
0
0
0
0
0
175
0
0
0
953
0
0
0
0
0
0
0
0
855
0
157
927
0
0
518
0
0
0
0
0
0
0
0
0
790
0
368
0
0
0
0
0
354
642
0
0
0
0
0
0
0
326
812
0
0
0
0
0
0
0
0
0
0
0
0
0
0
0
534
0
0
526
0
0
0
0
0
0
0
0
0
706
913
486
0
958
0
0
726
55
0
75
0
0
0
0
0
0
0
0
0
0
253
0
0
0
0
0
0
0
899
0
0
0
0
0
0
663
262
0
419
0
0
0
0
0
0
0
0
0
0
0
0
0
0
0
0
0
0
0
0
0
0
0
0
0
346
0
0
0
0
0
0
0
820
409
0
0
0
0
0
397
0
555
0
0
0
0
0
0
0
0
0
0
0
0
38
0
0
0
417
0
0
0
0
344
795
0
0
0
0
0
910
0
0
48
0
132
0
0
687
0
0
0
0
0
0
0
0
0
0
0
71
0
0
320
0
0
0
0
0
0
0
0
0
0
0
308
0
0
656
310
0
0
0
533
0
578
0
0
0
0
61
0
0
0
0
0
0
853
0
359
0
0
0
0
0
0
570
0
789
0
0
0
0
670
0
0
0
0
188
0
0
0
0
0
0
0
0
0
0
0
0
0
0
0
384
0
0
357
0
0
0
0
943
0
0
0
0
687
0
0
0
0
0
0
0
0
0
122
0
0
0
0
0
0
786
0
0
0
121
0
0
0
0
0
0
0
690
0
0
378
0
0
277
0
0
0
0
0
0
0
0
448
0
0
0
0
0
0
0
0
0
872
0
0
0
0
0
0
0
0
0
0
228
0
0
0
695
0
0
0
0
0
0
52
0
0
0
0
0
815
213
523
0
0
343
0
0
0
0
0
0
0
0
0
0
0
0
0
0
0
0
0
0
0
0
0
0
0
0
0
0
187
0
737
0
0
0
0
0
0
0
0
909
0
987
0
650
0
648
0
0
0
0
60
424
961
464
0
0
0
0
0
314
0
0
0
0
0
0
0
0
418
949
0
0
684
0
0
0
0
650
0
0
361
0
0
566
0
0
0
0
0
495
660
0
0
909
0
0
0
978
0
0
582
0
0
0
0
0
0
0
0
657
798
0
0
253
0
0
0
0
0
0
0
0
0
0
403
0
0
0
0
759
0
0
0
0
0
0
0
0
0
0
0
0
796
0
0
0
0
0
0
0
0
0
0
0
0
199
0
0
0
995
0
0
0
328
0
0
0
0
0
0
405
0
0
0
0
0
0
0
954
0
0
0
0
0
298
0
0
0
0
0
0
762
0
0
647
0
840
0
0
818
0
0
0
0
10
0
0
0
0
0
686
0
0
0
0
0
0
0
0
917
0
0
549
0
0
0
0
0
0
26
0
455
507
139
0
0
752
0
0
349
574
0
0
0
96
0
0
0
0
0
0
920
488
0
0
648
0
0
0
0
0
595
0
51
322
0
0
597
0
0
0
0
0
0
0
0
0
0
0
0
0
0
0
0
699
145
0
846
0
0
0
0
0
83
0
964
0
0
0
82
896
0
0
0
0
0
998
109
0
0
0
0
0
0
0
0
0
0
917
0
0
0
0
0
448
0
461
0
793
0
0
688
895
0
0
0
0
0
0
0
0
0
809
0
253
0
0
0
826
0
980
0
0
0
0
0
0
143
0
0
279
0
0
0
0
84
0
0
0
100
0
0
0
832
560
0
0
0
0
0
0
0
0
0
487
0
0
637
0
230
0
0
0
0
0
0
0
0
0
0
0
0
0
0
121
174
0
0
0
0
0
0
175
0
0
0
0
0
0
0
0
0
0
0
0
0
0
0
0
0
0
0
849
351
116
0
0
967
0
564
0
0
999
0
0
0
0
642
0
0
0
0
0
0
0
0
0
218
0
716
0
0
895
0
764
0
111
0
0
0
0
0
39
0
0
0
0
688
0
0
0
0
0
0
949
0
0
0
0
4
0
298
673
470
0
0
0
0
0
0
0
0
0
0
0
151
0
0
0
0
0
0
0
0
0
0
0
0
0
0
0
0
0
0
664
0
0
0
0
0
183
0
0
0
0
515
0
0
0
59
0
0
0
0
0
0
0
831
0
0
0
0
0
0
0
0
0
223
0
198
0
0
0
0
0
0
0
0
0
0
0
0
589
0
0
0
862
446
0
0
0
0
0
0
0
0
0
0
0
975
0
972
0
0
0
0
0
0
124
0
0
0
0
0
0
0
0
0
0
0
0
0
0
0
0
0
0
0
549
0
0
0
0
0
0
0
0
0
0
0
25
0
0
0
0
0
0
0
0
0
0
59
0
0
0
235
0
741
0
0
0
0
916
0
0
0
0
0
0
0
0
0
75
0
0
313
699
0
0
0
0
0
0
900
0
0
791
0
0
0
0
0
0
0
0
0
0
0
0
0
0
0
0
0
0
0
413
58
0
968
0
0
0
0
0
0
0
0
0
0
0
0
0
0
0
0
0
0
0
0
0
0
0
0
0
0
0
0
544
0
0
441
0
284
85
0
702
0
0
0
0
0
324
0
535
0
0
0
0
0
523
0
907
247
0
0
25
0
0
0
303
839
0
0
0
0
0
0
0
0
350
0
0
0
0
0
0
0
0
0
0
0
0
0
0
0
0
0
0
329
0
0
0
0
565
0
475
0
738
854
0
790
0
0
479
0
682
0
589
0
0
0
953
0
0
122
0
403
0
448
0
664
0
0
0
0
243
0
766
0
997
0
0
0
0
0
14
0
0
0
0
0
418
0
686
0
0
0
878
0
0
0
0
0
0
0
0
0
0
0
0
0
0
0
688
201
0
0
0
0
0
0
0
0
0
0
0
0
0
924
0
0
80
267
342
0
0
0
0
0
0
0
644
287
0
0
0
0
0
0
0
0
0
422
0
0
0
888
427
0
0
0
0
899
0
0
0
0
0
0
0
0
0
0
0
0
0
0
0
0
715
0
0
286
0
0
0
0
0
0
0
0
0
0
15
172
771
0
0
0
0
0
368
0
887
0
0
0
0
0
0
0
0
0
0
353
0
127
0
734
0
308
0
0
0
0
0
0
653
0
0
683
0
529
575
0
0
0
0
0
680
0
588
334
0
0
0
0
0
0
0
0
0
0
0
0
130
419
389
767
0
0
0
0
0
0
0
0
0
461
0
0
0
0
243
0
0
0
978
850
0
784
839
0
0
0
0
0
0
0
0
0
0
0
0
0
0
0
0
0
0
0
0
0
0
662
0
0
884
0
0
0
0
0
884
0
0
64
0
0
0
0
300
0
192
0
756
577
0
0
0
0
411
0
0
908
627
0
0
0
0
525
160
959
132
0
408
0
0
717
0
0
0
0
0
449
0
0
0
640
0
0
0
0
71
0
0
0
0
0
0
0
0
0
0
0
0
0
0
0
765
0
0
0
0
0
0
600
0
0
0
0
0
0
0
0
0
51
151
0
0
0
0
0
0
590
0
789
0
540
0
0
0
0
0
619
0
0
0
0
0
0
0
0
0
0
0
0
0
0
0
0
482
0
0
0
0
0
517
0
0
306
0
0
728
0
0
0
394
0
0
0
0
0
0
0
630
0
965
0
0
0
0
0
0
0
187
0
0
793
0
0
0
544
766
0
978
0
0
0
0
0
217
553
313
934
0
0
0
0
0
0
445
0
0
0
0
0
0
890
0
47
0
0
0
0
0
0
801
0
522
0
987
0
975
0
0
0
0
0
328
0
0
0
0
0
0
0
874
0
322
0
0
0
0
0
0
0
685
0
0
426
0
323
608
0
0
0
0
0
0
0
0
0
0
0
0
0
0
0
559
0
0
0
0
0
0
759
26
0
0
0
0
0
0
0
850
0
0
0
0
0
0
0
0
0
0
0
439
954
919
0
0
0
0
0
0
904
0
457
0
739
0
0
0
10
906
0
0
733
0
0
0
0
0
0
338
0
0
0
0
0
0
0
137
0
0
0
0
0
0
540
0
0
0
0
0
0
561
0
0
0
0
0
0
0
0
0
0
0
520
495
0
0
623
0
0
0
0
158
0
429
0
0
320
0
737
0
0
0
0
183
25
0
997
715
0
765
0
0
0
0
0
0
0
0
0
0
0
949
508
0
0
0
0
0
462
0
0
0
0
0
0
0
66
0
0
0
688
0
0
122
655
0
785
0
0
763
419
0
444
0
0
0
0
0
0
0
0
0
0
0
0
0
0
577
0
811
0
0
435
0
0
0
0
0
0
542
0
0
0
0
0
0
0
0
516
0
644
0
0
0
0
0
0
786
0
0
455
688
0
0
0
441
0
0
784
0
0
0
0
0
0
478
0
0
0
987
0
0
0
0
0
0
0
265
0
0
0
641
0
0
747
0
0
0
0
0
0
0
0
0
0
0
0
0
0
0
0
0
0
0
0
335
522
0
288
0
516
0
0
0
973
0
0
0
0
0
0
75
0
299
0
0
0
0
0
0
0
0
0
366
888
497
0
0
0
0
0
290
243
0
0
663
0
0
0
0
507
895
849
0
0
0
0
0
839
0
217
0
0
0
0
0
0
0
0
0
0
0
0
0
0
0
0
0
0
169
161
0
7
0
0
317
264
0
0
0
0
883
0
0
0
0
0
0
0
0
0
0
0
0
0
0
0
508
0
0
0
0
0
0
0
0
0
246
109
0
0
0
0
0
0
190
996
0
0
0
0
0
0
955
0
0
0
0
830
0
0
953
0
0
855
262
0
0
0
0
139
0
351
0
0
284
0
286
0
0
553
0
0
478
0
0
0
5
0
0
0
0
0
0
0
0
0
0
909
0
0
0
35
0
0
0
0
245
32
0
0
0
92
0
102
827
0
0
0
0
0
0
128
0
0
0
0
2
0
0
0
982
107
0
0
764
0
0
0
0
0
969
0
797
0
0
0
0
267
0
0
316
806
679
0
0
0
0
0
0
0
0
0
0
0
0
0
0
0
0
0
0
116
0
0
85
0
0
0
0
313
0
0
0
0
0
0
0
0
0
0
0
238
0
0
0
0
0
0
0
0
475
697
0
831
0
0
0
0
0
0
0
0
0
0
47
0
0
0
0
0
0
0
0
0
0
591
47
0
0
0
0
505
0
0
0
0
0
554
0
0
975
0
0
0
0
16
119
0
0
0
154
337
0
0
0
0
0
0
0
0
0
1000
0
157
419
0
121
0
0
0
0
0
515
0
0
0
0
0
0
934
0
0
0
0
5
0
0
0
0
718
0
0
853
0
0
934
0
588
0
0
0
0
0
531
0
0
487
486
0
0
0
0
593
0
545
0
0
0
0
0
0
0
0
0
0
0
0
0
0
0
0
0
0
0
0
0
0
0
0
0
0
0
0
138
0
0
0
0
170
0
775
0
0
0
0
0
0
0
0
337
0
0
0
927
0
0
0
0
0
752
0
0
0
0
702
14
0
0
0
0
0
0
0
0
0
0
0
0
143
0
0
0
0
0
0
85
0
0
0
0
0
718
0
79
969
0
618
556
0
0
0
0
0
528
0
0
690
0
883
0
892
0
0
0
0
0
0
0
0
0
0
0
0
0
0
0
0
0
735
727
0
0
0
0
0
0
0
0
0
0
0
0
559
0
0
0
0
0
0
783
291
0
0
0
0
0
0
0
0
0
0
967
0
0
0
0
0
0
600
0
0
0
987
0
0
0
0
143
0
966
0
0
0
0
0
0
0
0
0
0
0
0
628
0
0
0
554
0
441
219
498
271
0
74
161
0
0
0
0
0
445
0
0
0
0
398
321
0
406
0
0
0
0
0
0
917
0
0
110
140
984
0
0
0
0
0
0
0
0
578
245
30
0
0
0
0
0
0
0
0
0
0
0
0
0
0
0
0
0
0
0
0
0
0
0
0
0
0
0
0
439
0
0
0
0
0
718
0
966
0
0
0
0
0
365
0
839
247
0
0
746
0
0
0
0
0
0
0
0
193
0
0
0
0
428
0
0
0
0
5
182
0
0
0
0
499
0
0
0
0
0
0
0
993
0
0
0
0
0
0
260
0
0
0
0
0
0
0
0
0
810
0
0
0
0
0
0
0
0
0
0
0
0
518
0
0
0
909
0
349
0
564
59
0
0
0
0
0
0
0
954
949
0
0
0
0
0
0
0
0
0
240
0
0
0
0
918
0
0
0
0
0
0
0
0
0
0
0
0
0
0
996
0
968
0
0
0
0
0
0
0
0
0
758
0
0
0
421
0
0
0
788
0
0
0
0
882
0
0
45
50
520
0
30
525
0
0
0
0
99
0
395
983
0
0
0
0
0
0
0
748
0
0
0
0
0
0
0
0
574
0
0
0
0
0
0
0
0
0
0
919
508
0
0
0
238
0
0
0
0
240
0
0
0
0
0
0
645
0
0
685
330
0
0
50
249
0
0
709
0
0
0
0
0
0
0
0
0
0
0
0
0
0
0
0
0
0
0
787
461
0
0
0
0
0
0
0
0
0
0
0
200
28
0
0
0
0
0
625
0
172
0
0
0
0
0
0
0
0
0
0
0
0
0
0
0
0
987
0
0
0
0
0
59
0
0
0
0
0
0
0
0
0
0
0
0
853
0
0
0
0
0
0
635
0
0
0
0
0
773
902
0
0
480
0
141
0
0
0
0
926
0
934
0
0
234
175
0
0
0
197
0
0
0
0
156
736
0
0
278
0
0
0
0
0
0
0
0
0
66
0
0
0
0
975
0
0
772
741
0
0
0
0
0
0
0
646
0
502
0
0
0
0
0
0
308
0
0
796
0
809
999
0
0
324
418
0
0
0
445
0
0
0
0
0
0
0
0
0
0
0
0
635
0
0
0
0
412
0
618
0
0
0
0
0
0
0
13
0
489
0
0
0
0
0
0
0
0
621
0
0
538
271
0
0
0
27
0
0
429
0
0
0
0
0
278
0
0
414
0
0
0
0
0
0
0
0
0
0
0
0
0
0
0
0
0
0
0
0
0
0
0
0
0
0
0
690
650
0
0
0
0
0
0
0
0
0
0
0
0
0
0
0
0
0
0
0
0
0
365
0
0
0
0
0
0
0
0
0
0
0
0
0
0
0
590
0
109
341
0
0
356
0
0
0
0
0
268
0
0
0
0
598
743
0
794
691
0
0
0
0
0
0
0
0
439
292
0
16
0
458
526
0
0
0
0
827
463
0
0
0
0
490
0
0
0
313
0
0
0
229
0
0
0
0
0
0
0
0
96
253
0
0
0
535
686
15
0
0
0
0
0
0
0
0
0
934
85
0
0
0
0
0
0
0
0
0
0
456
0
619
0
0
924
0
0
0
0
0
0
0
0
0
0
843
0
0
692
0
0
0
0
914
0
0
0
597
0
0
0
913
490
0
0
0
566
0
0
0
899
0
0
0
0
0
0
0
141
0
783
0
0
0
0
0
0
0
0
739
0
797
0
0
0
0
656
0
648
0
0
0
0
0
235
0
0
172
0
0
0
0
0
265
0
0
0
0
0
0
839
918
0
0
0
0
0
0
0
0
523
0
0
0
0
518
0
0
700
291
0
0
0
0
0
0
0
0
0
0
0
0
0
0
0
0
153
0
0
438
907
0
0
0
0
0
877
0
0
0
0
0
678
0
0
0
0
874
0
0
0
0
0
0
0
0
801
0
304
870
301
0
744
0
0
0
310
378
0
0
0
0
0
0
0
0
0
771
0
0
0
0
462
0
0
909
0
588
0
0
247
0
645
0
412
0
0
0
0
0
0
0
0
0
0
0
0
0
0
0
0
0
0
0
0
0
0
0
0
0
154
783
0
0
0
0
660
0
0
0
0
0
0
587
0
0
0
0
113
0
0
0
364
0
0
0
0
0
0
0
42
0
0
369
123
0
0
594
0
786
0
0
0
0
0
0
0
0
0
0
0
0
642
831
741
0
0
0
0
51
0
904
0
0
169
0
0
0
0
0
0
0
0
0
0
0
456
0
0
0
0
0
0
0
0
0
0
320
872
798
0
0
0
0
707
0
0
0
0
0
0
222
281
0
343
0
0
0
0
0
0
0
0
0
0
636
0
0
0
0
0
397
0
0
0
0
0
0
0
0
0
0
644
0
0
981
21
743
0
0
0
0
0
0
0
0
0
0
0
0
0
826
0
0
0
0
878
0
0
151
0
0
0
0
161
0
0
0
0
0
0
0
0
773
618
0
0
523
0
0
0
986
0
0
0
0
0
0
0
0
0
0
0
337
332
971
0
0
0
0
0
0
249
0
22
138
0
0
0
0
512
0
0
0
0
0
0
0
0
0
487
0
0
0
0
117
0
960
0
0
0
0
683
0
0
957
0
0
0
424
0
0
0
0
790
0
0
277
0
0
0
0
0
0
0
0
0
0
0
0
890
457
0
641
0
0
475
0
0
0
746
0
685
902
0
0
619
0
0
0
986
0
0
0
0
877
346
0
89
68
472
0
0
0
0
712
0
0
0
0
485
0
0
0
244
459
0
267
0
0
0
0
0
592
0
0
0
0
0
0
273
0
0
282
0
0
0
0
0
0
842
0
452
0
984
505
0
0
0
0
0
0
867
94
0
0
533
0
60
0
0
980
0
0
0
523
0
0
0
0
0
0
0
0
7
35
697
0
718
0
0
0
330
0
0
0
0
0
0
0
0
0
0
563
0
0
50
724
0
0
0
0
0
0
0
58
0
0
0
0
0
0
0
211
0
0
0
0
0
0
0
5
0
0
0
0
0
0
0
516
117
0
0
0
0
0
0
0
0
0
0
0
0
768
392
0
420
0
0
0
106
0
0
0
368
0
0
0
424
0
920
0
0
0
0
0
0
0
0
0
47
739
0
0
0
0
0
0
0
628
0
0
0
0
0
0
0
0
0
0
0
0
563
0
0
0
0
0
301
0
0
0
0
0
0
0
176
0
0
0
0
462
0
0
0
732
751
0
0
0
779
0
0
245
0
0
0
0
0
199
0
0
0
0
0
0
0
29
557
0
0
0
0
0
0
0
0
0
0
777
0
0
192
0
0
0
578
0
961
0
488
0
0
0
916
907
0
368
0
0
0
0
0
747
0
0
831
531
79
0
0
0
0
480
0
0
924
0
0
0
0
0
0
0
0
0
0
0
0
222
0
348
0
0
215
0
0
0
0
0
0
0
0
921
0
0
0
0
0
410
335
0
0
0
0
0
0
0
0
0
0
809
0
288
0
0
0
160
0
0
0
0
0
0
356
0
0
0
0
0
400
0
0
838
0
0
0
0
464
0
0
0
0
0
0
247
0
0
0
0
0
0
0
0
317
0
0
0
969
0
0
0
50
0
0
0
0
518
0
0
0
877
0
0
0
0
0
415
0
0
0
0
0
0
0
0
0
447
976
0
0
0
0
0
0
0
0
0
0
0
0
256
0
1000
0
0
0
0
0
0
96
0
0
0
0
0
0
0
0
0
0
0
0
0
0
0
0
0
0
0
0
0
0
0
0
0
0
0
0
0
0
0
0
0
0
0
0
887
0
0
0
0
66
0
264
0
0
0
0
0
0
0
249
141
0
590
0
0
0
0
0
346
50
0
0
0
0
0
943
0
0
989
0
690
0
305
0
0
0
71
447
0
0
0
0
0
212
0
0
17
0
0
0
0
0
0
0
0
0
0
0
0
0
0
714
0
296
0
404
860
0
0
0
0
0
0
0
0
137
0
0
0
0
0
0
0
0
0
0
199
648
0
0
0
0
0
0
0
662
590
0
10
0
0
0
245
0
487
618
554
0
0
0
0
0
0
0
0
0
320
0
0
724
0
0
415
0
0
0
0
0
168
0
0
0
0
0
0
0
0
0
0
0
0
0
0
0
220
0
0
0
0
0
0
0
0
0
0
872
0
560
0
0
0
0
0
926
0
0
0
0
0
0
0
0
768
69
643
0
0
209
0
0
0
0
0
0
0
0
0
0
0
0
0
0
25
0
0
0
0
0
906
0
0
0
32
0
486
556
0
0
0
0
0
13
109
0
700
0
872
0
89
0
301
0
0
943
0
0
0
0
0
0
950
0
0
0
0
0
0
0
0
0
0
0
0
0
0
0
0
0
0
0
0
0
0
0
0
478
0
489
0
0
0
0
0
508
0
0
0
0
92
0
0
0
0
0
628
0
0
0
0
0
0
354
0
61
0
0
0
0
143
218
223
0
0
0
0
0
789
0
0
0
0
0
0
0
0
0
441
0
0
709
0
0
341
0
291
0
798
0
68
0
0
222
0
0
0
0
0
654
0
0
0
129
0
0
0
0
0
0
0
0
93
153
0
0
0
0
0
0
0
0
871
499
0
0
0
0
0
0
0
0
0
0
0
0
0
0
0
0
0
0
0
0
820
0
0
0
0
0
0
1000
0
642
0
0
448
0
0
0
0
0
0
0
0
0
0
884
0
801
0
688
0
0
0
0
0
0
219
193
0
0
0
489
0
0
0
0
0
0
472
0
0
0
0
0
0
0
654
0
0
7
0
0
0
0
232
0
0
0
773
0
0
0
126
492
0
0
0
0
0
0
0
0
0
0
0
0
0
939
331
0
0
0
200
0
0
0
0
0
0
0
0
0
584
161
0
0
0
0
487
0
0
0
0
0
0
314
995
0
0
716
198
0
0
0
0
0
540
0
733
0
0
883
0
0
0
0
498
0
0
0
926
0
0
0
0
0
0
0
0
0
0
348
0
989
168
0
0
0
0
0
24
0
865
7
0
0
0
562
416
0
0
0
0
0
0
0
601
0
0
0
0
426
0
0
0
0
0
0
0
0
0
0
0
0
0
456
315
0
0
0
0
0
27
0
0
0
0
0
0
0
0
0
0
0
0
0
0
0
279
0
0
0
303
0
0
0
0
522
0
0
0
0
92
0
0
0
271
0
996
0
0
0
356
0
0
0
0
0
0
0
0
0
0
0
0
0
0
7
0
0
411
856
0
0
0
0
0
0
0
0
0
0
0
0
0
0
55
0
0
0
0
0
0
0
0
0
0
0
799
0
502
283
0
0
0
0
0
0
0
0
0
0
0
0
963
0
0
9
0
806
0
0
346
0
0
0
0
595
0
0
0
0
839
0
0
0
0
0
0
122
0
0
0
0
593
0
0
0
0
0
934
0
0
0
0
0
0
337
0
0
0
0
0
690
0
950
0
0
24
411
0
0
0
0
0
0
0
302
0
472
0
716
0
0
0
0
0
0
938
0
0
0
0
0
0
0
0
0
0
0
0
0
0
0
0
0
0
778
0
0
0
0
0
0
0
576
0
0
0
0
0
0
0
0
0
0
0
0
0
895
0
75
0
0
0
0
0
987
0
655
0
0
102
0
0
528
74
0
968
0
0
0
0
0
0
0
707
332
0
0
0
215
0
0
0
0
129
0
0
856
0
0
0
0
0
0
0
0
0
0
0
0
0
468
0
180
0
0
855
0
0
0
0
0
0
0
0
0
0
0
0
0
169
0
0
0
0
0
0
0
0
0
795
0
0
0
0
0
0
0
0
0
0
0
0
0
328
51
0
0
0
0
0
0
0
0
0
0
0
0
0
0
827
47
545
0
161
428
0
0
0
0
0
843
0
0
0
971
712
58
0
0
0
305
0
0
0
0
865
0
0
0
0
0
0
0
0
0
0
0
0
0
0
427
0
0
0
0
0
0
0
456
0
0
0
0
0
0
0
0
0
0
0
0
0
0
0
0
0
0
0
0
95
0
95
0
0
0
510
744
0
0
0
853
0
0
0
322
0
764
0
0
0
688
0
884
0
975
0
785
0
0
0
0
0
0
0
0
0
0
234
0
0
0
0
0
0
0
0
0
176
0
0
0
0
0
0
0
7
0
0
0
0
0
0
0
0
0
0
0
0
0
0
322
0
0
0
0
0
0
0
0
0
0
558
0
0
0
0
0
0
0
0
0
0
0
0
191
0
0
0
0
0
0
0
0
0
0
0
0
0
0
0
0
0
0
0
0
84
0
0
313
0
201
353
0
619
0
0
0
0
0
0
0
0
690
0
0
0
0
175
0
0
0
0
0
0
0
0
0
0
0
447
0
0
0
0
232
0
0
0
0
0
0
0
0
0
0
0
0
707
0
0
0
0
0
0
0
0
305
307
0
837
0
0
0
971
0
574
0
0
0
0
0
0
0
226
0
0
0
0
0
889
0
0
0
0
0
0
0
561
326
0
359
0
0
0
0
0
111
0
699
0
0
0
0
0
0
338
0
0
0
0
0
0
0
0
0
0
0
0
0
268
692
0
0
0
0
0
0
0
0
976
0
0
0
0
0
0
0
0
0
0
0
0
0
0
0
0
0
0
930
566
0
0
928
0
0
0
0
0
478
0
847
0
568
0
0
40
0
0
696
0
0
0
0
0
0
0
380
0
0
0
80
0
267
0
0
0
0
0
812
0
0
0
0
0
597
0
0
0
0
0
0
127
64
0
0
0
763
0
0
0
0
0
883
0
0
0
0
0
621
0
0
0
0
0
0
0
0
0
0
0
71
0
0
0
0
0
0
0
0
0
0
0
0
0
286
301
60
83
0
0
30
0
0
0
0
905
0
0
0
0
73
0
0
0
0
831
0
0
0
0
0
48
0
866
185
0
0
0
0
0
0
0
0
162
0
0
0
0
0
0
0
872
418
0
0
0
0
0
0
0
0
0
0
0
0
0
419
0
0
0
0
0
0
0
5
0
0
0
0
0
0
0
154
0
0
485
0
0
0
0
447
0
0
0
0
562
0
302
0
0
0
0
0
286
0
724
0
0
0
0
0
0
947
0
0
0
0
0
0
0
0
0
0
0
0
0
529
0
463
0
1000
0
0
0
0
0
849
0
0
0
0
0
0
965
0
0
0
0
0
820
0
0
949
0
0
100
0
0
0
0
0
734
0
0
0
0
0
0
0
0
0
0
892
445
182
0
0
197
0
0
0
0
783
222
0
0
0
462
0
0
0
0
0
0
773
416
0
0
0
0
0
0
0
301
724
0
0
0
478
0
0
0
0
3
0
0
0
0
460
0
228
0
0
124
0
0
0
0
688
0
0
0
14
0
891
375
0
0
0
0
611
0
0
0
0
0
534
0
0
409
0
0
0
405
0
0
0
0
0
350
0
0
0
0
328
0
444
0
0
128
0
0
0
0
0
0
0
0
538
0
0
0
0
281
249
0
0
0
0
0
0
0
0
0
0
0
0
472
0
0
0
0
0
60
0
0
0
0
249
0
0
735
874
532
0
0
0
340
341
0
0
0
488
0
0
0
219
0
0
667
66
0
0
0
0
0
0
0
0
0
105
616
0
0
0
0
0
0
0
0
0
0
0
0
0
0
0
0
0
0
0
308
0
0
0
0
0
0
0
0
0
0
0
0
0
0
0
0
271
598
914
0
0
0
0
0
211
0
921
0
0
0
0
93
0
0
0
0
0
0
0
707
0
83
0
0
0
0
0
0
0
0
83
0
0
0
0
0
0
757
0
0
0
0
0
0
0
270
0
400
682
0
0
0
0
206
0
0
0
0
0
465
0
0
0
463
0
398
0
0
0
0
684
0
0
0
39
589
0
0
0
0
300
0
0
0
0
0
0
0
0
0
0
0
0
758
0
0
0
743
0
0
0
343
22
244
0
0
0
0
0
0
0
153
0
0
0
716
0
0
0
0
930
0
0
478
249
0
0
0
0
0
944
0
0
0
0
0
0
0
0
0
0
0
0
0
0
0
0
0
860
0
0
0
710
0
0
0
0
0
0
0
0
0
546
0
0
0
0
0
570
0
0
0
0
832
0
0
900
0
0
0
0
0
0
0
0
335
0
0
0
0
0
0
0
0
0
0
0
0
0
0
0
0
138
459
0
732
0
0
0
0
0
0
126
0
0
0
0
0
0
0
566
0
0
0
0
0
0
0
137
0
0
196
739
0
0
0
874
0
0
264
0
0
0
0
0
0
0
0
0
0
159
0
0
0
0
500
858
914
0
0
659
0
268
898
0
0
0
0
0
0
0
0
0
560
0
0
0
0
0
0
192
0
0
137
0
522
0
0
591
0
0
398
499
0
0
156
0
794
0
153
660
0
0
0
0
751
0
0
212
0
0
0
492
0
0
0
468
427
322
0
0
30
0
0
0
0
0
137
0
0
0
0
0
61
500
0
0
0
0
362
38
0
0
0
420
0
0
0
0
0
0
60
989
147
0
358
0
0
0
483
0
0
726
0
736
0
0
0
789
0
0
0
0
0
0
0
0
0
0
0
0
0
0
0
0
0
508
2
47
0
0
321
0
0
0
736
27
691
597
0
0
0
0
267
0
0
0
0
0
220
0
0
0
0
0
0
0
0
0
0
0
0
0
0
735
0
0
0
0
0
0
0
0
288
0
0
596
0
894
0
456
0
0
0
0
0
0
0
0
828
0
0
0
0
0
0
0
0
0
891
0
455
41
0
0
0
0
397
0
0
0
0
0
0
0
862
791
0
0
0
756
0
0
0
0
288
0
0
0
0
0
0
0
421
0
0
0
0
0
0
0
0
0
0
0
0
0
0
0
0
0
0
0
0
0
0
180
0
0
0
928
0
947
0
874
83
944
0
0
0
0
0
0
0
871
0
0
0
0
0
0
0
629
0
0
960
870
0
559
0
0
776
165
0
0
0
0
0
0
864
0
0
0
0
798
0
0
0
0
0
650
0
0
0
688
446
0
0
0
0
577
0
0
0
0
0
0
0
0
0
0
406
0
0
787
0
0
0
0
438
0
0
0
0
0
0
410
0
17
0
0
0
0
601
55
0
0
0
0
0
0
0
0
3
532
0
0
196
0
0
0
0
0
0
664
0
0
0
0
903
0
0
0
0
0
336
0
67
0
998
0
0
0
452
121
0
0
0
921
601
0
0
0
963
0
803
0
555
0
0
0
954
0
0
0
0
0
0
0
653
0
0
874
0
0
516
0
0
0
0
0
0
0
0
461
278
429
0
0
907
0
0
512
0
0
779
335
0
0
0
0
0
0
0
0
0
0
0
0
0
0
0
0
0
0
0
0
739
0
0
0
0
0
283
0
0
0
0
0
0
0
0
286
0
0
79
0
0
0
0
0
0
564
0
0
0
0
0
0
220
0
0
0
0
0
586
0
0
0
228
0
0
0
0
0
0
0
0
924
0
0
0
0
0
0
0
0
982
0
0
0
0
0
0
0
0
0
0
913
0
0
0
0
0
5
0
0
256
0
0
0
0
0
0
0
938
855
0
0
0
0
905
0
0
0
0
0
0
61
288
0
0
283
0
0
0
0
0
0
0
0
952
0
0
0
0
0
0
0
838
0
0
0
0
0
0
0
0
0
0
621
369
0
0
0
0
0
0
670
0
361
0
0
0
0
0
0
0
0
0
0
0
322
0
0
0
0
107
505
0
0
0
0
788
0
0
0
0
490
0
0
0
0
0
0
0
0
0
0
0
0
0
0
0
0
0
0
0
0
305
0
0
0
0
0
0
0
0
500
0
871
664
0
0
0
