0
67
0
0
0
365
0
0
0
0
656
0
0
0
0
0
0
0
0
831
0
0
62
0
0
0
0
0
0
0
994
0
0
0
0
0
0
632
0
0
0
0
0
0
0
0
0
847
0
0
873
0
870
0
244
0
0
0
0
0
825
0
724
929
0
0
0
0
490
0
600
0
0
0
0
0
0
0
0
920
189
0
0
203
210
0
0
0
0
379
0
0
0
0
0
0
0
0
0
519
67
0
0
199
0
0
0
0
0
0
0
0
508
0
0
0
0
0
0
0
0
0
0
333
0
0
0
266
595
0
0
0
0
0
0
966
0
0
18
594
0
667
0
0
552
0
0
0
0
0
0
0
0
0
85
0
358
0
0
9
406
647
146
0
275
577
685
0
0
0
0
0
0
640
0
0
0
920
485
0
0
0
0
0
0
0
0
0
0
0
0
0
0
201
0
0
0
0
0
0
0
0
0
0
0
0
0
880
0
0
0
0
0
0
0
0
0
0
0
0
0
0
0
0
750
785
0
542
0
0
0
0
148
0
0
0
0
0
0
0
0
0
0
0
0
0
102
200
0
0
0
0
820
0
0
25
356
0
0
744
0
0
0
0
0
0
0
0
0
0
0
0
0
0
0
0
0
0
0
0
0
0
0
0
0
0
639
0
767
0
0
919
0
0
0
0
0
891
0
0
0
199
0
0
673
0
0
0
0
269
0
0
0
870
0
0
0
967
710
578
828
0
0
651
0
0
0
0
0
0
0
0
292
0
0
0
0
0
0
0
0
0
0
168
0
565
0
0
19
0
0
716
0
0
0
0
901
0
0
0
0
0
0
0
358
0
0
0
0
0
0
0
0
0
0
604
0
0
0
0
0
0
0
0
0
0
182
0
0
0
273
0
0
0
0
397
44
0
667
0
0
0
0
673
0
0
0
0
0
207
0
0
0
0
0
867
0
0
0
0
0
0
0
0
0
288
0
685
429
504
113
6
0
0
0
0
0
0
0
0
0
622
267
0
0
951
0
697
0
0
0
0
298
0
0
0
933
0
0
0
529
563
0
0
0
116
801
0
160
0
615
0
0
728
0
0
124
71
0
0
0
0
0
0
0
0
0
0
0
0
942
0
840
250
673
0
0
0
0
384
365
0
0
0
0
0
0
0
0
0
0
0
834
0
0
0
0
0
0
0
0
0
0
0
0
0
0
0
0
0
0
0
985
116
0
0
0
0
0
0
239
0
761
102
0
0
0
0
0
0
0
0
0
0
158
0
0
0
450
0
0
0
0
0
0
0
912
0
975
382
0
0
206
0
0
0
0
0
0
152
0
0
882
228
172
0
0
0
0
0
0
138
0
0
0
0
0
0
0
0
0
0
0
0
0
0
0
0
0
954
68
0
0
0
0
0
947
0
21
0
816
0
983
0
104
0
0
790
502
758
0
0
0
0
975
0
0
0
0
0
0
0
0
706
0
757
0
77
0
0
0
0
0
0
0
957
0
757
0
0
0
0
0
0
0
0
0
0
0
0
0
431
0
0
23
0
0
715
0
0
653
0
0
0
0
0
0
634
0
593
0
0
802
0
0
0
0
658
0
0
0
0
880
0
0
0
0
0
0
0
0
0
0
0
0
0
0
0
0
362
467
108
0
0
0
0
0
0
0
0
0
0
0
160
0
0
790
523
0
541
0
0
0
75
0
222
0
0
884
0
0
0
0
0
0
654
0
0
0
0
0
0
0
0
0
0
0
0
0
105
0
370
0
912
0
0
0
0
0
0
0
0
0
0
748
0
0
664
0
0
0
0
0
0
0
278
839
0
0
0
0
0
0
0
0
0
0
0
0
406
0
0
0
0
0
0
595
0
963
0
0
0
0
0
0
0
664
0
0
0
0
0
275
0
0
0
0
0
0
0
0
487
0
0
0
0
0
686
0
0
0
0
0
427
0
0
0
0
0
0
0
0
0
0
0
264
0
0
0
0
0
498
0
0
0
0
0
0
0
0
0
0
0
0
864
0
0
0
0
0
0
0
0
492
0
0
0
937
0
0
0
0
0
269
207
0
954
0
406
0
0
0
0
396
0
0
0
0
0
0
0
885
0
147
0
0
0
493
0
0
0
0
0
0
0
241
432
753
0
0
0
0
0
0
0
0
0
0
924
0
0
0
0
0
0
0
0
0
0
0
0
531
0
0
0
0
0
0
0
0
0
95
0
0
0
0
363
0
0
889
0
0
0
638
0
0
463
0
0
0
130
0
449
0
0
0
698
0
0
0
656
0
0
0
0
0
68
0
0
0
0
0
0
23
0
0
0
0
0
0
0
597
0
0
0
0
295
0
0
126
329
822
387
0
453
0
845
0
0
0
0
0
717
0
0
0
0
0
691
0
991
57
0
0
0
0
0
0
0
0
0
0
0
713
0
402
0
0
0
746
0
49
0
0
0
0
811
0
467
0
0
0
0
0
0
0
0
0
314
0
0
0
776
0
0
0
0
0
0
824
0
0
0
0
0
0
0
0
0
0
0
0
0
0
87
0
0
0
0
0
0
0
0
0
548
0
0
0
85
944
192
0
0
0
0
0
0
0
0
0
0
0
680
0
0
864
0
0
0
0
735
0
985
0
897
0
0
0
934
730
0
0
0
265
0
0
976
508
0
0
543
0
0
0
141
0
0
0
0
0
0
0
0
0
0
0
0
0
0
0
0
0
183
0
564
0
0
0
0
0
0
508
0
0
0
834
0
0
0
0
0
0
0
0
0
0
0
0
0
0
182
0
0
0
0
0
0
20
0
0
0
766
342
0
0
0
0
0
0
718
0
0
0
0
0
0
434
0
0
0
0
0
0
0
0
529
0
0
0
0
0
0
0
0
0
176
0
0
0
852
0
113
0
0
0
0
0
0
0
0
0
0
0
0
0
0
623
770
0
187
0
0
0
0
0
0
0
0
0
0
0
0
0
870
0
0
0
0
0
396
23
0
0
0
0
0
583
768
0
0
577
0
0
0
379
0
0
0
3
0
0
0
172
0
713
0
0
0
0
0
0
14
0
535
462
0
0
569
255
0
0
0
0
0
0
0
0
0
0
0
0
0
0
509
0
539
0
0
0
0
0
21
0
0
0
0
0
0
0
609
253
0
0
0
0
0
0
0
0
0
805
0
0
0
0
1
0
0
104
0
0
0
0
0
0
0
0
0
0
0
0
87
0
0
0
0
0
0
0
0
0
0
29
0
0
0
80
0
0
0
0
79
0
0
0
224
0
0
0
981
0
0
0
409
0
204
0
0
0
0
0
0
0
564
0
0
789
0
0
0
0
0
0
0
0
0
0
541
935
19
0
0
0
0
0
0
0
0
0
0
0
0
295
0
0
0
0
0
0
0
748
0
0
0
0
701
0
0
0
40
0
0
0
0
867
0
0
0
0
0
0
0
0
0
0
0
0
0
0
522
0
0
0
0
779
242
0
0
0
16
600
251
0
0
0
0
0
0
0
0
198
354
0
0
0
203
652
898
0
0
466
0
0
0
984
0
0
188
0
0
0
0
0
0
0
0
0
0
0
0
298
0
0
0
0
277
346
0
0
0
0
0
0
841
0
300
0
0
0
0
0
977
932
0
0
0
0
0
0
0
0
0
0
0
0
0
947
0
595
0
0
0
0
583
0
0
0
0
0
616
0
0
0
679
59
0
0
0
309
0
0
62
0
0
0
67
0
0
0
0
0
388
0
0
528
0
651
754
0
0
0
0
0
0
0
0
0
0
719
0
0
0
0
107
0
39
0
0
0
714
0
427
0
265
0
0
787
0
0
0
0
588
0
0
88
0
0
0
966
0
0
0
0
0
431
0
0
856
0
0
0
0
0
967
0
0
0
0
0
0
0
0
0
768
0
0
0
0
358
0
0
0
514
548
0
0
806
0
841
0
0
0
0
0
729
984
0
0
0
0
0
0
0
0
247
0
0
0
0
0
0
0
553
0
0
0
0
0
0
0
0
0
0
0
843
0
0
0
0
629
0
0
0
0
263
0
0
151
0
0
95
0
0
0
956
0
0
782
0
441
0
20
911
0
303
0
0
0
0
0
0
0
0
710
0
0
21
0
963
0
0
0
0
0
0
0
0
358
0
0
0
986
0
0
0
0
0
0
0
0
0
0
0
0
0
0
0
0
0
0
0
0
0
339
0
0
0
0
0
0
0
0
0
0
0
26
0
0
0
0
0
0
0
0
0
0
788
0
0
0
0
0
0
0
745
0
0
0
264
133
0
0
489
0
0
0
0
0
0
614
0
0
0
0
0
0
0
0
0
0
831
0
0
578
0
0
0
362
0
0
0
0
0
0
0
522
616
0
0
0
0
0
646
0
0
699
0
14
791
0
0
0
0
811
0
0
0
0
0
0
0
424
895
778
812
0
0
0
412
0
0
0
323
0
743
0
0
0
588
0
0
512
0
352
0
490
0
0
0
0
0
0
0
0
0
0
0
0
766
0
915
0
0
0
0
0
0
378
0
0
0
0
0
0
0
0
0
0
210
0
0
0
0
828
0
0
816
467
0
0
0
0
182
577
0
0
0
0
0
0
0
0
0
438
0
0
0
0
0
196
140
0
0
0
0
252
0
0
0
267
0
373
0
0
0
162
0
0
0
0
0
0
0
0
0
0
0
0
279
497
0
0
414
0
0
0
0
0
0
0
0
0
0
0
228
775
0
0
965
0
88
163
0
0
833
0
0
0
0
0
0
646
0
530
0
0
0
0
126
896
0
0
0
0
0
0
0
108
0
885
597
0
0
0
0
0
0
0
986
0
0
0
0
0
0
0
0
0
848
394
213
80
0
0
0
562
925
0
0
262
0
0
0
300
0
0
425
0
839
0
0
0
0
821
0
0
0
0
0
32
0
495
0
0
0
0
0
921
0
0
0
912
0
0
0
0
182
0
0
120
0
0
0
393
0
602
999
0
289
179
0
19
280
0
0
0
0
0
0
947
62
0
0
0
0
0
983
0
0
0
0
0
0
0
29
0
0
514
0
646
0
0
0
0
0
0
0
0
997
76
0
0
712
0
0
83
375
0
0
120
0
0
486
0
0
0
0
0
0
0
0
0
0
0
0
0
0
0
0
0
0
0
54
0
0
0
0
305
0
925
589
212
0
0
0
668
0
244
0
0
0
0
0
159
0
387
486
88
0
0
0
0
0
0
125
0
0
0
0
0
0
333
0
651
0
0
0
0
0
147
0
0
0
0
0
0
679
548
0
0
438
0
0
0
0
0
0
0
0
0
800
0
870
0
0
0
0
0
0
0
0
0
867
440
0
0
0
0
0
0
0
0
0
0
0
0
0
0
660
0
0
0
0
25
0
0
359
0
0
0
0
433
0
0
0
0
36
389
0
771
426
289
0
0
635
0
0
468
0
0
0
42
0
0
0
0
0
627
0
253
0
0
750
0
0
0
104
0
0
0
0
548
0
379
0
779
59
0
0
0
0
0
0
0
0
0
0
108
0
609
0
0
0
0
0
0
0
0
760
0
0
0
0
0
0
0
0
0
0
0
0
341
0
340
0
0
0
148
0
0
0
0
0
0
0
0
271
0
0
141
0
0
0
0
0
0
541
608
513
0
647
0
0
0
0
376
0
244
0
0
0
0
0
0
0
22
999
960
0
33
0
0
785
0
288
0
0
0
0
0
0
0
0
0
0
242
0
0
0
699
0
0
0
0
0
0
0
0
0
0
0
0
0
50
817
0
589
0
130
0
0
0
0
0
0
0
0
0
0
0
343
0
197
0
0
0
0
0
0
0
0
0
571
816
0
0
0
561
353
0
0
113
0
0
130
0
0
0
528
0
0
0
0
0
0
0
0
0
0
455
0
143
0
0
0
0
771
0
268
0
0
0
0
0
0
0
0
0
664
0
295
0
0
0
80
0
0
806
0
0
0
0
0
0
0
0
0
0
0
952
0
286
0
334
0
0
0
0
0
0
0
0
0
0
0
0
777
0
0
0
364
196
0
0
599
0
0
0
0
0
0
87
0
0
221
0
0
0
0
0
238
366
335
0
0
0
0
0
302
0
0
0
0
0
0
0
0
0
0
0
0
800
0
651
0
0
0
63
0
830
0
266
542
0
685
0
790
0
0
493
0
0
20
0
0
0
0
0
0
14
0
0
0
0
108
0
0
0
914
797
0
0
0
876
363
0
0
0
0
0
295
0
0
0
0
0
0
0
0
468
0
219
311
638
374
736
0
613
0
0
0
941
642
0
674
0
0
0
0
0
0
875
692
0
0
0
58
0
0
0
0
0
0
157
291
0
0
0
0
779
0
0
0
0
0
983
0
0
0
0
0
595
0
0
429
0
502
0
0
0
0
85
0
3
0
0
309
841
0
791
0
848
997
0
0
0
0
914
0
432
0
0
0
676
0
0
0
0
0
0
0
0
0
0
0
410
0
0
0
0
0
0
668
0
0
120
0
722
0
0
0
0
0
513
0
0
0
0
172
0
254
901
0
0
0
0
0
0
0
0
0
0
661
0
0
247
0
384
0
0
0
0
0
0
0
0
0
0
716
0
0
0
0
0
504
0
758
0
0
0
126
944
0
0
0
16
0
0
0
0
196
394
76
0
609
0
952
797
432
0
0
0
688
281
0
0
899
718
0
0
806
0
710
340
1000
0
247
0
0
0
0
0
507
0
0
0
0
0
0
66
0
35
0
0
0
0
0
899
646
0
0
0
201
0
301
328
0
0
19
609
0
0
0
722
509
636
0
528
0
0
0
0
0
0
680
0
0
0
0
0
994
0
0
0
113
0
0
0
0
0
329
192
0
0
0
600
0
0
0
0
140
213
0
800
0
0
0
0
0
0
0
743
492
0
0
0
0
0
0
339
0
0
0
0
0
0
0
0
0
55
0
0
0
0
879
0
0
891
0
0
239
0
0
0
746
0
0
0
0
828
0
0
0
0
0
0
0
0
0
0
686
0
0
0
0
0
0
0
0
0
0
521
0
442
0
775
0
41
0
0
0
0
0
0
6
0
0
0
0
0
822
0
766
0
79
251
62
0
0
0
0
80
0
0
0
0
286
0
0
0
743
0
0
0
971
0
0
0
0
0
0
0
0
0
0
0
0
0
0
75
940
0
0
0
0
0
869
0
0
0
840
0
208
0
0
741
0
0
0
0
0
0
0
0
0
0
0
0
0
0
0
0
811
0
0
0
0
0
0
0
0
107
0
0
983
0
0
0
0
0
0
0
148
292
0
985
0
0
275
0
387
0
342
172
0
0
0
0
0
0
0
0
712
870
0
0
0
0
0
688
492
0
0
0
0
0
0
0
0
0
0
19
0
0
0
0
0
470
0
0
0
0
0
682
0
0
0
131
0
0
41
0
0
0
0
494
757
0
0
0
0
510
985
0
0
0
0
0
0
0
0
0
0
0
0
0
64
0
0
0
0
0
0
0
660
0
0
507
472
662
0
0
0
0
0
116
0
160
0
0
0
0
0
0
0
0
0
0
0
811
0
0
0
0
0
50
334
876
676
281
0
0
0
0
0
0
0
0
0
0
588
0
832
603
111
519
0
0
764
173
0
0
0
981
686
0
0
0
0
0
252
0
0
0
0
0
0
0
0
0
109
0
317
0
488
0
0
0
0
0
0
0
0
0
0
0
0
0
0
0
0
181
0
0
722
0
0
0
0
537
0
0
0
0
0
0
975
0
0
0
453
0
0
713
0
0
0
729
0
0
0
0
0
0
0
817
0
363
0
0
0
971
0
0
0
0
0
0
657
0
0
476
0
0
0
0
504
0
0
312
0
0
779
974
0
568
397
0
0
0
0
557
786
562
0
4
0
0
0
0
0
305
0
0
0
0
0
0
92
0
0
0
0
841
0
0
0
0
0
0
0
764
0
0
0
0
0
485
0
0
0
966
0
0
0
0
0
0
0
241
0
0
0
0
224
0
67
984
0
0
252
562
83
0
0
0
0
0
0
0
0
0
0
0
0
0
488
794
0
0
0
0
258
39
0
0
784
0
0
0
0
0
0
288
0
0
0
0
0
508
0
0
0
0
0
0
0
0
0
927
0
0
495
0
0
0
858
0
0
0
0
0
0
0
0
0
0
981
0
0
0
0
0
0
921
0
0
687
389
0
0
0
0
0
0
0
0
790
0
432
845
0
0
0
0
0
0
0
0
0
0
925
375
0
0
589
0
0
0
899
0
0
0
0
0
488
0
981
0
0
314
0
779
0
0
0
0
0
85
0
0
0
0
0
0
0
0
566
497
0
0
0
0
0
0
0
0
0
0
0
0
0
0
0
0
0
0
0
0
0
0
0
0
0
0
0
35
0
604
0
0
0
0
789
0
0
0
245
0
486
632
0
0
0
0
0
0
523
0
753
0
0
0
0
0
0
0
0
0
0
0
0
0
0
0
0
0
0
0
718
0
0
0
0
0
794
981
0
899
0
0
0
0
0
0
0
0
897
0
0
14
0
0
0
0
0
614
0
70
0
0
34
0
0
0
0
0
0
0
0
0
0
0
0
0
0
0
0
0
959
0
0
0
0
0
0
0
0
297
931
0
701
337
0
160
0
0
0
0
0
0
18
0
0
0
0
0
0
0
0
0
0
0
0
0
0
0
0
0
0
0
0
0
0
760
130
0
0
0
0
0
0
0
0
657
0
0
899
0
0
0
0
0
0
0
0
0
0
0
490
0
814
0
0
0
0
0
0
0
498
0
0
304
0
0
0
0
0
0
0
0
0
0
0
443
0
0
375
0
0
0
867
0
308
0
0
935
32
0
0
0
790
0
0
0
404
0
607
0
673
0
594
0
0
0
0
0
541
0
0
0
0
718
0
981
0
0
0
0
0
267
262
120
0
0
0
0
0
0
0
339
0
0
0
0
0
0
0
0
0
945
0
0
339
0
0
616
0
0
192
0
0
777
148
0
391
0
0
0
0
0
0
0
0
0
0
0
0
0
0
0
110
0
821
37
0
0
339
0
0
385
0
954
0
0
681
0
646
0
0
677
969
0
330
164
0
171
0
0
0
0
0
0
0
0
239
0
0
0
0
0
0
0
0
0
198
0
0
0
0
0
0
0
0
0
0
0
295
0
806
0
0
0
588
0
0
314
0
0
945
0
844
0
0
214
846
0
0
0
0
0
0
0
0
0
0
530
0
0
0
0
0
0
0
0
0
930
200
475
0
0
0
0
0
0
0
946
666
0
0
0
0
214
0
0
990
0
0
0
825
0
0
573
0
0
637
0
0
0
0
0
667
0
0
622
0
0
0
487
0
0
0
0
14
0
354
388
0
0
424
373
0
0
0
0
0
0
0
0
0
0
0
19
0
476
0
0
0
0
0
844
0
916
0
0
0
0
0
0
0
0
0
145
0
0
0
0
0
0
0
131
0
0
0
0
0
681
0
0
415
0
799
0
0
0
0
0
227
0
0
0
867
0
0
475
0
0
0
892
0
0
835
0
0
0
947
0
0
627
0
0
0
0
0
267
761
0
0
0
0
717
680
0
0
0
0
0
0
0
895
0
0
486
867
0
0
0
0
0
710
0
0
0
832
0
258
779
0
0
0
0
916
0
0
730
258
757
0
0
0
0
0
0
0
107
0
0
0
318
0
125
0
0
0
122
438
0
0
0
0
0
0
0
0
0
0
0
778
0
0
192
0
0
686
0
0
0
0
395
0
651
0
0
0
0
393
0
0
0
809
0
0
0
168
0
102
706
75
0
0
0
0
0
535
409
0
0
0
339
778
0
300
0
440
0
0
0
0
0
340
0
0
0
603
0
39
0
0
0
339
0
0
0
0
4
0
284
310
0
142
952
0
0
0
997
0
0
0
0
889
0
0
0
0
0
362
0
0
0
0
0
467
324
0
0
0
0
0
923
46
0
720
0
0
0
0
0
0
538
0
0
835
0
0
0
0
0
0
0
53
0
552
0
0
0
0
0
0
0
0
0
0
0
462
0
0
528
247
0
812
0
0
0
0
0
0
0
0
0
1000
0
0
0
111
0
0
0
0
0
0
214
0
730
4
0
0
0
0
0
671
0
596
0
0
0
0
78
779
0
164
0
101
0
0
0
726
0
0
0
810
483
0
0
683
0
0
930
0
0
0
0
0
0
0
0
759
0
0
717
0
0
0
0
220
0
0
934
0
0
0
0
0
0
565
951
0
757
222
0
0
0
864
0
0
204
203
0
0
0
0
162
0
0
0
0
0
0
0
410
0
0
0
0
519
0
0
0
0
0
0
846
0
258
0
0
0
0
0
0
0
104
0
0
221
0
0
0
0
0
0
0
0
0
0
733
82
0
536
0
0
107
0
0
0
0
0
0
0
697
0
0
617
0
364
0
0
0
0
791
0
0
0
0
616
0
59
0
830
0
0
0
0
102
0
0
0
0
0
0
0
0
0
434
0
0
652
651
0
0
0
0
425
0
0
0
0
777
0
0
247
0
0
0
0
504
784
0
0
0
616
0
0
757
284
0
0
0
0
0
0
0
0
0
0
543
0
826
0
0
0
0
0
0
0
0
0
0
0
0
0
0
0
0
0
0
839
99
0
0
0
686
0
0
456
0
0
0
0
0
0
315
0
0
570
0
859
88
0
0
0
847
0
200
0
697
0
77
0
686
0
0
0
0
569
0
898
754
0
0
0
0
0
0
0
0
0
0
0
0
0
0
0
470
0
0
0
0
897
0
0
0
0
0
310
0
0
0
0
0
0
887
599
0
0
0
509
874
0
0
0
892
0
0
882
0
0
771
0
0
0
523
0
731
709
0
967
0
0
0
909
124
0
0
0
0
0
954
0
0
0
0
501
996
0
119
0
896
525
0
0
0
0
0
19
0
0
0
884
0
924
691
0
0
255
0
0
0
0
0
412
0
839
0
0
0
0
0
0
0
0
0
0
0
764
0
0
85
0
0
0
0
0
0
0
0
0
0
0
0
0
0
798
326
0
0
231
0
582
0
0
747
0
0
0
0
0
0
0
0
0
0
0
0
0
0
0
941
0
797
0
860
595
0
611
0
0
813
0
0
83
0
0
0
0
0
0
0
0
0
0
0
0
0
0
0
0
0
0
0
0
0
0
0
0
0
0
0
0
0
0
0
0
0
0
0
0
0
468
0
0
55
75
0
173
312
0
0
0
490
192
0
0
0
142
671
0
0
0
0
0
0
0
241
866
0
0
0
198
0
604
0
802
0
0
0
364
0
742
759
0
267
0
69
0
0
476
0
0
374
0
939
0
0
0
0
0
0
0
0
0
0
949
738
0
0
0
0
0
0
0
873
0
0
0
0
0
0
0
0
0
991
735
0
0
0
466
0
0
0
0
0
0
0
0
0
343
364
0
0
0
0
940
0
0
0
0
0
14
0
0
0
0
0
952
0
104
0
887
0
0
0
0
0
0
942
0
592
61
0
0
868
0
0
0
0
0
0
0
708
568
235
81
0
516
0
0
0
524
987
0
0
0
0
0
0
0
0
0
865
0
0
0
0
475
0
251
0
0
0
89
0
0
0
716
0
0
0
0
0
0
57
0
0
0
0
0
0
0
0
0
0
0
0
0
341
0
196
219
0
0
0
0
0
0
0
0
0
0
814
0
0
0
0
0
596
0
0
599
798
0
0
0
0
0
595
0
0
462
0
991
0
569
948
825
197
0
0
0
0
0
787
0
465
0
217
0
0
0
0
722
0
0
0
0
0
0
0
201
196
0
0
0
81
0
0
0
151
0
788
0
870
0
820
0
298
0
0
0
0
0
0
985
0
0
0
0
0
553
0
323
0
0
0
0
0
197
0
311
668
507
0
0
0
0
779
0
0
0
0
777
0
145
0
0
0
0
0
0
326
241
0
0
0
956
471
813
0
0
0
0
0
0
0
0
0
0
305
0
0
0
0
0
0
0
0
0
0
0
107
0
334
0
818
208
559
781
418
766
0
0
314
510
0
0
0
0
0
13
857
0
0
0
0
0
0
0
0
0
427
0
0
0
0
0
564
0
0
0
0
0
0
821
0
0
340
0
0
638
0
0
0
0
682
981
974
288
0
0
0
148
0
0
0
0
0
221
0
0
0
866
0
0
956
0
156
0
0
0
0
0
33
0
0
534
553
0
0
0
0
0
0
0
0
829
0
0
0
0
0
201
0
0
0
300
174
60
0
0
0
0
0
321
0
0
0
0
0
0
0
945
244
85
0
0
0
158
0
0
0
0
0
897
0
0
0
984
0
0
0
743
0
0
0
0
0
0
599
374
0
0
879
0
0
686
0
0
0
0
0
0
0
0
107
997
0
0
543
0
0
0
942
595
471
156
0
0
0
0
0
0
0
761
0
0
0
0
0
229
0
0
490
0
206
0
0
427
0
0
0
145
0
514
0
0
0
172
0
0
517
0
242
0
0
0
0
0
0
0
0
0
0
0
25
0
0
0
957
654
0
0
0
0
529
0
0
0
0
0
26
0
0
0
0
0
0
0
0
736
120
0
0
0
0
0
568
0
0
0
0
391
0
0
0
0
0
0
0
509
231
0
0
0
813
0
0
0
0
0
0
714
0
0
0
212
0
0
0
613
0
0
0
0
0
0
0
0
712
0
0
0
30
349
0
0
0
0
0
0
0
0
0
0
0
0
0
0
0
0
0
0
0
358
356
901
933
0
0
0
0
0
0
0
0
0
789
0
0
0
0
0
0
0
0
0
0
0
0
0
0
0
0
869
0
0
397
0
0
614
0
0
530
0
0
0
78
0
826
874
0
0
592
0
0
0
0
0
0
855
0
0
0
0
0
0
996
0
0
0
727
0
476
725
0
203
0
0
0
197
363
0
0
0
0
0
0
0
0
0
0
210
649
0
0
0
261
398
724
0
0
0
0
0
0
0
0
0
757
0
0
0
0
0
0
0
0
188
0
0
0
0
0
0
0
0
148
0
0
613
722
0
891
0
131
0
0
0
566
0
0
0
0
0
0
0
779
0
0
0
582
198
61
462
0
0
0
0
855
0
0
0
0
0
0
954
0
0
0
0
248
0
0
0
0
0
0
0
389
0
675
0
649
0
0
0
0
450
0
0
0
974
0
0
0
785
0
0
0
0
0
0
0
0
0
0
0
450
0
0
0
0
0
934
0
0
0
0
719
0
0
588
279
0
0
660
0
0
0
0
0
0
0
0
0
0
0
0
497
70
0
0
0
0
318
0
0
0
0
0
0
0
0
0
0
0
0
0
0
0
0
773
0
202
0
0
0
948
17
0
0
0
0
0
0
0
0
0
0
0
0
0
0
0
0
0
0
0
0
0
0
0
0
861
0
313
0
0
0
0
0
0
0
9
744
0
0
0
0
0
0
0
0
730
0
0
0
0
0
0
0
0
497
32
0
0
0
0
0
0
0
66
0
0
0
0
0
508
0
0
498
0
0
0
0
889
164
0
0
0
0
604
0
991
0
0
0
714
0
0
773
0
0
362
0
0
346
246
346
0
0
0
0
608
9
0
98
0
0
864
637
0
0
0
0
196
0
0
0
215
7
503
160
0
0
0
0
0
0
0
175
401
825
406
0
0
529
0
0
0
0
0
0
0
0
0
0
0
0
0
0
0
0
0
0
0
0
0
0
0
0
0
239
840
41
252
0
0
0
0
0
0
0
131
125
0
0
0
0
892
747
0
868
0
0
33
0
0
0
0
0
0
0
0
0
0
0
36
0
994
0
0
0
846
776
0
92
0
930
0
190
0
0
0
0
182
0
0
0
0
888
0
0
0
0
815
0
473
0
993
0
607
0
647
0
0
563
0
0
0
0
531
0
0
0
0
0
0
0
0
0
512
0
495
0
0
0
0
87
941
0
35
0
0
0
0
557
0
0
34
0
0
0
0
0
0
101
0
0
0
0
802
0
569
0
0
761
0
0
0
202
362
0
0
0
520
0
0
0
0
0
0
0
0
0
0
0
0
0
0
0
138
0
0
0
0
260
0
0
618
0
0
0
0
0
0
0
0
0
0
0
0
724
146
0
0
0
0
0
0
0
0
0
0
0
0
0
0
0
0
0
0
414
0
54
0
0
571
0
642
0
0
0
208
0
0
786
0
0
0
304
0
0
0
0
0
0
0
0
0
0
0
0
948
0
0
0
0
0
0
0
0
0
0
0
0
0
0
187
0
390
0
0
0
457
0
0
0
0
885
0
0
0
361
153
0
0
0
0
568
0
0
886
0
0
0
0
0
898
0
0
0
929
0
0
0
0
0
0
0
0
0
713
265
0
509
0
0
107
0
0
352
0
0
0
25
0
816
0
0
513
0
0
0
0
0
562
0
0
0
0
0
0
0
0
0
0
0
0
882
0
0
0
825
0
534
0
212
0
954
0
0
0
520
0
0
0
0
394
0
0
0
0
0
0
0
0
938
554
0
0
0
494
0
779
651
390
0
873
0
0
0
616
0
505
0
0
133
561
0
774
607
0
275
0
358
0
0
0
0
0
0
0
0
0
0
0
0
0
843
0
0
0
0
0
0
0
0
221
674
0
0
746
0
0
0
0
0
0
0
0
0
0
0
122
0
0
733
0
0
0
0
0
197
0
553
0
0
996
0
0
346
0
0
0
0
0
0
0
944
0
0
0
0
0
0
0
0
0
0
0
0
0
0
790
0
0
0
0
0
0
0
0
76
0
433
0
0
0
959
0
189
0
577
0
0
116
0
0
0
264
0
402
0
176
539
0
0
39
0
0
490
0
0
0
0
0
0
0
0
0
0
0
741
494
0
4
0
0
0
0
0
0
0
438
362
726
82
0
0
0
364
0
0
0
0
0
0
0
0
948
246
36
0
0
0
0
0
0
0
0
0
0
0
0
0
0
0
0
0
0
929
350
711
0
0
0
0
78
0
0
0
493
600
0
0
0
0
0
0
761
0
0
685
0
0
801
912
0
0
0
0
0
976
0
0
0
0
0
0
788
0
0
0
0
359
271
0
0
0
0
0
0
0
757
0
0
0
0
0
0
0
930
681
0
0
0
0
0
771
0
0
0
0
305
0
0
0
0
0
17
346
0
0
187
394
0
0
0
0
0
0
0
0
0
794
0
0
0
0
0
0
0
0
192
0
0
0
0
0
119
0
0
0
0
0
0
809
891
872
0
221
0
0
0
0
0
0
0
0
0
0
0
508
0
0
541
0
0
0
0
0
0
921
305
0
0
561
0
0
0
899
0
0
0
0
0
0
0
0
0
0
200
0
0
0
0
536
0
0
0
742
0
0
0
0
229
613
0
0
0
0
994
0
0
0
944
0
0
0
0
633
643
0
940
0
0
0
0
0
0
0
0
0
0
0
0
413
0
136
0
0
624
771
0
0
0
0
585
0
15
0
490
0
0
0
160
975
0
0
0
0
0
0
0
0
935
0
0
0
0
0
0
0
0
0
0
353
0
0
172
646
0
0
0
0
0
0
0
0
0
0
475
0
0
0
0
0
0
0
0
759
708
0
0
0
0
0
727
248
0
0
0
0
390
0
0
0
0
0
0
1
0
0
257
185
0
0
0
576
0
685
0
986
0
231
0
0
0
775
0
0
0
0
0
0
0
0
0
0
0
0
0
0
0
0
0
382
0
105
0
0
746
0
852
0
19
0
714
629
0
0
0
0
925
0
141
0
0
0
0
0
828
0
0
0
0
927
0
0
0
0
0
415
0
0
810
0
0
0
0
0
568
0
0
0
0
0
0
0
0
0
0
0
0
0
0
0
0
633
1
0
0
0
0
0
0
0
0
0
0
0
0
751
65
0
0
0
0
0
0
0
0
0
738
0
0
0
0
0
0
150
600
0
0
0
615
0
0
0
0
0
0
543
0
0
0
298
0
0
0
0
0
0
589
0
0
0
238
0
254
0
0
0
0
109
0
0
0
0
0
0
0
0
0
0
483
107
0
523
0
267
235
787
0
0
490
0
476
0
0
0
0
0
0
0
0
0
0
643
0
0
0
0
0
0
0
0
0
408
0
305
0
24
992
0
0
0
0
0
0
867
0
0
0
955
194
0
0
0
922
0
0
0
0
0
0
0
431
370
498
95
49
0
113
21
0
0
427
0
0
0
0
912
212
433
0
113
366
875
901
0
0
0
510
0
305
0
0
0
0
110
0
799
0
467
0
0
0
0
0
0
81
0
0
0
0
0
725
0
0
608
846
0
0
0
0
0
0
0
0
0
0
0
160
0
0
0
0
0
0
139
561
80
197
0
0
8
0
0
0
0
0
787
0
0
0
0
105
0
0
0
0
0
0
0
0
206
0
0
0
0
0
0
0
0
0
0
0
0
0
0
0
0
0
0
0
0
335
692
0
201
0
0
985
317
0
495
0
0
0
0
0
0
0
324
0
0
0
731
0
69
0
465
0
0
206
0
0
0
0
9
776
0
457
0
0
0
0
940
257
0
0
160
0
0
607
0
0
0
307
897
657
0
0
116
0
0
0
0
0
0
492
0
190
0
0
0
0
953
0
0
0
640
0
0
728
0
0
912
0
0
0
0
0
0
0
0
265
0
0
0
0
0
0
0
0
0
0
0
0
0
0
0
0
0
0
0
0
0
0
821
0
0
0
0
683
0
0
709
0
0
516
0
0
829
0
0
203
0
0
0
0
0
0
0
0
0
794
0
185
0
0
0
0
0
0
405
0
834
0
0
411
0
0
381
0
0
996
0
0
0
989
644
0
0
0
0
0
0
0
0
0
0
0
0
0
0
23
0
0
0
0
141
0
0
0
0
0
263
745
0
228
0
0
0
0
130
0
0
0
301
0
0
0
488
0
0
0
0
443
37
0
0
0
0
0
0
0
0
0
0
0
217
0
0
0
0
0
0
0
98
92
0
0
0
0
0
0
0
0
0
0
0
607
0
0
0
322
0
578
0
0
0
816
0
0
0
130
0
391
453
66
0
0
317
842
0
0
0
0
0
0
0
0
604
0
0
0
0
0
0
0
0
0
0
0
277
0
0
0
0
775
0
668
0
0
0
0
0
0
328
0
0
0
0
0
0
0
0
0
0
0
0
0
0
0
0
839
967
0
476
0
0
0
0
427
0
0
0
0
0
0
0
0
938
0
0
0
0
0
0
0
0
0
405
0
0
0
0
0
0
0
0
835
0
0
0
0
0
93
0
0
0
953
448
276
69
602
0
0
0
0
0
0
0
124
0
0
0
0
363
811
0
0
0
0
346
787
0
0
0
0
182
0
36
541
0
0
58
0
0
0
0
0
0
0
858
0
0
0
0
946
0
0
0
930
0
99
0
941
0
0
0
0
0
0
712
0
389
0
0
930
0
0
554
0
0
0
0
0
0
0
0
0
0
322
0
0
0
0
0
0
0
0
0
175
0
0
0
871
0
0
0
638
0
0
0
159
0
605
0
0
920
0
0
71
0
715
0
0
0
0
0
0
0
0
0
0
151
0
0
0
0
244
389
608
0
0
0
0
0
0
0
0
0
0
0
0
0
375
339
666
227
778
0
0
0
0
0
0
0
524
0
0
0
0
0
197
0
0
864
0
0
885
0
0
0
0
0
576
0
408
0
0
834
0
0
0
0
60
0
0
0
0
186
0
0
0
348
0
0
0
0
0
0
957
0
660
0
0
0
0
485
0
0
0
0
0
0
0
0
467
0
0
0
0
0
0
0
264
766
965
0
0
0
513
528
302
0
0
19
0
0
0
0
92
0
0
0
0
0
0
0
0
923
0
697
0
0
797
374
987
0
107
0
0
0
363
675
0
637
190
0
0
0
0
0
0
0
0
0
0
0
307
0
578
0
0
60
0
0
0
784
378
178
0
863
0
37
0
0
0
0
829
0
0
0
0
0
0
0
920
0
0
0
0
152
0
0
0
889
0
0
0
609
0
0
0
0
133
0
0
120
0
771
0
0
0
0
0
609
0
0
0
0
0
0
0
959
0
0
0
0
0
46
0
0
0
909
0
0
0
722
0
201
145
0
0
0
0
0
0
138
0
0
0
929
0
0
685
0
305
139
897
0
0
0
0
0
0
0
0
786
0
0
0
0
0
608
0
0
0
494
0
93
869
0
0
97
972
365
189
0
0
0
0
0
653
0
0
0
0
0
0
253
0
0
0
95
0
915
88
0
0
426
647
0
0
0
0
0
686
0
0
0
0
0
0
0
0
385
0
0
192
0
0
0
686
124
860
939
0
0
334
0
0
30
0
649
0
0
0
0
0
494
0
350
0
0
0
0
0
561
657
411
0
0
0
0
0
0
0
0
0
0
457
0
0
0
0
0
192
106
0
793
0
0
0
546
0
0
0
0
0
0
0
0
0
0
0
0
0
0
0
0
0
0
588
0
0
0
163
0
0
289
0
0
0
0
0
0
0
0
0
0
0
0
0
0
867
0
0
867
0
720
0
617
0
0
595
0
0
0
0
0
514
349
0
0
0
0
0
0
361
0
0
711
0
0
986
751
24
80
0
0
0
0
0
0
784
786
0
0
0
0
0
0
0
0
0
242
220
845
66
0
0
0
0
507
0
0
0
0
0
0
0
882
0
0
0
0
0
0
0
0
295
0
0
0
489
0
0
0
0
0
0
0
0
0
661
0
0
811
0
0
0
0
0
0
0
954
214
0
0
0
0
0
0
0
0
0
0
0
818
0
0
0
0
0
0
0
0
0
153
779
790
0
192
0
0
65
992
197
0
0
816
835
0
0
378
0
0
0
0
0
239
0
0
0
0
108
0
0
0
904
841
0
0
948
0
0
203
0
0
0
0
228
0
0
0
638
0
0
0
0
0
841
0
0
0
0
0
393
159
0
0
0
0
157
0
722
0
0
0
0
841
0
0
0
308
0
0
0
686
0
0
364
456
0
611
0
0
0
208
300
0
0
0
0
0
196
182
0
0
651
0
0
0
0
231
0
0
0
116
381
0
0
0
186
178
0
0
0
0
0
63
0
475
0
884
891
0
0
673
308
0
984
697
0
0
0
210
0
0
0
0
172
0
748
864
0
0
0
0
0
0
0
88
956
0
0
833
0
0
635
0
0
0
291
0
509
0
0
0
0
0
0
0
0
0
0
0
475
0
0
0
0
0
0
0
0
0
0
559
174
0
0
0
0
0
0
0
260
0
390
0
0
0
0
0
0
0
0
0
0
0
0
175
0
0
0
457
0
239
63
0
0
405
0
0
0
0
0
0
268
0
0
0
813
0
0
0
0
0
0
0
0
0
0
0
0
0
0
0
0
0
300
0
0
0
0
0
602
387
0
376
0
0
0
247
636
0
0
0
0
0
0
0
0
0
681
990
0
0
0
759
0
0
0
0
0
0
0
781
60
172
0
0
450
0
0
0
0
0
0
0
0
0
413
0
0
0
8
0
0
0
0
0
0
863
0
0
0
0
0
0
0
0
0
885
0
0
0
0
0
0
0
0
0
0
510
0
0
639
182
0
0
0
0
0
463
0
0
623
0
0
0
0
0
0
0
0
999
486
0
0
0
0
0
0
0
0
0
64
0
0
0
35
0
935
0
0
0
0
0
0
0
0
954
813
0
0
0
418
0
0
0
0
0
0
0
0
0
0
873
0
78
0
0
0
0
0
0
0
996
130
0
0
0
0
0
0
0
0
475
405
0
0
364
0
0
0
0
0
0
0
307
0
0
610
920
0
0
0
0
0
0
634
664
0
0
0
0
770
0
0
0
0
782
0
378
0
0
88
468
244
0
0
0
384
528
0
0
0
0
0
981
0
0
32
646
0
0
0
0
0
0
0
0
0
0
0
201
766
0
0
0
0
0
0
215
0
618
568
0
0
0
0
136
775
0
0
0
0
0
0
0
0
348
37
608
0
0
0
0
0
0
364
0
0
402
362
340
0
0
0
0
392
0
0
0
0
0
767
0
0
0
0
0
0
0
314
0
0
0
0
0
966
0
0
0
0
289
0
0
0
0
0
0
0
0
0
0
0
0
0
0
604
297
0
0
0
892
395
538
717
791
0
0
0
0
865
196
0
0
517
0
0
0
0
7
888
0
0
0
0
0
119
0
0
0
0
0
0
0
391
93
871
0
0
0
0
0
0
884
0
885
0
0
0
0
0
0
0
0
241
914
0
0
0
804
379
0
0
0
0
0
593
0
0
0
0
0
187
0
0
0
0
441
614
0
0
179
0
0
0
455
0
779
0
0
0
0
0
0
0
0
0
931
0
0
825
0
0
0
0
0
0
0
83
0
0
0
0
0
0
0
210
974
0
503
0
0
0
0
0
0
0
0
0
0
867
0
0
0
453
0
0
0
0
0
0
242
108
891
0
0
0
402
0
0
109
0
0
619
0
614
624
0
0
0
0
0
0
273
942
0
0
0
0
130
0
0
0
805
748
0
0
0
0
0
0
0
0
0
0
0
0
0
0
0
0
0
0
0
0
0
0
0
0
677
0
0
651
0
0
0
315
0
0
0
0
0
314
0
242
0
649
0
0
160
0
0
886
616
0
493
0
624
0
0
0
0
492
989
66
0
0
0
0
0
192
220
0
0
0
0
0
362
0
109
0
0
136
921
0
0
992
0
0
0
0
0
919
0
0
138
0
0
0
0
0
0
0
0
0
977
0
20
0
0
646
19
0
42
0
143
800
0
0
0
521
107
0
181
764
0
0
701
790
969
0
835
0
835
0
0
0
501
0
949
0
0
510
321
0
0
0
0
861
0
0
0
0
0
76
600
0
771
0
0
0
787
0
644
0
0
0
0
0
494
106
845
0
0
0
0
0
340
0
0
0
0
0
0
0
0
870
0
0
0
0
0
0
0
840
0
802
0
0
449
776
183
0
0
0
932
0
911
0
0
0
280
0
0
0
0
0
0
0
0
0
0
0
0
0
0
0
337
0
0
573
0
0
0
0
0
0
996
0
738
0
81
0
0
0
0
0
0
0
0
0
0
0
505
0
0
0
0
0
738
0
0
190
0
0
953
638
0
829
0
0
66
0
673
0
0
0
0
0
0
136
0
0
866
0
0
0
0
0
0
0
201
0
0
250
0
0
0
492
0
0
0
0
0
0
0
0
0
0
0
530
0
0
0
0
0
651
0
0
0
442
0
0
0
0
0
789
0
0
330
0
0
0
0
220
616
570
0
0
0
475
0
0
0
0
0
0
785
313
0
815
0
0
0
433
0
0
0
0
0
955
0
0
0
317
448
0
0
0
93
793
0
904
308
268
0
0
0
0
619
921
0
866
0
913
0
0
0
0
3
0
0
0
0
673
0
0
0
0
0
0
564
0
0
0
0
431
303
0
0
0
0
125
0
0
0
0
0
0
680
0
983
660
722
0
921
0
160
0
164
0
0
0
0
0
0
0
119
0
0
0
0
0
0
0
0
261
0
0
0
0
0
0
0
0
0
0
0
0
0
194
0
0
0
842
276
0
957
0
869
0
0
841
0
0
0
0
0
241
0
0
0
0
913
0
0
629
561
0
0
0
0
0
397
0
0
0
278
0
0
0
0
0
1
701
0
0
0
0
0
0
0
0
0
22
0
0
983
0
0
775
0
0
0
0
0
0
0
404
0
637
947
393
0
0
59
859
0
0
0
251
0
0
0
0
0
398
0
0
0
473
0
0
133
0
0
809
0
0
0
0
0
0
0
0
69
0
0
0
0
0
0
0
984
0
0
307
0
914
614
0
0
0
0
0
0
479
0
0
0
0
0
0
44
0
0
0
839
0
698
0
0
0
0
0
0
0
0
0
0
0
0
0
0
999
771
0
0
0
0
0
0
0
0
0
0
0
0
0
171
0
0
0
0
934
0
88
896
0
0
0
151
0
0
0
0
724
0
0
0
0
0
898
561
0
0
891
585
0
0
0
105
0
0
0
602
159
660
0
0
0
0
0
697
0
0
0
392
0
624
992
870
0
0
629
479
0
0
0
0
0
0
891
0
0
0
658
0
937
0
0
0
0
0
0
0
856
0
0
0
0
0
0
627
960
0
63
0
0
0
41
0
507
0
485
687
245
0
607
0
0
0
0
0
0
830
0
525
0
0
0
0
13
0
0
0
0
0
0
0
993
0
0
0
959
0
872
0
0
0
0
0
953
0
0
0
0
0
0
97
546
507
948
0
813
0
0
0
0
0
0
0
0
0
561
0
0
0
970
0
0
0
0
667
0
0
0
0
0
0
0
0
0
104
0
0
0
0
0
210
126
0
0
0
0
268
0
0
716
0
0
0
472
0
0
389
0
0
0
0
0
627
0
0
0
0
0
0
0
0
0
788
857
0
0
0
0
0
0
175
0
0
0
774
0
761
0
15
0
0
922
0
0
0
0
0
605
0
0
972
0
0
0
0
0
0
610
0
0
0
0
0
0
0
0
0
0
970
0
0
519
0
0
0
384
0
0
0
0
0
824
0
0
0
40
0
0
0
0
0
896
947
0
253
33
0
830
0
0
0
0
0
662
537
0
0
486
0
673
0
0
0
809
53
0
0
0
0
0
0
89
0
0
945
0
0
0
0
0
401
607
0
0
607
189
0
221
0
0
150
0
0
0
0
0
0
0
0
0
365
0
0
0
0
0
510
920
0
804
0
0
0
0
3
0
0
0
0
0
0
