0
30
182
64
222
169
67
4
209
229
244
50
211
220
218
43
158
198
36
71
169
91
193
1
158
218
44
25
164
236
201
178
230
249
187
247
153
205
225
87
222
228
164
211
237
238
66
88
216
222
233
13
230
166
179
177
186
205
213
90
153
36
249
159
218
189
192
213
161
247
159
202
182
50
114
165
120
245
208
247
243
207
196
53
217
161
92
14
164
17
222
191
188
235
12
224
212
203
153
249
30
0
196
71
175
212
64
122
241
225
233
83
224
193
223
20
238
158
52
95
152
88
208
93
233
180
42
53
235
187
168
196
171
153
208
155
215
220
195
54
203
178
166
150
215
159
119
105
243
238
226
101
161
219
232
156
155
243
162
28
159
71
192
215
150
244
190
241
174
219
216
243
200
48
123
171
33
173
240
238
174
209
199
13
237
179
76
9
216
16
202
175
200
233
72
174
235
226
169
233
182
196
0
168
33
77
231
160
4
104
117
150
52
113
13
183
49
3
174
199
78
243
63
152
4
22
189
249
76
105
84
83
86
24
60
19
40
81
22
215
63
100
82
74
48
68
222
161
9
26
17
201
59
22
32
12
12
31
26
180
36
224
78
82
30
56
41
119
48
30
118
57
45
153
225
119
246
119
51
104
103
4
50
227
11
14
231
243
112
227
124
15
31
87
175
86
123
9
86
77
64
71
168
0
158
188
4
72
165
216
212
62
193
234
239
37
234
245
113
18
243
52
232
16
230
244
86
34
156
239
229
195
225
175
200
186
213
154
235
52
207
162
205
163
241
203
4
24
245
178
213
81
167
211
219
172
214
177
211
12
174
115
167
182
189
170
195
192
233
180
232
174
213
92
114
156
74
238
187
206
227
153
205
71
155
217
96
87
245
82
217
158
248
189
78
226
176
162
158
205
222
175
33
158
0
63
208
243
83
23
89
152
114
108
14
226
10
43
225
160
76
187
70
156
54
92
227
162
20
45
54
13
26
87
39
114
25
11
2
195
72
2
16
34
96
73
241
213
4
14
41
214
43
116
83
113
112
50
29
200
15
193
20
66
48
23
95
67
26
54
95
87
64
240
150
103
159
7
75
113
44
47
8
236
18
22
201
171
115
196
48
124
119
40
167
30
61
10
101
86
169
212
77
188
63
0
209
157
66
41
29
159
54
30
67
185
93
42
156
185
15
233
12
219
1
58
183
170
19
105
107
23
35
99
17
11
84
95
65
166
108
33
74
45
118
50
208
168
76
45
108
235
7
41
89
49
41
75
72
192
122
151
57
90
2
39
54
107
1
107
7
122
51
238
220
84
152
26
74
100
55
121
110
202
81
69
164
188
25
191
41
124
93
50
196
82
63
86
97
52
67
64
231
4
208
209
0
114
247
185
197
71
150
238
232
111
167
234
29
14
229
91
151
69
161
223
64
112
172
151
246
197
239
236
214
202
231
173
183
5
158
179
189
183
177
237
106
63
222
197
150
84
171
231
208
151
220
231
244
77
192
96
179
241
210
171
240
185
201
238
185
247
174
123
104
201
10
222
176
214
154
203
249
64
160
195
119
124
210
57
152
239
235
240
71
199
196
190
225
221
4
122
160
72
243
157
114
0
184
150
204
75
153
190
166
70
161
206
91
13
173
96
242
32
227
217
82
122
205
164
153
240
162
182
244
212
164
188
214
24
228
214
244
197
150
210
39
52
150
196
234
113
248
230
248
188
189
150
150
94
204
78
154
209
185
212
174
200
180
158
183
163
214
65
71
244
21
190
158
245
165
233
233
22
233
224
77
70
174
41
168
190
183
243
118
214
239
179
213
190
209
241
4
165
83
66
247
184
0
36
44
194
99
116
95
189
116
18
202
183
115
194
53
201
117
44
153
185
22
94
108
111
27
102
75
48
57
27
78
201
47
103
22
5
40
110
201
167
96
27
105
220
6
4
96
19
27
47
41
218
41
178
91
104
85
84
91
91
25
2
12
28
110
227
155
72
224
73
78
3
28
18
72
191
101
85
159
203
122
185
115
104
113
55
154
85
28
82
42
50
229
225
104
216
23
41
185
150
36
0
66
225
67
86
95
171
49
87
179
183
48
170
37
214
27
49
177
192
26
47
57
87
71
58
100
115
74
43
54
205
53
28
92
44
3
113
206
238
4
91
63
197
109
105
93
118
113
82
39
196
46
193
55
118
94
77
115
109
45
83
58
63
99
220
176
75
230
55
49
113
106
119
29
221
28
97
223
238
104
150
75
7
73
118
215
17
119
9
73
34
244
233
117
212
89
29
197
204
44
66
0
224
7
90
18
245
120
45
187
248
72
159
36
167
116
77
191
202
106
11
84
11
113
111
124
45
44
81
5
190
50
68
49
26
73
95
217
228
88
114
44
187
28
8
80
35
84
71
55
249
16
152
29
80
115
2
14
96
25
6
30
53
98
177
221
87
186
51
80
8
24
17
93
194
51
9
196
232
118
220
27
55
71
81
225
4
43
43
119
87
50
83
150
62
152
159
71
75
194
225
224
0
161
235
189
120
171
181
68
115
176
32
213
33
195
165
14
66
241
223
168
159
172
150
234
237
248
197
205
48
192
169
219
215
235
174
11
79
225
159
186
26
204
249
159
173
231
237
229
52
162
92
221
245
194
212
221
187
193
249
150
181
208
56
121
242
50
217
189
200
151
220
199
74
222
189
35
51
195
124
226
178
174
159
9
153
199
189
245
163
211
224
52
193
114
54
150
153
99
67
7
161
0
57
101
159
48
59
220
162
50
246
17
187
82
8
224
189
13
95
55
75
4
14
43
67
98
22
26
185
111
16
31
88
45
80
235
236
4
92
76
201
75
76
111
96
56
100
107
240
122
203
102
104
40
78
73
55
45
42
39
78
87
186
224
63
218
117
14
12
117
62
124
229
119
19
177
238
114
203
60
92
100
19
208
88
117
26
71
32
220
193
113
234
108
30
238
190
116
86
90
235
57
0
4
204
74
57
241
203
14
173
23
226
122
24
213
175
29
72
107
84
46
33
4
39
13
111
82
156
113
46
116
92
64
79
183
157
54
54
90
162
74
119
21
92
90
119
74
169
14
167
106
36
124
44
49
106
27
84
102
55
66
190
248
70
212
118
109
87
76
24
107
165
73
69
176
195
105
196
120
61
63
62
160
119
4
21
12
79
218
223
13
239
14
67
232
166
95
95
18
189
101
4
0
179
45
83
222
153
46
219
9
200
56
43
151
209
39
73
119
45
93
8
47
100
73
35
116
155
58
83
44
69
27
40
217
215
121
6
5
197
94
66
105
88
85
121
85
208
96
232
14
94
29
23
119
49
40
37
31
33
64
227
159
32
151
82
80
93
71
55
10
156
51
90
238
165
7
189
46
40
18
90
157
64
107
57
41
96
43
20
183
37
226
185
111
70
189
171
245
120
159
204
179
0
166
228
112
99
205
42
174
91
192
243
85
57
229
202
243
213
175
208
197
167
191
214
225
76
240
174
152
162
173
195
79
56
213
190
151
15
194
207
171
205
234
240
213
106
176
58
224
216
168
236
189
157
236
208
157
188
163
23
57
163
116
222
237
182
216
188
154
31
225
153
77
92
234
57
227
226
229
203
1
237
215
190
248
240
158
238
49
234
10
93
167
161
116
49
120
171
48
74
45
166
0
104
227
203
67
166
74
171
34
52
202
214
59
117
5
89
105
68
116
6
51
18
81
183
45
52
119
65
18
94
217
205
5
109
85
231
62
118
9
110
100
101
9
180
46
185
107
16
118
30
67
38
54
64
66
16
2
165
236
66
198
15
120
30
36
106
2
231
90
124
195
222
87
154
107
77
13
82
200
114
74
100
90
104
198
158
3
245
43
42
234
206
18
87
45
181
59
57
83
228
104
0
207
193
102
236
89
249
84
96
198
172
17
60
58
77
122
52
77
6
32
41
48
193
33
53
75
25
29
105
190
174
2
80
46
221
7
56
2
30
67
13
17
201
29
224
95
85
98
86
111
78
121
45
24
110
108
232
229
119
168
77
67
48
45
36
107
195
55
87
180
165
64
164
29
18
28
66
205
40
60
81
87
37
36
52
174
113
225
156
29
91
202
179
187
68
220
241
222
112
227
207
0
86
177
69
220
5
198
202
49
31
157
197
195
157
184
208
179
181
238
235
218
101
169
166
243
158
185
199
6
109
165
162
196
54
170
189
204
212
197
188
222
15
239
110
217
202
177
161
170
202
151
207
248
217
198
41
5
164
12
218
150
153
205
190
169
65
184
203
91
97
177
29
181
194
243
189
72
212
198
237
150
151
71
95
199
18
160
185
14
13
183
183
248
115
162
203
153
99
203
193
86
0
178
65
225
70
169
150
2
20
173
197
244
225
185
176
191
151
236
170
186
112
204
176
217
157
191
156
56
73
223
194
186
10
215
220
249
187
175
208
245
68
174
33
248
223
225
173
155
211
187
173
239
180
178
88
60
196
109
247
153
171
163
185
163
4
207
239
47
84
182
92
196
153
152
195
99
207
238
246
166
213
169
152
78
243
76
15
229
173
115
48
72
176
50
14
46
205
67
102
177
178
0
174
33
182
28
34
151
221
78
79
52
54
76
32
10
68
66
73
34
220
108
46
81
36
81
1
175
167
115
39
44
217
81
14
42
67
53
18
25
241
110
172
34
45
83
46
86
14
60
69
6
48
96
176
152
79
178
76
87
48
3
102
110
152
96
61
171
213
108
212
104
90
124
100
212
26
78
124
121
45
91
88
243
52
187
233
91
96
194
170
159
32
246
173
219
42
166
236
69
65
174
0
233
85
220
171
77
107
194
202
227
157
163
247
236
238
221
222
151
92
207
191
211
240
240
246
111
17
175
205
196
84
223
209
160
244
244
170
237
28
174
48
218
203
167
163
218
178
158
156
159
224
249
44
44
181
27
219
216
224
205
240
168
35
224
208
83
83
232
47
223
218
218
244
87
212
233
203
182
193
193
208
63
232
70
12
151
242
53
37
36
213
17
23
9
174
74
89
220
225
33
233
0
234
112
66
229
242
27
124
117
73
119
60
38
102
102
15
92
170
64
25
23
51
31
3
176
227
53
74
96
227
58
51
17
5
81
74
109
189
59
209
49
64
54
20
37
21
53
118
9
13
14
248
170
58
181
118
19
75
116
79
41
221
40
19
210
172
116
194
32
90
9
1
159
79
9
97
91
48
1
93
152
16
156
219
69
32
201
214
167
33
187
226
200
91
171
249
5
70
182
85
234
0
215
233
81
2
183
219
190
208
152
185
178
242
156
171
228
47
154
187
188
188
203
246
73
38
224
220
191
10
189
186
205
179
165
192
243
80
208
6
192
232
183
237
203
215
236
152
157
168
247
93
27
208
46
230
206
235
163
214
194
23
239
159
122
113
160
2
152
199
221
210
81
247
159
196
205
244
158
233
4
230
54
1
161
227
117
27
116
195
82
122
56
192
34
84
198
169
28
220
112
215
0
34
244
235
31
67
36
51
32
27
19
119
94
11
54
223
109
62
113
24
22
20
214
163
38
71
93
175
116
36
35
79
15
69
37
155
76
247
62
10
47
19
93
7
10
10
121
89
107
178
223
87
185
20
53
15
12
56
57
201
41
87
200
189
5
224
23
26
113
111
245
102
55
83
119
22
218
180
22
244
92
58
223
217
44
49
77
165
8
24
43
243
52
96
202
150
34
171
66
233
34
0
173
215
34
7
108
53
48
84
41
81
17
63
10
169
109
73
89
52
56
79
176
249
37
84
88
209
88
46
124
111
12
35
41
180
105
155
57
97
124
92
36
13
27
47
100
34
28
192
213
109
217
55
64
64
101
112
111
161
36
77
223
245
116
157
65
51
82
12
248
68
108
34
84
82
44
42
189
86
227
183
64
82
153
177
191
14
224
213
151
85
202
198
49
2
151
77
229
81
244
173
0
43
229
173
200
181
244
171
166
206
224
246
172
46
227
158
220
202
221
237
25
104
203
178
157
117
201
198
213
214
243
180
159
11
184
102
212
240
216
176
164
178
241
219
169
233
247
18
97
245
10
214
214
198
236
232
238
16
194
180
101
107
224
112
197
152
242
198
45
244
153
169
207
201
25
53
249
34
162
170
112
122
185
192
202
66
189
175
209
57
214
172
31
20
221
107
242
2
235
215
43
0
233
198
188
173
183
204
248
225
240
177
210
51
151
211
163
228
234
248
107
55
212
245
228
56
201
214
207
182
229
238
199
47
203
17
171
239
240
203
163
237
243
168
204
207
177
115
46
192
74
193
164
196
191
187
235
10
242
189
27
27
155
120
177
239
161
193
40
209
201
167
154
156
164
235
76
156
20
19
172
205
22
26
106
241
13
29
39
229
59
17
157
173
78
194
27
183
31
34
229
233
0
13
14
112
107
61
42
97
26
38
7
210
18
101
25
16
105
124
175
165
27
37
118
185
115
81
21
3
14
93
77
161
116
170
49
72
120
43
52
44
87
46
22
2
52
155
192
69
180
116
63
37
118
111
27
224
13
5
244
235
12
211
3
48
97
122
228
7
3
34
97
122
236
187
105
239
45
105
151
164
94
47
11
223
95
72
73
202
117
60
197
197
79
202
124
219
67
7
173
198
13
0
47
67
2
102
37
61
11
5
85
166
68
35
63
55
88
75
194
183
51
4
59
177
7
77
56
106
76
15
86
216
47
230
71
60
56
48
27
117
1
5
6
68
12
166
182
52
174
27
24
76
13
9
18
200
96
96
225
240
4
245
59
64
104
41
194
109
29
88
47
96
201
168
84
229
54
107
246
153
108
57
84
168
55
107
119
243
5
58
195
244
52
227
117
190
36
108
200
188
14
47
0
78
24
84
40
44
110
20
44
234
89
59
113
30
90
49
238
215
1
77
100
175
30
116
94
18
34
75
48
223
108
236
70
97
35
71
59
113
82
14
40
45
59
219
201
67
212
56
47
95
74
37
61
152
104
76
155
167
15
235
63
65
66
22
229
107
112
61
102
22
178
196
83
195
13
23
197
240
111
87
11
159
75
84
45
213
89
77
157
225
54
157
73
208
51
53
181
173
112
67
78
0
14
11
116
24
79
16
66
219
118
71
64
81
94
111
203
159
59
71
25
198
103
120
23
69
39
8
112
230
30
196
88
41
117
98
101
122
111
88
91
102
122
169
206
78
237
86
23
53
40
97
11
191
90
118
232
155
5
225
34
70
75
65
155
45
1
94
69
27
230
171
86
225
26
35
239
162
27
71
113
172
4
46
93
175
105
122
184
185
76
163
119
152
32
48
244
183
107
2
24
14
0
57
115
41
16
31
68
200
102
41
43
57
39
25
218
209
119
91
78
212
2
113
25
54
96
47
84
158
74
169
1
110
11
7
88
29
109
54
76
98
64
226
207
55
203
35
69
45
35
112
92
226
65
27
170
242
61
207
123
70
61
2
214
91
4
7
67
98
249
153
24
175
87
99
236
182
102
58
111
150
14
33
8
208
68
52
208
176
32
247
60
185
27
84
171
204
61
102
84
11
57
0
61
84
122
52
87
232
54
79
92
11
57
37
228
158
114
28
55
240
17
32
45
25
102
8
17
210
62
227
112
91
52
113
80
113
50
87
89
66
53
183
201
104
236
113
16
23
2
50
26
208
83
100
213
169
58
231
35
78
97
54
157
69
115
16
12
113
187
208
60
200
39
17
214
244
75
100
124
234
43
4
47
197
116
77
179
191
10
236
38
178
19
41
166
248
42
37
40
116
115
61
0
11
37
48
63
188
25
106
38
32
70
10
227
177
10
95
13
155
16
123
66
96
108
81
84
221
2
177
103
68
83
1
17
41
2
41
12
102
65
239
214
54
170
85
17
95
67
6
93
206
27
17
225
228
56
201
91
116
73
110
167
87
15
11
98
110
247
155
19
186
114
11
202
212
48
115
45
237
67
39
100
167
6
6
181
151
68
238
102
242
119
81
206
225
97
61
44
24
41
84
11
0
123
76
112
207
95
67
20
66
58
19
178
248
37
67
96
169
6
64
79
68
32
113
63
185
61
239
23
69
32
111
111
121
44
57
66
18
96
234
208
84
163
29
23
37
58
2
40
231
117
118
150
199
74
190
98
67
38
8
177
49
66
46
118
40
153
215
40
213
25
84
231
164
57
74
44
248
98
13
73
191
51
32
238
236
66
221
102
156
94
17
224
240
26
11
110
79
16
122
37
123
0
90
22
222
56
9
47
24
94
118
227
194
90
89
56
159
37
71
79
30
119
46
67
173
25
237
94
120
79
67
118
36
13
83
53
124
92
229
203
56
213
98
107
96
38
115
92
234
54
5
193
181
80
220
58
11
39
33
163
15
117
66
123
102
205
220
81
154
11
95
173
188
27
43
81
197
22
111
35
214
18
41
235
170
73
222
15
171
11
63
246
177
38
5
20
16
31
52
48
76
90
0
48
243
80
70
2
119
89
82
151
169
39
22
15
218
10
118
21
64
68
45
23
171
55
169
28
81
44
65
54
51
100
51
79
61
62
194
215
96
229
39
8
27
60
24
23
159
29
39
161
161
102
245
45
49
11
101
229
46
51
66
78
27
225
195
22
235
2
65
183
214
78
54
5
205
26
82
116
225
81
48
218
186
34
151
92
228
54
10
172
210
7
85
44
66
68
87
63
112
22
48
0
189
2
18
68
49
9
103
191
236
79
92
36
249
122
118
52
34
95
72
103
248
115
242
84
24
34
12
103
122
71
97
15
7
81
238
175
81
190
2
118
28
6
109
111
198
83
114
163
157
77
156
10
15
99
16
215
100
121
85
53
32
87
54
215
52
195
166
5
24
201
205
190
48
185
156
155
76
183
193
101
112
220
92
170
47
223
169
46
51
210
166
234
219
200
232
188
207
222
243
189
0
169
194
184
189
187
246
74
54
191
184
180
75
158
230
196
178
159
225
238
71
232
115
222
151
216
218
178
215
207
188
224
217
248
123
111
225
57
163
212
168
191
189
211
76
214
203
124
121
239
40
197
243
214
229
98
216
237
164
214
248
222
203
63
207
72
108
158
228
47
53
50
192
111
113
58
240
45
33
169
204
108
207
64
154
109
109
227
151
18
68
89
118
102
54
25
95
56
80
2
169
0
85
87
11
56
2
188
193
13
103
104
231
1
59
33
20
35
113
40
217
70
170
91
16
73
74
107
93
44
11
65
69
7
238
184
104
230
81
103
62
51
99
97
236
114
25
153
160
88
209
23
118
30
33
173
78
17
77
1
21
228
178
100
162
2
33
179
214
103
28
68
169
16
46
83
174
52
53
166
176
46
191
25
187
62
73
158
211
101
35
59
71
41
79
106
67
9
70
18
194
85
0
57
13
92
78
245
172
63
5
50
150
44
56
10
96
105
13
83
167
67
229
61
36
46
49
96
98
75
93
14
73
76
191
166
21
234
94
96
3
88
64
2
239
63
107
182
239
73
220
70
28
49
81
170
84
81
47
28
76
164
166
82
205
16
74
189
244
22
92
49
219
31
116
44
152
119
75
243
217
81
211
23
188
113
89
220
163
25
63
113
64
43
92
38
20
47
2
68
184
87
57
0
84
51
67
221
185
4
85
62
210
20
99
104
54
75
41
48
219
33
161
21
89
121
16
91
7
38
120
88
7
71
161
184
39
177
28
35
47
85
40
109
175
18
47
202
229
3
223
106
78
19
103
245
47
5
103
95
21
211
150
74
163
34
45
183
197
5
44
26
215
88
92
69
162
65
25
158
157
36
240
51
188
24
52
202
228
16
55
30
81
57
11
32
66
24
119
49
189
11
13
84
0
48
17
223
213
22
119
63
225
109
14
16
84
75
124
112
245
112
159
115
24
10
30
30
79
36
38
34
11
10
157
170
24
167
23
69
111
49
107
18
225
39
3
203
249
9
176
14
37
61
107
235
44
32
86
20
43
237
215
48
241
96
118
177
150
40
3
73
235
45
64
27
173
18
29
185
191
81
240
31
203
22
56
221
234
105
88
90
94
39
57
70
58
94
89
9
187
56
92
51
48
0
74
187
248
36
44
77
197
98
71
82
46
104
75
106
241
80
205
13
71
56
94
100
2
30
71
71
53
11
169
171
21
156
48
24
43
77
45
75
205
19
42
219
186
74
215
55
20
73
90
172
14
5
23
15
46
238
159
68
203
73
50
237
210
110
113
95
174
80
79
40
195
94
105
199
156
1
246
3
246
20
79
237
248
124
75
49
111
25
37
10
19
118
82
103
246
2
78
67
17
74
0
207
165
72
22
73
152
59
73
57
74
114
34
37
160
44
165
123
21
17
47
96
118
67
106
80
14
19
174
197
52
235
9
106
4
61
97
28
201
37
45
219
178
62
154
78
100
117
42
159
80
24
93
69
19
66
119
222
4
241
208
106
39
201
206
217
11
235
183
217
79
217
190
6
56
175
111
176
73
214
176
25
107
175
194
238
203
218
228
227
178
227
151
191
74
188
245
221
223
187
207
0
19
191
173
243
51
230
158
219
219
161
239
162
70
199
113
189
241
176
189
196
221
200
215
202
184
230
107
57
171
14
247
248
234
240
214
161
84
205
162
97
123
232
85
240
181
167
167
123
244
150
207
162
239
88
105
161
24
213
168
63
52
167
238
228
79
236
157
215
56
205
174
109
73
167
17
227
38
163
249
104
55
165
183
215
159
209
158
177
248
194
169
236
54
193
172
185
213
248
165
19
0
158
221
243
65
233
249
248
234
226
214
210
28
175
92
165
201
248
209
218
207
216
162
205
240
162
58
19
224
23
167
168
177
198
159
178
103
207
236
27
17
201
10
233
222
150
173
19
153
234
249
214
247
216
243
9
245
4
76
222
150
96
4
88
225
4
54
121
213
5
2
165
223
115
175
53
224
38
37
203
212
27
51
1
59
119
114
10
37
90
39
79
191
13
63
4
22
36
72
191
158
0
30
84
191
33
86
60
31
45
54
7
187
60
167
21
75
103
62
57
27
54
105
94
60
34
151
236
88
238
87
10
87
64
37
114
229
104
36
184
152
48
192
95
50
42
75
247
97
50
51
108
9
222
238
26
178
14
45
197
196
27
91
114
159
92
54
6
190
109
80
162
194
39
205
74
220
71
84
178
245
37
4
77
71
91
28
95
67
89
22
92
184
103
5
85
119
44
22
173
221
30
0
82
229
102
104
6
21
76
38
124
242
124
151
74
62
5
114
104
5
81
58
63
86
52
205
186
37
206
18
39
107
7
24
23
197
56
108
174
160
117
231
93
28
63
16
152
1
106
29
66
19
233
226
17
213
41
108
150
234
105
63
44
186
76
90
5
151
85
46
196
186
44
196
96
191
93
88
157
228
118
59
100
25
78
55
13
96
56
15
36
180
104
50
62
63
77
73
243
243
84
82
0
242
99
1
66
93
17
77
54
232
19
227
119
81
36
119
68
4
93
86
79
82
61
188
195
37
183
33
123
74
56
48
5
216
119
36
198
249
74
203
113
81
114
75
160
4
18
12
7
59
13
101
201
81
214
235
84
113
220
197
187
26
201
162
197
15
231
221
54
10
217
84
227
10
175
209
117
56
185
177
175
198
212
240
155
169
159
218
249
75
231
150
210
225
197
152
51
65
191
229
242
0
220
211
182
177
221
224
187
65
249
86
159
167
230
155
223
168
228
242
215
192
218
52
117
235
49
203
159
168
241
227
225
95
244
212
85
10
179
68
236
208
248
217
124
236
175
183
159
176
230
161
59
167
43
7
171
248
6
109
28
204
75
74
94
194
62
7
170
215
81
223
58
189
116
88
201
201
115
7
30
103
2
17
16
6
37
10
122
158
1
44
20
109
98
59
230
233
33
102
99
220
0
51
43
14
73
111
104
209
76
163
90
66
93
95
37
92
118
107
10
56
95
248
153
101
190
78
110
110
107
9
32
174
22
2
180
217
102
249
84
11
96
32
168
107
74
57
27
74
166
219
22
211
116
41
231
230
4
105
8
249
76
119
66
207
118
56
189
220
14
209
51
186
36
46
198
214
81
77
116
120
113
32
123
64
71
118
118
230
59
56
99
14
71
73
158
249
86
104
1
211
51
0
51
122
10
109
2
153
99
179
43
113
87
39
21
86
108
54
87
107
22
241
245
32
200
37
96
49
42
63
69
237
43
106
222
157
85
178
117
113
120
63
201
111
88
83
48
113
179
232
32
219
83
89
208
248
96
93
80
159
111
21
105
171
9
2
204
249
42
160
17
205
35
124
213
207
21
56
94
23
25
45
66
79
79
21
52
196
33
10
104
16
82
57
219
248
60
6
66
182
43
51
0
45
100
48
63
150
119
157
8
15
63
17
52
106
85
81
78
64
108
224
168
89
205
90
76
110
103
116
21
163
52
61
188
165
49
202
50
22
94
108
209
70
43
65
98
124
177
156
12
172
113
49
151
188
19
118
35
173
96
92
88
205
110
30
212
187
67
244
5
179
79
111
214
182
3
106
18
69
54
25
96
68
30
64
34
178
20
96
54
84
46
74
219
234
31
21
93
177
14
122
45
0
55
124
110
214
12
173
106
102
65
8
118
67
61
76
7
18
73
174
175
68
178
110
7
62
79
46
80
182
1
97
162
231
42
183
18
104
34
59
187
108
64
92
1
35
186
155
12
214
112
41
220
189
27
113
84
231
56
90
85
234
100
67
197
175
53
244
81
165
15
12
243
229
14
76
34
39
96
102
108
32
119
68
95
159
35
105
75
75
104
114
161
226
45
76
17
221
73
10
100
55
0
63
94
239
70
231
16
44
106
16
28
115
90
24
62
1
121
152
228
53
222
60
48
113
29
92
84
241
13
18
211
174
27
212
13
40
6
27
198
8
110
7
100
41
205
243
31
177
50
75
231
150
47
82
71
237
100
119
121
240
101
13
188
208
18
170
74
192
69
35
180
238
93
15
75
8
47
8
81
113
46
45
72
225
113
13
41
124
75
34
239
214
54
38
77
224
111
109
48
124
63
0
118
176
40
239
60
76
48
90
27
103
74
17
18
34
68
208
189
95
217
67
47
44
30
120
73
197
33
27
162
176
101
238
71
88
27
71
189
15
95
30
109
97
213
162
26
211
29
72
244
150
41
39
55
229
107
74
85
213
9
17
222
245
25
237
109
243
37
41
159
199
77
86
48
112
84
17
84
63
67
23
103
238
40
83
48
112
106
37
162
210
7
124
54
187
104
2
63
110
94
118
0
165
112
189
54
104
39
95
106
3
107
65
50
13
83
200
238
45
169
105
20
38
79
8
111
208
20
112
151
205
103
198
54
5
74
36
243
115
113
38
111
76
90
28
180
12
200
192
77
94
218
196
249
52
240
169
208
106
180
201
15
68
241
28
189
80
155
180
11
47
161
216
223
230
158
210
221
185
173
171
248
71
217
167
219
245
241
160
70
28
187
242
232
65
209
153
150
214
239
176
165
0
174
76
178
198
244
231
187
156
200
235
206
166
232
92
71
155
70
246
152
163
247
246
171
97
217
249
92
34
245
12
206
209
206
186
78
153
153
202
192
160
153
159
36
174
15
122
192
204
41
46
16
162
122
14
96
176
46
29
239
174
110
174
59
208
76
105
184
203
116
47
108
30
74
62
2
61
25
55
115
232
70
67
33
112
80
44
199
175
60
124
19
249
76
99
119
12
70
40
112
174
0
239
80
13
117
55
21
124
25
34
13
117
34
192
202
21
168
50
58
32
121
9
39
166
50
3
239
169
69
234
97
24
98
32
203
61
110
72
98
28
36
71
224
115
193
151
96
78
178
193
152
92
203
167
232
58
185
224
110
33
172
48
209
6
247
155
102
17
170
230
236
196
169
227
177
239
237
169
242
115
170
229
161
159
205
165
113
92
167
151
227
86
163
179
157
173
231
239
189
76
239
0
238
231
175
242
161
169
243
187
177
181
202
17
64
228
106
180
230
220
200
201
209
69
206
224
72
65
229
71
247
233
177
181
54
239
196
249
166
248
249
192
78
167
20
57
179
154
91
55
29
221
102
106
14
224
107
95
217
248
34
218
49
192
62
57
212
171
49
71
70
88
1
112
103
23
94
28
84
222
91
61
21
115
13
123
189
165
21
74
119
159
90
43
8
106
16
60
54
178
80
238
0
26
37
94
45
31
121
83
25
115
64
223
177
22
184
60
45
86
67
64
108
198
93
70
188
191
94
150
33
10
44
51
240
85
42
17
47
36
159
215
82
182
66
90
241
209
104
118
80
245
104
36
94
216
16
85
202
223
45
203
64
232
10
97
240
239
72
60
97
41
110
91
68
69
120
81
24
151
16
36
89
24
71
21
241
201
75
62
81
167
66
113
15
102
44
76
104
198
13
231
26
0
115
11
110
25
60
5
90
69
1
186
219
50
181
26
17
52
81
101
7
243
109
55
221
237
106
197
88
47
9
52
168
88
55
94
23
83
218
150
30
189
48
2
210
185
85
94
115
194
40
124
29
168
118
98
177
225
83
167
54
183
47
124
216
240
120
56
35
117
11
52
83
32
79
44
34
216
73
46
121
10
56
17
176
248
103
5
36
230
93
87
63
65
106
48
39
244
117
175
37
115
0
47
59
35
68
9
83
4
62
193
162
108
243
19
31
54
72
4
109
190
69
102
215
190
55
179
97
103
116
113
214
49
28
51
114
37
189
244
56
170
23
39
171
212
84
77
2
212
78
44
23
236
30
86
161
173
46
163
20
237
19
92
176
203
43
48
71
98
7
113
1
111
67
65
12
218
74
49
16
30
94
47
189
209
62
114
119
155
95
39
17
8
16
90
95
231
55
242
94
11
47
0
6
88
4
19
20
70
63
178
232
81
190
37
39
8
97
31
53
164
65
16
200
211
1
234
110
35
1
83
234
80
9
101
31
60
192
190
41
195
95
54
240
174
91
115
14
221
73
49
119
189
67
111
170
155
86
218
37
203
93
36
164
163
52
27
59
101
88
80
17
111
118
54
103
178
107
96
91
30
100
96
196
218
57
104
68
223
37
21
52
118
28
27
106
187
21
161
45
110
59
6
0
54
96
38
62
4
86
248
203
10
245
60
122
123
73
97
110
234
30
18
201
239
17
226
102
53
24
41
217
41
22
102
84
92
213
241
119
192
67
107
185
200
91
109
96
187
55
106
49
157
38
78
202
211
14
178
21
215
7
13
178
237
44
117
113
122
29
113
41
121
36
51
122
215
93
98
7
79
2
118
221
207
27
5
4
168
92
86
106
67
115
103
3
156
124
169
31
25
35
88
54
0
107
102
120
28
1
246
188
7
172
69
23
27
19
77
121
166
44
74
196
222
68
227
122
114
101
99
240
94
72
56
27
87
161
174
48
233
26
1
201
180
25
45
25
193
45
27
40
236
54
121
151
187
60
158
53
236
10
27
241
243
87
1
82
111
109
50
2
44
13
100
71
207
44
75
38
36
30
67
200
216
54
81
93
228
118
108
85
61
90
74
107
200
25
243
121
60
68
4
96
107
0
118
53
23
19
170
224
101
229
43
60
107
86
27
65
210
41
62
238
166
38
186
66
42
85
1
241
47
11
88
91
3
247
219
30
180
54
107
238
158
2
83
6
249
42
84
37
208
64
45
207
173
69
156
118
152
10
47
219
168
46
5
14
88
54
87
41
57
83
51
97
188
11
93
120
38
71
106
215
162
105
58
86
242
107
54
81
76
24
17
65
235
34
187
83
5
9
19
38
102
118
0
102
77
71
193
246
114
237
78
102
83
120
78
77
236
51
3
194
231
55
241
83
34
78
114
240
100
44
27
47
23
159
216
118
232
95
7
185
183
12
58
30
150
39
102
31
157
66
24
248
239
6
159
9
157
121
100
169
204
22
6
40
91
76
89
12
66
53
79
15
224
65
14
88
34
71
80
202
205
94
63
79
215
10
87
78
7
62
18
50
206
13
177
25
90
83
20
62
120
53
102
0
121
26
189
172
76
166
115
43
69
16
53
39
202
46
94
184
157
71
240
108
79
82
4
237
43
85
87
55
15
202
243
57
174
87
122
247
163
28
63
53
181
78
55
33
188
16
110
217
180
48
224
13
168
89
34
233
207
2
68
45
102
98
66
102
18
124
61
7
217
69
73
7
11
53
14
184
240
60
86
82
192
56
107
64
18
1
34
13
166
117
181
115
69
4
70
4
28
23
77
121
0
45
228
197
16
225
43
53
63
39
119
33
192
122
12
162
154
40
166
101
101
54
2
179
72
118
112
37
124
182
200
45
213
64
51
174
214
110
99
98
208
87
66
64
163
2
108
198
178
96
249
14
247
107
28
247
177
52
12
59
122
64
53
65
96
92
62
81
248
7
76
71
10
11
19
230
162
34
52
61
218
95
22
108
73
121
68
83
232
34
202
64
1
62
63
86
1
19
71
26
45
0
189
183
44
199
18
91
108
95
67
19
162
120
74
213
152
17
203
10
112
16
12
207
30
23
60
77
124
50
48
153
92
240
238
123
65
227
220
177
56
186
190
227
23
165
232
41
88
176
44
248
93
178
192
18
115
155
166
219
169
226
183
239
234
229
194
238
123
238
191
161
157
169
174
107
58
151
205
188
52
248
241
224
174
152
208
200
92
192
17
223
186
193
178
248
246
170
193
189
228
189
0
11
248
24
219
219
186
209
185
225
107
234
192
31
107
246
99
201
201
227
202
57
217
222
180
234
241
114
123
225
114
150
220
104
71
155
176
221
121
224
248
159
57
236
229
5
60
152
44
170
27
223
213
97
46
192
182
201
206
207
201
214
208
203
215
175
111
184
166
184
170
171
197
57
19
236
186
195
117
153
245
168
175
228
189
238
71
202
64
177
219
162
232
203
188
224
246
172
197
183
11
0
209
116
243
248
204
175
198
183
89
227
184
97
58
163
111
213
195
217
223
15
162
175
233
212
229
165
171
119
156
103
84
201
244
72
75
87
242
63
70
32
163
66
119
164
196
79
181
58
208
87
109
245
192
69
52
67
78
55
104
54
84
56
96
81
225
104
21
39
24
21
52
171
224
88
37
37
235
101
32
89
68
53
95
45
155
21
228
22
50
108
81
10
7
101
114
76
16
44
248
209
0
151
97
95
96
47
116
25
249
94
1
234
184
60
182
56
49
86
49
244
98
48
102
9
110
120
33
246
74
159
152
10
21
224
230
186
50
218
212
151
116
198
168
12
109
178
27
181
46
185
217
10
74
180
174
212
237
203
236
170
163
213
229
190
57
230
234
177
167
156
235
14
23
238
206
183
49
190
200
205
178
222
217
169
70
168
106
184
181
243
190
245
172
229
237
166
225
199
24
116
151
0
219
233
151
201
232
165
29
196
201
25
118
201
108
181
231
199
238
72
230
196
217
190
169
245
173
119
238
7
26
222
190
73
55
51
217
117
118
82
222
15
77
218
247
76
219
118
230
20
55
214
193
116
27
56
86
35
113
85
29
98
39
2
163
81
94
28
23
48
9
247
167
87
18
33
203
78
37
90
110
60
67
105
246
50
180
60
26
19
37
60
69
43
78
115
43
18
219
243
97
219
0
74
88
59
120
5
202
12
9
155
223
17
191
123
55
88
87
150
116
43
119
121
87
208
240
51
187
75
74
176
158
78
49
80
189
14
109
80
237
120
67
150
153
87
216
19
206
53
64
214
164
63
24
47
23
69
16
17
23
107
8
118
212
103
96
35
69
24
106
248
168
10
39
123
159
110
96
76
7
48
47
20
152
58
230
45
17
31
39
122
23
60
102
43
53
91
219
248
95
233
74
0
81
51
83
38
196
18
8
204
218
2
216
45
82
124
106
156
24
68
25
38
60
247
238
104
206
113
100
214
245
3
113
8
200
12
87
93
182
30
48
153
171
48
224
75
235
15
64
198
196
37
76
95
53
45
23
95
37
96
27
28
168
62
3
47
111
43
4
234
177
87
107
74
168
110
49
110
62
113
44
38
163
32
220
86
52
54
8
123
27
107
83
69
63
108
186
204
96
151
88
81
0
98
82
23
241
86
62
203
178
41
157
66
100
62
14
165
87
13
79
87
97
243
174
103
227
44
55
154
165
28
106
24
151
117
76
71
216
36
45
205
163
3
205
116
163
12
101
236
191
118
13
74
40
35
2
67
58
38
60
6
191
51
88
85
49
77
61
240
198
64
7
56
241
107
42
103
79
29
30
79
247
121
200
67
81
72
97
73
19
86
120
16
39
95
209
175
47
201
59
51
98
0
111
86
227
64
70
186
231
111
238
60
118
4
36
198
27
3
57
26
68
207
209
4
153
47
121
203
233
18
119
17
220
62
24
55
188
106
36
190
185
102
240
79
214
56
112
232
187
111
9
37
97
112
50
6
2
115
24
109
189
99
64
40
107
45
97
214
159
37
24
48
227
9
63
116
46
92
120
8
246
9
201
64
101
4
31
97
77
27
78
53
119
67
185
198
116
232
120
83
82
111
0
53
172
70
97
159
234
107
173
108
66
115
2
220
2
45
73
109
4
196
199
50
205
8
110
249
233
72
29
93
199
124
107
10
154
2
107
169
163
110
168
41
194
57
111
238
235
27
18
61
11
92
26
93
40
92
23
111
211
97
2
109
18
75
28
161
178
114
23
5
225
32
69
21
80
84
73
111
171
39
209
108
7
109
53
110
121
65
77
39
33
19
225
183
25
165
5
38
23
86
53
0
166
110
71
231
154
103
189
5
103
77
72
215
57
8
121
5
113
53
13
227
71
236
202
64
22
191
221
194
74
229
165
156
31
231
195
65
4
152
35
221
23
201
161
16
10
224
200
152
191
226
208
206
231
234
159
198
76
236
239
175
225
205
201
84
103
229
197
216
95
174
237
163
182
241
197
208
97
166
69
198
243
190
164
234
166
210
236
202
192
162
107
89
249
29
202
196
241
227
172
166
0
160
226
16
52
183
34
185
236
194
217
7
188
214
196
193
243
217
237
11
155
18
81
160
233
101
28
51
222
119
73
51
225
90
55
184
207
96
224
40
239
41
36
194
242
13
96
104
90
65
83
27
117
54
29
83
214
114
63
18
39
19
37
205
207
104
56
119
244
22
43
52
1
13
33
20
217
50
206
93
109
69
65
30
44
41
51
46
122
120
234
227
94
196
12
18
86
64
70
110
160
0
104
174
218
17
185
50
12
64
10
229
87
89
123
73
111
161
179
14
217
22
69
195
224
85
97
9
189
19
69
90
153
124
87
203
239
61
208
19
159
87
77
180
189
5
96
76
118
27
100
17
118
5
39
114
203
25
107
47
3
42
45
162
236
36
108
36
212
2
106
61
97
18
27
112
249
3
224
70
55
102
16
18
74
62
3
94
12
74
192
184
1
201
9
8
62
70
97
71
226
104
0
195
177
43
187
99
119
77
86
223
65
76
6
4
24
92
76
231
96
201
164
119
77
159
223
196
35
177
176
238
77
195
180
91
47
171
83
210
122
200
223
101
27
244
225
155
232
170
213
225
150
193
161
163
124
153
182
202
203
219
219
97
27
184
174
198
85
180
222
188
162
211
162
151
92
239
72
188
221
215
200
201
196
238
194
184
162
213
31
97
234
25
155
204
203
186
159
231
16
174
195
0
1
167
106
248
193
153
194
35
201
207
170
243
220
14
9
243
87
171
188
124
70
203
238
232
51
238
195
165
92
222
165
97
84
213
83
172
113
189
245
107
27
235
240
167
155
242
169
228
199
181
161
157
121
160
239
229
249
186
178
123
17
152
160
249
10
217
157
165
231
174
176
205
34
169
65
191
237
190
211
239
222
166
231
157
154
152
107
58
184
118
223
218
178
231
234
154
52
218
177
1
0
196
51
248
193
202
202
94
159
223
196
202
164
164
216
112
245
115
25
210
174
122
104
118
195
114
105
7
234
87
64
177
182
108
232
116
160
5
116
224
155
12
4
15
5
61
58
56
74
80
102
77
239
88
73
3
9
74
62
232
201
48
117
74
179
102
85
49
42
27
101
103
245
69
229
94
106
55
1
17
68
38
55
71
40
17
246
163
60
201
17
2
41
111
107
103
183
17
43
167
196
0
214
15
31
69
6
162
11
86
22
103
18
17
16
227
82
196
191
57
41
185
150
220
124
203
196
189
57
154
164
29
92
212
47
194
2
224
157
112
120
211
245
235
225
207
231
201
190
220
245
156
40
209
220
223
176
215
154
85
10
192
231
203
68
249
178
202
183
212
238
198
12
234
71
150
197
179
234
226
227
186
241
240
166
203
99
111
182
108
191
216
157
238
173
189
34
185
187
106
51
214
0
225
205
201
240
93
152
182
192
232
241
222
202
124
217
48
41
152
168
115
75
27
226
60
120
46
227
107
29
181
196
104
223
32
152
23
65
197
177
3
59
63
34
123
35
91
98
58
45
10
197
23
70
106
14
55
78
240
233
95
93
113
236
84
117
50
18
13
71
54
206
97
247
33
88
97
110
102
122
66
83
108
101
10
201
213
56
181
123
45
66
60
108
5
185
50
99
248
248
15
225
0
116
83
122
195
4
74
53
6
121
191
175
15
158
124
124
239
190
104
7
55
178
92
61
40
226
77
18
194
153
90
218
90
199
26
51
152
239
48
64
65
70
70
78
116
67
11
49
15
243
118
28
78
37
20
100
181
222
50
28
81
208
11
113
22
104
40
88
5
209
24
233
10
47
103
35
53
114
42
34
79
101
112
201
195
49
231
55
82
100
118
66
103
236
12
119
193
193
31
205
116
0
9
72
237
28
113
18
120
65
188
200
31
248
119
93
235
183
113
73
71
174
100
63
18
229
13
28
243
152
124
218
9
221
113
82
242
161
97
104
66
75
61
97
73
38
39
11
99
214
30
49
19
61
73
117
167
150
42
63
114
248
96
120
94
34
6
27
74
206
98
177
44
9
116
1
24
101
85
78
82
54
16
227
217
86
199
88
124
62
4
115
77
194
64
77
153
202
69
201
83
9
0
74
183
92
55
49
58
6
235
233
87
189
40
50
240
243
55
118
81
159
19
62
90
203
82
66
189
195
100
244
1
210
111
12
198
193
122
41
22
65
2
54
110
8
33
101
16
229
33
81
103
107
90
42
167
173
75
16
75
217
32
63
108
59
27
71
36
186
32
181
51
52
113
83
41
99
1
114
4
2
12
202
223
49
238
87
106
14
36
2
72
217
10
86
194
202
6
240
122
72
74
0
169
79
30
25
26
44
12
72
175
78
167
196
71
118
154
215
225
9
208
160
157
1
200
205
72
99
212
87
159
81
245
248
45
40
228
194
229
155
214
157
167
177
163
229
215
98
173
170
245
235
172
159
123
19
247
152
160
124
168
201
209
187
198
189
243
78
203
54
240
168
214
234
217
240
241
240
237
179
207
57
15
244
72
150
156
165
198
220
215
7
229
223
35
94
162
93
195
237
183
169
0
234
234
190
228
174
224
174
86
226
30
82
199
214
85
17
4
153
88
119
64
237
114
40
212
207
26
212
79
247
102
68
244
209
7
109
107
45
91
69
87
49
15
46
100
216
78
84
47
44
14
80
244
153
97
1
4
236
107
111
70
108
8
15
115
153
61
239
85
88
49
80
41
94
47
100
43
72
30
217
162
98
230
116
24
87
27
2
57
188
87
65
201
159
11
152
4
28
92
79
234
0
79
24
95
41
212
235
123
176
61
63
196
239
28
119
43
199
117
4
107
215
74
60
198
238
78
233
9
159
55
108
153
201
3
29
112
1
4
115
15
66
117
51
121
237
17
81
5
32
5
24
150
234
50
106
18
175
74
88
43
64
110
95
113
153
110
196
42
55
28
9
22
72
11
44
85
118
23
222
175
48
196
43
68
13
3
45
8
214
89
76
207
223
86
182
74
113
55
30
234
79
0
68
8
6
203
226
9
162
10
86
190
179
82
9
43
189
26
21
57
190
100
81
237
246
124
203
97
196
83
34
169
167
34
88
61
94
7
16
11
46
66
66
85
164
77
47
103
86
23
93
207
249
51
29
12
183
57
83
65
92
7
30
38
202
72
249
17
94
51
101
102
56
88
27
87
112
60
180
233
102
217
119
25
79
57
73
121
196
123
6
170
196
22
192
53
18
49
25
190
24
68
0
33
38
153
169
86
158
101
97
225
213
42
73
119
245
71
12
41
248
90
87
150
166
121
182
91
205
119
84
207
154
97
47
102
69
67
12
98
118
123
78
53
214
1
28
95
20
15
69
162
214
108
66
7
159
27
48
98
1
100
109
111
192
98
166
47
23
114
31
84
27
91
47
55
37
77
234
212
9
190
121
38
87
26
109
5
193
73
4
243
202
103
232
6
120
58
26
228
95
8
33
0
112
249
233
77
205
86
52
221
190
50
34
87
163
32
79
96
240
104
37
151
213
45
193
48
244
22
82
201
156
122
96
22
27
98
113
110
40
102
27
32
248
21
76
21
43
46
19
239
247
9
19
59
176
74
113
124
35
41
97
76
160
28
248
36
83
37
60
92
87
3
23
15
124
124
241
229
110
169
87
60
97
68
4
113
243
111
24
220
164
18
241
121
65
6
44
174
41
6
38
112
0
