0
996
729
30
479
21
384
880
626
766
693
985
415
345
952
725
360
701
219
312
20
70
38
79
115
813
130
221
691
849
437
817
815
395
505
576
313
872
3
790
598
101
333
194
971
164
61
510
77
828
181
168
76
220
529
594
963
859
37
610
664
383
402
47
243
938
743
341
194
328
316
223
771
618
399
258
274
315
229
527
758
439
568
325
167
271
498
887
375
239
163
522
646
156
627
916
147
272
735
232
996
0
718
975
565
759
168
941
429
526
579
0
872
997
869
753
70
23
340
481
67
182
596
797
734
4
782
15
810
197
905
338
83
698
308
606
88
671
217
136
105
413
283
256
163
250
266
689
691
756
669
616
79
437
996
553
377
128
272
785
866
220
20
815
515
225
403
11
326
992
314
970
302
527
325
561
345
266
287
310
251
82
593
386
850
901
405
686
537
394
866
271
797
240
215
410
11
587
10
730
729
718
0
411
677
530
272
515
0
856
0
787
436
65
353
426
92
574
980
587
633
767
37
208
913
781
457
509
417
262
8
256
811
294
55
426
830
731
343
27
252
96
603
202
343
525
395
594
294
263
762
247
764
14
856
761
486
721
963
842
927
69
473
77
29
844
15
113
497
214
73
186
881
87
153
580
351
189
670
284
94
500
193
330
880
227
238
511
177
845
63
275
328
228
580
35
890
294
671
759
30
975
411
0
501
0
595
314
664
662
215
520
868
91
641
894
850
948
668
589
0
342
19
77
152
511
629
645
737
22
991
709
90
291
449
406
515
138
90
258
263
335
310
586
380
865
470
695
484
400
335
733
245
737
495
186
603
536
76
832
784
357
777
55
273
790
592
73
646
310
171
432
287
757
815
568
344
532
5
875
63
371
179
775
372
627
105
657
567
811
432
899
42
261
417
716
823
971
899
818
479
565
677
501
0
754
341
294
498
204
579
850
195
226
641
517
326
772
0
370
734
753
890
397
490
282
754
21
362
698
289
0
169
628
703
394
339
931
200
509
452
0
577
641
350
577
0
35
781
834
866
200
601
711
43
13
352
853
448
545
15
757
822
598
974
32
675
892
789
288
906
322
381
345
795
529
116
342
679
708
637
369
158
95
75
968
777
906
590
805
19
239
143
86
360
352
140
770
588
412
21
759
530
0
754
0
738
492
719
431
16
146
703
445
125
446
962
239
633
801
0
211
0
0
43
429
547
862
865
571
997
340
778
639
772
656
441
311
28
276
491
106
771
909
463
525
171
551
462
520
296
861
74
78
877
424
56
488
18
108
522
993
56
33
477
466
529
735
152
47
326
703
374
841
398
936
898
655
950
239
655
951
389
177
200
253
736
490
129
817
145
300
375
491
984
96
758
977
366
753
384
168
272
595
341
738
0
420
967
704
643
460
815
235
211
619
4
920
552
509
783
370
232
375
247
427
318
37
0
238
971
788
89
605
508
591
812
55
347
361
327
895
476
211
9
622
438
42
551
105
304
873
361
822
13
826
425
649
429
880
706
361
784
607
776
664
152
919
656
900
661
761
392
0
0
665
126
960
942
7
905
185
0
488
946
0
759
27
38
910
41
0
35
76
56
33
98
524
354
259
880
941
515
314
294
492
420
0
555
0
583
750
399
140
959
312
864
54
754
219
202
887
554
106
141
0
0
650
408
0
544
164
47
632
0
471
669
181
348
165
50
374
47
0
0
85
526
516
833
861
566
915
982
169
465
778
865
76
87
746
449
939
87
978
503
432
832
313
470
107
91
138
998
642
270
957
891
54
822
632
323
118
172
480
119
383
262
378
213
668
323
812
399
727
690
10
948
384
541
976
626
429
0
664
498
719
967
555
0
731
0
281
617
0
150
316
0
176
723
555
798
56
841
417
764
291
458
715
798
574
741
38
6
277
667
968
110
452
544
0
950
58
714
122
968
627
231
631
630
575
149
814
501
0
993
58
301
851
230
527
372
0
715
945
0
795
58
428
329
336
505
878
192
886
871
782
294
88
938
847
903
920
606
926
734
359
515
186
992
746
458
550
904
777
459
149
493
584
141
789
766
526
856
662
204
431
704
0
731
0
10
979
723
863
542
936
301
878
720
656
872
733
383
200
182
0
0
803
449
0
297
273
551
785
0
215
668
656
589
982
915
290
49
0
0
0
131
738
469
149
124
726
506
612
442
209
156
226
536
924
35
688
0
56
860
485
394
486
603
745
35
922
842
277
737
683
517
77
921
515
65
963
158
246
819
103
372
811
81
113
683
585
649
195
544
832
852
11
386
165
693
579
0
215
579
16
643
583
0
10
0
513
49
0
470
356
0
797
545
836
133
931
236
6
475
888
103
420
584
888
78
668
336
753
833
641
595
344
157
0
167
102
899
703
948
340
497
186
65
276
770
102
123
0
115
122
66
915
753
464
181
0
624
597
0
472
0
160
738
170
431
190
309
734
158
710
770
348
151
463
718
983
854
479
660
296
777
70
157
302
515
70
865
851
730
877
138
284
284
852
985
0
787
520
850
146
460
750
281
979
513
0
848
283
870
954
2
0
556
688
886
438
563
533
8
294
439
0
867
232
857
42
0
256
736
660
0
774
384
130
900
823
904
799
879
363
144
261
850
43
600
140
0
395
616
562
25
575
693
669
118
56
488
110
91
802
130
0
707
931
426
509
812
283
759
565
713
87
906
449
673
0
918
461
4
569
750
48
860
450
599
653
445
170
12
922
907
83
966
539
415
872
436
868
195
703
815
399
617
723
49
848
0
881
0
0
285
493
615
0
432
0
508
66
0
295
393
165
888
41
950
277
122
827
93
0
2
279
665
817
510
37
0
183
812
916
743
26
629
681
524
543
56
952
946
233
494
0
814
311
519
67
897
633
439
192
645
547
75
544
540
374
510
989
97
0
722
596
802
949
502
789
21
735
948
659
193
0
717
787
728
897
328
302
574
996
495
832
237
597
345
997
65
91
226
445
235
140
0
863
0
283
881
0
30
170
0
744
737
867
418
805
135
971
226
696
425
592
761
249
420
810
354
712
783
612
905
900
169
0
5
423
985
820
615
187
345
295
601
648
914
530
425
0
8
752
973
30
642
639
743
0
443
874
0
777
0
525
882
345
673
618
542
89
357
52
725
600
216
282
37
902
519
387
182
323
189
918
334
651
456
461
612
85
934
567
589
622
702
700
952
869
353
641
641
125
211
959
150
542
470
870
0
30
0
0
672
661
249
0
168
0
459
503
0
401
612
323
72
899
387
305
907
341
25
0
383
835
227
603
88
520
0
166
355
133
305
907
637
586
660
660
602
88
523
319
78
0
734
169
682
411
180
921
980
54
397
938
828
890
775
973
873
985
641
0
537
977
117
97
111
619
174
715
336
562
60
0
599
905
453
780
933
593
313
643
666
364
370
124
725
753
426
894
517
446
619
312
316
936
356
954
0
170
0
0
719
208
344
0
250
0
900
737
0
517
715
699
323
642
244
945
269
228
46
0
691
787
269
462
885
723
0
160
798
999
690
372
54
986
226
235
987
8
40
934
344
0
307
283
799
790
393
155
537
925
995
754
854
271
597
959
484
580
804
0
976
440
419
399
830
659
749
167
422
639
906
0
281
271
126
402
598
479
889
454
395
57
112
471
360
70
92
850
326
962
4
864
0
301
0
2
285
0
672
719
0
822
720
577
965
989
9
307
684
833
548
264
261
394
21
676
748
762
747
257
369
21
239
0
213
58
179
173
381
881
362
939
887
733
224
709
856
0
940
66
139
568
982
26
537
0
460
726
0
796
0
308
165
850
630
576
1
749
845
939
378
684
879
135
418
818
860
726
135
282
324
129
83
397
155
655
899
65
248
206
564
59
222
451
701
23
574
948
772
239
920
54
176
878
797
0
493
744
661
208
822
0
396
576
866
696
928
691
252
277
331
0
811
258
530
913
0
908
620
597
0
780
301
784
128
8
463
367
399
51
655
166
579
312
928
347
0
563
975
174
765
771
660
856
34
874
611
739
640
578
48
0
549
424
663
765
992
944
17
361
198
36
196
409
956
0
296
910
731
826
14
484
643
624
841
22
844
574
911
534
246
263
307
203
219
340
980
668
0
633
552
754
723
720
545
556
615
737
249
344
720
396
0
734
700
332
627
66
118
510
954
614
886
473
108
0
458
230
741
472
492
993
469
151
503
0
629
66
423
229
0
309
569
95
622
857
958
885
94
0
634
867
875
848
0
628
264
282
805
0
522
539
278
768
787
653
163
13
582
347
257
226
434
82
866
101
809
0
0
597
418
777
650
594
0
348
69
652
583
205
287
600
517
935
312
481
587
589
370
801
509
219
555
656
836
688
0
867
0
0
577
576
734
0
532
0
143
735
0
64
432
505
222
470
32
789
688
12
899
0
861
43
743
642
303
939
0
824
93
159
800
309
372
433
129
378
571
377
920
199
211
0
336
641
87
610
285
127
436
874
915
104
205
444
820
675
863
390
338
0
255
564
784
773
651
866
721
664
987
583
100
0
630
656
137
660
718
259
205
217
60
585
171
197
20
67
633
0
734
0
783
202
798
872
133
886
432
418
168
250
965
866
700
532
0
429
0
0
845
541
241
394
649
440
999
138
933
590
830
248
501
170
0
925
394
581
637
176
153
440
221
756
401
400
770
361
594
6
664
700
539
768
0
849
150
700
917
0
320
559
156
852
553
504
654
195
557
541
158
397
861
389
318
133
582
924
884
237
969
391
986
756
830
481
905
185
361
349
694
789
3
814
642
936
70
182
767
342
753
211
370
887
56
733
931
438
0
805
0
0
989
696
332
0
429
0
98
530
0
309
740
195
322
766
320
362
971
72
366
0
525
697
241
919
954
103
0
369
65
554
251
755
631
894
978
596
32
624
314
351
489
0
63
764
969
463
829
616
468
862
946
380
566
437
140
283
320
641
942
0
132
162
174
501
653
162
465
937
261
331
805
0
243
827
915
253
661
915
717
48
287
251
252
938
38
596
37
19
890
0
232
554
841
383
236
563
508
135
459
900
9
928
627
143
0
98
0
0
377
262
8
346
726
293
155
531
405
195
510
573
704
949
0
311
303
649
355
887
413
168
981
467
884
789
443
694
996
685
20
98
774
174
0
942
128
230
438
0
682
166
122
633
674
433
520
187
468
434
687
953
684
96
83
353
525
618
343
125
998
823
735
133
906
312
452
609
945
589
635
648
165
728
18
764
79
797
208
77
397
0
375
106
417
200
6
533
66
971
503
737
307
691
66
735
0
530
0
0
296
676
986
858
168
493
639
694
265
369
906
470
909
834
0
152
869
554
125
958
643
702
381
94
311
768
459
474
319
621
203
409
262
411
0
386
169
103
305
0
88
291
175
726
310
6
981
811
92
218
493
174
353
836
109
544
818
168
402
439
750
149
463
76
791
253
670
384
185
331
746
680
401
919
679
677
115
734
913
152
490
43
247
141
764
182
475
8
0
226
0
0
684
252
118
0
845
0
377
296
0
618
342
81
835
208
490
481
482
404
126
0
842
487
670
537
66
506
0
457
538
968
435
934
290
649
119
183
372
889
698
143
396
0
948
926
494
228
911
107
468
104
917
425
546
131
327
547
325
621
170
0
185
974
966
981
346
523
894
16
193
42
268
0
352
663
450
740
14
930
504
483
235
696
524
468
813
4
781
511
282
429
427
0
291
0
888
294
295
696
401
517
833
277
510
64
541
309
262
676
618
0
0
864
610
0
336
114
882
227
0
285
509
428
443
166
920
910
827
0
0
0
59
624
640
387
353
125
306
390
608
931
662
73
399
75
124
751
0
91
977
154
148
141
949
771
553
667
290
780
7
436
458
100
107
964
977
114
407
337
654
150
657
914
640
647
667
602
475
937
137
327
369
51
198
132
130
782
457
629
754
547
318
0
458
0
103
439
393
425
612
715
548
331
954
432
241
740
8
986
342
0
0
424
1
0
326
295
996
383
0
717
913
789
169
281
947
55
960
0
0
0
392
599
617
623
70
263
5
709
827
715
192
210
829
425
310
524
0
229
14
344
58
567
190
591
555
233
118
926
403
586
815
125
468
878
205
390
165
951
496
801
852
897
937
544
891
836
119
331
403
918
214
591
559
964
221
15
509
645
21
862
37
650
715
803
420
0
165
592
323
699
264
0
614
505
394
195
346
858
81
864
424
0
213
420
456
356
0
443
87
37
0
490
436
110
530
713
580
567
626
355
62
5
702
599
268
503
0
564
460
374
56
355
395
737
375
260
587
573
503
464
533
0
874
19
157
746
166
661
77
922
51
17
200
461
5
0
157
406
55
445
428
441
79
304
543
184
70
329
819
540
247
816
362
213
691
810
417
737
362
865
0
408
798
449
584
867
888
761
72
323
261
811
886
222
649
322
726
168
835
610
1
213
0
912
734
328
672
847
953
645
85
119
616
66
973
778
146
405
4
102
914
255
490
993
610
504
684
760
136
715
283
59
294
324
198
920
818
590
829
670
473
231
198
501
193
751
107
0
0
300
255
137
195
235
515
970
0
196
882
0
28
652
23
495
567
0
0
0
0
125
0
946
929
57
849
197
262
22
698
571
238
0
574
0
888
232
41
249
899
642
394
258
473
470
440
766
293
493
208
0
0
420
912
0
896
367
414
510
0
957
674
451
154
480
262
654
98
0
0
0
748
872
808
565
313
638
179
423
773
703
492
484
477
580
737
449
0
404
189
831
657
786
519
784
988
361
242
210
276
89
487
959
351
954
520
964
229
351
601
807
960
523
281
185
611
318
418
741
112
639
162
711
367
387
437
905
8
991
289
997
971
544
741
297
78
857
950
420
387
244
21
530
108
32
999
320
155
639
490
336
326
456
734
896
0
928
278
686
45
461
211
0
868
967
880
712
546
165
38
785
794
785
0
0
0
345
683
864
180
566
0
668
624
255
229
127
268
376
345
606
22
781
551
532
868
0
618
130
95
173
324
972
323
581
158
149
75
670
514
195
0
922
642
0
398
668
723
448
864
436
662
570
282
703
817
338
256
709
0
340
788
164
38
273
668
42
277
810
305
945
676
913
0
789
138
362
531
694
481
114
295
356
328
367
928
0
754
137
214
749
954
346
233
411
629
0
939
81
919
485
0
861
822
577
320
473
603
989
362
0
84
791
408
250
0
473
76
773
626
0
239
300
826
781
956
869
822
886
54
335
523
455
653
374
158
767
106
0
0
196
98
911
945
142
0
657
83
247
430
543
501
770
719
717
815
83
811
90
169
778
89
47
6
551
336
0
122
354
907
269
748
0
458
688
933
971
405
265
482
882
996
0
672
414
278
754
0
599
624
695
0
233
931
527
264
317
833
828
387
674
860
350
53
632
130
17
0
456
26
190
862
858
568
712
145
601
691
701
624
363
976
0
118
101
929
455
158
449
10
521
187
35
629
991
15
0
514
124
50
961
50
449
635
999
31
649
449
41
631
995
628
442
621
33
395
698
294
291
628
639
605
632
277
785
753
256
827
712
341
228
762
908
230
12
590
72
195
369
404
227
383
443
847
510
686
137
599
0
413
483
544
274
967
631
229
801
380
450
832
580
845
0
655
250
921
677
828
640
293
740
552
112
424
387
469
95
898
634
49
234
348
205
479
159
0
142
0
127
775
26
857
860
628
572
0
169
703
523
159
795
567
345
0
420
808
508
751
796
423
0
115
0
0
0
505
308
55
449
703
772
508
0
667
0
833
736
93
783
25
46
747
620
741
899
830
366
510
906
126
0
0
87
953
0
45
214
624
413
0
111
366
231
356
70
869
221
271
0
0
0
718
139
26
761
191
313
901
446
301
491
354
392
782
660
135
410
0
184
774
314
822
809
997
233
674
119
519
372
776
996
389
421
783
829
71
98
260
394
815
149
3
207
763
777
608
703
540
72
294
319
313
548
619
240
576
606
426
406
394
656
591
471
968
215
641
660
0
612
0
0
257
597
472
0
248
0
573
470
0
285
717
37
645
957
461
749
695
483
111
0
204
846
945
6
300
744
0
445
131
312
123
688
844
902
924
893
532
36
796
395
23
0
23
372
282
742
833
5
517
952
639
101
931
240
868
943
472
308
630
0
840
37
800
161
261
101
999
780
727
459
678
0
418
691
364
464
920
88
932
739
994
874
951
681
313
88
830
515
339
441
812
669
110
668
595
0
2
905
383
691
369
0
492
861
501
525
704
909
842
509
913
0
85
674
211
954
0
544
366
204
0
592
100
213
792
778
274
160
533
981
26
490
300
849
568
134
0
596
588
198
828
839
547
390
551
288
322
951
568
261
712
0
835
88
314
617
647
974
227
819
522
307
995
531
218
0
511
715
516
873
285
536
236
392
996
852
255
942
300
441
829
672
838
243
872
671
731
138
931
311
55
181
452
656
344
774
279
900
835
787
21
780
993
43
170
697
949
834
487
428
789
490
119
451
0
346
233
274
231
846
592
0
877
300
36
972
620
18
650
834
570
37
0
0
0
634
670
980
5
459
0
881
160
307
707
494
774
105
532
419
784
365
12
366
941
0
909
250
777
244
928
555
831
766
562
538
980
131
68
114
0
89
729
0
829
509
556
926
330
502
315
191
107
86
3
217
343
90
200
28
347
348
544
589
157
384
665
169
227
269
239
301
469
743
0
241
0
0
670
443
169
436
616
154
868
233
931
967
356
945
100
877
0
673
178
803
921
271
100
992
557
544
208
894
309
894
868
868
725
469
752
804
0
17
906
517
540
0
792
916
642
852
565
392
668
736
540
935
405
662
654
115
729
194
659
814
820
727
147
434
505
854
33
799
491
777
419
856
166
512
402
494
813
151
790
136
27
258
509
276
361
165
0
982
0
130
817
0
603
462
0
784
151
642
925
919
311
152
537
166
281
110
66
480
967
411
527
631
70
6
213
300
673
0
183
565
847
896
621
334
533
647
367
362
361
422
5
0
12
483
460
761
408
826
55
0
795
959
0
411
0
628
478
291
39
550
901
636
878
123
552
650
796
308
731
56
127
558
635
286
965
552
197
161
302
283
796
851
132
166
523
361
507
923
598
105
252
263
452
491
327
50
950
915
167
900
510
5
88
885
213
128
503
303
394
954
303
869
66
920
947
530
973
262
880
629
264
229
869
300
792
36
178
183
0
395
458
810
127
240
318
338
931
496
881
0
299
498
0
401
817
521
587
0
631
619
562
294
45
988
382
794
0
0
459
380
51
671
753
479
0
0
0
0
908
518
559
43
111
518
403
836
664
622
345
472
187
564
32
626
494
367
988
802
101
413
96
335
0
106
895
374
58
290
102
823
37
423
520
723
58
8
0
939
581
103
649
554
506
910
55
713
778
654
712
0
317
801
221
744
778
972
803
565
395
0
879
251
284
434
0
231
753
380
61
857
844
209
756
0
314
519
892
769
0
383
426
559
974
0
564
928
243
157
686
646
905
940
774
275
225
636
457
480
803
96
407
0
0
42
962
268
639
368
0
763
885
920
417
11
183
704
70
336
333
283
603
310
577
771
476
47
714
49
899
904
0
985
0
0
179
463
629
0
637
0
355
125
0
827
960
580
146
98
546
939
833
380
271
0
274
620
921
847
458
879
0
358
695
661
47
915
787
592
618
382
778
300
979
322
9
0
959
144
559
149
777
690
940
247
410
475
438
879
155
107
81
878
21
0
813
616
564
728
317
33
663
760
172
735
485
0
859
3
372
560
374
3
875
189
445
454
580
130
194
256
202
586
641
909
211
0
122
0
703
799
183
820
166
160
173
367
66
824
176
369
887
958
457
0
0
567
405
0
165
81
828
450
0
445
160
18
271
896
810
251
358
0
0
0
868
529
685
577
622
664
552
363
453
919
97
105
229
936
232
830
0
657
726
404
473
99
911
60
947
369
195
799
261
322
617
721
175
320
194
414
327
820
23
376
729
918
598
722
313
372
550
48
493
692
121
256
561
105
971
163
343
380
350
463
9
0
968
0
948
879
812
615
355
798
381
399
423
93
153
65
413
643
538
0
0
626
4
0
38
919
387
832
0
131
533
650
100
621
127
284
695
0
0
0
529
895
526
876
975
789
961
562
437
410
838
68
898
443
48
397
0
725
583
83
72
919
310
765
601
534
216
417
629
78
418
425
46
239
800
4
891
265
342
666
387
578
274
840
606
710
940
639
993
514
141
644
636
543
164
250
525
865
577
525
622
85
627
0
340
363
916
187
133
999
881
51
229
159
440
554
168
702
968
0
0
355
102
0
785
485
674
580
0
312
981
834
992
334
240
434
661
0
0
0
618
772
322
146
465
539
305
761
106
860
516
951
266
743
724
494
0
218
691
447
795
948
778
458
651
230
576
290
297
972
80
821
285
766
598
934
483
735
148
741
781
395
149
728
112
812
912
604
8
476
918
219
5
8
61
266
395
470
0
171
438
526
231
131
497
144
743
345
305
690
362
655
0
800
221
251
981
381
435
59
392
62
914
748
794
0
860
845
718
123
26
570
557
533
318
0
47
868
529
618
0
639
482
228
568
828
706
543
727
0
564
910
194
712
0
787
804
997
367
0
830
654
52
356
975
282
910
235
769
993
562
525
899
335
887
555
426
0
0
765
956
922
864
278
0
11
219
422
608
568
789
105
375
455
510
689
594
695
35
551
42
516
631
738
186
261
26
295
907
372
939
166
309
309
756
755
467
94
934
624
599
5
255
872
785
861
350
0
139
688
490
37
544
647
338
231
915
529
895
772
639
0
675
165
368
927
420
842
253
390
235
544
167
762
472
309
552
495
666
137
14
798
517
621
0
906
0
211
267
579
918
415
374
861
0
422
765
238
963
635
284
442
0
71
262
233
825
677
93
0
427
0
0
0
77
691
294
484
781
462
551
833
630
469
65
850
629
601
637
54
887
579
569
372
401
631
884
311
290
640
617
702
490
808
0
822
53
655
26
844
300
0
208
367
931
753
787
685
526
322
482
675
0
0
0
436
768
539
513
506
0
437
110
830
513
552
283
68
924
771
20
109
577
694
942
0
36
230
261
472
732
83
670
620
96
834
395
561
228
266
0
626
53
0
403
709
911
169
181
472
145
284
274
19
828
756
263
400
834
520
105
861
575
149
276
43
681
648
586
986
733
312
95
433
400
894
789
768
649
387
623
599
993
565
0
577
632
250
761
902
849
0
894
362
496
380
592
577
876
146
228
165
0
0
0
472
368
214
995
413
0
796
882
444
627
113
731
397
124
41
651
248
168
751
790
0
520
604
843
642
12
754
907
355
832
42
788
872
817
641
0
198
810
0
562
413
968
927
779
863
249
878
991
955
181
669
762
335
866
296
304
566
149
124
770
600
524
914
660
226
224
928
622
129
770
978
443
459
119
353
70
268
610
313
0
320
130
921
191
924
568
0
309
361
881
61
618
622
975
465
568
368
0
0
0
736
660
451
398
789
0
127
29
896
816
236
13
976
319
76
132
937
71
754
782
0
419
189
380
981
375
774
501
910
56
581
207
113
983
327
0
343
197
0
533
406
353
289
649
988
94
771
314
679
168
616
247
733
200
861
873
915
814
726
102
140
543
530
660
235
709
347
857
378
361
596
694
474
183
125
263
503
504
638
345
473
17
677
313
893
134
634
894
422
0
857
382
664
789
539
828
927
436
472
736
0
421
426
0
835
586
692
448
0
88
602
812
983
112
371
683
735
0
0
562
964
210
401
506
29
0
0
0
0
568
463
41
74
773
921
84
663
848
780
183
210
220
400
523
891
565
390
679
48
76
79
764
245
601
74
361
982
501
506
123
0
56
425
602
987
856
0
958
571
594
32
996
319
372
306
5
0
684
179
683
603
0
828
901
532
0
670
868
5
299
844
778
552
961
305
706
420
768
368
660
421
0
717
513
408
656
281
497
449
132
637
691
697
828
65
252
0
108
588
920
508
710
210
443
267
773
659
84
515
733
0
865
87
534
805
89
710
185
880
639
696
669
206
487
533
711
611
104
11
220
437
14
737
711
78
822
169
0
612
0
395
952
0
88
8
0
563
885
377
6
624
685
621
889
390
709
564
760
423
864
989
456
640
446
36
596
980
868
0
498
209
300
363
562
761
543
842
539
214
451
426
717
0
772
279
190
431
45
892
894
0
458
849
0
331
0
279
740
573
798
107
49
171
729
804
807
886
253
96
146
529
67
58
366
80
845
929
995
809
546
455
626
422
824
570
79
869
72
329
529
996
856
495
43
877
13
465
993
442
115
616
946
8
523
40
940
975
94
920
664
314
20
203
698
608
827
460
136
773
180
362
26
293
301
796
588
5
725
12
0
756
979
453
437
106
727
253
513
995
398
0
513
772
0
604
934
579
617
0
20
118
678
697
595
499
880
580
0
0
979
317
961
877
710
742
0
0
0
0
772
474
42
904
989
967
799
446
222
370
870
149
928
930
783
679
403
784
355
125
594
553
761
186
13
424
826
778
58
209
122
562
233
752
319
934
66
174
0
199
700
351
98
409
143
931
715
374
715
703
566
0
190
740
491
395
198
459
469
483
401
0
322
919
410
860
0
390
506
413
789
835
408
279
604
0
410
257
477
976
0
234
329
401
366
0
608
346
903
303
979
191
607
509
48
351
784
908
109
157
665
890
176
0
0
927
316
358
768
650
0
864
117
899
504
599
257
30
181
361
963
377
486
603
352
56
425
865
301
156
66
25
494
973
78
344
139
765
634
211
539
489
774
262
396
662
192
56
283
492
0
84
862
552
354
23
828
0
752
460
817
314
9
97
838
516
564
235
0
0
0
586
656
190
934
410
0
636
982
176
107
670
102
606
344
686
293
855
12
455
501
0
337
978
931
935
795
963
281
270
576
977
788
256
535
863
0
342
329
0
564
398
868
512
253
152
112
127
488
178
859
128
721
536
853
488
649
76
851
226
915
575
0
30
0
0
568
771
867
0
768
0
174
411
0
73
210
355
59
484
668
791
858
112
392
0
839
881
804
761
521
519
0
105
68
951
910
544
437
796
127
692
281
431
579
257
636
0
886
69
124
243
182
797
162
667
85
36
182
666
833
605
635
551
451
0
665
464
238
521
13
393
414
822
532
538
520
0
205
529
649
123
583
30
779
804
867
244
764
523
37
272
963
76
448
18
429
87
230
536
753
693
814
642
734
307
982
660
875
336
0
63
0
0
948
399
829
395
294
477
624
408
568
424
782
23
547
160
0
408
587
892
959
229
898
266
194
167
110
882
29
448
497
45
617
477
982
886
0
980
867
306
221
0
402
522
16
833
407
161
524
676
208
264
588
153
611
819
180
598
200
309
864
926
441
276
407
709
222
449
184
725
40
221
364
106
105
76
769
77
610
785
842
832
545
108
880
746
527
924
464
669
311
639
169
283
26
856
848
641
849
764
942
386
926
75
425
737
324
580
255
250
712
387
660
372
390
307
17
826
0
769
144
936
443
743
712
762
830
444
896
0
449
892
0
976
176
69
980
0
777
470
748
599
240
243
706
923
0
0
606
768
238
832
82
436
0
0
0
0
291
141
285
820
970
554
840
366
756
735
394
221
307
90
610
582
998
73
113
636
664
866
927
784
15
522
706
449
372
35
181
118
519
743
682
799
537
34
0
87
150
969
128
169
494
124
310
375
198
737
229
0
145
469
135
282
551
707
906
55
631
0
559
232
48
724
0
472
513
627
816
88
132
894
20
0
107
124
867
777
0
741
320
776
143
0
732
517
540
950
450
506
270
185
380
724
437
147
673
40
988
47
604
0
0
947
11
260
615
909
0
225
111
828
446
392
885
640
946
156
383
220
69
357
757
993
361
939
0
688
0
56
67
0
411
790
0
874
628
610
700
463
230
103
228
751
524
260
920
449
127
473
601
95
410
742
288
494
517
0
619
383
149
830
397
494
787
309
552
113
236
602
637
0
118
234
670
243
306
470
741
0
236
264
0
618
0
59
214
463
277
764
743
344
200
111
194
861
109
632
97
22
585
135
360
751
38
945
507
862
872
471
395
262
287
841
72
891
216
564
402
20
473
777
822
56
784
87
715
0
624
488
897
443
180
393
460
611
264
285
917
829
438
305
911
0
0
587
818
0
268
76
691
898
0
833
322
774
540
795
562
426
777
0
0
0
804
552
283
731
13
812
691
458
678
329
102
182
221
748
320
236
0
185
879
31
127
863
798
267
464
200
899
862
735
184
42
782
518
542
339
89
437
192
329
767
442
380
443
686
748
474
377
150
488
231
534
625
333
344
47
815
77
55
598
33
607
978
945
56
597
110
633
874
921
155
726
739
282
127
0
616
0
0
107
91
229
573
590
404
376
773
701
634
184
5
951
105
0
959
294
559
690
657
725
218
997
495
68
397
976
983
697
849
697
401
606
797
0
599
776
264
185
0
119
864
46
251
983
823
585
969
862
677
404
319
194
617
974
932
709
839
747
469
751
968
105
829
506
256
919
35
370
371
118
13
144
355
806
89
243
515
29
273
974
477
776
503
0
860
0
91
439
0
980
537
0
640
805
436
320
468
682
88
468
977
14
503
829
189
345
626
624
49
774
517
568
532
792
0
45
974
940
726
583
691
367
666
924
124
319
112
828
0
595
366
344
162
402
240
143
0
879
119
0
927
0
755
653
88
973
322
409
182
924
927
365
491
496
773
857
734
368
858
873
860
343
154
834
657
505
804
678
294
996
318
630
410
202
441
938
225
844
790
32
466
664
432
795
485
472
802
192
777
54
925
796
578
0
874
559
862
166
291
104
154
344
464
670
831
606
0
363
234
314
952
261
419
916
411
988
0
247
404
83
447
0
137
771
41
76
371
65
331
499
0
686
667
522
243
0
618
31
864
927
0
936
558
938
715
575
350
629
987
412
279
781
472
14
422
267
667
381
0
0
103
259
217
655
779
0
393
319
366
989
478
657
963
521
331
743
403
15
592
675
529
152
832
58
394
0
130
645
0
397
995
0
48
522
915
156
946
122
175
917
148
58
533
473
657
22
239
976
348
822
639
712
784
642
0
382
564
410
473
72
795
830
14
20
651
132
683
252
0
880
608
293
85
16
706
732
0
127
46
0
936
0
94
160
989
212
616
645
337
596
841
725
543
139
219
980
358
417
312
874
188
250
747
595
386
782
155
524
554
786
88
462
679
710
130
341
11
113
73
892
735
919
313
428
486
160
0
547
525
938
754
308
0
539
104
852
380
633
726
425
141
567
0
231
786
781
300
0
205
809
101
0
365
852
628
794
928
475
99
919
948
654
798
109
248
937
735
0
279
580
346
855
36
833
923
517
59
863
251
755
558
94
0
197
355
498
302
771
608
567
62
664
672
484
334
997
0
126
346
996
694
97
316
791
293
102
188
637
164
216
864
576
693
606
12
194
326
497
646
789
152
656
470
329
603
738
707
75
882
828
854
165
549
278
205
553
566
674
310
546
949
190
874
198
519
551
826
118
479
997
931
835
12
565
478
0
243
438
911
310
778
52
517
577
168
71
0
108
740
0
903
12
182
407
0
540
214
798
983
653
938
160
197
0
0
138
358
143
299
555
185
0
0
0
0
96
787
503
312
891
699
670
442
874
947
28
496
929
426
326
174
470
79
172
993
328
992
214
310
288
47
900
107
336
745
170
931
544
345
890
271
850
424
768
444
504
437
433
6
131
771
591
19
501
784
532
781
101
159
233
240
88
366
392
291
0
157
879
60
765
458
356
621
694
751
754
0
588
573
0
303
455
666
161
0
950
463
267
823
88
715
989
355
0
0
806
827
953
59
149
526
0
0
0
0
709
722
455
105
690
591
271
739
315
968
667
635
268
155
622
509
103
281
121
56
316
314
73
171
906
326
661
91
505
35
431
426
540
673
775
597
630
663
787
820
654
140
520
981
327
553
555
157
193
988
868
956
929
0
674
868
314
941
668
39
459
686
155
947
601
651
975
0
942
790
782
562
920
798
979
979
501
833
524
606
450
277
464
585
973
575
212
498
138
806
0
694
0
155
186
852
707
284
530
747
0
574
308
708
99
366
474
749
0
987
163
665
848
76
667
0
241
0
0
0
223
970
186
432
322
703
761
138
878
922
190
509
374
618
973
959
576
765
653
675
195
283
187
811
547
667
233
746
751
361
0
869
455
142
119
943
617
0
736
550
380
646
107
369
534
230
282
906
0
0
0
964
508
107
317
191
0
605
676
768
506
764
200
969
322
350
616
302
358
827
694
0
411
25
886
594
702
948
20
940
990
133
426
734
236
35
0
545
133
0
702
44
239
858
64
736
21
136
772
601
771
302
881
287
381
374
392
998
192
842
309
812
510
542
873
484
1
992
163
863
557
320
468
92
325
290
118
166
107
242
618
822
158
0
519
472
647
909
540
901
51
905
81
195
216
576
910
0
36
520
419
210
710
49
961
607
337
635
208
238
270
743
899
862
409
629
645
771
143
953
0
411
0
467
267
913
364
966
902
290
0
459
115
508
34
865
807
464
0
78
721
980
884
272
850
0
796
0
0
0
618
527
87
757
345
841
0
642
886
277
734
283
989
89
985
580
749
944
13
390
541
641
434
218
621
780
926
661
0
210
130
886
449
127
372
308
974
250
935
636
671
940
878
799
417
290
235
211
230
604
189
401
210
171
877
509
978
551
264
832
185
344
862
677
182
987
337
608
299
59
155
25
467
0
0
76
87
264
333
195
481
186
0
997
208
0
832
303
892
95
206
0
0
0
0
920
0
123
180
542
399
325
153
815
795
398
0
270
871
737
158
759
97
357
641
804
845
17
582
338
158
942
687
493
170
7
403
77
0
276
95
54
10
775
776
630
227
777
405
878
753
774
21
261
629
297
769
267
261
843
380
506
443
729
710
48
931
451
588
82
380
200
735
404
924
412
596
567
555
149
186
886
267
0
0
607
179
114
626
566
291
418
0
476
957
0
825
97
473
18
982
0
0
0
0
998
0
416
42
75
258
561
580
568
529
936
665
957
782
683
710
565
0
52
0
0
939
361
347
0
397
0
953
174
0
436
586
922
300
89
173
335
521
26
996
0
819
244
662
123
479
275
0
322
78
972
993
579
472
642
981
29
267
804
742
351
935
0
153
436
724
111
184
319
927
279
841
62
185
526
852
594
913
76
607
0
776
706
896
72
152
239
480
230
576
678
654
0
758
53
995
159
57
901
104
819
153
797
188
141
274
345
351
344
116
898
126
891
294
517
770
713
722
725
537
976
378
198
257
255
861
132
684
353
185
458
815
51
255
487
324
523
187
857
389
840
522
928
654
552
0
225
813
617
418
80
562
918
732
12
375
0
773
807
0
784
795
665
611
0
437
194
42
194
365
781
725
664
0
0
707
702
364
87
179
776
0
0
0
0
342
657
520
411
65
665
453
265
431
478
200
67
968
119
909
447
695
40
649
569
315
266
189
532
342
655
960
54
88
77
348
87
596
600
977
440
684
36
226
564
389
162
96
836
974
100
125
17
137
959
972
455
35
860
421
37
307
555
115
650
0
636
616
721
425
821
525
415
83
754
774
0
659
886
0
908
963
464
819
0
147
861
782
617
491
472
543
672
0
0
284
948
966
264
114
706
0
0
0
0
404
721
209
880
142
588
202
867
467
973
105
887
501
300
756
338
808
371
514
911
229
287
670
5
679
950
942
822
938
921
151
906
802
216
117
419
879
196
434
784
318
174
83
109
966
107
468
200
195
351
323
653
629
628
783
800
995
831
729
796
0
457
564
175
46
285
899
374
670
907
501
0
84
253
0
109
281
238
180
0
673
109
518
974
496
14
139
484
0
0
530
20
902
333
626
896
0
0
0
0
20
751
200
412
952
106
401
81
185
50
236
86
746
71
485
903
929
188
511
319
527
310
284
875
708
239
7
632
847
515
463
449
949
282
97
399
135
409
82
773
133
501
353
544
981
964
878
461
235
954
581
374
991
572
829
161
531
766
194
308
0
480
728
320
239
766
335
861
620
355
910
0
515
96
0
157
270
521
598
0
40
632
542
932
773
422
219
334
0
0
747
940
290
195
566
72
0
0
0
0
967
643
728
985
180
745
42
163
810
958
592
607
177
529
248
705
107
901
913
920
758
251
94
63
637
655
905
323
903
65
718
673
502
37
111
830
418
956
866
651
582
653
525
818
346
977
205
5
515
520
158
158
15
0
71
261
218
562
659
731
908
803
317
194
800
598
887
0
96
832
56
568
733
146
772
665
576
13
200
291
988
97
339
709
857
267
980
997
96
709
0
990
0
481
291
152
342
404
20
967
0
953
558
918
165
253
359
852
0
356
52
216
644
256
896
0
696
0
0
0
439
82
500
371
369
951
185
118
920
963
983
0
789
902
619
659
818
0
101
866
924
162
618
168
523
114
390
0
970
964
149
767
0
169
98
101
0
538
814
56
518
96
33
414
4
934
555
422
834
42
581
463
0
529
474
890
977
393
309
141
47
22
89
839
734
667
358
0
787
722
574
133
459
186
418
239
657
721
751
643
953
0
554
649
968
908
72
512
421
335
434
633
236
953
547
84
651
649
828
754
568
593
193
179
158
389
0
172
606
158
854
918
21
519
174
749
860
296
809
721
884
465
343
402
894
407
165
157
0
229
75
106
514
703
260
999
511
980
820
127
559
407
663
327
891
483
426
765
395
788
207
41
865
67
42
176
788
414
864
285
604
585
437
747
368
381
417
126
503
455
308
426
115
0
0
480
520
209
200
728
558
554
0
519
928
0
134
836
98
854
360
0
0
0
0
371
0
185
878
69
325
386
330
775
95
177
488
480
926
246
479
461
735
387
715
167
726
910
0
664
237
937
125
439
16
337
951
406
196
351
670
0
124
523
394
780
715
131
727
558
43
0
760
820
265
735
0
238
561
872
113
74
87
58
904
0
256
822
926
820
0
135
192
469
858
0
312
346
312
105
708
734
508
997
476
230
411
880
412
985
918
649
519
0
0
642
693
753
635
539
0
745
87
695
281
128
568
977
693
468
167
850
880
372
75
200
946
119
734
819
660
4
948
182
336
422
135
731
0
987
969
261
998
750
193
654
496
55
882
601
514
0
50
159
815
727
516
68
147
635
111
0
172
23
342
148
0
963
228
817
983
773
534
366
989
0
535
532
441
970
0
360
329
751
873
0
874
996
891
690
99
236
34
208
957
576
65
142
952
180
165
968
928
0
0
44
803
929
779
868
0
732
330
946
403
622
798
328
307
213
271
901
227
627
968
253
0
383
359
103
296
569
659
323
562
639
282
826
597
583
391
331
823
149
42
150
801
445
0
807
195
196
961
795
149
459
873
114
434
286
518
42
735
376
666
741
765
635
266
641
327
921
805
80
967
927
863
538
276
554
947
751
767
968
860
103
188
694
699
591
366
35
865
0
0
678
665
588
106
745
253
908
0
642
44
0
841
179
390
296
745
0
0
0
0
569
0
45
249
162
498
405
238
105
777
736
759
262
515
372
777
750
193
189
60
906
324
14
418
100
986
805
735
463
268
657
852
428
28
960
0
98
50
567
3
678
285
0
505
965
403
962
485
729
387
781
956
284
0
0
0
84
89
845
799
316
0
520
407
840
11
38
442
105
343
259
250
97
670
271
474
0
807
832
825
654
453
202
401
42
359
72
134
693
803
841
0
394
520
0
852
58
325
564
410
219
285
598
546
862
887
686
511
657
906
490
27
378
186
811
70
48
0
918
0
0
129
484
777
0
756
0
133
76
0
914
897
441
652
523
922
911
449
345
207
0
536
89
854
552
836
268
0
918
578
395
922
442
626
198
343
663
710
929
446
358
342
0
709
366
260
945
380
829
154
217
747
316
442
739
749
545
464
303
97
0
265
867
81
163
852
512
836
753
929
179
394
0
919
583
517
258
453
590
39
624
94
511
500
269
375
537
177
567
590
129
38
213
992
81
157
860
717
334
599
281
83
643
650
630
830
243
906
791
352
640
937
79
23
281
642
945
635
0
763
418
236
729
33
197
664
639
859
598
274
149
864
0
53
810
197
848
185
995
222
768
329
205
222
756
615
507
443
506
834
655
595
791
874
315
0
133
0
892
473
758
431
467
185
810
0
421
98
635
779
390
520
919
0
4
305
473
706
430
601
0
987
0
0
0
239
394
845
811
805
817
910
668
746
113
302
450
787
651
905
271
397
624
594
656
481
827
312
253
663
647
544
304
495
185
0
142
999
420
777
691
392
0
799
161
622
368
3
722
840
728
278
71
0
0
0
780
880
809
370
650
0
529
449
735
909
862
686
256
657
779
386
293
947
968
987
0
78
95
18
53
478
973
50
958
356
335
854
539
868
296
0
583
4
0
320
509
471
142
910
918
148
977
214
480
163
866
63
432
19
145
41
323
458
683
515
599
728
456
453
126
155
841
0
137
905
915
452
670
450
667
891
543
567
611
398
0
31
808
608
364
996
829
491
302
345
0
372
313
606
112
0
262
403
562
533
183
639
546
870
0
564
649
184
394
0
872
748
919
505
0
782
102
28
667
163
702
721
206
982
995
200
105
236
592
52
434
360
0
0
745
852
517
305
320
0
186
52
928
524
178
518
90
246
729
522
271
275
899
239
300
0
812
550
585
70
653
897
461
780
402
655
22
348
660
185
253
609
384
740
602
836
184
0
318
668
657
649
508
703
464
852
509
777
283
472
763
560
372
710
812
11
233
709
413
406
210
696
455
149
864
398
123
725
221
225
471
474
35
804
393
155
188
496
635
665
44
980
0
0
159
67
887
86
607
216
633
0
745
732
0
58
258
473
509
186
0
0
0
0
373
0
892
73
842
646
797
328
42
143
375
35
399
904
649
865
445
328
612
933
598
899
844
69
718
361
661
945
185
14
475
119
70
0
418
723
83
449
751
540
920
255
556
419
796
187
885
374
550
940
912
219
825
911
968
353
220
669
626
928
117
868
583
40
307
111
395
377
370
678
319
524
637
929
268
848
239
884
0
0
57
968
501
746
177
644
236
0
87
330
0
325
453
706
471
52
0
0
0
0
879
0
602
491
282
156
240
228
261
86
491
76
727
777
195
851
170
302
85
593
479
65
574
652
259
349
915
589
331
930
937
331
329
0
741
448
247
41
796
72
88
942
926
856
851
564
920
3
48
639
604
422
677
169
927
289
400
206
422
930
899
512
30
221
90
828
262
150
371
294
366
554
164
426
155
76
858
272
0
0
901
119
300
71
529
256
953
0
695
946
0
564
590
430
142
928
0
0
0
0
893
0
224
123
505
627
215
580
417
360
984
56
690
459
544
730
12
574
934
313
889
248
911
583
205
694
717
635
746
504
137
403
819
0
112
864
430
631
423
294
932
300
330
166
132
32
417
875
493
993
8
608
93
181
779
649
523
487
824
783
504
253
779
364
610
446
287
488
118
996
989
786
216
326
622
667
64
850
0
0
104
909
756
485
248
896
547
0
281
403
0
410
39
601
910
524
0
0
0
0
788
0
106
357
219
916
410
35
716
352
96
33
10
149
832
877
922
996
567
643
454
206
534
205
217
789
48
648
680
483
327
918
540
125
639
436
543
995
0
319
739
441
502
512
166
626
11
189
692
514
476
568
0
472
863
988
891
533
570
679
599
152
804
106
582
392
841
231
13
318
478
88
864
174
509
0
736
0
920
998
819
447
338
903
705
0
84
371
128
622
569
219
624
0
918
178
373
879
893
788
0
847
0
0
0
147
11
890
823
140
758
98
948
493
852
138
907
495
589
666
395
564
246
287
60
3
287
165
401
235
369
214
247
0
162
662
501
628
115
313
994
829
315
402
523
494
183
445
121
141
918
789
427
145
249
94
565
711
79
403
257
112
867
105
998
885
72
534
144
630
657
462
576
470
103
241
21
796
0
0
153
695
808
929
107
696
651
0
568
798
0
285
94
987
148
518
0
0
0
0
847
0
510
258
24
272
587
294
971
770
977
524
384
584
11
284
83
832
622
364
57
59
263
600
585
814
251
728
919
696
51
591
816
946
711
570
770
442
0
548
874
672
191
494
361
367
704
454
256
644
219
105
0
284
878
771
390
611
869
784
30
127
244
76
73
640
891
625
355
410
963
679
693
79
281
0
136
0
123
416
797
40
371
188
901
0
649
185
977
328
45
598
511
0
977
90
892
602
224
106
0
510
0
0
0
735
10
671
899
588
366
354
541
141
386
284
966
237
702
370
112
222
307
517
171
642
252
18
679
524
198
559
362
929
367
282
719
621
0
619
951
838
107
813
507
988
70
580
561
636
5
375
0
274
991
314
679
104
72
355
181
488
764
769
113
946
216
333
806
202
521
710
606
172
121
0
772
0
180
42
188
649
514
511
913
0
828
878
693
307
249
546
500
0
214
246
73
491
123
357
0
258
0
0
0
232
730
759
818
412
753
259
976
789
165
852
539
597
700
124
471
451
203
935
197
936
938
764
677
468
132
964
213
57
387
703
717
33
0
240
681
243
86
151
923
802
336
130
105
543
8
455
0
19
955
679
48
11
329
125
361
178
523
77
636
156
564
344
89
441
331
130
12
993
56
0
601
0
542
75
141
569
911
319
920
0
754
69
468
213
162
862
269
0
480
729
842
282
505
219
0
24
0
0
0
