0
351
269
119
867
129
675
563
177
220
905
353
833
927
582
221
603
463
447
749
973
436
516
957
102
110
924
896
470
194
450
226
384
661
374
850
513
655
595
754
225
201
392
938
943
397
583
573
547
968
116
540
674
827
424
946
554
587
653
946
880
278
748
293
294
848
909
649
653
321
638
486
995
194
960
540
457
550
886
682
312
884
479
230
903
263
402
204
516
405
427
533
732
136
280
687
226
603
956
982
351
0
677
574
637
916
418
183
339
450
724
296
981
988
791
959
319
404
405
381
859
327
1000
935
671
330
447
307
308
524
415
103
438
976
931
806
325
392
217
794
618
140
712
752
275
525
638
391
108
848
125
637
205
992
711
989
630
274
261
110
289
649
301
227
562
976
213
268
685
281
191
722
538
400
660
569
987
526
886
931
991
616
883
827
417
562
173
476
248
690
833
187
327
585
499
889
469
886
681
598
269
677
0
242
439
135
546
413
672
261
944
511
144
751
890
286
790
816
476
234
403
827
519
848
218
370
439
769
378
729
221
678
391
411
637
750
363
151
210
903
930
217
331
461
494
615
837
460
853
325
677
778
618
185
169
728
501
791
573
726
227
401
774
933
453
700
685
103
594
185
734
317
788
852
502
685
432
589
407
996
762
375
585
532
246
843
411
772
510
168
996
813
289
750
428
849
875
257
404
715
119
574
242
0
222
170
693
444
963
912
730
821
826
892
502
258
468
448
168
572
730
389
839
459
481
445
879
971
132
212
362
687
334
452
574
901
598
193
510
953
723
597
927
142
364
122
684
569
761
373
400
792
866
728
830
200
707
294
345
766
437
819
952
240
408
552
650
457
104
643
801
368
178
503
184
390
763
985
665
840
324
396
779
387
617
150
300
778
733
665
640
872
178
531
309
258
747
153
996
957
867
637
439
222
0
540
451
1000
162
784
824
539
753
398
832
704
826
633
425
845
792
187
413
524
413
179
472
742
769
734
723
776
350
264
595
863
514
1000
147
560
690
355
989
750
814
609
797
506
625
837
185
177
505
117
966
757
738
531
375
955
639
948
254
961
914
503
344
220
263
242
392
588
548
693
962
627
548
117
182
150
766
465
584
804
324
435
209
140
543
753
676
163
469
465
122
761
682
913
114
157
129
916
135
170
540
0
599
433
569
682
496
533
599
855
293
277
487
153
370
257
222
670
916
612
739
404
829
791
119
530
820
544
415
534
925
319
115
467
772
676
218
211
460
236
889
733
844
993
342
583
655
505
437
375
538
359
437
869
919
263
995
943
370
982
183
525
317
276
514
626
833
388
346
128
893
594
253
842
852
184
240
832
912
566
621
423
300
989
534
102
770
436
185
226
878
618
821
656
617
753
675
418
546
693
451
599
0
787
823
162
352
876
639
402
457
898
484
844
881
299
399
127
214
599
903
567
351
544
911
942
528
705
376
360
580
764
305
678
715
428
925
783
429
640
408
472
706
211
992
104
866
756
208
939
961
479
572
590
227
354
809
951
914
449
694
171
740
750
445
248
712
850
774
288
536
727
327
525
594
370
881
534
493
470
188
470
387
531
391
911
682
144
648
788
673
646
887
205
487
154
563
183
413
444
1000
433
787
0
968
765
492
926
274
434
242
495
361
142
917
766
527
158
347
787
972
612
810
297
240
106
480
314
285
129
853
260
599
654
186
227
415
329
553
958
783
279
510
756
649
543
182
172
957
345
544
976
216
551
553
386
337
434
334
668
254
519
166
697
367
933
474
969
529
764
627
780
486
460
900
564
720
421
939
566
863
566
880
668
245
647
504
305
788
599
957
566
524
228
808
158
177
339
672
963
162
569
823
968
0
625
363
857
169
412
334
328
646
219
466
876
246
425
553
196
246
583
523
343
880
502
817
744
642
835
402
137
235
265
912
265
349
160
807
851
674
553
843
823
289
773
858
952
145
398
353
598
286
673
351
203
400
463
482
777
697
286
561
199
756
404
644
985
501
837
464
327
296
717
723
452
378
350
582
813
383
313
427
675
939
786
253
538
399
494
338
320
622
315
877
732
220
450
261
912
784
682
162
765
625
0
965
875
665
609
711
253
454
850
888
834
205
460
383
445
367
212
726
850
707
748
628
225
895
454
754
311
565
260
680
174
988
754
149
915
484
508
843
555
940
335
672
760
381
312
243
884
989
490
311
227
122
526
260
960
751
351
234
783
587
602
671
494
764
466
184
847
683
107
782
307
282
291
642
602
745
206
760
219
268
375
463
652
758
551
650
152
740
486
772
706
905
724
944
730
824
496
352
492
363
965
0
812
685
327
551
884
759
174
738
180
885
213
939
533
712
342
401
293
381
107
237
499
220
110
276
713
576
325
133
768
844
915
717
600
857
386
617
752
267
821
836
944
777
926
501
797
687
820
731
139
559
224
512
522
496
267
891
275
490
770
300
705
731
199
591
250
752
580
789
298
992
261
404
776
589
926
364
868
921
260
561
361
993
250
285
855
794
229
943
913
353
296
511
821
539
533
876
926
857
875
812
0
808
965
284
674
364
162
394
662
881
341
554
247
252
919
793
551
558
288
223
659
115
347
753
110
849
161
118
127
956
946
192
915
329
546
817
262
926
336
820
211
191
769
120
312
779
475
586
501
411
968
601
485
792
144
364
205
826
981
691
377
738
348
336
239
207
241
986
181
785
919
542
513
650
711
735
537
816
981
876
524
445
866
949
144
262
335
735
557
833
981
144
826
753
599
639
274
169
665
685
808
0
768
984
682
799
242
725
840
976
978
494
158
402
611
751
351
902
777
610
181
532
132
861
245
349
891
676
290
949
423
199
738
346
525
205
653
629
258
184
808
920
413
937
772
328
839
808
169
949
758
643
683
905
326
117
830
686
892
432
469
487
850
114
766
768
293
675
262
553
552
457
976
134
133
155
355
418
538
807
584
356
674
333
603
504
121
513
372
927
988
751
892
398
855
402
434
412
609
327
965
768
0
224
706
625
851
588
687
873
231
447
767
528
402
429
542
858
858
145
481
475
591
716
788
343
249
256
857
688
784
994
334
155
921
927
209
213
389
251
533
563
442
228
781
989
650
494
304
321
158
132
485
757
476
672
229
992
321
581
319
262
619
746
902
200
300
499
609
547
621
793
330
925
944
563
685
957
942
920
858
922
426
732
732
912
361
126
554
582
791
890
502
832
293
457
242
334
711
551
284
984
224
0
925
257
487
592
187
375
413
583
220
604
595
994
731
467
724
253
510
645
303
294
720
479
795
317
941
963
906
954
898
459
664
412
545
394
771
862
905
635
854
427
159
899
361
261
219
733
985
190
979
431
285
223
222
297
828
514
806
835
350
781
236
755
589
960
592
941
716
364
784
899
413
507
780
582
985
752
996
785
942
137
651
783
225
760
886
221
959
286
258
704
277
898
495
328
253
884
674
682
706
925
0
342
649
497
861
604
628
945
559
391
960
132
490
433
642
389
523
121
114
541
574
113
211
535
860
951
972
774
578
668
271
177
322
653
455
307
728
402
598
164
985
607
574
211
570
134
156
223
283
302
209
381
368
110
115
126
928
408
858
534
186
713
313
154
794
943
526
737
494
812
140
383
136
179
862
491
927
445
924
433
288
882
776
295
533
603
319
790
468
826
487
484
361
646
454
759
364
799
625
257
342
0
567
259
431
763
491
419
764
715
174
317
722
833
864
271
358
870
222
629
964
680
387
275
363
778
192
418
967
503
897
660
508
900
351
846
530
174
765
641
294
830
161
810
891
318
696
653
810
642
269
804
379
968
621
529
438
831
933
456
991
836
657
953
886
989
556
711
633
362
991
585
249
796
360
961
936
108
161
447
120
362
695
213
902
463
404
816
448
633
153
844
142
219
850
174
162
242
851
487
649
567
0
316
496
137
846
176
609
447
427
216
182
267
183
393
857
424
497
258
232
179
287
477
470
227
554
942
676
203
815
596
221
456
592
563
261
903
844
521
729
114
146
503
702
867
380
989
574
139
780
716
209
1000
193
146
715
968
792
222
823
259
161
763
878
896
783
570
474
536
942
944
471
616
696
216
522
163
476
869
134
173
233
793
304
447
405
476
168
425
370
881
917
466
888
738
394
725
588
592
497
259
316
0
784
842
832
642
521
301
228
113
189
523
170
492
617
574
361
166
630
685
774
752
900
135
818
693
794
540
534
557
537
604
497
102
999
138
996
898
973
867
332
362
775
605
185
958
772
151
359
183
648
404
652
489
314
796
177
284
267
115
345
298
494
973
282
156
524
618
388
608
993
908
933
891
732
276
211
426
588
953
877
141
914
749
381
234
572
845
257
299
766
876
834
180
662
840
687
187
861
431
496
784
0
617
663
745
587
751
731
219
374
654
613
541
181
948
169
986
643
714
414
510
344
512
622
675
382
363
979
442
176
633
621
606
685
359
303
899
796
507
982
690
256
676
280
278
174
307
638
534
662
508
526
182
999
423
890
956
385
858
852
211
907
728
486
107
459
327
970
636
657
222
217
127
124
304
875
401
960
922
424
831
172
973
859
403
730
792
222
399
527
246
205
885
881
976
873
375
604
763
137
842
617
0
344
485
120
890
582
569
282
973
563
252
226
386
279
593
155
366
921
264
330
165
224
545
232
293
682
405
128
394
738
587
390
690
384
184
259
761
472
117
450
618
331
204
484
360
255
653
378
160
469
436
989
870
804
269
805
529
808
256
984
726
942
452
513
737
979
346
920
999
364
323
506
444
953
750
531
953
317
311
389
436
327
827
389
187
670
127
158
425
460
213
341
978
231
413
628
491
846
832
663
344
0
202
813
756
210
235
380
264
900
129
357
523
993
406
685
951
109
282
135
186
514
527
951
858
225
568
696
317
360
226
255
784
625
455
524
477
717
791
644
864
561
176
176
362
318
958
909
984
942
176
258
329
550
454
507
718
795
675
992
612
715
456
823
637
107
652
154
567
898
779
815
692
931
367
901
271
865
297
757
516
1000
519
839
413
916
214
347
553
383
939
554
494
447
583
945
419
176
642
745
485
202
0
852
787
153
660
239
477
201
791
772
696
499
760
179
950
577
855
491
397
453
249
431
520
364
628
113
507
758
214
924
465
409
382
268
950
884
570
332
538
178
230
762
454
384
425
847
591
184
827
455
640
424
943
120
314
769
205
782
337
219
619
555
749
294
116
146
787
679
717
718
975
523
375
874
184
514
848
160
957
935
848
459
524
612
599
787
196
445
533
247
158
767
220
559
764
609
521
587
120
813
852
0
278
365
899
734
916
558
373
351
527
872
237
507
543
904
825
468
226
705
123
491
381
163
410
637
842
905
377
787
344
689
848
767
484
348
408
807
309
398
990
143
482
374
693
905
622
564
546
292
531
222
624
378
131
329
609
585
549
921
601
166
292
573
482
1000
862
656
526
385
902
713
778
712
793
223
466
306
102
671
218
481
413
739
903
972
246
367
712
252
402
528
604
391
715
447
301
751
890
756
787
278
0
226
474
818
723
518
368
671
203
483
793
323
328
797
667
322
125
875
263
438
329
695
581
941
865
252
286
597
316
304
627
274
415
938
290
737
375
786
278
690
518
297
796
931
512
827
208
813
368
952
584
987
180
627
910
537
223
282
144
327
407
601
275
238
884
199
579
369
176
542
415
814
748
483
403
631
110
330
370
445
179
404
567
612
583
212
342
919
611
402
595
960
174
427
228
731
582
210
153
365
226
0
858
407
376
161
632
812
353
690
193
217
575
531
551
395
718
835
909
933
598
841
711
770
239
970
876
782
725
568
508
944
403
420
330
381
144
712
638
157
460
925
352
871
676
320
148
232
540
505
408
993
131
674
286
825
736
966
878
794
584
316
172
748
568
968
141
362
338
309
242
574
577
135
359
646
924
447
439
879
472
829
351
810
523
726
401
793
751
429
994
132
317
216
113
219
569
235
660
899
474
858
0
308
959
720
687
372
366
870
856
173
813
674
293
752
462
235
878
486
223
440
660
509
885
766
588
734
711
435
235
163
496
561
266
396
347
422
434
270
763
303
471
597
841
671
336
950
630
633
259
472
709
306
931
572
193
242
863
269
949
694
395
749
355
441
624
807
724
275
434
678
457
692
871
239
896
307
769
971
742
791
544
297
343
850
293
551
351
542
731
490
722
182
189
374
282
380
239
734
818
407
308
0
759
995
575
855
985
505
278
713
942
346
316
699
225
537
414
739
221
435
337
913
432
259
227
445
736
337
510
159
665
710
822
187
796
478
982
615
478
804
384
879
730
350
742
784
361
583
853
713
889
994
521
633
629
186
517
917
279
678
747
160
602
225
567
427
689
770
689
828
211
511
445
963
470
308
378
132
769
119
911
240
880
707
381
558
902
858
467
433
833
267
523
654
973
264
477
916
723
376
959
759
0
269
464
972
675
363
732
319
431
407
304
236
172
828
885
916
807
364
156
293
342
441
200
850
867
189
767
885
144
363
854
868
887
435
899
605
840
947
549
619
826
692
434
369
456
883
341
336
890
251
941
379
949
852
820
903
784
769
390
133
978
641
849
114
219
823
675
557
764
338
758
998
194
524
729
212
734
530
942
106
502
748
107
288
777
858
724
642
864
183
170
613
563
900
201
558
518
161
720
995
269
0
581
177
579
696
517
541
788
236
988
658
369
974
191
376
433
466
643
563
613
432
260
974
434
754
944
871
597
945
408
453
542
279
602
293
979
106
351
464
298
897
123
756
430
497
496
871
849
241
402
647
448
470
265
867
835
264
487
911
745
608
515
697
368
785
522
136
622
735
338
191
450
415
221
362
723
820
528
480
817
628
237
223
610
145
253
389
271
393
492
541
252
129
791
373
368
632
687
575
464
581
0
476
381
495
764
139
838
882
920
137
874
684
395
310
571
599
634
492
312
549
902
818
347
946
256
726
168
341
811
151
928
464
667
307
417
304
959
101
341
917
861
848
199
101
580
788
922
653
425
171
345
464
705
105
927
377
456
297
206
814
211
103
894
656
700
512
444
395
913
904
226
103
678
687
776
544
705
314
744
225
499
659
181
481
510
523
358
857
617
181
226
357
772
351
671
812
372
855
972
177
476
0
467
620
106
927
319
578
957
757
954
618
511
859
860
377
555
638
525
639
684
381
456
926
438
719
182
581
526
336
912
691
664
385
311
337
920
374
175
435
366
405
314
959
248
661
546
672
424
318
237
487
107
302
699
210
470
116
520
527
331
358
203
919
191
276
765
565
383
499
384
438
391
334
350
415
376
285
642
895
220
115
532
475
645
121
870
424
574
948
386
523
696
527
203
353
366
985
675
579
381
467
0
707
746
369
693
902
821
104
777
883
537
935
319
187
647
445
211
568
337
676
826
808
869
569
413
943
554
748
110
970
684
716
598
214
271
491
859
929
184
902
670
640
956
717
544
668
815
504
280
442
278
456
461
740
400
854
553
662
523
153
157
363
259
888
896
603
138
522
661
976
411
452
264
534
360
129
835
454
110
347
132
591
303
114
222
497
361
169
279
993
499
872
483
690
870
505
363
696
495
620
707
0
824
697
389
193
427
816
787
414
922
567
552
933
449
480
155
883
628
159
667
713
949
439
288
599
381
644
481
622
393
144
528
453
517
205
731
579
835
512
784
749
876
924
194
726
875
897
543
438
622
328
864
678
961
353
837
187
466
839
108
839
253
722
332
825
538
821
374
931
637
574
595
925
580
853
402
754
276
753
861
716
294
541
629
258
166
986
593
406
760
237
793
193
856
278
732
517
764
106
746
824
0
298
392
300
227
595
993
982
466
359
967
458
344
294
843
859
341
410
493
777
809
231
696
663
433
555
257
759
214
314
801
1000
682
647
675
482
762
643
847
900
460
344
947
368
796
277
510
351
386
505
897
677
633
445
932
346
259
520
732
109
119
805
345
105
358
611
850
806
750
901
863
319
764
260
137
311
713
110
245
788
720
574
964
232
630
643
155
685
179
507
323
217
173
713
319
541
139
927
369
697
298
0
756
941
901
814
430
486
693
218
725
360
215
521
367
211
164
768
838
469
241
633
233
589
424
190
418
907
237
901
726
224
402
742
299
239
564
127
409
707
999
862
458
276
533
688
112
591
839
128
773
387
756
399
296
240
914
170
139
521
917
109
632
960
952
441
513
325
363
598
514
115
305
599
235
565
576
849
349
343
479
113
680
179
685
714
366
951
950
543
328
575
813
942
431
788
838
319
693
389
392
756
0
138
774
668
254
579
151
107
154
492
309
273
305
492
767
660
614
555
935
604
644
341
422
953
343
923
490
683
792
319
656
432
134
720
991
157
416
195
245
469
499
444
101
316
423
356
493
501
857
294
736
570
941
722
215
804
803
616
326
539
696
203
510
925
655
392
151
193
1000
467
678
654
265
260
325
161
891
249
795
211
387
287
774
414
921
109
577
904
797
531
674
346
407
236
882
578
902
193
300
941
138
0
838
597
521
814
298
648
830
448
218
817
648
141
413
584
123
116
510
836
251
186
818
731
745
771
726
505
193
929
207
350
193
403
197
484
867
412
323
599
132
694
901
575
173
715
736
395
489
695
642
959
799
110
677
459
544
478
676
364
306
864
383
731
595
217
210
510
147
772
715
186
912
680
133
118
676
256
317
535
275
477
752
510
264
282
855
825
667
551
293
316
304
988
920
957
821
427
227
901
774
838
0
448
414
711
185
537
695
281
760
798
196
975
212
415
970
508
683
985
363
374
657
613
751
836
881
231
608
734
780
144
330
284
779
466
442
559
979
368
842
709
948
728
184
438
414
249
842
500
800
606
759
241
629
654
985
819
322
410
927
791
445
876
754
794
903
953
560
676
428
227
265
174
768
127
290
857
941
860
363
470
900
344
330
135
491
468
322
395
752
699
236
658
137
757
104
816
595
814
668
597
448
0
729
790
919
300
123
401
427
791
764
376
248
727
895
891
240
463
519
266
364
158
775
692
312
404
619
743
435
847
436
335
982
995
945
599
167
953
381
259
272
162
781
500
945
747
262
351
885
698
381
988
272
741
180
451
196
370
746
893
927
625
225
618
930
723
690
218
925
415
349
988
844
956
949
688
963
951
778
227
135
512
165
186
397
226
125
718
462
225
172
369
874
954
777
787
993
430
254
521
414
729
0
111
127
392
833
145
584
946
446
259
218
528
882
919
375
478
245
254
248
822
170
461
603
199
141
828
211
675
761
246
854
912
929
869
789
397
638
903
130
376
582
177
231
947
556
430
519
836
577
952
933
149
596
344
539
501
994
470
767
231
201
140
217
597
355
211
783
329
160
754
915
946
423
784
906
972
192
554
818
622
224
514
453
705
875
835
235
537
828
974
684
618
883
414
982
486
579
814
711
790
111
0
264
936
913
633
326
317
766
318
441
371
535
802
790
550
171
839
813
922
795
998
295
842
255
901
676
910
723
321
171
928
723
553
204
105
352
714
132
850
396
363
897
167
559
127
570
305
124
199
601
217
124
756
195
252
430
614
999
340
392
712
331
927
989
460
429
553
807
149
717
192
199
994
954
774
418
942
693
675
545
527
249
123
263
909
878
414
885
191
395
511
537
922
466
693
151
298
185
919
127
264
0
550
201
272
468
648
292
626
484
953
894
559
771
530
363
444
568
358
609
724
373
294
458
743
349
451
102
323
409
348
198
575
643
786
286
436
770
377
352
664
964
978
322
954
356
572
127
992
473
451
943
746
339
888
162
765
188
430
938
752
461
142
750
236
640
958
851
915
600
915
738
334
898
578
967
676
794
382
232
951
431
491
438
933
486
739
916
376
310
859
935
567
359
218
107
648
537
300
392
936
550
0
307
317
593
592
669
525
690
980
891
823
325
954
421
614
214
235
328
768
416
273
231
624
615
858
825
270
462
781
820
494
938
996
124
179
524
390
240
532
838
647
466
158
490
678
990
650
931
714
792
626
995
389
140
858
189
578
943
275
494
364
814
889
408
783
674
484
857
329
346
155
459
668
503
203
540
363
293
858
520
381
329
598
223
221
807
433
571
860
319
552
967
725
154
830
695
123
833
913
201
307
0
384
999
201
635
827
626
772
361
618
443
734
996
398
987
685
730
453
866
547
223
401
460
732
235
425
669
361
873
105
255
800
184
375
364
894
191
351
882
629
652
780
236
379
893
173
370
191
698
296
381
900
161
953
571
460
397
525
615
122
609
733
472
279
553
508
386
546
525
921
664
271
897
815
534
979
682
225
364
163
695
841
440
435
364
466
599
377
187
933
458
360
492
448
281
401
145
633
272
317
384
0
900
745
224
652
823
622
815
624
333
290
365
182
946
601
647
277
633
941
292
211
686
439
352
304
578
193
391
187
671
403
469
630
423
505
739
568
393
756
904
829
898
969
222
887
622
153
923
291
942
472
307
942
261
994
583
638
837
684
797
844
706
510
843
843
617
817
205
927
412
177
660
596
557
442
405
568
628
410
581
711
660
337
156
643
634
555
647
449
344
215
309
218
760
427
584
326
468
593
999
900
0
480
685
747
132
905
273
494
372
374
689
741
980
494
167
929
496
911
388
597
828
295
618
558
642
818
928
690
933
797
442
958
195
397
421
855
322
853
121
808
318
894
109
269
309
533
808
738
651
956
411
631
572
701
573
391
460
569
506
993
211
756
823
555
752
262
653
209
545
322
508
221
537
176
128
696
113
637
941
770
509
913
293
563
492
638
445
480
294
521
273
817
798
791
946
317
648
592
201
745
480
0
119
240
659
702
342
371
746
547
933
377
133
647
924
868
864
225
385
794
448
367
210
609
190
876
971
523
706
877
363
510
355
221
987
863
393
987
851
676
634
238
902
690
317
657
933
406
164
400
775
169
852
436
547
108
853
761
625
342
992
649
289
940
267
926
629
213
394
653
900
456
604
633
394
317
507
842
865
239
885
432
342
613
312
525
211
155
843
367
305
648
196
764
446
766
292
669
635
224
685
119
0
234
400
648
918
274
943
200
647
814
637
945
870
120
390
164
651
897
341
541
456
963
147
882
208
774
255
542
718
537
555
295
128
163
123
904
212
607
333
429
983
201
751
478
359
660
488
935
659
212
701
307
968
848
325
373
837
583
104
543
773
335
821
336
258
389
771
455
351
592
497
621
738
360
758
905
252
970
766
259
441
432
549
639
568
883
859
211
492
141
975
376
259
318
626
525
827
652
747
240
234
0
654
594
312
102
149
441
566
804
845
711
799
493
209
764
649
758
626
195
924
218
985
769
975
263
200
351
155
598
577
171
485
663
503
380
213
261
452
906
911
376
925
705
685
486
658
571
294
584
293
577
116
125
677
400
185
655
866
182
858
672
836
820
184
251
862
307
846
563
102
606
587
226
214
377
286
876
588
227
200
260
902
684
337
628
341
164
767
413
212
248
218
441
484
690
626
823
132
659
400
654
0
289
586
921
878
169
492
932
404
814
493
878
690
566
163
654
898
354
185
636
127
981
253
624
545
492
790
337
382
950
383
950
780
373
592
298
795
321
601
702
196
443
803
646
723
624
443
899
683
663
540
637
778
792
177
505
756
172
952
760
944
211
808
533
905
728
530
261
999
685
390
255
924
787
597
782
734
445
850
974
818
381
676
159
410
768
660
584
415
727
528
371
953
980
772
622
905
702
648
594
289
0
958
283
765
216
603
276
534
332
143
488
248
910
396
678
980
621
941
969
486
934
651
343
326
891
303
396
961
557
357
132
456
976
632
299
628
912
568
618
622
307
140
489
298
764
195
940
104
466
674
205
618
866
505
437
208
957
145
381
777
191
920
563
635
402
174
903
138
359
690
784
465
344
316
725
711
736
867
434
347
456
826
667
493
838
614
123
970
895
882
535
894
891
361
815
273
342
918
312
586
958
0
654
378
335
651
837
444
790
540
955
522
661
366
506
622
959
964
841
380
229
269
613
766
430
955
715
656
109
718
787
222
336
904
601
677
151
395
180
686
943
720
418
875
755
393
312
700
712
827
992
185
728
117
375
939
345
398
312
926
769
413
442
854
598
765
844
996
303
384
625
409
689
304
568
435
337
189
754
946
926
808
713
777
469
555
116
508
891
919
802
559
823
618
624
494
371
274
102
921
283
654
0
998
720
188
122
798
645
317
287
858
194
837
906
488
303
971
333
872
530
627
302
104
666
819
527
521
129
872
827
771
784
945
247
616
409
935
264
819
395
812
900
279
511
360
518
322
971
424
711
169
830
966
538
961
544
353
243
501
120
937
228
427
164
641
521
898
899
184
455
382
848
627
508
235
510
767
944
256
438
869
949
809
241
935
510
683
240
375
790
771
325
443
333
372
746
943
149
878
765
378
998
0
831
595
183
647
659
667
213
906
549
515
240
659
381
329
433
488
223
428
638
442
951
798
104
235
485
870
330
389
909
209
276
612
513
153
477
224
971
992
160
131
208
700
575
806
649
946
989
728
200
757
359
479
976
598
884
797
312
772
781
159
985
294
729
973
796
259
524
268
767
274
944
163
159
885
871
726
719
569
439
231
633
604
836
985
463
478
550
530
954
734
290
374
547
200
441
169
216
335
720
831
0
942
731
738
718
912
674
593
781
205
237
966
857
831
584
183
609
320
257
651
869
221
884
690
426
439
607
511
349
954
300
791
737
389
600
409
244
143
957
231
342
864
958
422
401
554
630
501
707
738
437
572
216
286
989
687
779
328
989
899
607
830
114
867
507
761
477
950
484
415
403
496
665
144
597
168
182
413
288
696
233
644
251
363
519
245
171
363
421
996
365
689
933
647
566
492
603
651
188
595
942
0
718
608
314
643
608
445
233
734
305
300
301
284
387
147
483
844
767
715
859
228
429
282
900
768
581
141
337
117
721
429
959
983
997
576
252
503
984
648
779
751
358
692
256
587
274
791
294
531
869
590
551
673
490
820
475
839
650
361
574
161
146
332
982
472
717
884
348
938
420
561
710
363
945
341
581
943
599
663
589
341
186
374
266
254
839
444
614
398
182
741
377
814
804
932
276
837
122
183
731
718
0
515
275
155
372
532
986
699
645
732
262
227
738
308
361
421
969
729
264
872
955
685
534
641
203
495
565
899
268
501
486
819
605
123
725
919
124
685
272
389
581
363
386
653
261
573
345
375
919
227
553
351
311
731
586
808
494
261
211
810
503
362
690
117
791
570
408
290
330
266
822
854
408
811
526
554
381
433
424
422
818
657
364
248
813
568
214
987
946
980
133
637
845
404
534
444
798
647
738
608
515
0
302
211
435
963
749
916
905
446
998
804
182
244
880
230
595
994
510
879
184
864
360
510
976
924
292
547
794
156
748
891
793
443
452
629
690
804
171
767
412
390
293
946
110
726
766
955
263
354
386
203
227
139
501
169
304
219
570
891
702
775
256
450
644
332
807
737
381
396
187
868
453
151
336
748
644
555
190
953
731
613
158
822
922
358
235
685
601
494
647
945
711
814
332
790
645
659
718
314
275
302
0
674
712
711
475
824
522
113
218
401
581
369
330
922
870
847
865
468
257
722
865
726
104
976
684
297
272
558
266
971
647
675
186
138
161
263
116
813
706
741
622
880
289
227
437
639
995
809
337
400
122
559
411
949
321
733
134
318
867
605
676
618
864
538
309
375
144
347
796
887
542
928
912
110
481
257
418
343
745
751
775
170
795
609
328
730
647
167
924
870
799
493
143
540
317
667
912
643
155
211
674
0
584
817
969
157
330
999
900
535
246
297
786
322
208
895
197
129
229
817
976
242
862
706
817
902
761
744
462
506
497
182
701
571
966
845
955
774
475
621
822
278
649
401
819
948
943
951
434
463
526
224
968
758
158
985
156
696
380
185
280
331
561
178
398
786
712
422
478
435
279
464
691
970
622
759
907
923
771
836
692
461
998
724
768
453
277
929
868
120
493
878
488
955
287
213
674
608
372
435
712
584
0
978
843
305
224
127
153
129
698
696
183
875
444
236
612
946
414
345
729
886
997
987
852
965
541
770
257
949
598
515
193
997
549
497
814
792
744
365
857
748
301
774
952
254
370
914
334
482
260
512
601
643
132
190
223
653
989
958
278
204
176
230
990
278
638
434
982
899
602
667
664
684
393
214
237
490
726
881
312
603
295
373
416
866
633
496
864
390
209
690
248
522
858
906
593
445
532
963
711
817
978
0
109
593
670
957
532
369
768
404
834
849
117
701
700
895
770
131
812
599
807
585
712
272
130
884
790
751
575
932
211
188
106
255
252
809
914
482
115
293
227
933
240
961
982
449
668
777
960
522
485
683
485
979
283
810
574
772
174
484
176
762
143
690
157
270
615
605
293
307
385
716
144
314
901
683
505
231
404
199
842
294
273
547
941
911
225
164
764
566
910
661
194
549
781
233
986
749
475
969
843
109
0
731
890
657
653
385
962
320
576
694
553
564
822
935
111
119
621
856
785
691
335
534
766
459
296
788
156
434
916
862
217
898
914
141
656
540
879
294
562
453
408
914
183
694
254
697
751
496
792
905
757
431
302
642
139
151
307
360
362
454
482
518
460
763
478
840
979
417
311
598
528
801
726
792
193
608
619
141
255
458
231
223
292
388
385
651
649
163
396
366
837
515
205
734
699
916
824
157
305
593
731
0
690
774
636
334
448
151
609
895
179
569
471
989
920
711
632
483
679
842
422
208
832
749
673
223
939
560
402
768
760
656
115
555
971
392
564
848
976
700
552
503
525
171
519
286
351
267
144
326
476
285
209
269
780
359
638
255
318
384
374
297
925
303
804
947
106
304
337
214
453
1000
224
319
929
734
743
828
901
743
624
401
211
597
794
897
758
654
678
506
906
240
237
305
645
905
522
330
224
670
890
690
0
308
546
799
385
514
666
671
183
875
362
790
377
244
467
826
273
764
447
918
858
474
867
242
432
225
558
458
186
910
500
484
391
903
697
909
213
685
650
344
317
740
166
561
234
891
364
117
672
223
381
804
716
183
534
653
958
425
693
796
352
471
384
549
351
959
920
271
517
682
402
656
207
780
435
211
676
349
615
460
686
828
448
341
626
898
980
622
488
659
966
300
732
446
113
999
127
957
657
774
308
0
400
163
395
781
222
829
187
145
312
567
760
235
770
623
913
351
998
536
897
854
547
734
906
396
708
129
295
854
143
731
859
565
293
649
268
103
457
220
276
750
697
199
783
275
205
830
229
222
368
379
209
648
662
378
909
847
905
931
871
597
879
619
464
101
374
491
205
647
742
432
350
144
847
675
910
451
858
732
439
295
367
541
195
354
621
959
303
381
857
301
262
998
218
900
153
532
653
636
546
400
0
488
845
356
940
294
840
581
642
628
413
616
872
637
976
279
291
436
831
745
763
232
456
471
232
209
939
174
240
711
505
121
845
653
685
594
104
263
514
445
367
756
587
490
826
686
992
297
110
968
1000
404
508
160
984
591
622
512
676
841
730
826
298
341
175
859
731
675
299
134
193
330
436
761
723
102
825
235
352
618
210
456
924
185
941
964
971
329
831
284
227
804
401
535
129
369
385
334
799
163
488
0
411
514
274
388
608
567
836
271
530
164
352
753
345
716
134
222
958
411
338
721
180
334
994
991
316
537
591
950
214
115
831
321
281
185
643
242
626
248
933
404
602
770
981
892
321
828
115
621
193
652
526
469
942
184
564
827
320
671
350
692
897
917
435
929
579
482
239
720
403
284
335
246
321
323
270
425
304
558
609
963
218
636
969
841
333
433
584
387
738
182
581
246
698
768
962
448
385
395
845
411
0
144
177
856
545
500
589
161
931
152
730
931
890
206
611
546
691
304
606
572
807
822
416
861
253
874
592
128
905
631
548
638
191
734
801
392
833
712
474
644
671
300
691
432
581
514
126
529
146
489
182
436
176
827
546
208
148
336
742
434
123
861
366
184
835
762
564
991
197
779
982
854
171
409
462
669
578
642
190
147
985
127
486
380
872
488
183
147
308
244
369
297
696
404
320
151
514
781
356
514
144
0
817
984
639
716
720
817
403
224
106
541
611
758
508
237
907
443
743
723
347
164
239
139
295
277
622
206
156
471
647
486
722
317
368
588
388
850
969
985
494
705
377
469
319
806
928
438
715
314
999
989
258
455
292
813
232
950
784
369
756
848
405
902
512
643
127
157
484
466
995
912
928
348
781
361
193
818
876
882
769
981
934
229
530
223
609
483
361
880
330
786
183
834
576
609
666
222
940
274
177
817
0
420
845
353
453
780
366
933
992
309
594
890
964
469
116
603
404
959
383
983
870
187
664
771
306
814
172
830
139
995
538
788
178
548
346
774
529
501
764
731
738
487
262
835
408
831
968
796
423
870
329
640
531
368
540
630
361
456
430
199
314
670
784
847
409
416
867
442
945
929
723
198
820
873
391
928
971
208
975
253
651
269
627
428
320
844
421
230
922
322
875
849
694
895
671
829
294
388
856
984
420
0
398
854
291
700
349
168
929
509
347
833
846
970
273
835
913
393
968
164
533
723
779
792
810
720
550
197
254
194
400
852
503
693
128
288
764
837
466
199
348
850
619
350
858
933
792
177
890
804
550
424
222
952
505
633
583
883
497
101
959
640
749
900
707
195
412
559
599
869
553
575
494
105
187
690
523
774
263
624
343
613
302
638
257
767
969
595
870
208
444
117
553
179
183
187
840
608
545
639
845
398
0
186
590
399
833
309
382
233
721
525
414
764
339
428
734
933
833
246
535
115
175
760
691
578
149
722
793
960
660
502
184
962
893
536
627
464
184
591
336
114
746
781
534
456
222
284
956
269
454
943
624
584
408
259
853
341
496
580
248
956
876
460
999
245
323
979
167
789
204
643
938
255
671
933
706
255
200
545
326
766
104
442
651
715
729
994
847
895
236
701
564
569
875
145
581
567
500
716
353
854
186
0
371
896
796
350
119
586
962
192
484
787
980
257
915
902
191
173
831
815
711
815
822
775
286
800
318
540
569
685
390
627
594
727
780
327
847
250
239
766
902
236
186
991
823
267
385
805
507
120
378
987
993
472
713
336
871
788
661
717
924
344
862
469
599
368
953
397
105
786
996
800
403
797
877
542
351
492
891
430
666
951
869
859
264
510
865
197
612
700
822
471
362
312
642
836
589
720
453
291
590
371
0
280
113
182
164
952
632
536
351
778
933
757
744
781
787
292
947
538
708
306
730
177
537
253
542
457
987
432
763
548
253
327
486
296
683
752
207
768
200
755
713
836
259
115
858
529
718
314
131
180
131
709
889
890
849
922
546
544
194
947
458
499
132
842
381
638
352
286
124
184
469
442
363
718
155
790
303
955
819
798
221
228
872
879
468
129
946
895
935
989
790
567
628
271
161
817
780
700
399
896
280
0
422
440
508
564
771
760
568
516
210
529
460
893
432
619
795
782
205
356
420
998
241
492
468
550
526
589
985
117
842
525
460
717
107
580
241
293
300
589
313
657
161
345
852
808
795
769
329
627
674
306
994
251
241
653
672
668
726
368
276
444
694
709
259
903
714
436
179
375
630
958
510
537
598
337
396
715
527
104
884
429
955
184
257
229
414
770
111
920
377
760
413
530
931
403
366
349
833
796
113
422
0
543
812
549
680
394
359
736
107
851
774
426
289
494
749
647
743
850
472
600
842
835
802
886
886
407
665
182
852
594
900
723
782
789
986
675
499
960
154
953
763
298
211
256
675
205
609
910
286
931
521
941
402
425
424
815
875
796
533
101
901
948
272
130
132
770
524
364
423
195
355
555
577
382
961
656
521
235
690
282
685
864
722
817
345
131
119
711
244
235
616
164
152
224
933
168
309
350
182
440
543
0
883
682
776
164
528
125
186
692
107
185
657
646
687
232
208
466
663
434
180
356
429
682
931
996
840
150
184
370
564
452
307
298
181
262
609
592
794
886
878
494
907
984
992
782
585
537
825
572
633
379
647
171
318
504
897
277
688
316
575
728
162
376
850
377
390
894
505
397
221
295
171
950
557
109
129
485
426
900
534
360
865
976
729
812
621
632
467
770
872
352
730
106
992
929
382
119
164
508
812
883
0
632
812
695
727
567
458
292
949
363
775
289
828
255
588
179
640
526
431
463
515
312
991
762
324
766
240
881
720
378
282
992
785
553
547
941
943
989
896
973
728
726
612
337
549
223
736
193
629
949
448
345
237
280
543
510
112
423
173
184
781
582
396
352
240
191
739
421
987
128
485
383
357
718
872
870
439
768
641
510
726
242
886
599
856
483
826
623
637
753
931
541
309
509
233
586
952
564
549
682
632
0
212
269
392
428
324
847
982
414
280
921
875
660
597
193
448
378
431
937
126
884
616
375
396
465
832
534
421
350
291
261
919
552
621
716
526
556
783
282
486
942
715
219
921
282
966
242
186
852
470
464
487
442
438
351
591
356
715
438
500
177
363
664
532
351
568
855
863
163
663
950
132
787
827
330
607
581
203
976
104
862
997
807
785
679
273
913
976
345
890
611
594
347
721
962
632
771
680
776
812
212
0
314
215
812
533
236
344
946
484
321
717
754
689
434
171
485
520
225
881
479
883
585
779
584
912
493
939
582
642
404
542
457
793
364
737
711
570
156
107
452
456
619
601
144
878
863
517
820
265
705
107
278
622
386
839
493
736
414
945
231
897
964
838
882
393
322
393
123
503
780
456
222
771
389
511
141
495
924
976
706
987
585
691
842
764
351
279
716
206
758
890
833
525
192
536
760
394
164
695
269
314
0
496
911
430
532
184
143
758
398
348
821
274
719
162
366
663
577
747
230
827
532
387
804
566
470
566
813
602
776
513
976
330
784
494
633
474
524
459
513
823
555
166
327
794
269
917
903
867
105
302
456
328
505
128
501
395
249
747
947
167
978
647
629
756
853
987
904
380
373
976
336
784
909
349
337
565
292
684
817
852
712
335
422
447
998
291
134
611
508
964
846
414
484
351
568
359
528
727
392
215
496
0
840
726
960
148
393
638
377
528
537
494
439
732
911
691
692
620
903
417
246
617
324
621
188
863
383
745
589
650
134
925
899
812
362
536
618
327
737
637
749
292
407
584
949
279
784
835
927
699
461
864
897
773
857
489
842
262
556
559
322
466
652
904
121
851
212
213
592
632
904
945
209
954
117
899
547
297
902
965
272
534
208
918
536
436
222
546
237
469
970
764
787
778
516
736
125
567
428
812
911
840
0
183
687
350
732
168
150
338
464
423
390
147
266
166
305
335
263
562
843
150
435
423
470
566
313
206
926
711
133
944
413
140
991
942
388
970
979
107
294
573
601
316
694
678
769
264
377
210
740
678
677
387
294
695
500
351
430
127
954
158
780
829
808
676
607
261
298
299
601
247
276
300
721
268
794
272
761
541
130
766
832
858
897
831
958
691
907
116
273
339
980
933
210
107
186
458
324
533
430
726
183
0
456
247
515
588
298
729
464
454
718
273
746
371
459
912
402
173
411
300
209
300
387
880
427
760
364
735
155
563
507
383
585
944
608
636
346
652
116
482
275
172
395
747
390
487
456
470
400
961
633
756
736
642
800
885
519
570
356
490
236
898
318
634
333
452
795
628
677
616
612
791
429
501
156
558
744
770
884
459
749
474
854
745
411
304
443
603
835
428
257
757
529
851
692
292
847
236
532
960
687
456
0
231
286
227
641
994
685
566
393
783
855
796
695
524
204
476
772
778
140
989
531
668
675
219
868
537
355
685
780
136
249
471
993
657
920
154
146
1000
238
748
749
160
133
911
297
116
854
353
445
399
570
959
606
698
836
305
572
678
379
969
894
238
429
906
321
912
151
409
513
737
959
486
748
266
462
257
790
296
673
867
547
763
338
606
743
404
913
734
915
744
460
774
107
949
982
344
184
148
350
247
231
0
762
369
470
895
601
620
290
544
667
365
397
575
516
248
510
733
543
534
391
245
939
268
921
816
418
957
582
179
796
616
908
222
999
567
787
862
884
568
355
602
978
745
206
520
553
837
932
296
941
799
759
381
577
124
127
990
893
222
109
902
983
911
601
568
395
935
153
389
983
819
891
971
506
949
751
788
223
242
734
232
721
572
723
959
393
933
902
781
893
426
185
363
414
946
143
393
732
515
286
762
0
978
577
450
698
501
694
745
770
665
735
119
405
690
168
665
753
102
911
647
786
375
260
981
538
942
985
862
360
696
933
217
364
898
679
656
199
968
441
225
641
608
814
527
662
187
346
240
722
110
241
988
952
199
992
650
173
887
269
690
201
376
702
618
180
264
477
600
997
605
793
647
497
598
575
156
939
432
906
456
180
807
347
383
968
833
191
787
432
289
657
775
280
484
758
638
168
588
227
369
978
0
460
279
418
296
762
199
276
613
222
756
427
833
996
640
676
770
682
504
253
463
561
876
807
920
752
491
961
216
891
127
323
779
717
526
579
141
624
567
849
515
211
331
523
466
259
914
215
677
629
272
933
601
473
931
370
622
309
317
751
925
196
622
686
819
224
409
576
123
443
675
182
515
932
434
560
225
396
471
334
822
164
983
164
246
173
292
619
494
646
289
921
321
398
377
150
298
641
470
577
460
0
898
897
734
942
657
678
200
177
135
533
187
813
872
163
436
144
305
538
652
361
524
584
858
996
927
936
522
732
124
506
815
718
385
369
362
807
427
114
697
103
358
153
839
520
170
804
459
654
741
149
217
451
714
191
153
533
657
478
705
443
307
943
395
971
244
252
725
452
186
701
193
211
916
402
558
708
232
994
416
239
870
533
535
831
947
795
749
687
828
875
717
348
528
338
729
994
895
450
279
898
0
273
755
182
347
921
588
464
523
732
327
289
178
469
185
648
788
399
758
993
445
356
922
785
445
108
163
276
304
444
692
975
902
176
338
724
689
219
368
894
203
157
108
732
139
803
544
985
180
596
124
943
792
698
923
808
933
359
685
803
140
720
812
992
143
503
919
629
138
571
997
188
862
768
458
129
209
991
861
139
187
723
115
815
538
782
647
232
255
660
754
821
537
464
464
685
601
698
418
897
273
0
130
505
333
489
570
911
183
136
585
750
531
465
226
788
599
494
551
250
866
674
426
942
924
161
476
211
875
953
931
523
713
542
309
275
770
823
785
656
919
363
839
109
521
616
478
819
451
344
756
746
626
296
291
738
406
660
486
646
489
418
900
160
957
984
124
690
161
966
549
106
217
760
186
295
939
316
253
295
664
779
175
711
708
205
743
208
588
597
689
274
494
423
454
566
620
501
296
734
755
130
0
827
496
732
727
783
614
280
499
428
309
122
878
673
957
338
650
285
949
333
732
137
433
447
869
426
401
750
367
375
778
415
242
434
689
675
522
700
191
259
253
119
917
326
676
322
196
539
195
339
995
381
942
651
164
488
658
723
298
875
279
131
231
648
685
804
263
845
497
255
898
656
910
854
174
537
874
277
771
792
760
815
306
356
850
466
179
193
434
719
439
390
718
393
290
694
762
942
182
505
827
0
807
392
794
701
538
687
889
849
258
761
618
646
566
320
152
855
144
603
732
651
288
120
134
588
960
531
901
874
712
814
574
678
828
557
136
512
276
888
722
805
109
539
364
410
370
501
252
888
389
900
472
956
400
935
571
624
764
755
511
208
342
779
272
171
116
955
814
252
914
115
500
143
240
591
592
622
306
810
691
822
730
420
472
663
640
448
171
162
732
147
273
783
544
745
199
657
347
333
496
807
0
210
756
863
955
226
469
875
747
682
821
887
524
622
740
794
262
504
912
783
882
362
173
953
922
953
271
184
793
748
577
457
211
764
622
444
765
896
332
345
632
696
306
927
746
994
430
162
140
161
307
411
775
659
294
443
195
393
360
700
864
751
389
767
813
774
792
809
141
555
484
731
711
950
128
206
814
720
578
775
177
998
600
434
526
378
485
366
911
266
746
855
667
770
276
678
921
489
732
392
210
0
225
948
570
603
886
257
153
913
656
205
228
315
486
229
335
121
361
225
776
695
233
877
424
317
865
514
223
483
135
692
511
338
735
395
565
603
825
105
960
203
864
791
893
470
614
765
858
953
942
631
169
212
584
899
940
312
518
575
958
358
581
412
706
475
744
914
656
971
391
859
505
214
905
156
172
550
149
286
537
241
842
180
431
431
520
663
691
166
371
796
365
665
613
200
588
570
727
794
756
225
0
495
640
956
681
404
996
114
617
487
808
877
772
943
735
513
126
760
295
213
793
141
831
311
297
848
466
403
359
871
445
758
338
913
383
138
538
358
952
510
383
445
927
767
999
188
189
571
261
572
852
701
293
683
104
700
322
806
422
692
363
390
741
621
365
482
540
392
903
565
121
115
631
471
830
197
722
800
253
492
835
356
463
937
225
577
692
305
459
695
397
735
222
177
464
911
783
701
863
948
495
0
113
982
598
715
957
157
753
154
158
732
706
913
557
372
554
886
533
902
304
914
172
389
757
160
306
631
646
239
963
998
191
904
499
522
821
611
441
925
731
876
625
231
340
430
578
460
994
701
436
307
577
663
466
712
971
649
401
256
386
293
622
822
857
115
879
564
697
293
845
831
548
647
139
254
793
318
542
468
802
429
515
126
881
747
620
335
912
524
575
119
756
135
523
183
614
538
955
570
640
113
0
