0
491
641
904
964
103
812
138
901
543
818
275
476
125
949
625
215
484
345
877
693
519
631
275
501
563
876
988
735
116
550
210
980
389
439
499
360
213
732
227
156
614
313
581
210
259
527
680
812
910
491
478
192
418
933
320
540
688
468
584
325
495
470
210
746
989
358
486
520
856
219
415
878
627
675
132
793
359
899
464
655
458
977
804
562
434
191
714
219
859
457
523
383
668
265
920
927
579
371
597
491
0
544
475
424
467
744
620
912
661
487
194
146
521
538
465
628
213
738
657
664
560
875
187
604
309
359
665
555
558
809
305
521
485
887
888
436
729
598
112
150
280
953
455
575
489
192
221
811
992
577
972
487
649
634
488
959
819
181
298
839
981
451
849
737
955
211
329
402
778
500
799
321
416
237
269
174
137
423
193
653
352
350
253
413
673
822
349
208
355
815
104
170
544
874
850
149
783
481
943
641
544
0
413
421
565
578
428
560
163
287
982
581
801
346
951
299
419
241
895
812
110
731
454
542
108
136
441
534
447
448
257
869
727
327
630
708
726
753
774
674
375
460
179
671
990
347
712
120
643
449
231
157
870
509
764
122
835
270
313
681
291
558
348
407
959
980
388
240
446
691
229
163
937
339
426
507
642
447
106
761
421
972
860
199
501
275
798
874
818
653
414
626
934
292
436
678
646
564
415
904
475
413
0
434
341
656
633
319
368
277
600
887
622
972
372
768
629
489
565
775
894
796
920
958
205
972
687
430
884
509
113
527
153
826
905
392
219
908
784
537
541
150
886
910
411
498
289
186
181
313
874
728
286
888
750
123
373
834
443
583
910
873
475
566
493
974
203
318
903
232
335
469
584
542
916
151
990
213
878
262
365
374
425
747
686
483
171
476
230
699
337
215
619
417
373
145
203
876
841
964
424
421
434
0
296
757
314
742
828
527
342
888
229
454
680
308
802
716
240
229
378
640
226
252
635
584
296
116
275
281
860
976
921
405
428
441
529
408
725
775
664
476
936
601
689
886
320
200
883
327
693
753
930
985
646
458
667
623
714
294
992
983
775
981
694
381
661
642
736
979
127
378
823
211
592
171
335
956
782
949
912
223
413
239
820
507
466
433
285
231
313
977
467
530
555
880
449
491
985
103
467
565
341
296
0
114
895
208
497
250
448
741
729
809
466
538
531
107
877
664
818
494
640
733
984
971
807
814
445
696
854
196
121
285
699
375
732
131
215
204
276
751
462
689
784
605
617
708
522
770
309
954
393
660
201
569
906
510
551
231
204
734
256
791
930
726
105
780
488
541
413
113
164
127
765
545
984
689
419
950
302
592
708
639
822
365
731
530
758
885
637
590
865
328
591
221
843
451
238
812
744
578
656
757
114
0
980
620
539
927
184
365
897
832
795
830
144
128
594
608
344
557
770
550
290
255
226
144
678
554
218
111
894
729
887
391
959
804
621
290
779
725
166
937
415
861
154
229
227
114
654
744
871
805
889
964
465
698
698
369
665
982
176
112
766
991
337
483
980
821
671
209
866
599
856
436
826
589
571
371
129
492
329
143
917
655
553
421
427
478
613
321
207
950
590
788
972
764
553
138
620
428
633
314
895
980
0
180
457
699
783
348
341
606
939
592
767
180
672
213
278
719
571
573
875
839
333
502
962
506
420
464
353
912
168
945
807
269
659
867
293
697
404
889
265
316
754
922
115
564
105
548
272
769
794
717
234
501
262
893
214
667
680
639
999
611
131
309
327
887
898
611
475
984
429
440
360
676
194
879
989
863
320
165
413
307
432
928
551
914
361
273
261
482
194
111
608
864
361
901
912
560
319
742
208
620
180
0
196
149
146
870
781
318
683
997
853
630
766
303
711
678
123
295
276
885
774
748
721
784
546
685
506
150
732
707
560
587
592
535
303
473
661
695
975
958
947
112
645
372
393
795
993
666
708
980
993
637
210
370
446
365
538
606
787
137
327
253
715
216
748
593
343
121
463
137
963
142
734
496
989
500
962
719
712
580
395
291
962
112
267
978
167
465
981
911
661
106
166
543
661
163
368
828
497
539
457
196
0
188
484
451
152
836
331
401
900
995
497
800
218
495
874
417
659
748
364
754
185
319
128
162
938
525
641
331
492
869
717
153
419
277
333
903
204
461
537
812
424
561
640
150
629
755
971
134
512
586
445
660
520
769
323
127
786
238
170
890
891
814
704
545
306
278
975
615
226
627
363
969
885
447
453
356
856
922
844
142
890
908
977
725
782
887
684
988
882
214
828
818
487
287
277
527
250
927
699
149
188
0
848
415
575
133
772
353
982
495
874
984
447
893
541
233
716
968
624
278
683
863
166
963
139
558
876
306
997
868
498
574
731
305
787
893
531
881
899
338
352
943
675
833
642
974
612
864
595
959
590
155
860
600
644
823
718
125
530
541
457
659
711
626
993
797
152
687
628
133
966
147
462
656
500
619
950
642
381
213
263
225
399
484
592
166
802
609
407
856
998
275
194
982
600
342
448
184
783
146
484
848
0
393
797
879
273
708
839
380
628
253
584
616
999
868
442
476
385
679
214
917
399
513
549
241
824
776
284
529
821
765
383
330
742
540
829
549
225
837
835
700
602
957
712
967
802
967
351
876
912
954
929
277
749
955
243
277
864
408
630
281
568
646
921
243
929
603
894
208
826
819
938
936
114
194
915
249
421
336
414
354
806
217
419
223
220
445
529
156
416
476
146
581
887
888
741
365
348
870
451
415
393
0
684
479
979
290
212
474
118
704
994
751
292
901
699
563
145
742
109
847
623
331
530
715
611
173
138
170
245
395
586
442
114
359
832
184
524
835
917
507
613
597
102
417
418
599
643
618
281
636
833
390
281
331
431
172
792
598
283
675
157
786
566
810
772
993
948
384
426
520
805
630
352
932
952
280
607
499
201
237
355
274
252
329
136
124
137
974
932
125
521
801
622
229
729
897
341
781
152
575
797
684
0
261
115
248
289
536
866
485
608
401
907
911
873
374
217
418
538
739
873
405
877
281
896
442
422
365
419
527
171
470
397
382
340
699
528
812
530
128
206
772
597
317
502
390
284
638
854
829
223
236
762
541
591
795
993
604
817
188
104
792
874
184
952
636
992
676
315
342
538
862
322
886
645
727
598
215
593
778
278
664
788
777
302
945
104
577
782
949
538
346
972
454
809
832
606
318
836
133
879
479
261
0
615
866
946
893
850
746
314
145
673
899
978
842
140
547
342
964
645
886
796
306
792
856
647
695
586
827
657
699
173
712
480
831
545
496
615
337
579
461
188
139
861
991
279
798
279
905
887
339
753
152
809
733
848
127
266
827
610
933
692
599
247
334
182
560
662
760
656
489
273
246
277
632
385
567
492
947
407
824
625
626
576
751
741
416
480
625
465
951
372
680
466
795
939
683
331
772
273
979
115
615
0
436
343
204
384
893
787
281
970
775
295
398
908
513
249
563
838
490
582
578
379
315
123
598
468
391
198
504
568
397
815
516
690
140
271
284
525
266
643
842
342
848
936
365
265
122
229
681
670
458
214
336
359
494
902
549
627
983
221
958
801
601
504
725
393
981
322
711
674
501
236
321
652
931
731
516
939
507
956
308
862
832
315
336
555
215
628
299
768
308
538
830
592
997
401
353
708
290
248
866
436
0
795
537
923
542
365
326
436
216
275
916
228
264
966
968
174
266
426
143
441
806
807
303
782
927
572
411
543
493
618
206
763
214
500
113
684
159
223
429
119
611
592
241
762
361
977
123
893
604
112
570
156
211
757
866
793
475
752
340
585
706
400
338
305
678
150
516
651
111
598
170
465
679
648
561
612
346
182
796
989
837
435
286
958
484
213
419
629
802
531
144
767
853
900
982
839
212
289
946
343
795
0
572
359
586
344
596
602
966
433
819
784
710
946
700
197
747
595
902
322
591
373
487
660
820
451
969
542
645
507
429
113
681
234
247
594
377
319
655
322
156
972
733
714
821
619
778
552
805
294
996
361
355
570
704
225
294
456
143
280
990
275
272
469
655
490
467
934
108
212
424
252
970
278
375
406
447
194
499
781
417
981
196
476
345
738
241
489
716
107
128
180
630
995
495
380
474
536
893
204
537
572
0
766
945
740
403
593
192
675
583
534
130
477
904
752
953
477
545
867
628
311
876
405
411
739
369
572
638
668
135
374
164
330
445
293
760
526
415
558
111
231
315
779
562
725
549
642
313
461
680
835
291
433
579
554
779
299
268
182
180
574
856
943
774
876
280
370
467
284
687
243
496
492
549
118
615
303
626
612
614
872
150
662
877
657
895
565
240
877
594
672
766
497
874
628
118
866
850
384
923
359
766
0
332
117
436
564
932
792
273
827
624
171
572
996
498
303
617
380
264
204
406
184
176
720
418
283
691
135
451
806
156
603
567
473
424
693
379
478
764
334
164
666
197
771
874
764
861
201
433
972
363
811
346
866
303
612
149
741
350
527
993
393
133
946
452
410
257
399
912
465
501
641
936
985
961
357
278
807
213
446
243
256
693
664
812
775
229
664
608
213
303
800
984
253
704
485
746
893
542
586
945
332
0
773
524
171
184
854
954
378
690
716
436
452
964
859
446
350
592
552
160
694
828
775
153
633
816
568
563
978
397
357
638
129
669
565
331
267
620
145
826
500
912
648
731
424
410
999
575
723
248
803
477
544
991
609
742
438
530
386
415
404
950
513
808
188
931
554
975
723
744
859
435
977
394
848
651
805
644
963
650
905
519
560
110
894
378
818
344
278
711
218
447
584
994
608
314
787
365
344
740
117
773
0
725
860
444
876
155
443
508
485
361
723
812
476
605
306
898
865
943
626
175
169
969
209
364
604
536
316
679
548
578
445
564
872
172
174
748
849
331
778
431
373
183
518
370
148
453
749
746
600
480
196
762
590
986
387
338
105
607
292
204
166
140
682
152
908
429
171
617
901
576
941
341
714
282
778
348
559
491
126
631
875
731
796
640
494
557
719
678
495
893
616
751
401
145
281
326
596
403
436
524
725
0
503
521
347
724
233
779
831
574
270
319
608
743
288
588
711
367
540
172
481
791
540
973
776
579
405
112
598
932
560
238
160
403
953
227
173
816
123
731
694
668
485
469
884
828
515
465
102
482
723
545
735
740
160
562
956
746
293
487
582
843
712
439
627
272
904
815
939
858
154
270
303
724
338
505
736
469
231
275
187
454
920
226
640
770
571
123
874
541
999
292
907
673
970
436
602
593
564
171
860
503
0
377
955
895
205
925
525
166
771
307
385
953
648
223
384
928
279
995
386
508
280
371
506
553
940
674
447
637
578
439
296
130
294
216
529
896
219
935
641
823
873
521
929
949
373
333
877
819
102
375
139
726
540
510
671
410
579
788
535
846
305
681
551
397
731
977
532
294
232
285
890
586
229
961
168
582
765
501
604
542
958
252
733
550
573
295
417
233
868
901
911
899
775
216
966
192
932
184
444
521
377
0
264
802
171
862
457
815
429
309
486
749
750
444
501
680
708
141
891
538
962
396
806
171
830
835
650
383
470
671
696
744
653
871
491
159
705
965
604
430
106
872
635
639
662
328
565
923
337
255
676
133
965
945
889
641
691
363
761
120
485
461
229
597
498
749
361
444
825
978
626
730
384
534
672
621
494
563
309
108
205
635
984
290
875
276
659
716
442
699
873
978
295
275
433
675
792
854
876
347
955
264
0
853
722
554
745
691
966
733
349
112
405
105
979
228
667
748
320
487
968
767
276
377
483
167
167
265
174
667
778
314
229
451
996
403
722
492
403
918
503
897
419
908
711
746
735
610
925
287
470
218
614
131
807
873
111
535
207
133
249
388
195
947
694
404
466
861
214
746
905
836
654
914
616
758
466
876
359
136
972
584
971
255
839
885
748
968
476
563
374
842
398
916
819
583
273
954
155
724
895
802
853
0
175
661
731
502
446
992
271
824
629
734
519
767
288
743
370
877
531
958
591
957
321
866
372
701
668
620
492
300
910
523
227
429
296
783
157
292
561
796
341
625
584
161
164
953
619
112
158
230
449
466
518
465
499
532
832
889
757
167
139
946
154
577
669
237
390
836
542
735
717
962
288
603
689
988
665
441
687
296
807
226
333
774
364
624
385
145
217
140
908
228
784
534
827
378
443
233
205
171
722
175
0
496
641
776
857
204
639
592
289
558
122
313
350
705
694
528
600
872
263
951
636
631
433
571
878
343
226
628
536
692
878
231
810
974
807
850
789
137
764
209
234
471
182
772
658
331
594
960
577
151
221
509
402
616
413
264
700
671
813
816
255
111
898
379
340
408
226
829
414
750
298
126
609
735
555
534
430
116
814
144
502
748
754
278
679
742
418
547
513
264
710
130
624
690
508
779
925
862
554
661
496
0
700
563
951
443
958
817
770
931
892
449
888
388
383
147
298
494
843
864
480
422
741
279
363
748
839
778
816
240
564
108
402
650
708
457
204
746
323
877
139
591
726
668
277
714
810
475
920
564
330
332
835
800
358
602
534
698
930
583
988
950
127
986
857
619
442
269
939
491
243
859
516
116
558
447
884
275
445
678
962
721
185
683
214
109
538
342
249
966
946
477
171
716
485
831
525
457
745
731
641
700
0
928
293
925
821
981
181
858
471
167
766
732
913
298
248
795
535
193
123
383
693
156
525
187
178
204
246
751
583
816
648
867
699
601
944
672
934
925
952
187
492
761
613
218
657
275
575
477
847
999
440
147
499
906
372
895
620
716
728
373
697
455
510
454
346
566
507
263
159
107
875
550
809
448
509
281
696
554
506
784
319
863
917
847
739
964
563
968
700
904
572
436
361
574
166
815
691
502
776
563
928
0
161
694
217
689
507
463
946
746
804
214
719
710
905
345
926
422
671
568
763
911
744
339
139
703
613
302
519
761
846
129
538
166
851
330
343
622
656
135
163
395
320
487
432
379
851
840
870
144
113
223
961
623
667
163
859
413
670
734
451
909
314
575
778
250
528
450
851
186
400
210
305
257
113
860
854
218
420
546
128
166
399
623
873
645
838
174
197
752
996
452
723
270
771
429
966
446
857
951
293
161
0
617
109
309
870
944
713
485
613
424
697
974
453
882
489
601
399
832
392
295
507
698
603
686
822
401
391
846
463
988
215
582
205
270
840
684
898
350
224
143
298
700
491
637
214
980
629
771
211
890
655
555
855
240
188
982
291
378
183
942
398
280
487
383
487
647
771
671
148
980
521
869
527
976
196
111
464
685
162
963
513
331
405
886
490
266
747
953
498
964
812
319
307
309
733
992
204
443
925
694
617
0
401
392
882
168
760
620
554
820
918
872
366
863
351
244
212
691
846
232
115
699
562
551
345
753
142
562
794
116
183
362
284
717
920
859
378
673
415
988
641
105
864
280
691
123
928
673
851
179
935
182
301
213
338
139
891
239
618
925
578
495
477
411
249
242
388
266
360
389
485
727
153
921
121
894
353
506
938
139
549
530
877
796
582
426
595
477
303
859
476
608
385
486
349
271
639
958
821
217
109
401
0
593
247
515
485
811
878
965
721
233
783
244
156
204
135
522
458
656
651
584
730
649
981
716
464
572
901
401
338
609
403
207
983
225
184
725
843
802
239
480
487
393
866
581
191
362
424
562
828
728
903
864
493
553
278
674
707
550
872
949
743
432
608
724
254
480
479
439
887
327
826
405
285
729
912
150
525
558
241
715
281
306
578
143
902
545
617
446
605
743
953
749
112
824
592
817
981
689
309
392
593
0
934
772
145
728
299
840
402
907
832
685
306
961
321
313
951
535
771
814
868
842
208
684
171
710
376
983
603
261
891
794
136
856
193
342
189
756
398
865
369
423
433
238
850
643
980
453
409
196
502
828
489
261
511
719
398
704
803
491
992
407
640
984
209
258
884
499
888
630
905
428
699
887
168
732
641
876
824
611
896
792
379
441
322
867
380
350
306
288
648
750
405
629
289
770
181
507
870
882
247
934
0
732
990
686
608
511
203
942
136
716
279
249
396
936
757
731
415
466
820
535
637
427
760
491
323
430
241
602
574
187
263
834
708
392
262
146
587
438
248
244
158
829
833
698
778
396
675
494
367
926
908
399
851
377
991
219
982
531
350
139
186
437
943
661
304
360
436
708
392
441
375
391
945
707
331
306
776
173
442
856
315
806
591
628
264
592
898
588
223
444
105
734
558
931
858
463
944
168
515
772
732
0
459
710
183
780
797
502
779
122
382
609
616
104
846
779
723
968
370
525
207
752
636
896
860
503
837
631
688
374
949
924
407
462
787
222
340
631
942
641
772
581
849
512
476
399
177
529
402
367
659
111
194
487
693
650
342
819
541
232
957
556
369
683
325
213
729
726
219
529
732
959
807
560
492
997
284
138
422
647
123
807
373
311
204
552
865
711
384
501
979
519
122
892
471
946
713
760
485
145
990
459
0
171
111
294
141
336
953
449
313
632
942
205
665
158
338
506
785
684
821
965
982
612
264
943
123
782
477
240
314
311
885
863
940
706
836
736
438
292
118
387
114
272
550
887
194
780
319
893
790
342
527
685
436
996
901
518
667
723
705
668
579
226
582
732
598
753
908
408
131
804
269
587
869
868
529
170
365
695
598
303
487
876
406
160
943
367
928
680
228
767
313
449
167
746
485
620
811
728
686
710
171
0
919
646
521
603
230
157
508
624
665
181
524
530
813
848
777
193
452
183
475
580
507
697
114
747
827
769
191
975
300
861
919
251
655
476
789
258
477
868
371
826
568
875
168
221
542
691
157
702
570
714
986
616
126
481
792
250
807
666
847
674
832
227
112
774
784
725
215
621
659
592
717
498
821
245
419
586
468
782
660
405
184
694
626
540
279
708
667
288
350
888
766
804
613
554
878
299
608
183
111
919
0
189
117
773
529
355
927
531
211
475
299
454
879
298
365
415
358
380
534
917
383
763
626
427
239
705
638
756
908
805
882
464
237
923
187
734
146
133
900
877
533
468
308
312
826
670
323
935
181
985
987
106
222
691
947
959
579
299
994
826
213
156
150
674
537
775
204
290
867
535
153
574
765
395
527
827
391
927
820
411
176
828
175
172
995
141
748
743
705
388
732
214
424
820
965
840
511
780
294
646
189
0
150
984
226
161
322
717
793
470
906
156
340
697
633
953
797
733
300
826
887
823
497
196
672
750
700
614
645
364
421
660
950
232
311
466
441
205
415
110
148
282
698
383
204
343
346
550
668
511
546
456
552
349
734
126
487
745
551
569
511
614
280
375
541
664
276
779
293
303
419
731
383
586
171
657
198
572
451
739
720
775
169
481
386
891
320
370
694
383
913
719
697
918
721
402
203
797
141
521
117
150
0
741
578
265
286
632
906
491
404
541
946
507
859
988
497
848
700
264
316
635
634
655
157
304
660
930
408
834
924
558
905
209
608
990
964
132
988
826
882
449
119
705
572
882
509
253
903
763
317
211
455
161
886
193
514
477
307
478
142
313
953
460
150
476
751
725
697
473
277
305
330
442
470
699
504
411
969
369
418
153
969
791
508
538
487
877
528
147
298
710
974
872
233
907
942
502
336
603
773
984
741
0
889
844
281
166
943
418
918
699
356
377
133
360
265
215
226
866
178
717
203
592
415
775
577
638
604
842
195
825
868
687
596
557
621
308
600
846
714
220
481
689
716
797
866
731
259
296
922
557
268
597
176
474
890
668
320
117
358
581
455
179
886
936
462
166
404
661
333
787
742
114
397
173
568
543
542
572
283
633
209
540
280
962
968
531
600
298
248
905
453
366
783
832
136
779
953
230
529
226
578
889
0
146
141
835
427
950
773
220
710
849
927
695
713
226
446
285
912
326
726
535
470
623
796
902
759
892
887
458
375
757
333
245
759
462
215
711
187
790
615
710
846
134
862
338
577
137
877
506
932
261
529
504
348
840
113
496
956
210
575
671
910
601
689
937
889
695
903
893
540
359
382
712
397
493
645
638
691
816
364
973
371
396
767
958
872
494
795
345
882
863
244
685
716
122
449
157
355
161
265
844
146
0
926
706
113
594
490
894
279
749
835
265
567
886
958
484
629
104
196
769
307
883
349
240
633
256
189
706
410
631
471
991
975
244
902
355
393
282
444
212
384
373
366
723
564
932
888
521
558
425
780
207
819
370
251
690
806
259
489
990
411
689
784
415
265
975
204
531
829
832
340
480
815
618
507
668
135
568
604
776
506
806
276
591
263
843
535
926
489
351
156
306
279
382
313
508
927
322
286
281
141
926
0
617
702
511
352
570
524
227
164
740
631
674
872
801
746
642
453
134
964
758
382
304
485
355
351
697
371
282
787
875
645
957
891
923
520
904
342
598
409
705
520
776
263
954
831
504
490
239
651
930
432
403
514
791
238
527
192
347
498
886
605
861
316
958
461
881
549
184
699
831
516
206
429
135
451
563
536
579
553
171
377
957
951
864
193
422
601
244
204
961
249
609
632
624
531
717
632
166
835
706
617
0
988
906
459
479
480
830
255
311
748
837
685
624
168
639
319
515
394
527
856
783
441
990
239
430
553
564
241
813
822
774
183
701
152
521
695
462
388
380
208
184
154
894
431
637
419
168
724
386
392
150
323
452
518
680
221
712
289
320
617
154
754
947
537
899
225
524
528
545
690
763
113
374
806
978
316
405
940
830
483
321
636
480
123
671
399
212
135
321
396
616
942
665
211
793
906
943
427
113
702
988
0
522
573
228
617
275
943
240
145
325
995
286
287
934
410
178
341
464
399
103
481
614
419
822
780
904
482
516
325
195
787
149
208
465
613
770
368
499
318
297
912
905
921
587
173
476
999
707
810
492
911
557
534
812
811
120
186
200
708
229
922
112
812
338
837
835
812
496
140
214
681
164
156
397
679
112
674
835
167
866
631
422
383
568
832
691
522
313
936
104
205
181
475
470
491
418
950
594
511
906
522
0
636
796
664
319
554
160
442
298
157
149
304
611
835
319
147
731
895
595
237
860
684
775
925
271
802
760
186
266
839
494
338
198
285
244
168
417
986
269
168
702
270
672
635
563
247
817
448
557
811
551
918
910
992
643
181
883
522
227
115
645
424
352
835
917
530
615
271
500
234
330
603
357
548
598
447
650
167
372
433
741
693
763
392
846
458
951
757
846
665
524
299
906
404
918
773
490
352
459
573
636
0
975
936
296
291
174
752
898
358
596
639
282
654
194
485
663
910
178
297
426
384
312
729
938
629
903
622
241
794
232
492
478
856
300
936
754
784
456
231
252
922
674
216
158
648
548
844
698
131
836
127
491
577
449
313
327
770
114
564
372
561
943
700
507
128
337
284
113
247
445
567
638
578
932
637
383
265
701
571
279
156
911
295
232
656
535
731
779
158
530
454
156
541
699
220
894
570
479
228
796
975
0
469
519
558
890
953
424
907
666
955
324
484
412
892
836
482
179
201
113
506
581
102
489
488
567
689
967
301
439
322
700
538
389
521
378
705
485
998
915
181
549
996
778
346
435
380
803
547
878
131
478
972
231
874
693
309
654
105
393
640
675
602
613
206
579
525
684
594
293
473
129
445
560
578
470
174
668
878
363
525
744
507
115
651
771
415
723
338
813
879
340
946
356
710
279
524
480
617
664
936
469
0
476
406
452
372
911
280
387
257
668
668
265
406
182
356
816
726
458
685
290
312
786
739
451
357
493
618
488
116
623
690
984
312
965
730
751
892
542
397
860
323
640
127
387
918
283
504
217
810
192
487
157
728
753
954
744
548
795
150
833
957
597
772
461
266
159
377
760
424
669
564
238
439
671
667
620
343
748
187
339
698
699
584
814
466
968
506
848
298
697
507
377
849
749
227
830
275
319
296
519
476
0
993
854
722
572
535
786
476
272
522
470
172
102
626
216
606
308
214
790
627
220
718
901
969
217
316
325
691
141
693
204
784
597
729
510
911
346
277
926
245
614
931
484
251
938
877
447
873
418
649
870
286
930
393
871
272
993
629
642
712
102
597
188
643
223
319
526
693
565
872
160
296
696
778
492
226
839
178
139
603
562
730
868
820
370
785
777
365
633
859
133
927
835
164
255
943
554
291
558
406
993
0
707
739
541
365
735
110
815
268
244
661
436
194
814
374
250
321
688
291
620
539
341
316
607
537
814
518
282
297
538
192
371
280
121
754
246
669
667
649
590
203
141
243
122
441
823
992
933
634
509
888
985
660
805
769
666
755
974
967
417
317
139
842
429
655
415
379
331
172
403
130
744
314
300
628
778
204
703
686
551
649
842
535
525
684
193
415
953
988
360
695
265
740
311
240
160
174
890
452
854
707
0
545
408
750
223
296
844
855
720
141
944
341
624
377
461
244
336
644
798
790
814
456
907
687
801
638
376
848
407
767
626
561
382
388
714
199
281
390
910
956
907
963
689
224
452
698
320
488
764
750
646
201
889
794
708
971
612
802
418
502
861
342
119
322
558
478
267
174
953
294
653
229
910
536
816
246
613
822
345
981
208
637
207
821
452
358
797
497
265
713
567
631
748
145
442
752
953
372
722
739
545
0
312
408
130
249
290
658
260
421
840
543
997
749
642
583
463
446
793
468
578
674
517
350
260
533
325
235
385
386
502
873
367
552
949
296
892
982
483
286
352
180
806
655
743
385
540
959
122
123
458
569
964
717
980
134
864
967
599
390
991
848
611
156
111
764
620
748
227
216
871
451
523
692
240
751
302
401
753
716
684
427
752
965
183
380
733
848
215
226
886
674
837
325
298
898
424
911
572
541
408
312
0
947
282
549
813
126
846
565
386
834
580
985
540
211
939
162
195
301
872
416
845
840
821
154
171
937
989
603
273
433
302
433
370
552
945
491
514
347
239
142
255
917
500
557
688
819
835
373
667
906
465
234
993
512
595
351
643
284
279
936
592
972
231
334
145
849
173
529
491
996
227
878
564
583
519
391
142
464
171
760
636
982
475
534
300
700
226
446
958
872
685
995
157
358
907
280
535
365
750
408
947
0
351
827
665
988
290
326
833
869
354
528
675
693
256
757
788
681
349
316
959
527
325
836
837
281
385
496
824
553
974
484
514
885
357
633
713
729
800
530
154
334
708
394
468
181
270
834
623
510
698
501
637
586
959
876
618
638
798
365
241
733
315
164
826
331
816
896
159
403
429
231
108
816
761
846
562
572
710
491
896
612
580
917
826
264
866
285
484
801
624
286
149
596
666
387
786
735
223
130
282
351
0
861
928
650
415
559
124
360
475
404
823
277
167
590
889
687
427
312
248
865
615
196
658
175
932
265
413
707
270
560
320
655
190
192
717
279
440
766
580
598
796
360
584
298
313
443
714
551
698
262
210
445
590
912
281
854
279
265
762
714
779
666
500
778
123
219
705
722
296
810
402
648
846
463
794
901
376
323
860
264
507
383
887
316
178
912
629
746
168
287
304
639
955
257
476
110
296
249
549
827
861
0
424
218
110
792
711
430
938
328
488
892
995
643
760
775
519
306
485
441
187
147
779
179
544
374
310
755
583
219
738
107
306
830
422
813
836
417
759
328
855
888
325
839
681
583
294
231
369
893
370
660
155
954
636
829
905
122
361
821
562
197
912
431
731
935
965
492
783
974
650
867
129
988
116
401
983
430
503
943
697
763
823
635
717
326
104
642
639
934
611
282
324
668
272
815
844
290
813
665
928
424
0
543
630
939
551
172
966
732
550
689
564
737
403
303
322
633
392
382
756
712
770
498
852
590
550
724
140
762
986
375
654
835
690
368
825
168
231
519
701
260
495
981
291
910
992
204
665
214
446
520
860
929
833
223
887
229
977
619
725
771
648
373
694
641
604
403
157
807
708
699
538
215
183
338
603
241
837
123
114
626
497
634
203
726
196
453
319
410
835
654
484
668
522
268
855
658
126
988
650
218
543
0
549
833
512
674
182
326
983
139
177
216
314
342
385
912
612
399
727
917
722
294
334
753
508
449
155
931
298
930
676
430
767
290
734
489
933
424
985
962
470
451
558
873
983
734
982
667
365
769
600
277
390
236
339
681
123
778
549
874
731
183
668
823
430
918
292
850
457
601
166
582
362
609
261
602
631
782
747
427
196
655
592
535
769
134
515
178
319
194
412
265
470
244
720
260
846
290
415
110
630
549
0
244
973
389
650
822
908
973
819
911
200
204
259
410
308
343
331
148
609
835
455
989
359
183
192
344
811
238
969
465
882
498
219
292
471
807
384
456
210
849
348
475
775
256
176
680
538
323
644
749
281
762
753
670
893
552
642
764
424
518
485
873
106
503
561
789
204
944
851
205
284
403
891
574
688
477
827
239
672
157
415
470
307
964
394
341
147
485
892
406
172
661
141
421
565
326
559
792
939
833
244
0
470
601
102
431
168
122
102
829
685
678
951
739
308
275
617
477
217
152
231
688
867
405
368
634
365
159
717
915
473
399
683
468
867
656
795
919
746
737
407
566
981
791
112
639
606
127
823
955
331
541
152
458
604
805
313
861
410
370
469
521
872
897
796
137
746
672
330
270
717
207
794
187
374
240
769
705
750
304
775
623
883
758
527
464
731
663
836
182
102
436
944
840
386
833
124
711
551
512
973
470
0
792
803
813
127
918
824
964
683
696
291
211
211
746
369
505
816
977
767
577
307
794
989
622
274
826
478
814
418
204
809
540
812
108
532
814
989
955
959
493
694
930
766
999
787
786
718
243
431
591
809
214
112
294
461
201
999
148
884
929
635
419
341
764
323
934
343
840
920
983
136
263
949
314
191
638
700
660
577
796
349
382
856
399
895
910
482
356
626
194
341
543
834
869
360
430
172
674
389
601
792
0
626
177
150
221
385
510
631
182
162
828
691
139
877
656
292
516
676
931
311
920
806
486
944
326
734
578
993
124
315
197
657
156
960
243
358
211
980
974
381
726
991
611
137
238
125
277
172
795
733
336
570
996
680
433
575
453
828
949
639
908
625
209
877
925
622
684
859
225
856
834
924
311
975
756
614
930
638
902
240
304
783
103
595
178
179
816
216
814
624
997
580
354
475
938
966
182
650
102
803
626
0
415
392
186
734
185
640
837
195
721
647
217
758
952
248
551
199
481
759
197
315
112
803
605
831
266
814
919
117
230
171
684
604
754
486
329
388
203
661
105
337
131
327
170
530
864
792
993
848
359
156
361
835
972
723
749
515
373
662
711
584
234
139
952
656
898
378
184
193
708
407
885
300
908
645
408
604
759
633
485
441
481
237
297
201
726
606
374
377
749
985
528
404
328
732
326
822
431
813
177
415
0
677
492
852
939
421
691
642
730
786
325
894
306
237
912
741
461
567
490
666
524
656
116
191
435
790
361
814
933
976
985
910
897
520
402
240
318
642
780
483
309
253
890
541
408
598
604
127
494
211
355
291
363
248
746
465
333
328
746
161
471
591
187
135
350
673
725
342
392
462
863
861
805
364
834
842
892
256
355
990
614
860
426
113
458
308
250
461
642
540
675
823
488
550
983
908
168
127
150
392
677
0
671
237
706
171
695
996
473
666
976
745
685
675
358
299
318
856
421
605
885
466
749
124
124
722
716
644
469
646
985
345
543
856
778
446
903
736
488
980
327
715
891
457
630
283
817
266
902
757
570
433
811
803
600
102
877
565
735
164
182
726
492
163
224
415
843
189
262
787
940
919
882
421
924
195
887
189
351
239
419
684
384
506
685
214
321
244
583
211
693
277
892
689
139
973
122
918
221
186
492
671
0
842
247
673
250
952
308
657
531
325
903
448
507
804
198
878
523
592
658
576
437
841
488
831
776
117
571
573
863
419
699
219
500
691
232
979
541
821
887
216
814
659
281
675
188
827
549
866
704
579
346
477
480
482
819
923
610
953
772
668
761
395
143
988
802
756
146
222
706
251
464
660
558
825
458
706
697
430
822
775
312
581
290
790
688
336
463
939
256
167
995
564
177
819
102
824
385
734
852
237
842
0
140
559
242
738
740
456
178
144
602
905
124
349
137
155
431
946
382
271
370
671
765
437
213
907
614
222
811
823
379
415
799
229
335
127
413
671
898
748
704
711
568
157
104
610
627
793
225
554
866
544
196
723
102
337
925
619
658
277
613
320
298
641
239
398
587
340
836
655
237
950
905
868
375
410
371
553
780
925
729
102
312
627
291
644
446
162
757
590
643
737
216
911
829
964
510
185
939
706
247
140
0
402
284
837
603
780
817
285
533
131
298
149
671
798
389
271
771
574
290
871
132
568
595
540
214
325
898
511
205
878
321
163
469
378
113
209
611
593
545
626
646
786
792
933
983
475
294
779
303
991
762
545
375
255
287
112
331
714
218
487
700
105
480
865
438
631
736
476
923
232
209
687
757
631
282
564
904
271
938
489
786
220
620
798
793
195
788
889
760
403
314
200
685
683
631
640
421
171
673
559
402
0
121
592
837
505
435
227
904
239
535
823
111
822
157
454
649
448
760
719
935
301
389
332
568
276
132
956
546
627
416
937
584
823
164
866
475
343
306
993
921
566
874
692
221
752
456
299
612
609
590
735
139
676
470
158
594
810
657
432
491
864
487
369
248
942
438
789
187
311
608
596
333
471
787
241
482
802
629
488
739
718
539
790
468
301
681
687
775
303
342
204
678
696
182
837
691
695
250
242
284
121
0
338
201
652
260
859
400
445
182
417
610
774
722
449
468
395
983
443
778
796
608
855
390
442
241
587
448
675
237
339
542
211
127
599
984
121
278
797
243
810
184
599
958
340
143
268
149
742
986
740
726
133
218
230
960
475
275
379
637
280
393
423
244
641
292
258
734
466
990
557
245
991
875
813
516
760
903
567
451
901
341
814
578
872
349
427
519
322
385
259
951
291
162
195
642
996
952
738
837
592
338
0
131
475
433
730
177
825
236
300
543
126
567
399
593
342
472
287
734
305
811
832
599
710
501
832
636
132
269
426
916
592
765
856
429
463
975
152
929
772
952
247
801
585
280
182
741
438
387
160
540
965
614
449
577
920
575
851
214
691
866
433
158
772
118
477
146
441
964
621
759
975
645
822
325
186
622
689
357
969
316
456
674
416
316
312
306
633
912
410
739
211
828
721
730
473
308
740
603
837
201
131
0
453
291
278
401
829
521
637
857
554
660
452
477
733
137
945
603
311
577
120
332
457
233
440
746
793
174
507
151
171
545
436
440
137
615
687
603
993
636
334
601
706
990
180
350
530
338
562
510
945
131
466
151
564
477
840
980
123
581
238
829
581
387
868
133
205
132
308
462
244
957
774
195
266
241
967
493
217
607
907
517
845
959
248
485
392
612
308
308
211
691
647
786
666
657
456
780
505
652
475
453
0
379
609
806
755
585
160
132
171
185
754
150
299
943
529
404
433
926
870
136
998
843
208
465
359
137
642
990
335
984
826
360
963
226
628
894
948
992
182
504
400
275
574
527
386
105
956
671
889
807
518
221
330
847
870
629
928
191
850
833
849
114
371
900
415
988
600
215
902
891
183
787
839
794
301
618
316
537
687
350
840
527
865
441
382
399
343
275
746
139
217
325
976
531
178
817
435
260
433
291
379
0
944
935
876
861
136
170
596
916
959
260
721
969
541
420
752
832
415
513
467
854
255
145
899
423
447
213
956
689
589
676
142
627
133
208
384
676
560
725
338
272
856
993
415
607
746
410
641
873
465
509
332
999
144
771
673
362
643
698
512
272
826
877
110
826
846
711
355
923
701
149
494
232
439
488
325
814
801
260
821
325
615
187
756
727
331
617
369
877
758
894
745
325
144
285
227
859
730
278
609
944
0
698
629
447
574
975
859
753
626
727
484
500
131
191
741
727
129
630
264
581
832
281
464
193
106
878
782
419
571
194
734
363
966
826
426
315
662
393
305
469
943
393
404
292
293
579
691
111
499
402
835
440
113
211
851
424
980
778
476
550
568
533
148
882
714
187
393
520
152
208
338
492
322
116
691
518
638
533
154
836
196
147
712
917
148
477
505
656
952
306
685
903
602
533
904
400
177
401
806
935
698
0
109
807
641
905
599
692
877
710
935
651
715
902
105
347
141
629
134
525
326
873
655
653
761
262
949
950
371
879
496
969
147
819
520
342
760
981
678
655
774
133
950
204
487
788
363
535
532
616
800
147
223
890
179
562
453
396
399
887
875
468
282
449
220
790
282
904
521
465
198
478
700
623
141
282
376
325
171
837
658
779
770
722
609
217
816
292
248
237
675
448
905
131
239
445
825
829
755
876
629
109
0
186
147
378
811
610
793
983
606
631
959
886
992
515
970
325
478
957
643
947
458
352
421
365
912
302
129
989
989
885
462
938
805
538
656
322
150
490
876
946
513
166
582
535
761
207
832
413
358
499
961
655
935
828
409
675
177
194
168
308
698
119
481
615
444
342
695
613
285
856
538
690
693
297
848
235
937
281
175
179
498
294
835
152
977
516
551
912
358
507
124
298
535
182
236
521
585
861
447
807
186
0
954
106
561
391
844
354
174
687
752
955
445
537
188
339
311
965
570
961
977
350
972
374
223
592
492
863
500
447
656
936
630
862
489
711
516
467
280
452
808
140
843
846
120
133
889
264
602
906
623
555
182
728
196
494
529
780
221
312
383
705
689
710
212
598
462
770
244
300
389
984
204
538
407
385
989
385
932
544
852
334
455
231
767
676
199
741
299
804
349
149
823
417
300
637
160
136
574
641
147
954
0
383
445
222
861
306
198
537
351
913
475
595
345
526
159
352
851
608
804
253
860
425
413
708
329
320
962
453
500
114
352
322
273
674
651
934
370
410
188
682
712
305
485
249
757
700
534
372
667
855
301
903
502
367
402
319
542
826
204
572
716
846
384
409
388
368
168
936
521
312
784
192
767
386
603
496
265
374
590
753
989
688
577
931
481
461
318
198
137
671
111
610
543
857
132
170
975
905
378
106
383
0
631
258
270
952
127
773
719
808
967
430
719
718
267
957
603
908
562
413
199
747
239
639
143
165
719
356
619
194
932
886
246
501
111
108
467
257
931
152
439
681
461
388
167
671
698
895
163
240
213
864
828
926
367
893
691
670
343
882
797
134
373
705
380
499
417
754
378
965
597
371
626
502
273
824
413
310
550
508
359
867
307
311
759
567
856
878
155
798
822
774
126
554
171
596
859
599
811
561
445
631
0
961
484
286
148
899
743
740
156
590
883
722
884
107
751
546
434
673
501
686
820
822
917
413
712
856
950
915
952
645
277
236
598
212
284
399
554
908
627
551
229
195
139
813
930
620
859
188
338
493
489
908
659
790
157
323
346
509
866
862
366
520
208
318
986
784
705
730
729
280
561
873
433
553
707
755
724
449
183
405
794
920
197
490
421
523
431
389
157
722
567
660
185
916
753
692
610
391
222
258
961
0
777
815
476
417
985
478
281
658
610
660
878
433
195
881
191
822
275
483
507
365
655
307
580
922
642
249
280
727
632
321
170
424
687
912
975
429
272
397
597
947
946
816
583
716
413
982
139
553
261
399
111
342
702
935
550
253
731
338
723
776
184
297
269
456
485
751
510
121
382
367
302
974
270
583
140
155
192
368
989
806
315
666
605
592
946
271
454
449
399
452
754
959
626
877
793
844
861
270
484
777
0
670
830
607
961
128
892
829
206
203
900
445
426
296
714
349
798
171
466
731
553
432
395
844
381
421
607
598
385
652
465
252
243
465
723
171
904
731
498
694
154
255
988
728
670
291
891
278
511
851
194
527
570
181
668
903
259
577
564
263
154
912
168
231
998
892
911
754
388
552
433
484
560
219
762
931
344
634
622
486
112
524
885
658
382
771
649
468
593
477
150
260
727
710
983
354
306
952
286
815
670
0
917
770
693
609
268
598
640
118
504
852
319
634
219
208
874
476
433
530
421
928
291
142
213
336
499
215
567
931
679
970
496
501
744
617
815
977
749
404
577
111
950
373
734
378
239
674
719
377
487
685
714
985
511
763
296
137
932
954
894
905
702
252
915
542
346
246
714
949
370
514
320
738
986
298
811
365
274
944
803
656
466
576
271
574
448
395
342
733
299
721
484
935
606
174
198
127
148
476
830
917
0
238
331
452
312
137
296
942
146
598
131
403
859
355
818
230
285
758
427
551
962
890
263
414
201
593
492
731
648
278
492
641
859
901
939
532
361
466
669
898
127
697
451
183
618
707
398
991
693
436
986
987
546
317
922
877
888
831
431
921
270
922
181
397
277
669
199
296
552
885
655
107
375
930
238
159
826
326
605
116
749
437
370
290
760
983
472
137
943
969
500
651
631
687
537
773
899
417
607
770
238
0
296
341
809
791
723
452
221
318
774
988
457
815
653
699
231
885
478
914
112
908
225
354
237
778
947
516
561
375
549
936
435
576
858
294
444
861
237
379
986
455
909
942
925
550
704
219
650
996
616
106
456
211
557
506
521
504
637
587
672
674
549
860
926
667
281
892
945
357
190
306
654
676
969
717
478
734
831
191
124
841
671
871
719
443
287
945
529
541
131
715
959
752
351
719
743
985
961
693
331
296
0
455
177
352
207
357
561
685
717
918
523
104
414
337
313
637
613
361
267
977
399
806
355
278
407
939
612
406
118
985
977
941
154
232
825
214
390
340
857
510
314
398
578
872
803
982
342
901
126
222
552
455
268
932
558
490
419
173
635
216
996
323
245
649
390
982
491
633
192
830
835
430
465
915
814
578
266
435
124
488
765
132
935
778
734
603
404
420
191
902
886
955
913
808
740
478
128
609
452
341
455
0
623
259
366
656
533
700
347
384
383
170
626
215
977
590
321
273
978
725
484
217
274
664
824
507
346
447
615
961
394
341
270
285
978
746
836
408
619
454
575
280
495
949
491
531
819
518
481
691
349
161
597
261
425
239
168
476
563
158
778
640
614
590
910
483
514
713
717
422
690
767
882
473
418
993
814
790
722
831
437
568
301
796
305
311
433
752
741
105
992
445
475
967
156
281
892
268
312
809
177
623
0
426
869
505
327
970
680
164
668
544
934
619
467
865
207
261
167
782
592
419
252
788
625
956
182
194
303
357
848
714
303
890
626
905
542
226
442
346
778
487
477
743
992
350
541
667
792
947
734
886
176
529
780
651
724
999
247
648
346
127
931
203
956
286
347
729
279
813
368
290
498
399
204
124
919
361
716
776
213
595
389
608
811
577
926
832
727
347
515
537
595
430
590
658
829
598
137
791
352
259
426
0
354
154
912
975
805
782
265
874
292
417
530
328
950
482
465
887
166
223
329
777
626
308
796
499
626
278
651
282
724
586
730
836
735
829
269
566
250
383
411
432
407
139
232
723
250
959
126
193
474
504
207
930
386
707
817
548
435
387
484
141
907
352
239
800
440
836
825
734
219
683
809
315
117
814
644
117
907
540
332
855
832
120
870
415
129
141
970
188
345
719
883
610
206
640
296
723
207
366
869
354
0
133
699
289
929
460
920
850
436
373
555
591
590
194
981
684
802
220
136
302
576
862
989
781
612
807
805
778
338
229
384
654
717
414
939
507
528
487
249
608
640
186
957
705
807
579
487
514
890
348
819
432
392
810
448
844
380
918
251
243
963
180
142
530
766
417
168
489
292
468
540
197
230
933
469
571
614
214
568
390
599
332
136
513
630
629
325
339
526
718
722
660
203
118
942
452
357
656
505
154
133
0
504
594
203
971
927
149
678
145
880
221
788
111
911
988
609
445
124
945
751
832
837
417
614
213
644
348
505
961
534
914
962
750
491
263
450
647
242
724
984
437
556
668
666
299
745
477
668
840
370
403
150
492
557
698
803
283
938
122
689
806
255
154
580
759
231
933
471
867
812
657
171
976
646
573
222
325
276
442
710
457
998
467
264
134
478
311
159
267
884
878
900
504
146
221
561
533
327
912
699
504
0
349
813
507
579
783
646
203
449
843
972
608
661
882
407
529
137
104
741
315
435
981
872
446
963
559
736
168
672
616
288
298
243
159
851
771
388
254
209
943
369
579
847
994
551
307
320
113
251
514
323
911
811
131
547
504
877
441
224
655
917
334
598
328
519
424
807
656
108
156
684
985
985
863
811
898
132
241
501
233
843
854
581
525
957
965
352
957
107
433
445
852
598
318
685
700
970
975
289
594
349
0
498
736
371
481
564
876
491
451
764
864
106
214
856
156
974
577
416
336
286
196
150
243
650
491
469
582
621
758
603
126
859
107
186
671
266
480
258
661
683
226
674
826
569
478
117
496
690
791
452
557
551
836
878
217
447
823
452
743
500
708
796
855
701
985
384
795
532
960
604
910
345
419
823
511
956
587
832
440
208
255
832
326
643
570
851
603
751
195
426
319
131
774
717
347
680
805
929
203
813
498
0
893
597
943
415
841
985
238
553
361
166
828
998
416
932
782
480
555
958
476
662
256
905
126
231
765
494
466
689
609
516
875
400
148
360
479
884
304
325
582
832
213
511
142
358
956
806
238
518
534
918
127
131
810
873
992
698
385
557
394
360
888
260
962
456
919
814
243
754
897
543
699
379
205
546
448
636
746
465
145
281
873
947
961
608
908
546
881
296
634
403
988
918
384
164
782
460
971
507
736
893
0
