0
396
171
851
0
503
952
0
109
433
0
155
986
0
807
0
694
347
35
0
0
468
823
0
722
685
503
820
222
0
229
994
629
182
471
237
0
0
0
0
0
389
716
658
0
477
0
0
0
401
0
176
0
632
998
592
0
0
416
975
690
0
0
117
0
569
0
0
114
0
704
371
0
609
183
180
888
117
0
0
632
0
310
712
32
913
743
0
0
459
808
795
0
0
344
24
39
854
242
128
396
0
0
517
0
0
0
826
0
201
918
0
961
0
0
532
352
665
379
782
643
0
699
848
831
0
772
0
0
269
154
771
970
887
0
0
386
980
0
944
0
367
529
0
35
685
0
81
229
297
237
0
350
356
498
0
0
196
0
618
273
0
335
0
188
514
0
924
0
832
677
0
949
0
145
42
180
649
499
929
275
445
0
588
0
0
482
260
348
375
159
0
284
0
0
0
266
112
84
849
171
0
0
563
291
419
0
84
129
0
58
169
407
577
305
751
110
890
494
0
541
0
964
637
631
0
62
0
0
0
0
233
325
793
651
0
574
538
0
0
64
0
380
0
303
203
336
276
0
580
87
985
0
377
0
0
0
802
0
801
134
225
552
174
763
142
0
547
895
426
371
171
0
0
980
0
807
0
862
364
0
0
0
772
0
742
0
127
238
522
61
521
0
807
797
152
0
815
0
0
851
517
563
0
235
0
0
440
195
302
0
850
788
379
0
309
0
0
267
169
489
703
0
593
974
0
0
849
0
903
0
770
985
0
498
787
911
0
702
190
0
0
0
366
0
197
152
845
104
95
375
967
231
783
987
228
0
402
115
545
723
879
0
306
112
951
0
32
866
0
0
927
581
941
21
493
245
696
495
233
0
0
196
552
881
72
0
0
868
754
0
303
0
134
540
639
140
663
310
680
0
0
291
235
0
243
702
0
367
740
755
491
444
0
0
267
631
884
906
407
542
63
500
0
809
0
285
79
95
0
535
0
533
0
483
547
661
531
63
0
443
585
562
233
0
0
224
0
94
0
563
902
834
147
147
37
0
190
0
715
608
709
0
344
773
0
0
743
107
0
122
857
143
409
508
0
60
742
0
405
54
0
0
45
771
397
731
555
152
745
0
0
0
501
0
0
0
490
0
130
503
0
419
0
243
0
0
0
0
468
784
0
21
0
0
0
0
803
868
96
0
488
842
304
856
250
792
118
751
0
546
0
215
499
245
0
0
297
233
0
567
566
55
0
346
0
0
138
0
0
263
0
509
259
0
0
0
0
0
216
799
283
399
500
553
21
547
862
0
429
143
561
212
977
0
692
0
85
419
0
325
0
0
562
0
488
0
0
864
57
458
365
945
319
665
0
0
164
430
491
952
0
0
0
702
0
0
0
0
0
0
944
0
279
0
546
0
528
954
0
749
834
417
821
61
586
0
446
0
658
0
907
468
0
0
0
58
276
412
0
966
0
0
406
0
389
0
627
536
0
0
651
562
0
898
288
338
773
736
531
530
0
902
835
499
463
399
0
821
855
395
173
648
959
882
0
588
896
943
308
962
0
289
0
666
385
792
873
355
0
869
0
197
0
507
377
0
0
347
0
0
826
84
440
0
0
0
0
25
123
957
0
0
0
564
0
811
248
0
567
528
0
0
0
116
767
219
0
0
0
688
0
0
255
194
0
295
666
552
0
42
780
0
375
53
981
44
525
0
0
953
740
160
0
227
0
0
175
910
0
847
487
0
0
0
402
101
0
819
0
0
725
0
0
617
73
0
0
386
738
0
405
175
0
154
0
0
836
0
0
0
933
0
0
0
339
0
821
0
440
109
0
129
195
367
0
0
25
0
0
802
400
816
492
827
0
552
140
0
0
469
0
191
0
0
105
0
142
114
0
0
847
0
641
0
0
0
237
989
578
138
964
686
0
0
388
610
494
88
426
41
0
36
976
0
901
451
51
26
0
0
146
0
0
663
921
466
969
737
312
35
168
0
0
929
226
0
0
0
78
0
462
906
63
0
162
451
662
263
0
577
38
0
0
194
493
49
0
923
549
433
201
0
302
740
468
0
123
0
0
135
0
0
0
401
568
249
712
0
0
0
129
573
705
85
0
93
0
0
279
582
35
0
272
591
0
51
239
641
877
855
842
692
0
620
368
504
83
0
535
0
0
129
0
516
0
0
79
0
998
642
508
0
441
0
947
94
537
478
0
469
699
681
0
141
844
589
602
0
310
800
811
982
141
0
0
702
178
0
540
168
0
0
0
0
458
29
0
218
135
0
918
58
0
755
784
0
957
802
135
0
0
852
0
0
679
277
0
534
0
366
0
0
307
92
297
0
911
0
162
664
292
859
815
270
178
628
286
0
365
607
668
324
611
0
43
0
678
909
965
145
610
228
0
428
353
0
0
0
27
0
637
197
702
370
0
936
862
825
999
24
362
714
171
781
333
653
0
129
711
700
0
70
0
957
0
596
796
339
487
829
218
0
410
46
939
71
0
0
617
155
0
169
850
491
0
944
0
400
0
0
0
0
877
705
217
231
768
0
396
732
34
0
82
780
455
332
0
810
28
0
0
696
0
0
48
0
0
0
0
781
936
35
0
0
927
0
435
567
0
353
0
729
465
86
63
0
0
95
0
0
688
0
396
0
0
533
854
718
0
211
798
176
0
361
843
0
0
52
0
0
940
783
727
0
0
466
0
636
708
0
0
869
526
890
967
996
0
219
234
986
961
407
788
444
21
0
0
816
0
852
0
0
80
734
150
484
873
91
111
514
501
216
871
538
739
80
97
845
691
831
142
575
928
933
714
250
780
0
166
883
0
0
696
672
256
157
145
736
396
447
0
0
433
0
228
0
0
0
0
465
570
465
544
0
0
648
111
130
0
52
0
0
42
0
0
465
0
170
0
0
556
0
411
908
868
439
0
119
256
0
662
0
595
137
811
221
488
991
0
0
0
577
379
0
0
279
0
492
0
0
877
80
0
361
31
973
770
356
934
0
63
141
258
716
124
939
0
0
34
511
122
0
681
32
0
762
0
107
473
105
0
164
765
470
109
0
0
0
344
0
0
721
931
418
0
701
332
61
0
37
0
952
0
476
346
265
0
886
148
918
861
560
934
0
489
836
288
0
857
883
0
139
287
0
0
910
369
80
0
579
0
478
417
641
811
0
0
59
765
807
0
305
0
0
0
0
564
827
401
0
705
734
361
0
140
0
700
844
353
84
574
0
0
0
322
0
966
768
0
782
475
0
444
0
729
847
925
0
660
0
366
530
0
0
0
821
0
169
505
969
0
535
719
0
925
209
444
0
0
569
699
0
0
0
476
907
429
0
539
0
373
576
844
0
0
695
338
530
0
113
769
123
0
398
346
856
287
916
900
0
843
163
157
0
73
43
283
217
350
0
532
751
309
267
0
546
0
0
568
679
217
150
31
140
0
0
70
745
651
0
0
182
905
183
0
355
0
649
0
0
289
279
0
0
497
791
686
276
613
771
0
0
982
725
0
0
387
174
0
0
475
105
783
615
0
198
48
740
540
0
504
284
0
0
0
798
613
431
371
404
0
184
104
735
937
566
699
887
438
0
0
847
832
0
420
0
0
276
0
0
175
0
983
0
0
0
0
651
836
694
352
110
0
631
0
0
811
552
249
277
231
484
973
0
0
0
0
822
52
602
46
0
39
569
0
937
508
227
581
0
0
0
986
0
0
325
690
836
0
649
562
560
618
0
449
0
0
865
0
300
311
193
0
0
300
251
0
544
430
0
662
212
586
924
592
998
355
0
214
995
839
842
531
614
501
0
0
0
0
0
557
672
749
0
0
0
735
748
992
437
0
168
481
224
398
918
208
103
459
347
665
890
0
884
803
528
248
140
712
0
768
873
770
700
70
0
0
345
587
881
0
450
276
437
892
0
0
820
675
704
704
472
190
0
838
161
680
304
0
184
0
883
0
350
0
134
0
665
634
541
0
312
0
451
0
0
865
349
126
318
0
0
481
365
653
235
0
0
487
99
430
0
0
0
0
42
307
0
758
135
0
0
0
659
774
0
199
0
554
239
0
490
0
227
0
0
625
581
169
35
379
494
267
906
868
954
0
0
0
534
0
91
356
844
745
822
345
0
255
0
0
0
789
0
0
564
0
121
0
946
698
0
0
418
571
30
0
832
959
870
0
0
571
0
0
459
0
212
41
676
656
880
339
656
0
961
0
0
170
695
94
212
104
884
24
0
0
311
167
0
86
811
591
0
15
605
115
544
241
573
407
360
56
234
0
596
672
267
0
147
612
635
0
0
0
293
554
213
0
0
782
0
169
407
96
0
567
0
0
0
396
111
934
353
651
52
587
255
0
404
254
0
279
704
759
885
344
0
0
785
586
0
381
436
0
193
0
0
645
674
0
0
99
313
98
0
0
354
414
0
0
775
945
447
27
394
776
368
0
899
723
490
218
305
118
0
0
63
687
0
0
0
0
434
0
63
0
0
740
361
842
542
955
0
391
587
967
496
0
515
489
674
335
802
94
927
0
828
611
0
643
541
489
542
0
749
528
469
0
366
732
514
0
84
0
602
881
0
404
0
214
0
0
972
0
245
0
0
757
930
15
231
282
0
747
0
0
0
0
0
0
0
0
77
0
816
0
130
0
511
0
877
178
66
937
163
983
17
165
248
0
0
297
909
764
0
206
353
885
618
228
0
988
118
0
866
101
524
0
308
34
999
0
356
681
745
123
309
0
0
0
633
0
0
0
229
645
0
832
468
0
0
703
63
488
834
0
0
129
0
34
501
63
574
0
46
0
0
254
214
0
516
0
0
740
0
0
0
0
550
0
138
0
0
395
0
0
811
254
732
628
540
912
0
422
875
607
0
208
129
0
0
687
584
712
790
0
0
0
64
92
0
0
286
534
444
140
550
0
0
330
666
628
804
854
720
285
0
0
0
813
807
167
759
773
0
51
0
0
0
0
968
280
0
969
941
317
392
863
823
699
964
0
500
842
417
0
191
573
0
0
216
141
0
182
0
450
0
0
0
516
0
704
0
0
999
759
0
434
0
729
980
0
229
407
276
0
0
0
0
759
0
999
22
786
797
0
267
256
228
818
87
929
710
169
0
834
993
504
0
321
0
776
0
794
307
55
515
335
44
0
0
0
722
990
663
839
45
0
504
0
0
219
532
715
0
516
140
0
869
0
0
0
880
726
400
0
693
866
0
848
637
593
0
304
821
0
0
705
307
82
871
258
0
905
39
276
789
279
0
0
704
0
972
394
85
903
524
397
272
411
0
0
875
976
0
800
934
0
0
215
439
259
89
0
0
920
88
0
482
868
37
584
0
711
0
0
729
0
0
31
756
639
422
0
166
733
657
0
796
702
938
414
0
168
180
383
0
0
871
0
0
0
0
681
0
0
543
0
252
370
449
154
187
578
0
95
521
199
722
831
631
974
809
856
61
116
0
85
92
780
538
716
0
183
569
437
0
704
972
0
0
972
0
761
933
505
0
0
0
963
956
130
0
418
594
0
786
0
812
0
423
174
0
0
0
237
681
0
396
0
0
617
174
0
647
635
573
711
894
667
874
341
726
84
0
44
912
0
0
945
88
0
524
764
344
309
212
0
0
753
588
369
539
891
572
105
0
710
959
176
0
534
0
413
0
622
315
0
685
0
0
0
0
250
586
767
105
0
297
455
739
124
322
0
0
892
0
759
0
740
0
394
761
0
0
163
0
944
909
770
419
0
804
312
0
636
412
766
0
678
615
512
617
230
0
0
412
206
32
0
0
620
99
287
84
0
0
99
0
0
0
883
124
665
760
721
0
0
126
812
281
0
0
236
0
0
0
340
0
117
0
685
61
0
364
718
334
0
283
436
376
0
57
542
160
327
874
574
503
772
62
0
285
792
0
219
0
93
0
332
80
939
0
355
937
0
564
885
245
0
999
85
933
0
0
936
0
681
96
0
0
0
621
0
184
0
438
481
461
504
974
0
442
0
561
0
931
0
194
625
0
970
0
238
294
365
974
456
0
629
445
0
776
438
328
494
984
309
466
0
817
191
0
858
303
710
0
797
0
0
246
0
0
0
746
0
0
177
0
0
0
343
440
0
728
0
501
669
820
0
0
849
79
118
446
0
142
0
911
0
97
0
966
0
508
0
0
344
0
0
759
903
505
163
936
0
969
0
613
30
990
217
474
0
199
0
734
0
283
470
893
983
497
802
0
0
0
331
0
971
0
0
475
0
0
598
298
409
0
0
0
0
497
0
0
0
0
45
167
487
298
712
459
433
927
0
0
0
0
810
353
204
0
250
384
114
0
0
963
48
397
0
782
783
351
799
586
468
222
0
0
0
95
751
0
0
114
0
0
810
845
0
768
649
227
820
121
0
0
0
0
524
0
0
0
969
0
0
0
748
0
424
0
0
956
457
0
316
726
0
444
520
672
978
349
204
18
992
17
546
963
481
115
0
511
622
810
0
59
0
708
962
136
455
0
257
992
827
0
808
479
892
0
486
0
587
224
0
313
397
322
705
0
889
0
512
351
0
0
594
730
148
874
0
874
0
332
133
0
269
0
903
0
0
658
0
0
279
162
28
691
34
0
0
581
675
0
0
757
0
434
397
0
944
681
0
0
0
78
504
0
658
0
44
345
0
0
43
338
49
438
594
0
640
641
182
814
673
753
19
0
873
853
618
0
0
0
0
687
0
0
0
443
520
618
975
0
0
0
0
577
105
0
0
771
45
756
891
902
0
155
542
129
761
144
0
236
0
0
0
112
40
0
0
0
680
970
310
229
154
0
0
535
546
0
688
0
582
664
0
831
511
782
0
0
704
946
785
930
550
0
272
0
909
96
613
0
78
0
0
457
396
0
0
0
0
0
708
0
260
0
0
0
0
0
0
0
69
0
386
0
70
0
217
481
0
962
886
0
41
0
564
858
187
170
66
199
961
917
442
548
0
331
0
245
0
368
188
0
0
567
124
432
672
533
0
993
0
0
90
104
531
0
0
0
514
55
77
994
771
233
770
0
0
907
0
847
35
292
0
142
122
475
289
0
704
698
586
15
0
729
411
963
770
0
30
748
504
0
0
0
849
496
493
0
248
840
0
0
0
0
0
922
0
0
0
0
344
904
0
699
991
0
165
934
0
0
0
573
736
613
233
0
299
0
0
902
0
502
0
506
0
0
978
399
625
0
0
0
798
0
0
0
472
0
196
496
0
779
577
456
716
220
76
0
45
47
0
629
970
325
985
533
215
468
0
0
0
859
696
575
0
0
279
0
472
0
0
231
138
980
0
956
419
0
990
0
0
457
0
0
854
52
0
0
840
0
0
187
166
0
881
0
990
322
0
160
0
0
0
273
0
0
0
429
96
0
0
715
787
0
715
0
788
915
0
480
418
191
0
386
108
902
432
365
0
0
796
0
92
0
0
659
321
0
0
465
577
128
845
838
247
0
741
0
850
894
0
182
887
793
0
0
499
0
255
641
272
815
0
928
681
444
0
986
190
0
381
282
0
0
0
130
0
0
217
424
658
396
849
854
0
276
0
162
419
50
0
993
611
931
249
150
0
948
45
0
0
0
676
152
357
0
975
0
447
511
0
252
843
149
120
786
0
293
0
394
334
0
978
275
0
0
0
620
0
79
653
183
180
933
0
0
0
907
0
0
999
0
528
813
167
883
768
0
718
310
520
471
0
651
498
483
245
0
194
0
591
270
0
933
32
0
0
0
0
418
436
0
0
229
875
0
804
621
474
0
0
0
496
52
276
0
928
551
708
130
59
136
0
0
258
292
97
792
991
823
0
202
0
50
143
0
0
159
0
0
0
0
918
406
0
0
868
86
880
722
0
225
505
0
0
950
0
955
0
0
505
0
861
646
425
0
707
824
540
976
0
0
839
0
84
990
146
0
396
821
0
237
0
0
787
547
0
0
0
0
0
178
48
714
0
729
497
0
838
571
0
747
395
407
976
418
312
0
0
0
44
0
493
0
0
928
0
0
0
705
86
309
82
520
600
0
978
0
0
111
43
0
119
0
0
999
0
0
0
373
341
552
0
461
728
0
216
417
0
0
711
383
920
648
925
349
736
0
0
872
204
0
47
544
304
0
0
93
843
0
0
0
0
0
0
814
554
0
893
887
0
0
386
574
911
661
0
58
295
0
51
628
0
250
762
847
791
325
161
30
193
0
0
276
0
594
0
184
199
956
345
0
0
0
162
551
0
0
0
495
84
154
191
197
0
244
959
49
0
0
0
0
16
0
0
436
774
0
283
729
0
891
0
552
894
0
828
221
787
0
52
679
584
832
0
0
80
149
0
840
0
537
0
245
0
0
0
771
0
557
898
0
0
0
95
209
85
0
0
693
178
0
980
538
0
531
297
276
666
237
239
286
0
780
0
925
686
690
680
0
0
0
0
0
800
0
636
0
0
457
0
0
248
840
419
708
0
0
0
0
0
0
0
0
0
637
0
461
340
495
393
237
64
0
322
716
265
0
0
978
887
280
804
379
0
0
0
968
177
659
0
0
422
0
0
48
416
0
377
0
0
0
871
0
80
0
0
466
0
36
154
235
591
0
489
0
0
489
0
657
267
0
0
0
702
63
233
412
552
989
641
0
0
0
107
0
276
836
304
832
0
0
811
0
934
786
412
438
734
0
0
0
840
0
50
130
705
495
0
0
190
225
570
835
563
0
880
437
405
924
404
0
345
0
0
363
436
0
0
231
654
0
0
494
393
0
0
0
0
0
810
78
137
431
0
296
699
0
813
0
261
180
0
455
0
932
484
86
0
0
124
667
0
994
34
648
900
990
193
849
675
0
944
0
190
0
0
0
0
578
877
365
0
166
473
660
613
0
0
959
645
0
254
0
0
0
766
481
0
316
43
708
0
0
0
59
86
84
0
190
0
701
640
282
907
627
586
520
85
0
0
0
0
0
0
996
0
0
58
0
494
209
172
152
181
776
0
610
808
0
925
650
183
573
0
373
0
709
757
0
0
0
0
113
0
0
514
63
857
0
0
0
0
0
0
916
865
679
0
0
692
0
0
64
0
443
567
966
42
138
855
607
781
883
105
0
771
649
184
870
674
0
732
0
0
812
0
461
283
726
338
0
0
187
993
136
309
154
0
225
701
0
502
0
0
0
493
225
496
817
384
484
498
445
308
0
102
105
413
0
87
474
977
366
748
761
0
624
318
255
776
916
313
84
0
364
0
376
383
449
0
68
0
935
439
0
281
424
564
786
794
105
0
738
557
787
776
951
0
729
0
389
367
0
0
585
566
0
780
964
842
668
936
0
0
366
0
562
0
0
0
0
628
759
215
0
678
504
470
0
49
260
0
166
611
0
82
191
0
570
640
502
0
209
0
0
0
697
979
413
439
459
0
0
0
914
396
0
392
422
0
0
0
0
151
728
0
0
810
321
0
197
0
663
65
980
501
818
585
0
865
498
638
357
49
692
0
359
281
0
871
646
0
757
0
0
499
0
628
45
912
716
529
380
0
562
55
0
0
686
692
324
35
0
164
530
0
560
883
0
0
0
540
0
439
423
615
974
893
444
438
0
0
0
931
0
520
197
0
835
282
0
209
0
0
0
0
84
0
0
0
624
531
0
32
504
424
634
844
0
356
0
298
941
0
537
139
410
553
291
189
456
627
163
0
500
520
0
0
0
782
0
351
0
0
314
0
37
589
113
659
0
252
854
0
0
787
305
0
0
603
658
0
0
366
233
0
406
375
0
0
611
0
696
765
0
982
618
0
571
99
0
912
999
259
174
512
0
983
520
594
0
0
881
249
258
600
0
0
563
907
0
0
0
0
984
835
539
538
0
0
0
251
0
721
387
50
24
0
0
76
882
612
26
0
300
0
193
0
0
717
624
431
0
988
228
0
128
103
450
169
123
170
588
580
384
0
370
0
89
0
211
730
788
0
0
453
203
0
0
386
0
35
303
0
0
346
0
53
0
620
0
0
672
470
0
725
0
350
0
313
77
0
22
89
0
617
442
497
672
0
0
922
0
150
292
0
244
637
0
627
0
0
0
984
0
0
801
956
0
0
0
0
0
0
0
97
0
585
498
669
0
721
864
337
0
0
212
0
240
0
193
0
190
0
189
0
0
106
0
903
435
0
252
0
752
395
0
0
0
0
127
698
134
0
887
162
875
643
0
0
477
685
203
197
0
0
389
981
388
368
43
927
256
109
0
0
449
0
0
98
0
422
786
0
0
230
0
802
978
640
0
0
990
0
97
978
959
0
880
586
493
0
0
835
0
0
358
0
522
0
233
48
0
0
0
0
835
301
152
390
168
578
0
0
929
0
770
0
0
958
0
0
0
389
202
0
0
893
650
0
180
997
0
457
778
153
0
246
153
0
906
0
0
0
857
930
0
139
975
0
0
0
336
152
224
0
0
44
610
504
0
0
157
0
821
0
0
134
459
0
816
875
797
0
0
0
561
0
349
641
0
0
322
948
792
0
49
461
437
520
225
697
84
539
801
358
0
0
862
0
0
145
72
327
0
821
339
550
177
503
0
835
410
0
229
0
0
25
0
0
31
0
270
451
239
865
0
159
0
532
461
0
0
0
0
617
415
713
694
0
482
579
611
0
690
0
774
90
0
875
0
81
276
845
0
138
627
525
494
83
678
435
145
0
0
387
0
0
0
0
0
607
0
920
237
0
0
0
204
182
0
0
0
45
991
0
0
340
405
85
496
979
0
538
956
0
0
0
751
263
0
152
0
0
647
627
998
629
762
102
0
0
0
46
127
880
0
0
541
0
979
372
418
541
149
0
703
0
0
405
208
0
52
391
375
0
555
961
0
592
296
873
0
986
0
0
0
573
590
0
0
229
0
104
94
0
536
0
88
0
909
567
736
0
169
174
865
665
212
354
130
0
267
88
681
412
931
0
18
814
0
0
160
0
823
111
0
495
924
0
817
413
0
0
0
522
862
751
0
0
0
291
421
95
0
709
0
998
0
802
651
251
46
928
26
312
0
0
555
0
479
315
0
837
547
46
0
0
0
641
421
576
729
0
628
0
425
0
335
0
35
592
0
860
909
713
848
894
0
386
401
297
580
95
0
0
0
0
426
535
965
0
396
344
505
0
0
634
41
414
0
208
256
0
0
206
0
331
992
673
69
344
0
0
0
43
0
393
404
0
384
439
0
0
0
0
0
263
0
0
774
0
641
0
548
938
0
765
190
0
671
465
612
0
0
181
563
291
826
0
0
698
865
0
405
280
882
658
119
0
597
565
668
0
0
330
0
64
349
0
903
444
500
591
798
197
805
0
657
0
0
237
87
375
563
263
0
953
41
0
145
353
447
0
969
0
300
541
676
0
511
129
228
482
396
32
194
0
17
753
0
904
0
0
202
0
0
237
0
0
484
459
624
0
0
233
0
0
0
774
0
0
942
0
452
0
294
157
641
701
563
297
0
609
0
0
0
910
0
77
591
749
773
402
0
478
0
0
39
514
0
0
0
0
0
54
819
874
755
0
873
0
150
0
0
105
0
604
75
61
176
0
985
967
902
0
651
740
0
0
610
0
0
0
0
475
311
0
656
0
0
0
818
868
0
0
625
971
546
19
386
0
0
676
0
119
16
64
345
0
498
0
531
251
0
48
145
152
291
0
0
0
539
60
681
0
863
464
370
0
106
500
0
391
266
492
624
194
0
456
473
852
0
0
567
0
148
0
356
822
0
872
0
174
816
0
124
591
804
187
0
79
0
0
0
901
166
900
864
0
0
350
0
231
834
509
562
160
36
129
228
729
0
721
535
105
193
312
880
775
877
0
87
37
0
0
0
0
963
0
0
699
273
152
50
0
0
0
0
0
445
0
0
0
0
0
72
0
421
641
942
539
0
737
0
726
938
514
507
740
320
0
0
870
716
0
239
214
113
790
0
0
851
621
592
0
336
83
595
621
280
0
750
800
0
0
149
289
0
865
604
162
552
0
855
0
732
0
0
0
632
356
377
783
147
259
0
0
976
0
0
465
433
931
719
783
0
0
339
945
178
687
929
584
617
620
970
0
481
873
70
991
0
357
143
0
0
322
0
0
308
0
32
721
0
0
327
0
95
0
0
60
737
0
0
0
354
556
0
0
0
32
204
825
0
0
454
412
973
0
0
837
810
218
0
0
406
440
0
732
0
0
0
690
102
0
0
33
780
0
17
166
0
701
286
565
872
146
0
897
998
498
0
987
147
0
898
227
0
516
428
86
0
418
0
615
0
451
656
447
66
584
710
0
174
99
0
475
115
853
0
0
0
0
0
999
436
716
363
996
0
914
504
387
0
0
0
647
0
548
452
681
0
0
0
651
0
860
0
0
0
0
626
461
709
21
971
0
285
132
395
407
174
43
627
191
0
44
380
0
0
0
442
0
477
272
992
0
473
0
568
0
83
0
875
0
620
0
549
0
592
0
0
228
37
0
288
0
901
0
353
63
228
0
925
0
300
0
0
27
937
712
169
711
0
287
238
0
0
618
217
165
0
975
0
0
774
265
436
0
102
396
424
50
97
0
821
627
709
938
0
0
726
0
651
0
129
875
648
851
419
0
0
0
0
669
825
0
0
0
521
647
0
0
539
761
778
779
860
0
615
0
109
988
857
203
0
999
0
937
576
0
822
0
404
545
0
189
0
0
0
0
0
0
0
0
338
0
451
0
0
0
0
701
209
198
251
0
961
394
163
790
0
0
647
84
294
0
511
0
481
934
429
0
159
0
0
0
0
0
105
0
634
24
0
835
339
998
0
0
294
863
938
354
0
129
0
632
48
131
899
405
587
198
609
0
923
545
545
865
433
141
98
85
306
966
761
978
296
325
0
378
294
0
0
0
519
386
238
356
712
531
474
0
0
66
0
0
221
87
0
196
802
402
190
0
773
175
51
79
0
0
0
332
444
48
0
865
0
776
983
0
834
0
635
0
365
598
622
0
0
0
96
447
0
0
283
0
0
58
413
392
844
0
585
301
550
629
998
765
157
464
514
556
860
875
632
0
504
0
133
131
262
0
19
0
600
0
542
219
0
0
0
647
506
620
388
811
498
0
0
166
962
609
0
622
0
261
0
0
0
0
98
566
0
0
257
0
109
974
416
0
0
115
0
0
736
910
26
0
0
95
0
61
0
740
544
349
0
368
17
0
993
729
573
0
974
298
810
0
962
0
0
511
0
373
729
978
231
0
0
422
0
0
498
152
177
762
0
190
641
370
507
0
0
648
48
504
0
0
0
0
305
754
800
427
35
837
494
34
559
21
788
0
979
690
0
224
273
124
0
696
668
92
216
276
598
0
135
709
101
88
636
89
931
56
0
0
646
0
975
618
801
545
715
216
531
0
0
998
27
0
0
0
0
540
430
126
170
0
165
0
504
0
711
99
456
409
0
0
886
0
0
0
0
341
0
887
654
494
87
0
356
76
669
390
503
102
802
0
701
0
740
0
0
851
131
0
0
0
316
551
276
0
0
981
557
783
0
0
918
646
481
129
647
0
883
0
0
0
703
133
148
683
0
65
546
374
0
573
284
186
742
239
0
347
783
853
0
329
690
273
134
723
608
799
530
847
0
642
0
0
465
37
569
0
0
318
695
899
248
64
0
0
894
0
0
0
59
687
0
573
715
252
0
552
891
280
0
209
474
0
0
882
0
168
0
0
651
671
563
106
320
0
0
419
899
133
0
316
0
0
0
0
438
603
0
0
953
728
493
0
364
621
755
765
709
188
715
937
963
931
0
390
256
85
804
956
918
417
975
193
23
0
743
654
0
647
176
0
0
0
225
879
709
283
0
487
146
508
637
688
570
0
699
504
662
0
94
723
0
92
321
31
667
0
629
0
0
0
41
736
787
843
918
0
0
804
0
172
977
0
298
612
721
578
835
0
251
465
297
500
0
32
0
0
405
131
0
551
0
0
621
0
0
0
0
817
527
0
0
0
197
0
290
705
225
867
0
0
836
564
0
160
795
430
420
0
893
754
662
703
219
20
17
318
0
156
603
225
0
335
552
0
0
399
902
0
0
0
197
0
465
952
0
284
212
0
212
490
0
0
0
756
874
0
445
0
708
0
0
613
0
149
406
461
552
379
494
152
366
0
941
26
864
0
410
0
46
612
0
0
0
204
626
0
587
262
305
276
0
621
0
0
0
488
830
313
969
0
756
402
981
0
397
668
108
0
349
374
445
0
0
862
270
344
931
874
723
353
311
426
0
244
0
0
559
0
682
467
117
0
174
306
344
500
835
0
0
441
702
396
544
0
0
0
586
481
104
218
297
0
776
639
341
883
0
0
962
0
564
233
715
120
0
728
894
0
393
181
748
151
0
0
337
0
0
46
928
0
609
391
870
825
461
0
198
0
754
0
0
0
0
0
239
704
0
674
227
0
319
870
593
0
896
293
189
716
61
0
96
0
865
243
322
0
335
461
306
0
0
231
0
906
33
0
155
674
0
949
0
188
763
112
773
553
499
0
663
0
370
0
0
476
0
0
924
365
884
305
909
286
0
422
726
124
776
497
136
443
858
0
0
786
0
0
0
0
0
776
761
728
537
300
0
929
229
127
26
0
0
266
716
0
709
0
609
19
800
0
438
0
0
239
0
0
467
582
0
292
0
922
0
735
719
465
0
19
255
0
845
769
175
0
792
0
723
0
370
0
0
0
0
334
122
387
606
0
0
0
569
514
142
951
0
21
463
402
921
947
0
0
0
346
476
0
592
653
24
118
764
534
794
0
84
665
438
0
455
520
187
299
788
0
868
216
828
0
0
0
0
0
139
0
0
0
0
880
312
181
0
492
0
0
21
669
0
0
427
981
603
0
488
704
0
0
0
0
0
0
744
0
374
659
0
964
0
787
486
653
740
779
354
32
125
590
804
466
845
0
429
669
821
0
0
0
0
339
870
0
0
0
0
0
0
547
399
101
466
94
936
533
648
265
907
798
998
235
0
0
0
444
307
166
0
760
328
0
0
618
170
0
915
293
86
417
221
968
0
610
624
0
410
193
212
770
0
0
0
563
0
624
239
454
971
825
923
600
35
557
0
0
830
0
467
0
0
108
0
322
0
140
515
172
58
798
693
279
318
502
0
945
85
229
0
0
656
0
718
0
48
230
947
983
756
0
795
590
0
0
0
924
547
32
743
862
0
0
969
537
862
854
111
0
429
613
355
0
0
0
206
140
55
733
44
721
494
0
257
975
66
0
0
0
880
0
787
177
0
808
318
810
553
0
0
0
25
0
0
291
910
194
214
412
0
0
545
0
837
783
0
817
313
674
582
0
108
0
107
238
406
285
742
248
0
0
262
0
0
35
548
428
0
134
801
282
150
959
0
0
0
0
0
799
715
636
666
870
39
200
114
0
895
866
107
0
821
819
737
478
825
718
130
886
0
431
0
0
311
63
353
550
515
657
912
0
984
0
992
0
199
902
480
394
722
0
0
659
0
0
255
321
291
0
240
0
0
541
555
826
0
0
113
973
285
0
545
542
494
0
953
527
969
227
0
0
0
107
0
0
137
695
892
92
821
23
757
0
0
0
815
0
184
990
0
586
744
0
397
0
716
0
766
0
0
47
796
933
0
289
0
832
426
0
0
429
855
0
312
0
999
0
0
148
539
371
214
487
167
687
885
0
335
0
0
0
309
45
827
0
961
0
418
334
0
711
52
0
810
925
776
0
189
717
0
958
0
0
0
0
77
456
790
0
132
0
865
219
34
0
728
0
0
0
292
0
322
238
0
0
0
0
0
0
977
57
678
0
946
752
0
591
537
342
0
117
0
755
310
0
81
974
0
0
740
664
344
135
473
16
704
677
371
0
122
143
395
0
35
469
24
211
52
918
0
404
995
99
0
0
618
0
44
796
0
126
466
167
0
0
917
502
191
0
225
383
679
0
78
650
916
197
456
624
193
0
31
979
479
0
591
473
0
0
395
521
433
0
559
918
493
0
756
319
0
744
0
406
137
0
0
195
693
0
0
1000
522
0
854
610
139
463
161
0
449
263
0
0
86
0
571
495
993
660
0
773
131
852
0
0
371
0
171
927
857
561
173
725
168
699
362
798
0
861
373
0
839
430
86
0
228
330
0
702
945
812
0
487
808
0
442
0
0
978
505
920
584
422
137
183
313
0
627
431
0
0
0
372
315
698
749
852
0
837
407
647
141
0
21
646
0
0
402
870
922
0
140
285
695
0
195
0
181
691
0
405
0
0
301
771
200
0
65
0
0
562
947
277
0
284
464
287
165
77
558
0
0
625
0
198
0
949
0
581
143
212
648
0
0
681
714
176
0
560
576
184
842
0
811
0
0
666
0
938
88
281
817
298
479
577
548
506
386
275
0
648
832
0
431
573
84
663
163
0
190
0
270
418
0
865
773
0
851
810
174
0
98
0
788
481
364
197
981
593
0
374
515
742
892
0
693
181
0
117
369
833
289
504
517
69
0
0
0
0
636
322
477
0
0
514
0
0
990
754
225
551
0
0
0
0
609
0
0
941
409
977
959
0
0
0
171
0
42
934
844
104
531
0
591
0
988
628
0
414
0
0
191
712
892
105
0
0
108
0
0
925
0
0
0
0
0
65
0
988
0
389
451
541
837
0
402
0
621
218
43
0
85
647
0
129
621
0
0
0
735
659
172
248
92
0
0
691
117
0
0
462
0
0
669
0
0
772
0
0
626
0
173
860
663
0
459
0
416
0
432
0
443
644
902
384
183
145
980
21
508
0
882
617
929
141
781
361
0
0
0
735
614
0
0
434
118
804
722
0
524
0
0
459
0
0
331
0
902
0
950
349
0
48
296
373
364
980
500
228
189
202
239
149
547
405
0
567
592
0
627
539
306
506
979
647
755
290
397
896
719
0
58
0
821
977
0
0
369
0
0
150
0
436
660
716
752
844
400
0
521
0
119
0
0
725
406
430
100
0
0
824
521
496
0
0
180
42
0
493
0
692
0
73
226
844
333
843
0
489
0
937
501
0
15
0
0
854
990
168
764
236
858
433
486
0
0
978
432
0
0
736
80
416
699
0
0
501
520
0
0
0
865
0
46
280
478
0
0
0
191
761
966
620
690
0
765
705
668
293
465
964
798
0
23
57
1000
405
833
462
150
0
708
740
341
800
0
1000
874
402
310
0
675
0
237
614
985
0
434
0
0
305
0
974
664
143
888
180
807
245
60
0
588
0
0
589
653
0
465
836
695
566
0
42
605
63
866
720
663
180
344
0
303
927
0
771
245
399
365
620
955
0
149
0
0
709
376
818
0
128
0
0
0
703
0
882
0
148
336
406
0
778
761
388
0
883
709
225
108
189
0
0
693
262
757
678
522
0
289
0
0
708
0
0
0
0
472
962
0
504
382
922
848
230
804
884
165
0
39
0
0
489
15
0
790
0
117
649
0
696
742
85
896
0
0
602
0
0
0
288
338
699
0
307
115
0
101
285
839
383
309
0
710
0
587
45
0
625
0
0
0
0
0
377
813
757
383
585
0
103
106
893
159
0
0
658
0
0
83
440
44
779
978
811
224
0
188
867
0
716
19
787
279
0
0
0
0
0
504
0
436
740
0
0
996
242
0
305
852
0
261
253
717
292
410
815
317
105
0
0
0
0
0
0
103
818
0
499
862
495
0
419
943
386
0
0
129
52
170
0
530
887
0
0
544
0
524
0
45
0
212
0
0
0
224
756
368
0
0
79
0
872
840
0
0
0
449
0
0
450
0
650
0
0
0
119
39
356
595
0
380
860
296
498
273
0
715
0
349
61
255
486
318
0
0
946
854
301
517
669
660
341
0
996
0
878
0
808
0
402
0
947
448
0
801
0
113
367
271
565
295
0
0
373
208
730
0
929
364
233
405
0
308
738
78
310
711
0
0
857
0
438
0
758
241
740
0
0
0
0
0
340
797
0
0
891
188
0
796
653
505
204
0
0
261
0
0
865
782
169
903
0
532
405
641
0
514
822
621
732
0
0
325
0
124
0
937
0
374
0
0
653
502
35
0
752
610
771
69
0
716
800
0
242
878
0
0
0
352
621
482
937
657
0
340
0
94
581
305
0
0
0
531
0
0
512
632
275
0
0
54
325
962
0
0
800
700
0
0
883
113
0
0
135
573
361
308
0
504
871
0
0
0
0
313
902
0
0
0
183
0
0
537
0
180
0
68
498
0
123
435
180
461
208
421
597
0
0
280
0
0
615
0
0
0
703
963
836
445
96
845
740
0
548
815
0
139
200
0
0
752
0
472
0
0
0
0
0
563
736
643
973
235
83
799
82
0
918
581
68
877
185
0
302
0
0
0
445
0
0
0
0
0
405
462
811
0
940
556
0
769
0
557
0
407
842
34
813
0
0
753
117
0
810
397
0
0
798
92
180
861
47
0
871
0
0
0
638
351
170
0
997
0
0
576
565
0
872
0
0
0
0
378
166
696
133
931
564
0
0
769
779
945
428
0
591
463
0
0
772
844
1000
962
305
808
0
0
0
0
457
242
603
0
0
407
721
0
813
982
765
0
0
0
0
0
76
310
0
0
196
0
0
289
175
906
982
70
783
0
139
123
847
672
0
360
542
999
807
0
0
588
0
246
353
322
155
567
0
0
933
646
544
245
0
455
113
935
357
0
588
252
0
0
52
729
668
0
0
750
0
442
109
294
962
668
148
0
0
0
865
175
354
85
0
184
537
161
65
0
0
400
874
0
852
0
352
563
0
0
383
472
0
292
0
109
0
835
0
989
0
598
151
256
0
0
461
712
588
772
552
45
562
0
0
63
141
0
727
411
287
0
832
749
0
56
955
0
167
219
0
369
685
0
204
705
542
124
0
0
0
425
304
0
80
0
0
439
49
0
580
0
457
0
391
0
0
0
174
800
690
0
988
0
609
92
683
390
160
862
243
0
32
229
134
990
342
0
0
0
0
0
402
504
0
402
621
736
457
383
0
182
0
0
403
210
0
567
117
0
0
683
562
0
714
549
337
32
0
0
881
771
0
666
154
0
0
957
0
908
0
398
0
0
659
234
0
356
759
532
0
539
61
0
0
0
129
432
0
659
0
0
0
0
0
932
0
0
692
314
384
752
778
0
375
628
0
0
816
0
102
477
857
0
0
216
0
256
795
270
322
792
125
0
801
0
0
449
0
636
626
521
310
382
261
0
482
643
242
472
182
0
0
187
0
612
0
969
505
0
623
0
108
270
742
740
135
913
0
742
72
397
488
385
0
162
0
0
0
868
0
346
420
0
774
0
391
681
773
715
681
891
0
0
250
889
761
672
472
321
0
707
0
0
0
484
514
281
0
0
0
395
153
617
0
0
330
54
0
0
0
272
203
0
622
276
65
85
430
344
0
0
590
0
282
586
117
263
562
322
0
0
0
922
253
947
937
973
603
0
0
0
0
887
0
0
690
211
233
0
76
33
38
347
483
0
944
743
482
0
0
731
0
792
0
451
702
596
466
439
910
856
0
0
0
596
587
745
0
0
0
572
364
746
384
0
144
533
0
0
907
824
93
771
466
86
63
424
359
37
370
0
0
415
555
425
0
819
124
149
0
992
0
519
0
598
546
804
420
931
335
723
804
656
150
744
0
0
947
477
173
119
675
848
717
448
657
235
0
292
0
187
887
0
779
882
631
107
631
0
25
427
526
740
45
579
463
0
260
127
0
555
0
873
836
662
178
796
0
0
369
287
0
735
199
672
967
123
51
516
0
105
718
0
114
512
0
0
196
0
0
540
843
0
0
0
857
564
281
589
0
0
246
713
961
0
64
874
591
289
33
0
999
386
261
0
374
956
0
874
461
0
466
0
959
0
755
0
277
0
860
0
0
230
292
0
0
83
0
0
403
0
0
779
0
675
0
924
0
899
243
0
0
486
350
0
793
0
348
238
868
152
864
355
0
263
0
339
636
119
80
916
276
748
0
267
496
309
0
140
543
0
334
0
0
351
236
993
496
465
0
976
0
557
36
0
0
786
0
113
89
0
153
694
0
335
349
755
804
0
780
473
0
238
0
135
0
918
893
723
306
370
845
718
0
397
310
86
0
0
663
0
237
804
410
801
340
799
407
109
210
612
0
882
675
0
29
997
0
255
0
0
751
0
0
469
0
459
375
522
754
745
57
0
0
0
540
487
708
256
0
900
0
992
554
0
0
0
0
0
0
710
0
177
0
0
0
0
0
577
999
0
0
898
154
124
0
794
871
659
0
0
0
0
592
0
0
0
187
865
0
0
937
356
0
709
573
417
754
353
0
0
0
0
0
0
0
0
284
514
0
725
614
884
815
0
0
82
721
0
0
0
690
631
0
29
0
779
291
284
259
898
0
150
0
817
456
808
159
61
0
0
458
869
0
577
168
829
0
0
579
0
0
437
239
147
515
0
0
869
252
959
283
0
963
0
0
0
779
128
0
0
0
0
235
667
0
105
646
0
211
127
906
482
296
35
903
873
0
604
17
568
576
712
0
101
284
975
662
311
0
0
429
48
0
716
81
571
464
0
459
406
985
165
317
113
94
0
0
835
567
969
211
107
924
997
779
0
376
439
937
627
800
0
0
34
0
795
0
521
303
0
365
0
933
38
0
218
0
662
0
843
175
0
0
612
489
0
0
0
370
176
436
0
48
594
0
90
577
845
528
839
0
0
591
0
0
0
0
252
730
698
0
579
873
592
444
0
79
162
166
0
0
531
0
88
186
193
703
426
231
0
669
230
0
0
974
495
287
0
0
430
0
0
105
367
581
918
813
0
117
505
233
631
0
0
291
376
0
0
0
617
0
16
165
955
404
0
284
0
0
0
945
197
0
0
0
0
869
0
478
163
0
168
490
635
674
633
968
0
449
0
376
0
397
730
112
104
456
838
813
0
0
0
0
994
0
738
757
854
788
134
0
611
0
0
500
150
0
552
0
83
822
474
98
636
742
23
219
0
0
0
821
947
0
766
0
993
165
990
416
100
434
39
0
271
305
581
982
989
0
0
0
0
899
255
284
439
0
0
0
640
725
0
0
828
0
0
0
807
134
501
319
0
0
0
0
410
526
595
417
157
983
481
0
0
335
0
280
0
154
534
0
343
0
148
40
531
716
247
167
84
0
95
489
34
0
557
0
0
0
0
0
0
986
860
591
0
0
0
701
0
0
0
566
89
239
0
20
244
906
334
0
983
799
0
0
660
77
754
0
0
0
0
0
565
0
68
765
0
0
623
76
25
243
0
259
937
0
0
0
707
0
832
0
0
536
344
0
797
540
0
665
507
0
194
0
46
890
137
641
0
0
224
227
0
802
0
0
880
187
0
57
440
782
874
0
0
220
0
883
990
814
209
0
648
916
787
0
0
0
887
857
690
0
909
798
0
0
855
286
875
404
0
0
931
0
743
17
0
33
122
0
756
715
0
740
0
558
225
432
0
0
0
0
295
0
877
0
598
683
0
33
427
0
0
898
627
617
640
707
0
234
782
380
637
0
24
0
152
639
0
0
377
339
493
458
939
967
811
811
73
0
398
0
0
94
0
969
726
578
413
542
0
783
0
0
0
76
741
768
146
554
85
0
900
865
776
499
787
453
162
930
0
0
713
197
105
901
0
565
0
545
66
0
56
347
654
318
0
0
387
0
0
636
47
664
773
0
551
0
824
305
489
0
0
0
185
0
151
562
108
38
526
0
751
0
800
0
725
0
234
0
157
640
506
0
39
266
0
140
0
0
0
0
49
29
71
996
221
0
43
0
918
0
293
927
229
941
400
0
0
160
728
351
874
0
0
0
0
0
0
0
0
489
990
679
951
0
305
203
875
0
774
0
848
805
0
166
732
872
620
0
0
257
0
783
0
0
559
155
606
0
795
666
796
344
131
0
0
443
521
0
15
0
0
531
0
0
256
0
270
347
740
486
0
150
0
16
0
832
782
157
0
0
0
175
854
112
815
663
490
164
0
821
0
0
0
0
488
0
283
0
208
625
554
0
645
317
0
95
622
327
0
799
0
680
514
45
850
718
396
893
0
0
193
0
0
628
0
0
643
139
90
573
894
0
604
900
0
146
0
189
0
0
0
853
647
156
0
674
0
339
590
870
933
135
852
625
0
644
496
974
0
0
373
0
302
0
0
714
742
483
45
350
0
0
0
165
0
0
380
640
0
0
693
117
242
84
0
310
0
430
347
0
923
218
0
219
991
59
217
651
103
581
213
828
0
392
693
521
315
874
501
586
332
970
55
47
894
310
821
887
693
657
849
0
729
45
0
0
0
975
0
590
0
657
75
864
0
0
549
0
221
109
646
0
176
603
682
0
0
870
0
39
0
473
0
0
0
902
0
664
790
103
208
0
0
0
0
549
740
0
579
0
469
817
34
955
828
0
637
506
0
693
0
0
128
849
0
680
130
491
0
440
549
135
617
234
0
765
350
836
459
169
0
611
832
863
866
199
0
574
669
468
133
310
77
0
0
520
0
0
178
267
675
692
0
912
603
386
0
0
875
0
386
0
61
0
0
897
0
0
87
974
0
329
0
225
467
949
0
0
0
200
289
16
0
198
0
384
0
143
0
818
730
512
0
76
461
337
135
944
463
793
0
456
0
404
0
536
0
0
175
117
0
0
