0
0
69
0
521
0
0
757
123
0
0
228
0
207
0
0
216
0
463
0
0
584
88
493
0
0
489
0
0
576
0
0
0
0
0
0
46
0
0
0
142
0
0
171
724
0
0
0
0
0
0
0
0
0
0
0
0
462
0
0
0
0
0
0
291
0
0
0
0
977
0
0
244
0
0
371
0
0
0
0
0
660
0
452
147
0
0
0
771
0
645
499
348
0
504
159
0
841
0
0
0
0
152
0
138
370
0
0
0
0
966
0
208
0
715
392
0
757
0
129
630
0
0
0
0
0
33
424
0
672
246
0
91
0
306
295
358
0
0
0
840
0
0
406
0
652
572
560
0
0
76
25
777
0
0
0
540
716
443
15
0
0
985
41
0
249
0
0
0
151
0
0
0
0
0
0
0
892
0
0
989
0
562
0
0
0
117
269
0
0
531
0
0
0
0
0
380
250
0
941
69
152
0
0
0
0
0
0
0
0
0
67
0
0
935
0
0
510
0
0
0
422
0
310
0
0
0
927
0
752
0
0
360
0
0
0
0
0
0
384
535
500
0
0
0
419
0
0
0
0
0
0
0
216
0
0
0
390
0
0
0
688
0
402
370
195
0
0
0
107
0
98
0
0
1000
430
795
0
0
195
0
252
0
0
443
0
0
0
103
0
0
0
0
0
139
0
883
0
0
0
0
0
0
0
958
619
936
0
0
0
438
0
162
843
941
884
0
336
0
0
0
0
0
0
84
894
0
228
578
0
0
0
259
0
587
0
100
296
113
0
0
0
0
795
927
0
145
0
678
0
0
0
0
521
0
869
289
0
0
0
420
0
382
752
140
125
0
0
0
131
0
831
0
737
175
42
0
0
0
0
0
0
583
571
0
888
0
296
517
0
625
0
0
222
0
0
0
234
260
989
521
138
0
958
0
0
469
279
533
0
523
0
0
0
0
0
0
232
73
0
0
565
238
781
276
0
516
0
193
0
0
0
0
0
799
0
0
0
677
0
0
0
420
0
602
469
89
0
262
0
0
0
396
0
208
598
509
0
0
971
100
383
0
529
0
0
0
694
0
52
312
0
81
84
574
0
706
417
0
0
0
0
727
995
81
0
771
341
990
988
0
404
0
600
0
0
564
0
0
815
0
370
0
619
0
0
436
0
25
0
0
0
0
241
173
120
337
0
35
0
0
970
32
0
0
0
0
111
0
0
902
0
0
112
0
0
863
830
0
0
985
438
0
0
211
0
0
669
951
0
0
0
0
0
0
525
0
0
109
0
61
0
741
519
0
0
204
0
0
457
0
0
0
0
213
0
70
0
0
0
0
0
733
939
0
274
0
0
388
0
0
777
517
0
969
233
0
964
0
0
0
0
0
936
469
436
0
283
0
283
0
0
0
992
0
680
961
762
0
0
0
0
836
0
0
840
0
703
490
0
0
501
896
0
0
0
0
558
74
547
672
117
0
867
394
0
0
0
0
0
75
0
867
420
0
0
141
480
245
226
289
0
0
0
0
310
574
0
0
0
775
0
0
434
960
0
382
0
697
686
0
501
0
0
0
255
0
0
0
544
0
0
922
0
721
715
0
0
0
978
757
0
0
0
279
0
283
0
742
594
0
891
0
0
77
0
869
890
0
530
0
0
0
0
703
870
0
783
0
0
0
596
899
293
419
124
608
0
0
0
608
995
0
987
0
0
0
0
0
101
620
0
422
0
0
432
0
45
0
0
838
491
0
0
157
642
522
0
0
166
712
609
0
278
0
0
232
0
0
783
600
354
501
0
0
398
0
354
0
783
841
496
955
0
703
261
152
0
0
0
123
0
0
0
533
25
0
742
0
0
0
0
0
0
0
189
461
0
863
0
0
0
890
0
405
0
0
973
627
792
0
0
0
0
0
778
868
962
0
581
108
606
0
866
0
0
685
0
216
0
0
372
0
0
0
0
0
0
624
0
870
534
0
0
0
0
0
161
193
205
301
11
0
217
794
133
0
801
0
838
0
910
0
0
0
0
0
0
0
0
541
689
0
0
0
52
863
0
886
0
0
0
0
0
0
0
283
594
0
0
0
0
0
34
335
748
0
426
0
142
0
0
187
0
0
0
0
804
0
190
0
0
522
0
382
0
0
0
331
0
0
570
0
642
0
0
0
0
0
0
0
923
0
98
860
0
0
0
756
818
311
0
551
876
0
0
0
604
417
565
416
354
0
449
259
0
361
0
0
901
0
220
0
0
164
0
633
0
62
305
788
803
145
494
0
0
0
0
0
0
0
966
0
438
523
0
0
0
0
0
0
0
0
546
0
208
0
0
430
0
0
0
0
0
249
0
0
0
0
0
56
0
0
322
0
0
0
0
0
0
140
245
610
0
0
609
0
362
863
284
0
576
0
0
0
0
659
566
500
610
671
106
480
0
858
0
0
0
610
0
479
181
0
0
0
0
0
0
0
894
0
0
0
366
818
0
0
0
140
358
0
583
457
0
579
0
0
173
0
0
228
0
67
0
0
0
0
891
0
0
0
0
223
0
0
0
0
72
31
969
992
0
317
0
588
0
0
964
0
0
677
28
0
22
811
413
887
281
0
197
504
490
826
739
197
0
0
155
0
0
790
0
0
0
0
434
0
0
0
225
0
0
0
0
570
0
933
0
318
0
556
0
32
0
227
356
0
0
0
0
0
0
550
0
0
353
0
0
0
0
0
0
895
0
0
0
984
0
217
601
0
208
0
162
0
0
0
0
0
0
0
223
0
0
719
0
428
283
0
0
0
0
233
0
339
350
0
0
991
773
956
670
723
0
169
953
0
0
0
740
486
0
0
551
105
144
0
894
0
464
0
0
869
0
0
0
889
369
0
400
963
0
0
0
914
0
633
0
0
179
0
0
0
417
0
0
0
0
0
940
509
0
0
50
0
0
504
0
0
361
0
0
0
0
0
0
0
0
0
249
207
0
0
843
0
241
992
0
0
34
546
0
0
0
521
0
0
0
960
630
546
558
0
0
0
824
827
0
0
0
0
0
0
0
748
0
0
184
432
0
889
0
0
0
893
252
0
0
0
0
771
739
0
0
262
0
38
0
0
0
0
0
0
940
0
669
0
0
304
0
398
302
713
0
682
0
128
0
0
0
743
778
0
0
946
0
880
397
445
0
0
0
870
658
82
335
716
0
0
89
0
715
935
941
0
173
0
77
0
335
0
0
719
521
0
0
0
615
123
0
0
0
625
879
0
217
0
0
0
0
36
0
0
0
235
0
55
0
936
0
864
0
0
24
798
702
27
590
0
0
607
0
598
0
0
0
673
0
0
0
706
629
783
0
986
129
274
899
0
0
218
0
0
0
806
0
0
232
127
742
0
0
0
0
847
0
0
0
933
761
0
0
0
0
0
0
287
318
567
0
0
392
0
884
0
120
680
0
189
748
208
0
0
0
0
0
0
724
0
0
380
0
0
0
0
0
0
381
0
0
53
333
917
0
512
0
0
933
841
0
0
0
0
0
957
0
0
0
0
0
0
0
0
0
29
0
113
626
0
0
0
0
708
0
0
0
0
0
0
0
874
0
962
628
0
0
0
0
182
786
0
0
0
0
0
363
422
290
0
0
0
0
0
0
876
186
0
0
406
0
216
0
0
0
0
337
961
869
461
0
0
0
428
0
0
0
0
0
0
981
0
0
0
0
0
987
0
0
0
0
0
309
0
765
0
19
0
0
96
0
717
661
514
436
0
946
153
0
0
0
0
0
0
327
0
0
294
0
0
80
0
0
0
0
911
0
0
0
140
0
817
120
0
596
0
0
0
0
0
695
927
0
0
606
395
445
0
280
926
105
670
172
639
0
0
944
0
169
944
0
0
757
510
336
232
0
762
890
0
426
0
72
283
0
615
724
0
0
148
750
0
41
0
0
0
225
0
0
0
0
357
0
341
0
70
466
0
0
716
953
0
0
0
0
0
853
0
0
0
0
865
0
0
0
0
0
0
0
0
0
360
584
992
0
0
660
0
0
486
745
0
479
0
0
218
0
0
0
190
715
0
0
0
586
0
0
0
753
0
219
780
0
0
0
437
0
0
374
586
772
463
0
0
0
73
35
0
0
863
0
430
31
0
960
123
0
0
148
0
0
0
499
0
67
240
425
930
0
0
0
0
0
516
0
0
788
0
0
582
0
0
875
378
684
0
0
818
0
870
0
0
0
647
858
477
0
326
677
0
0
0
0
0
0
0
0
0
0
202
0
0
313
0
0
0
0
0
0
408
383
881
981
0
0
0
116
0
0
0
0
0
0
0
0
0
0
0
0
0
0
0
129
0
0
0
0
0
530
0
142
0
969
0
630
0
0
981
750
0
0
0
0
0
0
740
0
0
177
0
0
0
0
365
0
160
603
31
0
0
0
0
0
0
429
0
623
408
0
0
0
0
473
0
0
0
0
765
0
0
0
0
0
357
0
0
0
403
207
0
0
671
721
0
368
0
0
529
0
0
387
551
120
449
0
0
561
0
0
0
0
0
911
673
0
0
595
362
0
0
0
0
630
0
0
0
0
0
0
0
0
0
992
0
546
0
380
0
0
0
0
0
473
0
0
0
0
305
0
0
708
0
0
445
0
685
531
890
757
0
0
0
0
0
0
0
0
53
0
0
0
0
0
0
70
0
0
114
746
0
534
287
187
899
565
944
527
0
0
8
0
0
0
0
378
0
588
0
982
437
0
0
0
0
0
0
893
562
0
730
0
805
824
561
0
947
0
711
0
0
75
584
0
422
0
565
970
0
0
0
0
0
0
0
558
0
0
0
41
499
0
473
0
252
0
0
162
337
868
612
66
641
0
0
32
447
0
0
682
0
0
0
0
210
125
0
214
695
0
0
0
0
0
0
636
0
381
0
0
0
136
0
785
742
491
0
0
0
0
0
0
0
970
828
0
871
0
174
0
0
0
0
991
0
256
330
853
0
631
149
0
625
0
0
0
0
298
0
704
0
470
88
0
0
0
238
32
836
0
890
187
0
317
233
0
625
0
0
0
0
0
0
252
0
0
0
0
286
0
0
0
286
890
0
190
0
636
799
0
0
0
0
11
854
0
0
0
0
0
0
0
82
722
0
0
0
0
911
0
701
946
0
0
0
0
0
0
0
0
0
0
554
149
0
0
74
0
0
0
0
141
604
727
0
0
0
861
0
464
247
408
0
0
359
0
380
76
0
0
0
0
493
0
310
0
781
0
0
0
0
0
0
0
0
0
879
0
0
0
67
0
0
0
0
0
0
0
146
0
519
816
0
0
695
929
0
244
0
0
708
0
0
969
0
583
0
471
596
0
0
679
0
0
929
0
678
0
0
0
341
0
305
1000
0
0
0
655
0
2
0
303
0
0
0
0
0
0
0
556
19
345
0
989
415
256
0
0
155
929
417
0
0
0
590
266
0
796
0
553
0
0
0
0
0
84
276
0
0
703
405
0
249
588
339
0
0
0
0
0
240
740
0
0
0
0
0
0
0
0
0
0
0
0
0
418
0
0
0
0
0
0
0
496
14
994
0
607
945
0
0
0
434
256
0
0
0
0
334
0
0
944
0
523
0
0
48
0
0
118
0
0
0
27
980
191
0
0
0
0
289
0
31
0
251
479
0
0
0
770
933
0
0
30
0
919
788
252
939
810
0
847
0
0
0
894
0
0
840
870
0
0
0
0
350
824
217
0
987
225
425
0
0
162
0
0
0
0
0
811
494
268
0
0
865
0
0
0
255
0
654
0
0
0
516
0
256
881
7
0
118
0
0
299
0
0
0
271
0
0
0
474
656
0
0
908
960
943
0
0
0
0
0
0
0
684
0
0
575
928
0
0
0
235
198
72
0
408
235
412
351
20
0
0
687
961
0
574
0
401
0
0
489
33
0
0
516
0
0
0
0
0
0
0
0
827
0
0
0
0
930
0
305
337
286
146
0
0
0
168
608
0
0
0
0
0
676
0
0
78
0
0
0
0
0
26
242
0
0
217
632
0
0
0
0
792
0
377
0
0
0
239
0
628
0
859
761
939
421
0
615
0
649
0
661
0
0
955
545
0
0
0
0
0
0
0
0
0
0
0
0
244
395
120
0
760
0
0
0
156
592
0
0
424
927
228
0
111
703
783
973
804
0
964
0
0
0
381
0
0
0
177
0
868
0
0
0
811
168
0
0
0
487
0
0
677
0
645
0
535
0
0
0
730
791
430
132
0
0
380
0
0
0
0
0
0
377
0
256
0
0
646
124
570
324
0
0
871
0
703
0
535
75
0
0
998
693
199
962
0
0
256
888
0
0
994
565
0
686
0
132
298
115
770
0
0
0
0
762
0
705
298
0
0
0
578
193
0
490
0
627
0
0
0
991
0
0
0
0
0
0
0
0
612
0
519
0
494
608
0
0
0
0
0
0
0
0
353
424
0
791
0
519
0
0
625
615
0
109
619
0
577
717
0
762
0
0
985
0
618
0
445
0
40
0
166
0
202
0
0
0
0
339
208
492
674
0
188
0
0
0
0
238
0
0
513
0
608
73
0
987
0
78
852
0
0
190
0
0
210
0
0
576
672
752
0
0
0
0
0
792
190
0
0
773
0
0
0
0
0
0
0
708
66
0
816
0
268
0
0
0
0
0
0
0
0
0
386
0
0
0
441
0
997
0
0
0
602
0
0
187
254
0
0
0
0
358
0
0
649
541
794
713
0
449
631
0
0
0
277
0
123
0
939
0
666
0
0
790
0
0
0
978
380
0
579
0
0
0
638
756
0
0
572
0
0
0
0
433
0
0
10
0
246
0
0
0
902
0
0
0
0
56
677
956
0
36
53
0
357
0
0
0
641
286
0
0
0
0
487
0
0
0
0
156
0
560
0
143
0
483
0
0
943
56
0
0
0
0
0
0
0
0
339
0
0
0
0
0
0
0
0
887
745
0
0
0
0
19
0
0
0
0
594
612
243
604
0
0
0
0
0
0
0
900
0
0
869
0
488
0
0
12
0
187
0
698
330
852
0
0
0
0
0
0
0
0
0
501
596
0
0
0
28
670
0
0
333
309
0
0
0
0
0
890
0
0
0
0
0
0
0
0
0
276
0
0
601
0
466
829
0
0
0
0
437
386
0
0
0
696
0
0
0
494
0
550
0
0
866
533
48
0
301
0
418
0
668
0
0
0
678
517
0
0
795
0
493
702
0
0
0
0
505
0
0
0
0
126
518
0
0
0
0
0
862
0
481
657
478
122
714
0
91
360
259
0
0
896
899
0
522
0
0
723
0
0
917
0
341
516
365
445
0
0
695
0
865
0
0
0
0
156
276
0
468
0
0
404
174
938
212
0
79
0
985
0
0
0
0
0
278
960
0
812
0
0
896
622
402
0
0
959
0
428
0
136
304
0
0
624
0
0
840
0
531
0
0
0
820
442
699
841
0
867
183
414
0
0
548
0
0
0
0
0
637
0
0
0
0
467
0
0
0
0
0
0
112
0
293
0
0
322
22
0
0
0
0
765
0
0
0
0
32
190
929
418
0
0
677
0
0
0
0
468
0
0
749
771
0
0
0
0
0
0
0
976
817
0
200
974
0
198
471
292
0
0
749
209
0
0
0
78
0
0
160
0
0
0
491
0
0
0
0
0
0
0
0
815
0
0
0
661
0
0
0
64
0
0
401
582
0
635
0
0
0
45
676
0
800
0
0
0
306
0
587
799
0
0
419
0
382
0
811
169
748
235
512
0
70
0
160
685
447
0
0
0
0
676
0
0
0
560
0
0
0
0
0
0
426
183
0
0
304
0
0
0
0
0
0
0
0
0
0
517
0
876
559
869
0
0
0
76
599
0
0
0
0
0
0
486
647
0
297
0
0
635
0
0
0
0
0
861
554
0
0
365
0
0
920
0
212
0
340
0
0
0
358
0
0
0
477
0
295
0
0
0
0
0
124
778
0
0
413
953
0
0
0
19
466
788
603
531
0
636
244
0
0
0
645
353
386
0
601
0
749
0
0
0
0
331
0
344
0
253
214
162
766
0
232
0
406
0
0
0
413
464
0
282
71
383
239
0
0
375
420
0
836
0
0
7
261
0
0
279
973
0
404
0
0
0
589
0
721
427
590
0
918
0
0
0
0
0
419
0
0
0
0
0
0
236
0
46
358
0
100
0
863
0
608
868
0
0
887
0
0
55
0
0
0
0
31
890
0
799
0
0
255
0
0
424
0
143
0
404
771
0
0
0
0
0
0
0
298
0
0
0
0
261
0
83
672
0
0
476
0
526
0
738
0
771
0
0
0
0
0
829
55
518
949
377
108
163
543
436
0
0
0
356
0
875
0
383
0
0
0
311
66
0
529
824
171
0
0
0
21
0
0
0
0
345
494
0
0
0
296
0
830
558
0
962
0
0
281
0
184
0
933
0
0
0
0
757
682
0
0
0
0
78
535
0
0
0
466
174
0
426
0
0
0
0
0
456
0
152
0
0
0
0
0
822
567
0
0
608
0
716
255
0
0
0
917
0
0
0
0
0
0
0
571
0
0
0
38
0
800
603
0
0
0
818
335
140
265
0
0
0
664
0
0
300
701
0
816
184
885
0
586
0
0
469
428
0
0
0
113
677
0
74
0
0
331
0
0
0
432
936
841
96
716
582
0
0
0
0
708
0
654
0
0
791
0
483
829
938
0
183
331
0
0
0
375
417
486
0
857
0
451
0
560
638
0
137
0
774
0
448
0
0
0
686
947
0
0
110
0
0
388
0
0
0
0
0
0
967
589
0
0
0
612
0
0
84
0
165
0
0
0
883
407
0
0
354
485
0
0
0
0
775
0
842
0
0
0
384
0
0
0
547
0
581
0
0
197
740
0
0
0
0
953
0
0
0
0
0
0
0
0
0
0
0
441
0
0
212
0
0
0
0
0
375
0
0
517
0
704
959
0
0
0
0
0
0
569
869
735
790
0
0
324
706
860
0
356
0
860
0
0
963
0
581
0
0
773
416
719
0
0
0
0
0
38
0
750
0
0
857
0
677
0
216
120
325
0
536
0
928
0
0
0
264
0
142
840
535
0
0
985
672
608
108
0
140
504
486
889
864
0
717
0
0
0
0
0
0
0
0
0
0
0
519
0
0
0
0
0
0
344
0
456
417
0
0
0
193
0
472
0
0
0
0
0
0
0
545
0
487
0
983
0
708
0
0
0
0
0
965
0
0
0
0
0
0
778
0
610
0
0
0
0
859
85
0
0
365
918
120
0
273
878
0
877
544
0
0
0
0
480
0
433
0
479
0
0
500
0
0
438
117
995
606
570
245
490
0
0
0
0
661
0
875
0
0
0
11
969
496
0
0
730
0
997
943
0
79
0
304
0
298
0
486
517
0
0
0
0
0
655
649
0
129
247
270
0
442
0
0
0
0
110
729
0
0
471
0
0
68
555
565
0
465
0
0
117
0
977
0
0
807
0
0
0
683
0
0
0
72
0
505
365
734
0
959
604
684
0
0
648
0
79
718
153
0
0
0
0
420
0
0
0
0
0
610
826
0
0
0
0
514
0
378
0
0
210
854
0
14
516
0
791
0
0
56
0
0
0
0
253
0
152
0
0
193
0
0
678
0
0
0
207
330
782
0
0
381
0
859
0
0
0
100
0
725
0
767
0
0
0
0
0
699
0
985
0
0
0
627
632
0
856
130
904
0
263
839
0
0
446
0
0
260
608
774
165
0
375
0
160
0
0
0
0
171
406
0
795
0
0
867
987
866
642
0
739
551
0
24
0
436
0
684
429
0
125
0
583
994
0
26
430
625
0
0
437
985
0
0
214
0
0
857
704
0
0
678
0
364
0
0
0
0
0
553
0
0
0
0
0
499
372
0
0
0
0
706
0
697
0
883
779
0
501
0
684
253
0
124
0
457
0
457
0
0
709
976
345
0
0
0
0
364
0
0
0
647
777
897
26
0
290
0
15
724
0
0
927
602
211
394
0
0
0
0
197
105
893
798
957
0
0
0
0
0
0
0
0
0
256
242
132
615
0
0
386
0
976
0
162
0
0
0
959
472
0
0
364
0
651
882
0
0
441
0
0
0
0
0
0
0
304
472
0
0
456
0
431
0
0
0
0
278
0
139
74
257
506
0
0
0
0
0
0
901
182
584
0
0
0
0
0
0
160
309
0
80
0
0
654
953
0
629
0
0
652
419
0
469
0
0
0
0
0
609
0
144
252
702
0
946
853
0
623
0
214
0
471
607
881
0
0
0
602
0
0
0
817
0
766
0
0
451
0
0
655
0
0
651
0
0
284
0
0
319
240
70
0
199
0
0
447
570
0
901
0
0
0
0
0
665
782
76
990
605
761
337
0
0
0
0
0
0
241
0
370
0
461
897
334
0
0
0
917
962
0
0
0
782
0
0
419
0
0
0
572
0
145
89
0
0
0
685
0
0
0
0
0
27
0
153
0
818
408
53
695
0
596
945
7
0
0
109
0
0
0
0
0
0
0
261
0
0
0
0
649
0
0
882
0
0
0
0
0
0
0
881
0
0
0
129
384
0
264
0
477
0
112
0
0
0
524
0
0
0
863
914
0
0
385
232
411
983
955
547
73
394
0
0
0
711
0
0
0
482
517
449
652
15
0
403
0
847
367
0
560
0
0
0
669
0
0
0
0
362
155
894
0
590
0
0
0
0
0
0
0
0
0
0
0
217
380
619
0
0
0
0
200
0
232
0
0
560
0
0
0
207
0
0
284
0
0
650
592
69
450
505
39
0
0
861
0
0
969
0
668
0
312
0
0
0
17
23
0
390
309
859
0
0
869
0
0
0
12
0
0
933
0
194
203
0
406
368
0
0
0
0
0
890
0
778
674
257
0
0
0
0
678
262
951
0
0
216
0
863
0
0
0
0
0
0
0
870
0
0
0
0
0
0
118
632
0
0
187
0
696
0
974
0
0
83
822
638
0
0
129
330
0
0
0
0
650
0
298
631
937
0
0
0
214
835
0
0
0
0
250
0
0
294
558
0
0
8
0
0
0
585
0
912
0
0
0
90
418
897
199
0
0
0
0
393
0
157
941
515
0
0
0
0
0
0
0
0
249
0
0
0
0
0
0
0
101
0
0
284
0
464
0
0
0
0
0
0
0
0
0
0
679
0
0
0
0
577
254
0
0
278
0
0
406
672
567
0
0
0
247
782
0
441
0
0
592
298
0
0
0
618
0
522
0
641
0
294
0
0
0
0
0
461
4
0
518
0
0
0
0
0
817
655
0
0
0
150
89
0
0
737
0
0
0
0
0
0
0
0
158
37
0
0
0
771
994
0
370
0
76
0
0
0
0
75
620
0
0
0
790
0
771
607
0
0
865
0
0
0
0
82
0
434
0
0
0
717
0
0
0
960
198
0
0
0
0
137
0
0
270
0
553
0
319
0
69
631
0
0
611
649
0
0
491
414
0
570
0
939
706
0
0
0
697
0
590
784
718
0
448
266
0
731
616
0
0
0
788
0
0
627
0
0
47
0
700
103
0
0
0
0
0
327
388
0
666
0
930
0
25
0
0
0
0
0
0
372
923
576
0
0
739
0
0
0
0
0
473
0
0
722
0
256
299
0
0
0
0
339
0
0
471
0
0
0
0
0
569
0
0
0
0
0
240
0
450
937
0
611
0
0
161
0
725
695
0
0
0
646
71
0
75
0
0
0
70
372
0
0
0
0
0
0
0
0
1
989
0
433
0
0
0
858
847
0
905
883
0
0
698
389
0
0
678
0
0
323
898
0
777
0
0
396
0
867
422
0
0
0
0
869
0
598
0
0
0
647
0
0
0
0
929
0
0
0
0
762
0
0
494
812
292
517
0
476
608
774
869
545
442
381
0
0
70
881
505
0
618
649
0
0
0
19
0
0
0
219
0
777
167
0
0
760
7
85
0
177
0
0
831
0
863
0
268
0
0
0
0
0
0
315
199
0
709
0
0
0
0
227
519
0
0
0
0
0
0
0
81
0
0
216
521
0
0
420
0
0
98
0
0
0
0
0
0
327
0
858
0
70
636
0
0
0
0
792
0
0
0
0
0
0
0
0
413
0
0
0
735
0
0
0
0
0
0
0
39
0
0
0
161
0
0
0
606
646
0
0
0
0
793
0
550
186
573
531
0
125
0
54
0
0
0
0
504
278
0
0
101
0
0
0
451
693
0
146
281
0
401
72
0
0
836
349
220
797
0
583
0
0
0
0
0
208
0
0
0
0
860
0
0
0
262
0
29
0
0
477
0
0
0
0
678
0
0
0
377
0
358
0
550
0
0
876
464
526
716
448
790
487
0
859
0
0
199
0
0
0
522
0
0
19
0
0
0
308
0
0
0
438
0
0
204
0
0
0
0
0
0
770
501
0
0
0
940
978
0
530
675
0
0
576
201
707
859
0
0
0
0
0
0
0
0
614
0
591
0
194
0
0
0
0
869
598
525
0
432
0
0
0
434
0
0
0
0
0
0
0
0
0
381
0
0
0
271
377
0
985
0
0
0
896
749
559
0
0
255
0
0
0
0
0
0
0
0
0
0
214
0
491
725
0
606
0
0
0
718
0
0
0
164
0
0
604
0
270
610
0
0
413
578
0
271
154
0
0
176
0
55
0
311
0
128
0
318
0
680
0
0
0
772
773
240
704
0
0
0
0
0
0
540
0
289
509
0
141
0
0
0
659
0
889
38
673
113
294
0
326
765
114
0
911
0
334
0
0
256
0
0
0
0
622
209
869
282
738
0
0
0
983
0
0
499
0
0
129
861
835
641
414
695
0
646
308
0
0
0
0
34
0
0
0
0
583
0
75
0
0
283
640
0
0
0
543
215
122
0
0
76
0
933
0
567
0
19
0
0
0
171
992
0
0
161
0
124
679
263
0
728
462
716
390
0
0
0
480
45
0
0
566
0
369
0
0
626
0
0
677
0
746
0
0
0
0
0
0
0
618
649
0
866
402
0
0
71
0
0
0
324
0
110
0
372
304
447
384
0
0
0
0
0
0
0
0
718
0
0
0
0
0
0
0
0
0
916
278
0
443
0
0
0
865
610
383
155
0
953
0
0
7
663
54
256
257
359
0
0
902
572
209
674
0
965
351
0
0
726
0
0
0
443
0
0
0
109
245
0
624
756
500
0
0
0
0
0
0
0
0
0
0
0
701
341
0
0
0
0
0
541
0
533
0
0
0
383
771
0
686
706
708
729
100
0
472
570
0
0
0
294
570
0
219
0
0
0
0
0
0
0
0
0
0
864
0
86
0
387
0
0
0
150
0
537
0
0
873
19
0
138
35
0
201
0
0
0
516
0
0
378
0
0
0
820
0
0
603
140
417
817
0
15
0
0
971
0
226
0
0
818
610
225
400
0
0
0
80
0
0
0
534
136
946
0
944
474
239
646
445
794
0
48
0
0
0
239
0
917
947
860
0
0
0
0
0
0
264
969
0
0
0
0
0
0
0
0
34
0
0
0
230
0
0
878
0
0
0
0
0
446
777
0
0
0
0
0
0
0
0
323
398
0
0
543
0
493
0
687
0
315
881
0
0
655
245
0
297
308
0
0
0
0
0
420
100
61
289
838
870
311
671
0
963
0
706
0
0
360
0
0
287
0
0
305
0
656
0
124
0
713
887
0
959
78
76
0
0
0
0
0
0
0
725
0
0
901
0
0
0
0
939
646
777
0
438
0
0
0
0
230
0
0
0
77
0
0
167
0
101
824
0
88
0
0
637
38
0
0
0
0
0
0
340
0
578
0
0
546
146
539
393
0
844
0
318
0
0
0
0
0
0
0
688
0
383
0
0
491
534
0
106
0
0
0
629
0
0
584
0
0
187
785
0
1000
523
0
628
570
40
0
745
301
0
0
599
0
0
0
0
356
0
471
0
0
456
0
477
668
250
0
706
71
167
793
0
164
0
0
0
0
0
0
0
166
0
32
0
0
0
0
149
0
695
0
0
0
0
0
386
886
0
150
0
39
63
390
0
0
928
0
661
0
0
272
0
11
318
0
0
0
0
985
0
382
0
741
0
0
0
551
480
0
0
0
783
708
0
992
0
357
899
742
0
0
0
0
0
324
0
449
0
0
428
0
0
375
0
0
110
0
0
0
767
706
0
0
0
0
0
0
0
0
0
0
0
0
0
0
0
0
0
0
0
0
0
0
0
666
159
0
0
0
130
496
0
0
161
0
0
0
0
0
0
865
0
443
0
0
0
863
0
521
0
0
0
0
0
49
0
487
0
41
402
752
529
519
0
0
0
876
0
0
0
940
0
0
0
0
0
0
565
491
0
0
0
908
859
0
166
631
0
418
0
160
0
420
0
0
0
860
0
0
0
0
431
0
112
312
0
0
0
75
0
550
204
0
0
0
864
878
77
166
0
0
0
0
612
0
0
390
0
88
775
0
0
0
0
843
0
0
0
0
0
0
0
5
86
0
0
3
0
783
0
0
0
0
450
0
0
0
291
0
370
140
0
0
0
157
0
0
858
570
914
0
986
0
911
0
0
0
944
0
0
0
48
960
761
0
0
0
0
0
136
0
0
0
829
0
0
0
965
68
0
697
0
0
0
0
294
461
0
0
760
186
0
604
583
0
0
0
0
0
0
0
0
0
0
0
62
0
0
0
21
0
881
554
615
433
0
785
500
0
145
339
0
0
0
0
0
884
0
948
0
0
12
0
0
857
0
0
0
249
195
125
0
0
310
642
0
0
0
0
0
669
129
0
0
660
0
0
527
0
0
655
0
943
939
871
202
0
0
668
304
0
0
836
55
0
388
0
0
555
0
0
0
0
0
0
558
4
697
0
7
573
0
0
0
916
86
0
0
32
0
0
0
0
0
0
0
0
0
729
24
0
0
462
0
628
0
0
627
414
0
428
0
0
0
129
381
323
882
0
0
0
0
604
427
0
898
0
0
0
0
0
0
204
574
522
0
0
0
933
633
0
274
0
0
0
0
403
0
0
0
0
0
0
421
0
0
0
19
0
0
0
0
0
518
0
0
963
0
565
0
883
0
665
0
0
0
0
0
0
85
531
0
270
75
278
0
0
167
0
0
612
0
0
0
0
0
0
0
0
626
858
416
955
0
0
0
0
167
0
0
0
475
0
0
382
422
358
0
0
0
200
241
598
41
0
372
0
0
0
0
0
694
0
0
0
161
604
0
0
0
0
899
0
0
0
0
207
0
0
0
2
118
0
0
703
0
277
0
0
0
491
0
0
949
571
0
0
0
0
0
779
0
782
524
17
0
518
590
70
0
0
0
610
0
0
387
0
0
0
666
0
0
0
0
0
281
12
0
0
0
0
0
875
0
370
0
0
357
225
208
421
0
0
0
588
324
0
0
0
546
0
0
550
0
307
0
0
0
0
0
0
0
0
0
0
193
417
610
318
0
304
0
0
140
486
202
0
8
0
0
0
0
0
615
0
0
0
0
0
624
0
486
7
377
0
0
581
0
465
699
0
278
76
0
23
8
0
784
372
177
125
0
0
0
443
0
0
101
0
159
0
62
0
0
281
0
770
791
0
0
0
0
0
0
0
0
0
0
0
0
0
13
0
0
215
0
0
710
887
871
0
0
74
514
67
0
0
977
151
107
131
52
457
0
166
205
565
0
0
179
0
0
0
0
745
0
0
0
0
0
303
0
0
0
535
0
123
0
678
0
0
647
261
108
0
0
0
0
0
0
501
0
990
0
0
0
0
718
0
0
0
0
0
283
0
0
446
824
0
0
390
0
0
0
12
770
0
0
0
0
0
0
904
0
0
0
907
0
0
831
0
0
0
0
584
716
0
0
0
0
0
0
0
0
897
186
0
0
0
0
0
312
0
775
712
301
416
479
556
0
398
218
874
817
0
0
671
0
0
554
0
0
0
649
75
339
0
0
517
0
0
0
0
163
0
0
0
0
0
985
0
139
605
0
390
0
0
0
0
0
54
770
413
640
0
0
777
0
149
0
0
0
0
0
0
791
0
0
105
804
916
450
0
0
221
0
0
238
0
742
0
0
256
17
0
655
0
0
0
0
616
0
0
0
0
0
613
0
0
98
831
0
0
0
609
11
354
181
0
0
302
0
0
120
479
313
721
0
970
149
0
27
0
0
0
208
939
594
0
840
0
297
0
543
38
0
773
778
117
0
684
74
761
863
309
0
0
448
0
831
0
501
578
0
0
150
0
88
0
0
88
0
729
0
0
0
0
105
0
0
0
0
28
0
0
0
421
449
0
0
0
0
730
216
0
0
0
0
0
0
0
833
111
0
0
0
746
244
0
0
0
81
0
0
0
0
0
0
32
0
713
0
962
0
0
0
0
0
828
0
0
980
0
661
0
492
0
612
0
0
0
0
279
436
0
967
416
0
0
0
253
257
337
914
859
585
0
266
0
0
0
0
0
0
865
0
0
0
695
130
775
21
24
626
0
0
0
804
0
0
901
0
0
0
299
717
856
0
290
0
53
0
419
0
0
0
420
0
0
99
0
0
874
0
0
0
0
0
0
0
737
84
0
434
278
217
449
0
0
417
0
0
628
596
0
0
368
378
0
0
0
191
684
0
998
674
666
243
795
531
0
0
973
0
800
589
719
610
977
0
0
506
0
0
0
0
817
0
0
863
0
0
271
0
610
537
0
0
0
496
0
0
0
858
0
0
0
916
0
901
0
0
0
690
0
0
0
0
0
0
0
216
920
490
0
0
0
781
0
455
514
0
0
0
643
0
0
0
0
1000
175
574
213
960
0
794
259
0
227
0
682
806
0
0
218
0
0
0
871
74
0
0
0
0
693
0
0
604
0
0
0
635
0
0
603
0
0
0
0
627
124
0
0
0
0
912
655
731
0
0
0
0
154
543
383
0
0
637
0
0
0
881
0
416
0
0
0
450
0
0
0
0
0
0
0
0
138
477
599
0
0
0
959
273
0
239
880
0
0
0
0
0
0
0
0
402
874
371
0
430
42
0
0
0
0
133
0
0
356
0
0
0
0
0
0
0
0
588
0
0
0
0
0
955
199
188
0
0
493
0
0
0
404
0
0
0
0
0
0
632
0
0
0
385
869
0
0
616
0
268
504
940
0
215
155
0
0
38
0
0
0
554
462
955
875
0
904
0
28
0
0
0
0
683
465
536
0
648
902
0
0
257
0
0
0
0
0
635
76
985
566
275
0
653
879
11
909
0
0
795
0
706
70
382
232
0
361
0
0
0
128
0
0
0
0
0
529
0
174
0
0
0
575
545
962
0
790
0
702
0
815
0
0
356
0
0
0
0
807
0
457
0
0
232
0
0
0
0
0
0
278
978
0
122
0
873
0
0
0
161
0
615
0
0
0
0
0
0
0
0
690
0
683
0
802
0
739
0
0
0
0
562
0
620
0
874
0
0
0
0
118
752
617
175
0
0
831
0
892
0
0
417
0
0
0
801
0
0
0
0
0
232
0
0
0
0
0
982
0
0
556
0
928
0
0
0
0
0
0
820
0
0
0
0
0
612
0
0
0
856
0
0
0
411
0
0
0
0
1
0
0
0
176
0
953
19
0
0
0
0
843
433
628
0
370
0
0
221
0
299
0
0
465
802
0
0
165
175
0
22
897
0
0
799
0
0
0
0
958
0
843
388
619
0
0
0
892
0
0
0
0
0
0
697
0
0
0
0
0
0
0
127
182
0
190
408
0
437
0
0
19
289
0
0
0
0
0
0
0
442
0
0
0
875
818
0
0
859
0
130
457
0
0
983
0
90
150
0
989
0
0
530
0
0
0
0
0
0
386
0
0
0
0
0
0
0
0
0
0
717
0
0
536
0
0
0
0
621
0
186
0
0
0
161
0
0
0
0
0
0
0
0
745
0
930
327
384
0
0
195
0
0
0
686
783
838
901
894
0
940
0
742
786
695
715
383
387
0
0
141
345
0
0
0
256
0
0
0
0
699
0
0
589
0
335
0
38
85
0
904
0
0
241
955
12
418
89
788
0
0
101
675
55
76
0
138
323
0
886
0
0
785
0
0
0
0
907
0
421
856
0
138
0
739
165
0
0
0
0
416
387
345
947
0
277
0
899
9
0
89
0
0
0
0
877
388
482
0
989
0
0
0
0
0
600
0
0
0
0
509
743
0
0
927
0
881
551
0
0
604
0
31
0
0
888
238
978
0
0
841
661
861
0
383
140
84
0
0
683
0
0
901
0
547
0
897
0
0
433
0
0
0
0
0
7
35
398
0
0
0
0
500
627
167
357
0
0
238
449
0
0
477
648
0
175
621
0
0
0
0
0
0
388
0
0
0
0
0
0
630
282
59
0
84
0
0
672
660
0
252
0
0
0
501
354
910
220
0
0
0
778
0
0
0
0
981
120
0
991
727
989
0
235
0
0
0
380
0
505
0
0
554
721
0
265
0
750
0
0
263
709
182
370
73
0
199
0
0
0
0
0
0
311
933
663
0
0
0
150
0
0
0
414
0
225
0
0
0
0
290
0
599
902
0
0
0
0
0
0
265
0
224
0
305
0
0
363
770
998
804
0
478
0
647
0
0
0
0
562
0
583
727
733
0
501
0
0
0
550
0
0
0
0
0
0
0
449
0
0
0
415
251
198
0
0
0
0
900
0
867
0
0
427
0
0
165
0
365
0
839
976
584
0
394
933
0
737
627
0
315
0
576
0
0
54
201
0
340
0
0
0
145
0
0
208
0
831
742
0
0
0
0
0
0
22
186
416
0
265
0
0
250
0
0
0
0
55
0
0
0
881
0
992
0
0
0
0
452
0
0
571
995
939
0
0
0
0
366
0
50
0
0
0
606
586
0
0
0
256
0
256
479
72
0
994
513
579
0
0
183
0
0
590
0
0
0
0
918
0
0
345
0
461
0
0
0
0
0
0
199
451
201
128
567
256
0
543
0
39
865
0
339
428
0
421
0
0
0
0
53
0
0
0
0
897
0
387
0
0
0
0
0
0
322
0
0
0
0
715
0
0
0
627
0
241
380
47
147
0
443
0
81
0
0
0
0
164
818
0
0
946
847
0
395
0
0
0
0
330
0
0
0
0
0
565
0
0
0
0
414
64
365
0
311
0
0
857
120
72
0
0
0
897
0
194
0
0
0
858
0
693
707
0
0
257
0
0
578
63
0
0
0
0
475
0
13
0
0
0
0
216
0
257
562
0
0
345
0
224
250
0
0
0
0
780
37
0
0
473
0
0
0
589
208
0
924
0
0
0
0
888
0
274
255
398
0
0
0
353
0
0
0
363
445
0
116
561
893
853
861
0
0
408
0
0
608
0
869
0
0
0
0
918
66
664
0
0
0
0
446
0
0
334
0
203
0
0
47
847
709
0
859
318
19
359
0
493
0
390
443
5
0
0
0
0
0
0
256
730
419
920
959
0
0
0
0
947
388
0
0
0
0
0
0
0
0
284
0
403
0
639
3
0
0
0
221
0
0
117
0
0
771
0
0
0
0
633
0
0
504
880
0
422
0
0
0
0
562
0
0
155
0
235
0
686
73
0
0
126
0
0
0
0
0
0
883
677
273
505
0
0
0
0
711
0
393
0
0
0
0
146
0
0
0
0
516
0
0
0
0
86
0
0
0
0
0
0
17
216
0
490
273
0
620
799
161
0
0
305
0
322
0
0
0
0
426
0
907
960
392
0
0
931
747
767
0
689
0
269
0
296
341
0
0
354
0
0
0
0
0
397
0
290
280
753
0
0
0
631
464
929
770
412
0
0
0
638
488
518
548
401
920
0
529
0
407
0
878
365
0
0
0
0
0
406
0
0
700
905
0
281
0
680
0
0
0
687
546
0
0
0
0
129
382
588
215
584
0
0
0
0
0
0
0
0
0
277
0
0
0
0
780
0
0
0
0
464
3
0
0
444
0
684
111
250
0
21
771
0
103
517
990
388
0
0
0
62
140
0
0
445
933
0
926
0
0
0
730
149
247
417
933
351
0
132
987
756
0
0
0
582
0
0
824
300
0
216
0
734
260
364
0
0
0
368
157
0
103
883
0
0
0
0
0
902
0
0
146
928
0
0
0
381
422
324
0
716
655
0
0
0
239
0
874
0
0
0
0
0
0
0
37
0
426
0
0
0
0
0
136
98
0
877
0
0
0
71
0
0
0
0
988
0
544
783
0
305
358
0
361
0
761
0
105
219
0
0
0
0
408
0
0
20
244
298
0
0
0
0
0
0
212
0
171
701
0
120
877
0
608
0
160
917
0
0
941
0
0
0
0
401
0
0
171
572
378
315
539
0
863
3
884
323
358
0
0
0
0
0
420
0
880
0
0
0
0
899
0
363
55
0
0
284
0
464
0
0
0
0
0
0
323
387
0
0
0
30
645
531
0
625
0
0
0
841
541
788
0
0
0
0
0
0
670
780
0
0
805
625
0
0
0
0
395
115
78
0
12
0
0
635
0
0
0
0
354
325
544
959
774
0
309
962
482
0
515
0
0
0
227
72
0
0
992
209
0
881
393
661
0
0
0
882
0
0
710
0
0
0
0
781
0
635
0
0
0
9
0
770
0
0
0
0
907
3
0
0
0
197
577
0
351
0
694
185
0
0
499
0
0
0
404
777
0
496
689
803
583
0
0
0
0
0
172
0
0
911
824
0
0
0
30
0
120
770
852
572
0
0
0
0
340
419
0
816
485
0
0
604
165
0
0
0
517
0
0
158
0
698
519
0
0
772
0
674
0
0
0
0
521
783
948
0
0
0
887
0
0
0
0
0
0
76
0
958
0
0
0
998
0
715
473
403
960
0
0
0
197
0
0
0
624
0
301
541
0
909
348
0
0
0
0
517
922
955
0
145
457
895
0
870
0
0
639
0
0
673
561
0
359
590
0
687
0
0
0
0
187
0
0
0
0
0
0
184
0
536
0
684
0
647
80
0
449
0
0
37
0
389
0
0
0
773
0
0
0
0
844
0
0
0
0
0
0
546
871
0
0
0
99
455
0
985
0
0
0
89
630
804
0
0
0
0
392
0
136
0
577
0
0
0
0
495
852
0
290
297
0
0
0
222
600
0
0
0
0
494
0
0
0
658
0
0
0
0
0
0
0
0
0
266
919
961
760
0
0
0
0
862
637
0
0
0
21
885
0
0
0
0
375
777
0
0
652
0
0
0
0
0
0
836
0
240
161
965
820
655
0
272
0
0
0
0
200
0
0
0
616
0
0
514
0
566
118
843
0
0
282
0
881
0
0
639
0
444
98
0
0
0
0
0
605
0
0
477
0
640
504
0
139
0
0
969
721
703
0
0
579
0
0
82
0
876
0
437
0
0
947
0
380
0
788
0
0
0
190
0
698
0
0
45
0
0
0
0
0
928
0
0
0
897
0
782
15
890
0
0
327
0
0
349
614
704
0
351
0
245
318
0
0
0
12
0
241
0
0
0
0
833
0
0
0
275
752
388
0
0
59
478
0
0
0
3
0
0
0
323
351
624
0
605
0
0
0
0
600
0
159
0
0
0
0
233
715
261
52
0
0
0
0
335
0
186
944
0
0
595
0
298
76
796
252
574
0
0
0
0
330
481
0
676
358
0
0
586
0
0
480
648
160
26
654
0
0
0
0
0
388
678
0
220
0
0
124
0
0
0
0
11
0
0
0
604
598
550
74
0
0
111
874
0
0
0
617
619
745
0
0
0
992
627
589
0
931
684
877
387
0
0
495
0
0
0
0
0
242
866
0
380
883
0
564
0
0
152
863
0
0
984
0
716
287
0
0
0
0
362
711
0
0
0
939
0
0
762
0
433
852
657
0
0
0
0
0
0
775
0
0
0
0
0
953
0
403
778
0
771
0
0
0
797
591
0
679
0
603
297
0
318
0
450
0
427
41
0
514
0
0
0
0
0
0
653
175
0
0
0
84
647
0
0
208
0
747
111
0
0
694
301
852
0
0
0
0
389
0
0
841
250
0
234
0
964
0
0
0
0
173
0
0
0
318
0
169
374
0
0
0
704
0
553
810
401
156
0
210
0
0
478
0
800
0
0
0
0
0
0
433
79
0
290
0
419
0
674
0
994
666
0
0
0
0
0
263
726
140
308
0
0
49
0
857
0
0
307
67
897
0
0
0
643
0
879
0
0
930
877
0
0
0
241
0
0
767
250
0
0
185
541
0
477
0
0
389
0
0
694
0
0
0
260
0
0
0
0
886
0
0
217
0
0
567
406
944
586
0
0
0
0
0
0
0
0
592
705
0
0
0
122
467
0
0
236
345
469
842
264
0
718
0
0
629
0
847
257
0
0
0
323
0
583
194
0
0
0
417
0
0
0
0
0
0
898
372
0
0
186
0
0
0
0
402
11
0
0
327
388
0
0
0
380
924
221
0
0
0
0
0
0
290
0
600
242
0
0
0
0
0
941
0
989
815
0
978
0
0
0
0
601
249
89
0
0
0
772
0
0
75
470
0
0
847
0
0
298
0
10
0
714
0
0
477
0
494
428
0
0
479
153
0
15
0
0
367
0
249
370
930
898
81
0
0
0
728
0
817
0
0
0
487
0
0
0
0
0
0
0
613
746
0
0
874
909
831
892
384
482
672
0
0
47
0
0
689
21
71
30
0
909
297
640
0
866
0
694
0
0
