0
549
0
890
215
633
951
754
832
645
216
589
900
0
0
943
837
447
0
349
471
649
0
719
770
335
914
957
0
0
608
379
829
735
351
324
558
582
977
461
0
921
620
651
0
383
904
970
616
620
426
648
181
551
930
0
0
0
956
0
0
721
0
0
806
0
463
0
586
243
727
0
0
0
891
728
680
588
927
503
0
0
379
306
834
0
714
723
294
0
308
258
830
677
341
724
0
0
0
0
549
0
521
0
738
518
564
602
634
359
0
289
223
663
282
795
436
393
240
0
0
0
874
473
325
0
747
989
981
482
961
326
575
909
0
0
899
837
301
616
312
517
504
235
684
601
810
929
0
0
376
0
646
0
0
234
600
766
844
277
732
825
255
852
566
902
0
337
786
398
0
0
357
525
614
339
189
261
894
616
399
235
296
240
913
347
0
328
0
0
0
666
0
856
945
201
320
870
243
0
0
521
0
0
407
745
0
0
0
833
0
602
283
0
720
809
0
0
684
892
253
661
0
191
454
903
773
0
490
0
812
902
229
899
713
752
363
318
770
470
0
742
0
600
608
0
0
432
997
328
190
244
0
322
903
827
0
0
0
774
940
0
762
804
0
801
0
533
548
854
0
0
979
0
273
899
839
695
0
0
840
364
945
0
0
431
421
0
0
0
248
546
661
642
381
0
256
877
627
0
890
0
0
0
659
369
550
260
0
530
918
221
897
612
0
224
480
226
363
0
0
573
0
333
306
718
843
742
0
858
0
533
508
948
404
949
0
362
944
525
797
0
0
745
0
945
987
0
535
207
387
797
212
985
427
330
806
609
243
692
426
371
792
705
687
0
579
637
213
741
779
854
847
940
801
774
428
0
559
543
0
186
310
520
0
774
0
281
244
701
961
0
920
0
847
942
658
0
451
0
215
738
407
659
0
0
562
0
597
0
930
790
497
200
711
603
0
859
709
0
510
977
568
278
0
510
279
357
791
195
947
239
0
242
0
452
571
367
914
916
931
544
0
0
496
502
353
255
429
254
502
332
0
492
335
885
860
570
0
0
968
465
0
0
0
525
0
333
321
0
0
482
0
837
479
515
752
536
214
297
183
989
358
705
0
620
0
800
342
0
0
749
721
534
0
632
508
207
0
0
633
518
745
369
0
0
797
905
944
723
0
851
707
381
304
859
254
265
0
284
0
183
0
0
270
854
353
455
277
748
981
227
704
0
191
0
474
657
447
344
0
228
546
839
740
854
0
455
820
261
906
339
720
988
0
0
0
0
588
301
481
499
536
599
597
0
0
472
409
350
584
267
296
369
484
0
337
473
0
0
794
356
970
0
883
444
644
191
802
0
611
0
426
453
267
440
0
614
676
0
951
564
0
550
562
797
0
986
479
448
0
629
493
257
0
199
907
350
189
518
0
458
226
997
701
0
351
976
749
0
0
0
892
212
237
565
484
470
478
0
228
836
0
664
698
375
0
759
914
822
540
952
0
565
0
274
473
385
256
222
707
535
535
0
553
0
810
0
707
289
268
379
0
887
314
792
0
0
346
0
402
0
353
0
517
860
530
0
947
372
408
0
222
0
0
349
348
492
827
0
754
602
0
260
0
905
986
0
0
0
850
857
0
966
638
0
0
762
282
264
740
0
593
759
0
640
597
726
514
907
0
366
814
920
0
0
991
347
846
473
403
348
0
0
367
401
660
995
766
999
0
0
992
0
610
976
0
0
918
550
198
953
0
417
0
273
218
427
0
953
826
538
879
641
969
0
664
0
708
289
233
688
299
457
805
991
516
0
354
413
409
740
0
825
0
0
829
547
0
0
832
634
0
0
597
944
479
0
0
921
832
0
0
0
444
0
303
0
0
0
396
395
0
0
455
744
662
0
319
494
755
477
0
0
963
879
488
0
798
942
0
380
213
181
0
961
0
445
202
0
0
749
770
940
596
617
385
943
333
0
0
334
405
429
967
443
480
799
0
962
513
0
686
933
894
405
306
631
586
227
428
678
0
0
0
658
862
962
0
0
675
0
653
532
479
306
300
772
958
0
645
359
833
530
0
723
448
0
921
0
180
614
505
0
342
528
459
859
223
0
322
864
506
903
362
909
842
255
0
988
919
804
999
992
520
224
0
398
0
217
274
0
843
0
822
834
0
611
380
0
232
235
610
446
0
373
573
478
0
893
609
361
446
0
457
0
778
988
508
743
650
0
552
180
597
642
0
806
308
0
619
464
0
576
0
430
0
359
703
985
352
0
354
0
0
397
739
0
0
0
216
0
0
918
930
0
0
850
832
180
0
539
662
401
736
622
707
994
0
0
730
214
952
299
0
709
657
0
960
578
544
0
676
944
604
636
762
543
554
0
284
0
492
0
394
515
0
903
249
909
814
596
659
0
389
497
0
967
860
307
0
0
424
793
548
418
919
812
228
250
239
647
738
823
0
707
0
624
0
0
303
513
402
624
722
332
0
0
536
489
548
408
0
432
275
648
0
207
0
0
589
289
602
221
790
851
629
857
0
614
539
0
0
353
221
424
381
0
999
0
0
896
0
867
866
507
722
222
561
519
0
0
582
407
0
0
458
0
273
0
487
360
598
661
293
0
810
920
0
293
0
0
425
0
268
749
320
0
0
700
0
0
0
0
646
819
333
0
640
959
604
884
929
853
0
210
851
0
217
519
0
402
0
714
639
617
0
582
468
322
183
671
0
387
0
199
603
266
0
0
900
223
283
897
497
707
493
0
0
505
662
0
0
200
739
640
828
630
418
675
0
629
838
0
345
223
811
0
0
449
531
383
0
0
436
408
748
618
309
476
526
0
0
371
183
854
834
0
0
515
828
0
807
739
454
636
403
0
801
818
0
0
246
885
694
717
349
0
255
693
597
0
191
449
326
264
356
805
0
938
0
0
880
0
0
0
514
373
0
219
0
393
894
972
353
926
0
896
0
0
0
663
0
612
200
381
257
966
0
0
401
353
200
0
285
494
409
619
542
237
0
407
767
890
0
0
587
460
184
797
0
626
0
509
702
886
516
486
324
280
461
671
0
0
799
409
0
310
542
893
0
359
562
573
653
0
540
0
952
664
449
733
0
855
219
873
452
0
321
508
0
215
0
588
814
509
456
959
960
0
0
460
543
0
736
768
380
348
0
772
644
714
359
399
245
412
250
695
0
0
0
282
720
0
711
304
0
638
444
342
736
221
739
285
0
503
0
0
838
0
0
787
497
0
774
0
0
746
991
881
500
0
0
0
934
631
248
0
0
0
736
619
491
988
549
0
0
0
666
846
0
778
875
739
0
562
385
440
0
994
0
619
707
212
415
419
319
0
0
0
719
895
0
529
673
0
638
739
0
0
727
828
676
497
906
866
715
808
0
0
0
775
0
903
865
712
408
0
708
0
943
795
809
224
603
859
199
0
0
528
622
424
640
494
503
0
340
642
494
0
0
0
761
247
0
319
0
944
561
0
285
0
853
689
459
0
456
994
394
0
838
361
981
0
0
628
415
793
966
843
251
208
196
258
499
0
0
277
382
952
262
0
0
0
518
310
0
417
351
684
910
0
685
238
672
864
207
217
712
289
0
203
824
889
713
275
312
918
0
0
0
369
0
425
244
0
285
941
0
0
837
436
0
480
0
254
907
0
303
459
707
381
828
409
0
340
0
0
704
850
422
626
0
738
531
704
245
962
0
501
0
0
215
269
230
0
321
345
682
486
0
930
561
807
944
586
0
250
220
807
891
402
0
684
0
339
968
839
416
0
982
971
500
586
277
859
0
427
596
495
920
816
557
331
0
0
588
335
655
0
0
814
218
846
618
625
0
641
795
551
619
0
470
715
391
234
593
0
0
0
447
393
0
226
859
265
350
762
0
859
994
0
630
619
0
642
0
0
0
271
189
756
265
520
0
890
940
0
298
0
446
0
0
647
776
535
807
930
0
307
260
483
0
0
0
681
0
0
754
0
0
895
0
333
0
843
377
0
434
0
462
393
237
654
0
398
0
0
899
609
587
0
206
920
694
860
946
451
226
0
0
0
363
250
0
804
0
0
0
859
0
718
0
883
0
367
369
303
963
0
0
240
684
363
709
0
189
282
0
223
0
999
418
542
838
494
704
0
0
668
417
545
708
0
519
953
626
369
0
914
303
809
405
587
302
264
348
213
565
337
439
0
461
385
673
233
753
549
310
933
702
0
0
544
834
696
238
590
0
949
0
386
808
345
859
542
695
533
324
775
949
857
213
570
568
0
0
708
0
605
316
674
670
0
647
420
455
0
323
0
0
893
0
603
347
265
0
222
0
0
349
0
892
0
0
284
518
264
0
0
0
0
675
237
0
0
850
271
668
0
0
0
216
344
219
776
875
819
339
867
627
0
255
299
429
0
579
901
748
0
0
869
0
506
499
0
908
300
0
502
993
284
280
825
307
0
699
889
284
495
463
897
0
802
780
284
527
0
424
499
189
0
0
582
0
0
0
836
575
534
0
918
0
765
255
839
676
797
463
783
0
0
940
0
361
0
0
0
787
0
471
0
253
0
510
0
0
740
396
322
730
0
0
0
0
0
422
189
417
0
0
0
228
270
565
843
392
532
0
344
0
467
621
199
896
860
425
216
0
895
761
0
860
270
0
668
947
341
555
878
630
197
661
0
0
682
323
612
0
789
358
0
605
644
0
253
933
562
0
576
506
792
709
828
407
930
719
213
0
393
0
0
0
0
836
594
950
909
247
629
461
424
948
227
762
619
845
511
301
0
649
0
661
573
977
183
458
0
395
864
214
896
629
407
787
0
626
756
545
0
0
0
800
902
0
0
437
0
181
494
0
383
959
779
546
380
0
674
246
644
408
387
719
0
382
245
0
930
287
525
0
751
0
501
855
364
700
0
599
214
200
0
630
394
681
624
256
916
0
0
491
373
384
887
489
977
480
0
637
0
0
468
494
414
802
968
0
319
438
434
0
377
0
894
330
741
0
921
0
0
0
874
0
0
568
0
226
593
0
506
952
0
838
767
497
761
0
265
708
216
228
800
0
0
0
0
411
932
443
0
652
819
416
595
234
963
949
0
573
633
319
200
708
0
0
424
847
328
404
371
0
967
460
0
664
419
914
318
475
599
451
823
736
334
0
183
181
788
0
0
741
833
532
259
606
0
0
230
444
0
0
933
230
642
0
332
957
360
405
0
956
435
603
432
820
870
432
264
951
0
719
473
191
333
278
0
997
759
0
903
299
867
0
890
0
247
738
520
0
344
270
902
0
0
303
0
839
724
459
695
0
0
0
0
0
328
605
692
419
615
705
758
0
0
543
803
0
921
400
886
331
901
746
937
443
689
526
0
448
734
0
318
209
275
240
950
0
927
466
0
671
0
240
0
292
280
0
715
418
0
0
938
0
239
0
753
0
504
930
735
626
412
0
933
655
856
681
0
655
0
770
325
454
306
0
270
701
0
455
362
0
866
345
0
774
0
531
0
519
219
565
0
0
303
0
611
0
507
0
790
778
0
0
0
774
623
0
549
222
452
667
0
0
237
858
727
267
581
0
543
722
728
0
0
416
439
609
995
535
839
569
396
735
0
0
0
546
658
184
202
549
0
408
450
646
518
359
0
536
669
649
878
383
251
486
606
350
589
954
0
0
716
738
0
664
0
541
332
415
0
335
0
903
718
510
854
0
640
744
909
709
507
223
0
0
319
704
890
953
776
843
0
0
0
611
0
866
0
0
238
916
455
0
230
425
0
954
253
0
456
430
953
913
0
363
0
0
421
535
0
743
650
850
0
0
555
676
552
219
0
524
987
447
0
448
276
898
0
724
833
0
653
396
815
0
969
0
325
0
533
405
0
202
633
706
546
630
728
0
510
0
388
0
0
0
464
259
404
0
0
914
747
773
843
279
353
351
597
662
842
657
722
811
587
0
0
245
940
626
875
392
437
411
839
0
866
0
929
0
362
395
0
580
0
323
0
0
876
401
0
543
0
0
780
536
0
354
0
0
400
720
746
960
864
0
0
951
0
808
574
733
765
0
769
935
369
0
433
0
213
304
0
982
401
767
0
0
393
435
677
0
698
523
736
0
744
855
553
187
0
925
909
670
367
764
0
645
506
0
0
957
989
0
742
357
455
976
726
0
255
0
222
0
460
746
944
962
0
369
819
532
0
932
724
507
0
929
0
872
218
0
0
887
0
285
0
285
807
928
277
334
393
603
874
251
976
0
925
899
235
588
0
0
0
0
0
305
0
301
0
0
867
569
0
314
795
546
599
558
594
962
527
0
0
548
426
517
667
540
870
402
377
257
486
0
564
499
748
279
0
694
786
318
315
283
971
832
311
721
0
0
981
490
0
791
277
749
514
319
0
960
561
0
184
991
561
0
298
0
339
0
181
443
459
0
0
0
872
0
441
0
490
689
252
801
858
832
795
685
987
977
0
218
321
351
0
579
235
0
310
850
708
0
769
454
0
886
274
427
778
357
372
689
208
695
831
0
0
860
599
819
0
856
0
502
0
0
302
584
258
488
574
586
779
476
0
364
973
547
383
937
0
0
0
0
182
900
0
286
0
0
482
0
858
195
748
0
907
494
988
578
519
449
797
881
0
501
0
914
867
344
494
0
695
790
238
362
218
441
0
607
410
524
802
821
456
916
919
721
722
0
0
939
729
0
625
0
908
328
0
0
970
775
724
262
399
483
0
617
0
491
783
0
958
593
746
752
629
447
537
639
526
664
0
449
439
0
661
747
681
735
694
360
546
0
289
0
518
985
772
0
561
571
0
862
0
432
377
322
0
608
961
812
0
947
981
0
0
755
919
544
0
531
0
500
285
0
446
303
627
0
0
652
0
778
916
395
0
0
607
0
0
987
0
0
582
0
258
580
573
742
0
329
593
355
885
479
591
519
862
0
0
309
235
0
523
878
728
936
374
797
0
928
0
588
566
448
0
796
984
615
0
759
232
438
0
788
0
273
0
198
406
600
474
853
596
646
971
486
670
0
405
475
942
0
432
381
918
400
0
379
326
902
533
239
227
0
366
477
804
0
0
383
626
0
0
0
0
809
0
467
383
819
0
0
455
0
0
490
410
0
0
0
300
598
416
0
230
838
194
671
0
653
538
631
446
360
330
926
858
576
678
225
480
0
514
614
699
912
0
285
751
425
925
790
493
944
916
852
440
0
0
262
886
290
0
476
864
413
670
0
270
917
0
971
416
0
555
784
200
557
373
0
523
925
189
0
0
0
0
829
575
229
508
0
704
892
814
0
999
676
582
0
0
0
853
215
0
405
255
621
959
416
0
0
0
580
887
689
524
987
0
0
339
808
485
553
0
273
351
193
0
372
429
465
0
0
0
0
301
0
665
685
479
545
0
368
869
741
724
688
762
824
216
0
0
770
0
0
427
672
0
563
905
0
0
239
692
439
0
0
471
741
0
468
926
0
0
0
0
319
215
516
555
918
281
270
0
0
0
735
909
899
948
242
0
212
920
0
992
944
407
0
509
0
689
269
647
587
299
199
779
595
0
0
230
0
0
252
802
0
300
339
0
520
0
0
0
0
0
0
844
0
828
822
0
461
646
474
0
0
0
886
760
0
512
866
874
959
634
266
319
0
494
0
972
339
0
910
204
0
0
367
471
485
328
449
621
0
481
805
0
0
514
406
0
356
0
340
750
851
891
0
222
216
251
0
0
326
0
351
0
713
404
0
191
237
0
963
520
604
0
436
702
934
459
230
776
302
429
896
546
234
0
774
425
323
285
801
821
0
598
808
520
0
0
600
367
975
317
428
0
720
976
997
488
0
510
484
848
756
838
198
228
872
261
656
412
0
403
304
0
474
253
553
311
901
681
0
0
415
0
310
670
951
0
0
630
423
0
733
0
851
349
195
458
0
0
304
285
603
924
564
430
0
0
497
0
423
0
324
0
752
949
452
0
565
0
879
224
636
0
408
886
631
0
0
535
264
0
860
380
963
328
623
0
0
0
858
456
582
416
485
0
0
0
797
728
989
515
0
0
815
633
0
908
405
0
0
610
418
530
933
918
831
868
0
773
0
599
0
0
454
298
555
498
709
268
0
0
180
407
282
775
377
0
302
646
942
430
235
0
774
676
815
562
268
799
271
446
779
493
416
0
327
0
797
458
852
0
558
899
363
0
571
474
484
991
488
0
762
458
748
516
248
456
321
807
348
579
425
0
949
605
0
954
0
285
832
916
0
0
553
0
600
797
0
0
810
0
0
0
0
768
0
577
0
563
804
0
0
608
735
524
590
699
0
438
262
353
282
661
709
213
550
855
0
0
465
0
597
0
247
460
0
497
860
635
468
717
851
0
0
937
775
294
765
647
767
231
564
488
0
0
511
769
678
431
649
0
582
837
318
362
367
657
470
347
0
398
543
0
618
486
0
994
345
930
213
901
216
674
0
692
549
253
876
807
795
919
258
230
0
0
367
728
0
0
0
268
376
433
830
923
0
0
0
0
449
673
0
815
558
0
201
921
0
956
0
454
540
735
0
493
207
0
0
648
468
0
361
842
955
217
0
338
729
0
406
216
0
624
0
376
623
863
763
347
0
0
0
671
412
0
439
947
263
550
684
0
977
301
770
944
914
447
478
846
798
0
554
273
309
324
0
394
682
0
565
748
0
246
573
419
222
0
401
928
685
721
580
838
273
0
975
989
810
0
0
180
422
949
824
567
201
693
687
0
323
435
0
526
0
327
0
385
470
963
305
397
537
552
225
688
746
863
0
0
0
391
665
587
344
0
0
0
0
413
455
654
426
0
346
264
333
979
669
524
967
0
912
242
442
0
0
0
421
809
0
0
461
616
470
525
916
344
0
473
942
217
0
0
476
280
0
0
486
307
337
0
895
644
633
615
452
456
0
277
987
722
573
194
351
0
317
515
0
268
180
0
0
0
688
0
0
526
372
355
0
471
495
356
942
445
334
269
0
223
620
834
0
0
459
450
812
696
282
914
693
520
980
188
932
0
0
922
784
968
803
523
313
0
518
0
343
390
809
450
0
569
647
883
254
367
0
343
982
209
321
0
0
312
0
797
931
0
228
403
0
274
284
487
526
461
736
838
0
260
439
0
761
408
319
705
667
430
543
334
977
0
742
671
193
0
428
0
0
376
422
0
0
0
728
357
413
233
535
0
447
425
971
0
255
940
376
0
562
202
797
0
266
0
972
739
0
269
701
443
984
438
682
182
219
830
0
639
603
898
993
687
180
0
488
395
581
998
0
0
490
0
395
267
220
0
440
261
878
810
851
0
921
517
742
0
544
228
836
348
380
0
0
360
0
671
619
361
930
483
0
869
0
387
200
758
0
953
0
393
0
0
0
0
0
844
0
0
0
433
949
0
0
0
322
897
875
0
857
455
0
412
825
475
583
383
906
465
876
913
280
688
0
0
918
416
0
0
0
626
352
479
867
949
0
390
0
647
183
550
716
0
617
414
716
0
468
383
202
842
966
872
0
485
537
861
901
0
0
314
958
0
620
504
0
0
0
546
0
0
213
843
492
598
0
0
491
981
561
0
461
0
860
719
708
0
0
913
0
603
218
939
329
653
372
0
720
815
0
830
824
688
728
322
0
650
767
0
596
272
503
359
425
0
0
485
0
700
0
920
0
901
543
815
564
0
0
684
0
778
791
528
638
0
364
621
296
762
278
460
382
808
784
506
399
659
945
506
830
999
563
276
705
657
199
0
221
0
0
954
0
0
651
235
600
745
0
839
664
0
181
0
0
661
371
0
988
0
807
0
385
506
270
0
0
0
237
0
780
874
321
729
593
538
429
828
976
633
768
923
567
0
357
897
650
0
757
607
210
939
427
526
983
0
331
647
0
0
199
681
222
447
690
189
0
0
399
340
888
0
737
607
956
374
249
0
883
680
979
941
0
0
479
598
259
444
184
0
323
418
0
0
419
509
853
696
0
311
462
333
682
0
0
684
608
0
496
740
698
367
0
822
394
293
183
799
549
0
944
0
673
499
0
382
0
543
858
363
536
251
351
0
355
631
465
822
997
0
0
0
201
0
413
875
767
757
0
0
0
773
617
338
0
0
484
776
275
528
498
400
876
199
390
490
312
291
0
716
0
903
226
0
0
609
691
0
232
432
0
0
0
768
0
0
938
634
0
0
340
839
737
744
991
633
343
226
639
451
507
0
793
0
383
601
0
945
502
854
375
401
961
834
515
0
854
409
0
628
586
681
233
0
668
245
424
803
727
0
0
976
0
625
885
446
0
0
488
908
577
0
693
526
233
0
0
607
0
0
702
736
906
0
948
883
215
0
0
383
0
680
0
0
0
745
501
182
0
482
275
289
305
661
452
512
0
920
860
949
391
0
789
568
264
764
233
786
736
314
902
941
965
0
778
654
751
821
404
220
190
0
0
0
904
810
0
987
353
0
0
660
0
0
0
810
834
0
0
415
0
0
753
908
947
0
847
0
267
0
354
0
579
0
479
360
0
461
0
405
0
0
687
372
535
857
596
210
0
702
0
621
0
945
644
211
713
0
764
958
0
393
664
616
417
921
0
0
307
195
544
927
0
449
376
0
337
407
0
818
989
0
416
914
683
839
998
889
431
0
0
614
469
0
0
261
955
890
0
950
757
531
739
0
970
929
432
0
255
455
759
995
445
611
903
920
0
310
0
793
250
0
549
300
341
930
328
921
581
421
0
925
235
908
591
330
0
646
510
0
563
0
0
355
0
455
272
939
773
736
621
0
0
609
697
381
0
949
0
499
583
813
0
0
0
664
390
347
465
600
187
355
574
902
371
679
0
486
0
780
965
0
658
602
223
0
256
0
387
361
336
616
635
264
0
508
737
455
0
425
601
607
0
0
616
0
997
535
429
820
914
766
202
380
249
0
0
542
666
966
220
754
310
0
555
287
404
400
0
535
0
899
0
328
519
926
0
474
484
0
804
449
323
0
447
0
503
427
617
906
0
0
0
840
203
253
967
0
274
860
0
0
751
187
433
568
0
909
382
410
0
767
939
0
320
0
725
0
879
352
289
0
565
0
0
0
0
0
499
501
329
0
0
492
587
0
264
707
576
0
0
874
0
0
620
0
328
207
254
261
822
999
0
0
909
293
515
893
846
843
807
0
933
502
878
525
371
886
543
0
400
235
310
0
862
858
301
0
848
610
0
673
435
471
425
412
359
526
338
0
945
609
840
0
0
506
0
0
0
652
832
983
0
577
824
0
352
898
0
431
969
723
0
712
996
486
221
277
622
361
662
0
577
0
375
362
436
708
846
540
698
0
0
682
0
0
0
644
548
467
525
935
344
0
426
376
190
387
502
906
540
0
0
232
814
0
828
0
0
251
891
0
702
993
630
0
0
331
722
743
720
588
850
0
0
576
0
0
756
418
0
0
0
495
971
825
425
983
0
948
644
697
203
0
0
0
619
320
0
379
0
0
520
616
633
0
523
671
241
0
0
678
674
310
0
829
0
489
695
826
0
398
238
640
603
0
653
478
270
323
0
753
250
924
420
549
855
0
376
755
260
267
953
0
648
0
244
797
332
339
952
0
749
235
596
0
0
359
778
208
402
895
0
284
197
751
967
901
728
650
746
0
708
970
0
678
665
0
838
530
608
815
526
356
0
475
0
0
0
883
211
381
253
506
0
0
367
0
927
524
376
403
810
0
0
759
346
550
216
953
945
554
689
0
0
0
570
0
456
395
793
251
496
196
378
808
345
845
698
881
0
0
414
0
272
274
282
926
350
319
0
0
0
0
181
646
0
212
0
720
0
992
770
610
659
425
807
562
875
196
0
0
0
280
661
0
460
746
0
850
960
0
0
775
309
225
685
886
198
933
735
558
0
942
255
583
0
331
484
215
713
0
967
0
619
367
0
903
0
328
528
580
768
743
0
917
0
354
181
933
695
404
260
429
776
340
764
673
0
215
368
0
0
0
359
963
580
367
456
906
470
521
523
0
933
789
188
740
0
679
732
731
713
0
551
0
322
985
492
988
565
0
940
446
0
0
739
573
739
258
684
333
544
825
0
501
0
937
0
0
864
0
769
724
235
480
479
760
228
918
524
0
327
445
940
383
485
647
776
0
0
949
0
0
320
0
903
0
278
0
188
411
718
351
195
646
873
0
180
827
252
206
306
531
232
380
0
195
0
304
902
892
939
0
231
0
562
768
499
762
259
390
208
0
769
0
471
0
534
0
750
187
651
0
930
0
903
427
335
0
0
610
596
0
389
268
454
653
0
499
0
0
834
307
0
855
664
443
416
0
0
0
454
262
0
0
545
0
872
831
590
201
0
334
376
906
0
0
275
0
764
0
274
0
0
927
0
278
0
569
621
571
928
544
853
734
676
660
274
478
0
375
836
0
0
829
955
0
0
558
385
411
0
540
868
672
912
661
0
262
199
476
860
832
0
0
184
838
753
764
862
286
228
0
0
234
827
330
885
0
274
976
617
373
497
749
636
0
562
0
339
843
696
0
682
364
419
689
439
555
0
0
0
399
523
514
0
512
261
868
699
921
385
269
0
465
700
0
528
383
958
499
860
652
379
524
328
0
569
0
523
854
365
675
526
0
411
570
0
391
729
933
641
760
0
0
948
460
0
795
316
600
228
538
919
695
692
946
473
0
362
311
0
0
386
0
334
801
0
979
216
450
590
0
0
600
0
806
860
0
473
0
385
573
0
320
403
540
385
0
968
377
238
699
323
700
914
526
609
676
951
305
886
483
878
614
368
866
656
0
0
0
470
0
562
876
0
199
498
0
0
583
0
832
0
376
528
188
621
523
0
568
247
512
218
898
656
408
199
0
222
671
575
579
0
186
947
0
611
795
362
540
284
583
314
0
638
371
476
0
954
271
0
290
0
535
0
652
0
0
779
782
541
0
0
766
0
609
570
0
385
0
943
478
967
0
0
0
440
277
839
0
590
889
612
0
318
0
995
552
0
0
274
0
728
699
869
874
412
773
438
956
963
223
202
913
920
681
400
680
393
813
0
983
0
403
580
411
571
854
568
0
700
0
348
294
305
917
328
669
491
375
896
0
0
913
247
0
458
0
857
498
392
0
866
0
456
561
908
751
0
994
436
0
902
978
624
519
0
493
620
0
981
0
956
844
0
243
0
588
256
918
333
0
860
0
801
952
0
382
416
434
0
284
0
599
475
448
535
219
808
301
427
617
936
912
741
959
0
0
262
0
305
620
797
280
0
222
876
0
664
0
751
0
520
810
768
718
928
365
247
700
0
0
0
702
866
881
0
0
660
964
0
713
981
587
0
593
404
311
296
282
927
596
600
540
940
749
0
461
0
0
916
0
379
357
0
446
0
0
891
488
0
0
0
277
774
692
0
301
222
550
0
893
307
700
818
664
994
952
0
0
949
495
789
214
599
734
839
0
574
0
778
0
374
0
724
634
403
599
353
454
397
834
0
688
901
447
199
0
616
0
187
577
616
0
743
351
544
675
512
0
0
0
578
0
384
815
562
562
0
0
0
594
202
576
742
251
872
0
586
294
521
825
0
0
870
914
0
0
899
571
0
894
636
857
992
0
0
0
352
811
769
0
0
732
940
426
968
481
707
198
0
609
0
0
0
449
0
262
982
462
0
463
358
200
451
0
569
524
733
0
357
491
797
285
688
266
304
0
282
540
537
0
266
0
543
690
390
0
417
0
433
824
633
0
0
195
853
526
218
348
0
578
0
891
603
233
719
0
0
0
0
196
995
754
614
0
0
793
586
485
0
933
572
201
890
954
862
0
808
360
630
334
190
343
874
955
821
322
343
833
340
0
721
825
0
371
465
499
535
953
334
361
0
0
0
733
619
0
971
393
386
897
0
0
823
318
396
987
765
867
372
783
0
751
762
319
0
0
661
735
552
0
0
0
815
189
490
745
921
664
568
0
0
759
917
646
734
0
898
294
702
0
891
0
772
0
323
456
733
0
260
973
847
0
613
643
439
526
0
571
482
616
386
645
887
675
0
0
487
409
329
446
727
673
956
0
501
841
886
640
424
0
0
255
762
792
0
536
535
0
405
446
424
0
246
0
707
0
500
237
808
0
605
630
736
209
735
447
0
569
689
0
928
425
824
0
474
454
709
0
225
459
972
918
564
0
312
501
0
390
0
352
523
346
0
873
676
411
656
305
866
384
603
772
0
0
0
337
0
376
689
775
725
936
459
0
541
962
916
436
919
512
338
925
206
0
235
907
0
229
491
685
0
525
243
256
0
193
419
0
342
0
0
852
804
705
0
599
0
417
429
0
793
0
885
855
212
0
586
654
345
802
644
394
334
275
0
0
769
0
208
958
0
925
216
494
253
298
213
493
688
450
739
416
0
0
291
182
0
347
909
898
671
550
354
0
660
570
408
917
881
815
233
0
0
0
0
0
0
337
0
0
538
0
523
764
0
497
0
625
0
288
741
337
432
541
0
219
884
181
198
0
509
413
278
919
353
236
811
0
777
0
806
566
0
687
0
597
553
0
967
457
548
646
694
219
415
518
277
0
859
780
0
681
0
240
0
448
935
314
695
593
588
790
0
0
553
555
550
207
746
812
0
0
0
399
0
0
307
465
382
0
241
216
181
180
274
0
199
328
0
562
719
323
0
0
0
792
0
0
0
0
351
0
414
300
548
0
0
982
791
241
0
0
682
713
628
841
0
0
0
528
0
0
0
637
376
0
366
366
0
0
0
902
801
0
525
0
0
273
443
0
418
819
717
873
419
310
859
398
542
284
253
624
183
950
0
276
369
795
831
746
566
493
0
972
311
498
855
0
863
696
269
0
684
340
716
482
195
600
410
431
0
953
933
827
478
391
0
669
0
562
0
456
337
0
792
0
685
930
385
605
688
825
410
290
828
201
0
654
376
665
480
304
646
774
0
364
360
0
844
916
0
0
659
628
0
0
214
0
363
0
463
0
0
579
0
0
810
218
480
778
919
333
349
452
319
0
0
0
695
527
933
256
181
0
546
898
0
546
0
752
448
944
770
339
901
709
0
0
0
282
701
0
0
888
0
275
544
187
0
969
0
945
695
252
0
729
222
491
660
0
0
733
0
0
0
685
0
593
884
697
0
882
490
797
417
908
625
620
880
801
777
312
248
647
414
920
575
719
988
357
979
0
614
0
647
925
858
0
0
0
0
337
533
637
333
472
0
427
799
988
812
0
0
0
0
417
427
0
533
0
562
916
788
927
658
0
433
599
0
629
0
916
0
0
681
268
0
648
0
914
443
626
778
0
903
289
927
355
767
723
678
554
404
206
375
933
671
375
964
0
0
0
376
337
0
930
593
0
220
647
551
332
559
525
0
440
0
681
571
453
198
189
394
553
916
769
774
0
0
0
727
260
272
418
0
190
556
410
0
0
586
786
548
213
321
409
707
0
0
508
228
640
255
321
0
351
596
899
324
424
0
0
0
466
184
724
0
558
860
447
796
852
0
910
0
0
465
468
0
693
984
352
791
737
226
305
0
574
939
0
674
689
260
306
836
641
575
896
0
0
0
260
689
0
0
385
884
220
0
0
379
0
0
571
722
0
611
612
614
204
821
0
736
0
0
0
0
199
0
530
956
539
879
231
0
0
348
430
0
0
243
398
854
741
0
350
289
953
962
743
250
959
693
508
0
684
495
609
775
499
576
0
0
0
202
833
213
594
599
537
984
440
427
204
0
0
0
0
391
520
438
479
528
607
0
661
449
902
0
712
310
0
429
531
0
760
579
0
713
594
196
973
775
0
0
605
697
647
0
0
941
524
981
918
0
699
308
0
423
0
473
405
0
340
0
498
496
928
963
362
609
917
333
532
586
953
849
0
485
0
727
0
0
779
0
584
268
826
513
650
239
604
597
0
719
910
920
587
949
189
506
491
741
671
549
0
304
962
819
639
615
0
672
0
415
180
597
361
665
980
682
867
638
956
0
452
376
371
320
996
0
0
776
232
0
0
0
0
981
202
995
847
725
538
351
688
0
551
379
941
0
688
563
0
0
471
428
930
191
587
566
829
0
788
0
469
0
545
0
636
507
341
535
0
898
0
0
713
780
0
0
0
0
854
482
267
379
538
0
0
647
884
0
215
895
0
816
0
857
0
792
373
833
0
0
653
0
527
0
526
0
0
0
0
0
407
0
842
587
188
182
949
0
374
609
512
0
679
0
486
829
0
340
380
829
0
186
913
587
576
754
0
936
0
0
825
882
332
0
524
688
0
224
725
193
0
561
207
808
782
287
0
193
575
633
0
392
741
643
301
368
589
0
848
0
605
726
805
900
0
0
357
979
847
0
296
0
879
686
552
738
929
191
0
0
685
557
206
213
0
709
384
532
240
408
396
982
0
856
664
759
262
563
367
310
282
247
955
344
932
219
0
364
249
691
0
337
0
725
221
0
570
764
0
955
948
947
247
0
742
614
613
459
523
414
410
490
559
0
981
563
224
0
510
838
746
842
240
0
282
0
307
0
565
0
364
257
0
572
756
999
893
616
712
944
420
0
739
414
0
0
525
0
940
837
369
887
641
933
180
823
853
449
588
529
238
331
920
570
582
828
887
259
0
450
815
401
0
0
0
232
886
905
471
670
775
460
217
0
0
830
390
621
0
0
920
407
486
0
277
489
0
673
195
0
460
0
0
593
251
0
643
0
764
300
290
797
525
571
918
0
725
510
0
441
473
926
0
660
614
535
509
696
611
752
508
674
370
437
0
611
649
284
0
445
224
195
495
0
0
891
614
273
801
479
484
314
969
894
597
0
0
326
814
673
672
0
694
568
0
407
489
606
292
646
0
767
548
502
449
438
290
0
485
951
377
0
0
0
0
0
0
296
883
232
860
0
0
879
622
695
456
0
0
0
0
611
458
404
872
0
439
541
0
548
828
417
0
722
0
0
193
838
441
0
892
474
571
436
215
272
0
602
554
606
376
936
0
0
343
210
434
0
0
423
0
898
860
399
0
728
339
899
774
515
0
792
0
405
642
707
210
264
509
0
864
0
860
0
0
930
977
0
280
518
969
0
426
0
439
0
0
0
328
0
0
497
338
0
922
639
647
762
680
432
949
818
780
352
361
826
395
215
304
558
795
795
0
311
0
793
526
962
497
0
201
908
440
0
699
471
0
746
473
892
0
900
336
0
585
975
0
922
701
0
0
465
641
0
960
878
949
441
0
378
0
269
0
278
0
680
189
839
428
752
337
0
664
306
0
0
851
356
456
638
207
588
946
0
0
719
480
0
0
359
0
0
517
0
0
788
476
239
449
0
302
860
729
0
784
603
183
278
979
0
391
989
965
289
662
0
793
368
902
385
316
362
857
296
586
586
0
916
0
0
0
625
0
611
308
428
561
842
926
474
900
0
450
832
576
349
765
0
828
935
712
769
0
209
557
979
499
0
644
685
456
740
768
745
0
588
261
695
0
536
473
0
0
631
806
624
0
805
959
739
217
335
451
708
836
213
0
230
715
0
325
393
667
302
661
0
864
692
621
630
646
635
0
413
968
898
550
460
941
0
0
0
0
0
0
398
251
0
892
411
600
540
498
282
294
485
571
436
625
982
654
620
681
612
0
930
207
240
0
571
336
450
0
0
523
786
993
838
994
892
639
602
808
477
264
546
658
618
502
340
968
615
0
0
0
927
894
0
559
214
0
346
708
586
308
0
217
0
960
0
712
655
226
0
575
0
637
444
418
536
0
435
540
584
747
273
413
439
0
423
942
468
406
455
803
993
716
382
0
0
789
416
658
565
577
238
496
0
939
0
228
284
392
927
521
0
482
919
0
791
376
880
571
614
423
191
808
0
660
436
0
832
0
0
591
423
0
842
622
851
577
444
0
280
199
344
449
0
0
560
775
460
278
539
0
503
616
0
543
297
0
0
289
227
0
0
519
938
0
0
289
0
0
605
534
393
0
0
0
669
533
677
870
258
681
0
670
0
481
0
430
717
216
654
523
687
0
808
0
768
568
914
602
0
0
640
196
0
0
540
538
583
0
596
825
933
616
512
288
241
665
801
453
204
0
587
782
282
614
215
585
576
523
591
0
0
0
651
583
190
0
287
495
281
740
862
463
483
0
307
440
703
637
527
0
0
399
840
0
183
794
402
233
428
619
303
0
0
0
727
0
0
0
316
0
0
0
0
0
649
405
0
402
488
735
198
0
0
805
733
235
851
0
426
313
180
617
784
479
0
264
683
223
0
375
603
378
359
231
868
919
314
866
600
0
572
386
338
741
0
480
777
198
821
473
566
287
0
535
272
975
349
786
423
0
0
386
0
808
295
539
758
540
0
0
0
625
0
198
344
878
403
866
0
0
0
235
364
186
989
356
0
688
678
464
513
402
0
460
828
203
814
0
674
918
0
468
933
938
878
0
698
377
574
694
406
270
471
0
0
0
0
624
0
0
0
414
506
598
0
764
839
0
0
362
0
808
963
0
672
695
0
0
540
0
201
645
925
337
0
304
312
189
0
405
829
0
307
509
0
0
765
993
0
0
386
0
265
341
0
733
305
985
278
277
193
287
890
205
720
240
974
579
0
0
379
296
945
310
358
970
353
299
0
0
402
0
880
543
676
824
218
363
670
0
0
494
230
0
383
202
523
257
586
360
600
917
741
0
851
774
0
0
346
518
488
716
399
259
938
233
998
256
0
436
653
345
580
562
912
692
638
456
940
870
890
887
206
432
682
646
248
394
736
0
0
193
0
696
602
922
0
838
842
651
0
265
0
0
836
723
818
194
488
301
609
672
840
0
553
737
203
602
810
0
306
240
0
520
705
0
0
457
0
576
624
714
0
0
497
889
846
250
0
765
0
414
642
239
251
633
736
486
779
546
474
0
0
514
349
676
937
376
264
0
395
0
659
444
634
786
889
0
0
708
478
845
367
768
661
946
371
561
749
914
954
675
0
541
713
774
647
553
0
340
788
575
565
611
554
701
828
994
622
583
808
341
0
0
0
345
0
0
0
537
0
540
668
498
559
0
479
197
842
0
834
913
0
0
0
883
517
805
0
0
722
639
0
736
906
713
618
0
647
255
836
802
0
0
486
706
0
0
476
0
853
971
468
406
195
815
775
623
333
343
581
468
945
184
0
736
431
387
499
846
270
698
456
499
0
473
476
908
0
0
862
0
235
0
628
0
414
916
0
0
0
633
0
752
606
0
935
892
851
190
295
0
836
0
0
965
865
0
408
0
655
189
394
0
0
0
0
238
0
0
0
347
431
774
620
444
860
991
658
430
332
617
0
768
866
275
625
804
420
839
594
968
332
753
606
546
744
564
0
289
596
416
926
0
458
562
294
863
979
390
998
383
506
0
0
314
0
361
501
540
323
881
906
762
262
0
0
751
461
0
0
0
907
219
841
364
920
769
0
498
469
0
364
508
376
0
712
639
577
0
539
733
723
345
965
0
0
569
568
455
0
851
0
0
254
0
0
0
369
0
714
0
421
0
0
644
530
516
862
0
0
0
514
380
715
312
0
0
455
676
950
0
957
0
350
630
855
499
364
0
646
0
0
356
0
268
765
763
669
809
0
202
830
323
340
902
0
336
329
698
0
0
470
259
199
362
954
0
0
899
808
487
0
884
0
360
575
774
0
496
0
392
257
674
936
465
769
602
444
287
758
305
818
0
865
0
0
0
529
664
197
673
947
300
0
0
653
0
653
0
723
328
0
281
800
191
0
0
962
359
0
582
373
348
808
918
641
0
0
797
909
319
360
504
589
728
553
748
973
518
971
555
0
0
0
799
647
347
524
450
0
842
999
418
839
941
614
616
0
0
753
0
521
390
476
311
271
994
0
571
360
409
229
181
0
0
719
0
199
928
545
741
0
370
0
641
0
808
0
495
540
985
194
0
0
569
0
0
285
736
392
776
0
695
357
0
0
440
372
0
294
0
0
244
342
802
947
354
0
703
536
468
0
0
0
0
795
0
323
463
247
438
405
930
954
0
187
279
547
985
486
784
0
340
304
271
767
0
967
0
490
966
563
0
737
965
469
635
0
0
250
414
523
208
860
0
0
436
916
0
630
329
491
198
0
844
988
0
0
963
0
643
572
437
0
0
209
477
280
281
0
278
488
0
408
568
529
285
0
0
0
0
681
768
200
764
0
0
938
0
0
0
0
701
0
0
372
413
0
985
489
322
219
772
0
0
551
859
0
783
629
434
0
735
0
510
0
0
383
772
670
200
0
750
285
446
231
0
0
569
0
872
276
0
744
0
0
264
492
682
924
0
0
0
832
0
290
0
0
894
334
446
685
0
528
916
357
0
530
362
636
301
756
0
343
960
557
264
199
740
0
277
301
537
0
455
664
736
0
0
872
0
0
519
970
0
0
0
921
0
308
0
248
961
0
611
408
409
675
352
548
183
0
644
0
0
619
0
0
0
461
0
956
626
0
0
925
694
937
0
0
557
319
851
603
779
564
0
912
647
395
0
705
419
991
778
0
0
587
0
420
272
933
769
0
386
0
902
379
636
190
727
0
509
0
0
979
727
956
609
507
368
999
611
210
878
979
546
344
862
0
193
609
0
655
0
197
392
0
872
0
826
0
647
360
0
671
498
0
0
258
666
546
0
749
0
0
740
0
0
408
671
393
714
775
369
0
718
893
0
424
377
435
412
716
388
909
786
0
561
405
373
215
891
924
493
488
671
242
883
267
485
657
509
633
654
261
508
0
0
549
274
789
0
0
0
535
978
357
857
343
673
525
413
0
0
0
260
539
917
341
589
893
649
434
949
499
658
449
463
625
287
672
540
189
851
673
776
0
0
826
0
413
0
822
0
0
281
0
0
830
0
661
920
721
426
222
0
653
354
0
0
894
359
0
0
470
0
0
940
948
0
603
0
738
0
670
318
0
571
475
0
516
0
564
416
0
412
442
254
220
537
199
853
343
751
955
737
264
0
855
282
188
471
184
334
0
624
0
992
874
956
243
278
0
659
614
272
879
333
535
0
616
284
0
441
0
618
0
483
0
890
840
668
394
0
947
0
681
0
0
413
0
373
0
762
289
753
561
0
677
856
642
0
534
453
0
825
532
0
432
387
972
399
903
425
715
883
603
0
227
894
432
933
0
0
367
315
0
0
942
523
555
222
430
0
0
0
0
367
0
861
0
696
226
821
890
455
707
644
0
926
740
0
838
801
652
519
446
0
955
0
256
919
637
628
0
418
231
532
0
848
712
0
0
0
644
502
0
0
198
205
0
498
0
0
300
695
768
519
647
0
373
0
545
0
0
741
296
0
341
945
381
847
0
267
0
0
479
0
275
0
353
245
865
244
391
0
347
361
762
330
820
655
664
0
764
283
0
862
0
925
918
216
0
327
511
439
0
0
440
901
221
0
639
404
0
0
576
548
376
350
0
534
753
0
0
0
0
0
821
501
0
353
376
0
647
0
0
586
898
0
944
445
423
378
685
340
560
307
344
720
553
559
0
254
0
357
200
970
360
822
0
545
0
0
0
532
676
0
724
201
0
942
632
440
349
0
306
397
648
199
926
412
712
0
234
367
265
0
619
741
870
856
0
464
0
971
182
0
432
189
281
251
0
0
769
947
0
343
261
0
0
311
451
220
950
425
0
467
755
319
679
0
764
979
0
493
0
0
322
841
193
236
0
0
925
190
0
953
0
605
420
224
0
0
456
968
775
440
878
240
737
0
0
0
0
0
764
0
0
0
762
0
0
0
614
959
759
0
0
320
256
658
508
0
348
829
300
739
0
603
0
250
408
285
593
369
0
0
845
0
432
681
541
259
645
832
900
432
381
0
270
0
497
797
678
263
421
982
878
0
0
462
507
190
757
601
0
525
260
0
732
750
862
216
779
620
891
352
343
886
419
811
366
214
858
556
348
849
0
726
0
195
898
269
740
615
460
703
403
974
203
479
0
0
653
0
0
0
671
0
289
0
0
614
0
782
682
0
0
870
877
0
207
614
492
547
772
0
207
266
896
695
0
941
0
303
222
0
511
921
264
0
332
404
506
311
0
377
918
0
0
0
0
458
431
550
809
209
810
314
954
333
0
0
531
607
874
935
267
0
731
187
286
450
782
0
488
811
833
640
0
0
366
0
0
410
430
0
713
805
739
495
860
0
768
0
278
637
866
579
602
197
238
0
0
440
0
0
498
281
753
741
532
959
782
0
265
0
0
243
627
451
0
676
827
0
958
0
0
0
0
0
708
0
0
963
0
787
301
0
951
655
415
0
0
721
286
322
400
0
0
326
423
852
649
684
0
321
851
958
0
682
793
0
739
0
0
344
953
0
713
651
228
590
541
981
0
769
340
424
342
777
0
363
0
0
0
485
780
900
414
0
399
278
745
0
539
527
0
0
810
842
0
369
653
372
938
921
0
0
561
296
676
759
682
265
0
0
0
0
0
0
0
0
0
0
0
0
0
0
0
0
0
0
0
0
0
0
0
0
0
0
0
0
0
0
0
0
0
0
0
0
0
0
0
0
0
0
0
0
0
0
0
0
0
0
0
0
0
0
0
0
0
0
0
0
0
0
0
0
0
0
0
0
0
0
0
0
0
0
0
0
0
0
0
0
0
0
0
0
0
0
0
0
0
0
0
0
0
0
0
0
0
0
0
0
0
0
