0
0
502
811
649
0
81
0
0
0
0
764
0
0
0
0
0
56
0
92
0
0
969
0
548
0
806
0
0
0
0
950
0
535
0
271
188
0
212
251
0
0
0
940
270
0
0
0
0
88
126
0
896
0
0
112
216
0
992
0
0
0
0
0
531
0
0
0
782
246
698
0
0
0
340
0
0
284
0
926
536
0
0
0
0
0
364
0
0
0
0
991
0
0
721
0
0
244
917
0
0
0
216
511
0
74
519
0
0
0
0
0
0
0
0
0
631
954
0
934
569
716
0
0
0
837
0
0
0
0
0
0
0
0
0
0
587
0
0
0
0
0
0
424
0
0
47
0
608
0
474
0
319
499
834
0
226
994
0
0
0
0
0
215
0
906
0
656
636
794
0
0
848
0
0
932
0
0
0
0
0
300
0
0
583
0
0
0
937
886
0
0
0
0
0
366
829
678
0
0
502
216
0
0
0
0
167
59
713
0
0
0
472
711
0
0
0
901
0
0
639
265
276
0
0
0
0
954
0
726
188
485
0
147
0
0
958
0
58
311
0
0
0
0
0
0
0
0
0
0
0
0
0
0
0
0
0
0
306
956
0
0
0
588
0
0
0
0
0
0
237
0
0
435
190
640
0
362
0
589
0
0
0
0
487
393
191
0
532
0
232
0
0
227
185
656
0
0
738
636
811
511
0
0
0
0
971
0
0
0
860
338
0
0
0
0
0
0
0
355
74
14
337
298
0
0
0
320
405
0
436
0
166
42
0
0
0
0
0
555
0
0
0
0
788
342
0
624
0
581
414
0
308
0
0
92
800
0
0
0
0
0
0
971
492
0
0
322
0
715
510
0
0
0
0
0
141
0
0
295
0
164
708
0
0
0
0
0
0
0
0
0
380
0
0
0
0
357
575
0
649
0
0
0
0
0
0
0
0
0
934
0
0
63
0
0
865
0
0
0
0
0
0
0
844
968
0
403
517
0
0
286
331
0
0
0
810
511
0
646
0
256
424
750
0
614
785
266
0
172
0
409
0
0
600
0
0
0
996
338
183
0
0
0
370
0
0
23
0
0
0
0
0
0
0
313
0
0
738
0
0
676
0
600
0
443
685
0
0
0
0
0
0
0
0
0
0
800
0
0
0
74
0
0
0
0
432
0
0
0
531
383
0
0
0
0
878
0
0
0
0
0
0
0
0
0
0
0
0
213
275
711
667
750
88
0
0
920
0
0
118
315
0
942
0
86
0
62
727
0
409
0
764
0
0
448
0
0
80
420
0
0
0
0
327
0
0
0
826
0
403
837
614
3
0
0
0
0
113
341
488
0
0
434
157
241
0
0
600
0
234
843
0
0
192
0
0
0
0
954
81
519
167
971
0
432
0
548
0
355
0
0
914
453
380
0
0
568
0
0
0
0
0
0
806
0
0
0
0
524
0
0
0
0
129
0
717
200
0
800
0
0
0
0
0
0
916
0
0
0
0
0
988
750
0
0
0
0
13
0
0
857
0
697
0
0
0
0
0
0
0
0
0
0
716
491
0
0
895
724
859
897
123
0
0
188
0
190
0
235
557
502
687
334
0
105
706
0
0
0
0
0
59
0
0
0
548
0
0
810
0
0
0
0
0
0
0
0
356
0
0
679
284
0
0
0
0
745
0
0
947
0
0
0
0
0
761
893
859
0
0
0
196
269
357
0
0
725
0
998
0
0
0
657
0
366
0
0
0
975
0
918
0
606
422
0
0
970
0
0
0
0
0
498
0
0
129
703
0
0
325
720
0
0
427
0
0
0
0
0
0
0
798
0
0
0
0
0
0
18
0
0
713
0
0
0
0
0
0
276
0
0
0
0
0
504
0
0
757
0
621
521
233
0
624
621
0
923
0
83
891
724
0
736
0
0
756
0
0
498
217
890
150
0
36
0
595
0
0
0
0
0
490
249
130
0
784
0
248
0
0
659
0
193
307
0
0
904
0
348
0
754
0
0
0
895
0
509
112
0
0
61
0
0
0
0
0
0
377
247
0
0
0
0
0
756
0
0
0
0
0
0
0
0
0
0
355
810
276
0
0
0
0
896
0
768
0
489
0
0
0
0
0
0
0
0
0
585
0
0
0
397
0
0
0
0
0
915
0
0
0
0
0
363
185
0
0
0
539
759
830
0
178
0
0
0
0
629
374
0
86
0
332
768
687
0
833
588
0
608
0
0
0
547
0
483
0
0
697
804
0
639
0
298
748
373
0
0
0
766
63
0
0
217
936
0
0
0
0
0
0
0
0
860
934
531
0
0
0
0
0
0
0
0
970
0
0
336
0
0
7
999
898
0
807
0
0
0
0
663
471
0
19
179
0
0
0
0
0
264
0
0
0
0
0
0
0
0
0
0
0
0
0
967
0
740
0
0
0
0
0
502
873
0
951
0
427
0
651
0
26
0
34
0
210
0
0
0
0
975
479
588
294
0
0
0
586
0
0
0
540
0
0
0
0
0
0
0
0
0
764
0
0
338
0
383
0
0
0
0
0
0
0
893
125
0
921
0
0
0
0
0
0
950
766
0
0
0
771
0
0
226
0
0
0
0
0
0
0
0
254
234
0
0
0
0
522
0
279
0
0
0
0
581
322
0
0
492
0
0
170
422
0
0
0
0
964
822
867
641
0
0
0
0
0
739
0
0
0
0
0
369
0
0
873
0
0
20
842
0
0
0
910
666
288
0
0
0
289
0
0
0
472
0
0
0
914
0
0
0
0
0
0
594
956
0
0
0
0
0
0
746
0
0
0
0
0
0
0
899
0
0
195
0
0
0
573
0
0
0
272
0
0
563
178
0
727
0
254
859
0
0
0
0
0
0
574
622
0
0
0
295
0
0
0
0
0
0
593
0
363
0
6
894
748
544
0
0
0
0
837
926
0
0
0
0
0
0
0
0
353
518
0
822
0
455
0
0
0
0
0
0
711
0
63
0
453
0
0
896
0
893
594
0
331
226
545
359
0
0
0
0
0
689
0
568
98
0
354
323
0
0
0
0
711
0
0
0
0
0
516
0
0
785
0
0
27
0
524
0
0
0
0
440
0
0
0
0
811
757
0
0
0
35
0
986
420
0
0
602
0
331
741
0
0
0
0
424
811
688
456
0
135
0
132
0
0
668
377
0
0
245
0
0
0
0
154
602
22
97
0
0
0
0
0
0
380
0
0
0
970
125
956
331
0
785
451
187
360
970
0
0
0
0
0
0
0
0
534
0
0
0
0
627
0
942
818
0
979
587
350
0
0
0
0
0
999
0
0
0
0
0
0
0
127
0
837
0
0
25
243
848
557
603
515
41
588
0
426
0
886
472
0
0
0
742
0
0
949
332
0
930
0
0
0
0
0
0
0
0
0
860
0
0
0
0
764
348
110
427
0
0
0
0
0
0
0
0
504
768
0
0
0
226
785
0
725
0
0
874
0
53
0
874
0
0
698
747
468
314
0
0
276
0
0
75
0
0
0
814
569
124
0
0
476
541
357
0
0
0
0
0
905
0
0
447
956
0
0
0
0
0
714
0
0
0
0
512
0
0
0
0
149
0
0
0
0
0
144
0
124
0
232
0
0
0
248
961
0
121
0
0
0
0
0
948
804
226
0
0
0
631
0
0
865
878
0
0
0
0
0
921
0
545
451
725
0
0
360
0
0
0
632
0
0
0
0
0
0
0
162
0
0
0
0
0
683
289
0
121
283
0
0
284
0
0
0
0
690
147
0
46
0
0
0
0
0
0
0
958
0
323
95
0
20
0
388
0
0
0
0
0
356
0
608
0
135
0
997
415
0
0
17
0
416
104
0
0
0
486
0
0
0
0
0
698
0
0
143
0
56
954
901
0
0
0
568
0
0
489
336
0
0
359
187
0
0
0
0
0
0
96
0
0
698
0
0
588
0
0
0
0
0
0
0
0
0
635
0
0
7
817
0
912
0
913
0
0
0
635
0
0
0
0
187
88
0
572
753
0
0
0
0
0
0
0
0
0
639
0
300
0
797
0
0
0
511
0
75
0
0
0
0
0
0
767
0
0
0
0
0
0
706
0
234
779
0
0
399
977
0
0
0
0
0
0
0
356
757
0
0
0
0
0
360
0
360
0
0
364
0
939
0
711
182
0
709
0
0
0
0
0
0
0
0
0
294
654
0
0
726
840
0
144
565
0
0
0
0
0
408
681
0
0
884
0
412
0
878
699
0
540
941
0
430
33
689
0
349
0
363
0
0
0
0
0
278
0
0
0
0
0
0
0
0
834
0
538
435
0
0
0
0
0
161
0
0
891
0
0
92
934
0
355
0
0
0
0
0
0
0
0
0
0
970
874
0
0
364
0
0
539
910
0
0
0
817
0
0
853
0
0
0
0
0
830
731
0
0
0
935
0
0
0
0
61
321
258
0
0
0
0
386
0
0
0
0
715
0
713
0
0
182
0
729
0
519
0
0
0
0
0
0
0
0
0
0
0
251
284
0
0
527
0
714
601
349
0
0
0
251
574
116
0
325
0
0
0
462
10
0
569
639
74
0
0
0
0
621
0
7
0
0
0
0
0
0
0
0
0
0
345
811
658
0
0
992
0
0
0
0
0
0
35
243
536
0
0
0
776
336
0
0
0
774
0
0
179
0
0
433
0
0
0
0
0
0
0
0
559
73
0
0
0
0
0
448
0
0
0
680
0
263
0
0
193
876
683
0
0
0
0
0
0
0
0
290
0
0
180
0
364
550
0
683
0
0
0
0
0
0
716
265
14
0
0
0
679
521
0
999
0
746
0
0
53
0
96
939
539
345
0
0
0
0
0
961
165
0
741
0
0
0
132
0
0
0
793
0
0
0
0
118
0
396
558
295
0
0
0
0
795
579
0
816
0
0
0
0
173
0
435
0
843
648
48
0
0
0
0
0
163
0
0
210
271
48
0
585
647
0
0
0
0
0
0
0
0
259
0
0
0
264
0
819
576
0
163
0
928
969
0
276
337
0
0
0
284
233
0
898
0
0
0
0
0
632
0
0
910
811
0
0
0
0
0
0
0
0
832
0
0
0
0
0
900
712
0
755
791
409
0
889
373
946
0
860
0
636
0
0
0
0
928
0
0
0
0
0
0
0
265
305
0
0
0
522
672
0
0
740
0
0
0
0
0
764
0
220
0
0
849
869
511
703
604
0
0
919
0
0
0
99
0
0
0
830
860
0
793
0
0
0
298
0
0
0
0
0
0
0
950
0
689
0
874
0
0
711
0
658
0
0
0
0
154
0
0
583
0
451
540
525
0
0
0
0
0
16
739
0
0
0
0
0
0
536
0
0
495
236
609
0
0
0
0
0
312
0
972
15
0
0
374
0
0
957
0
787
925
0
0
0
0
0
226
0
0
0
0
0
687
0
0
0
417
0
0
0
0
0
0
172
0
127
465
162
977
541
998
548
0
0
0
844
0
806
0
624
0
807
766
0
0
0
0
0
698
182
0
0
0
0
0
0
0
0
0
0
0
633
796
943
0
0
566
0
0
0
0
0
0
206
0
0
0
0
79
980
0
631
0
0
0
836
0
0
0
0
0
119
0
0
0
0
0
0
656
0
0
0
0
0
0
0
0
0
0
876
500
0
0
0
0
0
375
0
0
0
411
0
637
0
0
0
0
467
0
64
594
0
837
0
0
968
0
0
0
621
0
0
0
0
568
0
0
0
0
0
0
0
0
0
154
0
0
0
855
0
0
472
0
209
0
809
0
63
242
0
465
0
796
294
879
0
0
859
690
0
0
0
0
0
73
782
927
0
0
656
22
0
0
0
0
0
735
0
0
0
0
159
0
144
187
0
0
0
0
0
0
0
0
0
0
512
921
836
0
0
62
0
345
0
0
0
0
208
633
619
545
806
0
0
0
0
0
0
0
0
0
0
0
0
98
0
698
0
0
709
817
992
961
0
0
0
0
0
0
321
368
0
0
0
0
0
0
0
0
0
0
925
0
344
663
0
0
0
0
911
0
795
482
230
0
0
0
0
0
0
86
417
634
0
0
0
255
547
0
509
0
0
0
0
0
465
480
75
289
0
0
571
0
0
142
388
562
0
532
0
0
0
982
0
503
187
0
60
1
94
513
0
0
954
320
403
0
0
745
923
585
0
0
0
0
0
747
0
588
0
0
0
165
0
0
0
855
0
0
646
410
0
0
0
0
0
0
0
961
0
0
0
374
0
0
0
0
0
0
606
0
757
111
0
0
0
0
864
0
0
0
0
795
525
0
0
0
0
456
0
0
0
0
809
0
0
0
0
549
0
0
357
0
189
0
319
44
0
118
0
0
0
0
0
137
0
0
227
597
0
0
0
0
0
405
517
0
0
0
0
0
0
771
0
354
534
468
0
0
0
0
0
0
0
583
0
0
321
646
0
282
0
0
0
115
222
0
0
487
0
102
0
624
0
87
169
192
0
488
564
0
0
0
497
39
0
231
0
563
647
0
633
0
597
347
931
0
0
774
727
54
0
16
0
494
0
0
403
856
774
0
0
0
0
0
0
17
0
520
304
0
0
0
117
0
0
724
0
0
0
0
0
0
726
0
0
213
524
0
83
0
663
0
899
323
0
314
0
0
0
853
0
741
832
0
0
0
368
410
282
0
540
468
869
0
0
581
0
0
0
588
0
960
472
0
0
134
421
0
0
0
0
0
489
0
0
0
673
973
0
0
0
883
0
0
0
0
0
0
0
0
0
184
0
62
0
0
0
0
839
0
750
534
0
0
0
187
0
783
0
0
215
88
0
713
0
0
0
480
0
281
0
0
188
436
0
275
0
947
891
0
471
0
0
0
0
0
162
0
0
0
0
0
0
451
633
472
0
0
0
540
0
0
305
0
0
0
0
0
0
0
396
0
352
0
0
0
0
0
0
507
0
0
0
0
0
113
0
184
352
903
0
628
0
0
0
316
675
1
0
77
0
0
0
0
0
115
581
0
0
0
741
0
0
0
0
0
0
0
969
0
0
0
0
0
0
0
0
761
0
0
950
0
485
0
286
711
0
0
724
397
0
226
0
0
0
0
0
0
0
0
0
0
0
540
796
0
0
0
0
468
0
0
0
700
822
98
595
193
645
0
0
187
0
0
769
0
0
0
0
0
921
897
0
0
0
301
0
0
0
0
0
0
650
0
774
190
197
0
0
0
718
0
798
0
696
0
0
829
228
0
0
0
419
0
0
860
0
784
0
0
0
382
0
0
189
0
210
498
763
0
0
0
0
166
331
667
0
0
0
0
19
0
195
0
0
276
0
0
0
0
0
0
0
525
943
209
0
0
0
869
305
0
0
0
0
0
0
0
0
0
532
0
0
0
0
0
0
0
0
0
493
0
0
0
364
119
0
0
0
0
684
775
0
0
0
406
0
0
391
887
0
259
545
0
173
0
698
0
0
0
620
0
0
0
0
0
663
0
0
0
384
0
344
0
0
0
0
0
0
0
535
0
147
42
0
750
0
0
736
0
179
0
0
0
627
0
0
0
0
0
35
132
0
0
0
0
0
0
115
0
0
700
0
0
0
197
0
936
707
0
476
0
0
0
167
320
0
0
558
729
0
833
480
90
0
330
789
0
0
0
566
0
0
403
0
0
0
0
0
0
584
0
0
0
0
350
100
0
0
0
0
0
559
983
0
0
0
0
421
375
0
0
0
906
0
470
461
0
0
2
0
0
0
0
0
88
129
0
0
0
0
0
0
711
0
0
0
0
0
0
243
0
0
0
0
809
0
0
222
0
0
822
0
0
0
0
0
0
179
0
0
953
0
0
710
0
0
0
0
0
0
0
292
0
0
0
612
706
119
0
0
864
884
905
0
449
759
0
0
261
0
0
791
0
0
604
0
0
96
0
0
868
0
0
0
778
238
0
0
443
0
425
102
0
162
0
0
0
0
0
271
0
0
0
0
0
0
0
0
0
0
0
0
0
942
75
0
0
0
830
536
0
900
0
566
0
0
0
0
581
0
98
0
197
0
0
0
0
0
0
0
0
0
749
0
0
0
637
375
0
0
179
0
0
568
0
993
143
0
0
63
0
0
695
0
38
0
0
0
582
772
0
223
0
0
366
0
0
0
989
381
0
0
0
0
697
0
952
0
99
733
0
0
0
982
0
0
865
0
0
188
587
958
0
810
0
717
761
756
0
0
0
573
0
818
0
683
0
294
731
0
0
712
0
0
63
0
0
0
0
0
595
0
0
0
0
0
443
0
0
0
701
0
0
0
0
14
359
102
0
0
51
328
0
0
0
0
0
513
742
160
0
0
648
0
0
0
0
0
0
0
824
458
0
126
0
0
0
0
0
0
0
750
577
634
895
0
0
475
0
0
0
0
0
499
0
0
0
0
0
0
0
0
0
511
920
200
893
0
915
0
0
0
0
0
0
289
635
654
0
0
793
0
0
0
242
0
961
487
0
0
193
0
936
0
0
443
0
745
0
0
0
0
989
0
3
0
0
975
0
0
194
287
342
699
251
338
0
178
0
0
0
0
0
0
653
0
521
0
0
0
824
0
0
250
0
772
902
0
878
0
0
0
349
0
0
0
0
0
0
0
0
0
279
0
366
97
278
0
0
212
0
58
0
0
0
0
859
0
0
0
0
0
0
979
0
0
0
0
0
0
0
755
16
0
0
0
0
0
0
0
645
0
707
179
0
0
745
0
0
417
0
0
0
0
481
0
68
0
119
0
0
204
0
0
438
107
0
0
597
0
0
776
7
573
80
565
610
0
944
0
0
0
796
102
887
0
0
338
0
864
0
0
261
565
0
0
0
0
0
0
178
140
0
0
0
0
0
697
426
251
0
311
555
646
0
800
0
498
0
264
0
0
0
587
814
121
0
0
0
776
0
791
739
0
465
0
0
102
588
0
0
0
0
0
0
0
0
0
0
0
0
581
0
0
0
0
0
0
926
0
281
0
0
0
0
69
496
0
0
0
0
0
0
0
613
383
0
518
0
0
0
0
565
520
0
0
0
114
0
0
0
0
0
0
100
0
371
428
0
0
0
0
826
0
422
833
275
0
0
0
0
0
0
0
118
0
0
217
0
0
254
272
516
350
569
283
7
726
935
336
0
409
0
0
0
925
0
0
0
396
0
532
476
0
0
0
0
417
0
0
841
98
369
0
755
885
0
372
0
0
886
32
916
0
0
0
553
822
49
0
0
0
571
72
0
664
0
0
115
640
278
847
307
225
0
369
0
0
0
956
248
532
0
427
0
0
463
0
226
0
0
712
0
32
134
337
801
0
814
0
0
0
0
256
315
0
0
890
0
0
234
0
0
0
124
0
817
840
0
0
0
0
0
0
796
0
374
624
960
0
187
0
0
953
0
701
0
0
0
841
0
0
0
0
755
0
716
0
0
0
0
0
0
779
306
0
0
0
0
0
0
0
0
11
172
0
0
467
0
262
0
417
0
0
0
669
732
0
0
259
0
0
0
0
0
563
0
0
0
0
0
117
0
0
0
0
395
0
0
0
0
0
0
424
0
0
196
150
0
0
0
0
0
0
0
0
0
0
0
0
118
889
0
206
294
344
0
0
472
352
0
0
0
0
0
0
0
0
581
98
0
0
42
0
0
0
0
223
0
477
229
0
0
267
0
672
218
0
0
689
0
355
0
0
0
0
998
617
0
89
0
0
832
0
0
0
0
0
0
0
180
218
0
263
0
0
0
0
0
566
0
0
0
0
0
0
842
63
213
940
424
0
0
750
942
0
269
0
363
0
0
563
785
0
0
284
912
144
0
0
0
373
0
0
879
663
0
87
0
0
0
0
0
0
749
0
989
0
0
369
0
42
0
0
377
29
488
0
237
0
24
844
0
0
545
0
0
0
0
987
0
0
299
0
0
292
0
0
0
718
0
0
878
957
0
0
0
0
0
472
0
0
43
0
388
674
32
0
0
0
0
0
0
903
0
849
653
0
0
270
0
0
788
0
0
0
357
36
185
0
0
178
0
0
476
0
0
565
0
774
396
946
0
0
0
0
0
169
0
0
769
0
167
710
0
0
0
0
0
0
0
0
0
0
376
0
0
0
0
283
920
252
0
0
0
0
662
17
0
0
246
0
0
0
160
0
0
0
0
0
0
0
455
0
0
0
927
0
263
513
0
281
481
750
0
0
0
0
586
0
246
0
0
0
0
48
0
156
981
0
0
0
342
614
86
0
0
0
0
0
0
0
0
0
541
0
913
0
61
0
558
0
0
0
0
0
0
192
134
0
0
0
320
0
0
0
3
481
0
755
755
0
377
376
0
0
257
0
0
0
286
306
0
0
524
304
0
65
0
0
0
0
81
0
0
0
0
0
0
0
0
631
275
0
185
0
0
0
0
0
0
738
0
0
0
809
0
0
0
0
0
700
0
0
0
0
0
280
460
0
47
0
0
785
0
916
0
595
0
0
522
727
27
999
357
0
0
0
321
0
295
860
536
0
859
0
0
0
421
0
0
0
0
0
0
14
0
0
0
885
0
0
29
0
0
0
0
0
757
0
0
0
0
588
872
0
827
0
162
0
358
0
901
541
0
0
0
0
0
0
0
0
67
435
974
0
0
0
821
0
0
291
483
0
0
37
162
29
409
227
0
925
0
0
0
0
0
752
0
0
0
0
624
266
62
0
725
0
0
0
0
0
0
0
0
0
0
0
258
179
0
0
0
79
690
0
0
488
0
0
0
0
0
0
637
359
0
68
0
0
716
0
488
0
257
0
0
0
155
0
0
0
0
420
0
0
0
890
0
0
0
332
0
0
0
167
0
0
851
313
0
0
0
112
0
832
956
0
0
0
0
0
685
0
0
729
0
0
0
935
0
829
282
0
0
467
0
0
0
0
608
0
0
0
727
0
0
0
539
0
279
254
524
0
0
690
0
0
0
0
0
636
0
980
0
911
606
564
0
0
0
0
558
0
375
102
975
0
0
372
0
223
0
0
0
0
0
0
725
702
857
0
361
0
0
0
0
0
0
912
0
0
0
166
1
472
0
0
776
0
0
0
434
0
0
0
416
841
964
0
0
70
526
918
633
0
0
0
0
0
0
0
0
0
0
485
849
0
0
88
0
0
581
172
0
0
998
0
759
0
0
859
0
0
0
147
635
0
0
0
0
0
495
0
0
0
0
0
0
507
0
0
729
0
0
0
0
119
926
0
0
0
237
0
0
757
155
725
0
0
0
0
30
0
0
753
138
592
0
42
962
341
0
0
801
0
0
0
0
0
0
0
0
0
0
0
846
561
0
329
0
382
288
0
0
0
0
0
990
0
292
322
412
688
567
848
0
0
0
126
474
0
414
0
409
0
0
0
830
0
0
0
0
0
0
0
0
408
0
433
0
0
236
631
0
795
757
0
0
0
921
493
0
0
0
0
0
0
0
0
0
477
0
283
0
0
0
702
0
0
0
0
0
0
0
519
0
0
0
89
209
0
237
0
0
0
0
691
0
0
0
639
575
0
0
0
882
0
745
0
0
0
569
0
0
0
0
0
368
0
0
64
0
0
0
130
0
472
700
0
0
0
0
409
0
0
0
0
0
0
0
0
0
0
0
46
0
681
0
0
795
0
609
0
0
482
111
0
0
0
897
0
833
0
179
51
194
0
281
886
0
229
24
920
286
0
0
857
0
0
0
0
827
496
461
600
709
369
0
0
0
830
0
0
0
0
5
8
0
73
0
511
0
0
0
0
0
0
0
0
0
0
0
0
0
761
0
928
0
0
0
0
0
150
2
593
324
0
0
896
319
0
308
0
764
988
0
490
178
0
0
0
0
0
905
0
0
0
386
0
579
0
0
0
0
230
0
497
489
0
0
0
480
292
0
328
287
204
0
32
0
0
844
252
306
0
0
0
0
0
0
0
160
0
0
0
180
581
124
0
0
129
266
0
0
630
202
0
0
0
0
888
0
0
0
948
591
0
0
0
0
372
0
0
0
0
385
0
0
0
0
0
412
0
0
144
0
0
0
0
499
0
0
0
0
750
657
249
0
967
581
0
440
0
0
0
0
0
0
0
0
928
0
0
73
0
0
39
0
0
0
0
90
0
0
0
342
0
0
916
0
0
0
0
0
0
0
361
30
0
827
160
0
0
979
0
0
247
0
0
50
44
0
0
0
0
953
94
232
0
0
43
139
0
0
514
0
0
824
0
0
720
997
0
0
0
0
0
608
612
507
0
0
723
0
0
350
0
0
0
834
0
0
600
0
0
0
130
0
0
322
0
0
127
0
0
187
884
0
0
816
0
0
836
782
0
0
0
0
0
0
364
0
0
568
0
699
0
0
0
779
267
0
0
0
588
420
0
0
0
496
0
0
0
0
0
683
229
0
0
0
0
0
0
0
362
0
0
0
973
972
142
0
982
0
0
96
205
780
0
0
0
0
799
859
325
0
0
0
0
250
665
0
0
0
437
0
485
0
112
0
0
92
0
448
0
366
0
0
740
0
0
0
0
447
0
88
0
0
0
0
0
0
0
927
0
0
231
0
113
301
119
330
0
0
0
251
438
0
0
306
0
545
0
524
872
0
0
0
0
461
0
979
0
0
140
0
0
963
0
0
0
443
0
0
0
184
0
0
0
852
0
0
0
168
102
0
0
0
0
244
0
0
0
318
0
0
453
0
0
659
0
0
0
0
754
155
0
0
216
226
0
800
0
0
0
0
784
0
0
0
574
0
837
956
0
0
412
0
0
0
0
0
0
0
0
864
0
673
0
0
0
789
612
993
0
338
107
69
0
0
672
0
0
304
0
0
0
753
519
600
0
0
0
140
0
0
772
0
0
0
852
0
905
0
0
0
494
0
0
0
0
860
101
0
634
0
0
993
0
0
983
0
0
0
0
0
0
0
0
0
0
0
391
0
0
782
0
0
0
994
0
0
0
0
0
0
0
629
0
492
622
0
0
0
0
572
0
715
0
0
0
312
0
0
0
0
563
973
184
0
0
0
706
143
0
0
0
496
553
0
218
0
662
0
827
0
0
138
0
709
180
0
683
0
0
0
0
0
0
0
0
0
523
0
0
409
0
7
966
0
372
0
0
0
0
11
510
0
722
650
0
0
0
0
0
240
0
0
0
0
0
575
901
0
539
0
0
0
992
0
306
0
996
80
13
0
248
374
0
0
0
811
0
0
0
753
878
0
0
0
0
0
0
656
0
0
647
0
352
0
0
0
119
0
513
178
0
0
822
0
0
0
17
65
0
890
0
592
0
369
581
247
229
0
772
0
0
0
0
0
28
158
0
0
761
0
0
0
0
219
0
0
0
0
0
0
0
0
0
690
0
0
0
0
0
0
0
637
765
0
0
954
0
0
778
0
323
0
0
0
956
0
338
420
0
975
0
0
0
0
0
757
25
0
958
0
699
713
559
173
0
972
0
22
86
0
0
0
903
0
0
0
0
0
742
0
597
0
49
0
0
0
0
0
162
0
0
0
0
0
124
0
0
963
0
0
0
0
453
0
0
0
0
0
0
454
0
641
0
0
0
0
0
0
0
0
0
0
771
0
549
0
632
0
0
111
0
0
0
0
803
105
877
579
0
911
0
387
0
0
0
0
183
0
0
0
0
86
0
170
0
0
243
0
0
0
0
0
73
0
0
15
119
0
417
0
633
0
0
0
684
566
0
63
160
0
0
0
0
0
689
987
0
0
0
0
912
42
89
0
0
0
0
0
0
0
0
453
0
326
0
0
0
0
857
0
0
0
690
547
0
586
22
467
920
975
576
0
253
99
0
525
0
0
0
57
159
0
0
0
0
132
0
0
0
0
173
0
0
0
0
0
0
0
857
918
659
0
502
422
295
0
848
0
323
0
540
0
0
435
265
0
0
0
634
795
0
883
628
0
775
0
864
0
0
0
0
0
0
0
0
0
246
0
358
0
0
962
209
0
0
50
0
0
0
0
0
0
326
0
0
0
540
0
740
0
0
128
0
568
521
845
857
630
0
0
0
853
0
0
0
432
0
0
815
0
0
0
334
0
0
0
0
957
106
239
0
0
0
0
0
0
0
0
0
0
0
332
873
0
0
0
557
714
95
0
941
182
0
0
305
0
0
0
0
525
597
0
0
650
0
0
884
0
0
0
776
0
0
0
355
0
0
0
0
332
0
341
0
830
129
44
0
0
852
0
28
0
0
0
0
0
0
995
0
354
0
0
864
0
0
0
205
0
0
0
319
0
0
0
0
255
122
730
37
0
128
0
660
0
0
506
994
0
0
0
0
22
0
215
588
971
0
0
697
606
193
768
0
0
0
35
603
0
0
0
0
0
0
843
0
374
0
0
0
0
347
0
0
0
0
403
905
695
648
0
7
0
571
0
0
299
0
81
901
0
0
0
237
0
266
0
0
443
0
0
158
0
0
0
0
0
0
667
0
700
0
0
0
0
0
380
291
0
0
0
46
0
0
531
359
0
0
0
0
0
811
0
0
0
0
947
0
0
0
0
0
0
531
0
0
492
370
327
0
422
307
687
951
0
0
0
515
0
20
0
430
729
0
648
0
0
0
0
0
0
931
0
0
774
0
0
0
0
0
0
573
0
72
11
0
0
0
0
541
0
166
0
0
0
0
0
0
0
905
523
0
0
0
540
0
0
0
0
858
0
0
307
80
0
0
0
0
387
0
228
0
0
0
536
0
0
0
687
0
0
0
0
0
0
25
689
135
0
0
0
0
987
0
906
0
0
0
0
0
0
0
0
0
0
0
986
41
0
0
0
33
0
0
48
0
0
0
735
255
0
0
0
316
190
406
0
449
38
0
653
80
613
0
172
0
0
160
0
0
0
1
801
0
0
0
0
0
0
0
0
0
0
0
0
995
667
0
0
35
0
66
0
398
0
691
0
487
0
287
0
427
850
0
593
0
245
710
0
935
0
0
0
0
0
0
0
0
0
0
481
335
253
0
0
0
0
0
0
0
0
0
833
427
964
0
420
588
0
388
0
689
519
448
0
522
957
0
0
547
0
0
0
675
197
0
0
759
0
0
0
565
383
664
0
0
292
0
0
0
167
472
0
0
0
630
0
362
0
0
0
761
0
857
740
0
0
858
35
0
0
0
114
174
929
0
0
0
447
0
554
735
0
0
0
0
0
0
655
820
0
0
985
0
744
0
0
0
0
26
0
817
0
0
656
0
322
23
0
0
970
904
588
0
822
0
0
0
512
0
0
0
0
0
0
672
0
656
0
0
456
774
0
1
0
0
0
0
0
0
521
610
0
0
0
998
0
0
0
0
0
0
0
0
5
202
953
0
184
0
409
0
454
0
0
354
700
0
0
0
0
0
515
0
951
836
0
0
0
0
796
634
0
271
0
0
743
0
0
0
0
0
0
0
7
0
0
930
0
0
0
0
0
782
636
0
0
0
826
0
0
0
0
651
867
593
0
426
0
0
639
349
0
0
0
0
787
0
0
509
0
727
0
0
0
391
0
0
0
0
0
0
518
0
467
617
0
0
0
0
0
0
0
691
8
0
94
0
0
494
0
0
0
0
0
0
0
0
66
0
0
0
0
261
558
870
148
0
0
0
0
181
0
0
666
659
270
0
619
420
0
813
267
0
0
0
0
206
315
0
328
0
0
246
794
0
715
0
0
0
0
348
608
0
641
0
602
0
0
0
0
0
0
0
0
0
925
0
0
0
0
54
0
77
0
887
0
261
582
0
0
944
0
115
0
0
0
0
0
0
851
776
0
0
0
0
232
0
0
0
7
0
641
0
128
0
0
307
0
114
515
0
0
926
431
572
0
0
0
847
0
956
0
26
0
16
209
0
0
63
344
0
572
0
0
917
0
0
0
115
0
0
0
698
0
237
510
0
403
0
0
0
0
26
0
363
0
886
0
0
300
363
0
680
0
740
0
0
159
0
0
0
0
0
718
0
584
0
772
0
0
0
0
640
262
89
718
0
0
0
313
0
0
0
73
0
0
973
0
0
966
0
0
690
0
864
0
80
398
174
0
261
926
0
0
714
0
0
409
0
0
0
897
288
0
0
0
506
536
650
0
974
0
152
0
0
0
0
0
0
875
0
0
0
0
0
0
0
837
0
0
754
0
0
0
0
331
472
0
0
0
0
0
0
163
0
0
0
0
0
0
16
184
0
0
259
0
0
0
824
824
0
0
278
0
0
0
0
0
0
0
0
0
0
0
0
0
972
852
0
0
219
0
547
568
0
0
0
0
929
951
558
431
0
0
650
0
482
0
0
321
542
0
464
0
0
0
0
769
525
0
162
0
0
0
0
863
0
0
0
0
0
0
0
848
0
0
0
614
0
0
0
0
34
0
6
741
0
149
356
797
0
0
263
0
0
0
0
144
0
809
0
0
0
798
545
0
791
223
458
0
0
0
847
417
0
0
0
631
0
0
0
0
639
511
888
43
142
0
0
372
0
0
0
521
0
0
0
691
0
836
870
572
714
650
0
0
0
963
0
852
0
0
651
0
0
0
0
0
522
0
0
430
0
0
941
35
371
454
0
868
0
0
0
0
435
0
0
3
0
498
0
547
0
0
894
0
0
0
0
0
0
0
0
0
0
0
0
187
0
0
494
62
0
0
0
0
0
0
0
0
796
565
307
0
832
878
455
275
67
0
434
0
575
0
0
139
0
0
860
0
0
0
586
845
0
380
0
0
0
0
148
0
0
0
0
0
144
1
0
863
0
906
0
0
0
619
0
0
0
742
0
115
0
0
0
0
219
277
0
662
156
391
340
0
190
0
0
0
716
0
0
0
210
0
748
0
0
0
608
0
0
0
0
210
0
0
0
0
465
0
0
0
0
696
173
0
0
0
126
250
102
520
225
0
0
957
0
0
435
112
0
0
0
0
0
0
982
0
101
0
0
0
22
857
205
291
0
487
0
0
0
0
0
482
0
144
0
0
90
0
0
710
0
0
249
0
0
209
0
0
0
72
0
722
0
0
672
0
358
755
0
0
0
932
640
0
313
0
491
0
895
483
0
739
544
0
742
0
0
0
0
0
193
271
0
226
0
0
480
0
0
0
115
0
0
350
604
366
0
0
887
0
0
0
0
0
0
185
974
0
0
0
0
0
0
0
0
168
0
0
0
0
467
630
0
0
387
0
447
0
0
0
409
0
963
1
0
0
0
0
0
0
0
0
0
0
0
0
781
0
864
672
0
955
433
652
926
939
0
0
0
0
0
0
0
141
0
0
0
129
0
0
0
0
0
0
0
0
135
511
278
0
876
48
764
0
0
0
75
0
403
0
581
0
698
100
0
0
0
772
0
0
369
669
0
0
0
0
0
832
0
0
0
0
948
514
0
102
634
0
0
0
920
0
0
0
0
287
0
0
0
847
0
0
0
0
90
0
0
0
838
0
0
867
0
0
460
0
0
0
37
0
0
90
0
0
0
0
0
0
0
0
284
0
362
0
0
0
0
703
509
0
0
0
0
424
0
0
0
0
0
0
683
0
0
0
0
0
289
549
856
0
0
829
0
0
0
0
0
902
0
0
0
732
0
0
927
0
0
956
416
846
882
0
591
0
96
0
0
11
0
0
975
0
0
0
228
0
554
796
0
0
0
321
852
863
0
0
0
0
0
0
0
0
0
0
0
0
0
0
334
186
0
0
927
0
639
493
677
0
0
509
0
0
0
0
738
113
895
0
112
697
0
0
0
811
949
144
997
75
0
251
0
585
220
0
876
0
0
0
774
839
0
228
0
0
96
0
0
0
338
114
0
0
0
0
0
0
0
0
841
561
0
0
0
0
205
0
0
510
0
0
576
0
319
46
0
427
735
634
181
956
0
542
0
0
0
0
838
0
0
0
0
0
0
115
0
311
0
0
0
0
0
356
0
839
0
994
0
669
0
0
926
0
589
295
0
341
724
0
0
804
975
0
0
688
332
0
415
0
0
284
0
647
0
0
500
0
0
0
0
0
0
0
0
0
0
989
0
878
0
0
0
0
0
0
263
0
821
0
964
0
745
0
0
824
780
0
993
0
0
0
0
853
0
0
0
850
0
0
0
0
897
0
0
906
710
0
0
0
0
0
997
921
0
876
0
772
389
962
0
0
0
0
0
866
0
0
0
0
0
0
536
0
0
0
0
488
859
325
0
0
479
0
837
456
0
124
0
0
0
0
0
0
0
0
0
0
571
357
0
750
741
0
620
0
0
381
0
0
864
0
956
259
0
472
513
0
0
0
0
329
0
0
0
0
0
0
0
722
0
771
253
0
0
0
0
0
0
271
0
26
288
464
651
0
0
0
0
0
0
997
0
0
19
0
0
0
351
0
0
0
673
0
0
497
286
515
0
0
0
0
0
300
0
164
676
0
897
720
61
639
588
369
926
0
930
0
0
0
0
0
0
0
849
687
0
0
0
0
0
534
0
0
0
0
868
0
0
0
0
0
248
0
180
0
0
0
0
0
0
0
0
0
0
0
0
244
0
650
690
0
99
0
0
531
536
593
0
0
666
0
0
0
0
0
0
0
867
0
0
921
0
0
0
927
0
0
0
682
0
0
0
0
836
725
0
0
854
0
0
0
0
0
0
708
0
0
123
0
0
0
294
0
0
135
0
232
17
0
0
527
0
0
869
0
0
0
0
189
0
0
0
419
0
559
0
0
750
0
0
0
532
0
218
0
281
738
291
0
70
382
0
0
372
720
0
0
983
0
0
549
0
0
0
359
0
0
0
0
659
16
0
0
0
0
249
0
0
0
0
0
19
0
0
140
601
0
0
261
180
0
76
941
610
0
0
97
0
0
0
0
0
0
0
0
600
434
0
0
0
298
0
0
0
0
0
0
0
0
0
0
0
0
511
0
0
0
142
0
0
0
0
0
0
983
0
0
577
349
261
0
0
0
0
43
481
0
483
685
526
288
569
0
0
997
0
0
0
0
0
0
525
432
255
0
0
245
0
743
270
209
0
0
0
619
0
0
0
0
115
876
0
927
140
0
0
0
0
0
0
622
0
0
0
0
0
206
0
877
0
0
0
583
487
0
0
157
0
427
0
748
0
873
0
132
0
0
416
0
0
714
0
0
703
0
0
512
388
319
0
0
0
0
0
0
0
0
634
0
565
0
427
0
263
0
750
0
0
0
918
0
0
0
0
0
799
0
0
0
0
632
0
0
122
0
0
710
0
0
0
0
506
0
0
0
0
0
460
0
0
0
0
0
601
0
0
0
0
0
945
311
0
0
0
0
0
0
319
380
0
739
0
0
393
0
443
241
188
0
0
373
0
0
0
0
0
0
104
767
834
601
0
0
604
417
375
921
562
44
17
187
0
860
0
0
778
697
895
0
0
100
0
0
0
388
0
0
0
0
633
0
0
0
0
0
859
318
0
0
0
0
0
0
730
0
687
0
655
0
619
0
536
769
0
0
209
0
0
0
311
772
0
0
0
0
0
0
0
639
768
0
957
0
0
593
324
876
0
0
52
836
364
0
191
0
685
0
0
0
0
0
586
0
0
0
0
248
0
0
0
349
290
0
0
0
0
836
0
0
0
0
0
0
663
0
238
0
0
0
0
0
0
563
0
674
0
809
37
729
0
0
0
761
0
0
325
0
0
0
0
0
0
815
37
0
0
935
820
0
420
63
650
525
522
0
0
781
0
0
0
389
351
0
0
0
0
0
0
0
0
0
0
662
0
0
626
0
0
169
0
0
0
0
0
0
0
0
190
0
0
0
0
20
0
668
0
961
0
0
538
0
0
0
0
0
0
0
532
118
520
783
0
784
0
0
0
952
0
0
0
371
463
0
0
32
0
0
162
0
0
0
0
0
385
0
0
0
0
240
0
111
57
0
0
0
0
0
0
0
0
344
0
0
0
742
0
0
0
0
0
962
0
682
261
0
0
639
0
0
0
0
892
0
0
0
345
0
243
694
107
998
0
937
532
0
0
600
0
0
377
0
0
842
0
377
0
0
0
0
435
0
0
259
919
0
0
0
0
0
304
0
969
0
0
421
0
0
475
0
0
428
0
0
0
0
0
0
29
0
0
0
0
928
0
0
0
453
0
0
0
0
159
0
128
811
0
0
0
0
813
0
974
162
0
0
0
864
37
334
0
0
0
0
180
0
945
768
0
0
0
0
901
0
0
0
717
0
0
300
0
800
0
886
0
0
0
0
235
0
247
766
0
0
0
0
0
121
486
0
0
0
180
0
0
0
411
62
0
0
0
0
0
0
0
375
443
99
0
0
0
0
226
0
0
0
586
0
409
0
0
990
368
0
0
608
0
0
0
0
637
0
0
0
0
0
0
0
985
0
267
572
0
0
430
115
72
672
0
186
0
0
0
0
0
622
311
0
0
0
0
0
0
898
0
116
985
0
0
562
0
0
0
0
232
0
0
234
557
0
0
63
540
0
353
0
0
0
0
0
0
251
0
0
0
0
0
0
0
0
0
215
0
0
384
0
0
733
0
0
0
0
0
0
566
0
0
0
227
935
0
0
0
0
0
612
0
0
0
0
765
0
0
334
660
0
0
0
0
0
0
0
152
0
0
0
0
0
0
0
0
0
673
0
76
0
0
957
0
892
901
0
0
536
843
0
0
0
0
0
63
0
991
0
0
0
0
843
502
0
0
0
0
0
518
245
860
0
0
0
0
574
364
0
0
0
637
345
982
0
0
88
0
382
0
0
425
0
0
0
178
0
0
0
0
0
246
0
0
0
0
292
0
0
0
507
250
659
0
0
0
0
0
0
0
0
0
0
744
7
0
0
0
0
0
0
722
955
90
0
356
0
0
0
941
0
0
0
662
0
0
898
536
0
0
0
0
0
0
0
0
0
0
0
0
380
0
0
687
798
0
0
0
910
0
0
0
0
0
706
0
116
550
264
99
172
0
0
0
0
117
0
0
0
344
0
102
0
0
0
140
0
712
117
0
0
0
700
925
829
0
322
64
0
0
0
665
0
0
0
0
803
0
0
0
0
25
0
0
0
0
917
0
0
941
0
0
433
0
927
0
0
0
836
610
0
0
0
0
0
0
0
843
0
0
0
0
0
550
663
0
0
0
0
227
0
0
0
334
0
0
217
0
666
822
0
0
0
0
0
0
0
0
0
0
0
0
0
503
137
0
713
0
0
0
906
0
0
0
279
0
826
0
0
0
0
0
0
0
282
0
412
0
0
412
0
0
0
0
575
954
105
132
0
506
947
689
0
0
0
0
0
0
863
35
0
0
652
0
0
839
866
497
725
0
0
0
593
0
0
0
116
0
0
0
0
810
197
0
835
0
398
721
0
185
0
0
192
0
0
0
936
0
288
0
0
0
0
0
234
161
325
683
819
0
127
0
0
187
0
0
0
0
189
0
0
162
982
499
0
0
0
32
0
0
903
0
0
0
0
0
688
0
150
0
723
0
0
391
901
0
877
0
0
994
0
135
0
0
930
206
0
0
0
371
219
672
926
0
639
0
0
286
0
0
0
0
324
626
345
717
985
0
0
0
810
0
913
332
640
426
303
0
366
656
0
0
0
105
0
756
0
0
0
455
0
0
948
698
779
0
0
0
576
0
465
0
0
0
0
724
0
0
0
0
470
0
0
0
366
0
422
134
0
0
0
0
0
0
0
0
567
0
2
0
0
0
0
0
0
0
579
0
957
0
0
0
0
0
0
315
0
0
0
454
277
0
939
0
493
994
0
515
0
97
206
0
876
0
0
0
0
0
0
0
197
913
0
589
0
0
29
0
829
0
0
0
0
706
0
0
0
0
0
0
154
764
804
0
0
0
0
0
0
830
162
467
208
60
227
0
0
0
210
0
461
0
0
0
97
0
833
337
0
0
849
48
0
0
467
485
848
130
593
144
0
437
754
0
539
778
0
0
106
0
0
0
0
26
0
0
115
0
0
0
0
358
0
0
677
0
0
0
854
0
0
319
0
0
243
0
0
0
0
550
0
332
589
0
0
0
0
244
678
0
357
800
0
0
0
0
0
0
0
0
602
348
226
0
0
891
0
0
163
860
977
0
633
1
597
0
480
761
498
0
0
0
865
0
278
0
275
801
395
842
653
0
0
0
0
849
0
0
324
0
350
0
155
782
0
0
911
0
239
0
0
0
481
0
0
328
0
875
0
868
662
755
0
0
0
669
0
0
0
0
877
380
0
169
694
300
562
0
0
663
835
640
0
0
0
593
955
917
0
738
575
0
0
0
0
0
0
0
289
0
22
110
0
143
399
0
462
0
0
0
541
64
619
94
0
0
0
0
763
0
0
0
0
0
0
697
0
0
0
63
0
156
280
752
0
0
0
472
0
0
0
485
0
0
0
323
0
173
0
0
0
0
335
817
0
0
0
0
0
0
156
0
0
0
0
0
0
0
0
0
0
0
52
0
107
0
0
63
0
0
0
426
0
0
593
0
0
0
0
636
0
0
954
0
18
0
0
0
0
0
97
427
0
0
977
0
10
0
928
793
998
594
545
513
0
0
281
0
0
0
2
0
0
0
0
426
0
814
0
213
0
981
460
0
0
0
0
700
0
0
0
0
0
0
0
0
387
0
0
22
0
987
253
0
0
0
0
0
0
0
391
0
0
0
509
0
0
0
0
0
0
739
836
0
998
800
0
0
0
0
398
303
29
0
955
0
0
