0
0
0
0
856
813
0
361
308
0
0
0
0
0
692
0
50
0
0
0
0
0
0
0
0
0
0
0
0
0
0
0
965
0
0
0
0
0
0
0
0
0
0
0
0
0
0
0
724
416
0
0
0
0
0
746
0
0
0
715
168
0
0
964
0
992
0
0
0
0
648
325
0
277
50
0
0
0
112
0
430
0
0
160
510
0
0
0
0
588
0
0
0
0
0
0
0
0
0
0
0
0
0
0
0
0
0
0
0
0
0
0
0
0
0
0
0
0
0
0
0
0
0
38
0
0
292
50
0
0
119
0
0
523
0
409
412
0
0
0
0
0
913
0
0
0
0
0
0
0
359
0
0
0
0
182
442
0
0
646
0
972
0
0
0
0
0
426
0
0
0
0
450
0
0
0
0
0
0
126
0
0
0
58
0
0
604
0
0
0
0
0
414
0
0
0
0
0
0
0
0
0
0
0
281
0
0
0
0
0
786
0
0
0
0
0
0
0
0
0
0
0
0
613
0
0
0
331
0
16
0
0
0
0
0
0
0
0
0
0
0
0
0
798
0
0
0
110
861
0
0
0
0
0
0
0
0
0
131
0
123
0
0
0
374
0
0
560
0
231
0
0
0
0
0
0
756
0
0
0
0
0
0
961
774
0
0
0
706
0
0
0
762
0
0
0
0
0
0
0
0
0
0
0
0
0
0
0
0
0
0
0
368
0
0
0
0
0
0
0
0
701
0
970
0
0
330
0
0
0
0
0
0
0
0
0
639
0
0
0
833
305
0
0
0
0
0
0
0
0
0
0
775
0
167
0
389
0
0
0
0
0
0
0
0
0
0
0
0
0
0
514
0
399
0
0
0
0
893
0
0
951
0
450
0
0
160
0
112
0
0
0
0
0
0
866
0
0
0
0
856
0
281
0
0
0
0
0
0
0
0
0
0
47
0
0
0
0
0
0
0
0
0
0
0
0
694
294
0
0
0
0
0
163
0
0
0
0
156
0
0
0
0
0
0
0
0
0
637
0
0
0
0
0
0
0
0
780
0
0
0
0
0
818
0
0
0
888
0
0
0
0
0
529
0
0
0
239
0
586
804
343
0
0
0
0
632
0
99
0
0
0
946
0
0
0
0
0
0
332
813
0
0
0
0
0
0
108
0
0
0
905
0
0
0
0
0
0
0
0
0
0
645
0
0
0
0
156
0
0
0
0
0
0
0
0
0
0
0
934
499
0
0
0
0
0
0
486
0
0
0
0
0
0
0
0
0
0
0
0
803
0
0
0
0
0
0
0
0
0
0
0
0
0
693
0
296
0
0
0
0
0
823
0
0
0
0
728
0
0
0
0
0
0
0
829
0
0
0
250
0
0
0
0
0
0
0
0
0
0
420
0
0
0
0
0
0
0
0
0
0
0
0
0
0
166
0
0
419
0
0
0
0
0
0
0
0
319
0
0
0
896
955
0
702
0
0
999
0
0
166
0
0
0
0
0
0
0
0
0
0
0
0
0
0
0
0
514
614
0
0
448
279
281
0
0
0
0
701
0
0
0
0
0
0
0
0
0
0
0
0
0
0
946
175
0
0
936
0
0
361
0
0
0
0
108
0
0
0
0
354
0
0
0
0
0
0
0
829
0
0
142
0
0
0
0
0
0
0
0
0
0
450
0
0
0
0
0
0
0
927
836
0
0
0
651
934
517
0
0
0
0
0
0
0
0
0
0
176
0
224
514
0
0
0
806
0
0
635
0
0
0
247
0
0
0
0
0
0
674
0
0
0
0
0
0
0
0
0
194
0
291
0
0
0
0
203
0
0
0
308
0
0
0
0
0
0
0
0
0
0
0
0
0
0
0
0
0
0
0
0
0
0
961
0
0
0
0
139
191
0
0
0
0
0
725
0
0
0
0
0
0
0
0
0
0
0
0
0
0
295
0
0
0
0
182
0
0
0
582
0
0
0
0
0
0
0
516
0
0
0
244
0
752
420
0
0
0
0
0
804
0
0
0
0
0
0
0
0
0
641
0
0
230
0
0
892
0
624
0
0
0
0
0
0
0
0
0
0
0
0
0
0
0
0
0
0
0
0
630
774
0
644
232
0
0
0
0
0
0
0
0
703
0
0
0
843
0
0
0
0
0
647
0
803
0
0
0
0
0
0
0
0
0
0
0
0
0
956
0
0
0
0
534
0
0
631
0
0
0
0
432
0
684
0
0
0
671
0
0
0
616
0
0
0
667
0
0
0
0
0
0
0
0
0
0
0
0
0
0
0
0
786
0
0
0
420
354
0
0
0
0
0
0
0
0
0
0
0
0
0
0
0
0
0
0
0
0
0
0
0
0
738
0
0
0
0
0
0
232
422
0
198
0
0
0
0
0
0
0
511
0
0
0
0
0
0
0
0
0
0
0
351
0
0
98
0
0
0
0
0
0
0
0
53
0
0
0
0
954
0
524
0
0
0
230
0
0
0
0
0
0
0
0
569
0
0
0
0
0
0
0
0
0
0
905
0
0
0
0
0
0
679
0
0
196
0
0
0
0
0
0
0
631
0
686
0
0
0
0
0
0
0
279
0
0
0
0
0
0
0
0
0
0
0
0
0
0
0
894
0
0
0
0
341
0
973
0
0
402
0
0
324
832
0
0
0
922
0
0
61
0
0
218
0
524
0
0
978
351
413
0
0
0
902
0
0
217
0
0
0
0
0
0
0
0
0
589
733
617
0
0
0
368
0
0
0
0
0
0
0
679
0
0
725
286
0
0
0
0
0
0
0
560
893
0
0
891
744
0
0
0
0
0
0
0
0
0
0
0
0
0
0
0
0
0
0
0
0
0
0
0
0
0
0
0
0
948
0
0
0
0
0
749
0
0
0
914
0
0
0
0
0
0
0
0
0
374
0
0
0
149
222
0
0
0
445
0
0
0
707
0
0
0
0
133
0
0
0
0
0
0
0
0
47
0
0
0
0
0
0
0
0
0
0
0
0
0
0
0
0
0
0
0
0
134
0
0
0
0
608
0
0
0
0
993
0
0
0
0
0
0
0
0
0
0
0
0
0
0
0
0
0
0
976
0
0
0
212
0
859
0
0
0
0
0
119
421
0
0
0
0
0
0
0
0
934
0
0
0
0
571
0
0
0
0
741
0
0
0
0
0
0
0
605
0
0
0
0
410
692
0
0
0
0
0
0
0
0
0
0
0
725
0
0
821
0
0
0
0
0
0
921
0
0
0
0
0
0
0
944
194
0
0
0
0
0
0
437
165
0
0
0
0
0
0
0
0
0
0
0
0
0
0
197
0
0
0
0
0
0
0
0
0
0
0
0
897
174
0
81
0
0
0
0
0
0
0
0
0
0
0
0
0
0
0
0
0
0
0
0
514
0
0
0
0
0
0
0
0
0
0
0
0
0
0
0
0
0
0
0
196
286
0
821
0
0
0
0
0
0
0
0
0
0
0
0
0
0
0
0
0
0
0
0
0
0
0
0
0
0
0
644
0
0
64
995
0
0
0
0
0
928
869
638
0
0
623
0
0
759
0
0
0
0
0
0
0
0
0
735
696
0
0
732
0
0
0
0
0
540
205
0
0
0
91
0
0
0
0
0
0
0
0
905
0
0
0
0
0
50
0
0
0
0
0
0
0
0
0
0
0
0
0
0
0
0
0
0
0
0
0
710
0
191
0
0
0
0
0
397
0
608
0
0
0
0
0
0
0
0
340
0
0
589
0
660
0
0
0
436
0
0
0
351
0
0
0
0
891
0
0
0
0
0
0
0
0
0
0
550
0
0
0
827
486
0
0
0
0
0
0
0
0
461
0
0
0
0
0
0
338
0
0
0
0
0
0
0
0
0
0
0
0
0
0
0
0
0
0
0
0
0
0
0
0
0
0
0
586
0
0
0
0
127
0
0
0
0
0
0
0
0
48
0
0
0
0
0
0
0
0
0
0
0
0
0
0
0
0
540
984
0
0
457
0
0
0
0
0
0
0
896
921
0
0
0
0
0
0
947
0
0
0
0
0
0
249
86
0
133
0
0
0
0
0
0
963
0
0
0
940
0
311
4
0
0
0
0
0
0
0
0
0
0
0
0
829
0
0
0
0
0
0
0
0
0
0
0
0
0
0
0
902
0
0
0
0
0
116
0
0
0
0
0
0
928
0
0
842
207
0
225
0
0
0
0
0
0
0
0
0
0
0
142
609
0
0
276
910
0
0
0
0
278
0
0
7
0
0
0
0
0
0
0
0
0
0
0
0
0
0
0
0
0
0
0
0
0
700
0
594
0
0
0
0
0
470
0
407
0
0
0
0
0
0
0
0
0
630
0
0
0
0
0
0
0
586
0
0
0
323
0
0
0
0
924
843
849
396
0
505
283
0
0
100
0
0
0
681
409
0
365
327
0
0
0
0
0
0
847
0
0
0
0
0
0
0
0
0
63
0
0
0
0
0
0
0
0
0
0
0
0
0
0
0
0
207
708
668
0
0
0
0
0
0
0
0
0
0
0
0
0
0
0
877
0
0
994
38
0
0
0
0
0
0
0
0
0
774
0
0
0
0
0
0
0
0
0
0
0
0
0
0
0
0
0
0
0
273
281
68
0
510
0
0
0
0
0
0
0
555
0
686
0
0
0
0
0
0
0
0
0
325
0
0
0
0
590
0
0
358
0
0
0
0
0
0
0
0
0
0
0
0
0
0
0
0
415
201
0
0
0
0
0
0
0
0
914
0
0
248
0
358
0
0
0
456
0
0
0
0
0
701
0
0
0
142
0
0
0
0
0
0
0
0
0
0
0
323
0
0
0
0
0
0
0
0
0
0
0
0
0
823
0
0
0
0
0
0
0
0
0
0
651
236
0
0
0
0
0
0
19
0
732
0
0
0
508
0
0
0
0
0
0
0
0
128
39
0
0
0
0
0
0
0
0
234
0
245
0
410
0
0
0
0
0
0
0
0
380
0
0
0
0
0
528
0
758
0
0
0
0
0
0
645
0
0
0
644
0
0
0
0
921
0
710
0
0
0
0
0
0
0
0
0
0
0
0
0
0
0
720
369
0
0
309
0
0
0
686
0
0
0
126
672
0
0
0
84
0
0
558
172
0
0
233
0
0
0
0
0
0
0
0
928
782
792
0
0
0
0
516
0
0
0
0
0
0
0
0
0
0
0
0
641
0
0
0
0
0
0
0
0
0
117
0
0
0
0
0
38
613
970
0
0
0
0
961
232
0
631
560
0
0
0
0
0
902
0
0
0
0
0
0
0
933
417
0
0
0
0
0
0
0
708
0
0
0
0
0
958
0
0
0
0
289
0
0
0
0
0
165
0
0
0
0
0
0
0
0
981
0
0
0
0
354
95
0
0
0
0
0
0
0
0
0
0
0
0
0
0
0
0
0
0
94
498
0
0
0
416
0
0
886
381
69
0
0
0
0
0
0
0
0
0
0
0
0
0
0
0
893
0
0
0
191
127
0
0
0
0
0
0
0
0
0
0
0
0
0
0
0
119
300
467
0
0
0
0
382
346
928
357
0
0
183
0
0
0
0
0
722
649
0
0
899
0
0
24
115
0
0
0
0
0
0
0
0
0
0
669
0
0
0
0
0
787
0
0
746
898
0
0
0
0
0
0
0
0
917
0
0
640
0
422
269
139
0
0
0
0
0
0
0
0
166
0
0
0
0
686
0
134
0
0
0
0
0
0
0
0
0
0
0
0
0
0
0
0
0
0
37
0
0
0
0
0
0
0
0
0
0
0
0
0
0
0
0
132
0
390
0
0
0
877
29
0
946
873
0
0
0
851
0
0
0
0
0
0
0
0
0
0
0
0
0
0
0
0
0
0
0
0
0
196
342
0
579
0
0
0
0
0
0
0
0
0
0
0
0
292
0
330
694
0
0
0
0
0
0
0
0
0
0
0
0
0
0
924
0
0
0
933
0
0
0
561
0
0
0
2
284
0
0
0
0
584
0
0
0
0
0
0
0
0
0
0
0
0
0
0
0
0
0
0
0
0
0
711
0
0
0
0
0
710
0
0
0
0
0
0
0
0
702
0
0
701
0
0
0
0
0
0
0
0
0
434
0
0
0
0
0
0
0
867
0
318
0
0
0
50
331
0
294
156
0
0
0
0
0
0
891
0
0
0
0
0
0
843
0
0
0
417
0
0
561
0
0
0
736
825
0
0
0
0
0
0
0
0
0
0
0
615
0
0
462
0
0
297
0
0
0
0
408
0
0
0
0
0
0
0
0
0
281
544
0
0
801
0
0
0
0
593
0
374
736
0
0
0
0
0
838
0
0
0
0
0
0
0
0
0
0
0
0
0
0
0
0
0
0
0
0
0
0
0
419
0
139
0
0
0
744
0
0
0
0
0
0
849
0
0
0
0
0
0
0
0
0
0
0
894
488
0
0
0
0
0
49
0
0
0
0
0
0
0
0
0
0
0
0
426
782
0
0
0
0
0
0
0
0
179
0
0
0
143
0
0
0
0
0
0
0
523
0
0
614
0
0
0
0
0
0
0
0
0
827
0
0
0
0
0
602
0
0
0
0
0
328
783
0
0
16
0
0
0
0
0
191
0
0
0
0
0
0
0
0
0
116
396
273
0
0
0
0
0
0
0
0
0
0
0
0
0
0
0
0
0
418
0
0
0
0
0
0
0
0
0
0
198
0
173
0
0
0
181
0
0
0
0
0
0
0
0
0
0
0
75
486
0
0
487
0
0
0
0
0
0
0
0
523
0
645
0
0
0
0
390
727
0
965
0
937
0
0
0
0
0
0
961
0
119
0
0
0
0
0
0
0
0
0
0
0
608
944
0
397
0
0
0
281
0
0
0
0
0
0
736
0
0
0
0
0
0
0
0
0
0
0
0
0
0
0
0
0
0
907
0
500
0
0
0
0
0
0
0
0
0
0
424
0
0
0
468
0
0
0
0
0
822
0
0
0
0
691
0
732
0
0
592
0
0
382
0
0
0
0
0
0
0
0
0
749
0
0
0
0
401
0
0
0
0
0
0
0
0
0
0
0
0
0
0
0
0
194
0
0
0
0
505
68
0
0
0
0
0
2
825
894
0
0
0
0
418
0
0
0
0
0
0
0
326
0
0
0
0
942
329
618
0
0
703
0
0
0
0
0
0
0
394
0
0
0
0
0
551
719
0
0
0
0
0
0
0
0
148
944
0
0
0
0
0
0
0
0
0
0
738
0
0
549
0
0
0
0
0
901
0
130
397
965
0
0
0
0
0
0
450
0
703
738
0
0
0
0
0
608
0
0
283
0
0
720
0
0
37
284
0
488
0
0
0
0
900
359
0
488
0
825
771
0
0
827
0
0
902
0
0
0
0
0
0
0
457
0
0
0
0
0
0
0
0
0
0
0
0
0
0
0
0
0
0
0
100
228
0
0
0
0
0
0
0
0
0
0
0
0
0
0
0
0
0
742
0
0
0
0
0
554
119
0
523
0
0
163
0
0
0
0
0
0
279
0
0
0
0
0
48
0
0
510
823
369
0
119
0
0
0
0
0
0
418
900
0
0
702
0
916
0
681
0
332
0
0
0
0
449
0
0
626
0
0
0
915
0
0
0
0
0
0
0
0
499
0
793
0
0
524
0
0
411
0
0
0
857
0
444
0
0
0
328
0
0
0
0
0
0
0
0
0
0
0
0
0
0
8
0
0
0
0
0
0
0
0
0
0
0
0
0
0
0
0
0
0
0
0
0
0
0
0
0
0
0
0
300
0
0
0
0
0
0
0
359
0
0
0
0
0
0
0
0
0
0
0
536
0
0
0
0
0
782
0
0
0
0
0
0
464
0
0
0
706
0
0
0
170
0
0
0
0
626
799
977
0
0
0
566
0
0
0
191
0
0
0
198
0
564
0
0
0
233
245
0
0
426
0
0
81
0
0
0
409
0
0
0
0
0
0
725
0
0
0
0
993
0
0
0
0
0
100
0
0
0
708
467
0
0
0
0
0
0
0
0
702
0
0
0
0
0
0
0
0
0
0
803
0
0
607
519
0
0
0
0
0
0
0
0
0
26
0
0
0
0
0
0
0
0
0
0
418
473
0
0
0
0
0
0
0
628
0
0
0
0
0
0
0
247
0
0
0
0
0
0
0
0
0
0
0
0
0
0
412
0
639
0
0
0
0
0
843
0
0
0
0
0
0
0
0
928
0
0
0
309
0
0
0
0
0
0
0
0
0
488
0
0
0
0
526
0
0
0
0
0
0
0
0
0
619
0
0
275
0
0
0
0
0
249
0
0
0
0
0
0
0
0
0
0
0
0
0
350
0
0
329
0
0
0
0
744
0
0
0
0
0
4
0
0
787
0
0
0
391
0
0
0
0
0
737
0
0
0
0
0
0
0
0
319
0
0
0
0
0
0
0
0
0
0
0
0
0
0
0
0
0
0
0
584
0
0
0
0
0
0
916
0
0
526
0
992
351
0
443
0
0
0
740
0
0
0
0
243
0
0
0
0
0
0
0
0
0
195
0
0
0
0
0
0
0
855
0
0
0
0
0
0
0
0
0
275
0
0
0
0
0
356
733
557
0
0
0
0
0
0
0
0
0
0
854
0
0
0
0
0
0
156
0
0
0
0
0
0
0
0
0
437
0
0
0
0
0
0
0
0
0
0
0
0
0
49
418
0
0
825
0
0
0
0
992
0
0
298
0
0
0
0
0
0
0
233
0
0
0
0
867
0
595
0
0
0
0
0
824
0
0
0
20
0
668
0
0
0
0
0
0
0
619
0
0
0
0
268
0
0
0
0
0
0
0
0
690
0
0
35
279
0
0
657
0
0
0
0
0
0
0
0
934
0
0
0
0
232
0
0
0
165
0
0
0
842
681
0
0
0
0
0
0
0
0
0
0
0
0
771
681
0
0
0
351
0
0
0
0
844
0
0
0
0
0
0
0
0
0
198
0
524
0
0
0
0
0
0
783
0
0
0
0
0
0
0
0
0
0
0
410
0
0
0
43
0
0
0
0
0
0
617
0
0
0
0
0
0
387
0
0
0
0
0
0
0
0
0
0
0
833
0
499
0
927
0
0
422
0
0
0
0
0
0
0
207
409
0
0
686
0
382
0
0
0
0
0
0
0
0
0
0
0
0
0
298
0
0
0
0
661
0
0
0
0
0
341
0
0
0
0
0
0
0
0
0
446
0
46
0
0
0
456
0
0
0
0
315
0
0
393
0
0
532
384
347
757
0
0
0
0
0
0
0
0
0
910
0
0
0
0
0
0
0
0
0
0
0
0
0
305
0
0
896
836
0
0
0
0
0
0
0
0
340
0
0
0
555
0
0
958
346
0
0
0
0
0
0
326
0
332
0
0
0
443
0
0
0
0
0
790
0
0
0
914
0
0
0
0
0
0
350
0
0
0
0
0
0
0
77
0
194
0
0
369
322
0
0
390
0
0
0
0
0
0
0
0
0
0
726
688
0
0
0
0
0
0
487
476
0
0
0
0
864
0
0
0
0
913
0
0
0
0
955
0
0
647
198
0
0
0
0
644
0
0
225
365
0
0
0
0
928
0
0
0
0
0
0
0
827
0
0
0
0
0
0
844
0
0
0
0
0
0
0
0
0
0
391
0
528
856
0
0
0
0
0
0
0
839
84
0
0
0
0
362
0
0
0
0
0
0
0
291
0
0
253
0
0
0
0
0
0
0
0
0
0
0
324
0
0
0
0
0
584
0
0
0
0
0
798
0
0
0
0
0
0
0
0
0
0
0
0
0
0
0
0
327
686
0
0
0
357
0
0
615
0
0
0
0
0
0
0
0
0
0
0
0
661
790
0
0
0
0
0
0
0
0
0
0
0
0
148
0
0
0
0
177
0
0
0
0
0
0
0
0
902
0
458
0
0
0
700
0
0
0
0
0
0
0
0
0
0
0
0
0
0
0
0
0
923
0
0
0
598
0
0
0
0
0
0
0
0
0
702
0
0
803
0
0
0
0
0
0
589
0
0
0
0
651
126
0
0
0
0
0
0
0
0
0
0
0
536
803
0
0
0
0
0
0
0
0
0
0
0
0
0
976
0
978
0
207
771
0
221
0
0
117
0
0
0
0
335
0
0
0
0
0
0
0
0
0
0
416
0
108
0
0
775
0
0
0
0
0
0
0
0
80
0
0
0
0
0
0
0
0
0
0
0
0
0
0
0
0
0
651
0
0
0
0
0
0
0
64
0
0
0
0
0
236
672
0
0
0
0
0
0
0
0
0
902
0
0
0
0
740
0
0
0
0
0
0
0
0
0
549
0
0
0
695
0
0
504
860
278
568
0
0
294
0
0
0
709
0
0
0
0
0
0
0
0
17
0
0
0
42
0
0
0
0
737
0
0
0
0
0
0
0
0
0
0
0
0
0
0
0
563
0
0
0
0
0
0
0
0
934
0
0
0
0
0
0
0
995
660
0
0
0
0
0
0
289
183
0
0
462
0
0
907
942
0
449
0
0
0
0
0
0
0
0
0
0
0
0
0
0
638
0
0
236
0
0
0
0
0
0
0
0
211
0
0
877
0
785
0
0
0
0
767
0
0
0
507
0
0
657
0
0
0
0
0
0
0
0
0
0
570
0
0
0
0
0
0
0
0
0
0
0
0
0
110
0
0
486
999
517
0
0
0
0
0
0
0
0
0
0
0
0
0
0
0
0
0
0
0
0
0
0
0
329
0
0
0
607
619
0
0
0
0
914
0
0
0
549
0
0
0
0
0
0
0
0
693
0
0
0
0
0
847
0
527
555
0
0
0
36
0
0
0
53
0
0
0
0
0
0
0
0
0
0
0
0
0
0
0
797
0
0
0
0
0
0
665
270
0
0
0
0
724
0
861
0
637
0
0
0
0
0
0
0
0
0
0
0
0
0
0
0
0
0
0
0
0
0
0
0
0
0
500
618
0
0
0
519
0
0
233
0
0
0
0
0
0
0
638
0
0
443
0
0
333
0
0
616
0
399
11
0
0
0
0
0
0
0
481
0
0
958
0
0
0
0
0
0
0
468
0
846
0
0
0
0
0
0
0
0
0
0
0
0
819
583
0
14
0
0
17
0
416
0
0
0
0
0
0
0
0
0
0
894
0
0
0
0
0
0
0
0
0
0
84
0
0
132
0
297
0
198
0
0
0
626
0
0
0
0
0
0
341
0
0
0
976
0
0
0
443
0
0
0
0
0
0
0
0
659
0
0
0
0
0
0
0
524
0
165
0
0
431
0
0
306
0
0
904
0
0
0
0
0
0
766
0
0
0
0
0
0
0
0
53
0
671
0
0
0
0
0
0
359
0
0
0
0
166
0
295
0
511
0
0
0
0
0
436
540
0
847
0
0
0
0
0
0
0
0
0
0
0
0
0
0
782
0
275
243
0
0
0
0
391
0
0
0
0
0
0
0
0
0
0
0
0
0
0
548
0
0
0
0
0
209
0
0
0
0
0
0
0
0
0
778
0
359
0
0
0
0
0
0
0
0
0
0
0
0
791
0
721
0
445
0
0
0
0
539
0
102
0
0
0
0
0
0
0
0
0
0
0
0
0
0
0
0
0
984
0
0
0
0
0
0
0
390
0
0
426
173
0
703
0
0
0
0
0
0
0
0
0
0
0
0
978
695
236
0
0
0
0
0
0
0
0
0
0
0
0
0
0
240
0
0
411
784
0
21
185
214
0
0
0
0
131
346
0
0
966
232
0
0
0
800
0
0
0
0
0
0
0
758
0
0
0
646
0
856
239
0
0
0
0
775
0
0
0
0
0
0
0
0
0
0
0
928
0
0
0
0
0
19
558
165
722
0
0
0
782
0
0
0
0
0
0
0
0
0
0
198
0
0
528
0
0
0
0
0
333
0
0
0
0
0
0
0
389
0
965
817
0
159
499
0
0
0
0
451
0
0
0
0
649
35
0
0
0
0
0
0
0
100
812
0
0
0
0
0
0
0
0
0
0
646
703
804
0
776
0
621
0
0
0
0
0
0
0
0
0
0
0
0
0
0
0
869
0
0
0
0
325
0
172
0
649
0
0
0
0
0
0
0
457
915
0
0
0
0
867
0
0
0
856
0
207
0
0
0
0
0
0
0
0
0
0
0
0
0
0
0
0
286
0
0
0
0
0
0
0
0
54
891
0
0
979
0
31
0
0
0
0
0
0
0
151
603
0
0
0
0
150
0
0
0
0
0
0
438
0
0
0
0
0
167
0
0
0
0
0
0
0
341
0
976
197
638
351
457
142
0
0
732
0
0
0
0
0
408
0
0
0
0
0
0
0
0
0
0
0
524
0
350
0
148
771
504
0
693
0
0
0
0
0
0
0
667
0
0
0
0
0
0
973
0
419
0
768
300
0
0
0
963
0
0
552
0
0
59
0
0
931
0
368
0
0
0
0
0
0
0
0
0
0
461
0
0
0
0
0
0
746
182
0
0
0
0
0
0
182
0
0
0
0
0
0
0
0
0
609
0
0
0
0
0
0
877
0
0
0
181
0
0
0
0
0
0
0
0
595
0
0
0
0
0
0
860
0
0
616
0
0
0
0
0
667
0
0
0
0
45
535
0
0
0
0
923
0
0
530
618
2
0
134
0
0
0
0
376
0
0
0
0
0
0
0
0
853
0
0
0
458
0
97
0
701
0
0
355
555
0
0
442
0
389
0
0
0
0
0
0
0
973
0
0
0
0
0
0
0
0
0
0
233
0
899
29
0
0
0
0
0
0
0
0
0
0
249
0
0
0
0
0
0
0
221
278
0
0
0
0
0
0
389
0
0
0
0
163
616
0
0
0
0
0
0
418
0
923
894
0
0
587
0
0
0
0
0
0
0
353
0
473
987
0
0
0
0
0
0
875
0
0
0
0
0
0
0
0
0
0
0
0
0
0
780
0
0
0
0
0
0
0
948
0
0
623
0
0
0
0
0
0
0
0
0
0
0
0
0
0
0
0
0
0
464
0
0
0
0
0
0
0
0
0
0
568
0
0
399
659
548
0
0
0
0
0
163
0
0
0
0
0
389
0
0
0
0
0
847
0
0
0
338
0
998
765
0
234
0
0
0
0
813
0
495
0
0
0
0
346
0
948
0
0
0
0
0
813
136
0
0
0
131
0
0
0
0
176
0
956
0
0
0
212
0
0
0
0
276
0
590
508
0
0
0
946
0
0
0
0
0
0
0
0
0
26
0
0
0
0
0
0
0
0
0
0
0
0
11
0
0
0
965
0
0
0
616
0
0
0
0
400
0
52
800
0
0
902
0
817
0
0
0
0
0
0
0
781
0
904
223
0
0
0
0
178
0
0
0
0
0
0
0
0
713
0
0
0
0
950
715
646
0
0
0
0
0
0
582
0
0
402
0
0
0
0
891
0
910
0
0
0
0
0
24
873
711
0
0
0
424
394
0
0
0
0
0
0
0
0
446
0
0
177
117
0
0
0
0
0
0
0
817
0
0
45
0
0
0
0
0
0
398
0
344
0
0
25
0
399
0
0
0
0
258
0
464
0
0
0
0
0
0
0
0
0
0
0
0
411
0
0
864
0
0
0
120
0
0
0
168
0
123
0
0
803
0
224
0
0
0
0
0
859
0
759
0
0
0
63
0
0
0
0
115
0
0
0
0
0
0
0
0
0
0
0
0
195
0
0
0
0
0
0
0
294
211
847
0
0
0
0
0
0
0
535
0
0
0
0
0
0
0
261
501
0
0
619
0
0
0
0
0
0
321
0
0
0
0
167
0
0
0
192
0
0
907
0
0
0
0
34
0
494
0
0
0
0
59
0
0
972
0
0
0
0
0
514
0
0
0
0
0
0
0
0
0
0
0
0
358
0
0
981
0
0
0
0
179
0
0
0
0
0
706
0
0
0
824
783
46
0
839
0
0
0
0
0
0
0
0
240
159
286
0
0
0
0
400
0
0
0
0
0
0
0
0
0
282
0
0
0
0
0
0
0
0
0
0
0
0
0
0
633
0
0
0
0
0
0
0
7
0
0
0
0
0
0
0
0
0
0
0
0
0
0
0
0
0
0
351
324
0
0
0
0
0
896
0
0
0
0
0
0
0
0
0
0
0
0
0
0
0
499
0
0
0
0
0
0
0
77
84
0
0
0
0
527
0
0
0
0
499
0
973
0
0
389
0
398
0
0
0
0
0
0
64
0
0
0
776
0
0
0
0
0
0
0
0
0
0
0
0
0
0
430
809
0
345
0
0
0
0
0
0
0
488
700
0
0
964
0
0
0
818
0
0
0
0
534
0
832
749
0
0
0
0
921
0
0
0
0
0
0
0
851
0
0
0
0
468
0
0
0
0
0
0
0
0
0
0
0
0
0
0
0
877
555
0
0
209
0
0
0
0
0
0
0
52
0
261
0
0
0
0
0
0
0
0
0
0
0
0
0
712
0
0
0
0
0
0
0
0
0
228
536
664
0
0
637
0
18
0
0
0
0
377
0
0
0
0
0
374
0
0
0
0
0
0
0
0
0
0
0
0
0
0
0
278
0
0
0
0
0
0
0
0
281
0
0
0
0
0
793
0
0
0
0
0
0
0
194
0
0
335
709
0
0
0
0
0
411
0
0
419
0
0
0
800
344
501
0
0
0
0
79
0
879
0
0
0
0
0
0
0
0
0
0
0
0
0
0
277
890
0
0
0
0
860
0
0
0
768
0
0
0
869
327
0
0
992
0
0
0
0
0
0
806
0
0
98
0
0
0
0
0
0
0
0
0
0
0
928
0
0
0
710
544
143
0
0
551
0
0
170
0
0
0
20
0
456
0
0
0
0
0
785
0
0
524
0
784
0
0
0
923
418
0
0
0
0
0
0
0
79
0
0
819
160
0
0
844
0
243
0
757
679
0
0
89
0
0
0
0
0
0
0
0
0
0
0
0
0
855
0
0
0
0
0
0
0
0
0
0
0
0
0
0
0
631
0
0
0
119
0
0
0
0
0
0
0
0
782
354
0
0
0
0
0
0
0
719
0
0
0
0
0
0
0
0
0
0
0
0
0
0
0
0
481
0
0
0
0
0
768
0
0
0
0
0
0
0
64
0
0
0
0
805
0
838
0
0
0
159
0
0
0
0
218
0
0
0
0
0
0
0
0
227
982
0
0
278
0
831
841
0
0
0
0
0
0
426
560
0
888
0
514
0
516
0
0
922
914
421
897
0
0
0
7
0
0
128
792
95
0
0
0
0
0
75
0
0
0
524
0
0
0
0
668
0
0
369
362
0
0
0
0
36
0
165
0
21
451
0
300
0
923
0
902
25
619
0
0
0
879
819
805
0
0
352
0
0
0
833
58
989
656
271
0
924
158
0
766
417
741
0
0
0
874
0
0
0
63
0
0
568
0
446
626
360
0
0
0
0
0
0
614
635
0
0
0
0
0
0
174
0
0
0
0
0
0
39
0
0
0
0
0
801
0
486
0
0
0
0
0
0
0
855
0
0
0
322
0
902
0
0
0
0
0
0
0
185
0
0
0
530
894
847
0
0
0
282
0
0
0
160
0
0
0
0
516
0
987
0
0
0
0
0
0
0
0
0
0
0
0
0
0
0
0
0
43
0
0
0
0
0
0
0
0
0
0
0
231
0
0
0
0
0
0
0
0
0
0
0
0
0
0
0
0
0
0
0
0
0
0
0
0
0
0
0
822
0
0
0
0
418
0
0
0
0
0
0
0
0
0
0
0
0
958
0
0
214
0
0
0
618
0
0
817
399
0
0
0
0
0
0
838
352
0
0
0
0
15
0
0
0
0
0
451
0
0
0
0
0
0
0
0
0
0
0
0
0
93
377
0
0
0
0
0
0
648
0
0
0
0
0
0
0
0
0
0
61
0
0
81
735
550
947
0
0
0
0
0
0
0
0
0
0
0
0
0
0
0
411
626
473
350
0
0
0
315
0
0
458
0
0
767
0
0
431
0
0
0
54
0
2
0
0
0
0
0
0
776
0
0
0
0
0
516
0
0
0
0
0
0
0
758
0
0
0
0
0
738
0
0
0
0
0
0
46
0
0
569
0
0
0
0
0
0
594
325
0
0
514
0
0
448
0
244
432
0
0
0
0
0
696
0
0
0
0
0
0
0
0
669
0
0
0
0
487
0
0
0
0
799
0
0
0
0
0
0
390
0
0
0
0
0
53
0
0
0
0
0
891
963
0
587
0
0
0
0
0
0
0
0
844
0
0
0
0
0
0
0
0
221
0
0
0
243
0
0
0
0
0
0
700
0
0
0
0
0
0
0
0
0
0
0
0
0
0
0
450
0
0
0
0
279
247
0
0
0
0
0
0
0
0
0
0
0
0
0
0
516
0
0
0
0
0
0
0
0
0
0
0
977
0
0
0
0
0
0
0
0
0
0
0
0
0
0
0
0
0
649
0
0
134
0
338
0
0
0
0
0
0
0
0
0
0
987
15
0
0
0
0
0
0
0
0
0
0
0
0
0
0
0
0
0
0
0
0
0
807
0
0
0
0
0
0
641
0
277
0
0
399
529
0
281
0
752
684
0
218
0
0
0
0
0
0
0
0
0
0
0
0
0
0
0
593
523
0
0
0
100
0
0
0
329
0
0
410
393
0
0
0
0
17
0
0
0
306
778
0
35
0
0
0
0
0
0
0
0
0
0
0
0
243
159
833
0
0
0
0
0
0
0
0
0
0
0
0
265
0
0
0
0
0
627
0
0
0
0
645
875
121
117
0
0
0
0
0
50
0
0
0
0
693
0
0
420
0
53
0
0
0
0
732
827
0
0
0
0
0
0
0
0
0
702
0
0
0
691
0
228
857
0
0
0
0
0
0
0
0
0
700
0
0
507
0
0
0
0
131
0
979
552
0
0
998
0
258
321
0
0
712
0
0
0
58
0
0
0
221
0
0
0
0
0
0
877
0
0
0
0
0
0
741
0
0
0
0
0
0
0
0
0
0
0
0
671
0
0
0
0
0
0
0
0
0
0
0
0
524
0
0
0
0
486
0
0
0
0
0
0
0
0
0
0
374
0
0
0
148
0
0
0
0
0
0
619
0
0
0
291
0
416
0
0
0
0
0
359
346
0
0
0
0
0
765
0
0
0
0
0
0
0
757
0
989
0
0
0
0
0
0
0
0
0
37
0
886
0
0
0
0
0
0
0
0
984
0
0
995
685
0
537
298
584
0
71
0
0
0
756
0
0
296
0
0
0
0
0
0
0
934
0
0
0
0
0
0
0
0
0
0
0
0
0
736
614
0
732
944
0
444
566
0
0
0
0
0
532
0
0
0
0
0
0
0
0
904
0
0
0
31
0
0
0
0
0
464
0
0
0
0
0
679
0
656
0
0
758
0
0
0
0
0
0
765
0
0
0
0
0
0
0
0
0
827
0
0
0
0
0
0
0
0
0
0
43
0
0
0
0
0
239
0
0
0
0
671
0
0
374
0
0
0
0
249
0
207
0
234
0
0
787
0
701
0
0
0
0
0
0
0
0
0
0
0
0
43
384
0
0
0
108
42
657
0
468
0
0
0
0
0
59
376
0
234
781
0
0
0
0
0
0
0
0
271
0
0
0
0
0
0
0
37
765
0
0
0
0
788
0
631
0
0
0
0
0
0
0
793
0
443
0
0
0
0
0
0
112
0
0
893
0
0
701
0
0
0
0
978
0
0
0
0
0
86
0
708
415
0
0
0
0
0
0
0
0
0
0
0
0
0
0
628
744
275
0
0
347
0
253
0
0
0
0
0
0
0
0
966
0
0
0
0
0
0
0
0
0
0
0
0
0
0
218
0
0
451
0
243
0
0
877
0
0
0
0
0
0
0
0
400
766
0
0
0
0
0
0
0
0
0
978
543
196
0
0
29
0
126
0
0
586
0
0
674
0
0
954
351
0
0
0
0
0
0
0
668
201
245
0
0
0
0
0
0
0
0
592
0
0
0
0
0
0
0
0
0
757
0
0
0
0
0
0
0
846
0
0
232
0
0
0
0
353
0
904
0
167
0
0
0
0
89
0
924
0
0
0
0
0
0
0
886
0
0
0
0
882
0
984
0
0
0
0
0
799
0
370
0
0
273
0
0
0
0
0
0
430
0
0
0
804
0
0
0
804
0
0
413
0
0
0
540
0
133
0
0
0
0
0
0
746
0
0
0
0
523
0
0
0
328
191
0
0
0
268
0
0
0
0
0
775
0
0
0
0
0
0
0
0
0
931
0
0
0
223
0
0
0
0
0
0
0
0
158
0
0
0
0
0
265
0
0
0
0
0
882
0
0
0
0
672
0
0
0
0
0
572
0
0
0
0
0
0
0
14
0
0
0
0
951
343
0
0
0
0
616
524
0
149
571
0
205
0
0
0
0
0
410
0
0
898
0
0
0
0
0
0
0
0
0
0
0
0
0
0
0
0
0
0
0
0
0
0
0
0
0
0
0
100
0
0
0
473
0
0
0
0
0
0
0
0
0
0
0
0
0
0
0
0
0
0
0
0
788
0
0
0
0
0
0
0
0
0
0
508
0
0
0
0
0
0
0
0
0
0
0
0
0
0
0
0
823
0
0
0
0
0
0
222
0
0
0
0
0
0
0
0
0
0
0
0
0
0
838
0
645
382
0
0
0
0
0
0
0
0
0
0
726
0
0
0
737
0
0
0
0
0
0
812
0
368
0
987
813
0
0
0
0
0
0
277
0
0
766
0
0
738
0
0
0
0
0
0
0
0
984
0
0
0
0
0
0
0
0
0
0
559
1000
0
0
0
0
0
0
670
0
160
58
961
450
0
0
0
0
0
0
0
0
0
0
0
0
0
0
0
0
0
0
0
0
0
0
0
0
0
0
0
0
0
0
0
0
0
0
0
0
0
688
0
0
0
0
0
0
0
766
0
800
0
0
0
0
0
0
0
0
192
633
0
0
890
0
0
417
0
0
0
0
0
0
0
0
0
631
400
0
0
0
0
0
0
561
299
156
0
0
0
0
0
0
0
0
319
0
0
0
510
0
774
0
0
0
0
0
0
0
0
902
0
0
0
0
461
0
0
0
0
0
0
0
0
0
0
0
0
0
0
0
0
0
198
0
4
356
0
617
0
0
0
0
0
0
0
0
0
0
0
0
0
151
0
0
0
495
0
0
0
0
0
228
0
0
0
741
0
0
0
0
0
0
0
0
0
0
766
0
672
0
0
0
0
0
0
598
344
0
0
0
0
0
0
0
0
0
783
0
0
0
0
0
0
0
0
0
0
667
230
0
0
0
0
91
0
0
0
0
0
0
641
0
0
196
0
0
0
0
0
0
0
0
0
0
0
733
0
0
0
0
0
0
0
0
0
0
0
0
0
0
0
603
0
0
0
0
178
0
0
0
430
536
0
0
0
0
0
0
0
700
0
0
741
0
0
0
0
0
0
0
0
561
0
0
0
0
0
0
0
0
0
303
0
0
0
363
0
730
0
604
0
160
632
0
0
0
0
0
0
0
445
741
0
0
0
0
0
0
0
0
0
94
0
342
0
0
827
0
0
0
0
0
564
247
0
557
0
0
0
0
0
0
0
0
0
0
0
0
0
0
0
0
0
853
0
0
0
0
907
0
809
664
0
0
0
0
0
0
0
0
0
627
0
0
0
0
0
0
0
0
0
299
0
0
0
472
0
908
0
0
0
0
0
0
0
0
0
340
0
0
0
0
0
728
0
0
0
0
0
217
0
0
0
0
0
963
0
0
0
0
0
498
0
0
434
0
0
390
0
738
0
0
0
0
787
0
0
0
0
0
0
0
0
0
0
797
0
0
0
0
0
0
0
0
0
0
0
0
0
0
0
0
0
0
227
0
0
0
0
0
0
0
0
0
827
0
0
0
0
0
0
156
598
0
472
0
259
678
0
0
0
0
0
0
0
0
0
0
0
0
706
112
99
0
0
0
0
0
0
0
0
0
0
0
0
0
0
0
914
0
0
0
0
579
0
0
0
727
0
0
0
0
0
0
0
0
0
0
0
0
0
0
0
0
570
0
0
0
791
0
0
0
0
0
0
0
0
0
0
0
345
0
860
0
982
874
0
0
0
0
0
0
0
984
0
0
0
799
0
508
0
0
344
0
0
259
0
0
568
0
371
0
0
0
0
0
0
0
588
0
0
0
0
0
0
194
0
0
0
0
0
0
0
0
0
0
700
0
0
0
0
0
0
0
0
0
0
0
0
0
0
0
0
0
0
0
690
0
910
0
0
0
80
0
0
0
0
0
0
0
0
0
0
0
875
346
0
411
0
0
0
637
0
0
0
0
0
0
46
0
0
0
0
0
0
0
0
0
0
0
0
0
0
0
908
678
0
0
45
0
0
0
84
0
943
0
0
0
0
0
0
0
0
0
0
0
641
0
0
0
707
0
0
0
0
0
0
0
0
380
0
0
917
0
0
0
0
965
0
549
0
0
233
0
0
0
0
0
0
487
324
0
0
0
0
0
0
0
721
0
0
150
0
458
0
0
0
0
0
0
0
0
0
0
0
0
43
0
0
0
0
0
0
0
0
0
0
370
572
0
559
0
0
0
0
0
568
45
0
0
0
0
0
0
0
0
135
0
0
0
0
0
0
0
0
291
0
0
0
0
0
0
514
0
338
940
594
0
248
0
0
416
0
0
0
0
0
0
0
0
0
0
245
0
391
0
0
387
0
476
0
0
0
0
0
0
0
0
0
758
0
0
0
0
0
948
0
0
34
7
0
18
0
0
278
0
0
0
0
0
807
645
0
995
0
793
0
0
0
0
1000
0
0
0
0
0
0
0
0
0
0
0
0
0
0
0
0
0
0
414
762
0
946
0
0
0
0
0
0
0
0
0
0
0
0
0
0
0
0
0
0
0
0
0
0
0
602
937
749
0
742
0
0
0
0
0
35
0
0
0
0
923
0
0
0
0
819
53
445
0
0
0
0
97
0
0
0
864
0
0
0
0
768
0
0
63
0
93
569
0
0
875
0
685
0
0
0
0
0
0
0
0
0
0
0
0
371
0
0
0
0
0
0
0
0
0
0
322
0
0
0
0
0
0
946
0
230
0
0
0
0
0
0
0
0
311
0
0
358
0
0
0
640
0
0
0
0
0
0
0
0
0
0
0
0
0
279
0
0
0
0
0
0
0
0
0
583
0
0
0
646
0
461
0
0
0
0
0
494
0
0
0
0
855
831
0
0
377
0
0
0
121
0
0
0
443
0
273
0
0
0
0
0
303
0
0
0
0
0
0
0
0
0
0
0
0
614
0
0
0
0
0
0
0
175
0
0
0
569
0
0
605
0
905
0
4
0
0
0
0
0
886
0
0
0
0
0
0
0
0
0
0
426
0
0
0
0
0
0
0
0
0
0
0
0
665
0
671
0
0
703
0
0
701
0
0
713
0
0
0
0
0
0
0
841
0
0
0
0
0
0
117
0
537
0
0
978
0
0
0
0
0
0
0
0
0
0
84
0
0
0
0
0
0
0
0
397
0
0
0
0
866
0
829
0
0
0
0
0
0
133
0
0
0
0
0
0
877
0
0
117
381
422
0
867
0
0
0
0
0
0
8
0
0
0
0
0
0
0
0
0
0
0
0
0
270
14
0
0
646
804
0
0
0
0
0
0
0
0
0
0
0
0
0
0
568
0
0
0
0
0
0
0
298
0
0
543
0
0
0
0
0
0
0
0
0
0
0
0
0
0
0
0
0
0
0
0
0
0
0
0
0
0
0
0
203
892
0
0
0
0
0
0
0
0
0
0
0
0
528
0
69
269
0
0
0
0
0
0
901
0
0
0
0
0
0
657
0
0
864
584
598
0
0
0
0
0
0
0
0
0
0
0
0
0
0
0
120
0
0
488
377
869
0
0
0
0
0
0
0
0
0
0
584
0
0
196
0
0
0
0
319
0
0
0
0
0
943
0
0
0
0
0
0
0
0
462
0
0
0
0
0
0
0
936
0
0
0
0
589
0
0
0
0
0
0
470
0
456
0
0
0
139
0
318
0
0
0
401
0
0
0
81
0
737
854
0
0
0
0
0
0
0
0
0
0
0
0
539
856
776
438
0
355
0
813
0
0
0
0
700
0
327
0
0
446
0
0
0
0
0
0
0
0
0
0
0
0
0
0
0
0
0
363
0
0
0
0
0
0
0
0
0
0
0
0
0
0
0
0
0
0
0
0
0
0
624
0
0
733
0
0
0
0
0
0
0
994
0
758
0
0
0
0
0
0
328
0
0
130
554
0
0
0
0
0
0
0
0
0
0
0
0
563
0
0
17
0
0
239
0
0
0
555
0
136
0
0
59
0
0
0
0
0
0
626
0
0
0
0
641
0
671
71
43
0
0
0
14
0
670
0
783
0
0
0
0
0
135
0
0
614
397
0
462
0
0
0
0
0
0
0
332
250
0
0
0
0
0
617
0
410
0
0
0
0
407
38
0
0
0
0
0
0
0
0
783
961
0
397
119
0
0
0
0
0
0
0
0
0
0
0
0
0
0
0
0
0
102
0
621
0
0
0
0
0
950
0
0
0
0
0
0
0
0
360
0
0
594
0
0
0
0
0
0
0
29
0
0
0
0
0
0
730
340
0
0
0
0
0
322
0
0
0
0
0
0
0
