0
231
423
351
361
414
372
47
72
342
564
462
737
858
418
398
136
254
927
691
931
403
785
280
458
113
572
788
9
62
492
754
7
709
579
782
877
552
629
209
450
706
45
340
210
509
571
486
198
169
658
284
45
900
927
120
481
436
760
84
408
200
634
755
785
935
108
861
362
89
413
739
793
52
412
333
511
77
620
642
132
685
767
343
256
962
247
125
164
267
954
937
757
361
471
127
362
432
224
942
231
0
384
374
938
659
537
159
450
263
124
308
692
434
273
835
523
549
11
568
107
875
656
279
848
264
903
648
217
52
833
179
332
858
883
528
410
532
309
17
209
675
4
46
325
520
61
123
5
755
561
625
202
921
357
269
957
728
944
30
522
108
174
119
933
535
106
510
489
133
123
369
485
148
282
946
595
268
381
875
493
520
822
314
447
77
46
517
691
659
608
67
444
410
181
455
608
329
883
754
423
384
0
165
213
410
12
539
263
189
864
814
883
130
34
486
311
631
477
962
76
668
69
429
143
512
857
35
487
572
207
324
146
816
58
316
658
439
688
548
439
458
358
592
957
736
254
448
379
577
822
735
59
834
380
68
379
171
301
89
893
346
740
363
874
687
66
816
542
74
776
427
210
411
446
706
659
673
166
419
649
491
509
769
675
73
334
598
842
64
357
864
524
243
791
213
89
776
519
222
351
374
165
0
37
956
7
641
158
415
689
233
197
357
96
289
52
350
509
567
706
561
197
539
392
531
281
534
473
829
379
876
854
152
681
734
628
960
575
461
883
398
207
2
637
220
639
958
143
762
800
703
694
142
33
608
33
30
341
197
551
314
617
49
25
685
156
267
758
447
329
258
558
371
565
334
167
748
275
777
284
658
433
294
822
106
725
721
904
69
258
87
397
969
436
141
590
874
937
710
361
938
213
37
0
712
925
356
817
915
470
789
852
910
372
541
270
191
91
319
900
432
608
603
905
126
62
915
875
274
791
582
268
3
92
154
417
399
960
786
89
551
258
837
713
894
853
459
6
373
799
358
663
822
418
161
261
524
89
293
944
243
751
146
184
598
54
356
837
792
56
150
764
668
21
913
218
414
516
586
267
414
173
952
795
931
428
80
440
876
181
303
775
901
708
742
487
57
107
939
414
659
410
956
712
0
252
547
519
886
16
619
386
153
674
826
338
303
592
683
598
41
255
609
906
29
586
424
473
872
569
670
451
659
702
73
952
859
124
542
613
392
890
43
151
99
681
793
72
391
631
452
432
175
496
22
473
600
846
281
477
73
198
95
689
24
641
543
434
264
774
362
826
375
703
889
940
325
144
872
54
383
51
260
505
189
610
855
170
808
155
712
420
697
88
263
826
26
841
14
372
537
12
7
925
252
0
784
188
967
117
409
318
567
626
937
13
162
386
745
460
269
698
932
422
901
556
202
80
351
143
200
53
690
504
584
527
149
578
268
872
797
949
779
513
288
551
374
594
487
4
510
860
247
310
589
485
480
812
76
527
35
851
124
378
559
948
529
623
497
420
542
715
689
74
599
897
168
96
56
354
243
502
863
175
895
602
236
518
591
575
968
457
583
630
818
390
18
92
909
47
159
539
641
356
547
784
0
101
684
198
147
935
206
302
670
61
592
94
163
19
411
610
532
546
870
7
672
245
490
312
602
535
220
664
281
402
664
905
699
60
122
828
530
859
61
89
105
845
406
720
685
254
556
333
59
703
118
499
125
617
192
595
919
403
173
302
181
802
825
601
818
828
752
268
174
267
328
139
135
206
578
963
60
463
192
304
820
470
756
199
956
520
763
424
845
838
470
95
907
72
450
263
158
817
519
188
101
0
534
75
943
757
475
612
135
266
643
817
465
470
956
213
3
621
955
388
801
658
695
172
105
49
684
598
535
367
487
196
140
552
726
668
295
138
329
632
834
71
902
956
201
379
230
851
225
271
306
536
921
633
717
105
667
759
492
386
80
216
36
435
843
218
412
451
179
106
449
403
573
473
210
947
930
400
84
350
389
707
134
243
467
869
779
605
269
512
142
543
217
342
263
189
415
915
886
967
684
534
0
109
556
437
425
939
133
95
533
393
849
238
24
32
515
67
773
695
8
471
825
906
860
814
757
932
506
458
653
724
776
524
370
867
375
247
813
57
717
969
740
678
761
489
676
405
51
286
224
686
585
699
321
339
764
580
280
392
733
80
937
300
690
152
371
280
649
158
548
551
458
917
875
28
632
184
763
170
589
326
803
875
97
423
495
353
45
371
771
410
441
564
124
864
689
470
16
117
198
75
109
0
61
708
186
438
82
903
5
165
482
822
282
950
814
151
630
68
218
342
651
579
935
796
38
73
352
65
202
363
949
279
688
308
347
328
73
741
554
443
843
19
916
897
543
251
335
32
109
492
25
739
562
218
580
948
25
256
269
666
929
1
97
696
680
19
12
340
852
182
460
156
913
557
52
864
343
390
268
504
580
423
18
463
17
580
406
194
267
445
143
462
308
814
233
789
619
409
147
943
556
61
0
874
140
586
399
365
625
456
408
226
198
289
763
555
209
72
347
455
105
856
705
573
797
732
564
699
870
293
80
354
436
628
917
826
836
91
824
125
172
714
49
859
762
202
646
363
337
804
967
759
798
922
924
722
153
13
797
727
864
902
262
211
817
805
37
643
809
599
186
439
35
548
576
462
311
167
153
213
353
33
861
757
325
760
647
581
135
456
658
737
692
883
197
852
386
318
935
757
437
708
874
0
723
721
240
58
493
202
853
790
346
870
850
572
364
158
875
708
528
179
833
460
485
263
278
948
325
159
662
697
583
368
864
232
474
406
424
17
459
379
695
492
497
207
212
474
90
600
615
525
838
15
950
291
949
776
485
580
633
59
749
295
737
967
801
364
889
29
97
162
904
61
412
176
85
565
687
672
440
448
658
491
872
900
346
515
68
68
382
858
434
130
357
910
153
567
206
475
425
186
140
723
0
881
496
860
202
77
804
200
575
392
772
430
57
904
949
174
882
514
596
191
94
838
692
533
467
559
704
201
556
366
693
520
346
632
781
267
543
240
884
150
831
727
97
370
720
163
941
237
694
682
425
518
1
862
252
172
469
132
486
495
288
365
458
397
474
685
467
198
429
697
850
85
835
911
888
559
170
607
558
273
354
656
582
399
126
709
66
418
273
34
96
372
674
626
302
612
939
438
586
721
881
0
933
484
437
436
178
9
818
914
439
870
384
434
163
648
553
450
331
452
290
484
251
944
380
868
388
12
480
890
35
565
558
143
778
637
778
439
535
632
291
557
266
901
596
328
40
279
266
346
440
472
570
54
464
813
717
29
272
235
748
260
711
698
910
205
342
649
762
867
264
572
682
823
220
221
320
521
702
752
687
228
492
635
492
142
675
398
835
486
289
541
826
937
670
135
133
82
399
240
496
933
0
564
358
180
652
540
397
206
523
713
819
66
926
902
215
243
790
959
834
761
720
104
561
431
703
742
44
491
47
122
564
217
68
31
436
715
789
8
882
564
30
319
260
742
791
555
657
303
825
867
870
566
205
860
911
475
691
871
710
780
895
524
432
925
756
310
749
352
103
167
446
383
354
423
384
90
59
610
914
472
55
59
641
956
66
136
523
311
52
270
338
13
61
266
95
903
365
58
860
484
564
0
98
626
411
157
276
408
591
955
541
468
773
354
745
581
374
806
444
344
890
247
310
389
741
628
196
545
55
726
607
64
292
884
94
25
306
814
248
847
268
887
696
556
316
457
874
780
707
500
251
449
30
451
209
515
926
333
845
221
349
298
670
507
811
553
146
786
831
663
868
433
584
691
669
11
353
111
536
8
280
737
901
609
924
254
549
631
350
191
303
162
592
643
533
5
625
493
202
437
358
98
0
414
831
77
17
640
841
528
277
693
673
834
571
668
399
407
39
538
600
626
663
463
576
627
235
426
600
116
547
270
409
317
101
451
137
458
344
891
800
132
229
648
481
526
307
962
932
334
357
202
182
148
637
580
466
60
629
51
885
880
426
323
480
839
199
130
261
964
576
922
523
715
108
606
788
791
120
171
405
827
886
786
559
927
11
477
509
91
592
386
94
817
393
165
456
202
77
436
180
626
414
0
422
673
725
597
12
929
187
886
350
450
855
483
544
87
187
465
69
343
576
906
838
477
481
478
428
949
728
436
507
23
594
530
771
816
656
753
832
849
48
252
250
308
756
854
541
616
396
168
831
450
332
951
577
929
764
727
544
628
538
722
911
259
209
800
273
284
945
548
766
5
751
217
322
130
406
385
65
89
260
618
742
691
568
962
567
319
683
745
163
465
849
482
408
853
804
178
652
411
831
422
0
77
63
729
379
412
770
376
11
855
540
926
664
561
15
292
535
947
210
162
6
553
570
743
910
39
794
736
601
331
580
318
128
422
715
878
426
813
823
369
293
507
457
259
630
483
468
35
651
727
461
243
720
147
54
496
371
909
8
412
164
812
419
894
616
136
579
100
15
352
634
656
659
588
694
829
122
446
431
781
155
931
107
76
706
900
598
460
19
470
238
822
226
790
200
9
540
157
77
673
77
0
223
436
761
81
243
771
906
661
860
640
828
706
51
242
678
134
780
840
341
563
743
899
247
1
323
692
640
66
694
921
735
433
409
963
636
935
398
894
521
578
773
796
624
700
456
27
528
43
599
799
569
227
235
541
806
137
280
721
895
959
265
697
406
103
633
630
366
495
296
739
910
249
348
453
924
824
844
489
561
403
875
668
561
432
41
269
411
956
24
282
198
346
575
818
397
276
17
725
63
223
0
533
915
738
10
194
484
920
894
946
721
804
506
319
235
113
659
370
648
550
625
4
660
171
82
593
892
342
238
791
702
387
746
861
69
506
94
259
792
418
836
717
813
94
833
225
579
889
173
748
533
733
860
885
409
17
487
555
454
800
114
164
440
200
543
423
238
43
786
623
171
784
474
706
110
424
610
810
332
785
656
69
197
608
255
698
610
213
32
950
289
870
392
914
206
408
640
597
729
436
533
0
445
414
181
299
60
83
95
549
630
257
530
46
299
62
321
475
235
104
96
723
141
781
497
397
334
435
187
283
490
409
650
518
735
231
394
322
638
773
746
733
280
171
762
658
818
322
473
58
47
911
863
76
877
412
809
436
409
488
867
241
301
861
761
654
146
494
708
791
846
310
544
772
701
900
373
345
210
280
279
429
539
603
609
932
532
3
515
814
763
850
772
439
523
591
841
12
379
761
915
445
0
671
272
451
51
657
552
676
846
476
856
125
4
798
79
348
936
713
518
817
839
432
454
709
335
393
359
923
80
808
738
694
83
792
648
123
845
169
534
615
819
622
402
343
533
700
760
289
239
625
427
603
892
626
682
617
588
891
628
837
5
551
841
954
617
668
216
622
559
290
900
208
568
15
125
802
376
458
848
143
392
905
906
422
546
621
67
151
555
572
430
870
713
955
528
929
412
81
738
414
671
0
743
394
4
539
55
10
831
26
83
138
208
824
480
731
408
626
662
854
881
40
344
810
242
587
45
469
928
836
35
727
337
490
293
810
125
48
648
788
912
56
959
357
792
633
944
94
444
442
799
801
162
385
356
762
467
138
653
542
273
148
503
836
41
331
60
385
55
485
307
520
919
728
703
633
955
113
264
512
531
126
29
901
870
955
773
630
209
364
57
384
819
541
277
187
770
243
10
181
272
743
0
328
922
18
316
496
222
681
677
712
813
817
623
319
184
23
92
67
769
527
616
92
349
488
567
675
637
162
50
406
951
870
955
219
790
871
29
17
337
792
291
409
705
889
616
952
854
255
331
846
153
397
577
840
270
178
388
70
843
965
879
552
874
74
622
690
200
955
110
800
505
567
132
661
401
572
903
857
281
62
586
556
7
388
695
68
72
158
904
434
66
468
693
886
376
771
194
299
451
394
328
0
753
324
802
138
891
623
767
545
179
688
942
606
350
120
879
762
958
536
445
557
743
223
953
961
228
393
763
315
711
45
765
27
48
903
125
489
104
363
5
815
412
18
895
41
949
530
737
77
690
175
515
2
945
826
657
198
103
659
787
548
371
715
106
642
774
589
83
604
617
360
92
388
118
788
648
35
534
915
424
202
672
801
8
218
347
875
949
163
926
773
673
350
11
906
484
60
51
4
922
753
0
553
235
565
375
673
50
450
498
607
18
20
165
887
700
482
334
686
830
244
297
224
24
648
716
327
132
441
740
643
124
458
119
577
705
130
69
542
409
195
750
227
148
657
903
666
261
796
801
351
736
517
373
805
610
310
823
774
36
25
300
174
557
803
344
963
408
768
212
28
799
92
101
9
217
487
473
875
473
80
245
658
471
342
455
708
174
648
902
354
834
450
855
661
920
83
657
539
18
324
553
0
718
117
424
680
239
854
258
115
21
351
573
157
60
797
271
496
340
136
219
280
55
174
877
559
415
122
400
228
110
84
785
390
863
912
315
206
525
521
869
455
925
88
440
334
671
191
806
132
12
317
768
188
581
320
663
763
26
670
551
264
396
834
292
941
541
438
568
47
620
499
725
62
52
572
829
274
872
351
490
695
825
651
105
528
882
553
215
745
571
855
540
860
894
95
552
55
316
802
235
718
0
492
793
123
461
519
827
728
921
510
893
512
771
103
348
660
762
355
312
376
887
141
357
364
71
86
438
38
950
628
90
54
485
283
446
258
855
656
215
596
175
638
754
427
483
299
160
591
194
94
38
641
200
946
778
762
592
933
5
46
426
282
846
540
410
962
280
39
635
305
680
492
833
207
379
791
569
143
312
172
906
579
856
179
514
450
243
581
668
483
926
640
946
549
676
10
496
138
565
117
492
0
761
656
494
545
9
701
852
131
470
246
886
333
909
361
753
878
739
451
111
765
165
504
794
830
922
219
780
420
890
701
240
584
365
313
487
421
965
445
288
626
176
900
671
164
938
725
390
741
701
172
756
484
275
705
765
492
680
926
636
802
936
447
186
887
186
968
780
433
546
754
179
324
876
582
670
200
602
105
860
935
705
833
596
331
790
374
399
544
664
828
721
630
846
831
222
891
375
424
793
761
0
553
481
859
68
301
796
562
141
93
184
653
486
80
353
861
635
730
949
68
155
127
830
30
550
3
248
66
362
490
860
149
809
688
195
219
89
498
664
225
313
328
820
753
769
85
401
473
518
734
908
526
746
257
99
463
674
636
751
604
865
877
217
743
431
772
863
248
553
7
332
146
854
268
451
53
535
49
814
796
573
460
191
452
959
806
407
87
561
706
804
257
476
26
681
623
673
680
123
656
553
0
786
856
797
180
537
310
467
648
360
393
547
962
753
737
235
259
891
719
591
127
613
316
521
265
536
740
964
247
844
709
135
720
184
440
700
482
505
301
870
442
646
675
782
542
270
781
770
882
928
667
874
475
843
163
151
24
603
800
565
455
87
161
566
106
723
155
616
709
858
816
152
3
659
690
220
684
757
38
797
485
94
290
834
444
39
187
15
51
506
530
856
83
677
767
50
239
461
494
481
786
0
944
106
280
576
61
407
198
497
594
139
68
622
826
866
661
906
599
344
644
110
618
656
286
25
885
728
535
600
462
409
649
554
759
403
937
581
191
367
282
194
300
431
910
11
601
377
198
220
619
305
919
900
943
915
451
119
135
555
908
366
341
704
50
219
858
648
579
883
58
681
92
702
504
664
598
932
73
732
263
838
484
761
344
538
465
292
242
319
46
125
138
712
545
450
854
519
545
859
856
944
0
650
159
145
912
30
44
647
493
633
605
52
294
281
590
595
512
207
594
795
215
105
550
623
720
428
493
487
93
150
958
559
637
195
953
678
497
740
112
349
25
3
748
301
355
808
703
487
156
765
94
225
782
803
896
86
754
280
15
362
191
851
744
759
128
654
782
528
316
734
154
73
584
281
535
506
352
564
278
692
251
720
890
600
69
535
678
235
299
4
208
813
179
498
258
827
9
68
797
106
650
0
319
252
113
526
766
385
418
321
109
430
256
683
767
712
634
948
390
416
238
617
289
662
255
755
714
335
843
52
338
691
171
631
894
885
140
148
695
859
800
799
611
332
824
708
294
767
410
665
163
862
897
689
700
121
258
114
884
388
456
846
145
813
806
894
877
410
658
628
417
952
527
402
367
458
65
699
948
533
944
104
247
626
343
947
134
113
62
798
824
817
688
607
115
728
701
301
180
280
159
319
0
361
454
30
191
927
780
141
303
915
120
963
517
616
134
82
950
754
515
911
602
384
294
384
22
383
935
218
501
544
354
766
316
291
603
184
215
821
848
227
621
759
85
926
949
864
229
962
671
174
689
346
485
350
723
425
396
869
758
436
904
552
726
108
552
532
439
960
399
859
149
664
487
653
202
870
325
467
380
561
310
663
576
210
780
659
321
79
480
623
942
18
21
921
852
796
537
576
145
252
361
0
663
503
281
656
307
135
392
803
658
135
894
202
602
524
588
275
664
261
898
209
930
668
342
491
303
889
496
105
651
98
357
966
67
346
238
754
223
794
849
840
483
968
478
485
733
297
332
766
10
584
252
357
229
168
17
727
424
273
122
721
944
16
629
309
688
575
960
124
578
905
196
724
363
293
159
559
868
431
389
463
906
162
840
370
475
348
731
319
606
20
351
510
131
562
310
61
912
113
454
663
0
101
910
76
575
258
29
874
61
212
448
298
811
273
491
201
908
380
961
6
146
340
63
83
473
744
459
112
234
802
574
875
564
711
306
408
111
228
786
368
788
310
397
399
353
603
213
177
858
174
218
144
952
244
425
481
721
426
498
76
233
92
209
17
548
461
786
542
268
699
140
776
949
80
662
704
388
703
741
576
838
6
341
648
235
936
408
184
350
165
573
893
470
141
467
407
30
526
30
503
101
0
61
555
138
64
136
525
860
228
843
436
889
217
71
433
575
834
440
680
555
264
449
745
677
682
216
571
481
589
960
506
689
830
658
728
702
799
220
545
9
969
853
561
313
710
311
591
957
717
171
535
8
749
570
895
361
924
457
493
171
192
450
209
439
883
89
613
872
60
552
524
279
354
697
201
12
742
628
627
477
553
563
550
104
713
626
23
120
887
157
512
246
93
648
198
44
766
191
281
910
61
0
470
542
636
344
705
467
688
867
404
850
462
354
428
143
375
249
164
841
168
258
535
473
625
147
4
592
140
4
851
286
539
839
642
810
631
969
864
136
587
822
205
622
92
373
125
634
180
338
335
413
300
212
492
828
743
483
650
23
735
706
675
458
398
551
392
797
122
726
370
688
436
583
556
480
44
196
235
481
570
743
625
96
518
662
92
879
700
60
771
886
184
360
497
647
385
927
656
76
555
470
0
616
584
278
788
953
735
470
807
220
639
557
301
234
556
880
2
956
124
964
92
368
750
168
890
215
851
604
229
437
285
230
390
956
847
794
911
726
292
607
333
314
603
874
383
951
729
494
930
339
577
629
833
795
801
311
893
358
10
45
4
358
207
258
890
949
828
668
867
308
628
368
366
890
491
545
426
478
743
899
4
723
817
854
67
762
482
797
103
333
653
393
594
493
418
780
307
575
138
542
616
0
925
613
609
892
404
341
874
577
144
555
919
482
191
126
40
676
567
275
736
714
95
161
447
935
70
687
738
660
242
608
390
297
70
549
142
222
857
852
674
625
536
863
700
346
254
295
27
552
364
778
291
950
388
98
504
689
587
340
46
592
2
837
43
779
530
295
375
347
917
864
693
35
47
55
600
428
910
247
660
141
839
881
769
958
334
271
348
909
486
547
139
633
321
141
135
258
64
636
584
925
0
377
138
175
625
251
465
30
944
938
593
506
282
36
792
413
417
805
377
850
548
627
491
754
849
931
107
882
940
472
276
447
2
704
614
344
682
772
708
672
90
443
799
127
185
501
496
224
210
837
355
942
611
856
631
383
36
210
325
957
637
713
151
513
859
138
247
328
826
232
520
565
122
726
116
949
39
1
171
781
432
40
527
536
686
496
660
361
80
962
68
605
109
303
392
29
136
344
278
613
377
0
267
27
535
814
490
93
835
946
715
508
743
343
947
223
547
355
917
256
567
374
84
240
156
225
374
585
204
688
489
754
286
447
365
775
209
839
539
668
242
423
205
671
795
282
500
18
396
871
608
105
146
497
707
888
122
509
520
736
220
894
99
288
61
329
813
73
836
474
346
558
564
607
547
728
794
323
82
497
454
344
616
445
830
340
762
753
353
753
622
52
430
915
803
874
525
705
788
609
138
267
0
855
247
244
814
661
71
359
174
770
799
791
841
937
338
885
889
908
389
284
265
365
468
433
797
299
750
705
309
438
751
613
53
551
476
7
268
784
772
568
497
133
558
17
248
831
802
722
671
726
802
260
251
389
747
571
61
254
639
853
681
551
89
632
57
741
91
406
632
143
217
64
270
436
736
692
593
397
709
810
92
557
244
136
355
878
861
737
826
294
256
120
658
61
860
467
953
892
175
27
855
0
214
697
210
532
790
685
796
242
330
29
363
928
193
433
863
805
468
79
861
466
954
451
317
490
170
299
275
543
43
761
645
170
545
487
699
796
39
480
535
813
650
486
203
691
412
553
153
693
477
14
513
287
502
486
123
448
958
459
793
374
105
834
717
554
824
424
781
778
68
292
409
507
601
640
892
334
335
242
349
743
297
219
312
739
635
235
866
281
683
963
135
212
228
688
735
404
625
535
247
214
0
76
939
598
664
132
481
703
444
501
905
881
397
793
184
604
208
361
560
405
728
436
575
411
60
26
848
243
71
943
277
632
341
536
198
287
58
882
11
51
635
923
424
654
411
340
769
819
681
700
227
768
543
198
5
379
143
6
72
594
845
71
969
443
125
17
267
637
31
884
317
23
331
66
342
435
393
587
488
223
224
280
376
451
730
259
661
590
767
517
894
448
843
867
470
341
251
814
244
697
76
0
770
805
179
526
704
590
214
318
847
894
486
366
43
210
50
728
430
644
90
126
658
477
694
820
269
111
440
59
466
740
357
650
350
429
401
366
473
267
747
884
903
692
210
83
391
186
152
867
391
631
938
169
755
577
762
373
391
487
406
902
740
843
172
459
543
778
436
94
101
594
580
694
238
187
359
45
567
953
24
55
887
111
949
891
906
595
712
616
202
298
436
404
807
874
465
490
814
210
939
770
0
852
48
924
280
837
155
555
771
82
14
928
697
846
24
407
302
690
683
488
786
241
201
267
19
2
751
47
653
231
468
221
598
700
712
72
707
484
719
718
649
448
894
188
107
192
638
594
632
494
237
658
561
822
800
799
631
4
720
956
678
19
714
379
240
439
715
25
451
530
318
921
791
283
923
469
675
961
648
174
141
765
68
719
599
512
634
134
602
811
889
850
220
577
30
93
661
532
598
805
852
0
235
221
446
510
619
252
821
201
690
188
409
310
67
199
51
939
396
953
382
762
427
112
1000
416
528
823
450
814
938
524
659
724
82
844
600
504
371
287
511
883
789
335
840
58
48
178
272
953
778
284
625
735
703
358
452
510
685
201
761
916
49
695
884
535
789
306
137
771
128
735
702
490
80
928
637
228
716
877
357
165
155
591
344
207
948
82
524
273
217
462
639
144
944
835
71
790
664
179
48
235
0
140
859
402
829
48
939
352
324
495
763
645
214
149
929
244
133
295
869
372
720
262
412
700
948
85
634
578
401
452
801
911
100
710
915
585
137
452
853
499
740
719
688
376
432
836
758
690
600
45
202
59
694
663
432
860
254
379
489
897
859
492
150
632
8
814
458
816
422
433
387
409
808
836
162
393
327
559
364
504
127
127
644
594
390
950
588
491
71
354
557
555
938
946
359
685
132
526
924
221
140
0
277
371
935
543
440
642
343
372
180
205
98
322
560
757
383
490
906
497
114
496
99
168
544
238
329
556
509
868
419
852
845
140
44
581
80
670
762
785
933
824
936
51
224
677
683
306
674
900
921
834
142
822
175
247
556
230
676
543
762
497
831
291
882
248
344
656
715
409
746
650
738
35
50
763
132
415
71
794
830
613
110
795
416
754
275
201
433
428
301
919
593
715
174
796
481
704
280
446
859
277
0
145
649
928
925
175
914
69
449
682
767
701
909
193
749
553
669
380
788
253
196
239
950
418
521
463
191
633
561
925
49
147
453
938
893
522
328
461
837
601
402
904
157
32
206
471
276
927
357
380
33
418
496
310
333
851
405
251
202
207
727
557
564
847
891
753
878
963
861
518
694
727
406
315
441
122
86
830
30
316
618
215
238
515
664
908
575
143
234
482
506
508
770
242
703
590
837
510
402
371
145
0
846
36
220
74
725
422
383
39
614
787
473
522
944
401
242
487
395
907
956
394
539
950
622
438
134
362
487
330
595
831
458
695
526
406
126
344
746
355
821
930
672
518
378
346
383
120
269
68
608
161
22
589
59
225
51
335
646
212
97
266
30
268
800
832
426
636
69
735
83
337
951
711
740
400
438
922
550
521
656
105
617
911
261
380
834
375
556
191
282
743
799
330
444
214
155
619
829
935
649
846
0
608
719
41
455
12
820
68
193
462
154
590
131
787
361
332
78
627
387
658
389
833
640
880
904
199
175
735
436
944
491
955
477
329
521
95
876
287
237
489
291
438
839
604
726
481
957
379
33
261
473
485
703
271
286
32
363
474
370
901
319
887
132
849
813
935
506
231
792
490
870
45
643
228
38
219
3
265
286
550
289
602
898
961
440
249
880
126
36
343
791
29
501
318
555
252
48
543
928
36
608
0
830
150
212
189
171
319
491
329
677
333
328
205
159
564
646
501
287
897
123
57
915
685
136
650
775
446
438
625
828
295
905
97
126
719
492
655
418
838
652
2
431
151
187
436
728
171
30
524
600
480
118
306
224
109
337
90
720
596
260
696
229
48
823
398
94
394
648
293
955
765
124
110
950
780
248
536
25
623
662
384
209
6
680
164
2
40
792
947
841
363
905
847
771
821
939
440
925
220
719
830
0
957
695
52
470
401
46
772
613
229
949
168
781
808
52
809
593
733
356
705
110
158
232
934
924
110
415
202
532
848
388
830
520
480
903
761
30
174
865
801
568
673
413
760
944
301
341
89
846
812
499
536
686
492
804
600
163
328
742
556
648
252
369
894
259
322
123
810
219
27
458
84
628
420
66
740
885
720
255
294
930
146
555
841
956
676
413
223
937
928
881
894
82
201
352
642
175
74
41
150
957
0
915
496
588
248
666
506
351
552
601
64
271
267
445
76
527
568
114
323
224
424
542
597
245
175
794
674
84
369
282
836
531
37
21
425
863
35
216
924
727
151
484
84
30
89
197
293
281
76
125
921
585
25
967
615
941
40
791
316
481
250
293
521
792
638
845
125
790
48
119
785
90
890
362
964
728
428
755
384
668
340
264
168
124
567
417
547
338
193
397
486
14
690
324
343
914
725
455
212
695
915
0
494
447
43
472
375
638
495
390
187
455
151
812
155
653
630
279
926
806
809
561
19
445
624
696
199
46
538
793
828
489
634
731
607
957
538
760
427
439
208
461
408
522
893
551
944
477
527
617
633
699
739
759
525
237
279
555
457
526
308
507
578
418
773
169
48
871
903
577
390
54
701
490
247
535
493
714
22
342
63
449
258
964
275
805
355
885
433
793
366
928
188
495
372
69
422
12
189
52
496
494
0
928
579
917
922
38
222
638
330
789
123
15
676
470
752
486
840
514
217
906
325
614
965
804
425
541
789
919
81
429
245
423
2
318
386
675
721
100
722
612
200
108
346
314
243
73
35
192
717
321
562
798
838
694
266
657
874
307
756
457
773
836
746
534
648
29
125
705
863
485
240
860
844
600
487
335
383
491
83
745
535
92
736
377
917
889
863
184
43
697
409
763
180
449
383
820
171
470
588
447
928
0
394
280
159
640
894
427
939
471
506
929
118
326
507
942
478
165
258
497
3
573
560
856
428
521
145
103
826
763
299
844
734
150
689
270
645
34
929
473
634
174
740
617
751
198
851
595
105
339
218
922
15
682
346
303
780
962
854
259
796
717
733
615
788
17
489
130
912
283
584
149
709
462
93
843
935
303
473
677
473
368
714
850
256
908
805
604
210
846
310
645
205
682
39
68
319
401
248
43
579
394
0
180
321
355
160
941
842
815
357
718
932
921
503
35
157
28
114
848
953
896
962
862
70
844
584
910
57
355
331
505
91
95
664
302
869
749
258
731
755
119
363
49
146
95
124
919
667
764
580
924
950
425
440
825
707
932
541
630
624
813
280
819
912
337
104
69
315
446
365
809
135
409
150
52
218
889
744
682
625
750
95
548
567
389
468
208
50
24
67
214
98
767
614
193
491
46
666
472
917
280
180
0
167
876
457
320
48
722
130
332
496
760
949
436
272
856
831
272
967
635
150
686
967
562
509
429
620
416
267
53
832
425
346
356
218
440
673
966
785
933
874
25
184
689
378
403
759
580
948
722
291
518
472
867
500
334
616
483
700
94
171
622
56
792
363
542
206
258
313
688
720
649
958
338
501
496
459
216
147
168
161
627
374
284
79
361
728
407
199
149
322
701
787
462
329
772
506
375
922
159
321
167
0
535
851
519
77
964
645
139
136
250
72
148
658
306
501
566
430
876
890
938
139
241
16
343
160
405
317
596
283
823
895
839
152
699
257
567
935
535
687
685
598
24
559
173
492
280
25
153
949
1
570
870
251
357
396
468
456
833
762
402
959
291
5
409
525
855
487
195
184
554
559
691
544
105
112
571
4
890
447
491
84
265
861
560
430
302
51
929
560
909
473
154
677
613
351
638
38
640
355
876
535
0
290
734
790
528
276
230
375
529
286
625
263
170
47
944
605
325
723
230
167
360
699
99
760
232
145
948
617
535
169
178
319
663
125
231
108
106
66
156
54
641
948
302
386
392
256
13
776
862
54
566
449
202
168
35
27
225
658
343
357
409
815
195
521
656
421
219
440
759
637
171
354
651
234
481
592
215
935
754
240
365
466
405
644
690
939
244
757
193
522
590
333
229
552
495
222
894
160
457
851
290
0
380
486
908
145
544
457
491
811
158
52
905
954
342
909
302
292
666
726
41
897
224
962
884
170
739
537
344
120
380
525
383
855
695
861
510
816
267
356
543
529
181
80
733
269
797
485
252
464
205
30
182
831
651
528
579
818
533
792
705
412
750
869
215
965
89
700
403
195
631
766
98
802
589
140
851
70
849
156
468
954
728
90
683
396
133
383
749
944
131
328
949
601
390
638
427
941
320
519
734
380
0
905
147
166
668
263
243
170
676
193
661
683
44
620
781
886
160
963
303
248
325
212
231
476
801
258
600
428
597
171
151
42
302
362
489
542
758
837
434
623
802
216
80
666
727
580
172
813
860
451
148
450
727
43
889
322
700
633
889
18
227
455
596
445
498
482
937
953
894
316
357
574
960
4
604
687
931
225
433
451
436
126
488
953
295
490
553
401
787
205
168
64
187
330
939
842
48
77
790
486
905
0
602
482
26
451
932
11
275
648
744
350
60
811
911
206
264
743
446
505
70
705
183
29
791
511
61
87
890
673
105
33
795
89
133
74
447
792
264
497
825
36
937
929
864
633
469
717
911
209
637
332
461
599
173
473
760
944
616
895
148
925
175
288
664
505
581
678
885
291
966
875
506
851
229
738
107
374
797
317
575
658
786
382
869
906
669
242
361
159
781
271
455
789
471
815
722
964
528
908
147
602
0
708
537
493
836
720
252
946
309
875
20
514
274
415
497
162
468
586
366
37
866
453
722
809
382
18
404
468
629
870
356
413
123
776
329
56
774
420
601
435
300
1
902
59
132
29
475
515
580
951
243
799
748
58
289
94
952
41
657
88
638
626
225
301
191
497
140
603
67
564
689
286
437
660
882
585
299
490
411
477
241
762
372
497
380
487
332
564
808
267
151
123
506
357
130
645
276
145
166
482
708
0
432
369
118
388
564
229
732
81
235
900
966
314
547
368
666
486
298
699
533
354
760
266
164
850
645
796
671
932
234
739
369
427
258
150
362
542
818
843
690
97
262
749
486
272
691
926
466
577
720
569
533
47
239
444
854
949
903
440
754
176
313
870
367
740
148
184
346
711
830
539
285
242
940
204
750
170
60
694
201
427
720
114
788
395
78
646
52
445
812
15
929
718
332
139
230
544
668
26
537
432
0
207
153
44
943
492
175
364
607
186
934
185
585
261
819
363
709
921
536
291
28
20
308
720
963
896
699
692
868
793
485
210
558
764
826
715
828
218
152
696
211
295
495
235
871
333
60
929
147
227
733
911
625
442
255
530
666
334
427
900
328
442
282
112
695
215
238
306
658
839
230
608
472
688
705
299
26
820
267
112
262
496
253
907
627
501
809
76
155
676
118
932
496
136
375
457
263
451
493
369
207
0
723
521
380
324
34
823
378
937
313
407
154
409
499
255
325
438
860
850
857
411
278
708
752
378
736
32
641
52
148
411
371
668
375
689
752
412
371
680
817
737
288
748
710
845
629
764
54
235
860
863
427
799
331
737
261
671
483
671
820
646
194
349
859
821
754
408
728
642
390
390
276
489
309
275
848
269
19
1000
412
99
196
956
387
287
593
527
653
470
326
921
760
250
529
491
243
932
836
118
153
723
0
560
661
271
223
253
604
573
63
498
260
964
23
833
74
353
206
152
480
185
489
485
298
725
145
27
212
412
282
446
565
21
703
74
268
451
280
19
805
967
365
260
780
221
51
727
496
541
885
76
603
801
846
77
796
191
299
164
753
675
300
25
800
848
223
111
702
810
956
297
447
754
438
543
243
111
2
416
700
168
239
394
658
897
733
568
630
752
507
503
949
72
286
811
170
11
720
388
44
521
560
0
665
947
261
226
281
87
879
183
34
60
658
919
315
736
308
215
154
264
774
884
569
368
955
243
213
333
946
706
334
913
889
599
174
179
649
12
37
801
458
711
895
349
885
544
371
806
409
877
892
162
153
690
801
806
160
938
769
782
431
3
799
227
794
228
799
631
847
70
2
286
751
43
71
440
751
528
948
544
950
539
389
123
356
114
279
486
942
35
436
148
625
158
676
275
252
564
943
380
661
665
0
954
434
420
454
89
459
328
469
415
949
871
448
746
756
955
590
508
375
136
504
186
316
103
371
511
595
659
167
218
940
897
267
106
158
340
643
364
397
698
524
298
880
628
909
137
17
412
626
385
397
175
351
132
591
725
85
542
910
748
611
621
849
786
220
969
794
549
704
447
613
761
943
59
47
823
85
238
418
950
833
57
705
323
926
840
478
157
272
658
263
52
193
648
946
229
492
324
271
947
954
0
487
888
307
52
810
370
51
55
626
897
159
542
38
645
33
254
2
648
305
394
331
687
914
77
268
673
748
414
325
168
328
449
548
852
809
889
474
910
432
670
426
538
8
280
487
809
682
356
577
515
736
12
194
390
401
270
11
301
332
759
840
368
545
864
911
142
614
365
53
645
277
466
653
450
634
329
521
622
640
915
110
224
806
514
165
28
856
306
170
905
661
744
309
732
175
34
223
261
434
487
0
178
412
459
377
264
293
361
477
733
781
555
621
838
953
968
833
227
157
683
590
366
288
620
381
166
275
516
144
96
139
403
551
182
599
29
685
205
925
507
323
722
412
721
555
436
617
762
840
2
517
317
94
741
473
781
601
355
824
85
483
788
9
136
726
222
344
775
551
170
632
740
231
814
578
556
463
438
880
685
158
424
809
217
258
114
831
501
47
954
683
350
875
81
364
823
253
226
420
888
178
0
99
861
381
737
136
799
55
149
335
602
196
781
834
108
443
802
453
375
554
718
776
642
875
419
777
586
872
56
135
573
458
460
186
97
467
342
756
811
480
911
164
895
454
409
588
467
270
945
373
768
38
701
518
770
377
808
708
926
968
310
969
587
292
857
682
209
476
545
341
357
468
938
401
509
191
134
904
136
232
542
561
906
497
848
272
566
944
342
44
60
20
235
607
378
604
281
454
307
412
99
0
713
691
254
905
78
776
495
175
632
730
563
814
547
704
731
668
145
590
567
249
132
493
649
284
267
54
354
206
473
917
156
439
162
198
649
310
553
839
259
812
959
800
488
891
138
178
826
805
188
641
172
734
882
198
703
294
949
478
397
853
822
607
852
772
839
7
487
536
650
221
524
452
868
633
362
199
650
934
597
19
325
3
953
967
430
605
909
620
811
514
900
186
937
573
87
89
52
459
861
713
0
198
586
541
555
926
807
480
888
75
712
749
757
767
182
651
13
733
221
817
685
520
491
658
414
383
243
578
210
875
913
35
904
429
762
749
146
199
209
419
265
114
867
628
653
388
657
610
581
200
756
908
928
220
487
767
864
485
399
561
205
333
674
708
539
268
699
198
350
598
659
801
419
561
487
175
775
924
245
445
614
573
896
635
876
325
302
781
911
274
966
934
313
63
879
459
810
377
381
691
198
0
325
860
716
13
543
448
360
527
326
67
343
901
521
278
460
703
429
64
767
822
509
433
173
51
502
963
947
28
557
548
61
697
867
352
786
130
800
894
697
164
241
837
542
70
198
310
320
946
484
526
667
619
156
410
229
733
353
313
622
314
625
672
668
784
796
287
429
700
724
911
852
925
330
735
446
110
175
624
965
560
962
150
890
723
292
886
206
415
314
185
407
498
183
328
370
264
737
254
586
325
0
548
813
716
493
892
386
903
157
295
309
380
32
813
744
321
816
752
343
314
769
294
952
260
863
60
930
632
52
576
412
850
264
103
831
261
273
616
406
440
301
5
273
843
103
823
663
778
275
746
874
305
765
665
962
297
603
710
92
603
536
90
242
772
39
58
401
712
82
100
845
49
595
436
438
415
794
696
804
856
862
686
938
230
666
160
264
497
547
585
154
260
34
469
51
293
136
905
541
860
548
0
713
487
519
36
792
490
266
233
781
341
789
951
940
156
84
400
256
447
675
822
795
505
175
463
400
184
864
462
176
85
572
167
663
964
284
136
103
200
861
551
148
965
659
774
763
762
705
257
475
919
94
163
671
332
213
311
373
874
863
443
423
568
480
882
366
72
844
710
140
147
831
944
625
202
674
199
425
428
70
967
139
167
726
963
743
162
368
261
409
964
60
415
55
361
799
78
555
716
813
713
0
387
898
28
789
415
611
260
34
284
61
693
555
337
422
304
962
77
73
106
931
189
895
192
84
763
343
311
85
835
682
446
868
576
945
579
633
543
761
841
503
879
787
36
26
592
765
99
843
900
225
862
174
766
177
591
125
383
700
799
205
497
535
11
473
707
600
915
44
453
458
491
828
532
84
46
541
521
844
562
241
360
41
303
446
468
666
819
499
23
658
949
626
477
55
776
926
13
716
487
387
0
52
445
614
933
166
16
170
915
390
561
481
322
720
202
247
46
334
725
428
610
602
304
350
170
390
167
565
911
823
383
433
922
548
100
630
423
654
954
836
552
548
25
670
933
492
463
163
943
782
897
689
10
858
957
634
951
346
127
671
133
813
51
267
484
504
585
581
938
695
955
295
848
369
538
789
145
584
509
16
699
897
248
505
586
486
363
255
833
919
871
897
733
149
495
807
543
493
519
898
52
0
744
721
959
917
826
385
536
425
399
676
245
881
702
125
517
598
721
80
855
236
820
389
589
268
153
687
888
220
354
584
523
766
15
366
238
146
617
41
874
371
300
551
5
680
674
151
915
803
689
346
584
174
717
180
729
254
185
795
558
650
635
747
719
371
137
80
893
526
477
905
388
282
793
919
103
910
429
343
99
224
325
70
366
298
709
325
74
315
448
159
781
335
175
480
448
892
36
28
445
744
0
316
754
264
539
739
326
820
7
344
42
845
671
164
691
842
904
440
170
518
470
707
326
504
213
672
559
221
423
691
715
5
352
495
43
494
668
331
74
715
174
264
46
926
636
24
451
896
700
485
252
218
171
338
494
295
501
282
17
486
923
884
718
287
452
670
522
406
329
97
830
836
828
81
826
57
620
160
760
962
212
705
37
699
921
438
353
736
746
542
555
602
632
888
360
386
792
789
614
721
316
0
936
26
709
431
823
493
548
643
63
832
768
267
659
64
69
876
808
591
756
134
803
580
353
440
170
320
384
669
108
751
634
296
786
708
216
60
622
106
557
396
426
636
751
603
119
86
121
350
357
144
535
335
930
27
496
500
248
203
424
903
649
511
853
762
328
126
521
126
520
531
489
429
763
355
416
405
232
884
231
183
866
533
536
860
206
308
756
38
621
196
730
75
527
903
490
415
933
959
754
936
0
666
308
938
33
517
586
148
608
327
589
954
608
357
258
181
155
575
199
243
875
423
33
448
607
521
90
11
606
217
656
739
623
791
622
385
690
642
803
834
282
802
604
800
135
754
258
723
229
952
8
413
339
552
224
18
831
691
654
692
448
883
499
785
461
344
95
719
480
37
634
245
299
331
267
317
145
170
476
29
453
354
291
850
152
215
955
645
838
781
563
712
326
157
266
611
166
917
264
26
666
0
1
757
682
910
874
404
404
424
715
937
67
864
87
303
712
968
956
467
97
18
861
658
558
702
59
353
788
322
659
910
171
846
559
55
200
774
344
292
846
936
865
565
555
280
114
425
168
244
749
300
577
364
210
396
802
412
411
210
894
789
740
933
837
746
876
492
903
21
731
423
844
505
53
596
948
739
801
791
722
760
28
857
480
154
590
33
953
834
814
749
67
295
233
260
16
826
539
709
308
1
0
277
528
195
306
753
329
13
940
757
444
524
397
775
420
457
520
869
423
463
757
491
273
752
610
111
791
130
588
249
784
310
290
485
955
589
963
941
540
447
877
455
908
15
884
396
17
425
570
212
629
778
837
871
722
553
340
83
188
335
719
824
601
355
287
655
761
425
607
2
734
91
832
283
617
537
258
511
809
266
20
411
185
264
508
254
968
108
547
757
343
309
781
34
170
385
739
431
938
757
277
0
205
572
896
679
106
712
890
361
410
243
969
901
697
583
763
779
495
17
325
872
354
687
914
536
120
406
694
348
474
544
900
307
110
83
408
541
410
186
217
87
366
362
388
869
727
481
895
492
833
291
355
608
671
153
769
391
107
840
688
936
402
821
237
418
30
863
957
318
150
95
425
823
535
344
600
61
382
164
308
278
489
774
375
2
833
443
704
767
901
380
341
284
915
536
326
823
33
682
528
205
0
103
648
46
767
682
509
471
181
791
436
708
88
630
424
605
353
580
760
900
656
228
472
8
171
385
829
453
706
772
208
520
800
604
768
438
962
887
743
161
341
191
456
758
424
721
361
828
795
950
942
105
726
693
819
186
192
58
376
51
904
930
489
838
174
35
538
386
689
664
346
895
169
120
428
87
18
850
720
708
485
884
136
648
227
802
731
182
521
32
789
61
390
425
820
493
517
910
195
572
103
0
806
412
80
866
729
127
455
213
141
742
263
818
845
269
45
406
647
346
582
492
55
280
405
65
122
924
110
701
568
919
505
617
212
568
280
186
431
566
704
851
846
436
273
426
924
743
801
388
611
146
802
477
681
152
638
48
432
224
157
672
291
652
865
216
760
675
270
302
356
839
178
380
597
890
404
645
963
752
298
569
504
305
157
453
668
651
278
813
951
693
561
399
7
548
586
874
306
896
648
806
0
873
670
966
830
362
608
89
590
487
826
390
838
512
371
194
581
515
399
635
59
737
827
89
446
824
424
900
15
728
567
360
28
47
39
968
772
106
50
744
145
904
122
498
457
483
311
98
856
497
260
14
700
867
594
178
836
677
32
518
438
2
801
924
427
721
645
869
218
152
319
525
171
673
468
796
896
378
725
368
186
394
683
375
145
13
460
744
940
555
481
676
344
643
148
404
753
679
46
412
873
0
250
698
558
432
329
776
874
57
26
18
470
142
771
267
135
68
126
492
641
901
886
260
431
844
610
373
125
703
132
92
799
620
635
780
863
723
219
759
813
552
721
76
493
650
893
504
631
707
251
513
227
391
632
272
758
683
206
378
839
431
568
727
439
100
34
749
440
699
663
383
151
105
629
671
699
736
145
955
316
331
590
554
590
733
703
321
156
337
322
245
42
63
608
404
329
106
767
80
670
250
0
19
298
224
883
519
937
107
841
92
95
543
410
445
456
68
709
142
956
609
786
618
781
489
810
345
802
633
661
388
92
499
305
433
248
155
858
128
806
726
944
233
171
23
358
689
383
888
389
287
768
631
494
953
690
306
471
346
604
151
673
151
208
722
929
258
673
257
125
855
42
33
870
932
692
32
27
243
103
687
366
718
567
221
429
816
84
422
720
881
845
832
327
424
13
712
682
866
966
698
19
0
820
942
754
222
710
939
14
909
907
217
441
143
658
382
66
675
66
924
559
742
155
561
332
210
376
955
401
118
101
725
680
546
553
616
648
654
894
108
16
92
192
735
10
587
36
122
747
502
543
938
237
778
600
674
276
383
726
187
413
484
461
612
473
731
966
567
231
695
302
795
356
234
868
641
212
213
371
914
288
776
249
817
64
752
400
304
202
702
671
768
589
715
940
890
509
729
830
558
298
820
0
