0
633
0
0
947
887
757
802
695
593
0
822
0
0
610
0
0
820
0
777
699
709
985
535
773
717
0
0
573
0
0
825
928
779
520
519
688
0
913
912
730
691
537
861
792
934
810
531
0
715
0
582
511
0
0
726
0
949
986
0
0
722
826
0
0
827
894
807
630
934
866
0
0
0
948
774
0
0
0
536
0
804
0
544
0
608
0
939
859
0
0
695
0
943
0
846
0
805
0
0
633
0
811
919
0
0
641
718
726
0
884
950
636
761
876
680
929
0
0
755
575
951
928
0
644
0
765
546
563
806
678
572
577
0
976
0
548
874
696
700
0
664
857
933
520
691
548
0
671
868
809
778
0
0
0
723
938
0
600
737
511
0
993
0
504
0
0
742
965
0
594
932
0
0
868
612
779
0
659
0
0
716
544
522
584
0
0
0
559
900
648
635
0
559
0
0
651
0
828
808
0
811
0
931
722
0
872
0
549
629
604
0
0
686
0
968
817
0
0
545
660
543
0
0
812
733
0
0
0
533
831
662
973
0
805
905
0
0
0
0
0
721
524
764
791
755
0
895
598
929
0
813
638
0
0
891
784
0
898
548
734
529
781
847
0
0
915
619
733
583
694
858
0
973
0
0
754
946
845
0
656
844
0
969
556
629
532
0
0
726
0
517
619
530
891
781
949
0
696
597
0
919
931
0
669
0
647
0
943
538
0
997
852
899
579
0
0
555
637
0
0
0
0
881
0
660
641
939
0
959
987
917
0
0
984
581
0
0
931
871
0
638
0
844
541
501
680
645
0
784
0
0
822
627
766
575
773
872
897
851
597
780
0
874
0
874
812
812
533
584
534
0
0
0
532
0
0
0
659
957
0
0
0
0
542
595
0
0
861
0
0
573
664
515
0
582
718
602
612
502
947
0
722
669
0
908
0
819
0
827
0
0
775
0
0
664
567
0
873
0
0
626
0
713
681
0
0
586
0
938
929
597
669
592
839
0
522
0
0
747
686
0
0
752
0
854
0
524
671
982
726
850
0
596
0
0
631
573
819
0
613
783
718
0
940
0
0
0
527
576
0
763
0
864
970
719
0
959
0
846
682
925
638
0
732
803
812
0
0
0
631
0
887
711
0
840
0
922
851
0
887
0
0
0
908
0
0
917
0
820
0
638
703
944
0
645
790
0
768
643
0
0
0
845
0
0
582
0
0
706
899
629
0
0
873
0
928
0
587
644
943
596
575
828
618
535
822
0
571
0
970
623
540
595
0
788
0
973
509
610
0
958
924
715
0
742
682
0
0
576
696
812
723
575
650
705
856
914
0
597
569
684
0
0
944
0
733
645
862
662
567
0
0
876
913
994
757
0
0
788
757
641
872
647
0
0
0
0
580
0
567
934
726
862
637
593
601
690
860
748
986
804
0
844
0
901
0
525
0
0
0
710
0
0
0
0
0
0
710
0
0
0
0
745
549
779
822
0
695
866
0
779
0
894
762
0
0
747
0
963
0
892
651
913
0
0
0
0
0
817
0
0
0
662
602
849
594
818
602
0
721
0
0
0
607
0
0
615
0
719
0
0
784
0
993
0
0
0
982
835
802
718
0
0
819
917
0
0
986
521
515
0
513
618
746
752
0
696
663
998
997
0
866
839
0
860
0
602
909
774
850
0
908
761
0
846
923
582
0
0
758
0
549
674
0
0
996
828
644
929
612
0
0
522
963
781
700
0
546
856
0
959
0
0
983
795
0
708
880
514
0
0
740
693
0
0
556
0
0
0
664
744
0
869
671
979
692
0
542
815
641
0
602
0
663
918
0
556
860
826
695
726
549
943
0
0
580
986
0
0
0
548
642
567
0
0
847
641
586
0
0
0
0
0
675
657
599
960
702
834
985
667
678
772
0
525
0
681
0
588
897
0
506
931
0
715
0
0
0
868
762
685
508
0
0
0
0
723
657
885
555
975
0
0
693
650
776
0
719
908
0
0
576
700
558
893
943
0
709
623
0
555
603
0
518
0
667
0
865
0
0
0
0
994
0
0
0
637
0
737
593
0
629
538
827
820
0
521
0
0
930
510
0
955
579
897
0
857
818
0
760
656
839
0
803
0
0
0
530
652
933
743
0
998
606
0
704
999
0
602
861
561
0
0
0
0
997
0
0
517
950
0
928
609
755
546
854
595
821
0
0
640
0
0
0
674
0
627
0
0
648
0
0
940
962
0
0
0
668
0
693
884
598
635
631
805
0
809
708
614
604
0
0
0
0
0
0
958
689
855
0
884
604
0
0
0
567
515
0
930
0
842
570
0
656
0
582
0
0
0
0
659
910
0
0
735
992
668
681
820
683
813
557
0
0
0
871
977
0
0
547
885
0
685
917
923
792
518
661
0
0
0
894
863
845
502
0
932
653
0
654
906
0
0
0
716
0
802
814
985
874
976
0
616
0
0
887
529
980
0
0
0
729
786
716
0
714
657
718
594
752
667
880
0
0
0
629
915
672
0
822
950
0
997
0
638
934
0
548
510
842
0
0
0
864
0
961
729
529
848
957
0
0
728
653
859
816
989
803
0
571
711
873
563
672
0
0
0
815
925
0
807
600
613
532
738
0
0
546
0
815
928
0
0
0
964
983
813
611
0
0
0
848
733
569
992
893
540
835
539
555
779
580
0
0
0
0
972
927
719
746
0
0
556
993
0
911
0
902
0
823
0
0
0
823
0
576
625
571
0
0
636
0
852
775
703
726
513
642
0
570
0
0
933
727
534
517
606
0
561
932
572
598
0
981
0
604
847
865
572
748
962
685
0
746
944
0
0
0
857
0
0
0
643
889
969
0
0
679
0
0
823
752
637
597
0
0
0
754
0
0
628
810
539
0
0
0
749
0
851
659
0
794
0
830
0
826
945
891
704
588
0
0
0
801
584
771
937
0
0
600
0
948
900
864
545
517
692
839
0
0
761
686
899
0
944
862
618
567
955
0
0
933
0
998
953
0
0
0
727
618
610
879
680
578
0
0
680
921
906
776
564
0
734
0
613
874
734
578
870
685
0
0
885
626
667
0
606
0
609
901
945
0
663
593
980
763
929
0
0
0
880
847
0
854
567
747
654
675
0
622
907
986
0
954
609
998
751
0
673
0
875
823
951
0
662
611
0
745
0
0
950
563
967
619
737
547
0
612
510
610
876
0
579
0
0
637
746
0
579
656
864
727
998
0
884
578
0
537
805
958
783
592
0
704
0
663
0
0
837
0
0
0
662
0
645
771
830
0
0
0
0
938
765
0
654
0
892
0
885
811
814
0
0
969
0
528
0
0
992
0
0
0
0
0
0
617
560
0
576
0
892
0
629
894
0
564
850
786
0
0
821
890
640
970
0
937
713
805
0
706
0
0
0
816
768
0
982
0
853
0
680
968
0
664
645
593
752
0
897
0
0
534
953
884
0
732
906
622
0
696
0
0
0
0
0
536
517
682
0
828
527
0
734
0
0
804
0
915
843
513
0
902
0
605
0
670
767
629
0
0
749
677
877
869
0
524
905
665
0
576
611
0
0
533
731
584
769
0
0
752
543
603
693
0
0
0
0
0
676
854
986
0
576
0
945
663
844
919
517
630
874
643
639
636
807
876
526
695
564
0
929
817
0
567
790
601
0
847
0
582
961
517
0
578
732
0
767
0
0
0
764
916
636
577
0
817
0
0
0
916
659
541
0
0
620
0
690
881
855
674
0
957
826
823
652
964
508
800
825
610
0
938
638
558
827
768
0
0
913
573
821
0
660
603
964
0
767
861
628
896
0
821
0
0
0
663
0
937
0
914
556
0
0
0
604
839
0
635
691
997
743
757
670
0
500
788
0
942
681
820
0
0
555
0
0
690
696
641
857
0
729
606
0
0
906
767
0
735
814
582
0
0
0
856
818
0
0
772
599
924
887
0
519
641
0
0
552
755
0
688
0
915
866
633
0
773
692
0
912
819
0
0
864
610
960
953
0
813
873
0
538
550
831
545
729
0
0
668
969
704
719
803
991
0
0
537
934
714
0
726
879
581
866
0
654
662
0
0
0
819
813
968
839
933
996
690
0
850
843
0
0
0
637
873
768
860
663
586
818
0
529
0
0
537
622
0
735
0
998
0
723
893
0
0
669
0
916
807
0
534
643
755
949
0
0
0
0
684
557
0
843
0
0
0
0
0
661
864
547
951
511
505
0
640
0
0
594
751
0
0
855
704
0
0
0
976
0
556
688
639
872
878
0
747
907
582
662
570
632
0
815
0
0
523
576
627
0
507
890
714
990
820
684
0
0
656
792
0
838
777
755
545
0
0
643
748
998
0
0
0
848
561
727
805
0
0
814
998
0
901
911
0
0
954
0
561
967
0
592
974
864
0
513
953
0
0
716
752
0
714
736
670
0
924
777
0
541
577
0
749
952
0
756
707
0
748
729
573
556
628
0
937
0
0
0
939
511
978
586
0
0
764
574
522
802
901
0
523
853
0
612
576
0
741
0
916
944
533
501
545
700
627
649
0
941
763
898
737
0
699
575
660
0
0
0
986
997
0
760
0
957
932
618
958
696
0
582
0
901
0
981
998
616
912
868
910
893
741
544
988
565
568
862
999
514
645
0
516
0
505
506
0
717
0
852
897
580
843
0
573
0
0
951
972
0
511
591
800
974
512
621
756
950
511
520
930
0
0
0
563
505
876
0
897
0
778
828
727
0
0
663
798
763
912
891
927
868
693
783
0
0
915
0
901
935
798
783
0
0
709
951
543
0
626
0
804
0
0
656
659
0
572
610
783
0
764
0
723
911
981
0
769
648
0
643
0
540
768
0
0
0
592
557
635
915
794
626
690
887
0
0
0
896
759
919
0
0
0
534
903
0
765
792
892
951
670
920
582
531
545
0
623
0
0
769
661
718
910
797
509
651
926
747
0
931
943
0
750
977
0
675
723
771
729
811
676
867
904
851
663
849
0
779
927
534
0
918
0
527
985
928
0
0
0
0
0
866
0
839
910
0
598
879
592
0
916
0
893
0
998
769
0
549
717
967
0
692
0
0
0
994
955
865
0
661
0
583
724
0
0
537
0
608
0
895
787
0
947
886
0
965
0
0
684
742
832
0
583
0
0
755
882
701
697
816
782
0
0
935
0
0
509
550
0
769
662
870
0
669
791
827
0
631
613
958
521
761
883
732
0
0
0
0
711
969
902
962
0
0
535
0
0
881
713
845
844
839
0
0
0
728
0
680
0
0
636
0
0
0
616
648
549
0
548
0
702
829
0
540
886
893
0
0
685
0
0
899
0
570
732
563
977
608
0
0
0
942
0
0
518
678
780
775
931
821
593
0
860
740
982
823
0
955
846
679
671
634
0
0
877
0
977
540
726
650
513
546
878
802
868
861
733
958
0
0
951
0
658
624
0
807
943
576
863
796
561
0
0
719
773
644
812
0
681
0
0
0
675
803
0
653
981
578
704
0
577
856
0
954
912
0
717
548
0
849
685
0
622
556
622
813
990
930
991
700
948
0
0
736
954
649
0
570
968
602
753
0
0
790
792
831
658
805
0
634
0
734
682
0
985
708
656
0
0
0
0
0
960
924
663
871
966
855
824
0
599
658
941
932
546
0
898
0
955
740
548
0
0
921
502
615
839
803
0
0
692
0
624
668
717
0
733
660
0
0
901
860
657
0
735
859
0
0
0
0
0
818
669
0
868
643
967
0
849
0
0
777
0
942
0
523
518
0
779
847
0
0
0
986
529
869
691
0
699
0
0
998
729
571
957
987
917
0
0
0
708
0
0
0
503
0
0
0
614
595
0
642
585
0
0
0
0
723
631
0
554
713
748
0
506
0
808
0
586
841
0
908
0
962
883
0
822
594
955
769
741
639
709
0
0
765
0
641
0
582
0
0
599
0
992
816
604
0
663
536
817
0
0
561
910
0
0
702
685
0
0
687
0
0
0
0
0
0
569
892
988
0
903
921
0
875
0
503
0
914
0
0
726
0
634
795
575
0
542
575
0
0
580
926
0
843
825
0
694
0
655
0
0
0
735
600
0
522
575
541
546
645
0
0
523
0
923
0
675
546
834
0
642
0
906
609
941
703
741
779
960
0
604
0
0
546
0
939
586
0
525
602
960
0
668
989
847
680
0
517
0
0
916
967
893
540
692
829
0
777
687
0
902
973
917
870
755
0
949
590
694
0
792
0
658
989
780
660
954
825
0
0
995
0
0
0
580
822
998
642
0
0
594
965
0
997
856
692
668
580
0
991
0
801
655
785
762
650
603
0
832
533
0
711
536
0
849
727
645
0
855
0
627
631
0
846
819
875
742
602
964
716
0
0
573
563
0
0
0
0
0
909
702
530
681
803
865
921
0
682
0
772
807
0
741
768
0
0
622
0
0
902
0
0
0
585
0
0
0
582
801
894
874
0
595
615
600
774
890
562
0
0
850
659
0
547
957
902
0
755
674
849
635
866
674
0
568
0
870
0
869
981
0
711
0
904
0
776
0
543
0
804
521
698
698
0
819
0
739
753
689
764
968
0
753
980
798
711
897
962
0
0
609
0
0
806
533
959
938
706
0
774
834
652
820
0
572
906
837
0
0
599
0
592
544
0
0
540
556
942
0
973
0
0
0
655
852
541
938
0
0
824
0
813
704
0
571
992
793
0
0
971
0
560
0
760
0
793
807
0
951
623
578
500
0
0
520
0
0
507
0
0
823
0
668
768
984
0
799
555
791
951
0
882
0
0
847
0
788
983
0
811
837
986
741
663
764
0
0
0
525
882
909
734
0
678
831
987
929
899
0
850
985
933
683
571
748
776
0
828
916
924
534
974
988
0
0
886
622
0
0
917
0
0
0
0
0
0
600
858
902
0
883
614
815
0
0
0
0
0
0
0
0
732
592
0
690
0
696
757
591
700
511
945
848
0
0
644
866
528
0
0
713
601
526
877
611
508
0
0
984
959
0
853
947
0
894
0
816
942
744
805
602
0
655
895
851
921
866
0
0
597
0
0
825
572
662
917
597
629
710
0
667
743
813
711
962
564
0
527
659
887
643
864
565
0
994
893
813
523
0
870
585
655
0
0
823
0
0
699
522
529
736
885
724
563
590
850
812
0
0
658
794
901
597
0
782
605
517
0
0
790
819
0
543
0
983
756
611
683
527
963
0
0
915
596
0
0
0
0
593
520
0
0
638
0
0
791
668
965
756
0
611
942
533
947
0
623
507
970
947
658
0
500
928
577
973
0
669
0
0
908
678
0
557
873
685
0
0
0
541
0
755
0
568
592
955
0
990
518
0
755
0
852
0
823
0
607
516
0
0
869
828
0
0
646
545
942
0
649
859
0
0
668
0
0
0
791
803
593
0
590
727
0
728
815
788
756
0
529
0
0
0
0
668
661
633
0
0
762
633
610
0
944
0
847
784
745
581
515
917
629
765
654
0
0
786
973
0
929
0
0
611
977
779
0
0
0
592
0
0
761
772
998
0
563
0
734
662
734
0
519
949
513
862
557
865
0
930
0
0
0
0
541
0
0
607
0
961
884
675
596
0
0
999
800
857
0
921
984
0
715
792
994
678
801
817
0
0
0
804
539
562
551
0
511
0
766
961
595
622
865
996
0
0
0
818
0
796
0
0
518
723
0
514
593
0
526
657
535
994
877
0
0
0
0
0
737
841
705
624
0
514
927
520
976
805
984
839
873
0
0
0
606
0
672
746
0
0
0
0
641
0
953
999
635
0
685
991
779
569
949
0
938
600
0
516
961
0
952
655
0
641
781
768
582
735
545
647
0
627
857
630
888
0
842
972
813
991
556
0
0
0
960
957
635
0
613
736
589
765
0
666
533
734
911
849
990
645
627
983
768
874
0
646
670
865
0
690
0
998
583
0
642
931
622
0
0
0
771
908
0
0
0
519
0
905
581
0
0
0
846
525
0
0
0
944
613
645
0
620
0
0
0
514
915
661
0
700
847
892
590
582
0
858
699
0
884
952
0
540
518
0
516
711
0
0
745
0
721
627
0
554
942
618
790
0
639
699
876
532
0
0
0
507
682
819
0
941
873
739
0
0
684
0
0
695
652
854
843
991
0
678
861
819
926
605
738
0
974
531
0
927
0
874
0
0
875
835
0
802
0
0
531
688
548
0
0
522
928
0
923
0
704
871
0
0
874
771
804
0
0
0
0
645
794
0
0
948
0
988
694
801
0
902
522
0
675
655
540
0
621
0
864
942
833
998
709
547
687
663
823
0
0
659
616
978
0
656
646
0
584
645
785
649
651
572
714
922
0
0
0
0
747
0
990
0
934
0
765
555
511
825
804
0
0
863
0
580
857
0
793
0
0
709
0
911
0
557
0
623
683
501
0
0
874
0
0
0
0
0
582
681
999
977
0
0
734
830
0
690
552
0
716
0
626
583
899
0
0
0
0
894
824
0
529
869
596
0
518
621
0
759
580
0
0
944
867
0
0
817
804
0
902
852
0
0
520
822
842
0
504
519
0
976
0
981
0
581
964
778
769
889
891
900
782
769
570
571
0
764
742
0
548
796
0
611
0
644
0
953
718
731
537
977
872
551
776
618
767
927
0
0
0
913
696
0
931
0
587
710
0
0
0
0
815
0
578
0
915
881
755
684
752
516
690
724
0
0
0
903
792
874
0
883
736
828
0
641
0
0
759
0
727
628
0
822
0
0
599
0
538
0
793
0
0
0
0
503
829
562
0
714
792
501
861
929
692
0
0
0
932
502
759
520
524
858
705
944
995
0
0
0
638
875
0
0
0
918
0
0
553
0
683
0
0
993
0
917
527
734
562
562
0
912
700
0
871
747
644
0
0
588
602
0
925
857
870
0
843
855
0
557
0
0
887
0
570
736
986
921
0
0
813
614
885
0
0
781
516
864
580
727
0
735
568
702
555
921
761
914
891
0
978
0
0
593
913
833
514
563
959
0
545
641
0
970
0
0
959
928
833
740
968
576
938
0
753
0
0
0
0
0
831
741
0
894
574
683
572
0
0
0
595
558
907
819
0
0
741
0
708
0
795
730
0
0
0
686
943
0
758
897
861
547
0
0
685
0
513
674
688
0
714
505
0
0
732
954
529
0
658
595
704
815
724
0
999
768
711
942
0
628
735
0
621
665
0
0
0
0
686
806
757
519
0
871
812
0
0
909
0
818
734
619
725
0
806
0
0
0
513
577
916
891
688
874
0
0
690
637
812
969
0
879
0
645
523
986
739
560
740
542
685
694
978
647
936
547
0
502
505
0
762
691
664
721
638
0
596
0
0
0
561
885
807
0
0
0
0
0
0
843
736
506
0
537
563
649
869
875
989
615
0
0
563
646
800
582
0
833
0
0
568
621
0
589
623
0
786
607
0
0
572
0
505
0
626
817
579
0
0
0
948
0
0
744
0
513
0
653
640
0
981
0
0
933
793
980
0
0
0
0
694
673
706
0
910
867
692
892
718
0
999
0
642
860
926
662
613
0
0
714
0
537
857
524
0
0
575
0
549
506
0
0
600
0
0
938
902
957
915
0
670
0
0
0
977
0
691
0
780
600
571
0
590
545
857
735
0
998
944
822
702
665
589
0
959
0
0
829
0
0
0
0
0
705
0
816
718
906
0
0
735
721
0
0
876
807
938
985
0
854
760
520
781
0
0
675
663
915
791
822
0
714
811
0
978
0
0
525
977
977
689
0
564
653
0
0
0
888
617
0
0
861
933
764
844
752
828
745
674
931
0
685
613
643
885
765
0
826
866
0
0
717
896
608
608
570
0
503
660
774
992
0
850
942
0
545
745
709
867
0
555
0
623
959
0
0
684
0
715
755
0
673
0
710
976
856
0
786
0
726
0
969
0
595
586
0
0
0
594
0
797
963
799
0
0
504
0
916
710
736
617
824
633
0
0
0
0
819
0
569
0
966
869
821
0
901
0
520
562
879
0
792
520
791
541
0
618
549
0
0
0
917
532
889
626
0
605
823
633
0
924
0
759
0
0
968
699
0
954
890
793
0
812
0
921
647
0
547
0
0
921
0
0
0
0
0
0
0
0
0
626
618
0
981
841
905
752
936
849
538
520
0
0
781
681
0
0
0
828
701
511
897
0
0
0
0
600
678
647
0
0
0
669
0
0
684
964
673
0
0
588
612
0
880
992
526
914
0
0
761
0
934
691
755
501
854
535
779
0
715
0
923
738
969
667
654
0
652
0
0
777
852
919
895
0
602
0
914
825
562
0
0
0
649
984
0
721
687
0
599
761
0
786
0
684
0
0
979
731
713
0
0
535
0
713
777
810
720
632
597
0
858
0
600
0
0
750
674
0
0
992
952
999
574
679
572
776
920
974
0
652
734
0
697
669
663
910
510
514
0
0
718
723
991
536
602
990
0
616
0
695
810
548
0
680
0
822
822
996
0
997
792
0
0
0
0
670
964
773
0
0
897
0
787
0
753
0
0
0
0
0
0
0
859
0
627
627
663
817
0
914
0
607
829
0
0
979
0
601
941
850
635
0
789
0
583
0
0
0
810
0
0
0
0
0
0
0
0
578
757
685
0
0
0
877
931
527
0
781
962
949
0
0
940
0
539
912
0
653
537
613
967
0
501
0
734
541
566
504
0
739
531
0
895
645
524
0
0
828
0
0
518
0
0
606
892
767
508
692
661
541
580
0
0
942
0
998
0
0
0
971
0
658
0
715
857
0
823
804
538
891
686
0
0
715
0
731
601
0
0
0
830
846
586
500
582
684
817
680
556
527
967
710
0
924
620
623
961
0
544
0
820
0
550
0
0
0
527
907
532
624
0
883
559
0
676
0
645
902
0
508
820
0
722
809
0
583
802
0
646
539
0
671
598
0
671
571
695
644
0
0
661
546
679
0
0
629
800
0
864
577
843
0
947
0
0
729
726
995
850
0
0
794
0
792
630
554
0
0
0
0
806
0
0
755
0
713
941
0
0
956
540
0
905
0
0
0
863
0
0
0
814
532
976
863
783
626
626
0
528
873
698
826
727
0
560
0
695
829
844
0
570
666
0
907
873
806
575
0
981
885
719
988
855
647
807
0
0
593
961
557
715
868
929
784
982
0
866
929
868
517
0
0
0
609
885
0
825
912
547
0
0
534
886
0
790
571
0
0
659
560
732
901
668
994
888
942
0
902
793
978
757
572
0
0
626
0
850
0
956
0
645
552
895
537
726
573
702
0
751
530
944
856
862
0
840
858
694
595
0
648
778
978
513
885
560
0
528
643
876
639
750
0
724
662
894
0
570
822
905
913
0
724
0
990
999
509
694
610
0
0
0
809
0
0
726
970
0
612
762
950
0
815
0
901
811
0
610
819
951
749
573
903
0
518
792
957
634
0
0
0
592
597
0
678
0
618
659
852
0
0
519
0
0
673
618
0
635
830
540
645
0
0
717
511
544
547
688
730
0
517
690
925
528
955
0
697
615
672
856
955
572
830
0
716
0
584
0
0
843
897
786
879
862
866
637
523
954
938
960
0
591
970
0
652
976
0
568
700
0
646
582
778
813
0
850
623
779
0
685
0
0
928
823
945
814
749
0
0
511
952
0
0
965
678
831
987
795
0
547
760
0
0
0
801
842
790
616
0
0
0
0
505
0
0
0
535
0
846
0
552
0
0
702
0
0
0
0
825
712
719
857
990
0
724
922
878
0
575
0
803
640
659
0
669
783
0
946
0
601
751
946
0
0
687
754
609
793
0
524
0
0
776
0
0
519
587
0
609
0
727
511
0
638
822
0
540
0
0
508
928
894
0
752
0
0
677
938
0
505
0
0
765
0
780
658
917
575
580
957
0
690
782
0
817
972
0
978
0
0
593
871
0
705
710
981
0
789
586
905
895
717
702
0
948
0
585
911
841
0
652
548
0
709
0
902
0
703
523
700
0
764
0
999
0
533
708
708
536
512
852
657
645
887
0
615
800
999
0
810
893
684
0
957
587
0
693
772
0
790
0
0
0
0
627
596
595
894
522
0
609
863
0
637
663
0
877
638
864
0
756
951
792
0
775
805
0
0
822
902
793
0
605
791
0
813
639
0
520
0
913
812
626
0
976
841
713
0
500
0
537
511
0
948
0
628
0
915
0
730
0
894
813
754
642
755
871
895
603
626
524
938
731
927
644
959
820
0
0
831
707
0
535
816
637
954
742
0
959
516
884
976
623
994
825
938
653
907
0
944
0
0
0
0
766
0
0
762
963
0
755
845
0
597
593
969
869
558
610
640
707
972
892
684
931
0
0
542
998
0
807
696
517
803
0
991
699
656
822
503
833
0
817
816
856
905
777
583
582
0
726
544
0
0
628
0
708
786
0
676
593
577
0
725
840
995
0
0
522
0
530
990
536
883
652
0
819
701
0
0
0
981
0
724
0
791
762
924
601
554
926
0
0
742
985
0
0
918
879
955
505
726
723
891
575
0
788
0
781
0
546
502
964
0
980
0
0
827
960
0
0
0
951
742
821
634
0
575
642
755
0
757
0
593
0
556
876
646
842
829
514
0
579
718
0
752
810
0
684
0
573
547
0
585
0
708
0
587
0
0
0
777
632
848
643
585
577
0
0
935
779
0
0
665
0
634
0
855
0
914
940
868
811
840
777
813
0
727
885
0
0
637
0
760
512
0
0
0
786
0
0
0
938
784
773
631
0
0
700
0
854
0
983
0
763
528
524
768
953
0
748
511
670
832
593
0
708
0
0
674
951
591
0
0
804
0
532
0
0
562
563
909
0
906
786
936
720
0
817
863
702
688
0
911
915
786
587
0
0
0
0
0
879
0
766
0
768
603
916
901
975
979
548
669
668
0
0
832
674
716
817
655
0
785
0
611
504
916
543
677
0
949
0
544
679
820
0
786
555
728
765
949
0
0
872
573
973
747
0
723
595
932
813
0
929
0
905
0
0
594
729
591
920
0
0
734
0
0
0
849
623
700
790
590
539
0
0
584
504
0
959
0
0
0
0
849
632
0
680
0
0
730
825
841
0
0
0
0
0
550
754
0
0
532
837
0
0
797
0
824
743
996
766
790
858
0
0
922
993
805
854
0
637
513
856
541
787
585
832
0
574
899
793
509
923
0
603
818
546
996
790
986
600
898
897
819
509
0
546
657
821
653
611
754
0
0
665
0
813
751
573
800
582
583
860
682
0
580
594
635
578
511
819
727
562
0
0
645
519
714
0
818
0
0
726
538
597
810
556
0
751
0
712
0
730
676
0
0
550
0
557
729
0
664
706
897
0
952
668
903
0
0
796
0
921
0
947
607
857
601
715
672
0
617
0
676
0
0
973
996
0
0
0
0
730
812
0
0
565
840
564
0
737
548
851
0
610
963
856
885
0
0
0
0
0
992
0
913
873
0
556
974
531
0
740
0
0
926
965
866
500
945
0
0
551
960
0
785
0
792
545
734
948
735
0
520
0
0
527
0
530
517
719
652
0
593
0
0
754
557
0
912
0
501
0
500
0
906
600
572
908
948
0
763
937
0
556
0
0
0
676
0
843
0
574
0
0
0
983
613
0
980
0
0
536
0
0
802
0
542
929
0
511
734
597
613
0
0
0
555
0
654
0
0
0
0
576
573
0
0
628
512
545
0
982
985
503
0
0
674
0
848
543
728
0
957
507
649
976
501
641
619
0
721
969
0
858
0
967
814
944
690
857
548
894
577
777
0
0
729
912
0
808
0
840
0
925
989
661
0
659
0
643
851
947
685
919
774
888
0
583
0
0
910
674
749
0
596
0
990
0
700
588
769
0
520
0
0
0
743
549
722
0
529
780
783
958
892
959
975
640
906
0
628
880
0
611
821
538
855
0
621
0
755
823
708
0
843
997
0
0
0
0
815
511
635
682
651
0
861
0
725
0
0
0
0
0
0
710
532
856
925
990
0
813
0
632
879
0
0
0
808
0
0
550
660
569
0
580
656
899
980
0
0
693
840
0
656
868
907
0
707
0
0
0
720
0
0
670
760
933
673
767
673
0
501
0
623
0
795
529
826
993
781
0
718
924
651
0
0
0
0
848
810
847
0
0
0
550
704
937
756
623
882
0
656
0
825
856
568
520
0
983
788
0
0
819
572
981
929
970
0
744
0
595
781
600
0
0
976
862
528
0
709
754
725
848
0
532
664
501
0
0
0
871
957
500
0
797
0
0
564
724
696
0
603
0
0
924
795
0
526
743
823
522
557
0
0
717
573
664
602
767
782
546
724
769
0
0
568
952
0
0
847
874
0
715
913
0
0
0
0
733
539
0
0
0
660
831
0
0
950
0
701
955
0
0
0
692
0
0
644
756
756
766
613
0
714
0
692
0
806
0
876
586
681
0
0
924
863
0
955
724
0
642
840
643
766
837
706
0
840
550
871
0
899
759
598
749
0
682
923
662
582
938
924
0
0
545
0
0
0
0
603
960
504
0
0
808
0
839
813
0
904
667
670
532
0
646
986
867
0
504
0
0
940
0
0
983
693
0
0
569
0
854
0
533
603
545
0
0
511
0
697
846
0
614
694
668
870
0
866
611
0
961
736
941
922
581
0
0
0
513
807
0
0
0
0
620
783
840
0
922
902
755
995
585
0
0
897
500
0
660
957
899
0
980
698
0
0
0
637
0
547
0
0
626
0
802
0
924
946
0
660
671
657
993
0
516
0
0
0
881
925
788
522
692
620
0
0
0
827
0
0
874
0
742
0
795
650
674
716
992
0
567
0
731
964
729
0
0
520
769
816
679
0
595
0
580
0
507
528
683
529
595
589
873
0
964
0
959
0
0
938
0
0
750
0
623
626
858
697
878
0
871
0
577
768
0
0
0
925
569
500
759
980
0
830
0
0
710
799
737
757
544
564
616
588
630
0
891
994
0
690
563
622
0
0
919
0
895
600
0
0
524
0
642
0
733
0
807
894
0
915
812
0
682
0
0
776
0
0
893
0
747
617
584
0
0
976
939
930
661
782
671
0
0
655
0
869
0
0
527
0
622
765
739
0
778
0
928
0
653
985
0
0
674
0
961
626
694
615
0
703
895
0
0
603
797
952
906
989
0
0
598
698
830
0
676
707
589
632
535
0
0
901
946
879
0
847
933
580
554
0
947
0
0
721
543
683
0
718
626
692
0
722
510
900
0
544
735
807
742
619
812
0
0
0
708
0
627
802
540
749
654
560
769
767
0
0
511
0
718
0
634
0
642
0
991
981
0
0
963
0
865
0
0
0
769
932
833
513
640
0
594
828
0
578
0
0
595
672
575
523
603
522
0
916
0
668
600
661
580
797
749
0
0
676
0
538
581
788
892
0
0
0
791
994
676
830
762
957
642
801
590
0
0
945
754
0
941
0
541
510
0
0
786
806
0
0
0
630
965
733
533
527
0
0
880
719
0
814
835
0
675
0
0
861
668
556
978
0
910
0
0
960
585
0
0
0
823
713
0
0
996
666
0
0
889
502
740
577
0
854
0
701
0
757
544
528
0
856
0
700
626
0
935
901
824
903
572
0
656
0
0
0
0
707
538
0
935
783
0
849
894
675
852
0
0
0
632
0
769
0
928
0
0
983
658
0
515
0
959
871
0
665
508
742
995
778
0
934
0
583
584
576
576
817
514
908
0
985
539
851
0
576
0
628
969
688
586
0
797
935
0
924
0
0
801
711
0
601
0
0
0
533
684
747
891
759
968
916
981
760
797
511
992
685
0
873
648
955
803
0
524
530
779
975
743
0
908
659
899
0
682
0
710
589
581
935
0
516
0
921
521
0
0
0
654
0
897
0
871
0
546
0
0
574
608
0
0
996
706
0
0
690
573
0
925
0
543
866
594
694
534
0
696
0
0
0
648
874
555
659
622
0
752
896
704
639
0
563
509
0
877
663
0
735
655
0
668
526
915
668
0
734
0
0
900
520
576
891
0
520
963
897
952
0
820
698
778
572
640
764
938
990
0
979
996
0
948
0
980
564
923
637
799
632
788
783
516
0
918
0
706
0
0
0
831
0
547
0
563
753
0
713
0
0
0
0
968
0
980
0
0
0
0
0
707
723
0
0
932
858
0
763
812
0
0
0
0
976
779
0
907
892
543
0
719
872
0
505
651
0
0
871
0
600
785
904
768
877
596
661
0
911
0
990
782
524
938
688
0
781
799
0
999
0
0
826
978
830
659
0
731
536
0
548
766
796
0
643
0
724
662
0
737
535
892
0
0
918
0
883
888
959
505
0
736
935
910
908
0
639
0
992
657
605
553
673
524
0
0
945
765
625
0
0
600
797
744
0
0
0
0
0
723
0
740
576
0
0
580
794
986
0
603
821
803
878
764
876
926
509
977
966
0
0
762
0
984
611
0
633
818
849
695
0
769
858
0
874
933
0
0
0
574
0
550
727
513
0
0
999
927
883
665
669
790
0
763
851
0
696
582
547
757
0
0
849
921
0
883
0
0
924
670
0
680
781
802
0
0
928
538
0
0
889
846
846
678
0
517
744
671
958
688
857
547
863
748
0
0
973
0
864
575
662
693
700
940
616
0
0
0
629
693
0
991
0
574
0
747
550
540
855
723
522
650
776
0
508
0
0
0
990
652
934
570
705
753
0
793
0
0
0
679
877
0
0
885
716
669
0
644
652
0
668
858
921
937
947
693
0
938
0
544
0
0
894
521
706
888
0
0
913
0
0
0
631
599
684
790
630
612
901
748
987
967
603
0
0
552
769
819
679
775
0
561
0
714
948
868
0
532
970
650
602
0
558
962
0
0
830
954
894
0
0
0
747
522
897
0
0
726
824
631
575
603
0
799
0
0
0
796
645
854
0
571
944
0
0
980
675
504
0
572
931
0
560
560
0
783
533
959
0
634
0
0
0
0
685
840
603
924
0
564
901
0
675
0
0
959
924
913
0
944
0
752
735
889
0
0
0
926
700
815
684
607
938
601
0
0
0
0
612
747
0
754
746
826
774
612
0
0
719
705
849
0
893
0
0
0
0
609
0
0
0
0
907
802
0
931
769
650
0
0
541
0
543
555
0
0
762
0
627
843
765
0
995
0
690
0
663
0
600
776
527
0
0
0
584
0
708
820
819
0
0
0
947
556
919
0
0
0
626
616
946
791
852
0
0
505
670
0
944
0
834
543
0
990
0
616
804
0
630
959
0
902
0
909
550
0
835
0
892
0
0
763
0
0
0
779
754
0
0
856
594
556
943
0
887
0
826
998
564
0
663
537
582
901
778
943
662
513
599
554
546
832
0
791
984
593
633
0
983
991
555
764
0
0
637
0
915
916
678
920
0
527
695
528
0
946
708
0
701
855
832
922
607
0
774
656
0
0
0
588
879
994
0
0
0
0
0
0
0
834
0
0
819
732
0
920
0
907
0
959
615
0
958
0
0
966
0
796
0
990
670
0
823
673
0
0
946
0
959
914
818
0
0
0
529
972
945
751
850
0
0
934
662
0
828
0
870
546
658
713
645
533
804
951
959
520
610
518
768
0
511
742
0
0
812
0
791
710
647
974
781
907
829
643
0
0
536
0
0
0
674
993
857
0
888
868
924
545
802
630
0
676
0
654
831
736
680
0
752
543
0
0
526
534
0
0
0
533
0
861
742
966
585
0
938
769
0
793
0
822
643
0
943
771
0
659
845
659
0
0
602
0
709
668
980
927
891
0
786
0
937
714
570
523
727
750
0
878
941
748
0
0
521
0
0
0
0
723
874
678
825
0
0
0
969
0
822
736
0
0
962
532
844
876
843
601
512
831
0
914
716
805
601
0
0
907
795
0
0
0
847
830
0
0
0
935
781
631
735
0
819
526
0
903
545
0
0
875
800
678
514
0
0
694
631
507
0
921
700
817
749
990
758
764
536
0
0
957
846
597
0
0
623
0
0
719
704
673
0
676
0
0
632
853
0
977
669
802
932
0
0
711
698
882
853
0
944
0
0
861
804
548
638
831
0
694
0
617
0
652
949
624
0
639
897
751
852
707
0
940
817
854
715
676
583
0
0
0
924
891
933
762
632
897
547
910
802
599
889
990
732
534
903
0
0
823
776
876
874
0
876
553
717
0
0
0
0
833
958
0
745
708
926
0
0
0
656
0
682
569
721
664
0
693
0
746
588
0
0
854
914
726
0
0
0
0
791
868
546
506
523
536
698
0
947
638
0
514
646
819
0
796
875
741
879
673
714
824
0
734
0
0
570
750
786
946
657
0
981
868
655
0
672
0
0
707
526
0
946
994
580
957
0
0
0
908
0
684
0
0
0
0
545
0
0
934
548
665
0
703
787
658
0
0
592
500
0
881
519
594
826
0
719
0
804
716
844
0
925
684
0
744
555
884
0
0
0
875
821
986
556
879
815
612
663
675
827
861
0
0
0
0
0
0
0
0
847
593
670
926
0
0
0
0
0
706
811
633
669
0
0
883
666
0
879
0
645
535
0
811
0
637
0
843
0
0
743
0
0
0
554
642
769
871
563
0
0
790
0
616
920
0
0
823
934
0
0
0
786
0
932
713
0
803
814
641
631
807
963
0
500
764
669
0
0
544
0
0
638
0
0
0
603
598
729
0
0
823
890
0
0
581
0
576
798
723
0
733
898
808
923
849
819
847
894
0
784
0
865
605
863
611
0
894
645
0
0
0
0
697
940
559
0
724
862
0
887
816
724
840
785
513
617
0
910
0
823
603
660
690
0
801
0
0
753
639
928
630
0
804
0
0
0
776
548
0
0
0
0
0
0
0
835
795
608
0
0
638
822
794
912
785
0
776
544
522
969
0
0
0
0
869
0
635
786
556
0
951
640
576
0
866
0
0
763
771
631
958
0
0
0
727
0
0
0
791
745
526
0
738
0
0
0
574
523
910
978
0
0
669
0
0
907
662
866
687
0
637
0
777
0
856
0
574
674
0
522
960
671
563
947
590
928
546
0
0
538
612
926
0
907
533
875
876
665
0
0
0
577
0
782
742
934
808
689
933
764
959
999
0
913
0
820
577
0
584
556
542
732
944
607
671
518
631
716
993
801
0
970
0
0
0
523
741
912
729
613
0
955
586
675
645
739
788
816
668
581
657
690
0
580
644
918
683
986
867
0
0
684
663
539
676
873
894
637
754
615
954
791
813
611
541
676
0
749
720
557
504
657
622
0
0
0
0
713
992
0
901
700
630
0
0
800
874
0
786
0
577
0
692
611
0
525
0
799
0
837
829
828
990
0
933
671
864
608
0
629
595
803
0
0
979
0
805
0
0
584
662
0
945
604
654
576
0
891
811
958
0
740
841
546
0
753
983
942
965
515
535
0
974
857
0
0
572
739
692
0
0
964
910
912
0
806
0
523
609
800
742
762
0
504
787
0
0
0
0
0
0
993
0
0
0
0
0
0
657
0
748
815
959
959
861
678
0
703
0
0
0
692
0
690
0
733
948
537
0
652
0
643
0
0
894
612
782
0
0
532
0
812
733
0
692
667
0
714
911
771
611
937
663
839
662
627
916
927
676
521
951
548
0
834
855
689
0
744
756
917
994
998
531
0
953
0
0
560
892
525
819
673
510
0
645
575
570
954
793
999
0
924
727
916
585
0
0
596
0
0
0
0
0
721
945
983
574
0
605
889
987
684
0
615
742
514
876
787
932
0
782
611
690
0
916
655
0
0
622
922
814
944
0
547
571
0
0
939
0
0
0
0
645
615
0
0
809
657
0
937
0
713
844
0
0
0
944
868
867
761
0
0
908
0
0
764
811
805
0
629
877
583
0
793
718
553
0
740
718
977
0
0
514
653
902
0
822
938
0
0
959
601
885
543
832
973
983
0
670
717
808
516
919
543
754
658
608
0
553
846
967
607
902
0
966
0
553
658
713
0
742
0
0
916
0
665
999
641
629
0
620
601
775
906
0
577
551
859
559
0
861
0
862
0
542
865
708
718
902
0
745
805
919
635
0
507
533
693
904
883
658
0
0
642
627
968
837
602
611
765
0
0
927
0
731
0
0
542
0
977
569
0
0
537
0
981
905
960
524
810
516
554
0
677
0
996
613
990
760
573
0
0
0
683
0
0
0
0
673
846
603
938
0
958
585
0
717
0
0
835
934
525
733
655
665
0
632
0
0
0
0
762
760
0
926
654
772
0
900
726
0
0
662
719
815
0
614
594
0
0
0
0
517
691
0
890
501
783
851
732
624
921
962
0
631
0
986
0
942
654
0
642
0
0
537
683
595
685
999
689
0
588
0
613
508
885
913
0
0
893
884
926
0
0
574
0
0
0
933
664
839
0
895
0
941
515
0
968
524
678
0
601
909
0
0
694
0
0
803
795
808
0
948
0
999
632
0
958
585
907
746
881
0
829
561
678
574
0
648
0
0
631
567
0
641
0
604
752
823
600
0
706
630
997
819
714
545
0
663
0
0
502
883
906
0
753
741
655
533
0
0
931
874
709
977
0
558
694
0
0
966
612
718
967
820
719
0
591
0
684
976
0
637
949
899
0
980
700
673
602
813
0
600
718
0
0
996
0
0
0
0
0
550
0
938
631
0
592
814
608
689
799
537
0
641
0
958
0
810
633
0
703
952
669
811
521
644
695
635
517
573
0
0
0
0
0
0
667
0
0
950
0
874
743
813
990
700
0
849
0
807
615
0
609
846
980
663
895
947
0
0
622
0
0
872
0
907
978
642
564
869
0
723
0
0
988
724
970
776
0
623
0
0
0
793
0
0
588
767
767
0
881
0
626
541
959
706
980
0
517
552
0
0
966
769
507
0
500
641
0
933
0
0
622
629
0
585
810
0
0
752
910
869
0
994
532
968
0
0
619
664
887
0
784
602
0
0
880
0
948
563
0
643
757
968
820
627
915
0
0
943
839
822
941
819
798
764
851
0
786
0
0
0
911
551
993
819
647
860
653
821
880
991
501
722
855
0
0
0
957
994
742
760
544
509
0
0
769
673
782
904
925
0
692
510
871
0
0
945
744
769
0
835
0
0
0
0
0
631
0
764
837
652
922
0
0
907
633
0
0
710
0
879
884
526
994
508
943
559
530
515
711
876
0
0
994
0
0
0
900
967
0
639
670
839
684
649
0
779
0
576
803
594
703
875
711
0
921
623
973
737
0
875
0
776
0
0
936
926
0
0
992
536
0
809
647
990
652
0
587
825
985
512
679
923
730
536
0
0
546
667
788
524
0
0
0
0
0
765
671
819
0
0
796
793
921
833
881
807
638
959
829
0
814
620
0
746
0
752
710
0
0
0
570
504
0
0
0
0
891
0
0
913
993
663
0
0
0
823
864
619
816
636
0
933
0
0
901
927
711
863
0
955
741
742
897
0
866
507
0
841
0
835
557
618
917
0
547
662
0
901
526
602
734
0
807
999
976
519
0
938
0
0
820
0
812
0
520
501
724
670
522
0
722
0
665
690
0
625
958
679
612
892
0
0
700
958
519
963
822
999
828
643
944
601
762
881
703
910
0
0
0
951
0
776
874
0
846
0
781
582
840
994
0
918
0
0
0
0
545
737
768
807
500
996
0
941
935
534
969
796
0
769
779
602
962
0
0
970
929
705
771
0
0
767
527
741
0
613
0
0
914
990
541
583
0
509
0
587
693
653
0
0
0
603
0
0
0
0
769
532
692
642
510
786
508
573
0
0
688
775
747
0
990
822
817
0
594
0
794
0
990
0
0
775
760
0
952
869
879
0
951
0
0
0
537
0
0
651
949
718
0
757
0
0
0
0
629
576
517
547
0
876
788
690
656
763
798
0
902
561
692
741
960
964
0
525
0
947
0
624
908
802
623
927
734
0
502
0
888
520
0
0
566
802
0
694
568
0
772
907
918
0
786
818
0
802
0
623
0
0
620
0
900
806
742
0
0
0
857
0
0
0
670
643
749
745
826
500
912
913
0
0
547
906
0
829
669
0
884
570
0
0
0
753
724
0
805
0
0
602
922
0
0
556
637
958
915
625
692
0
982
526
0
0
792
898
783
918
962
0
0
639
0
716
0
882
597
658
0
0
0
0
683
0
562
708
505
0
617
562
0
616
504
0
593
610
700
609
0
0
879
786
555
546
565
0
0
0
0
646
0
733
0
0
995
925
707
600
547
561
754
763
0
0
990
708
0
764
785
0
933
894
571
0
926
561
811
994
526
504
776
0
753
0
950
999
0
828
696
612
851
0
982
860
0
689
672
571
839
612
0
695
942
850
0
737
0
0
0
0
624
709
604
0
609
909
0
0
611
514
0
0
501
0
562
0
0
714
0
879
761
0
0
646
961
0
0
0
790
944
955
0
728
996
840
542
743
795
568
986
0
0
544
0
778
0
723
797
863
0
746
0
823
943
758
926
719
669
0
820
671
612
0
577
654
678
521
532
994
0
874
537
724
950
0
751
0
808
597
502
0
788
835
826
737
855
0
0
0
510
853
564
681
843
838
0
0
527
0
719
668
0
0
0
0
734
0
500
977
927
0
531
0
0
0
795
762
0
0
0
0
695
739
539
557
0
646
727
0
0
505
0
765
790
564
929
549
529
952
867
0
807
735
0
0
543
0
744
748
714
826
0
673
771
764
0
0
0
776
577
864
782
0
551
772
574
644
968
508
0
0
0
0
999
751
0
