0
639
0
627
857
700
732
0
721
568
507
987
575
724
952
0
628
585
0
933
652
0
0
0
0
0
0
759
658
909
817
0
0
868
0
0
0
0
869
670
982
0
613
587
561
648
588
0
625
0
0
587
768
633
565
0
649
872
0
0
0
0
0
594
983
723
899
899
520
608
506
0
657
502
890
954
0
513
0
0
612
0
0
599
905
810
0
800
955
630
0
982
0
0
0
0
546
623
0
0
639
0
699
966
0
704
0
0
765
909
0
572
500
729
912
567
0
654
959
909
0
759
774
886
549
808
851
0
706
594
958
900
0
902
841
889
744
706
525
740
0
0
822
592
0
0
0
773
997
0
0
634
981
0
801
722
657
705
710
0
0
743
0
662
0
0
639
872
0
580
0
634
848
0
990
740
963
838
960
569
0
0
712
664
611
0
968
931
626
0
559
674
0
0
786
645
0
574
0
0
0
699
0
659
775
0
0
0
0
832
681
792
877
0
907
734
0
849
808
612
703
543
0
713
682
0
843
728
554
708
680
0
758
617
730
974
0
766
678
0
724
0
581
597
761
580
942
0
0
0
0
0
869
941
883
560
914
0
826
0
0
527
905
0
605
0
714
0
0
826
975
722
665
678
0
0
0
620
0
607
0
0
617
876
0
551
514
567
839
0
0
616
859
803
524
750
0
978
838
0
627
966
659
0
741
852
0
727
0
0
0
797
777
616
962
600
0
864
0
0
0
686
0
925
0
733
987
789
0
767
598
879
0
0
0
552
844
589
752
0
0
0
563
0
0
633
701
0
0
593
530
0
801
745
0
726
546
942
689
0
0
0
0
655
671
660
628
0
723
806
636
726
952
0
947
904
0
510
516
0
708
835
831
569
718
722
931
0
867
982
0
925
820
568
580
753
0
645
0
819
857
0
775
741
0
683
845
724
771
679
628
508
836
0
0
539
0
0
692
0
0
0
659
0
882
0
683
854
0
0
940
868
613
953
0
0
997
903
598
0
886
0
0
0
0
522
554
877
0
659
881
0
675
571
862
907
779
987
559
506
0
581
880
785
690
511
780
519
629
617
549
0
0
704
942
634
795
0
0
779
773
0
556
758
832
0
618
945
775
0
0
669
519
925
993
0
0
0
599
591
700
704
0
852
683
0
787
934
888
0
0
978
845
0
530
0
560
894
747
927
897
0
598
756
0
853
683
982
820
766
925
695
0
0
888
891
502
0
0
0
0
888
579
551
782
920
558
0
667
569
944
860
740
607
816
962
0
871
733
789
824
619
674
860
897
0
592
561
995
831
0
686
554
542
997
796
0
920
769
0
714
536
0
0
998
0
683
639
0
569
630
766
0
755
578
0
0
792
720
0
732
0
0
0
845
787
0
0
0
578
649
0
954
914
668
0
671
800
0
913
844
737
952
574
0
0
0
0
664
759
0
0
770
873
0
645
0
911
0
0
775
941
517
0
0
658
511
868
0
0
0
875
811
0
773
0
940
756
0
609
870
0
0
0
0
532
0
638
625
761
654
525
508
593
880
0
748
846
815
0
0
0
955
856
602
0
0
581
604
0
518
859
631
936
511
834
526
518
0
0
0
0
0
727
724
934
0
0
849
940
968
0
0
0
775
727
0
983
0
821
549
0
725
695
908
0
0
0
0
767
760
0
0
801
0
567
656
0
0
537
587
0
573
790
826
0
0
981
0
592
515
504
888
0
539
0
705
896
0
0
854
0
613
682
776
505
665
734
500
737
586
0
825
819
740
532
627
779
970
928
0
507
849
637
807
779
0
0
751
823
823
872
0
907
0
619
678
623
0
0
721
765
0
0
771
888
0
849
0
894
757
0
638
0
0
605
812
880
0
0
675
559
0
873
0
602
0
582
910
753
0
0
0
0
0
830
777
0
0
673
898
987
839
533
609
0
0
748
645
0
0
0
544
0
0
0
0
763
513
0
767
0
0
976
0
978
911
0
0
916
990
0
624
0
0
635
0
990
593
637
0
0
578
591
923
916
946
698
691
829
0
857
0
601
0
559
664
872
0
0
568
909
832
0
679
0
578
940
894
0
612
0
707
695
509
959
670
537
671
0
0
503
0
859
855
0
710
914
981
0
662
891
0
514
0
0
606
950
997
0
0
516
611
608
539
572
0
0
981
794
784
0
770
851
599
855
918
0
0
0
938
583
890
804
977
932
0
0
776
563
0
546
0
0
677
745
582
973
985
667
980
831
708
545
790
780
0
981
916
518
689
0
0
0
782
0
0
989
531
0
507
0
681
0
628
0
649
968
757
612
0
958
0
849
759
917
529
634
0
588
639
786
844
0
0
0
748
813
852
853
0
0
0
892
0
598
0
973
0
0
0
944
769
802
0
0
750
745
0
651
951
0
987
0
0
0
0
0
0
0
549
650
511
0
0
896
586
0
676
0
556
826
0
0
769
0
0
0
508
0
857
581
0
909
877
770
742
820
0
769
0
797
779
0
0
0
0
502
701
587
987
572
792
797
508
978
0
0
0
0
958
0
731
726
0
932
851
0
0
609
618
503
904
0
0
876
0
676
682
0
848
729
804
0
734
556
514
0
612
670
947
837
889
524
570
0
798
992
0
0
630
606
0
531
580
626
737
954
0
935
977
0
0
819
0
993
822
0
932
0
0
0
734
873
0
542
648
0
0
0
608
629
554
665
0
877
746
0
0
852
0
0
829
502
0
656
886
0
0
748
575
500
877
777
836
845
954
0
638
707
0
731
0
898
869
868
0
851
0
944
637
620
0
896
0
899
601
773
748
0
571
791
0
947
845
0
0
717
780
0
0
0
0
0
782
548
780
844
500
828
896
753
0
917
0
748
537
0
788
670
0
735
872
961
822
951
835
741
631
0
936
0
0
0
929
759
760
723
807
687
677
517
0
0
722
883
985
0
0
908
0
0
778
639
0
609
870
569
0
0
724
729
0
616
0
0
914
0
0
695
849
726
898
0
660
584
660
0
0
739
692
0
0
0
0
543
822
813
0
0
952
745
526
0
874
946
0
812
0
0
743
957
753
0
0
955
770
512
0
805
0
0
631
0
0
812
553
0
0
623
975
0
0
0
640
828
505
897
0
630
0
625
581
0
912
0
0
687
926
788
0
0
877
585
760
845
0
686
836
659
0
937
818
638
695
585
940
595
769
0
952
912
907
962
0
530
668
775
0
509
759
0
869
660
0
0
0
984
811
977
0
694
0
761
0
0
975
528
761
0
802
929
895
951
658
661
664
0
0
0
0
0
0
937
637
527
0
902
733
976
604
0
914
0
0
828
996
962
0
944
0
971
821
879
0
546
0
950
0
529
818
822
711
722
890
0
636
563
754
574
0
652
994
0
577
881
662
0
658
895
553
0
660
990
753
586
736
909
613
0
0
567
734
600
539
0
0
727
605
959
917
932
868
584
0
0
0
962
0
712
0
683
611
0
509
796
0
583
0
660
0
817
626
506
508
0
0
0
607
716
500
0
0
530
684
0
820
0
0
846
770
0
0
0
627
682
660
796
754
619
928
800
0
0
0
994
0
965
540
912
588
942
0
0
522
864
828
0
545
0
613
558
521
856
766
571
602
800
718
0
853
752
581
0
703
669
768
816
952
0
628
0
0
0
0
560
671
0
812
670
529
851
0
660
0
0
0
974
667
0
748
636
664
0
0
781
0
576
524
928
0
0
0
0
601
898
0
0
594
0
981
0
0
0
863
0
820
918
761
0
505
0
679
971
935
685
965
0
0
0
624
723
603
0
0
918
815
504
722
983
0
785
0
0
616
716
0
0
0
0
849
714
987
961
898
640
901
745
0
0
643
553
503
951
0
842
0
864
0
853
585
654
849
864
0
894
800
983
880
537
634
0
851
0
984
962
974
0
553
920
573
845
0
722
0
0
609
867
865
884
0
788
655
961
722
655
875
674
504
935
648
869
0
944
595
810
772
0
744
661
0
639
0
602
988
879
810
0
542
689
0
768
842
937
876
931
953
0
951
0
0
671
0
780
0
716
938
0
0
0
651
869
549
0
763
0
0
649
858
0
0
992
0
933
0
0
839
776
546
795
0
959
808
0
692
747
0
0
0
671
0
0
0
0
811
0
667
553
0
529
551
0
969
920
0
0
675
793
0
624
0
587
0
0
613
775
967
866
0
629
0
0
0
0
0
0
614
766
820
570
934
0
537
0
970
0
0
0
957
817
776
780
766
0
547
721
698
596
643
645
514
962
513
900
0
980
531
699
994
0
846
711
863
0
0
514
937
0
0
787
750
0
936
0
607
672
522
870
969
0
933
909
612
0
0
927
913
821
0
0
588
609
944
739
977
712
0
920
529
0
733
0
621
898
0
0
747
860
930
897
0
0
722
611
670
682
835
973
0
0
0
522
0
761
0
784
838
641
0
537
0
0
789
0
0
0
0
554
0
578
993
0
0
733
0
899
0
581
728
0
603
0
863
0
778
934
846
0
772
0
0
649
915
0
0
0
563
0
0
787
0
941
0
0
0
827
641
0
601
785
652
0
703
0
0
897
844
549
675
0
639
618
637
692
0
0
748
573
551
733
0
0
531
0
611
505
812
776
934
0
0
614
694
0
632
641
589
815
959
615
0
879
0
933
0
553
569
870
680
506
908
0
651
863
665
0
871
504
667
902
845
0
939
0
715
939
0
948
705
0
961
0
734
0
0
0
0
712
805
658
926
547
593
733
0
711
0
609
973
781
0
562
980
727
983
0
732
0
0
990
0
759
543
686
0
0
737
0
559
503
786
503
620
0
694
683
636
845
0
0
0
0
933
0
0
573
765
943
811
766
0
0
739
0
0
870
760
0
500
770
0
555
0
977
515
992
674
802
856
0
981
979
0
707
0
0
690
908
943
784
726
926
758
528
830
931
890
856
628
962
0
905
0
0
901
634
608
744
733
0
526
0
882
597
0
646
989
0
902
0
0
899
0
715
0
556
555
890
511
0
0
774
0
0
659
598
952
725
0
0
844
904
0
0
0
611
664
0
969
621
531
933
0
637
893
948
0
569
0
661
889
0
862
766
797
707
561
0
505
727
0
0
874
0
0
0
0
958
676
580
711
699
685
0
785
0
896
511
939
0
666
656
760
659
0
0
721
0
720
577
520
0
819
568
858
0
933
711
769
0
642
755
0
637
0
0
620
0
0
660
0
0
514
633
519
723
0
0
978
502
0
886
713
925
0
756
574
695
873
859
0
0
896
0
761
0
0
722
920
898
0
0
637
0
0
857
982
716
916
611
0
0
772
0
0
620
0
0
0
658
915
891
843
867
821
729
0
548
994
545
0
825
0
745
883
672
0
0
595
669
0
0
718
795
877
0
549
784
592
0
835
0
756
511
997
0
0
0
654
0
0
732
825
865
686
643
0
574
892
0
844
609
547
518
626
907
856
0
581
0
0
549
682
0
882
0
0
908
0
855
0
0
0
0
0
509
0
0
0
0
611
0
893
0
0
980
663
0
752
570
839
886
566
0
0
920
925
902
0
875
684
978
672
586
0
593
760
0
930
796
963
0
922
0
886
0
961
0
0
0
820
515
0
565
800
836
858
686
812
0
514
0
569
635
587
938
630
921
687
0
0
975
525
686
500
0
868
978
561
686
583
0
843
0
0
522
0
0
886
0
0
808
0
733
0
853
0
0
602
0
0
876
899
543
0
796
781
0
0
0
505
573
948
857
980
0
859
902
928
659
722
919
787
613
0
789
718
632
0
910
848
944
806
943
578
918
575
612
0
936
845
732
0
506
670
780
0
800
864
897
0
954
959
689
0
884
909
996
0
0
0
616
938
881
0
0
975
730
886
653
0
727
589
520
740
0
0
0
819
830
767
623
0
721
0
871
556
660
971
0
0
851
843
987
683
683
0
0
0
710
748
0
601
822
975
0
0
609
675
747
812
765
0
982
663
859
0
0
0
0
936
0
0
0
0
774
576
557
983
518
993
0
0
820
509
0
566
888
806
0
0
671
882
661
0
684
924
891
534
729
0
568
574
0
756
0
759
663
562
601
0
716
0
889
0
729
776
604
706
606
0
791
0
909
904
933
0
891
0
618
0
0
0
564
517
0
0
0
0
0
759
0
728
789
854
982
0
0
582
914
813
676
773
813
528
583
576
867
793
860
776
943
569
716
0
902
0
0
0
739
0
778
698
716
944
0
747
0
518
821
662
863
0
866
513
561
0
623
910
0
835
0
675
737
0
503
708
535
758
961
780
892
797
800
682
784
0
883
570
574
0
902
0
841
0
780
581
930
925
0
0
595
707
829
0
899
748
786
0
851
674
0
0
0
0
846
888
706
0
932
658
706
554
0
0
820
664
0
910
981
852
682
748
0
761
0
524
865
0
930
934
811
0
916
752
928
0
0
0
993
929
0
866
909
596
830
0
829
619
819
983
757
662
819
700
811
914
634
645
733
0
0
874
0
544
785
0
0
581
754
908
0
0
705
0
632
660
0
836
0
804
0
533
909
614
983
0
876
0
877
0
0
775
521
853
638
660
870
0
0
720
0
872
0
0
588
0
517
0
0
909
594
708
767
0
766
759
767
753
0
853
0
0
0
0
660
928
884
624
897
0
766
661
611
570
659
0
739
993
0
972
0
787
653
0
0
0
0
0
838
0
0
0
0
0
508
555
0
543
0
966
730
0
0
0
586
927
0
717
0
0
0
781
532
578
0
765
969
568
0
594
0
0
862
835
798
0
0
0
920
937
677
0
724
543
0
813
993
915
669
942
623
806
726
513
0
0
652
0
0
817
958
680
598
940
925
0
760
0
662
0
848
571
952
802
0
0
0
0
0
0
0
889
0
839
722
936
0
929
972
0
0
681
0
704
794
573
0
537
723
0
670
648
574
929
642
919
0
926
0
832
0
562
0
0
748
0
559
952
792
579
0
867
921
0
0
0
0
881
784
666
767
894
819
511
511
937
0
938
0
599
647
0
0
0
749
973
786
735
0
0
515
0
878
0
538
0
0
0
0
0
900
0
879
868
695
0
0
0
891
0
729
791
745
929
817
0
788
587
0
614
0
0
0
886
919
0
778
0
0
0
0
519
898
982
924
0
0
688
0
0
0
0
0
919
0
948
0
0
0
0
588
552
787
876
808
0
953
974
0
644
869
712
0
535
0
675
0
709
992
808
0
752
0
767
875
583
719
0
719
783
784
0
533
0
562
805
0
0
915
959
619
0
900
727
641
517
0
952
0
0
0
758
0
613
0
770
0
0
0
0
804
0
526
895
626
0
655
0
722
694
739
862
772
566
787
0
698
866
787
681
519
0
0
795
989
716
721
0
866
0
870
626
717
0
560
863
970
0
841
865
0
916
0
652
526
0
0
731
873
0
0
0
598
0
0
527
519
0
573
0
680
835
0
741
536
884
708
0
0
928
0
797
0
525
774
959
822
0
558
872
0
0
588
912
0
794
698
516
0
868
902
617
0
953
0
873
801
0
514
892
0
947
0
951
506
0
961
0
611
0
0
766
0
0
613
0
716
909
653
0
898
0
0
623
0
819
804
811
717
842
0
0
0
0
668
639
628
938
716
0
0
502
773
832
816
0
815
897
637
502
940
0
0
614
762
613
0
0
539
0
0
989
0
677
0
571
0
640
560
698
954
627
569
0
894
795
0
849
796
603
606
0
0
953
0
587
792
646
0
0
841
730
0
0
888
0
0
0
0
0
734
845
874
658
508
601
722
613
670
632
0
797
0
0
0
0
944
596
0
704
982
795
623
0
0
649
975
555
0
577
0
616
688
0
818
838
0
661
925
0
0
0
945
582
727
0
0
0
665
821
802
672
0
674
818
507
545
0
0
724
0
560
539
0
628
797
0
639
0
0
0
529
0
974
828
0
0
860
998
784
823
0
0
0
0
0
952
0
0
0
889
974
552
0
891
645
567
830
0
598
556
0
946
661
0
898
655
775
682
641
870
707
620
920
789
774
0
830
0
794
924
989
0
0
0
634
873
630
649
571
0
898
593
0
0
0
806
0
930
772
0
700
782
652
0
0
0
888
605
645
800
859
626
797
501
688
0
649
646
807
950
633
868
711
751
612
527
995
0
0
0
500
888
0
562
697
0
0
545
708
884
617
556
933
0
0
726
813
929
0
744
0
844
997
502
0
656
777
606
0
514
0
0
664
0
0
875
967
835
589
760
561
0
925
718
576
747
0
0
573
0
716
819
649
634
0
822
0
0
0
0
0
522
646
0
635
536
858
606
0
649
0
875
839
969
695
760
573
660
686
669
0
812
521
889
680
705
858
0
671
932
961
991
760
662
0
514
0
541
735
0
925
940
930
0
822
0
0
800
841
794
613
658
703
930
0
0
0
555
0
706
766
589
903
0
911
0
0
950
973
0
717
812
0
0
0
674
866
973
815
0
0
0
902
632
557
0
829
0
0
0
721
804
975
873
822
0
825
706
0
0
787
894
515
0
0
875
0
0
950
998
0
641
622
969
741
710
584
985
881
0
666
668
502
508
658
991
599
611
0
601
752
613
929
988
761
710
702
994
696
911
684
698
0
0
663
625
0
942
752
806
677
501
992
884
0
836
662
581
869
525
678
752
598
0
0
0
0
997
0
612
780
0
0
607
594
504
0
0
959
500
505
0
0
0
983
518
619
0
537
688
0
811
555
630
0
825
0
574
594
790
0
0
594
626
975
705
803
0
0
0
0
678
661
635
0
979
853
606
617
0
0
706
990
740
961
865
0
688
0
626
0
0
0
733
0
0
0
873
0
0
969
0
692
0
0
585
0
0
813
0
861
807
926
0
0
762
729
0
670
740
0
0
0
0
0
537
673
0
0
670
0
0
0
716
0
935
629
0
615
770
727
658
875
910
518
821
819
838
723
0
866
717
0
649
0
706
574
0
718
535
788
0
653
763
530
605
767
596
784
632
777
800
981
815
0
994
990
502
506
545
682
650
516
991
683
0
729
600
0
846
0
0
0
771
918
554
726
992
0
995
782
0
0
549
974
0
721
0
0
767
985
884
0
0
0
669
948
0
982
0
724
0
886
0
775
587
898
0
0
947
0
743
0
500
981
648
0
0
0
0
0
915
684
848
993
662
983
0
0
0
0
842
577
571
0
0
594
718
0
643
945
804
0
0
554
0
0
828
904
749
728
617
0
0
0
0
795
988
556
614
646
815
0
0
585
668
719
850
616
777
627
0
831
0
0
521
956
0
769
0
0
652
0
608
740
745
0
0
803
577
0
808
917
754
687
694
931
0
0
0
0
0
0
888
941
0
987
516
944
837
0
957
0
0
0
869
0
522
879
555
0
891
978
944
0
863
757
0
670
0
870
0
0
0
0
0
790
535
643
0
569
0
550
895
745
0
0
0
752
0
871
990
0
670
0
553
585
0
973
817
678
957
736
0
903
597
0
0
713
0
538
901
843
684
685
965
972
761
819
808
0
571
716
706
539
0
842
716
994
809
947
684
601
0
709
734
865
0
613
822
581
563
0
579
517
573
839
611
769
889
0
753
0
0
0
0
0
0
0
0
874
843
672
806
0
0
662
0
648
0
626
0
616
898
0
787
0
788
945
569
0
568
593
947
903
640
950
517
944
0
769
954
530
0
774
0
0
759
0
960
505
0
883
549
747
571
557
660
0
0
703
0
0
561
665
0
523
0
782
839
0
0
901
0
518
758
943
710
514
951
893
0
998
0
0
892
0
697
587
592
597
0
0
551
0
790
533
608
802
524
0
0
937
530
0
944
0
761
933
977
0
867
586
943
820
866
819
0
574
0
717
0
688
593
522
894
0
0
804
0
568
0
0
877
755
0
567
0
742
673
564
551
572
716
0
985
0
960
932
0
614
802
0
570
625
0
647
0
0
0
0
995
823
0
575
718
645
909
692
861
508
0
0
894
639
0
764
500
538
0
0
990
589
0
0
0
0
779
561
0
761
0
0
782
0
826
609
539
0
570
782
0
637
684
863
595
0
0
0
515
0
821
0
578
509
513
700
0
929
919
0
0
0
0
646
515
594
653
0
550
593
0
0
0
728
749
599
0
0
0
0
645
617
997
564
805
802
670
772
965
0
859
613
0
0
701
0
597
944
731
717
0
0
865
0
0
0
535
0
0
948
0
957
0
587
515
0
0
760
0
819
505
0
951
739
869
0
657
648
0
580
633
522
920
658
0
0
572
0
0
548
955
527
0
0
810
0
784
553
992
0
729
593
918
0
561
811
508
642
0
560
668
818
0
0
0
626
763
0
895
947
877
0
0
0
894
0
961
0
0
647
857
551
678
537
593
0
860
0
0
589
0
979
0
838
933
569
0
0
0
0
0
0
894
621
0
820
708
0
957
0
515
953
817
560
932
765
647
692
983
919
672
638
995
0
0
819
607
588
0
942
701
554
558
511
0
0
0
750
798
780
770
0
820
820
772
614
838
569
674
0
0
760
575
566
0
914
555
919
948
863
639
838
0
635
0
975
530
554
745
903
755
728
0
0
0
0
695
0
908
0
0
750
0
549
0
539
744
860
938
759
0
702
514
980
920
581
637
521
956
992
528
0
673
0
803
904
729
815
832
0
600
876
0
730
948
974
520
0
0
697
929
0
704
767
0
0
890
0
773
0
0
877
0
868
981
748
0
745
992
844
512
902
0
918
0
766
641
870
802
958
548
0
612
888
623
634
0
0
0
970
628
0
806
536
875
705
605
0
0
640
0
749
894
0
0
522
537
805
602
0
0
673
0
0
0
577
697
0
820
716
949
895
503
0
0
770
0
603
518
821
839
530
0
0
873
805
0
654
694
508
713
699
0
544
645
732
0
0
0
596
967
623
616
0
650
652
920
625
997
0
0
0
667
0
0
645
981
0
0
500
0
733
0
761
744
820
0
680
856
676
994
930
0
806
910
645
543
926
0
0
938
661
0
858
0
803
767
0
0
950
567
599
0
0
522
0
0
0
630
0
889
783
870
515
0
0
848
679
0
0
0
751
865
0
727
780
0
0
696
0
686
740
0
986
0
0
782
728
979
0
740
0
763
632
869
835
0
921
0
551
0
637
0
577
905
0
0
0
0
0
593
659
569
0
592
0
794
651
0
828
805
976
846
0
661
570
537
506
0
580
545
796
936
0
0
733
0
0
0
841
716
925
930
606
0
0
596
828
0
517
0
0
961
695
537
0
0
619
855
699
0
594
697
700
0
0
0
0
678
0
768
0
642
632
997
521
667
836
866
0
0
0
0
653
0
0
0
918
523
0
690
0
673
667
992
525
0
0
770
0
0
916
997
978
633
561
903
0
0
0
530
881
944
0
515
0
784
951
630
896
0
604
770
505
0
934
0
908
981
711
0
963
845
0
835
0
966
832
0
865
0
0
772
0
950
0
784
904
752
944
742
0
0
0
805
0
619
0
719
529
890
0
0
0
914
945
0
0
0
0
629
942
766
714
544
710
0
0
925
0
516
711
0
0
826
630
765
744
0
638
785
0
0
0
569
0
773
0
0
0
0
0
747
0
926
0
788
587
634
0
0
0
860
875
504
0
0
0
606
753
0
0
0
0
639
0
0
0
979
699
825
0
732
671
0
0
730
0
588
0
0
0
0
649
998
0
632
749
0
0
673
0
0
908
602
630
855
719
0
579
636
0
919
0
973
766
0
850
0
944
0
0
859
0
0
702
579
0
596
559
912
592
0
662
590
0
0
750
760
503
886
0
601
685
0
707
0
0
965
936
701
697
0
612
765
516
0
768
981
869
801
675
740
811
888
544
770
987
0
0
631
914
0
679
0
537
789
651
0
685
0
922
0
882
675
874
0
562
552
916
502
0
700
0
0
0
777
728
871
769
564
0
647
0
0
0
699
529
579
0
609
0
0
0
692
667
0
610
584
939
0
502
722
0
0
539
712
0
586
574
0
0
0
0
0
516
607
0
508
791
627
790
0
0
0
515
0
770
960
0
0
540
0
868
688
868
0
633
0
941
745
571
607
0
0
0
851
0
531
917
0
0
0
971
602
0
0
863
707
0
745
0
506
661
737
0
0
0
787
0
773
945
782
875
641
678
800
617
990
954
551
645
857
0
0
889
0
890
636
609
0
942
817
717
0
687
736
687
800
0
0
647
0
0
0
575
0
795
543
0
0
863
702
664
0
710
540
0
683
890
539
964
515
0
0
860
763
0
763
720
0
0
667
0
862
903
0
565
801
883
0
862
816
773
539
0
599
0
580
0
0
0
627
935
988
970
0
665
0
785
883
886
670
0
0
544
0
0
876
652
832
582
652
839
622
661
981
0
0
530
572
617
551
750
673
783
594
0
0
0
942
0
0
864
0
866
631
0
0
0
699
833
769
0
0
0
0
0
624
864
840
500
559
741
0
0
753
0
650
0
932
752
793
0
0
997
942
969
0
737
896
776
951
976
0
0
745
0
722
560
726
907
962
0
0
0
855
0
626
748
812
828
682
685
879
0
0
0
0
0
672
0
780
684
503
785
586
748
808
526
816
727
0
969
969
635
815
0
670
0
716
997
678
0
0
870
697
0
919
0
817
0
0
830
0
663
0
579
0
991
0
0
920
844
608
0
0
0
897
659
536
828
0
0
0
614
946
684
580
911
0
0
872
649
0
0
0
866
0
510
544
0
684
881
802
651
0
649
657
914
546
779
0
940
705
0
918
0
737
537
553
996
660
965
810
0
0
871
690
896
0
961
0
924
708
0
927
0
0
0
0
0
0
695
741
0
0
0
0
774
0
564
537
549
0
515
700
0
0
0
717
864
830
0
0
791
0
0
0
859
798
699
948
937
548
0
568
0
0
939
0
508
694
0
573
651
0
522
0
739
0
556
0
866
542
831
658
695
619
679
913
0
845
942
854
702
0
872
705
0
942
987
871
756
896
763
0
0
954
0
0
962
796
0
0
0
554
504
908
511
0
0
800
891
535
0
0
559
953
0
815
0
0
760
710
979
994
0
553
0
985
805
593
0
0
0
0
914
973
692
0
0
0
0
0
821
642
0
852
748
922
0
974
965
867
838
0
613
530
948
678
0
562
0
522
952
0
0
0
900
957
0
597
703
522
852
0
670
688
529
0
0
662
0
917
777
633
0
710
826
689
559
733
0
0
513
0
0
0
788
0
0
754
0
542
957
0
667
943
939
595
0
864
534
758
581
717
952
974
731
897
0
888
573
584
853
990
795
585
0
0
802
0
539
577
0
0
945
766
667
687
866
663
791
821
0
0
500
0
848
538
0
0
816
996
0
815
0
794
533
884
720
825
921
959
729
809
749
739
936
930
678
0
649
925
0
760
564
782
0
0
991
0
537
0
549
769
0
0
0
0
506
789
609
0
0
0
0
935
670
623
944
619
0
689
817
578
902
784
0
669
0
897
729
961
754
0
792
0
873
637
665
605
660
985
606
502
988
0
759
960
670
860
744
697
848
0
0
0
0
736
631
0
0
642
0
0
766
0
982
0
798
0
0
0
0
0
0
743
991
638
0
589
742
719
0
0
0
0
540
0
647
851
837
964
0
0
799
848
0
0
738
0
0
539
797
0
0
0
0
0
0
824
870
854
767
938
549
977
0
975
0
928
624
0
776
993
845
726
666
0
820
0
0
780
908
0
579
644
0
502
821
645
686
881
617
506
556
973
0
932
772
0
860
0
679
0
0
850
610
687
0
579
0
0
500
766
0
515
718
602
0
867
547
829
904
0
632
686
681
0
0
793
0
909
0
714
725
0
0
786
0
595
653
782
813
906
690
720
0
0
804
522
0
527
846
0
0
743
527
0
581
619
0
0
0
583
650
0
735
0
971
800
723
768
780
0
0
926
656
0
515
954
568
892
0
0
0
869
0
940
802
800
669
0
0
545
614
817
960
0
965
0
938
820
0
678
0
0
584
800
0
0
0
852
0
0
515
0
539
668
677
577
960
645
994
790
0
516
784
953
989
513
0
786
0
671
728
0
0
0
0
893
0
501
904
717
768
773
0
741
0
938
545
0
0
0
0
0
905
0
880
674
0
613
0
890
511
0
872
0
821
0
603
842
766
0
939
758
760
718
0
959
574
797
0
781
867
712
0
0
672
859
0
666
0
682
646
678
505
614
0
589
759
716
0
0
0
944
939
0
0
991
859
748
848
982
718
539
0
610
0
677
0
0
822
607
936
732
0
0
0
721
971
0
520
931
846
936
501
974
960
0
0
0
534
0
875
0
989
654
847
896
812
0
0
0
594
662
0
655
785
860
0
682
976
804
0
819
961
0
879
0
0
937
0
733
0
528
659
795
565
689
0
800
705
532
921
0
598
0
0
626
812
668
706
650
815
957
0
802
859
0
0
949
0
768
629
0
0
0
699
0
798
922
538
0
602
668
610
0
938
0
670
629
523
732
910
0
0
859
750
595
536
796
661
536
760
862
0
507
751
0
0
0
888
943
902
0
0
608
0
0
710
0
907
929
983
0
605
671
690
897
0
776
0
977
0
0
822
640
0
0
0
876
547
0
715
830
0
877
800
0
756
682
0
578
0
535
0
614
674
797
521
502
990
516
0
736
883
0
613
979
702
895
751
0
942
0
502
647
833
0
699
0
0
798
0
677
0
938
0
0
903
869
0
0
0
850
535
0
892
0
949
0
531
897
769
927
661
0
0
547
813
781
676
516
907
724
0
657
0
0
0
740
662
591
723
0
0
660
511
0
532
505
978
932
896
993
951
828
546
994
918
931
721
899
939
931
0
0
836
884
0
784
632
0
0
0
0
762
818
501
889
508
740
991
0
0
549
570
0
0
514
503
865
642
766
859
722
0
769
920
948
974
0
0
867
577
677
0
0
0
563
835
690
591
981
0
0
647
0
706
655
0
0
884
587
612
815
669
0
951
0
0
963
502
0
543
0
0
900
930
505
818
559
510
899
639
714
628
780
592
0
665
911
0
586
822
835
505
0
0
815
953
698
0
0
890
721
549
858
909
759
0
660
765
0
675
527
613
507
688
680
658
961
683
585
903
747
625
0
838
980
0
0
632
714
0
0
0
0
844
937
965
816
0
547
960
0
670
903
563
0
511
0
747
651
0
574
0
636
699
961
973
738
866
0
521
566
0
835
974
838
0
983
0
741
618
720
833
0
587
915
0
895
0
899
872
0
0
519
561
638
734
0
0
0
0
741
897
950
965
504
0
596
581
948
856
0
784
686
996
663
883
0
969
0
0
519
0
545
0
705
991
865
0
668
597
571
0
701
933
920
0
727
997
544
0
0
0
0
608
548
867
996
0
829
645
0
629
869
835
511
0
0
0
0
568
0
754
919
643
0
0
564
857
563
0
695
563
0
808
907
627
918
635
888
927
887
756
797
622
682
524
0
0
520
0
0
723
629
995
625
500
0
776
676
932
631
0
0
540
722
951
643
728
705
628
720
592
812
0
562
570
836
568
881
709
0
0
0
649
858
599
0
729
719
0
557
647
0
569
581
770
780
521
710
702
539
575
0
0
0
838
0
0
904
994
822
523
0
690
0
0
0
781
727
833
991
0
0
0
594
707
670
877
0
576
821
513
0
611
0
506
0
990
831
940
687
771
683
973
775
0
924
572
608
580
826
806
617
831
761
737
916
563
0
0
0
630
529
912
983
0
645
0
0
962
577
0
0
0
601
574
0
0
784
992
573
539
0
646
0
611
688
600
850
0
660
0
597
0
637
0
0
667
0
579
712
0
0
0
568
0
815
0
0
790
607
732
0
591
747
0
781
0
0
796
771
0
927
724
0
609
0
682
780
0
0
529
670
573
0
0
0
0
985
719
667
0
991
950
0
562
0
0
506
0
975
636
549
0
654
586
990
0
556
0
936
0
818
588
0
0
514
603
961
0
520
835
514
0
0
0
804
594
666
808
0
0
724
807
671
0
0
0
616
713
0
0
944
0
521
603
0
836
0
0
0
795
0
0
0
613
0
0
632
0
936
910
0
981
651
0
727
0
0
0
597
821
657
742
932
668
640
839
793
0
632
0
731
838
514
954
787
0
611
704
0
841
0
731
633
0
808
0
0
634
722
726
0
686
525
0
0
546
826
0
0
625
822
942
785
671
962
0
0
905
0
0
0
616
716
902
0
0
767
0
680
0
0
950
932
601
626
846
777
0
0
0
731
0
956
518
696
866
925
596
586
543
624
897
0
530
794
743
686
516
732
0
850
0
0
568
833
796
0
0
910
676
671
626
843
887
880
837
0
961
847
649
951
607
625
0
624
716
626
840
785
733
0
0
887
854
0
0
657
848
665
952
0
554
508
825
624
0
0
734
0
581
711
0
0
0
513
863
734
0
819
756
569
938
0
0
533
0
894
752
835
989
560
633
961
752
0
0
627
538
703
0
717
0
992
821
0
0
0
559
574
0
864
659
939
948
533
991
681
784
0
0
535
0
574
0
991
771
597
910
0
560
0
0
547
648
549
0
0
838
836
845
0
939
0
0
518
0
686
0
871
558
834
657
579
791
778
892
502
0
678
0
704
542
593
819
0
0
0
873
0
0
722
0
0
780
900
0
0
0
568
511
635
881
889
841
909
862
819
0
0
0
539
868
991
613
0
0
0
901
0
995
0
0
528
839
686
0
516
912
0
0
840
536
0
678
884
638
0
953
0
859
0
647
0
754
0
0
821
676
560
0
621
0
968
0
0
855
911
654
580
886
864
0
512
0
714
962
0
825
517
941
0
931
0
616
0
0
890
990
0
947
942
997
880
740
0
677
769
0
929
912
890
522
616
0
0
778
0
901
858
997
587
0
0
0
614
835
511
767
741
677
0
711
760
929
0
0
831
843
0
823
0
0
0
530
740
0
711
592
0
863
500
828
508
0
720
0
0
989
0
750
892
0
636
919
0
927
657
671
0
621
0
719
698
643
596
975
0
857
792
0
0
817
0
0
540
953
0
0
0
834
0
548
576
508
645
889
954
740
0
904
634
796
0
532
635
745
0
542
759
0
0
864
716
716
980
934
0
634
0
0
938
0
729
780
983
798
511
875
536
0
628
751
662
988
733
771
0
684
561
0
865
894
673
0
0
0
0
0
0
702
559
0
694
562
825
589
793
513
721
595
0
706
699
643
0
724
742
626
0
0
719
0
992
928
796
879
0
575
0
689
668
0
0
976
863
972
0
0
654
834
0
0
0
0
980
0
0
963
0
0
795
0
748
627
0
582
0
648
760
0
636
828
0
938
531
846
0
608
933
0
630
975
776
581
0
0
937
583
884
571
797
612
0
761
0
918
0
685
665
575
0
621
0
0
986
653
0
662
0
664
741
0
0
0
921
742
0
0
971
536
949
655
961
0
594
0
932
843
547
968
698
992
0
0
504
644
635
766
0
0
589
783
843
949
830
936
0
762
738
804
0
624
717
722
0
642
513
838
620
510
0
920
846
779
990
973
0
0
723
687
563
0
0
0
699
0
712
744
711
0
921
730
604
930
876
0
0
719
708
0
0
527
514
710
0
554
521
965
0
718
0
0
803
873
0
0
826
590
0
0
0
0
573
522
959
719
909
786
0
796
0
0
973
0
707
609
668
887
648
0
643
928
0
0
0
754
633
920
758
942
0
565
0
940
0
0
0
0
0
757
830
891
0
0
738
736
0
960
0
516
0
769
815
970
593
985
508
0
807
926
754
545
0
0
994
772
805
733
769
654
687
886
706
925
0
0
938
0
0
640
639
995
0
702
0
726
956
972
523
645
0
820
904
805
0
0
630
0
516
710
0
614
651
952
729
0
0
0
520
661
531
0
738
564
670
0
640
880
549
0
596
796
504
0
0
0
0
525
723
976
591
556
0
785
958
648
530
873
755
0
706
861
586
611
989
0
0
569
607
0
779
0
0
928
637
667
0
0
687
788
574
0
0
0
0
0
658
0
0
0
0
653
606
0
877
920
0
719
0
560
0
0
541
994
873
992
0
761
0
909
535
708
729
0
782
0
765
0
607
540
753
946
0
0
809
0
714
671
931
536
897
884
866
857
877
682
839
837
0
855
975
879
644
754
0
0
651
0
0
0
0
0
536
0
747
0
951
0
0
0
0
0
0
874
811
0
612
0
0
708
773
714
0
0
0
980
857
608
677
0
0
613
849
651
846
0
926
526
642
0
0
0
0
0
0
937
599
783
928
698
0
0
735
696
0
0
769
819
782
692
0
0
815
654
728
918
744
750
0
0
0
684
522
0
749
0
725
728
846
760
769
587
0
563
0
780
793
0
0
911
0
0
635
633
0
651
0
777
936
0
743
981
575
0
585
0
812
0
0
0
801
899
915
791
791
613
0
0
0
835
0
536
0
507
0
831
581
629
517
0
652
558
714
869
711
649
547
0
755
732
975
727
791
595
0
677
647
784
0
954
0
0
0
911
0
995
0
808
839
861
0
957
832
694
979
523
0
760
508
683
650
580
0
0
739
0
0
0
936
862
927
612
521
0
576
0
0
961
838
654
857
575
766
920
525
0
777
0
0
679
884
0
802
982
945
984
732
0
592
643
549
0
967
0
976
527
0
712
617
831
556
0
955
849
578
708
0
554
0
877
994
521
987
549
863
915
593
882
0
825
525
589
0
707
775
0
0
0
797
627
529
500
925
684
969
782
0
0
0
508
948
0
0
508
0
0
638
503
791
890
0
911
739
900
936
540
0
0
501
0
661
815
566
695
821
0
632
847
836
580
792
0
0
758
723
0
936
0
0
0
0
658
510
0
927
684
0
0
734
737
793
0
731
0
0
881
599
664
876
569
758
0
856
637
591
545
909
665
0
585
0
856
961
0
0
0
733
597
637
865
686
520
909
829
521
724
0
533
0
569
0
888
940
698
0
0
652
571
0
0
0
515
600
713
740
690
785
886
627
539
932
0
0
957
930
0
786
0
974
507
0
669
0
563
513
529
0
649
845
886
0
689
0
942
976
0
0
679
0
0
589
950
0
0
0
811
0
569
0
0
0
629
0
586
797
0
905
611
0
718
832
998
602
807
923
790
877
0
722
760
577
766
898
763
0
0
0
0
0
686
500
740
904
0
853
543
0
0
525
0
974
0
930
0
692
0
0
716
901
0
957
953
876
699
0
0
0
0
790
964
752
0
556
0
678
647
0
0
960
751
0
0
835
0
0
670
731
951
0
864
0
668
589
0
591
0
743
884
0
589
0
0
546
680
631
612
0
676
941
572
836
823
997
0
708
0
810
0
551
722
0
0
0
779
916
780
770
877
883
845
881
571
640
0
514
0
711
646
0
643
0
0
933
899
638
0
749
562
774
894
828
562
0
0
0
549
608
706
0
894
0
817
0
0
763
673
0
601
0
515
793
872
0
597
0
851
595
893
0
0
547
951
974
808
611
573
838
607
939
0
817
0
783
565
556
0
981
0
658
950
0
0
509
562
0
0
724
544
970
987
612
694
708
626
821
871
0
968
514
931
618
683
0
0
946
0
742
746
985
0
662
602
901
0
937
563
0
989
620
0
868
0
0
748
660
813
973
805
959
795
0
697
822
663
0
974
740
539
518
639
587
560
730
544
632
667
0
685
0
0
0
649
866
703
649
837
653
0
0
0
813
0
838
907
0
0
514
625
0
512
0
0
843
0
0
536
575
802
510
0
546
509
0
0
0
0
816
566
0
916
928
500
723
708
935
637
800
931
567
0
945
639
581
0
698
981
820
0
0
686
0
800
745
649
0
0
609
0
0
574
978
0
891
786
870
993
786
0
822
0
0
0
0
625
585
0
745
0
758
0
515
932
948
645
869
992
569
0
0
0
0
0
542
522
925
964
782
501
0
0
781
0
0
627
506
0
954
0
0
0
0
976
949
940
785
0
0
982
0
0
680
562
0
0
737
956
589
631
0
0
992
580
889
709
0
0
955
626
839
867
775
0
604
751
691
916
0
0
0
836
658
718
0
858
0
0
973
902
0
892
561
819
0
0
0
915
735
0
0
849
860
0
0
0
0
721
0
842
943
764
0
765
974
732
835
525
0
707
515
860
997
0
831
852
0
0
813
904
534
888
676
963
983
918
0
0
787
624
518
714
540
863
830
0
958
747
585
945
927
0
631
0
0
737
0
0
0
771
0
952
0
738
506
0
914
0
630
0
0
982
0
569
0
823
829
518
769
852
908
659
895
0
0
0
787
787
781
0
660
0
686
830
618
851
0
669
0
915
558
796
998
545
800
942
0
0
0
716
710
500
0
647
520
0
0
0
773
0
0
763
942
0
658
0
760
0
906
717
0
943
516
502
0
635
990
0
0
716
0
962
953
972
936
0
648
0
0
984
684
811
612
0
0
956
0
0
0
903
0
886
680
660
971
748
0
0
0
559
0
0
0
630
518
823
0
689
0
0
0
0
553
853
643
0
750
0
0
0
0
844
583
767
0
674
720
942
0
959
872
603
784
708
841
752
813
0
803
994
514
538
760
692
0
0
921
0
0
0
770
0
969
866
695
670
564
799
690
768
875
902
907
0
741
888
831
985
611
626
686
0
0
0
0
0
530
951
812
732
0
0
0
724
816
589
0
0
0
657
0
631
576
0
824
583
825
0
982
674
616
925
669
766
859
872
857
0
797
0
0
937
0
752
553
992
0
941
562
899
0
609
0
623
0
0
0
623
515
619
0
606
823
884
794
806
0
767
577
809
951
0
0
983
0
0
0
770
0
965
960
763
0
0
619
688
782
848
720
773
0
0
724
543
618
927
940
719
704
840
0
825
0
0
762
0
873
0
0
0
0
569
676
544
566
631
771
903
657
0
590
861
685
779
624
0
829
0
0
0
859
820
519
0
631
0
0
0
779
829
778
818
660
581
503
0
936
0
980
0
514
547
843
0
0
0
872
806
0
0
0
0
0
617
613
677
861
985
0
947
893
0
819
919
697
596
551
0
0
936
0
720
737
510
679
529
0
0
0
0
989
0
0
0
720
887
687
667
0
785
871
517
0
654
738
0
755
0
0
592
734
0
941
970
0
0
0
0
0
590
0
0
0
938
0
0
0
0
0
0
803
568
925
755
936
907
601
0
0
502
639
638
990
0
951
933
0
0
727
715
633
518
0
721
564
0
0
726
878
900
588
0
0
556
658
501
807
884
808
684
0
990
505
672
929
967
0
0
0
701
0
0
896
544
913
0
0
0
0
741
654
608
657
0
833
756
771
0
841
733
558
941
834
834
804
757
0
0
0
643
737
0
572
987
916
0
952
886
631
861
0
0
0
900
0
0
0
0
0
786
524
580
993
578
511
0
0
782
0
0
0
695
753
703
0
0
607
0
983
0
519
626
0
0
517
0
0
513
0
727
912
953
0
933
703
992
926
0
917
601
998
589
0
638
0
623
637
916
0
697
540
0
776
0
0
0
991
738
804
0
847
0
0
900
0
797
683
991
0
0
834
0
0
0
0
830
706
0
801
549
793
0
836
612
928
992
0
680
576
685
0
0
0
646
0
515
673
661
0
645
750
753
0
0
834
619
559
0
0
656
609
585
586
669
842
0
672
827
0
556
723
907
522
871
0
846
588
0
538
641
0
0
0
0
930
884
0
0
754
0
0
0
951
995
704
616
0
997
747
0
0
667
951
684
845
662
0
0
522
938
896
0
0
930
587
622
973
950
731
0
657
931
548
0
624
891
861
0
899
0
0
629
823
694
500
580
738
660
0
779
938
900
646
0
0
0
765
0
546
0
0
0
0
0
526
678
664
0
0
886
870
940
736
768
0
839
522
641
732
555
0
856
0
556
0
888
0
0
0
517
794
587
0
0
0
0
0
0
687
709
0
0
739
0
767
0
577
978
0
612
868
0
976
881
942
0
537
0
0
545
812
710
0
505
915
682
775
0
633
887
579
0
576
0
717
0
586
0
915
967
731
0
997
708
723
889
506
971
824
624
0
0
0
0
0
801
858
0
623
574
978
645
0
792
518
623
872
989
502
0
569
595
909
816
864
776
870
0
0
890
0
0
0
660
0
706
517
652
0
0
698
792
952
726
0
836
762
669
694
734
892
0
869
0
0
650
905
633
926
765
688
862
0
802
854
917
0
539
527
0
0
0
740
818
0
524
0
562
0
854
791
616
508
0
722
0
611
874
791
0
0
586
0
626
708
709
0
748
583
0
0
0
515
0
801
0
634
0
0
0
838
0
599
720
0
0
0
531
701
0
0
769
613
952
0
546
969
601
0
511
978
581
886
971
0
0
0
0
0
952
516
646
0
813
0
662
729
948
931
865
0
0
0
819
0
652
0
561
0
516
868
903
0
651
702
777
549
797
846
0
0
907
662
559
895
0
924
0
808
0
778
0
645
980
0
738
989
811
791
976
0
797
708
821
935
0
914
0
825
829
0
0
673
765
858
634
0
787
0
0
0
819
591
0
0
0
0
0
587
748
0
0
0
0
853
795
0
785
990
0
502
0
0
0
0
932
0
0
0
0
0
0
0
929
555
581
0
0
0
0
697
779
657
607
890
920
0
903
788
0
0
0
745
0
0
633
769
0
0
0
0
929
591
510
0
0
572
0
0
0
892
0
889
0
642
736
0
0
613
527
881
0
0
871
637
0
0
0
0
0
0
0
661
0
0
0
787
0
