0
488
709
704
954
712
888
861
232
465
379
196
576
841
903
686
692
274
538
391
720
999
147
122
751
381
638
412
593
436
389
874
264
273
812
388
735
221
154
458
800
293
344
835
426
341
274
260
554
767
102
288
669
394
476
863
334
263
884
187
578
708
340
182
809
506
375
891
542
431
313
967
880
220
516
570
592
778
949
391
135
156
453
960
128
423
927
198
212
592
385
322
391
467
408
976
767
576
606
298
488
0
256
881
196
689
350
404
688
849
601
824
380
256
965
558
148
784
206
439
510
173
829
262
447
930
348
819
708
655
428
901
579
870
703
695
614
598
924
983
458
736
138
983
969
951
365
110
342
982
760
244
182
813
393
115
905
765
884
760
499
183
359
264
751
365
685
669
175
298
397
506
331
816
370
859
407
907
406
393
799
781
653
805
514
885
493
592
218
552
193
924
439
637
823
165
422
991
226
974
709
256
0
801
182
888
193
996
106
402
222
613
593
981
341
172
459
304
573
822
748
717
812
422
899
235
401
658
832
102
981
442
231
182
112
129
576
461
186
452
596
193
205
341
926
867
359
449
617
459
983
556
779
545
451
938
772
962
132
848
290
678
973
259
926
592
344
398
526
779
279
629
155
509
721
121
801
813
974
364
763
123
313
187
213
375
590
242
756
557
895
104
193
290
302
667
680
909
689
957
704
881
801
0
610
508
980
360
727
320
566
204
390
893
873
643
925
928
526
406
511
113
181
385
869
397
893
270
714
682
620
489
391
240
449
562
695
703
539
439
899
518
639
836
467
185
637
936
355
971
113
872
113
170
930
932
200
596
243
979
482
503
195
894
723
896
244
846
765
621
746
236
167
928
176
491
424
285
629
443
254
661
656
470
654
956
542
780
223
761
470
585
498
224
500
571
412
490
613
582
954
196
182
610
0
127
514
588
162
292
189
609
624
405
611
157
175
577
949
451
220
988
568
949
519
451
212
779
592
259
575
643
477
665
308
732
342
908
803
486
636
744
752
986
573
754
637
553
691
895
469
340
754
653
109
667
259
844
381
903
745
606
628
381
682
971
142
952
747
462
617
877
687
940
336
479
417
518
913
631
505
925
940
370
767
892
403
356
744
819
353
948
674
311
838
500
221
509
595
178
712
689
888
508
127
0
193
865
664
750
141
268
276
233
335
139
288
949
709
560
969
912
725
857
272
102
618
698
337
386
606
417
817
151
949
150
887
270
140
325
720
626
285
584
817
259
367
153
532
933
183
442
778
336
646
727
933
194
298
388
589
181
421
937
916
729
970
389
620
966
317
721
128
890
675
828
872
870
570
783
134
422
877
979
730
228
943
763
441
456
307
602
648
775
290
588
350
218
216
310
888
350
193
980
514
193
0
261
544
105
705
226
977
609
180
503
718
667
587
632
560
819
478
391
538
559
605
625
603
280
395
465
137
996
121
440
916
467
299
146
345
246
329
908
263
327
413
275
896
210
677
731
279
621
225
126
963
267
976
999
968
489
354
400
435
487
339
124
884
296
739
389
225
134
853
144
643
168
937
878
750
716
729
109
688
981
595
501
805
947
673
195
603
416
976
401
526
436
614
303
861
404
996
360
588
865
261
0
800
190
330
189
660
389
643
302
887
665
630
514
799
454
519
563
754
256
815
522
243
962
575
996
131
916
458
432
123
196
674
613
959
395
114
828
807
904
276
629
944
734
233
740
910
305
131
854
560
922
831
164
625
297
611
223
390
126
204
792
238
927
165
265
345
467
760
683
287
323
834
497
435
205
800
409
222
877
273
460
883
972
633
212
390
140
675
390
280
731
140
644
232
688
106
727
162
664
544
800
0
165
985
674
670
194
809
422
646
772
564
872
501
890
531
514
356
713
262
406
849
550
506
534
879
859
210
528
571
290
277
582
654
799
608
558
916
400
230
218
484
713
253
823
691
359
484
764
674
795
160
201
990
929
103
779
144
522
728
831
108
244
802
710
563
448
645
927
639
900
548
266
601
912
626
455
572
795
583
625
336
863
367
881
781
680
658
572
435
896
955
988
465
849
402
320
292
750
105
190
165
0
465
243
931
234
648
773
999
527
792
420
613
147
116
956
808
826
791
790
372
294
361
793
741
884
564
878
153
658
867
170
244
274
276
330
399
491
439
196
959
405
226
928
545
441
453
805
120
895
131
467
576
524
504
173
916
854
725
925
976
952
373
189
955
547
771
922
825
320
301
687
573
432
762
817
607
1000
599
145
725
722
574
733
243
910
972
712
637
930
936
717
379
601
222
566
189
141
705
330
985
465
0
585
511
695
816
416
696
584
299
492
968
557
453
662
410
690
341
350
667
634
872
951
461
975
719
811
910
774
172
686
122
540
708
410
292
660
358
542
519
209
599
973
147
422
300
591
302
222
647
984
194
618
589
797
669
334
662
675
463
779
316
247
617
791
763
927
251
208
784
572
349
908
658
642
868
949
249
190
942
222
108
768
165
281
239
294
109
857
775
975
196
824
613
204
609
268
226
189
674
243
585
0
583
315
492
112
208
114
811
564
991
570
938
778
652
249
487
114
302
436
712
776
718
208
712
971
652
241
634
341
834
164
294
920
787
433
351
182
788
955
384
261
188
240
717
406
228
892
402
456
270
490
530
396
725
586
790
994
278
777
462
651
200
513
123
490
378
938
488
761
671
337
834
592
894
967
793
262
988
996
125
469
226
771
570
340
269
277
154
941
576
380
593
390
624
276
977
660
670
931
511
583
0
589
743
731
433
367
256
455
177
527
463
870
247
722
946
475
929
965
676
829
934
117
840
411
644
852
764
416
891
244
265
387
898
643
876
705
996
315
906
422
117
657
378
676
610
355
130
632
729
486
293
511
666
882
669
234
518
691
290
688
279
611
650
340
708
588
710
844
642
326
658
633
761
511
606
265
694
809
607
360
666
762
488
678
931
149
432
326
841
256
981
893
405
233
609
389
194
234
695
315
589
0
176
422
536
184
863
194
412
864
549
999
302
572
684
432
642
660
994
555
122
556
694
160
190
729
103
573
994
765
870
969
133
892
102
316
584
852
488
721
197
332
360
204
690
989
625
390
423
319
864
942
904
714
385
119
942
293
429
138
553
142
316
236
270
539
236
803
467
123
802
539
782
557
739
109
765
541
634
880
443
533
557
637
521
818
193
809
903
965
341
873
611
335
180
643
809
648
816
492
743
176
0
952
769
621
683
271
893
733
476
765
260
670
789
929
220
788
341
253
449
455
350
104
500
207
958
379
309
243
344
178
518
164
437
177
520
425
834
972
112
665
113
652
438
914
808
545
784
134
166
338
652
859
814
492
626
676
745
437
202
637
747
670
652
826
427
735
520
667
496
768
969
371
351
865
228
303
150
275
388
894
775
268
357
510
337
421
686
558
172
643
157
139
503
302
422
773
416
112
731
422
952
0
219
286
287
762
854
684
437
892
630
289
496
455
555
971
948
505
345
856
473
750
217
230
577
627
825
726
627
203
783
208
287
555
654
222
852
426
963
414
380
120
640
141
575
568
412
123
335
341
744
682
813
705
227
224
464
577
376
591
205
456
898
688
183
950
528
388
447
630
316
763
751
826
614
888
992
333
564
994
642
121
967
742
919
236
692
148
459
925
175
288
718
887
646
999
696
208
433
536
769
219
0
891
138
954
575
142
864
767
901
811
341
763
775
407
287
651
140
388
933
951
501
205
511
877
355
180
145
710
290
262
907
200
681
994
477
716
253
620
541
835
502
609
353
188
557
981
409
725
420
344
195
827
210
443
665
198
349
768
897
142
334
676
792
589
830
256
382
199
965
380
496
655
719
116
832
526
518
163
462
417
126
426
548
196
274
784
304
928
577
949
667
665
772
527
584
114
367
184
621
286
891
0
382
223
893
885
971
861
325
407
266
167
113
841
577
538
343
287
625
642
737
451
292
638
606
754
611
488
558
511
807
540
183
687
725
558
132
127
425
285
769
890
392
388
647
650
778
819
546
189
628
268
576
931
484
733
713
557
755
794
210
916
225
478
189
433
530
663
279
186
311
953
392
384
755
554
227
735
872
260
266
724
272
288
538
206
573
526
949
709
587
630
564
792
299
811
256
863
683
287
138
382
0
698
444
870
720
522
266
653
957
514
923
872
274
417
688
935
159
775
641
934
986
117
155
279
236
854
193
617
264
175
473
415
167
600
461
419
114
998
149
246
203
371
567
734
111
987
403
856
939
867
120
922
876
908
413
142
676
571
299
825
816
681
421
563
566
344
141
352
622
848
697
900
791
326
567
430
410
708
587
841
150
837
391
439
822
406
451
560
632
514
872
420
492
564
455
194
271
762
954
223
698
0
970
731
790
326
734
264
907
894
401
540
823
554
816
282
368
955
373
450
917
499
921
168
940
847
681
742
233
396
885
804
278
401
618
899
615
340
853
109
921
795
374
898
342
874
776
962
475
368
592
906
747
431
557
645
750
139
977
160
463
630
182
149
158
224
299
687
422
339
956
955
788
697
967
645
658
323
218
696
812
638
720
510
748
511
220
969
560
799
501
613
968
991
177
412
893
854
575
893
444
970
0
954
229
291
848
822
475
828
697
392
703
862
937
218
899
183
477
147
649
422
168
430
953
795
930
871
506
853
930
464
906
202
767
391
334
655
962
678
182
394
961
300
682
827
180
411
911
500
245
945
723
168
803
173
347
238
968
366
524
287
980
654
531
667
460
343
841
372
317
198
582
276
747
837
359
316
155
345
626
938
999
173
717
113
988
912
819
454
890
147
557
570
527
864
733
684
142
885
870
731
954
0
176
846
918
168
835
199
703
850
365
458
916
292
491
450
241
210
704
176
230
575
899
734
758
983
819
914
267
773
712
940
179
259
520
130
841
960
422
220
118
637
344
213
711
770
686
394
178
205
107
871
453
155
678
959
279
810
885
825
654
477
640
798
608
624
232
686
477
685
676
697
466
322
840
884
499
498
267
929
147
829
812
181
568
725
478
519
531
116
453
938
463
549
476
437
864
971
720
790
229
176
0
996
936
443
692
564
301
420
709
898
973
363
736
726
629
164
200
557
265
940
621
504
606
658
806
992
150
740
523
599
447
136
696
974
616
997
789
564
847
631
707
945
141
898
762
700
306
824
244
220
439
448
337
499
108
205
206
611
713
807
758
412
488
166
457
391
648
583
889
231
157
522
943
460
125
192
510
580
122
262
422
385
949
857
391
563
514
956
662
778
870
999
765
892
767
861
522
326
291
846
996
0
743
110
941
695
597
804
329
235
700
176
932
870
742
641
701
227
766
857
125
487
527
226
920
186
195
179
298
121
224
666
190
754
196
507
597
283
728
122
498
157
371
413
609
404
617
691
235
129
369
106
438
361
260
852
963
977
879
511
683
549
522
148
318
167
622
415
434
180
695
762
456
386
142
942
820
229
751
447
899
869
519
272
538
754
356
808
410
652
247
302
260
630
901
325
266
734
848
918
936
743
0
338
226
305
481
818
803
963
375
524
632
628
348
494
752
618
370
563
675
129
783
620
669
242
795
711
428
778
680
490
727
468
706
505
347
675
207
148
423
528
939
423
285
452
395
969
970
882
489
371
131
690
495
323
432
272
550
130
135
523
666
287
567
502
392
656
452
363
832
111
970
331
695
518
324
433
381
930
235
397
451
102
559
256
713
826
690
249
722
572
670
289
811
407
653
264
822
168
443
110
338
0
316
454
181
728
285
524
388
277
720
784
666
725
978
536
632
264
743
855
124
942
532
135
906
143
752
179
660
591
268
732
201
460
788
630
571
334
619
272
150
335
764
724
354
461
744
138
386
645
875
434
424
796
589
124
829
943
811
735
622
412
162
430
684
506
337
386
722
430
356
196
392
901
929
418
638
348
401
893
212
618
605
815
262
791
341
487
946
684
789
496
341
266
957
907
475
835
692
941
226
316
0
350
747
620
261
149
141
851
201
674
138
834
158
658
787
535
912
638
642
262
646
391
963
961
589
358
668
800
640
658
141
517
865
172
892
247
842
112
343
309
635
733
561
106
529
190
629
928
311
908
317
456
628
637
536
433
688
805
940
176
862
808
486
261
890
943
382
742
692
916
476
446
753
592
412
819
658
270
779
698
625
522
406
790
350
114
475
432
929
455
763
167
514
894
828
199
564
695
305
454
350
0
928
655
600
346
170
320
413
202
835
722
613
517
971
440
334
253
424
515
609
449
660
386
540
473
380
647
799
411
843
702
577
715
205
705
135
493
816
983
620
616
957
283
928
821
631
844
158
167
553
460
147
540
335
837
935
800
294
731
671
285
810
457
331
575
950
498
218
221
373
989
977
824
593
708
832
714
592
337
603
243
849
372
667
302
929
642
220
555
775
113
923
401
697
703
301
597
481
181
747
928
0
838
238
673
405
937
401
172
802
600
606
732
380
884
297
792
233
503
237
998
346
236
420
737
806
618
288
958
269
662
105
442
294
924
746
665
107
899
220
377
136
155
602
190
600
242
335
974
473
527
177
924
798
326
404
717
916
684
600
273
718
346
802
462
831
463
370
732
992
937
222
237
436
655
102
682
259
386
280
962
550
294
634
436
965
660
788
971
407
841
872
540
392
850
420
804
818
728
620
655
838
0
888
851
179
452
423
419
967
932
305
997
892
829
878
176
357
634
349
630
928
850
463
455
974
938
233
395
841
734
213
848
756
968
853
449
767
950
654
149
466
889
897
274
491
952
289
955
335
542
684
845
550
637
184
123
487
708
533
661
968
259
824
369
719
120
315
835
852
342
350
469
389
428
981
620
575
606
395
575
506
361
872
712
676
994
341
948
287
577
274
823
703
365
709
329
803
285
261
600
238
888
0
232
146
115
666
546
122
587
197
924
197
134
142
315
381
891
624
521
501
784
904
936
550
119
862
126
699
437
957
715
602
816
740
622
886
414
753
573
282
775
563
937
975
852
852
619
630
981
177
645
342
342
578
978
704
989
118
922
900
536
625
508
240
633
880
809
271
429
223
966
874
901
442
489
643
417
465
996
534
793
951
776
829
555
253
505
651
538
417
554
862
458
898
235
963
524
149
346
673
851
232
0
243
958
990
305
550
756
423
810
814
139
501
962
758
160
608
905
981
817
691
621
135
906
898
432
866
846
687
954
709
164
240
253
215
343
541
692
252
834
331
279
387
454
239
406
618
138
709
282
778
374
690
907
709
560
848
293
218
938
396
268
497
109
888
605
561
245
878
974
264
579
231
391
477
817
137
131
879
741
461
718
934
122
449
345
140
343
688
816
937
916
973
700
375
388
141
170
405
179
146
243
0
168
305
407
747
519
777
121
585
595
997
677
720
374
677
397
436
722
418
998
939
309
239
958
508
647
196
143
303
720
158
446
639
789
205
938
490
685
373
149
172
457
271
722
746
812
635
339
534
783
448
395
478
307
226
855
375
627
329
754
116
378
688
604
627
841
922
777
273
870
182
240
665
151
996
916
859
884
975
208
117
556
455
856
388
287
935
282
218
292
363
176
524
277
851
320
937
452
115
958
168
0
129
917
651
493
291
528
656
944
351
152
988
882
222
859
719
737
191
890
530
318
891
808
842
335
283
191
693
689
558
722
368
845
462
223
629
832
996
241
339
532
922
621
649
210
264
880
827
275
991
591
489
967
533
927
926
359
150
717
497
871
886
987
812
564
220
611
812
703
112
449
308
949
121
458
210
564
719
712
840
694
350
473
933
625
159
368
899
491
736
932
632
720
201
413
401
423
666
990
305
129
0
792
919
783
140
575
607
103
403
186
482
798
835
516
604
920
666
449
493
287
827
871
809
719
744
327
303
873
996
768
628
561
381
472
890
113
877
992
447
867
690
121
279
216
156
435
723
997
335
126
173
795
886
948
880
722
499
521
259
136
684
883
701
858
169
130
388
695
129
562
732
150
440
432
528
878
811
971
411
160
104
750
951
642
775
955
183
450
726
870
628
784
674
202
172
419
546
305
407
917
792
0
308
786
326
755
740
374
518
857
920
933
224
569
169
360
168
769
985
543
969
977
916
462
698
602
805
211
407
323
802
188
699
704
986
693
807
428
626
983
265
103
178
919
880
909
838
902
751
335
767
435
937
179
537
796
712
138
243
161
370
257
169
440
759
306
735
614
576
695
342
887
916
123
571
153
910
652
644
190
500
217
501
737
641
373
477
241
629
742
348
666
138
835
802
967
122
550
747
651
919
308
0
503
626
960
992
835
501
511
150
340
167
932
654
416
137
164
612
633
124
472
735
777
459
538
283
946
942
815
692
704
708
851
695
728
283
819
519
474
528
811
806
455
237
766
401
299
434
348
408
647
664
627
982
917
212
574
528
592
167
964
214
533
418
888
221
598
461
703
908
270
467
196
290
658
774
241
852
729
207
230
205
451
934
450
147
210
164
641
494
725
834
722
600
932
587
756
519
493
783
786
503
0
558
339
317
281
565
932
876
109
714
643
561
754
615
727
430
947
716
905
479
121
786
756
134
388
436
329
464
870
210
939
741
846
215
961
387
968
508
698
272
572
546
612
879
201
746
274
263
277
581
661
372
531
718
295
198
816
799
940
657
750
469
959
154
924
186
539
803
140
299
674
277
867
172
634
764
103
958
577
511
292
986
917
649
704
200
701
752
978
158
613
606
305
197
423
777
291
140
326
626
558
0
384
477
263
376
935
521
154
702
907
562
614
641
725
979
349
805
211
957
423
710
697
609
882
634
598
292
771
719
126
627
930
376
217
813
373
191
465
208
188
825
658
339
480
341
777
1000
799
921
365
141
288
525
941
828
819
416
259
563
677
135
475
458
983
452
439
486
325
146
613
582
170
686
341
416
573
379
627
877
638
117
499
422
176
557
227
618
536
658
517
732
997
924
810
121
528
575
755
960
339
384
0
844
951
435
499
644
542
782
212
663
867
864
363
800
579
492
858
514
869
186
484
332
963
708
233
737
805
857
244
297
241
229
435
384
661
728
489
103
551
586
966
311
361
606
603
794
852
321
276
996
769
875
782
260
815
841
868
458
225
736
559
800
458
596
899
636
720
345
959
654
244
122
834
891
994
309
825
355
606
155
921
168
230
265
766
370
632
787
971
380
892
197
814
585
656
607
740
992
317
477
844
0
859
470
927
766
797
685
437
396
681
282
879
478
818
220
401
392
301
157
848
436
915
523
823
134
813
320
787
137
274
408
477
347
628
559
762
303
805
904
318
763
930
156
144
771
673
921
943
332
532
190
730
133
173
1000
594
184
788
372
885
293
736
193
518
744
626
246
395
799
274
540
164
244
765
243
726
180
754
279
168
430
575
940
857
563
264
535
440
884
829
134
139
595
944
103
374
835
281
263
951
859
0
388
876
645
966
250
672
915
702
609
954
852
513
737
218
985
383
948
531
410
929
715
102
158
633
283
523
645
953
992
509
905
994
177
856
485
399
666
937
916
622
256
288
412
975
655
197
328
820
168
699
556
172
997
917
833
897
497
818
344
138
205
639
752
285
329
114
608
276
708
294
265
870
344
627
145
611
236
940
953
899
621
125
675
743
912
334
297
878
142
501
997
351
403
518
501
565
376
435
470
388
0
816
744
141
280
202
786
579
290
358
337
286
140
704
448
421
597
667
981
223
460
714
847
264
876
630
780
981
262
452
423
116
975
156
104
954
470
650
283
130
654
866
652
136
228
154
128
574
696
153
402
718
428
345
483
422
201
126
835
983
341
836
986
584
908
828
558
330
410
920
387
969
178
203
710
488
854
847
795
734
504
487
129
855
638
253
792
176
315
962
677
152
186
857
511
932
935
499
927
876
816
0
988
938
200
317
377
494
737
203
871
532
972
248
400
137
102
794
152
340
473
116
148
346
238
329
171
767
976
923
586
275
167
259
338
989
463
336
603
404
574
672
629
861
550
389
701
102
844
807
815
831
293
169
118
402
446
972
426
969
926
467
573
817
263
807
916
399
292
787
898
133
518
783
290
558
193
681
930
758
606
527
783
124
642
424
233
357
381
758
720
988
482
920
150
876
521
644
766
645
744
988
0
478
678
975
565
481
190
840
826
583
325
824
748
481
627
270
432
751
957
872
306
500
283
712
394
195
671
645
409
143
638
606
395
238
830
922
295
851
858
104
927
896
277
196
298
876
893
997
369
306
629
753
308
870
452
993
341
951
867
185
754
259
327
904
400
491
660
433
643
892
164
208
262
511
617
742
871
983
658
226
620
942
262
515
503
634
891
160
374
882
798
933
340
109
154
542
797
966
141
938
478
0
433
779
569
929
544
428
642
591
575
386
282
108
352
945
925
994
192
591
261
119
658
689
564
519
430
155
702
607
857
866
702
583
198
170
260
362
110
212
151
404
205
731
944
686
482
814
535
687
412
555
739
813
362
492
274
365
359
637
637
367
413
276
230
439
358
351
876
102
437
287
907
807
264
233
506
819
806
920
669
532
646
609
237
349
624
608
677
222
835
224
167
714
702
782
685
250
280
200
678
433
0
676
337
253
927
485
737
931
759
633
292
882
288
715
809
401
936
601
896
649
720
910
672
730
270
254
179
715
633
468
180
590
200
281
570
127
721
216
844
814
931
251
896
150
158
389
189
504
214
364
278
228
494
444
260
110
449
936
553
153
275
629
218
196
542
182
705
316
177
555
200
540
175
396
853
914
992
186
242
135
391
449
998
630
521
905
397
859
516
569
932
643
907
212
437
672
202
317
975
779
676
0
445
803
633
995
947
553
109
887
162
355
919
232
579
718
610
828
400
819
293
416
566
856
811
132
448
675
617
851
488
640
544
146
361
736
385
206
176
972
148
121
215
979
797
784
911
124
306
326
993
732
135
550
554
342
617
355
691
532
896
944
484
959
519
788
996
584
520
654
681
183
473
885
930
267
150
195
795
906
963
660
346
928
501
981
436
719
604
169
654
561
562
663
396
915
786
377
565
569
337
445
0
331
985
321
457
331
138
192
655
561
497
808
188
585
457
860
208
615
973
556
802
872
917
586
546
193
232
992
912
1000
667
702
220
929
920
923
137
342
262
658
710
545
989
727
532
507
409
908
960
767
834
476
767
982
459
971
895
933
210
734
713
405
209
955
315
852
425
222
994
687
415
804
464
773
740
179
711
143
961
386
236
850
784
817
722
737
920
360
416
754
614
867
681
702
579
494
481
929
253
803
331
0
467
180
876
172
842
826
610
216
186
803
118
994
537
707
235
639
969
606
585
628
815
685
967
796
995
682
509
956
731
121
174
354
684
863
380
312
853
755
880
703
288
425
864
637
883
505
197
954
397
863
102
760
983
113
469
183
677
233
253
226
599
384
906
488
834
852
477
725
167
278
906
712
523
298
428
752
589
540
420
463
904
691
418
191
666
168
137
615
641
864
282
609
290
737
190
544
927
633
985
467
0
730
519
747
738
678
200
352
819
443
256
874
415
636
807
392
414
282
269
401
387
536
955
960
815
340
228
936
855
545
126
497
774
633
179
256
626
321
664
588
457
996
822
660
885
327
234
373
668
185
288
244
556
872
340
442
731
740
823
928
973
261
422
721
972
426
716
558
600
401
202
940
599
121
778
179
358
473
737
455
936
621
998
890
449
769
164
727
725
363
879
954
358
203
840
428
485
995
321
180
730
0
162
248
189
788
380
156
496
413
300
290
849
151
284
817
995
626
794
826
277
326
944
366
233
827
795
219
493
505
429
121
541
407
374
520
801
746
179
337
267
288
995
293
167
445
587
405
886
748
669
182
779
113
754
778
279
910
691
545
147
188
117
197
112
963
253
132
461
618
767
179
447
224
680
660
668
380
806
974
550
135
939
530
493
985
612
430
979
800
478
852
337
871
826
642
737
947
457
876
519
162
0
593
733
817
803
221
516
335
154
906
497
181
569
414
522
960
441
958
121
865
920
581
288
667
538
569
894
201
571
122
376
801
347
906
371
150
367
353
129
508
205
505
668
222
270
813
301
226
394
813
545
170
653
336
621
305
359
441
422
240
657
332
665
414
620
127
419
899
391
259
136
666
490
591
800
647
618
938
119
906
309
318
287
543
633
947
349
579
818
513
286
532
583
591
931
553
331
172
747
248
593
0
605
752
889
787
733
342
314
586
520
139
430
689
391
586
413
924
484
376
930
282
742
985
607
176
563
389
348
225
985
872
413
929
581
772
631
278
525
216
581
817
102
528
299
639
484
846
476
393
451
930
109
646
225
131
484
453
300
717
378
360
113
380
541
425
114
615
334
520
696
190
727
268
640
799
288
233
862
898
239
891
827
969
124
716
805
492
220
737
140
972
325
575
759
109
138
842
738
189
733
605
0
795
348
745
430
549
982
672
926
226
180
318
252
367
891
227
662
617
103
230
653
846
161
387
300
877
565
697
593
158
303
787
477
157
321
862
921
565
894
873
419
450
470
239
308
603
863
115
938
932
667
727
126
854
764
805
591
406
676
204
652
120
835
285
998
340
655
130
974
754
468
732
658
411
958
395
126
432
958
808
871
977
472
905
211
858
401
218
704
248
824
386
633
887
192
826
678
788
817
752
795
0
864
461
458
562
235
610
775
749
212
226
935
603
766
987
972
533
905
312
122
719
495
426
237
235
184
577
386
388
648
987
538
708
189
558
777
890
882
290
427
447
632
521
398
774
334
905
772
200
259
933
963
560
674
120
302
228
610
690
438
640
502
769
149
853
962
841
616
196
706
201
141
843
269
841
699
866
508
842
809
916
735
479
957
514
392
985
448
400
748
282
292
162
655
610
200
380
803
889
348
864
0
900
368
771
182
292
583
390
495
623
687
710
799
781
682
533
188
214
636
974
446
942
885
344
384
676
539
748
187
946
788
342
880
773
552
730
446
269
866
837
628
675
247
435
263
765
962
596
844
194
267
922
795
895
222
892
355
989
914
141
609
890
246
109
678
960
997
507
505
460
517
702
662
734
437
846
647
335
719
462
777
121
423
869
301
383
421
137
481
108
882
355
561
216
352
156
221
787
745
461
900
0
545
880
298
898
183
116
719
286
178
775
788
319
932
649
113
902
455
818
561
273
930
736
561
541
323
314
821
502
853
408
219
453
310
245
211
309
629
130
203
751
147
975
884
884
132
243
381
298
976
831
160
131
647
402
130
625
808
575
353
392
203
921
182
422
789
597
347
788
865
577
105
213
957
687
196
283
744
698
459
786
710
186
157
948
597
102
627
352
288
919
497
186
819
496
516
733
430
458
368
545
0
736
265
630
646
699
318
619
295
973
393
928
925
865
911
528
693
547
651
529
687
893
129
225
783
513
666
500
461
816
534
1000
318
260
307
864
899
513
970
180
312
277
187
760
848
979
903
388
999
164
201
467
984
456
632
390
545
568
188
388
371
795
394
220
564
283
675
630
172
715
442
848
715
954
143
191
327
602
538
756
697
484
848
531
667
794
270
945
715
232
808
803
443
413
335
342
549
562
771
880
736
0
862
264
581
676
836
977
761
452
564
314
936
797
438
884
907
207
707
172
436
977
357
646
850
328
875
613
362
689
603
953
358
149
385
136
236
684
397
254
435
146
578
499
290
482
745
589
968
625
990
576
194
270
729
423
784
412
557
647
567
374
961
118
847
728
207
571
892
205
294
756
602
709
303
693
303
805
283
134
609
332
436
410
981
152
432
925
809
579
188
118
256
300
154
314
982
235
182
298
265
862
0
161
288
597
314
388
871
343
845
800
173
985
750
458
831
474
666
233
460
254
114
449
1000
770
878
289
566
770
521
676
800
416
672
377
987
758
766
783
994
583
708
183
678
503
606
181
489
297
929
524
618
490
486
319
134
123
981
650
734
898
300
637
631
122
148
334
247
705
924
968
816
164
720
689
873
211
946
388
882
963
915
929
223
340
751
994
401
718
585
994
874
290
906
586
672
610
292
898
630
264
161
0
363
744
389
934
777
857
614
449
799
681
463
143
964
456
899
936
351
919
474
407
843
464
822
657
686
549
894
996
848
122
484
993
780
321
862
609
164
927
340
359
973
195
628
421
354
611
103
504
589
530
293
864
166
335
409
778
111
342
682
344
707
498
423
619
842
135
746
853
740
240
158
558
996
407
942
436
634
708
523
715
460
473
957
192
936
610
457
537
415
849
497
520
926
775
583
183
646
581
288
363
0
921
994
816
990
523
503
780
299
530
322
499
249
313
713
710
844
383
696
992
898
106
750
468
719
875
460
732
243
629
596
303
389
512
249
136
562
161
182
264
259
894
381
937
400
223
779
173
797
396
511
942
338
341
725
819
987
874
827
213
945
157
528
272
112
493
665
449
622
253
446
722
768
323
815
329
598
233
823
102
714
116
872
591
601
828
860
707
636
151
181
139
226
749
390
116
699
676
597
744
921
0
521
860
580
555
773
223
547
502
992
557
986
633
754
180
476
612
269
996
677
237
857
903
422
110
257
548
780
610
365
468
670
408
604
498
531
929
809
751
926
723
682
916
435
390
144
916
669
725
666
904
652
744
420
546
403
776
180
711
141
371
939
150
343
816
107
767
886
215
639
368
628
802
692
464
292
737
134
158
847
148
306
261
896
400
208
235
807
284
569
430
180
212
495
719
318
836
314
389
994
521
0
260
695
628
649
272
525
355
270
337
335
319
556
897
591
376
175
412
886
126
731
159
736
609
640
117
148
677
461
125
145
649
543
480
588
148
506
365
592
896
971
729
487
126
522
854
334
586
882
714
859
682
344
189
856
962
411
770
898
413
423
335
309
983
899
950
414
343
789
845
561
188
704
870
771
805
813
633
264
346
500
119
649
819
615
639
392
817
414
689
318
226
623
286
619
977
388
934
816
860
260
0
874
724
321
191
776
129
636
758
988
405
874
797
439
568
123
641
746
591
358
448
898
513
905
518
293
480
249
638
294
983
455
672
423
183
375
685
344
244
142
970
339
204
728
725
662
790
669
385
814
813
195
628
939
475
911
686
762
609
285
764
635
620
220
654
753
541
205
462
381
699
708
210
719
857
320
283
876
238
283
658
720
293
973
969
414
995
522
391
252
935
687
178
295
761
871
777
990
580
695
874
0
646
659
756
544
427
434
973
476
880
978
586
161
124
141
617
596
748
115
925
513
907
776
486
238
555
558
984
986
946
136
265
719
798
891
669
398
846
952
389
124
792
831
925
675
994
234
119
492
705
827
268
867
368
500
394
700
404
452
724
733
616
377
149
573
692
938
223
472
704
851
939
126
244
787
523
630
329
712
689
910
416
556
606
282
626
960
586
367
603
710
775
973
452
343
857
523
555
628
724
646
0
748
937
495
686
817
653
771
253
514
741
902
770
238
742
614
395
713
229
755
552
258
376
493
309
400
884
965
707
264
532
973
342
542
175
526
765
747
620
884
238
108
976
463
278
518
942
626
227
210
576
120
592
245
178
306
617
395
354
561
957
136
466
282
252
490
629
890
986
695
741
627
297
137
645
780
171
394
564
672
566
802
585
269
794
441
413
891
766
799
788
393
564
845
614
503
773
649
321
659
748
0
197
998
505
197
477
775
684
136
228
460
425
136
611
815
583
852
660
229
783
119
763
711
762
489
318
210
156
447
484
855
831
431
298
779
621
462
966
296
927
244
952
779
777
691
293
676
224
443
931
922
906
945
205
824
691
969
461
106
283
155
889
775
834
685
832
113
693
728
846
930
241
274
953
981
767
195
519
730
856
872
628
401
826
958
924
227
987
781
319
928
314
800
449
780
223
272
191
756
937
197
0
425
144
169
325
457
657
433
195
354
152
840
236
210
737
187
296
407
916
418
214
475
912
986
311
154
258
136
822
117
293
313
397
279
746
617
317
739
165
802
373
316
462
290
429
745
464
665
484
876
747
723
107
244
235
970
744
529
928
602
897
563
331
373
996
877
807
283
215
376
229
408
992
262
976
671
430
270
811
917
815
387
277
121
484
662
972
682
932
925
936
173
799
299
547
525
776
544
495
998
425
0
795
737
400
751
911
929
400
373
757
494
214
808
792
663
156
884
192
432
414
956
422
997
116
189
202
593
188
296
159
967
506
629
236
877
721
389
265
710
189
247
651
688
138
437
577
198
733
908
431
168
871
220
129
882
138
190
821
190
274
937
279
149
241
992
428
819
961
217
435
477
509
452
923
645
155
254
132
586
685
536
326
865
376
617
533
533
649
865
797
985
681
530
502
355
129
427
686
505
144
795
0
549
329
646
528
857
482
520
947
114
706
631
241
432
715
109
430
419
820
586
361
186
369
624
799
376
603
605
794
880
331
155
167
687
128
225
345
563
955
617
200
279
553
202
376
349
713
413
557
803
453
439
369
489
386
629
631
600
491
975
387
172
339
447
626
519
387
813
384
347
905
423
586
409
702
179
448
546
967
955
944
920
930
103
905
188
113
911
438
750
463
322
992
270
636
434
817
197
169
737
549
0
849
479
974
976
228
999
946
378
362
118
202
585
501
218
643
518
179
436
808
913
983
424
906
366
950
388
267
220
816
509
928
940
890
134
467
448
547
791
513
611
142
637
591
768
557
142
645
173
155
448
106
371
645
928
844
242
952
852
454
457
532
867
983
474
968
373
661
628
994
116
275
143
607
715
675
193
796
960
366
581
282
230
312
214
902
528
884
458
143
499
557
337
758
973
653
477
325
400
329
849
0
717
957
280
997
516
741
888
638
650
831
880
927
613
784
168
781
656
973
132
831
625
248
881
484
810
914
516
370
721
176
336
675
853
760
645
771
763
123
650
316
747
205
897
755
676
750
347
678
337
438
131
875
311
158
335
289
852
239
271
922
690
265
528
508
191
728
559
177
975
167
638
857
633
617
232
995
815
233
288
742
653
122
636
455
693
907
831
964
249
986
335
988
476
771
775
457
751
646
479
717
0
388
484
735
180
244
864
404
335
461
273
925
146
579
857
818
621
497
759
489
537
932
312
324
367
985
570
859
121
491
479
828
144
683
927
922
927
490
340
236
670
456
142
794
571
139
238
959
499
361
690
434
908
167
974
955
619
406
722
621
121
103
811
698
465
489
762
856
156
259
606
866
468
851
992
682
340
827
667
985
846
719
974
818
547
207
474
456
313
633
319
405
880
253
684
657
911
528
974
957
388
0
313
958
794
720
233
508
518
668
202
431
990
320
629
650
965
682
340
940
183
829
917
142
220
343
592
407
801
424
417
872
643
287
639
825
251
378
708
270
652
898
334
210
299
977
968
279
108
260
495
424
317
553
473
335
630
618
746
649
279
178
806
272
208
103
303
485
104
338
395
702
180
488
912
509
228
795
538
607
161
495
446
561
651
707
666
899
713
754
556
874
978
514
136
433
929
857
976
280
484
313
0
964
967
750
491
525
394
339
932
851
390
217
612
853
684
954
901
357
104
621
744
783
495
365
778
907
813
285
518
870
168
323
900
320
208
938
588
539
826
688
676
916
825
160
366
810
205
852
323
796
456
460
527
542
981
138
812
210
216
919
455
572
188
551
805
399
954
989
238
583
590
640
1000
956
936
219
569
176
387
426
942
273
529
172
233
936
710
180
897
797
586
741
228
195
400
482
228
997
735
958
964
0
185
917
477
575
596
935
984
867
752
334
222
633
219
297
164
601
185
247
306
253
300
427
949
406
974
629
913
570
937
834
548
301
784
488
710
236
427
183
792
225
816
463
524
885
206
963
432
589
628
147
177
684
177
709
635
264
156
880
237
546
825
586
904
666
470
463
830
198
200
544
667
731
855
493
894
563
300
237
885
930
687
436
460
351
844
476
591
439
161
902
460
354
373
520
999
516
180
794
967
185
0
164
486
665
156
796
717
675
346
362
582
826
517
497
331
694
425
491
459
382
769
473
391
393
364
443
631
783
878
497
266
687
572
761
844
803
735
950
589
478
681
630
287
825
611
977
272
124
637
540
924
845
645
282
339
880
435
909
766
612
658
966
318
937
650
336
922
170
281
146
702
121
545
505
201
389
877
235
344
736
893
977
254
919
383
612
376
568
124
770
425
152
757
947
946
741
244
720
750
917
164
0
593
307
108
191
498
820
167
811
888
129
337
234
150
921
957
291
851
178
559
138
135
799
763
254
505
134
750
435
601
573
349
671
642
467
520
528
830
189
421
182
980
654
713
879
550
829
536
335
798
550
342
778
534
827
723
838
401
879
339
311
763
916
283
603
295
260
570
361
220
174
126
429
571
348
565
184
384
561
129
357
114
474
696
269
175
123
141
238
136
840
494
114
378
888
864
233
491
477
486
593
0
410
567
659
505
187
604
945
574
976
751
222
187
544
492
157
841
376
391
827
156
781
123
661
925
422
716
205
912
432
908
337
326
123
667
388
256
433
563
149
654
477
807
511
130
943
433
837
326
637
342
374
783
275
997
902
299
201
480
361
930
622
130
404
851
362
127
736
929
354
497
121
122
225
697
577
676
541
225
646
449
407
992
996
412
641
617
742
611
236
214
706
362
638
404
508
525
575
665
307
410
0
183
599
688
250
602
490
219
107
947
536
145
424
610
332
267
114
674
143
453
653
313
656
940
877
729
800
626
762
658
834
658
802
496
447
382
530
566
158
531
640
758
683
135
811
688
935
404
184
578
690
448
991
335
751
434
746
341
606
156
256
654
574
858
110
721
385
920
684
774
541
376
985
593
386
539
323
783
850
1000
843
898
677
886
746
596
614
815
210
808
631
118
650
335
518
394
596
156
108
567
183
0
641
983
727
950
218
621
607
254
642
568
558
883
617
694
917
339
317
960
805
187
470
370
979
109
409
455
817
642
592
633
539
768
630
199
663
344
224
667
798
412
549
523
735
805
800
717
123
978
907
395
591
126
335
348
274
777
603
144
288
866
672
104
212
216
206
923
863
633
407
801
872
158
388
748
314
513
328
770
464
106
237
126
591
748
395
583
737
792
241
202
831
461
668
339
935
796
191
659
599
641
0
563
192
218
351
539
117
996
108
795
216
637
429
788
848
126
905
128
514
213
654
767
730
688
222
572
607
868
894
761
782
969
316
965
279
141
299
460
608
488
522
666
622
940
294
916
487
704
709
478
489
173
767
408
263
1000
794
771
412
652
629
927
151
844
176
137
380
179
374
347
413
303
648
187
821
666
875
878
822
750
857
731
358
115
713
852
187
663
432
585
880
273
202
932
984
717
498
505
688
983
563
0
183
834
229
540
773
153
716
283
237
675
459
892
496
833
389
423
885
375
956
892
228
981
877
795
1000
949
967
511
557
371
763
380
186
352
687
343
624
166
148
287
412
176
731
684
708
989
560
307
967
795
435
647
277
799
852
673
975
136
861
896
404
814
972
342
312
256
520
906
929
787
987
946
502
500
613
289
657
468
903
159
448
925
229
660
296
156
715
501
927
925
431
851
867
675
820
187
250
727
192
183
0
270
181
416
963
250
463
117
141
674
822
479
230
485
647
927
493
590
542
403
943
595
273
583
599
249
793
606
739
351
751
496
311
622
422
841
232
457
318
567
162
862
671
600
533
118
848
226
533
886
937
664
581
921
321
921
655
228
550
277
205
931
148
262
853
626
801
371
581
477
538
788
853
461
362
566
686
719
422
736
898
513
755
229
407
884
109
218
613
146
990
390
752
346
167
604
602
950
218
834
270
0
309
235
925
301
974
553
892
229
841
859
278
651
901
198
592
242
780
356
763
501
460
625
145
190
262
265
109
865
826
655
953
848
339
372
686
391
167
502
430
808
285
273
661
922
293
855
927
948
179
627
661
365
276
943
197
154
389
196
731
251
121
658
755
321
746
150
772
157
708
342
408
816
689
770
549
875
110
609
513
907
552
783
916
192
430
643
784
579
320
217
334
362
811
945
490
218
351
229
181
309
0
162
901
715
458
704
903
458
863
193
717
779
727
212
218
756
223
744
441
805
883
336
725
942
988
694
765
228
614
719
392
697
956
317
477
648
622
392
684
486
810
718
968
900
218
375
926
880
537
982
372
141
996
332
328
128
701
298
944
896
215
710
880
664
179
367
631
321
189
880
219
534
603
521
894
460
257
640
905
776
258
119
418
432
419
518
168
857
629
612
222
582
888
574
219
621
539
540
416
235
162
0
773
970
930
830
821
855
473
770
430
486
617
592
552
557
761
819
456
947
972
863
722
222
996
809
541
303
888
116
384
900
955
198
685
583
415
656
506
261
457
346
259
536
938
627
359
722
796
917
531
288
769
532
820
574
102
876
686
150
979
545
703
588
337
353
278
862
558
773
453
1000
953
676
996
732
548
117
518
486
376
763
214
414
820
179
781
818
650
853
633
826
129
976
107
607
117
773
963
925
901
773
0
635
947
114
359
997
422
194
433
974
633
385
193
895
470
353
307
673
633
367
574
108
125
607
634
150
992
832
755
791
788
582
676
889
434
452
337
890
331
802
824
625
396
329
150
499
712
212
718
525
875
190
168
696
844
893
482
158
797
989
288
457
267
129
525
921
777
552
310
318
358
800
848
243
780
148
293
238
493
711
475
956
586
436
656
621
965
684
219
517
337
751
947
254
996
153
250
301
715
970
635
0
568
221
685
179
412
916
820
865
581
322
924
104
585
948
602
195
212
881
733
768
469
360
880
275
333
526
554
326
697
276
697
231
180
363
386
943
575
462
369
508
268
754
717
521
138
574
295
941
782
730
699
153
807
997
814
389
784
727
425
996
288
508
216
565
890
730
245
260
149
416
122
629
610
677
480
555
309
762
912
422
361
808
973
497
682
954
297
497
234
222
536
642
108
716
463
974
458
930
947
568
0
923
505
603
116
363
118
361
375
391
439
193
498
674
648
603
390
781
243
165
226
666
443
388
564
518
227
567
967
747
466
157
695
832
722
382
950
831
719
240
497
116
497
259
243
528
198
828
260
133
556
402
815
369
535
189
911
532
864
822
995
205
581
894
882
446
211
307
385
672
484
596
365
461
249
558
400
489
986
997
186
913
132
759
340
901
164
331
150
187
145
568
795
283
117
553
704
830
114
221
923
0
205
877
285
400
378
704
141
467
637
290
224
311
775
416
140
680
910
281
771
762
533
894
994
163
735
430
645
837
322
522
762
111
430
742
498
463
120
633
109
378
871
136
161
592
816
819
815
173
172
718
831
306
687
504
124
507
637
660
293
505
817
873
290
269
309
864
136
377
993
303
468
125
638
984
884
318
311
116
369
983
831
489
940
357
601
694
921
544
424
558
216
237
141
892
903
821
359
685
505
205
0
351
891
274
294
424
648
408
823
302
500
838
290
976
675
658
972
239
570
488
557
775
642
462
872
410
658
359
840
943
456
970
356
692
218
370
315
880
888
688
886
684
370
167
799
416
841
1000
997
428
293
629
412
214
306
409
883
885
167
668
102
419
427
866
629
899
236
987
780
389
670
145
294
986
965
210
154
189
624
424
625
537
183
104
185
425
957
492
610
883
637
675
674
229
458
855
997
179
603
877
351
0
379
141
938
147
887
976
165
667
571
500
588
401
390
572
712
294
340
678
637
268
121
417
260
708
323
316
884
460
386
331
196
916
221
732
835
809
605
604
987
883
257
964
940
259
868
594
917
345
169
753
555
364
326
908
505
327
445
222
528
450
447
837
130
513
684
758
321
512
408
649
983
946
707
156
258
202
799
906
248
932
829
621
247
491
291
157
332
617
429
459
822
841
863
473
422
412
116
285
891
379
0
507
704
476
268
767
422
680
412
221
350
526
280
435
637
109
269
931
521
357
967
126
266
587
218
155
499
125
142
695
392
476
373
992
852
271
561
627
812
701
169
214
657
563
458
184
833
483
118
308
739
278
993
960
197
234
587
270
299
470
632
628
203
970
397
766
862
249
604
543
455
136
264
447
136
593
376
366
881
312
917
744
306
459
851
841
267
694
788
892
479
859
193
770
194
916
363
400
274
141
507
0
801
483
800
576
991
909
490
509
218
436
731
896
930
857
277
149
818
510
742
426
724
841
696
345
498
192
942
518
901
446
989
937
342
429
245
841
564
858
440
533
750
677
225
788
897
422
402
870
813
228
732
767
954
373
405
813
639
239
521
675
751
180
254
783
609
136
498
480
672
265
532
484
822
188
603
950
484
324
142
783
253
382
178
376
114
917
848
496
230
278
717
430
433
820
118
378
294
938
704
801
0
337
998
606
226
689
613
595
216
614
140
955
936
775
154
432
193
337
919
548
272
150
812
626
267
510
820
324
929
753
977
222
350
223
878
922
220
169
759
418
469
135
736
372
497
201
446
452
362
494
135
834
397
668
886
301
484
308
398
247
147
312
435
994
164
562
531
588
423
719
973
855
117
296
605
388
810
367
220
495
300
769
559
391
674
339
126
833
485
651
779
486
974
865
361
704
424
147
476
483
337
0
485
298
974
957
582
178
310
303
644
988
717
975
941
326
809
421
236
196
288
837
638
938
929
580
229
433
418
592
824
237
469
966
974
777
611
130
306
888
959
475
559
885
818
126
972
993
492
444
550
476
863
185
748
226
846
603
774
435
975
277
146
583
927
161
929
148
183
798
342
831
293
159
794
267
914
985
343
365
427
473
138
827
143
317
905
389
647
901
727
617
633
581
375
141
648
887
268
800
998
485
0
