0
0
296
0
0
0
0
908
0
0
0
0
0
0
0
478
0
0
629
0
0
0
57
0
0
564
0
0
0
0
0
0
0
0
665
0
187
0
0
0
0
0
0
0
0
705
0
0
0
0
98
94
0
0
0
85
750
0
0
0
0
0
0
954
0
0
0
0
0
0
0
0
640
0
0
610
0
0
788
0
0
0
0
0
0
517
0
0
0
0
0
0
0
0
0
0
0
0
0
0
0
0
0
0
0
0
0
0
0
858
0
0
924
227
0
0
0
0
341
97
0
0
0
244
0
0
0
863
0
0
872
351
0
0
0
0
612
800
0
0
0
0
0
0
0
0
433
0
0
0
0
218
0
645
0
0
862
0
0
0
62
778
0
0
0
0
0
0
0
0
0
0
0
0
272
0
0
0
0
0
667
0
0
0
0
0
0
0
711
0
0
0
0
0
466
0
0
0
251
0
296
0
0
0
0
0
604
0
0
0
0
0
0
0
0
0
390
0
836
0
0
882
487
0
324
0
0
0
0
0
0
0
0
0
0
984
0
0
0
390
0
729
0
0
0
0
0
0
0
0
0
0
0
896
652
0
0
0
0
0
0
0
0
0
0
0
867
779
0
0
0
0
0
0
0
707
0
0
0
0
0
813
0
0
0
0
0
0
0
0
0
0
0
820
0
0
0
0
0
942
0
0
0
0
0
0
639
0
0
131
455
0
0
39
0
0
0
0
0
0
0
0
0
96
0
0
0
0
0
0
0
0
0
0
0
278
0
0
189
0
0
0
0
0
0
814
317
165
0
0
0
0
427
134
0
0
0
132
0
0
0
998
0
0
687
0
687
0
0
0
0
0
0
0
0
190
0
0
29
0
0
0
0
0
0
0
0
0
852
0
0
0
0
0
0
0
0
0
0
330
0
0
0
0
0
0
0
0
749
0
0
0
503
0
42
0
557
80
624
0
0
0
0
0
0
0
684
0
0
0
0
0
0
0
0
0
0
0
0
14
0
0
365
557
0
0
0
0
495
0
0
0
326
0
0
0
0
0
0
682
0
489
0
0
0
0
0
0
0
0
0
0
0
257
0
0
0
623
0
0
0
930
0
0
0
0
0
972
0
0
0
0
0
0
0
924
110
0
0
0
0
0
0
0
0
0
0
0
0
0
0
0
0
0
245
0
0
0
610
0
444
0
259
494
344
0
576
703
0
519
0
0
0
920
0
476
385
0
0
0
0
0
950
0
536
908
0
936
0
838
0
0
440
0
0
0
562
0
0
0
0
0
0
0
599
0
367
0
0
0
661
0
0
976
0
0
0
0
0
0
951
0
0
0
0
0
0
0
488
0
0
0
0
0
0
0
0
0
0
0
0
0
604
639
0
0
0
0
0
618
0
0
0
485
0
0
0
0
0
643
0
0
863
0
0
0
0
0
0
0
319
628
0
0
0
828
381
229
0
938
224
0
0
0
0
897
885
0
0
0
0
0
0
0
0
0
0
0
0
0
0
0
0
0
0
165
0
0
0
0
0
0
0
495
0
0
0
0
0
0
199
0
0
0
129
0
0
0
0
3
405
0
688
0
0
0
134
0
0
0
908
0
0
0
0
0
0
0
0
145
0
0
0
0
0
0
0
0
0
0
0
0
0
330
581
672
948
0
0
0
305
614
0
711
616
0
676
0
0
0
847
0
0
207
0
711
0
0
0
0
0
0
0
0
0
0
0
36
0
426
0
0
0
468
493
260
0
0
826
0
245
0
71
0
0
0
0
0
0
0
0
0
972
0
0
231
0
0
885
0
0
0
0
126
0
0
0
303
521
0
0
0
0
0
749
0
0
0
0
0
0
0
0
0
0
0
0
989
0
509
0
552
760
0
0
0
0
0
0
0
700
0
0
0
0
0
0
0
0
0
0
0
0
0
0
0
0
0
0
0
0
0
0
0
814
0
0
0
0
0
0
0
0
490
0
0
0
0
0
0
0
0
0
0
0
102
0
0
0
489
0
336
0
0
0
0
0
0
0
0
0
0
0
0
0
0
423
0
0
0
0
858
0
131
0
0
618
145
0
0
0
0
0
0
0
157
106
853
311
0
0
0
0
0
0
202
802
903
0
0
0
0
256
0
296
0
0
221
0
332
0
0
0
850
0
0
0
0
0
0
0
0
0
0
0
0
0
0
0
65
0
0
0
0
0
0
0
0
0
309
0
0
362
0
810
0
45
0
904
0
0
0
0
0
602
0
0
0
0
0
795
0
0
0
0
418
0
0
0
0
0
0
0
455
0
0
0
0
0
0
0
65
0
0
0
0
0
0
0
0
0
0
0
360
127
0
0
0
0
0
0
0
787
0
0
0
0
730
0
0
0
0
0
0
0
0
0
0
335
0
0
0
968
357
0
0
0
0
0
0
0
0
0
0
0
0
0
0
0
0
0
0
0
0
0
0
0
0
0
674
0
0
695
0
0
0
0
383
0
0
0
0
532
0
0
0
0
685
0
0
0
0
0
0
0
0
0
0
0
0
65
0
0
546
0
0
452
0
0
0
0
0
0
0
0
0
0
989
0
0
667
0
752
809
123
0
0
0
0
0
0
0
388
0
0
0
0
0
0
0
0
601
0
0
0
0
0
0
0
0
0
0
812
896
0
0
0
0
0
0
0
0
0
483
0
0
0
379
551
0
0
0
0
0
0
947
0
0
951
0
0
0
0
332
0
0
0
0
0
0
0
924
0
0
503
0
0
0
0
0
0
0
0
0
0
0
0
0
134
0
0
0
0
0
574
0
0
0
0
0
0
0
0
0
0
0
213
0
0
0
278
0
419
0
0
0
685
0
0
0
700
0
0
0
0
0
0
0
830
0
0
0
939
0
0
0
0
0
0
332
0
0
0
0
0
0
97
0
0
0
0
309
0
0
0
0
0
0
0
0
349
0
0
0
0
0
111
0
0
0
0
227
0
39
0
0
485
0
0
0
0
546
0
0
0
0
0
0
0
0
0
0
0
0
0
148
0
0
0
0
48
0
0
0
0
0
0
0
73
829
0
0
0
0
396
0
0
301
0
0
0
0
0
379
525
0
0
826
0
724
0
0
712
0
0
0
0
0
0
0
206
0
0
0
0
0
438
0
220
0
0
0
0
0
23
847
985
0
0
0
0
0
477
0
0
0
0
831
0
0
0
0
0
0
42
245
0
0
0
0
0
0
0
0
0
0
0
0
0
281
0
0
0
730
101
0
0
0
0
0
0
0
629
0
0
441
0
0
0
0
0
309
0
0
808
0
0
812
0
0
0
0
0
0
0
0
0
876
0
0
0
0
0
0
0
311
0
0
0
0
0
0
210
0
0
0
0
0
0
0
0
0
0
213
0
0
0
0
0
0
919
0
0
0
0
0
0
0
0
0
478
0
0
0
0
0
0
0
0
157
0
0
0
0
0
0
0
0
119
0
0
0
0
0
0
0
0
0
0
0
0
0
0
0
0
0
0
270
577
0
0
0
422
0
0
0
577
0
0
0
0
0
0
0
0
0
0
0
0
0
0
0
0
362
0
0
0
128
0
504
0
879
0
0
0
0
0
0
0
0
0
0
0
0
0
0
0
0
0
0
832
0
0
0
0
0
0
0
0
0
0
0
390
0
557
0
0
0
0
106
0
452
0
0
0
0
0
0
0
0
0
0
191
74
0
0
0
0
412
0
0
0
0
0
0
0
0
0
0
0
0
0
0
0
50
0
0
0
0
0
0
0
0
0
0
215
0
0
0
0
0
79
0
0
0
845
0
0
0
0
637
0
0
0
0
0
0
0
0
0
903
0
97
0
0
0
0
0
0
0
0
0
0
65
0
0
0
0
0
0
0
0
0
0
80
0
0
0
989
853
0
0
0
0
0
0
0
0
0
0
0
0
777
0
0
0
0
0
971
0
0
0
0
0
0
0
0
644
589
0
0
688
731
292
428
0
0
0
0
0
0
0
0
0
0
279
0
0
222
0
0
0
0
0
31
0
0
0
206
0
0
0
0
577
0
0
0
0
0
0
0
0
422
0
0
0
0
0
0
0
658
0
0
0
805
0
0
0
0
0
629
341
836
0
624
610
0
0
0
311
0
0
134
0
0
119
0
0
0
443
0
0
0
0
0
0
0
0
0
0
0
0
0
0
0
0
501
0
0
0
0
0
0
0
38
0
0
0
0
0
962
0
856
419
0
0
0
58
0
0
0
0
0
0
0
0
0
0
0
768
0
0
0
0
0
395
0
0
0
0
0
0
0
0
0
0
0
0
0
0
0
0
0
0
0
148
0
0
833
0
0
97
0
0
0
0
643
0
509
0
0
0
0
0
281
0
0
0
443
0
0
0
252
219
0
0
0
0
0
632
0
0
0
0
0
0
0
0
0
0
0
0
980
0
0
0
0
0
242
0
37
0
0
0
503
0
0
0
0
0
0
0
0
0
0
0
0
0
708
0
0
0
0
0
0
0
0
0
302
0
0
0
0
316
0
0
0
0
0
0
0
0
724
0
0
0
0
0
0
117
0
0
0
0
0
444
0
0
0
0
0
0
0
0
0
0
0
0
0
0
0
0
0
0
0
0
0
0
0
0
659
0
0
0
0
0
0
0
0
0
2
0
512
458
0
0
0
0
0
0
836
0
473
0
0
0
409
0
0
892
0
0
0
0
0
0
0
0
0
0
0
0
0
915
0
0
379
0
0
0
15
0
0
31
0
0
0
0
0
0
916
0
0
0
0
352
473
0
0
0
0
0
882
0
0
0
0
0
552
0
0
0
0
0
0
0
0
0
0
0
0
0
0
71
0
0
0
0
741
0
0
0
0
0
0
0
174
0
0
0
0
0
0
0
0
0
0
200
457
0
0
938
673
748
579
0
0
0
0
0
0
0
0
732
0
0
0
0
0
0
0
0
0
0
0
0
559
349
0
0
0
0
0
0
0
396
0
103
0
0
0
291
0
0
0
0
0
0
88
0
57
0
487
0
0
259
863
0
760
0
0
0
0
0
0
0
191
777
0
252
0
0
0
0
0
0
0
0
0
0
0
0
0
0
0
0
326
0
780
0
0
0
0
0
0
0
0
74
0
0
0
0
0
0
0
0
0
0
0
0
0
0
990
0
0
0
262
0
844
0
0
818
0
0
0
0
0
0
0
0
0
0
0
309
70
0
0
0
0
0
0
0
0
0
0
574
0
0
0
0
0
244
0
96
0
494
0
330
0
0
360
0
0
0
730
0
74
0
0
219
0
71
0
0
0
0
909
0
0
784
0
0
0
0
0
0
0
0
753
0
0
850
0
580
404
0
0
0
0
0
0
0
0
248
0
0
0
0
0
0
0
144
0
0
0
0
0
682
0
0
0
0
0
0
0
0
0
0
0
0
49
0
0
0
448
0
0
0
0
0
0
0
0
0
0
0
0
0
0
0
0
0
324
0
0
344
0
581
0
0
127
0
574
0
101
0
0
0
0
0
0
0
0
0
0
0
0
0
0
0
0
0
0
0
0
0
0
521
0
0
0
0
0
530
0
0
0
0
563
0
751
0
0
0
893
0
0
0
0
0
0
0
0
0
0
718
523
0
0
0
0
0
141
0
0
0
0
0
0
0
0
925
650
0
0
555
0
0
0
295
0
175
0
0
447
4
318
104
864
718
564
0
0
0
0
0
0
672
0
202
0
0
0
148
0
0
0
0
0
0
0
0
0
0
0
0
0
0
0
0
0
0
0
0
0
0
560
0
0
0
0
0
0
382
0
0
528
0
0
930
0
0
848
0
0
0
796
995
0
0
0
293
0
189
0
0
0
0
0
0
914
0
0
0
0
0
0
0
943
259
0
0
0
0
0
0
0
0
994
0
0
938
897
0
0
0
114
0
0
0
0
0
0
0
684
576
0
948
0
802
0
0
0
0
0
0
0
0
0
0
0
0
0
909
0
0
0
0
0
0
0
516
0
0
0
573
778
0
0
147
0
0
795
0
0
165
0
0
0
0
0
0
922
0
0
0
0
0
0
965
0
0
0
0
0
0
245
0
0
0
0
0
0
0
0
0
0
0
0
0
0
970
0
0
578
0
0
0
0
0
0
0
0
0
174
0
975
0
0
0
0
863
0
0
0
703
0
0
0
903
0
989
0
0
0
0
0
0
0
0
0
0
0
0
0
0
0
0
0
0
0
856
0
0
0
953
0
0
0
0
0
737
497
0
0
659
0
684
0
0
827
0
0
0
968
0
50
487
0
0
580
0
803
0
0
150
191
0
0
0
0
0
396
0
0
0
0
0
0
398
0
0
456
0
0
0
0
0
0
737
406
0
0
0
0
0
0
0
0
0
0
0
0
0
0
0
0
0
0
0
0
0
0
0
0
0
412
971
0
0
0
741
0
0
0
0
0
0
0
0
0
656
0
408
0
0
0
0
0
118
0
0
0
0
0
0
0
0
0
0
0
0
0
447
685
0
251
0
0
624
0
0
0
0
0
263
0
661
0
0
0
0
0
0
736
0
0
0
197
0
0
0
0
0
437
0
0
0
0
0
0
0
0
0
0
0
0
0
0
0
0
0
0
0
0
519
0
0
0
0
0
0
0
0
0
0
0
0
0
632
0
0
0
784
0
0
0
0
0
0
0
0
0
85
0
0
0
0
0
0
495
0
0
0
295
0
0
0
0
0
0
0
428
0
0
0
0
970
453
0
0
0
0
0
0
0
0
0
0
0
0
0
0
0
825
0
0
0
0
0
0
0
0
0
0
0
0
0
0
534
0
40
0
0
0
938
0
0
0
0
0
872
0
0
0
0
319
305
700
0
0
667
0
48
0
0
0
0
0
0
659
0
0
0
0
0
0
0
0
0
0
0
0
174
0
0
0
779
0
0
0
0
0
101
0
0
0
0
0
0
0
0
0
0
0
266
0
779
0
0
0
0
813
699
0
0
0
0
0
0
597
471
235
0
0
930
317
0
0
106
402
0
782
0
0
0
0
0
683
0
0
0
0
0
0
0
0
0
349
0
0
351
0
0
0
0
628
614
0
0
0
0
0
0
0
0
0
0
0
0
0
0
0
0
0
0
516
856
656
0
0
0
0
0
0
0
0
444
0
565
0
960
0
562
969
539
0
0
0
617
950
423
0
0
682
137
722
0
0
0
0
0
0
0
0
0
0
0
0
0
358
32
0
759
0
0
0
0
796
0
0
0
626
0
0
452
0
324
0
0
0
0
40
0
21
0
0
0
0
0
0
0
0
0
0
0
0
0
0
256
787
752
0
0
629
0
0
0
0
0
0
0
0
0
0
0
0
0
0
0
0
0
0
0
0
0
860
0
0
0
0
0
0
197
0
598
87
0
0
0
0
0
0
0
0
0
0
0
0
0
0
0
749
0
674
0
982
0
0
0
0
652
519
0
902
0
0
0
36
0
0
0
0
347
0
0
0
788
0
0
0
0
948
0
0
0
940
396
0
0
0
0
0
0
0
920
0
711
0
0
0
809
0
0
0
0
0
0
0
0
0
0
0
0
0
0
0
0
408
85
174
0
0
0
945
242
0
594
0
0
0
854
356
0
0
0
0
0
0
0
0
282
0
0
0
0
0
0
0
775
0
992
0
0
0
218
0
0
0
333
0
0
0
0
0
0
0
0
0
0
596
0
0
0
0
0
0
42
0
0
0
0
0
0
133
0
0
0
0
0
665
0
0
0
0
0
0
616
0
296
0
123
0
0
0
0
0
0
0
0
0
0
0
0
0
0
0
0
0
0
0
0
0
945
0
0
0
0
0
0
0
0
0
0
835
604
16
0
0
0
0
0
612
0
0
0
0
0
0
0
0
0
0
304
0
0
0
44
0
0
0
258
0
0
0
0
0
517
0
0
891
980
0
0
0
0
0
0
0
0
0
90
221
0
0
0
0
555
0
0
0
0
984
278
0
476
828
0
0
0
0
0
0
0
441
0
0
0
0
0
0
0
0
0
0
0
573
953
0
0
0
0
0
242
0
0
0
0
0
0
0
0
0
487
0
0
0
888
0
0
428
772
0
0
0
0
0
0
0
0
975
0
0
0
0
0
0
0
0
0
0
258
355
0
0
0
0
0
884
0
0
0
0
231
0
0
0
0
689
0
0
0
0
0
0
798
134
0
0
0
187
612
0
0
0
385
381
676
0
0
0
0
213
0
0
0
0
0
501
0
0
174
326
0
0
560
778
0
0
0
0
0
860
0
0
0
0
0
0
0
0
0
342
922
0
0
0
0
0
0
0
0
730
0
0
0
0
992
185
0
0
0
0
0
0
0
0
0
0
0
0
0
0
0
0
368
363
0
0
0
0
0
0
0
301
0
0
0
0
592
0
903
0
34
0
0
0
0
0
0
0
800
0
0
0
0
229
0
0
221
730
0
0
0
0
270
0
644
0
0
0
0
0
0
521
0
0
0
0
0
779
444
0
594
0
0
0
0
0
0
0
0
0
0
817
0
0
0
0
0
0
907
0
0
356
0
0
0
0
0
0
0
0
0
98
14
0
0
0
0
539
0
0
0
0
0
0
0
794
982
0
0
0
0
0
0
0
0
0
0
0
0
0
0
0
0
873
0
0
921
0
0
0
189
0
0
0
0
0
0
0
0
0
73
0
577
0
589
0
0
0
0
780
753
0
0
0
0
0
0
0
0
0
0
0
0
0
0
0
0
0
790
337
484
98
0
0
440
0
0
0
0
0
0
0
0
0
0
321
0
0
590
0
0
0
0
0
0
0
0
0
0
0
0
0
191
0
0
225
0
64
0
0
0
0
296
0
0
0
0
675
0
0
0
118
0
548
0
0
0
0
0
390
0
14
0
938
0
0
332
0
0
0
829
0
0
0
0
0
0
0
0
0
0
0
0
147
0
118
0
0
565
0
0
0
0
0
0
0
0
0
548
0
0
373
0
132
0
0
0
0
0
0
0
0
482
0
451
0
0
0
0
0
0
0
0
0
0
468
0
369
0
96
0
0
0
0
0
0
0
0
173
0
0
0
0
0
0
192
0
0
0
0
0
0
0
0
321
0
0
0
0
0
0
0
0
224
847
0
0
0
0
278
0
0
0
0
0
0
0
2
0
0
0
0
0
0
0
0
495
0
0
0
0
0
0
0
0
0
0
0
0
353
826
884
788
546
0
0
0
0
0
670
0
0
0
0
0
0
792
0
0
0
0
517
731
0
368
0
0
269
0
0
682
755
0
0
0
106
0
0
0
0
0
0
366
0
0
0
559
0
0
0
0
0
0
0
0
0
0
0
0
729
0
0
0
0
0
0
0
0
0
0
0
309
0
0
688
0
0
0
0
0
850
0
0
0
737
0
0
0
960
0
854
0
0
0
0
790
548
0
0
0
0
0
0
0
0
0
0
0
216
0
0
0
0
0
0
680
0
0
0
0
976
821
0
0
542
0
256
0
0
0
0
0
0
0
0
0
623
0
0
0
938
0
321
0
0
0
0
0
0
0
0
0
0
0
507
0
0
0
0
0
0
365
950
0
0
0
0
0
388
419
0
0
422
0
731
0
980
512
0
0
0
0
0
795
497
0
0
0
0
0
356
0
0
342
0
337
0
353
0
0
0
0
0
0
0
0
0
0
0
0
0
0
0
0
0
0
0
0
250
0
0
0
0
0
71
0
340
0
0
0
0
595
0
0
0
0
0
0
0
514
0
354
0
0
83
371
0
0
0
0
0
0
0
0
0
0
0
0
0
0
0
557
0
0
207
0
850
0
0
0
0
0
0
0
292
0
0
458
0
0
580
530
382
0
0
0
0
101
562
197
0
0
487
922
0
484
0
826
0
0
0
679
0
0
0
386
0
0
0
0
0
0
0
0
964
0
0
0
516
0
0
404
0
0
0
0
0
609
0
0
0
0
0
0
0
0
0
0
0
0
0
0
0
276
868
668
0
0
0
0
588
0
0
0
0
0
0
0
0
0
0
0
536
0
0
0
0
0
0
0
396
808
0
50
428
38
0
0
0
0
404
0
0
0
0
0
295
0
969
0
0
835
0
0
817
98
373
884
0
0
679
0
0
0
0
0
0
400
0
252
0
0
0
725
0
0
0
0
0
0
771
751
0
0
0
0
282
0
0
0
292
0
468
91
0
773
0
0
0
0
0
0
0
0
597
0
218
0
0
0
0
464
0
0
599
681
0
705
0
0
814
0
908
897
711
0
0
0
0
0
0
0
0
0
0
0
0
0
0
0
0
0
0
165
659
0
0
0
539
598
0
604
0
0
0
0
0
788
0
0
0
0
0
0
0
0
0
0
0
339
618
0
737
0
0
212
0
797
0
0
0
0
0
0
0
0
0
0
0
0
0
0
0
0
0
0
933
0
0
0
607
0
323
0
0
0
0
0
5
0
0
0
0
0
0
0
0
0
433
0
317
0
0
885
0
0
0
0
0
685
0
0
577
0
0
0
0
0
0
0
0
0
528
0
0
0
0
0
0
87
0
16
0
0
0
0
132
546
0
0
0
0
0
0
0
702
0
0
0
0
565
717
0
0
0
0
562
0
0
0
0
0
0
827
0
0
0
310
0
780
0
0
0
0
0
0
0
0
0
695
0
695
0
0
547
824
0
0
0
0
0
0
0
0
0
0
0
0
0
0
165
0
936
0
0
0
0
0
0
0
301
812
0
0
0
0
0
0
200
74
0
0
0
0
684
0
0
0
0
0
0
0
888
0
0
440
0
0
0
0
0
0
0
0
0
334
0
0
0
0
417
0
60
69
0
0
0
0
0
0
0
0
0
0
0
0
93
0
0
0
0
0
0
0
290
0
0
0
0
0
0
0
0
0
0
0
0
0
879
0
0
0
0
0
0
0
0
0
0
0
0
495
0
0
0
0
0
335
0
0
0
0
0
0
0
0
242
0
457
0
0
563
0
0
0
0
0
0
0
0
0
0
0
0
0
0
0
0
0
0
386
0
0
702
334
0
0
439
0
0
0
0
0
0
0
0
0
0
0
530
0
0
191
171
0
0
545
0
0
0
0
0
0
0
925
0
0
0
0
0
0
233
0
321
0
0
0
0
756
0
0
0
0
908
0
0
606
0
0
0
0
0
838
0
0
0
0
0
0
0
0
0
0
0
0
0
0
0
0
0
0
0
930
0
0
0
0
0
617
0
0
0
0
0
0
0
0
0
0
0
0
0
0
0
0
0
0
0
858
0
0
87
0
0
436
0
0
0
0
0
0
0
0
294
0
0
0
0
0
0
0
0
0
432
451
0
0
0
0
0
0
0
0
0
0
0
0
0
0
0
0
389
0
0
0
0
395
98
0
0
0
0
0
0
0
0
0
0
0
700
0
0
0
0
0
962
37
836
0
0
0
751
0
0
827
0
0
0
950
0
0
0
428
0
0
0
0
0
0
0
0
400
0
0
0
439
0
0
0
0
0
762
0
0
0
0
622
296
0
0
0
0
0
0
0
0
0
0
0
141
739
0
0
0
63
0
0
0
0
512
0
0
775
0
0
0
0
506
892
130
352
0
0
652
0
668
0
94
218
0
0
0
0
0
0
0
0
0
601
0
0
0
0
0
0
0
0
0
938
0
0
0
0
0
0
0
0
0
423
0
282
0
772
0
907
0
0
0
216
0
0
0
0
0
0
0
858
0
0
0
0
698
0
0
490
0
0
339
0
0
0
0
0
0
0
0
0
909
157
0
0
0
0
0
0
0
0
0
600
919
0
0
106
0
0
0
0
0
0
0
478
0
0
0
0
0
0
0
0
0
427
326
440
0
0
0
0
968
0
0
0
0
0
0
0
856
0
473
673
0
0
0
848
922
0
0
428
0
0
0
0
612
0
730
0
0
0
670
0
0
0
252
339
0
0
0
0
0
0
0
230
0
0
0
0
659
0
0
47
0
0
0
626
0
0
0
41
121
0
0
0
0
0
0
0
0
0
0
0
0
0
0
0
967
0
0
0
0
47
0
0
0
0
0
0
0
0
0
645
896
134
0
0
0
0
0
0
357
0
0
379
0
0
0
0
419
0
0
748
0
248
0
0
0
0
447
0
0
0
0
0
0
0
0
0
0
0
0
0
0
0
0
618
565
417
0
0
0
0
230
0
205
0
0
0
0
0
0
0
0
0
0
969
0
0
0
0
0
0
0
679
0
0
431
78
5
587
0
0
0
0
0
0
121
0
0
0
0
0
0
0
0
0
0
0
0
0
0
0
652
0
0
0
0
0
814
0
0
0
0
525
0
0
0
0
0
503
0
579
0
0
893
0
0
968
685
0
0
682
0
0
0
0
0
356
0
0
0
0
0
0
0
0
717
0
0
87
762
698
0
205
0
0
0
0
0
0
0
0
0
0
0
0
0
0
0
0
0
0
0
0
174
493
0
0
0
0
0
0
0
0
0
895
0
0
0
0
0
0
0
0
0
0
241
0
733
0
85
0
0
0
0
0
0
0
0
0
0
0
0
0
0
0
215
279
0
0
0
0
0
0
0
0
0
0
0
0
266
137
0
0
0
0
0
0
0
482
0
0
0
0
0
737
0
60
0
0
0
0
0
0
0
0
106
0
0
0
361
0
0
0
0
361
0
0
0
0
0
0
0
0
0
411
0
0
687
0
361
0
0
0
0
0
0
0
0
0
0
0
0
0
0
0
0
0
0
0
750
862
0
0
0
562
0
0
0
0
0
0
0
0
0
0
0
0
0
0
409
0
0
0
0
796
0
50
251
0
0
722
0
0
0
0
0
0
0
0
0
0
0
0
725
0
0
69
0
0
0
0
0
0
0
106
0
0
0
0
245
0
0
0
0
363
0
0
0
0
397
52
0
186
0
0
0
0
0
352
0
0
314
696
0
0
341
0
994
0
0
597
0
0
0
0
0
428
0
618
0
0
0
132
0
0
0
36
0
0
0
0
0
826
876
0
0
0
58
0
0
0
0
0
0
995
0
487
0
970
779
0
0
0
0
0
992
0
0
451
0
0
0
964
0
0
0
0
0
436
0
490
0
0
0
0
0
0
0
0
0
0
0
0
0
0
642
733
0
466
0
186
217
0
0
653
0
0
0
989
959
0
0
289
0
0
0
800
0
0
196
0
0
876
0
0
0
0
239
0
0
0
0
0
0
0
0
0
0
0
0
0
830
0
0
0
0
222
0
0
0
0
0
0
0
0
0
0
0
453
0
0
0
0
0
0
185
0
321
0
0
680
0
0
0
212
0
0
0
0
0
0
659
0
0
0
0
0
0
0
0
0
0
0
0
0
801
0
0
0
0
0
0
945
0
0
0
0
0
0
824
0
0
0
528
0
0
0
0
0
0
951
0
0
0
0
0
0
0
0
0
0
0
0
682
0
0
426
0
65
0
0
0
724
0
0
0
0
0
0
892
0
0
0
0
0
965
0
624
0
0
0
0
775
0
0
0
0
0
0
792
0
0
0
0
0
562
0
0
0
622
0
0
0
0
0
0
0
0
0
955
0
0
0
0
0
0
0
0
74
743
0
0
0
0
0
0
0
0
810
0
0
0
0
0
0
0
0
487
0
0
0
650
0
0
688
0
0
0
321
0
62
0
0
0
0
0
0
0
0
0
0
0
0
0
0
0
0
0
0
0
0
0
0
0
0
0
580
0
0
0
0
0
0
0
975
0
0
0
0
0
0
0
0
0
797
0
0
0
0
296
339
0
0
0
361
245
0
0
955
0
728
0
872
0
346
0
0
0
0
0
374
0
826
0
255
0
980
0
0
0
0
840
0
0
0
0
0
0
0
858
0
494
240
0
0
873
0
0
0
0
778
0
998
489
0
0
0
0
0
0
0
0
0
0
0
79
0
0
0
0
0
0
144
0
293
0
0
0
0
0
0
0
992
0
0
0
0
590
0
0
0
250
516
0
0
0
0
0
0
0
0
47
0
0
0
0
0
0
0
728
0
0
0
770
0
0
0
312
838
0
0
0
0
0
0
430
0
0
0
195
0
0
0
0
933
139
0
194
909
0
713
0
722
0
0
0
703
0
542
0
0
0
0
0
0
0
0
0
0
0
812
939
712
0
0
0
0
0
0
0
0
990
0
0
0
0
803
0
0
813
0
749
0
0
0
0
0
0
0
0
0
0
0
0
0
0
0
530
0
0
0
0
0
0
0
0
0
0
0
0
0
0
0
237
679
0
0
660
236
0
0
0
0
674
0
0
0
0
0
343
0
0
0
0
0
0
0
0
0
0
326
919
0
0
0
0
0
94
0
954
0
0
0
0
0
0
468
490
0
0
896
0
0
0
362
0
0
0
0
0
732
0
0
0
189
0
0
0
0
699
0
0
0
304
0
0
0
0
0
0
976
0
0
771
0
0
0
0
0
0
0
0
0
0
0
0
0
0
0
872
0
0
0
0
0
0
38
0
0
0
0
0
0
963
0
0
0
0
182
0
0
0
0
0
0
0
0
0
0
0
0
0
0
836
0
0
0
0
0
0
0
0
687
0
599
0
493
0
0
0
0
0
0
0
0
0
31
0
0
0
0
0
0
0
0
0
0
0
0
0
0
674
0
0
0
0
98
0
0
517
821
0
404
751
0
0
0
0
0
0
0
0
0
0
0
0
0
0
0
0
770
237
0
0
0
568
0
838
0
605
335
0
0
0
0
0
0
565
0
0
198
0
0
0
0
0
0
905
0
589
0
0
0
0
0
0
0
0
0
0
0
0
0
0
0
165
260
0
0
0
0
0
0
311
0
845
0
0
0
0
0
0
0
718
0
0
150
263
0
0
0
0
218
0
0
0
14
0
0
731
0
0
0
0
0
0
0
191
0
0
0
626
969
0
361
363
0
0
0
346
0
679
0
0
0
0
266
0
0
0
0
0
0
0
0
424
0
0
0
0
0
0
704
0
0
0
191
0
0
614
0
0
0
95
0
0
0
0
0
0
0
867
687
0
367
0
0
0
0
0
0
0
0
0
0
0
0
0
0
0
0
262
0
523
0
245
191
0
0
0
0
982
0
0
0
0
0
0
0
0
0
0
0
0
0
827
0
171
294
0
0
0
0
0
0
0
642
801
0
0
0
0
0
568
0
0
0
0
0
0
0
967
0
0
0
993
0
126
0
0
0
0
0
898
690
0
0
0
0
0
0
309
0
763
384
0
0
0
592
0
0
779
0
0
0
0
0
0
0
0
0
0
0
0
128
0
0
0
0
0
0
0
682
0
0
0
0
661
0
0
0
0
0
44
0
0
0
0
0
368
542
71
0
0
0
0
0
0
0
0
0
0
0
0
0
0
733
0
0
0
0
0
38
0
266
0
0
0
0
0
0
0
0
0
631
874
0
0
0
0
0
0
927
0
86
0
0
0
0
151
0
0
0
0
0
0
0
0
0
0
0
0
0
0
0
0
826
0
0
0
0
0
0
0
0
0
206
0
708
0
0
844
0
0
0
0
0
0
0
0
0
0
0
0
0
0
0
0
468
0
0
0
0
0
0
0
0
0
0
0
0
0
0
0
0
0
0
0
0
0
312
660
0
838
0
0
0
0
0
0
0
0
0
330
0
63
0
164
0
0
0
0
0
0
0
0
0
0
0
0
0
0
774
893
0
0
291
0
0
0
0
0
0
0
0
0
0
0
309
0
0
332
0
0
504
0
0
768
0
0
0
0
0
0
0
0
0
0
0
0
0
0
333
0
0
0
0
0
0
0
256
340
0
282
0
0
93
545
0
0
0
41
0
0
0
0
466
0
74
0
838
236
0
0
0
0
0
0
0
0
0
997
0
737
0
0
0
0
0
0
0
0
0
956
0
0
26
0
0
0
0
0
535
381
0
0
0
0
708
0
0
0
0
0
661
0
245
0
0
0
0
0
206
0
0
637
0
0
0
0
0
0
0
0
914
0
0
0
0
597
358
0
0
0
0
0
539
0
369
269
0
0
609
0
0
310
0
0
0
0
909
121
0
0
0
397
0
0
743
0
0
0
0
605
0
0
0
0
0
0
0
9
495
201
872
858
0
0
0
0
0
0
0
0
0
256
0
0
0
0
0
0
0
0
0
0
0
0
0
0
0
0
0
0
0
0
0
0
0
0
0
0
0
0
879
0
0
0
0
0
0
818
0
0
0
0
0
0
0
471
32
652
0
258
258
0
0
0
0
0
0
0
0
0
0
0
0
0
0
0
157
0
0
0
0
52
186
0
0
374
0
0
0
335
0
0
0
0
0
0
0
64
0
0
0
0
0
0
0
0
0
565
0
62
0
998
0
0
0
0
0
283
0
0
368
0
0
0
0
640
0
0
0
0
0
0
71
0
362
0
0
0
0
210
0
0
0
0
0
0
0
0
0
141
0
0
396
0
0
235
0
519
0
0
355
0
0
0
96
0
0
0
0
0
0
780
0
0
0
141
0
0
0
0
0
0
217
0
0
0
0
0
0
0
0
967
0
0
997
9
64
0
0
0
0
0
389
621
414
214
0
700
0
0
0
0
0
0
388
0
0
0
83
0
868
811
0
0
351
0
0
0
0
257
976
495
0
0
0
0
483
0
0
0
0
0
577
0
0
915
0
0
0
0
0
0
0
0
0
0
759
0
0
0
0
0
0
0
0
682
0
0
0
292
0
0
0
0
0
739
0
0
679
0
0
186
0
945
0
826
0
0
0
0
0
0
0
0
0
495
0
0
0
0
0
0
0
0
0
0
0
0
0
0
224
776
0
0
844
0
0
0
0
0
0
0
0
0
0
0
272
0
0
0
0
0
0
0
810
0
0
0
0
0
0
0
0
0
0
0
0
0
0
0
0
0
0
736
825
0
0
902
0
0
0
0
0
0
0
755
0
595
0
0
0
0
0
0
0
0
0
0
0
174
0
0
0
0
0
0
0
674
963
0
0
0
0
330
737
201
0
0
0
0
0
476
789
0
0
0
0
0
0
0
0
701
490
0
0
0
0
0
0
984
0
0
93
0
0
610
0
707
190
0
0
0
0
102
0
0
0
0
0
0
0
0
0
395
0
0
0
0
0
0
0
0
0
0
0
930
0
0
0
0
0
368
0
191
0
0
0
0
0
468
0
0
0
0
0
0
0
0
0
493
411
0
653
0
0
255
0
0
0
0
0
0
631
0
0
872
0
0
0
0
0
0
0
0
0
419
0
0
0
0
678
659
0
0
0
0
0
0
0
0
0
0
0
0
0
0
0
0
0
0
0
0
0
0
45
0
0
97
438
0
0
0
0
0
0
379
559
0
0
0
0
0
0
0
0
317
0
0
0
0
0
363
0
0
0
0
0
0
0
91
0
0
0
0
432
0
0
0
431
0
0
0
0
0
0
0
430
0
0
0
424
993
874
63
0
858
0
0
0
476
0
0
163
0
0
0
0
0
0
111
0
281
0
0
0
0
0
0
0
0
0
235
0
0
0
0
0
0
0
623
0
0
0
0
0
0
379
0
0
0
0
0
0
0
0
0
349
0
0
0
0
0
0
0
0
0
0
0
0
517
0
0
0
0
0
0
0
0
0
0
0
0
290
925
451
63
0
0
78
0
0
0
0
0
0
980
0
0
0
0
0
0
0
0
0
0
0
389
0
789
0
163
0
240
0
0
898
0
0
0
0
0
0
880
345
0
513
576
0
0
0
0
0
0
0
788
0
0
29
0
0
0
0
0
904
0
551
0
220
0
0
0
0
0
302
0
0
0
0
0
943
0
0
197
0
0
796
36
0
0
884
0
794
225
0
106
0
0
0
773
0
0
0
0
0
0
0
0
5
0
687
0
0
0
0
0
0
0
0
565
0
126
0
164
0
0
0
621
0
0
0
0
240
0
0
0
0
0
0
0
862
0
0
0
785
0
227
0
0
0
346
0
0
0
516
0
0
0
0
0
0
0
0
489
0
674
0
0
0
0
0
0
0
0
0
0
0
0
0
0
259
0
398
0
0
106
0
0
0
0
0
0
982
0
0
0
623
0
0
0
933
0
0
0
0
0
0
0
587
0
0
352
989
0
810
0
0
0
182
0
0
0
0
0
0
0
0
414
0
0
0
0
0
0
0
444
0
0
0
0
0
0
0
0
0
0
0
0
0
0
158
0
0
0
148
0
667
0
0
0
951
199
0
0
0
0
0
0
0
0
0
903
0
0
0
15
0
0
49
0
0
0
0
0
0
402
0
0
596
891
0
0
0
64
0
0
0
0
0
0
0
0
0
0
0
0
0
0
0
0
361
0
959
824
0
0
195
343
0
0
0
0
0
0
0
0
0
214
0
0
419
0
0
0
444
0
0
0
0
0
0
0
0
0
257
0
0
0
79
0
724
0
0
0
0
0
0
813
0
930
0
0
0
336
0
0
0
309
0
0
0
0
0
0
0
0
0
0
0
925
0
970
0
0
0
0
0
0
0
980
0
0
0
0
173
0
0
0
0
0
0
0
0
0
0
0
600
0
0
0
0
0
0
0
0
0
0
0
0
198
0
0
0
0
0
0
0
0
0
0
0
0
898
0
0
0
0
362
0
893
0
0
0
0
0
0
0
0
0
381
0
0
0
87
692
0
0
0
0
0
0
0
972
0
0
695
0
0
0
0
0
97
422
0
0
0
0
0
0
650
0
0
456
0
0
782
626
0
0
0
0
0
0
0
0
0
0
514
0
0
0
695
0
0
0
512
919
0
0
0
0
314
0
0
0
840
0
0
0
0
0
0
0
0
0
0
565
700
0
0
0
0
0
0
0
0
362
0
0
0
0
0
0
0
0
0
314
0
0
160
0
0
0
0
0
0
0
0
0
0
0
0
0
0
0
0
0
0
0
213
0
0
0
0
316
31
0
309
0
0
0
0
0
0
0
0
0
347
0
0
231
0
0
0
0
0
938
0
0
0
607
0
0
0
0
0
0
0
0
0
0
696
289
0
0
0
0
0
0
0
704
0
927
0
0
0
0
0
0
0
0
0
0
0
0
0
0
0
0
0
0
0
0
0
401
766
273
0
0
952
0
0
0
0
0
0
0
0
0
0
0
129
0
0
602
0
0
0
23
0
0
0
0
0
0
0
0
70
448
0
0
578
0
437
0
0
0
0
0
0
0
301
0
0
0
0
0
354
0
0
0
695
0
233
0
0
0
0
0
0
0
0
0
528
0
0
0
0
0
0
0
898
0
0
956
0
62
0
0
0
0
111
0
0
0
0
893
0
0
0
0
0
399
572
565
0
0
733
0
0
52
590
207
0
0
517
0
0
0
0
0
0
231
0
0
0
947
0
847
0
0
0
0
0
0
0
396
0
0
555
0
0
0
0
0
0
452
0
0
0
0
0
0
296
0
366
321
0
0
0
323
0
0
0
0
775
106
0
0
895
0
0
0
0
0
0
933
0
0
0
0
690
86
0
0
0
0
0
224
0
678
0
0
862
0
0
0
0
0
0
0
0
0
0
0
0
0
0
0
0
848
0
0
0
0
0
0
0
0
0
0
0
0
0
0
0
0
0
985
0
0
0
0
0
0
0
0
0
0
0
0
0
0
0
0
0
0
0
0
0
0
0
0
0
0
0
0
0
276
0
0
0
0
321
0
0
0
967
121
0
0
341
0
0
0
0
139
0
0
0
0
0
0
0
0
256
998
0
776
701
659
281
0
0
0
0
0
0
0
0
0
0
0
0
0
0
0
0
0
0
632
0
0
0
0
0
0
0
0
972
0
0
0
0
0
383
0
0
0
0
0
0
0
0
0
0
103
0
0
0
0
0
0
0
0
0
324
788
42
0
0
0
0
0
0
0
0
83
868
597
0
547
0
0
0
0
0
0
0
0
0
0
800
0
0
0
0
0
0
0
191
0
0
0
26
0
0
0
0
490
0
0
0
0
0
0
0
0
0
399
0
0
0
0
694
654
0
0
0
0
0
0
0
0
0
0
711
0
852
0
488
0
885
0
0
0
951
0
0
0
0
0
0
0
0
0
0
0
0
0
994
0
0
0
0
683
0
0
0
0
689
0
0
0
192
0
0
371
668
0
0
824
0
0
0
0
0
0
0
0
0
994
0
0
487
0
194
0
0
905
0
0
0
0
0
0
0
0
0
0
0
0
880
0
0
0
0
0
0
572
0
0
0
0
0
626
0
0
0
0
0
0
0
450
0
0
0
0
0
0
0
3
0
0
0
0
0
0
0
0
0
0
0
0
0
0
0
0
0
295
0
0
737
0
534
0
0
0
0
0
0
592
0
0
0
559
0
0
0
218
0
0
0
0
0
0
0
0
0
0
0
0
0
0
0
0
909
0
0
0
0
0
0
0
0
0
0
388
844
0
0
0
345
785
0
257
0
0
401
565
0
0
694
0
0
0
0
0
0
0
0
954
0
0
0
0
0
0
0
0
0
405
0
0
795
0
0
349
0
919
832
0
658
0
0
916
0
0
0
0
0
0
406
0
0
0
0
0
0
0
0
0
0
675
0
0
0
0
0
0
0
0
0
0
0
506
0
0
0
0
0
0
196
0
0
858
0
0
0
589
614
0
151
0
0
0
0
0
0
0
0
0
0
0
0
0
0
0
766
0
0
0
654
626
0
0
0
0
0
0
0
0
777
0
154
0
0
0
0
0
0
0
0
0
0
0
0
0
0
0
0
0
0
0
0
0
291
0
0
175
938
0
0
0
40
0
0
0
0
90
0
903
0
0
0
0
0
0
0
0
5
0
879
756
0
892
0
47
0
0
0
597
0
951
0
0
713
326
0
0
0
0
0
0
0
0
0
0
0
0
0
0
513
227
0
0
0
314
273
0
0
0
0
0
0
0
0
155
99
0
0
0
0
0
0
0
0
0
0
0
0
688
0
0
0
532
0
0
477
0
0
0
0
0
724
0
0
0
0
0
897
0
0
0
0
0
40
948
0
221
0
0
0
0
0
0
0
0
0
0
0
0
0
0
0
130
0
0
0
0
0
0
0
0
650
494
0
919
0
0
0
309
0
0
0
0
283
0
0
0
0
0
576
0
0
0
0
0
0
733
0
0
0
0
0
0
155
0
0
0
445
0
0
869
0
0
0
820
0
0
0
0
126
0
0
0
332
0
0
0
0
65
0
0
0
0
0
0
0
0
0
0
0
0
0
0
0
0
0
0
0
34
0
0
0
0
0
0
588
0
0
0
0
0
0
352
478
0
0
0
0
0
876
0
0
240
722
0
0
0
0
0
0
774
535
0
0
83
0
0
0
0
0
0
0
79
0
0
0
0
0
0
0
0
0
0
99
0
0
1
0
0
208
0
0
0
466
0
0
0
0
0
0
0
0
0
0
0
0
0
0
0
805
0
0
0
0
0
0
447
0
174
0
0
0
0
21
0
133
0
0
0
0
118
0
0
0
0
0
464
0
0
0
0
389
0
0
0
0
0
0
0
0
0
0
0
0
0
836
0
95
763
0
893
381
0
0
0
0
984
0
0
0
0
0
0
381
160
952
0
0
0
0
0
0
0
0
0
1
0
0
0
0
0
113
0
0
0
0
924
0
0
0
0
418
0
0
0
0
0
0
0
0
148
0
352
0
574
0
4
0
0
0
0
938
0
0
0
0
0
798
0
0
0
0
0
0
0
0
0
0
0
0
0
0
0
0
0
0
0
0
0
0
0
688
0
0
0
0
0
0
384
0
0
0
0
368
868
0
0
0
0
0
346
158
724
0
0
0
52
848
632
0
0
0
0
0
445
0
0
0
0
0
0
774
0
0
0
0
110
0
134
0
423
0
0
0
111
0
0
0
0
0
0
0
473
0
0
0
318
114
975
0
0
0
0
0
940
0
0
134
0
873
548
0
0
0
0
0
0
0
0
0
908
0
652
0
0
0
241
0
0
0
0
0
873
0
0
0
0
0
0
0
0
0
0
0
811
0
0
0
235
0
0
0
0
0
0
0
590
0
0
0
0
954
0
0
0
0
0
0
0
0
0
859
0
0
0
0
0
0
0
303
0
0
685
0
0
831
0
0
0
0
0
0
0
0
0
0
104
0
0
0
0
0
0
0
396
0
555
0
0
0
0
321
0
507
0
0
599
0
0
0
0
0
0
0
0
0
0
0
428
0
0
0
0
703
0
0
0
0
0
0
291
0
0
0
0
0
93
0
0
0
0
0
0
0
0
0
207
0
0
0
0
0
777
0
0
208
0
0
0
0
161
0
0
251
0
0
0
0
0
521
0
0
0
0
0
0
0
0
0
0
833
0
0
88
0
0
864
0
0
0
0
0
349
0
0
0
0
0
0
0
0
0
0
0
0
0
681
0
0
0
0
0
668
0
0
0
733
0
0
239
0
0
0
0
94
0
0
0
0
0
0
0
0
0
0
0
0
0
0
0
0
0
0
87
0
0
0
0
0
0
450
0
0
0
869
0
0
0
0
161
0
799
0
0
942
330
0
0
0
0
0
0
0
0
0
0
0
0
0
0
0
117
0
0
0
0
718
0
0
0
0
0
0
0
0
0
0
0
0
921
0
0
0
0
0
0
0
0
0
0
606
395
0
0
0
0
0
0
618
0
0
321
0
542
0
0
0
0
592
0
0
708
0
0
351
0
0
0
0
0
516
148
0
692
0
0
0
0
0
0
0
0
154
0
0
0
113
774
859
0
799
0
