0
598
716
553
552
808
893
857
558
678
734
674
504
745
768
687
546
501
729
644
656
799
760
881
546
569
637
829
694
590
879
658
873
653
875
613
751
715
736
857
884
614
743
593
813
882
532
591
599
845
740
568
538
598
563
871
507
716
709
896
641
683
641
607
691
664
788
762
738
682
679
882
785
504
588
884
519
705
843
532
731
876
576
541
729
783
556
726
519
708
630
614
627
894
856
590
730
632
783
593
598
0
844
657
681
661
756
781
530
848
840
658
606
689
502
827
687
847
874
813
655
885
639
510
594
823
830
710
794
659
636
538
827
851
519
884
826
780
513
826
710
583
761
642
763
892
892
872
569
802
566
597
506
509
863
641
692
803
659
873
607
648
500
811
724
880
718
711
720
556
653
519
898
609
524
732
706
644
533
586
837
713
702
792
872
773
703
827
794
885
823
848
624
566
525
876
715
690
659
861
716
844
0
883
538
899
822
584
807
721
696
778
655
733
839
877
885
709
871
875
608
542
669
867
757
588
867
736
856
758
512
845
657
823
690
771
739
505
742
701
533
554
629
806
569
501
650
755
572
643
523
644
621
554
834
637
826
882
798
893
739
894
888
760
803
654
723
694
810
740
818
684
796
703
628
570
704
893
827
854
619
869
849
746
712
852
826
899
771
781
711
620
645
580
772
567
730
787
822
605
553
657
883
0
895
570
664
778
845
521
583
829
715
877
621
864
579
871
608
805
687
753
795
806
611
900
774
668
740
737
698
786
506
614
785
847
690
532
550
612
675
744
504
643
799
805
881
696
796
542
743
864
808
743
700
556
865
623
758
600
569
693
594
618
516
699
560
703
783
643
626
542
523
828
673
687
866
892
764
783
722
750
592
679
872
852
598
550
865
839
811
660
546
552
711
887
882
719
867
638
552
681
538
895
0
684
749
545
773
541
727
868
845
698
565
834
536
591
808
864
683
688
608
632
731
663
726
557
894
846
863
532
839
529
634
691
842
645
767
756
739
635
511
784
626
880
615
531
708
807
617
882
783
807
576
568
529
811
666
616
845
868
646
812
738
737
711
718
730
705
564
549
784
506
784
663
852
539
583
797
847
847
567
693
622
733
582
542
658
807
877
542
659
567
745
782
850
512
786
828
808
661
899
570
684
0
900
583
877
839
857
852
758
590
515
594
832
838
534
639
728
777
789
746
866
831
536
529
823
635
525
538
604
854
852
643
772
587
714
583
532
888
617
808
827
532
557
515
724
679
783
760
525
614
675
536
788
652
896
668
658
856
574
535
721
628
661
839
792
774
627
768
749
558
540
549
682
869
593
717
629
772
550
894
876
693
682
644
659
883
607
596
501
705
737
586
541
568
691
515
893
756
822
664
749
900
0
897
669
859
702
579
552
722
618
568
808
827
540
812
670
585
850
647
642
639
656
826
765
781
779
698
893
854
884
733
873
605
652
671
841
504
836
641
825
722
605
609
625
796
508
886
648
640
797
761
883
592
791
873
524
696
522
785
706
853
614
706
841
900
580
658
555
797
621
696
527
679
884
743
762
588
676
731
577
593
657
519
735
544
531
585
893
633
571
756
854
763
849
742
857
781
584
778
545
583
897
0
834
874
764
668
616
580
599
748
659
531
789
847
775
823
706
593
867
582
697
631
519
586
612
506
522
787
510
755
538
743
864
506
809
637
755
725
519
556
565
796
864
721
597
570
889
883
622
629
882
842
746
646
731
594
590
549
679
671
844
582
677
804
862
892
580
876
556
500
619
637
899
888
519
727
530
564
838
796
678
864
767
822
860
540
637
663
626
826
713
773
801
750
558
530
807
845
773
877
669
834
0
586
711
764
635
826
549
779
557
664
579
879
862
748
745
620
771
862
878
766
700
604
683
792
781
815
844
687
674
632
599
816
840
634
893
541
626
606
766
622
738
622
877
880
627
889
862
836
784
700
837
610
535
542
602
614
649
806
685
641
532
721
530
756
848
696
615
836
612
542
524
623
576
743
833
822
817
780
626
665
765
865
724
755
857
792
670
691
562
770
817
660
678
848
721
521
541
839
859
874
586
0
611
858
796
535
747
690
525
823
653
844
521
721
755
664
608
862
875
573
628
888
888
696
536
692
630
518
524
624
735
729
797
747
762
717
528
698
841
664
624
820
552
630
876
858
589
637
863
552
575
596
643
843
600
589
675
630
855
814
769
575
734
770
884
797
760
532
889
504
565
749
761
740
624
807
504
706
560
774
647
849
856
900
621
595
854
611
761
721
609
586
734
840
696
583
727
857
702
764
711
611
0
629
759
609
722
667
522
593
609
855
769
566
744
827
577
565
771
620
669
716
730
573
674
710
816
540
682
894
808
587
660
851
580
737
559
745
771
843
522
586
617
666
662
839
695
592
541
809
679
803
863
554
713
697
672
589
542
542
780
570
560
849
831
510
503
760
526
858
781
688
734
565
828
578
823
869
657
585
637
654
537
853
808
681
779
773
658
867
607
724
674
658
778
829
868
852
579
668
764
858
629
0
847
705
654
638
502
668
897
717
733
800
745
604
518
688
565
625
855
651
671
628
745
633
548
803
872
774
563
882
771
600
795
826
582
564
785
743
809
899
622
696
738
635
582
670
500
845
646
719
628
763
607
580
672
743
831
509
554
548
711
825
672
561
614
752
674
525
726
587
684
782
587
814
593
759
860
795
865
581
749
728
637
501
803
522
565
684
733
879
504
606
655
715
845
758
552
616
635
796
759
847
0
846
714
698
891
647
721
631
578
673
634
641
774
850
547
792
738
587
788
869
820
868
753
696
798
613
769
644
501
863
749
506
533
739
747
585
716
850
777
811
856
809
673
589
565
869
730
608
796
558
880
674
585
805
572
655
890
754
698
767
619
525
585
809
876
871
546
677
740
782
720
860
528
618
802
529
663
513
752
536
738
571
604
820
861
743
570
755
745
689
733
877
698
590
722
580
826
535
609
705
846
0
658
744
653
667
857
894
501
889
812
680
700
784
748
662
834
802
805
890
752
899
608
810
502
548
731
604
766
790
801
503
803
819
797
790
505
729
752
741
547
782
611
859
522
667
890
543
713
830
850
755
569
719
872
831
696
652
662
568
535
517
752
791
646
706
778
824
634
595
798
750
756
864
543
616
635
843
850
567
595
699
711
563
653
612
666
746
768
502
839
621
565
515
618
599
549
747
722
654
714
658
0
520
529
741
791
637
668
784
617
891
831
578
509
597
581
528
801
627
865
709
816
544
863
644
718
586
716
764
805
601
636
562
682
879
855
775
718
675
598
840
704
724
595
751
511
500
887
697
674
530
552
742
568
767
900
563
848
588
768
814
736
850
703
741
592
858
512
697
710
701
854
768
533
706
534
639
647
878
895
722
543
671
627
809
556
569
687
827
877
864
834
594
568
748
779
690
667
638
698
744
520
0
724
612
661
863
822
822
838
748
867
556
743
890
507
651
838
672
526
846
521
586
670
712
525
702
867
861
687
676
688
777
523
881
751
565
622
600
506
574
644
753
862
689
590
811
884
801
501
795
728
552
804
539
771
809
544
868
858
898
891
888
551
567
530
574
588
641
791
746
657
508
596
863
658
684
795
864
866
500
521
645
783
890
729
840
546
687
885
579
536
832
808
659
557
525
522
502
891
653
529
724
0
604
590
568
569
537
670
854
580
728
810
898
899
513
649
749
851
759
873
546
673
660
609
585
635
712
602
762
843
687
546
660
607
546
627
789
606
741
578
834
713
688
797
805
808
574
774
704
894
536
778
893
580
552
801
520
611
669
630
728
551
776
697
678
659
756
503
836
735
832
662
864
548
552
810
818
860
877
544
815
537
501
570
555
501
847
709
871
591
838
827
531
664
823
593
668
647
667
741
612
604
0
812
839
788
741
505
829
842
692
797
627
783
503
529
853
720
699
534
888
530
545
616
737
861
746
795
797
891
874
663
531
854
623
635
791
521
579
512
800
786
579
840
613
651
667
826
798
796
884
736
694
620
854
537
883
680
650
645
678
618
885
765
785
574
757
764
861
673
712
801
865
771
506
646
529
865
776
551
631
743
657
829
843
729
874
871
608
808
534
540
789
579
653
609
897
721
857
791
661
590
812
0
764
511
632
747
877
884
618
684
599
890
679
702
625
608
808
878
749
712
521
664
749
740
743
587
800
620
558
621
781
795
883
632
730
809
558
530
662
623
720
830
523
880
729
737
692
594
720
794
708
623
537
661
820
619
731
807
839
821
580
843
654
775
565
677
811
823
745
684
709
734
663
655
622
808
668
716
551
665
857
730
740
644
813
875
805
864
639
812
847
879
844
855
717
631
894
637
863
568
839
764
0
805
767
582
519
691
696
737
680
681
612
769
685
787
811
728
606
724
536
815
573
640
812
865
534
553
778
840
607
891
722
685
808
791
752
830
711
800
625
738
744
595
789
726
884
651
574
661
625
588
724
627
750
656
510
527
835
550
861
870
520
522
839
673
811
515
656
669
748
667
866
535
861
803
626
579
626
853
778
564
678
656
655
608
687
683
728
670
775
862
521
769
733
578
501
668
822
569
788
511
805
0
798
516
660
549
861
512
696
897
870
687
672
731
719
814
669
843
736
844
718
900
782
859
726
883
618
764
818
885
740
644
504
588
737
895
851
848
730
532
711
554
876
740
834
696
787
861
551
541
724
614
897
670
521
680
877
821
717
764
767
796
564
674
592
681
695
550
513
791
869
850
834
772
805
761
643
665
631
781
668
799
885
542
753
688
777
585
823
748
721
566
800
673
889
784
822
537
741
632
767
798
0
543
799
835
837
628
539
759
715
746
823
552
589
542
540
867
683
865
657
801
627
617
752
518
846
536
570
571
696
504
653
617
809
736
679
656
521
629
664
789
777
556
623
728
660
642
853
826
788
537
859
594
670
505
900
817
552
753
511
758
801
717
726
808
811
631
585
786
767
544
774
669
660
526
698
646
652
538
717
760
639
669
795
608
789
850
706
745
755
744
745
634
812
617
838
670
505
747
582
516
543
0
507
620
805
841
651
614
693
796
812
581
557
737
682
648
879
873
598
802
803
782
557
829
597
820
773
867
554
767
569
736
556
890
619
529
504
668
641
576
817
818
865
509
868
745
537
654
897
644
682
522
864
696
796
628
840
727
575
781
827
850
760
502
518
604
856
744
777
849
695
618
574
873
769
870
696
840
815
881
510
867
806
632
746
647
593
620
664
827
604
641
680
891
748
854
829
877
519
660
799
507
0
888
643
817
749
748
806
731
872
860
824
621
782
618
783
894
639
789
716
571
536
853
755
621
781
558
707
688
585
801
823
709
686
835
692
891
788
775
566
714
709
704
766
797
749
884
608
583
809
667
835
684
865
791
523
859
859
678
805
724
573
673
832
682
866
583
812
560
532
565
538
647
649
620
621
709
660
546
594
757
611
731
866
642
867
771
608
577
518
774
700
831
867
580
842
884
691
549
835
620
888
0
585
568
673
597
715
837
698
814
832
841
599
826
876
696
836
772
637
637
613
671
637
681
823
526
642
828
801
772
679
874
654
560
782
630
832
601
648
716
500
713
852
785
640
598
813
508
502
620
566
644
678
667
758
741
596
647
708
853
561
808
895
782
705
587
865
759
827
562
874
850
884
782
667
635
899
569
823
588
900
663
831
639
582
862
862
565
688
850
784
578
556
728
692
618
696
861
837
805
643
585
0
856
848
574
592
894
836
810
886
682
820
527
739
794
853
532
538
550
820
575
628
724
885
612
584
893
658
672
721
876
842
538
544
859
592
712
501
792
745
584
584
884
640
593
572
779
716
588
656
873
783
841
864
534
582
685
824
547
521
783
574
574
833
670
882
749
595
655
548
504
534
502
863
709
626
637
830
867
774
726
536
656
697
878
875
771
565
547
748
509
743
810
797
684
737
512
628
841
817
568
856
0
865
757
617
621
819
706
878
540
544
798
683
591
581
688
611
858
752
779
657
560
900
630
622
761
876
551
876
759
874
607
697
625
726
601
678
754
701
599
739
544
501
797
726
676
563
793
727
883
784
837
717
796
510
834
792
533
670
712
606
551
852
633
866
632
779
504
896
604
885
602
826
848
749
829
710
736
668
557
529
826
631
766
573
620
625
792
662
597
890
898
627
599
680
696
539
651
749
673
848
865
0
786
508
847
558
541
797
660
695
890
832
528
696
782
688
584
589
604
847
566
508
713
796
632
800
542
777
827
515
655
627
671
835
883
818
640
876
522
786
845
531
698
755
518
836
890
735
608
800
780
872
670
541
830
886
884
893
846
728
711
682
720
517
700
815
688
900
804
601
754
739
829
608
694
794
856
740
894
823
765
519
700
628
669
855
738
834
581
507
899
783
890
681
897
759
614
748
597
574
757
786
0
720
784
815
711
729
678
871
682
539
592
853
752
692
748
587
610
536
691
857
693
526
600
567
547
688
559
603
825
580
891
669
767
766
637
608
631
586
662
534
832
824
524
535
704
849
679
614
527
716
668
825
801
714
699
697
550
627
576
631
598
753
598
657
713
609
810
781
835
503
834
657
590
659
758
737
846
635
781
586
604
888
716
651
587
802
528
651
513
503
679
612
870
715
693
806
715
592
617
508
720
0
818
569
857
656
551
801
752
839
543
742
813
840
846
709
760
655
657
850
768
817
745
857
524
779
806
513
557
697
635
674
830
726
604
779
715
671
886
656
673
586
523
742
607
564
873
580
516
799
744
647
861
851
713
672
892
804
652
668
809
796
778
837
612
609
686
711
631
865
728
524
879
636
512
698
863
525
779
612
683
888
730
671
788
805
801
838
649
529
702
769
687
746
796
731
837
894
621
847
784
818
0
802
729
871
555
722
549
559
698
767
862
776
650
698
646
749
754
506
726
541
642
884
843
513
701
663
795
659
832
761
516
501
748
682
676
741
730
846
770
754
887
898
690
599
817
659
536
731
825
851
637
843
537
866
542
843
808
779
885
824
651
578
715
526
695
674
678
881
614
742
658
538
845
786
532
538
698
506
792
696
573
628
869
890
627
672
749
853
625
685
672
823
812
872
698
836
819
558
815
569
802
0
645
877
531
514
748
544
566
616
833
634
749
868
548
700
803
601
686
567
839
721
879
747
659
601
523
825
837
567
813
790
847
727
799
604
647
852
803
521
872
668
847
860
589
853
667
612
526
632
545
774
860
669
885
763
719
552
885
794
861
770
687
667
592
584
557
692
516
596
873
827
657
506
839
604
893
522
781
536
674
745
820
752
865
526
851
720
608
787
731
552
581
860
814
810
706
541
711
857
729
645
0
501
795
855
790
666
554
848
707
679
535
674
707
828
799
693
679
793
814
685
612
856
849
806
557
611
528
729
611
770
803
533
808
867
529
761
672
574
667
668
693
597
684
702
596
605
888
630
582
644
794
886
708
565
609
758
800
626
783
708
692
695
872
612
768
622
600
585
653
851
823
614
529
854
854
787
815
692
710
633
868
899
709
846
759
699
808
811
719
589
557
824
832
886
878
797
729
656
871
877
501
0
717
847
647
899
872
810
880
769
849
844
779
737
802
727
887
850
657
782
522
787
638
865
843
667
677
719
784
864
789
568
879
544
751
788
753
599
721
734
803
528
525
808
750
601
775
676
567
828
783
661
571
822
540
728
548
898
804
759
542
874
828
800
656
629
641
867
875
519
690
785
634
852
884
510
844
630
816
548
753
608
816
521
873
534
878
728
814
542
737
621
841
682
540
660
678
551
555
531
795
717
0
681
811
536
628
683
750
717
783
808
509
755
642
756
877
797
891
532
578
573
745
818
628
660
612
891
628
767
730
694
590
700
802
664
625
558
518
607
644
753
806
792
832
502
651
513
834
834
733
604
551
863
671
603
817
787
847
858
656
835
783
632
684
543
577
706
613
884
771
847
691
643
733
755
687
518
540
803
696
810
544
586
546
888
749
606
669
540
682
782
599
820
544
695
871
801
722
514
855
847
681
0
627
720
839
738
678
753
883
536
683
860
558
832
746
702
658
595
697
693
576
821
826
809
675
523
863
562
569
669
610
892
735
501
693
717
871
819
759
521
733
878
708
506
716
818
758
720
729
792
725
852
846
851
891
621
608
521
593
662
543
501
503
867
562
580
751
826
739
690
842
772
873
538
674
524
682
872
798
502
863
670
673
530
712
724
843
867
648
618
826
527
798
890
682
752
549
748
790
647
811
627
0
864
564
695
692
525
594
597
611
792
735
831
769
882
823
637
591
875
761
500
728
733
852
774
559
705
619
630
628
582
598
807
565
897
859
899
842
751
693
627
698
860
678
891
669
893
882
754
783
536
508
735
767
710
653
613
629
592
716
623
771
710
887
606
715
780
505
532
645
587
605
743
632
624
894
774
613
548
644
712
660
545
521
536
736
683
879
783
876
739
683
832
539
839
559
544
666
899
536
720
864
0
844
561
747
745
576
520
665
887
738
500
764
536
668
641
546
508
627
822
692
658
858
598
852
599
876
744
642
772
523
610
721
520
731
832
752
879
862
848
654
520
680
867
547
671
581
860
796
860
645
846
611
789
523
852
886
593
712
572
501
712
785
619
736
513
742
550
767
714
652
864
599
735
808
563
769
731
718
525
609
616
664
815
844
865
873
894
696
794
591
528
592
543
698
566
554
872
628
839
564
844
0
746
889
828
534
594
669
859
725
821
777
815
870
505
731
792
622
672
795
551
840
544
712
840
799
734
854
795
645
690
576
768
585
542
693
870
565
731
812
701
638
732
755
584
736
868
718
593
726
653
625
728
606
797
774
761
819
846
523
685
844
729
857
826
701
612
756
583
671
506
816
729
587
882
644
604
586
702
585
737
749
573
718
657
598
639
836
853
581
696
853
742
767
616
848
810
683
738
695
561
746
0
735
634
562
879
502
716
649
800
851
835
730
568
726
748
742
899
762
811
665
671
655
706
828
789
613
507
828
884
678
676
546
691
599
761
512
784
608
683
691
538
554
827
841
504
787
723
774
621
500
720
774
603
863
624
549
736
851
721
827
813
884
710
533
675
739
532
841
809
840
797
660
771
501
766
716
867
635
861
740
640
900
801
802
789
772
532
688
782
752
813
862
833
707
880
750
678
692
747
889
735
0
558
656
514
783
878
627
782
857
794
590
806
626
816
528
634
777
628
896
662
644
843
630
521
631
694
659
705
851
551
780
507
735
566
590
520
880
650
607
780
686
843
567
617
857
828
802
643
785
573
881
795
650
841
656
524
566
702
730
883
614
583
554
744
635
888
504
637
634
747
851
600
863
790
764
861
712
746
743
812
782
627
803
716
637
538
611
688
692
840
776
634
679
769
717
753
525
745
828
634
558
0
546
746
889
801
747
829
860
840
631
884
570
882
531
807
682
735
671
782
798
556
626
785
606
691
702
539
811
556
610
579
532
570
550
508
561
537
798
895
626
649
838
891
868
742
592
609
627
733
839
695
590
583
705
591
627
643
877
569
743
761
629
504
511
617
836
755
893
762
580
795
749
801
805
687
602
795
587
865
859
617
782
571
637
550
858
584
748
846
650
749
535
849
783
883
594
576
534
562
656
546
0
723
688
514
592
650
837
703
709
614
584
702
638
781
627
617
777
611
590
702
559
599
882
583
748
556
699
694
677
795
733
667
667
675
578
846
545
725
512
697
868
878
684
893
561
645
719
619
512
813
558
788
501
592
526
742
569
507
593
642
806
643
784
808
641
725
541
717
737
826
506
503
601
676
762
797
800
534
726
752
557
536
613
820
752
589
587
709
698
868
674
844
808
536
597
520
594
879
514
746
723
0
635
517
758
725
736
579
863
800
564
510
745
878
624
533
816
725
535
593
729
505
539
777
616
726
681
639
643
838
867
525
570
572
780
665
666
872
743
733
827
692
623
587
627
804
524
603
680
801
676
702
603
621
548
626
693
683
813
763
569
799
626
827
825
519
626
528
559
582
533
803
636
688
843
891
620
553
883
518
829
853
671
575
779
604
610
760
646
548
707
779
509
683
611
665
669
502
783
889
688
635
0
563
725
667
861
646
892
655
525
836
594
682
785
837
758
578
727
759
520
854
711
598
802
713
802
748
694
589
807
619
576
810
741
866
804
706
753
674
563
674
570
750
609
875
781
888
638
870
738
503
859
888
539
510
661
820
882
892
501
805
880
532
722
556
606
698
745
564
739
819
562
777
687
874
558
778
618
846
597
755
637
628
657
847
536
655
749
700
828
737
755
860
792
887
859
716
878
801
514
517
563
0
826
772
869
795
627
855
509
732
639
543
892
618
747
689
754
845
777
824
712
667
819
713
749
745
839
655
649
661
585
805
848
522
721
692
536
617
786
518
658
617
865
727
514
746
567
737
841
853
799
878
731
690
886
775
532
892
650
881
615
557
605
565
766
841
771
785
747
797
682
523
546
663
621
840
764
536
820
621
681
724
560
566
691
657
754
803
799
802
642
558
735
738
725
649
627
747
592
758
725
826
0
720
877
774
562
794
870
830
643
641
716
548
723
778
890
696
628
540
711
688
763
704
647
854
586
893
527
757
700
777
855
707
562
630
885
527
740
900
818
508
513
868
867
646
694
881
745
782
667
617
600
703
706
718
591
872
755
696
531
515
609
796
622
664
843
743
585
790
879
881
660
531
781
607
818
570
773
781
823
885
900
508
857
850
506
601
693
727
756
832
831
500
821
800
782
829
650
725
667
772
720
0
737
752
562
660
649
734
579
616
693
557
782
578
534
638
644
773
731
753
526
769
504
622
630
871
885
520
661
614
852
570
819
732
737
774
541
883
557
693
782
565
560
795
753
643
818
589
797
652
897
534
640
797
599
569
572
796
708
724
625
864
738
624
522
809
716
505
855
751
607
854
795
891
885
571
867
558
526
612
630
713
693
768
726
686
679
887
877
746
769
764
777
851
857
860
837
736
861
869
877
737
0
708
783
869
899
605
537
647
559
804
780
827
596
687
658
568
725
668
607
799
738
857
817
728
819
832
504
674
667
627
507
831
611
868
568
801
633
656
665
854
851
639
707
736
599
716
713
861
596
511
799
694
845
802
643
542
807
679
796
721
622
820
586
899
850
729
775
565
546
623
883
722
740
696
554
707
642
584
622
796
526
817
541
567
793
850
797
702
882
536
815
835
794
840
703
579
646
795
774
752
708
0
631
805
562
667
682
597
665
688
851
786
531
527
887
625
721
800
879
610
827
645
638
555
834
594
508
577
566
855
695
797
689
584
527
721
617
686
871
586
738
684
519
873
871
798
865
639
662
866
688
694
740
566
523
743
617
783
508
597
877
552
617
622
777
752
718
622
627
635
632
685
644
504
767
688
828
893
761
632
600
745
642
839
814
657
891
658
823
668
870
730
590
631
709
863
892
627
562
562
783
631
0
747
626
873
845
875
761
770
608
773
604
831
609
671
736
573
662
580
688
705
681
794
523
638
748
545
669
708
743
705
779
797
538
581
668
850
636
579
556
697
801
881
736
797
520
509
798
521
659
739
568
597
644
864
882
760
886
570
880
630
666
696
811
741
675
600
789
791
730
808
504
653
569
585
801
658
876
800
567
857
884
721
685
782
532
595
637
641
505
568
806
884
614
800
655
855
794
660
869
805
747
0
655
661
752
672
575
591
568
671
675
766
799
651
844
760
625
657
839
693
770
779
707
832
785
635
565
614
880
819
846
788
793
727
848
678
712
768
735
634
725
595
512
749
556
633
783
558
865
855
538
506
621
808
783
525
648
889
627
876
662
738
856
547
598
506
606
521
809
791
588
617
736
801
772
672
551
542
547
524
843
879
612
522
578
697
591
546
731
726
626
570
584
564
525
509
870
649
899
562
626
655
0
824
679
739
555
868
875
753
825
701
785
873
594
546
621
741
870
829
825
823
810
617
893
729
795
651
632
770
513
543
833
543
875
723
783
880
683
615
696
791
583
883
771
675
897
705
736
795
598
509
554
743
807
614
640
883
889
858
839
635
809
782
840
574
741
579
558
752
737
809
556
823
679
721
876
777
688
779
513
747
856
787
573
693
875
508
792
748
816
882
702
510
836
732
830
734
605
667
873
661
824
0
685
618
696
841
729
677
870
662
527
679
642
814
848
843
535
835
501
747
582
643
653
698
690
775
760
762
750
604
868
807
648
644
552
766
842
720
594
801
894
700
804
609
787
519
752
765
563
863
834
700
576
675
797
622
862
589
695
582
673
611
704
644
578
512
530
830
895
736
890
709
874
876
759
827
559
806
701
659
849
638
745
576
761
627
622
742
528
531
638
745
594
639
643
579
537
682
845
752
679
685
0
855
769
548
571
666
838
621
768
813
892
809
871
854
609
848
837
798
698
538
524
763
680
648
532
882
680
888
561
631
677
647
579
633
667
662
576
572
555
647
859
505
800
569
763
774
871
641
637
556
568
536
761
629
836
637
592
670
589
859
724
753
834
800
662
711
851
679
619
686
654
842
874
515
603
513
663
601
806
865
818
821
500
822
672
899
634
807
781
878
682
543
641
616
647
597
875
672
739
618
855
0
873
888
636
897
692
819
707
626
867
738
764
616
823
663
597
607
627
804
546
719
755
615
887
761
866
742
714
638
781
639
536
817
763
607
820
760
506
625
579
548
714
712
500
727
507
692
826
865
529
788
883
882
784
863
541
500
565
522
595
862
713
786
623
800
848
656
529
835
560
538
607
655
825
557
795
523
557
843
628
826
728
692
795
762
777
682
627
624
785
892
716
693
559
665
761
575
555
696
769
873
0
602
675
851
542
853
554
743
894
719
759
817
610
686
507
650
659
707
508
641
891
742
701
741
583
724
727
601
534
727
588
863
685
870
682
626
692
871
871
737
690
830
644
764
716
803
882
623
811
652
592
842
700
552
809
845
869
667
751
689
688
579
720
625
730
521
504
692
782
544
697
627
580
697
659
825
611
667
660
809
733
658
551
811
628
735
617
533
837
618
548
557
804
688
770
591
868
841
548
888
602
0
615
627
544
725
792
870
750
664
575
831
686
610
620
626
887
574
800
832
895
668
500
808
840
630
793
848
760
624
561
581
619
773
697
702
746
768
766
594
871
653
817
537
709
659
798
758
666
896
791
746
837
575
679
646
730
890
511
590
797
840
830
738
532
629
668
891
630
859
625
671
891
635
832
837
528
677
612
675
852
858
840
665
896
671
777
816
758
747
723
782
780
851
608
568
875
729
571
636
675
615
0
559
711
785
854
661
787
571
828
769
886
891
837
835
890
675
689
882
742
773
626
741
536
565
892
672
894
880
552
504
842
899
883
541
556
784
644
817
519
673
585
749
896
873
893
600
616
668
873
646
610
596
803
719
608
543
500
811
805
613
523
744
711
664
641
788
832
592
726
835
669
674
761
567
729
719
891
523
774
598
544
671
662
782
611
725
578
689
778
578
827
786
773
671
753
677
666
897
851
627
559
0
579
662
558
571
543
711
680
792
627
622
597
763
617
649
791
850
521
519
624
804
500
847
688
736
823
768
799
891
725
515
502
730
822
563
739
563
766
791
702
538
641
607
739
569
845
658
524
731
535
643
863
628
796
713
887
884
808
651
880
595
554
789
576
775
601
712
601
883
767
830
516
813
611
784
628
863
559
852
712
655
644
798
590
535
727
754
890
534
596
531
604
675
825
870
838
692
542
544
711
579
0
888
655
796
658
816
805
734
845
586
776
747
646
722
829
597
803
671
645
839
871
755
779
835
834
651
650
586
833
576
668
857
692
546
653
741
597
619
737
514
683
648
894
693
868
856
696
594
542
843
554
763
558
830
697
801
574
667
729
789
876
777
817
566
648
501
678
818
766
726
501
790
770
864
767
562
705
599
840
706
843
556
702
593
759
845
696
638
687
527
831
766
701
662
621
819
853
725
785
662
888
0
851
754
546
842
832
816
729
672
540
816
707
654
726
506
767
691
564
763
848
558
628
698
606
577
640
813
547
887
677
709
587
526
693
572
631
749
579
783
641
500
888
594
646
574
522
590
602
600
713
607
880
850
674
501
774
826
737
726
740
556
818
714
716
792
754
640
637
604
748
847
803
789
730
569
619
876
799
828
630
626
559
729
520
777
628
644
658
887
609
799
785
527
768
707
554
792
854
558
655
851
0
613
769
831
533
814
520
562
635
702
624
591
722
716
525
686
590
775
596
682
838
782
689
734
790
722
741
633
597
809
559
789
769
647
614
848
899
612
607
811
760
618
812
535
785
549
614
589
697
580
674
755
530
795
704
798
692
884
834
623
865
709
500
745
701
876
608
779
682
727
533
568
694
669
630
744
734
789
521
785
599
505
854
824
540
773
568
625
671
651
873
679
813
626
743
870
661
571
796
754
613
0
613
864
883
678
601
877
768
716
834
551
719
768
883
558
768
610
818
615
877
615
689
841
860
885
668
510
655
528
570
571
807
700
660
715
621
520
691
724
803
516
738
721
706
679
649
675
672
672
585
569
552
728
894
796
594
651
696
728
509
704
713
584
599
522
631
715
676
799
808
879
590
610
628
642
854
613
631
606
882
539
711
712
711
731
725
721
736
844
594
642
892
867
894
750
787
543
658
546
769
613
0
812
888
502
508
647
562
792
584
865
670
644
752
854
897
709
627
736
748
736
537
617
556
892
525
632
680
814
815
523
782
523
616
687
583
538
664
880
654
699
737
628
853
671
806
630
589
743
805
719
742
552
536
884
720
574
787
660
868
766
852
584
739
786
586
671
741
604
867
544
700
892
582
772
795
507
694
691
583
777
598
667
688
753
668
800
573
760
546
814
809
738
719
664
571
711
816
842
831
864
812
0
861
529
547
754
726
723
624
797
522
656
634
830
556
734
665
559
713
581
560
842
627
645
759
803
835
501
579
534
520
889
778
879
526
670
788
718
723
560
711
661
614
844
685
855
542
831
572
872
568
804
778
736
794
661
861
642
745
797
785
884
544
845
662
886
730
647
529
751
802
735
598
523
645
828
659
702
748
616
802
819
763
526
607
879
662
625
621
848
871
764
759
575
828
680
805
832
533
883
888
861
0
770
689
847
658
636
748
777
736
690
754
704
890
506
692
861
807
652
874
547
708
558
848
738
697
859
541
777
824
635
600
847
745
752
762
711
694
703
718
839
706
582
641
814
542
509
655
831
767
539
893
694
708
625
551
853
537
749
640
640
501
531
534
656
846
852
761
788
664
501
807
610
690
884
705
539
556
726
713
713
704
769
799
610
580
657
741
843
854
616
817
831
769
792
734
816
814
678
502
529
770
0
862
566
501
650
875
749
533
652
621
746
800
523
511
859
509
596
642
531
683
687
520
814
833
780
889
828
537
661
518
705
603
810
738
720
810
783
730
792
841
677
532
769
780
554
890
696
900
771
580
620
623
588
541
826
654
884
598
593
797
698
832
673
770
803
672
753
625
693
565
721
576
678
851
811
699
681
802
749
647
504
738
827
688
839
870
535
609
823
610
686
886
627
845
729
520
601
508
547
689
862
0
733
621
731
627
570
511
866
675
640
697
504
827
608
560
580
795
698
748
755
515
536
595
753
856
782
605
899
774
654
596
579
682
556
740
643
705
774
900
804
721
575
570
548
754
652
563
809
552
854
537
724
724
788
897
608
813
572
726
755
824
586
754
521
574
599
558
717
897
520
768
676
551
556
694
639
748
745
854
622
857
645
705
693
829
835
848
663
686
610
891
622
586
672
562
877
647
754
847
566
733
0
753
898
570
829
542
517
775
675
721
653
821
549
630
615
587
592
767
893
530
776
828
598
632
767
769
626
832
767
667
514
679
653
818
626
564
627
580
862
530
734
560
711
698
662
848
544
801
537
661
627
614
537
644
583
508
779
676
518
524
523
887
872
667
721
518
871
859
731
585
546
780
610
677
643
694
839
586
630
817
638
681
770
825
501
837
597
507
620
837
597
776
540
635
768
562
726
658
501
621
753
0
647
775
550
515
618
786
677
733
807
731
636
841
576
857
509
737
650
505
628
696
596
788
820
596
553
779
842
843
613
882
519
684
542
549
768
658
892
756
770
849
825
767
568
588
868
520
883
820
750
897
859
682
809
502
716
563
836
535
742
898
668
668
734
607
819
899
832
542
691
507
579
795
838
589
655
893
871
728
555
794
779
823
747
798
607
650
626
835
763
747
816
702
716
792
723
636
650
731
898
647
0
677
639
542
619
867
873
569
664
567
642
711
859
703
865
582
721
601
536
832
547
698
701
634
770
867
632
808
821
785
898
796
523
784
749
555
580
848
884
831
672
619
535
768
858
611
680
619
656
670
594
522
667
620
588
793
890
704
607
690
847
693
803
644
759
842
752
693
599
735
532
733
867
807
649
527
885
819
834
523
707
810
582
698
627
659
887
890
617
646
707
624
834
584
624
748
875
627
570
775
677
0
867
569
670
598
823
812
568
669
563
551
558
856
589
877
563
694
572
745
889
708
592
780
708
835
749
721
597
504
609
703
828
506
558
797
876
696
797
510
561
525
517
814
898
669
650
731
510
521
670
864
835
566
656
727
735
849
564
599
860
597
528
753
521
751
879
870
761
566
570
667
525
619
661
757
520
832
594
638
832
617
643
538
804
707
574
675
649
722
654
591
551
865
797
777
749
570
829
550
639
867
0
716
888
650
888
513
566
760
589
570
730
823
843
636
625
596
580
677
670
511
613
656
553
556
845
750
656
588
524
628
673
784
540
621
556
615
760
503
614
585
752
736
891
630
645
807
527
680
505
696
684
644
873
883
608
679
873
817
589
684
525
806
733
693
862
565
512
590
550
667
570
576
585
700
661
504
508
748
785
893
653
524
546
508
800
689
791
829
726
722
719
670
522
736
533
511
542
515
542
569
716
0
900
802
842
565
800
698
882
671
723
569
890
710
741
702
742
770
835
624
891
519
805
873
525
516
698
884
732
570
687
663
549
696
500
836
532
760
752
809
791
850
888
728
678
839
835
877
900
796
865
678
783
784
800
614
580
659
853
702
808
792
878
627
848
731
784
520
508
675
572
810
805
777
614
674
577
545
635
729
698
763
719
641
832
882
850
597
506
716
768
644
656
690
652
866
517
618
619
670
888
900
0
828
598
846
696
871
691
732
603
505
758
788
736
759
803
820
766
711
515
753
768
789
518
796
515
519
706
704
866
852
682
527
619
612
889
526
674
876
646
703
551
551
618
821
550
821
817
628
791
667
841
837
780
527
516
536
667
596
750
832
708
698
654
812
608
880
561
578
780
741
848
855
852
667
566
669
565
795
690
680
755
891
895
742
521
803
767
525
883
752
634
754
621
675
775
786
867
598
650
802
828
0
638
873
898
602
789
687
689
885
651
519
720
710
562
715
756
767
799
595
834
660
677
661
897
705
644
893
892
539
869
679
637
542
504
858
525
871
706
741
567
776
885
580
861
717
552
840
523
758
864
717
872
716
799
731
612
605
601
502
506
860
520
701
683
650
537
846
665
866
522
707
570
627
855
708
614
651
775
648
615
742
668
773
519
671
691
686
558
854
830
704
746
640
675
677
873
823
888
842
598
638
0
792
900
630
837
705
857
833
820
766
705
732
651
785
520
514
538
871
532
799
817
845
502
843
533
827
764
583
593
884
899
524
565
781
726
546
778
592
530
697
765
843
870
764
753
727
859
741
534
796
670
668
744
825
526
888
775
651
716
678
680
638
691
607
798
545
666
804
721
562
819
507
695
743
880
632
760
532
887
701
500
626
624
645
564
590
768
897
556
890
800
697
721
733
569
812
513
565
846
873
792
0
517
727
749
501
587
690
689
530
675
619
530
857
761
777
576
532
661
518
636
726
896
532
586
854
783
797
717
743
888
623
749
688
587
677
824
858
574
678
785
654
520
767
511
575
859
596
582
510
541
825
647
851
632
630
676
513
818
891
867
732
538
780
895
725
872
706
692
630
732
831
797
705
819
770
762
882
761
741
808
741
804
839
763
775
610
709
734
506
523
504
653
807
664
568
566
800
696
898
900
517
0
693
553
738
728
542
869
846
515
831
678
595
823
699
618
882
582
735
762
793
788
731
837
619
722
847
629
762
519
576
761
734
684
740
634
512
588
659
574
775
522
796
758
781
678
647
685
834
830
801
861
637
545
582
567
834
758
669
547
755
554
686
626
512
743
753
536
885
737
611
689
779
846
513
750
680
866
583
840
536
500
871
848
596
818
627
665
692
511
827
821
731
567
669
760
698
871
602
630
727
693
0
526
867
510
519
749
597
584
513
779
823
614
691
761
617
839
548
703
584
741
876
713
869
750
847
772
588
727
743
740
565
782
782
595
697
641
756
757
565
839
564
801
827
805
708
824
792
886
714
851
843
774
644
828
834
720
893
671
584
827
843
649
697
733
674
617
527
774
868
584
797
788
543
604
888
742
724
630
565
847
755
558
682
615
736
559
861
859
608
549
636
642
563
589
882
691
789
837
749
553
526
0
654
860
868
701
755
810
746
543
885
609
874
694
826
660
876
853
755
802
576
702
849
592
567
550
676
530
833
624
828
587
720
798
710
791
503
764
677
673
674
717
850
724
853
547
533
884
699
713
537
860
794
783
733
729
882
581
736
841
567
838
868
827
563
786
740
541
568
527
538
793
833
868
561
714
727
793
892
688
779
628
838
877
748
713
807
509
560
630
841
711
551
570
671
732
687
705
501
738
867
654
0
547
692
514
570
505
647
742
714
750
667
549
652
831
769
880
885
554
541
792
746
679
693
894
731
564
822
807
578
814
860
750
701
746
836
861
811
811
592
726
760
573
561
521
670
893
697
672
866
669
886
661
604
792
754
860
868
504
617
891
878
692
674
518
900
883
801
721
581
727
543
807
631
638
601
848
672
736
835
698
782
615
736
581
652
596
580
615
576
859
558
730
723
603
689
857
587
728
510
860
547
0
525
692
778
575
749
828
696
564
681
854
692
737
654
693
629
814
729
872
712
872
622
876
577
838
817
504
823
593
528
756
854
657
735
673
823
515
681
808
502
673
808
783
712
846
550
892
542
885
708
571
551
725
783
796
718
787
857
868
684
623
570
658
818
557
633
617
668
848
875
648
677
781
534
760
894
823
834
606
689
689
537
560
874
642
795
587
857
703
856
823
569
505
885
833
690
542
519
868
692
525
0
746
502
851
599
609
807
749
850
513
811
632
794
587
583
832
783
773
852
852
733
693
593
796
780
706
869
759
618
864
768
508
832
712
745
656
695
811
518
832
895
574
606
728
627
804
843
763
565
822
863
852
536
860
593
723
828
742
893
587
750
617
508
693
656
686
850
678
723
644
647
639
727
624
880
768
651
577
734
841
617
842
547
531
698
592
509
865
589
843
890
758
651
820
689
869
749
701
514
692
746
0
797
552
554
546
656
765
849
727
812
591
852
832
569
517
556
703
826
598
582
682
657
678
626
560
657
860
802
543
533
596
662
801
684
669
550
631
604
682
782
574
551
711
576
652
808
719
609
540
671
846
508
645
726
774
802
592
561
627
609
865
513
782
665
871
636
712
783
552
579
536
588
561
552
799
650
640
790
860
556
627
708
683
748
767
737
582
877
636
710
788
519
766
530
846
597
755
570
778
502
797
0
507
509
612
804
722
590
814
888
568
502
764
511
807
726
827
899
550
542
644
519
864
665
774
585
795
529
616
706
863
864
865
709
748
513
585
856
866
705
833
852
682
631
668
779
552
758
728
603
851
735
846
653
621
643
609
645
804
875
727
868
565
854
586
579
768
880
766
633
817
863
581
504
891
586
813
722
885
892
645
558
687
755
893
650
721
563
625
741
736
720
705
675
515
584
810
505
575
851
552
507
0
820
531
693
572
653
690
788
618
833
827
857
662
519
794
771
865
658
659
735
767
765
647
637
865
663
635
534
658
548
771
734
667
791
786
744
583
587
670
633
720
598
809
885
885
800
548
817
891
767
611
625
500
785
627
719
524
781
514
867
560
851
738
556
735
683
842
667
763
685
619
842
725
833
547
741
668
525
759
848
520
515
530
505
601
694
596
702
759
710
732
619
831
513
746
647
749
599
554
509
820
0
519
695
515
850
517
824
674
877
620
658
533
708
885
781
839
807
883
544
822
865
849
654
581
513
843
639
684
552
506
663
866
869
767
777
812
865
882
866
517
753
796
824
794
626
898
787
621
710
789
728
720
573
733
619
603
888
746
646
795
639
684
697
634
615
720
662
607
870
773
899
515
576
887
633
510
632
803
738
814
536
776
628
536
572
580
742
803
562
651
530
678
779
543
742
828
609
546
612
531
519
0
841
570
796
632
746
741
669
659
879
511
630
823
711
811
877
607
531
860
724
856
537
749
752
850
647
795
810
646
655
535
850
544
849
560
759
749
632
700
598
778
651
861
783
804
847
608
653
523
606
774
881
839
512
680
638
567
694
753
707
519
801
725
696
594
576
820
682
697
883
502
668
677
597
655
680
835
697
833
595
828
696
832
745
677
770
820
715
785
857
595
823
885
714
696
807
656
804
693
695
841
0
637
697
859
691
650
657
505
714
553
614
848
620
660
542
596
585
540
755
900
853
728
536
567
878
864
818
529
622
861
834
774
695
532
827
595
779
815
657
837
578
770
708
759
858
521
613
852
797
603
795
695
813
801
870
737
881
643
736
873
881
595
791
801
572
760
626
702
541
730
857
709
809
528
814
501
859
780
753
598
596
547
889
670
835
766
756
520
761
823
614
609
750
564
749
765
722
572
515
570
637
0
783
548
562
579
568
619
734
799
627
624
645
546
659
501
893
637
857
621
808
637
738
595
895
866
860
865
808
803
772
669
618
565
562
655
504
688
713
612
715
687
692
542
656
593
629
886
774
863
650
590
558
676
738
841
745
818
599
871
736
512
583
894
555
506
692
746
556
822
692
587
559
570
815
579
541
889
856
632
788
698
708
511
624
711
767
514
777
699
691
874
667
681
850
849
590
653
850
796
697
783
0
798
674
779
840
732
601
879
894
566
580
552
567
705
633
663
792
595
681
501
571
699
722
500
877
776
668
626
805
660
574
538
874
548
896
900
609
609
526
667
695
874
835
662
592
593
761
624
841
583
788
702
503
853
782
589
716
798
797
749
883
700
647
625
871
768
784
563
546
526
789
571
523
534
777
828
782
767
820
701
592
613
891
515
799
538
576
618
761
694
549
854
513
727
814
690
517
632
859
548
798
0
890
521
811
900
564
578
856
525
772
711
745
737
571
626
670
854
779
803
604
711
543
521
544
551
716
579
761
526
873
647
850
504
604
804
810
686
695
592
872
828
783
543
716
712
819
549
656
705
501
603
859
799
667
797
713
865
520
556
771
804
859
579
871
766
644
739
653
693
769
807
782
520
824
537
605
769
596
634
780
656
519
753
595
871
532
882
617
826
652
692
811
812
888
788
824
746
691
562
674
890
0
775
586
730
898
697
590
876
567
887
782
586
756
826
691
611
773
522
820
563
671
645
815
631
551
626
643
698
769
649
884
534
885
601
781
711
674
584
612
800
632
501
623
572
846
736
524
591
592
621
888
878
617
652
861
639
509
633
675
609
505
548
737
594
817
563
741
572
647
700
523
889
635
661
899
626
553
770
708
553
805
768
834
532
661
582
839
660
831
737
632
591
568
618
674
741
650
579
779
521
775
0
876
790
847
744
730
715
730
882
850
541
854
713
562
761
658
565
861
653
627
783
537
743
665
853
665
646
870
620
782
502
602
754
835
631
678
557
768
656
684
503
771
501
523
851
566
627
526
548
539
731
600
897
596
662
798
783
897
787
800
714
690
871
519
766
597
631
614
660
616
778
600
518
774
832
779
867
835
556
873
789
660
799
518
735
548
876
769
654
794
852
502
833
877
669
657
568
840
811
586
876
0
532
606
845
632
690
787
719
512
568
763
773
770
721
867
684
743
612
809
890
501
657
857
778
631
652
696
621
667
863
826
739
503
865
881
692
622
629
543
867
710
712
685
721
702
643
742
626
510
690
703
534
511
866
521
558
705
519
569
712
830
653
673
791
619
749
848
715
687
879
847
705
654
767
842
632
749
845
525
518
677
817
636
762
703
853
880
693
587
832
764
827
620
659
505
619
732
900
730
790
532
0
642
886
783
659
822
867
786
691
849
801
817
609
607
733
570
666
556
729
570
829
730
564
781
538
840
709
635
709
848
829
834
728
614
516
600
641
577
562
887
785
844
827
730
877
569
693
661
886
706
640
799
688
659
865
736
752
763
500
644
817
585
702
737
579
899
621
583
526
745
603
596
667
843
808
721
750
516
796
661
845
726
793
584
755
885
629
583
569
511
857
658
879
714
734
601
564
898
847
606
642
0
504
593
861
605
638
828
515
742
750
660
586
724
879
755
746
569
840
555
843
740
678
668
717
815
660
899
626
749
608
657
524
742
596
585
867
706
580
606
619
729
813
883
569
507
683
820
775
718
797
694
694
739
855
795
765
774
727
764
537
749
538
514
783
612
520
538
670
752
810
579
514
613
821
597
656
698
515
897
502
896
788
741
802
554
814
832
517
807
662
533
511
553
799
879
578
697
744
845
886
504
0
