0
0
0
0
0
0
0
0
0
0
0
0
0
0
0
0
984
0
811
500
0
709
0
0
693
0
456
326
0
919
81
0
94
0
2
0
24
216
345
346
352
241
705
0
499
0
0
964
0
0
0
0
354
0
800
0
455
0
0
0
965
0
831
0
53
0
577
0
777
0
793
71
0
0
332
0
246
102
0
0
840
504
0
0
538
0
0
436
811
0
0
0
0
646
901
765
934
0
0
0
0
0
0
0
0
0
0
0
0
0
0
0
0
0
0
0
768
959
811
13
785
0
186
582
0
14
0
409
0
881
0
0
0
780
983
363
0
0
296
257
668
888
671
0
217
0
989
0
0
409
768
0
0
0
0
895
95
634
649
516
613
0
693
0
949
367
0
0
673
959
830
495
996
87
816
0
207
829
0
0
0
0
741
0
0
0
828
0
466
956
0
980
345
0
834
205
89
100
243
0
0
0
0
0
0
0
0
0
0
0
0
0
0
0
0
0
341
8
87
813
0
0
0
761
208
33
34
0
0
424
0
249
334
642
0
0
0
0
0
516
447
0
63
0
613
999
0
284
0
955
0
0
611
0
366
0
0
0
0
241
115
0
512
202
0
0
231
0
432
0
0
922
0
337
0
666
449
0
784
0
502
0
0
81
0
747
0
510
0
613
8
0
408
242
550
0
297
551
0
878
0
0
0
0
0
0
0
0
0
0
0
0
0
0
0
0
0
0
626
614
0
0
453
227
0
0
0
0
0
0
764
738
0
855
0
957
0
251
306
543
0
476
328
0
0
0
718
730
0
422
928
741
251
0
0
0
0
946
0
990
0
259
0
0
944
310
0
616
649
787
0
981
26
0
424
0
0
489
691
0
210
617
0
616
0
610
4
0
0
0
27
438
112
985
0
0
192
0
0
0
0
0
0
0
0
0
0
0
0
0
0
0
0
0
0
0
256
370
479
628
0
442
0
0
0
66
619
0
827
0
0
425
0
0
851
328
0
684
582
0
0
614
660
35
214
0
997
0
0
89
0
607
706
0
0
641
217
366
469
0
0
0
0
837
816
889
0
517
0
65
421
573
0
691
184
0
774
0
702
463
0
23
0
0
0
976
0
84
0
845
0
318
0
0
168
0
0
0
0
0
0
0
0
0
0
0
0
0
0
0
0
0
0
0
0
0
0
801
698
31
341
405
0
0
0
0
0
0
0
0
253
327
0
443
0
582
459
345
204
918
0
706
437
0
526
848
0
624
812
982
836
0
222
10
567
0
0
857
306
277
422
0
0
950
0
696
0
485
0
0
0
635
0
824
185
0
830
0
0
0
468
0
0
0
809
383
0
0
0
580
294
644
469
935
90
0
0
735
0
802
0
0
0
0
0
0
0
0
0
0
0
0
0
0
0
0
0
170
0
749
504
0
0
23
486
0
0
0
0
244
0
0
323
570
0
668
0
0
495
0
0
0
230
59
121
0
157
957
228
0
816
290
922
631
459
232
0
0
0
286
168
0
0
0
0
457
466
218
776
0
948
0
0
0
0
0
426
789
290
0
626
0
0
0
121
253
0
0
0
0
0
523
589
0
737
985
560
0
387
0
0
0
0
0
0
0
0
0
0
0
0
0
0
0
0
0
0
0
310
0
0
326
0
0
0
0
0
623
981
0
0
0
0
0
0
404
385
402
472
0
59
997
0
677
0
0
0
397
0
685
0
741
848
0
0
0
0
422
853
0
891
0
0
0
0
0
0
119
0
409
686
181
0
0
0
701
0
392
879
24
789
70
264
0
805
0
0
112
0
0
0
0
0
650
469
577
198
282
0
546
0
0
0
0
0
0
0
0
0
0
0
0
0
0
0
0
162
84
0
0
458
0
259
529
127
0
0
0
0
939
721
914
88
0
830
827
627
0
26
123
41
0
317
0
338
0
0
0
0
0
507
0
0
254
0
498
742
0
0
0
0
281
290
463
0
0
426
0
423
205
0
199
0
0
368
198
10
38
359
0
908
922
785
0
84
0
0
830
0
0
0
379
0
0
0
0
920
0
0
435
0
0
0
0
0
0
0
0
0
0
0
0
0
0
0
0
0
0
634
0
0
881
522
811
0
0
426
0
0
0
0
0
746
27
376
0
631
811
63
0
0
0
780
968
988
0
161
0
638
0
0
799
855
0
0
0
0
286
176
41
240
409
0
0
33
451
0
0
0
0
0
0
0
0
407
0
0
375
0
0
0
0
655
0
0
515
0
0
0
196
0
546
0
0
129
0
811
0
0
293
0
0
0
0
0
0
0
0
0
0
0
0
0
0
0
0
921
51
295
824
269
0
638
0
272
0
0
785
0
339
942
0
27
0
920
0
0
697
990
0
0
0
0
0
0
0
674
0
247
0
0
0
388
0
571
0
0
871
0
0
511
0
61
523
0
0
0
72
58
661
369
0
473
835
0
564
0
0
867
0
729
0
257
0
0
0
71
782
0
0
743
26
92
0
494
618
304
0
326
0
0
0
0
0
0
0
0
0
0
0
0
0
0
0
0
0
24
0
0
948
439
281
0
462
0
0
790
642
0
0
59
0
526
0
0
67
505
0
0
682
0
565
0
0
897
0
0
0
0
0
0
442
0
0
0
895
527
357
517
17
0
0
145
250
136
0
0
0
817
0
0
74
0
109
562
832
913
452
0
0
0
873
0
0
183
0
0
259
0
545
698
0
327
982
0
668
669
0
0
791
0
0
0
0
0
0
0
0
0
0
0
0
0
0
0
0
0
890
0
0
0
0
178
0
895
0
773
0
715
0
0
0
0
0
773
992
963
218
735
332
195
0
332
0
0
589
469
0
650
763
0
0
0
36
436
0
647
0
0
336
0
0
539
0
511
544
284
11
689
969
218
614
0
0
0
838
0
0
0
211
961
933
33
0
0
0
0
0
38
595
0
78
724
835
0
169
240
762
0
0
0
0
0
0
0
0
0
0
0
0
0
0
0
0
0
0
234
0
129
0
0
167
0
0
0
0
0
946
0
0
0
0
321
0
906
0
0
831
0
0
0
516
134
0
0
850
765
275
0
814
716
0
577
630
0
295
0
109
0
0
823
701
0
424
170
530
0
685
0
0
659
448
0
391
976
385
294
549
136
0
558
512
908
0
645
711
0
551
0
893
0
809
0
831
977
0
0
0
839
0
0
0
0
0
0
0
0
0
0
0
0
0
0
0
0
0
675
0
0
0
849
737
0
413
997
929
818
51
409
0
0
401
265
790
0
0
0
0
0
0
86
267
0
0
0
0
161
0
0
393
0
188
486
455
475
107
0
732
0
661
0
0
0
0
0
0
0
763
46
0
0
986
0
0
0
0
469
0
0
718
163
261
0
561
975
0
0
0
537
0
0
706
0
0
812
0
0
0
616
0
0
0
0
0
0
0
0
0
0
0
0
0
0
0
0
0
0
0
206
229
0
482
0
0
0
0
0
58
0
0
518
0
0
0
0
205
0
0
0
529
994
0
0
380
0
0
0
736
9
0
0
34
311
0
0
0
0
321
0
835
968
0
742
0
417
0
0
0
0
480
771
491
156
721
88
46
661
0
0
0
705
0
0
648
474
0
0
0
0
0
0
0
0
793
0
0
0
0
194
612
984
768
341
0
256
0
0
0
162
0
921
24
0
234
675
0
0
0
0
0
0
0
0
0
0
0
0
0
0
0
0
0
0
319
0
95
419
221
227
0
918
0
0
0
0
344
914
0
0
326
896
0
0
0
0
772
0
346
0
86
77
0
0
663
0
0
150
700
647
702
724
23
0
536
0
0
61
0
907
0
0
0
719
0
0
186
42
0
0
0
582
0
680
0
459
446
0
0
758
884
0
959
8
0
370
801
170
0
84
0
51
0
890
0
0
0
0
0
0
0
0
0
0
0
0
0
0
0
145
0
0
642
0
347
411
724
175
0
0
629
0
0
0
212
0
335
522
0
832
0
0
493
0
320
445
0
0
164
0
174
0
846
0
0
0
356
0
0
0
137
731
569
372
0
361
190
0
730
0
301
0
949
527
0
497
142
0
0
0
0
0
571
903
0
0
585
364
253
0
0
811
811
87
626
479
698
0
310
0
634
295
0
0
129
0
206
0
0
0
0
0
0
0
0
0
0
0
158
224
0
0
95
0
743
52
783
0
623
0
797
0
0
265
0
0
0
620
451
0
57
0
336
441
0
953
989
867
0
0
0
0
911
0
697
806
683
0
0
103
0
358
217
262
0
0
0
227
0
396
0
913
0
672
0
243
589
187
0
956
449
0
0
0
958
0
633
867
0
0
577
500
13
813
614
628
31
749
0
0
0
824
948
0
0
0
229
0
0
0
0
0
0
0
0
0
0
0
357
516
0
390
0
0
58
657
0
896
645
0
0
0
735
252
0
0
51
0
384
0
0
171
0
725
0
433
814
272
230
0
0
188
0
508
0
234
118
0
733
604
0
184
0
0
0
0
494
0
0
0
0
184
894
674
0
0
268
0
640
988
0
0
0
803
0
392
0
473
0
0
270
0
785
0
0
0
341
504
0
458
0
269
439
0
0
849
0
0
0
0
0
0
0
0
0
0
0
0
297
696
0
578
235
409
0
706
0
100
0
595
367
0
0
284
912
0
0
0
144
0
298
0
974
0
519
0
639
251
0
0
546
0
0
0
0
225
477
0
0
825
0
181
647
335
416
391
384
187
763
895
47
0
0
0
0
0
640
539
0
52
161
701
0
764
0
0
96
0
815
0
0
709
0
0
0
442
405
0
326
0
881
0
281
0
167
737
482
0
0
0
0
0
0
0
0
0
0
0
614
668
0
935
0
648
690
0
808
194
262
0
0
0
0
558
664
269
0
0
650
158
158
14
0
0
600
793
0
650
0
441
0
0
0
716
0
0
0
0
69
0
0
0
0
0
0
422
0
0
343
189
665
614
105
0
489
181
566
867
0
943
0
674
654
0
0
0
456
0
0
0
482
0
186
0
453
0
0
0
0
259
522
638
0
178
0
0
0
0
0
0
0
0
0
0
0
0
0
0
49
0
247
0
804
525
0
202
431
286
0
269
696
35
59
701
642
658
172
753
0
440
10
440
0
0
762
657
0
0
0
0
0
0
0
0
0
0
0
0
836
682
471
0
0
816
0
0
725
0
0
89
226
0
508
827
981
214
0
805
0
0
749
0
269
27
3
0
0
0
0
0
0
0
582
761
227
0
0
23
0
529
811
0
462
0
0
413
0
0
0
0
0
0
0
0
0
0
0
0
0
0
852
250
19
763
0
791
0
0
559
0
0
0
0
0
35
0
96
0
0
196
1
668
0
0
0
49
495
727
0
0
0
625
0
729
157
0
0
501
900
0
765
0
0
993
12
0
0
0
0
0
0
0
297
202
771
463
0
572
0
779
0
389
714
366
0
620
0
0
128
0
91
693
0
208
0
0
0
486
0
127
0
272
0
895
0
997
0
0
0
0
0
0
0
0
0
0
0
0
294
0
0
0
227
0
0
0
254
0
265
0
0
0
759
103
860
0
0
0
0
0
0
753
0
443
955
0
0
0
0
0
0
0
0
659
261
946
246
0
276
804
0
0
421
637
331
306
0
473
0
0
976
818
991
0
0
0
0
0
270
0
436
0
401
440
105
62
0
716
0
0
0
0
14
33
0
66
0
0
0
0
0
0
0
0
0
929
0
0
0
0
0
0
0
0
0
0
0
0
0
0
537
606
222
355
0
0
0
0
274
711
0
579
204
47
0
0
0
0
0
169
0
0
722
168
512
0
0
0
778
0
0
323
53
0
0
364
283
0
789
0
0
0
954
965
619
0
0
808
852
0
448
373
648
544
0
97
197
156
0
0
0
153
824
0
0
557
0
0
0
649
0
456
0
34
0
619
0
0
0
0
426
0
790
773
0
818
0
0
0
0
0
0
0
0
0
0
0
0
44
0
973
752
521
0
822
0
731
551
0
156
227
0
681
0
633
0
0
0
0
0
494
0
289
0
449
0
0
722
717
564
449
879
733
933
0
0
0
0
529
118
761
332
0
592
221
0
61
0
531
722
0
0
0
0
154
553
922
0
0
0
0
773
907
98
0
0
367
0
87
226
0
326
409
0
0
0
0
0
623
0
0
785
642
0
946
51
58
0
0
158
357
297
614
49
0
294
0
44
0
0
0
0
0
0
0
0
0
0
0
0
0
243
0
0
0
375
0
0
0
0
0
498
794
842
0
0
358
365
658
0
0
789
775
905
0
664
292
378
0
0
804
675
0
85
454
0
769
830
0
749
602
359
0
72
458
0
379
0
775
222
0
0
0
454
0
104
532
933
670
0
0
0
0
0
0
827
0
0
981
0
0
0
0
715
0
409
0
0
145
224
516
696
668
0
0
0
0
0
0
0
0
0
0
0
0
0
0
0
0
0
0
0
0
0
560
0
407
0
0
0
0
68
0
0
136
0
0
569
0
0
559
296
0
0
569
0
0
94
0
213
841
659
407
151
0
470
0
0
163
573
0
611
0
465
910
541
0
249
0
572
14
418
635
0
0
0
954
667
78
0
0
919
881
424
0
0
0
244
0
939
0
339
0
0
0
0
0
0
0
0
0
0
0
247
852
0
537
973
0
0
0
0
0
0
0
0
0
0
0
0
0
0
126
587
0
0
0
0
507
0
0
0
600
0
0
214
0
604
0
467
604
766
475
0
280
0
0
494
0
568
0
509
86
736
0
487
0
200
910
789
0
0
479
0
0
0
0
292
0
971
420
710
806
0
0
0
0
0
0
407
674
81
0
0
764
0
253
0
0
721
0
942
59
0
0
0
518
0
0
0
390
578
935
0
250
0
606
752
0
0
0
0
0
0
0
0
0
0
0
0
0
19
0
897
288
493
799
174
0
131
0
0
0
150
0
787
0
337
0
987
701
100
906
0
0
0
0
612
781
0
0
0
0
841
0
381
32
237
0
0
0
50
0
0
320
0
0
108
0
816
0
0
897
942
893
0
733
823
0
981
0
0
0
249
738
425
327
0
0
914
0
0
0
0
0
401
0
0
642
95
0
235
0
804
19
227
222
521
0
0
0
0
0
0
0
0
0
0
0
0
0
807
37
0
415
34
100
106
0
631
0
0
383
0
539
815
0
19
0
0
0
554
0
276
0
0
0
729
345
463
0
221
0
0
0
499
771
299
562
0
251
0
670
450
0
0
790
887
0
0
0
722
0
0
504
79
0
0
0
858
0
94
0
334
0
0
0
323
0
88
746
27
526
0
321
265
0
0
0
0
0
409
648
525
763
0
355
0
0
0
0
0
0
0
0
0
0
0
0
0
0
0
211
676
753
597
0
0
0
902
0
0
0
0
315
612
0
432
462
987
563
230
20
0
440
489
104
415
396
9
0
122
27
105
0
96
253
800
0
967
0
948
0
294
652
336
941
0
0
0
0
310
0
0
133
243
0
0
0
0
484
0
780
642
855
0
443
570
0
0
27
0
0
0
0
790
0
319
347
743
58
0
690
0
0
0
0
822
0
0
0
0
0
0
0
0
0
0
0
0
0
914
0
493
538
0
951
379
589
0
0
769
0
865
0
967
740
426
361
213
892
429
0
0
0
84
636
0
100
350
491
728
0
794
0
0
0
0
0
0
0
329
0
0
0
39
0
0
471
0
232
307
656
512
901
973
0
716
283
76
795
2
983
0
0
851
0
0
0
830
376
920
0
773
906
0
0
0
411
52
657
706
0
202
791
0
0
0
0
0
0
0
0
0
0
0
0
0
0
0
0
797
897
0
0
326
0
58
0
487
526
0
791
0
764
0
252
985
318
221
0
0
580
24
906
0
0
603
575
0
646
851
0
813
0
367
0
0
0
0
436
0
518
219
546
130
0
64
481
0
0
0
0
85
0
0
702
0
0
0
506
0
363
0
957
328
582
668
404
827
0
0
67
992
0
0
205
95
724
783
0
0
808
431
0
254
0
731
0
0
0
0
0
0
0
0
0
0
0
0
0
0
0
0
496
0
0
0
348
0
747
205
288
238
476
0
955
388
244
180
74
966
142
317
617
0
0
0
0
597
0
395
0
0
0
0
850
443
302
154
900
449
0
0
0
0
0
0
0
0
0
0
759
0
719
0
216
245
0
783
0
24
0
0
0
0
459
0
385
627
631
0
505
963
0
0
0
419
175
0
896
100
194
286
0
0
0
551
0
0
0
0
0
0
0
0
0
0
0
0
0
967
272
0
518
823
513
744
712
958
0
0
0
0
338
0
0
801
59
0
0
0
0
0
103
0
542
0
928
0
464
716
0
416
275
108
471
328
757
484
703
0
0
532
326
0
0
0
690
193
492
0
0
386
0
573
0
0
819
694
0
216
0
0
251
684
345
0
402
0
811
697
0
218
831
0
0
221
0
623
645
0
262
0
559
265
274
0
0
0
0
0
0
0
0
0
0
0
0
0
0
0
0
0
571
975
0
0
885
0
698
659
0
0
0
0
0
170
775
754
0
0
929
0
844
0
0
229
0
0
0
172
0
0
0
0
0
0
0
216
636
0
793
51
0
393
118
596
259
0
0
0
499
29
0
0
0
39
0
0
0
345
296
0
306
582
204
495
472
26
63
990
0
735
0
0
0
227
0
0
0
595
0
269
0
0
711
156
0
0
0
0
0
0
0
0
0
0
0
0
0
0
249
431
812
866
0
885
0
0
0
14
0
302
0
0
546
779
0
364
0
0
0
0
200
884
0
0
856
0
894
846
372
495
799
65
0
324
639
367
0
129
0
0
864
0
0
393
0
0
324
0
0
524
408
770
0
0
0
0
533
346
257
516
543
0
918
0
0
123
0
0
682
332
0
0
529
0
629
797
0
367
0
696
0
0
0
227
0
0
0
0
0
0
0
0
0
0
0
0
0
711
239
325
171
356
125
240
279
0
159
0
39
0
0
332
0
821
867
0
286
342
15
821
599
0
0
504
0
708
370
491
0
193
7
546
0
0
92
0
0
0
196
0
882
863
0
0
104
431
344
25
0
236
398
33
0
0
417
0
0
352
668
447
0
0
0
0
59
41
0
0
0
195
0
86
994
918
0
0
0
0
0
35
0
0
579
0
243
0
0
19
807
0
914
797
0
967
0
0
711
0
0
0
0
0
0
0
0
0
0
0
0
0
0
0
0
0
0
396
311
281
838
236
0
890
0
0
0
87
0
0
208
755
0
467
519
0
574
42
189
0
0
108
688
397
0
653
0
0
302
550
339
458
201
257
0
310
0
553
905
241
888
0
476
614
706
0
997
0
0
0
565
0
516
267
0
0
0
0
735
0
0
59
0
759
204
681
0
0
126
0
37
211
0
897
0
272
0
249
239
0
0
0
0
0
0
0
0
0
0
0
0
0
0
0
0
0
0
250
502
371
784
792
0
0
0
289
397
245
21
0
0
0
0
0
0
0
0
0
0
0
447
0
55
365
0
978
0
344
0
0
10
0
622
476
676
483
481
874
583
705
671
63
328
660
437
230
0
317
780
0
0
332
134
0
0
0
0
265
252
284
558
701
0
103
47
0
0
0
587
897
0
676
493
0
0
0
0
431
325
0
0
0
0
0
0
0
0
0
0
0
0
0
0
0
0
0
0
855
0
358
0
123
0
724
935
322
290
614
354
930
0
0
0
132
0
0
691
0
0
930
516
0
334
0
0
419
848
0
940
0
482
31
0
925
650
0
0
0
938
0
0
0
0
35
0
59
677
0
968
0
0
0
0
0
380
0
212
0
0
912
664
642
35
860
0
633
0
560
0
288
415
753
538
0
496
518
571
812
171
0
0
0
0
0
0
0
0
0
0
0
0
0
0
0
0
0
0
0
0
0
509
319
0
780
0
154
753
253
0
314
0
0
586
0
97
918
997
204
676
0
0
185
0
890
429
707
97
93
613
761
0
587
0
0
286
356
0
0
0
499
217
613
0
214
526
121
0
338
988
0
897
0
0
0
0
0
0
0
0
0
269
658
0
0
0
0
375
0
0
493
34
597
0
326
0
823
975
866
356
0
0
0
0
0
0
0
0
0
0
0
0
0
0
0
0
0
0
0
0
0
934
704
158
0
190
0
0
0
0
0
0
492
42
984
354
254
0
0
0
36
747
0
0
0
0
209
0
0
85
0
0
34
0
0
238
0
644
0
352
0
0
999
0
0
848
0
0
0
0
0
0
589
850
0
0
344
335
0
51
0
0
172
96
0
0
0
0
407
0
799
100
0
951
0
0
513
0
0
125
0
0
0
0
0
0
0
0
0
0
0
0
0
0
0
0
0
0
0
703
538
0
0
858
0
101
0
0
0
0
969
0
0
0
345
0
294
715
0
0
225
0
708
640
704
726
590
0
0
97
0
619
6
0
0
0
278
169
0
142
0
989
0
718
997
0
157
0
0
161
674
0
469
765
161
0
914
522
620
0
0
0
753
0
0
0
0
0
0
0
174
106
0
379
58
0
744
0
885
240
0
0
0
0
0
0
0
0
0
0
0
0
0
0
0
0
0
0
0
0
0
0
762
45
28
0
0
0
0
0
0
547
0
385
568
744
177
0
368
308
0
828
0
0
0
0
0
530
0
353
505
0
737
0
780
427
0
0
0
0
964
0
284
730
0
624
957
397
0
0
0
0
0
275
0
736
0
0
451
384
144
650
0
0
0
0
0
0
0
507
0
0
0
589
0
348
712
885
0
279
0
0
0
0
0
0
0
0
0
0
0
0
0
0
0
0
0
0
0
0
0
0
0
838
711
0
0
211
802
52
0
0
437
0
0
0
0
82
951
0
0
267
205
42
0
466
0
0
0
928
260
745
227
0
0
0
427
0
0
863
0
0
0
0
0
812
228
0
0
638
247
0
650
0
0
9
0
832
0
0
0
158
440
196
0
169
0
0
0
0
131
631
902
0
487
0
958
0
0
0
0
0
0
0
0
0
0
0
0
0
0
0
0
0
0
0
0
0
0
749
449
0
0
484
0
0
0
0
0
0
647
833
5
645
576
0
0
343
991
0
488
0
926
0
0
0
791
88
0
0
306
0
0
795
140
899
0
0
119
825
0
409
955
422
89
982
0
685
0
0
0
0
763
814
393
0
326
0
57
0
298
158
10
1
0
0
494
0
0
0
0
0
0
0
526
747
0
698
0
159
0
0
0
0
0
0
0
0
0
0
0
0
0
0
0
0
0
0
118
122
0
0
634
746
982
13
977
0
3
0
0
92
0
0
717
36
0
0
0
0
0
0
641
318
78
0
0
0
0
512
0
614
403
932
749
668
523
0
276
0
0
768
0
928
0
836
816
0
507
0
0
0
0
716
0
0
896
0
0
171
0
14
440
668
753
0
0
498
68
0
0
0
0
769
0
205
0
659
14
0
0
0
0
0
0
0
0
0
0
0
0
0
0
0
0
0
0
0
752
0
0
0
231
0
0
266
0
0
625
0
0
423
891
0
781
0
0
0
0
0
0
498
0
0
103
70
343
63
13
0
579
60
0
0
498
0
0
897
0
0
0
0
0
741
607
0
290
741
0
799
0
442
0
0
188
34
0
493
336
0
974
0
0
0
0
722
289
794
0
600
0
383
0
0
791
288
0
0
0
39
0
0
0
0
0
0
0
0
0
0
0
0
0
0
0
0
0
0
734
477
0
0
0
993
25
0
0
363
0
0
0
0
0
0
0
0
0
133
0
969
403
0
0
0
0
0
814
0
0
0
0
477
200
0
0
0
0
585
0
913
354
0
611
251
706
222
922
848
0
855
388
0
0
577
486
311
0
0
441
725
0
0
0
0
443
168
0
842
0
0
150
0
0
865
0
238
0
0
302
0
0
0
0
0
0
0
0
0
0
0
0
0
0
0
0
0
0
0
0
482
0
323
0
561
599
875
0
0
80
896
277
0
561
470
600
731
0
0
0
140
0
153
0
0
400
0
880
0
666
896
902
535
311
820
141
301
0
163
0
158
0
0
0
0
0
10
631
0
254
0
0
0
36
630
455
0
0
320
0
0
519
600
762
0
955
512
449
0
136
0
0
539
315
0
764
476
338
0
0
0
0
0
0
0
0
0
0
0
0
0
0
0
0
0
0
0
0
0
943
354
0
588
815
351
827
893
0
0
277
320
0
0
0
0
0
111
0
761
268
967
864
0
803
0
298
150
715
0
0
0
92
82
0
487
0
0
0
0
0
826
800
0
366
0
0
567
459
0
0
0
571
0
436
0
475
0
0
445
953
433
0
793
657
49
0
0
0
0
0
214
787
815
612
967
0
0
0
0
0
332
0
0
0
0
0
0
0
0
0
0
0
0
0
0
0
0
0
0
0
250
8
0
0
314
0
391
908
190
369
0
990
462
0
879
660
0
657
0
839
0
0
169
0
0
0
0
0
0
976
191
195
0
523
298
0
939
0
0
0
0
0
895
0
0
641
0
232
0
498
0
0
895
0
295
107
0
772
0
989
814
639
0
0
495
0
0
0
358
0
0
0
0
0
740
252
955
0
0
546
0
0
0
0
0
0
0
0
0
0
0
0
0
0
0
0
0
0
0
672
0
0
0
0
594
0
0
425
0
926
0
75
0
331
0
0
868
933
485
0
62
850
882
470
0
0
0
0
0
924
282
0
944
183
457
368
458
0
994
0
763
455
95
0
0
217
0
0
0
742
0
0
527
647
0
0
0
0
0
867
272
251
650
0
727
0
0
722
365
569
604
337
19
432
426
985
388
801
170
779
821
0
0
0
0
0
0
0
0
0
0
0
0
0
0
0
0
0
0
0
241
963
0
0
0
0
0
0
0
0
908
0
177
0
605
785
201
0
0
418
0
0
636
0
0
0
689
399
681
322
687
224
791
193
717
449
989
0
169
761
512
0
634
0
946
366
857
0
422
0
286
871
357
0
109
732
321
346
164
0
230
0
0
0
0
0
778
717
658
0
0
0
0
462
361
318
244
59
775
0
867
0
0
0
0
0
0
0
0
0
0
0
0
0
0
0
0
0
0
0
698
0
0
0
0
0
160
0
0
61
0
383
285
125
0
505
0
0
0
84
0
97
0
107
300
0
0
0
0
0
504
0
0
0
581
0
722
0
0
0
499
0
649
0
0
469
306
0
853
0
176
0
517
0
0
0
0
0
0
0
0
0
441
0
0
0
0
564
0
0
467
987
0
987
213
221
180
0
754
364
0
396
250
855
0
0
0
0
0
0
118
752
734
0
943
0
672
0
0
0
0
0
0
0
0
0
0
0
0
0
0
0
0
0
0
0
4
0
279
653
0
666
694
91
553
170
0
0
641
696
60
743
181
156
0
0
0
0
0
553
485
0
516
241
990
0
277
286
0
0
41
0
17
336
0
661
835
86
174
0
0
546
0
0
0
0
0
449
0
559
604
701
0
563
892
0
74
0
0
0
286
311
502
0
0
0
703
0
0
749
122
0
477
482
354
250
0
241
698
0
0
0
0
0
0
0
0
0
0
0
0
0
0
0
0
0
726
0
0
22
455
0
77
0
648
0
132
0
0
505
971
28
0
698
0
0
0
0
242
498
0
965
613
115
0
0
422
168
891
0
240
511
0
0
823
0
968
77
0
0
188
0
0
0
625
0
323
879
789
296
766
100
554
230
429
0
966
0
0
0
342
281
371
358
0
0
538
0
0
449
0
0
0
0
0
8
0
963
0
0
0
0
0
0
0
0
0
0
0
0
0
0
0
0
0
0
0
0
0
345
0
178
175
714
0
0
493
37
0
0
0
0
521
0
0
0
386
0
394
0
484
0
0
0
259
0
0
0
0
281
409
0
0
0
701
0
0
0
846
911
0
0
0
0
0
0
53
733
775
0
475
906
0
20
0
580
142
0
929
0
15
838
784
0
509
934
0
0
0
0
0
0
0
323
588
0
0
0
0
0
0
0
0
0
0
0
0
0
0
0
0
0
0
0
0
0
0
0
0
0
0
0
679
405
46
858
173
602
966
0
321
104
0
0
0
327
0
0
0
315
967
831
693
512
0
0
0
0
0
290
0
61
145
539
0
0
742
0
0
0
508
0
716
0
729
659
0
933
905
0
0
0
276
0
0
24
317
0
0
0
821
236
792
123
319
704
0
762
0
0
634
231
0
0
815
0
0
0
0
0
0
0
0
0
0
0
0
0
0
0
0
0
0
0
0
0
0
616
755
530
0
0
780
18
806
0
0
607
186
0
882
714
781
914
0
384
0
0
639
805
673
0
0
202
0
837
950
0
0
463
0
523
250
0
424
0
0
663
0
697
0
0
0
0
157
261
0
0
0
569
280
0
0
440
0
906
617
103
844
200
599
0
0
0
0
158
858
45
838
484
746
0
993
561
351
314
594
0
0
0
0
0
0
0
0
0
0
0
0
0
0
0
0
0
0
0
0
0
900
506
887
0
0
0
973
118
0
240
678
501
712
0
239
702
518
531
850
0
0
146
275
53
949
0
944
816
0
0
0
0
33
0
136
511
170
0
417
0
0
806
234
225
0
0
0
946
364
0
664
0
0
0
0
489
84
0
0
0
0
884
0
890
0
724
780
0
0
28
711
0
982
0
25
599
827
0
0
0
0
0
0
0
0
0
0
0
0
0
0
0
0
0
0
0
0
0
94
0
487
0
539
0
730
0
979
0
436
0
0
0
853
304
0
0
0
0
0
0
826
0
0
0
367
0
310
889
696
457
0
0
451
0
0
544
530
0
0
0
356
683
118
477
0
0
0
246
283
0
292
0
0
0
0
104
636
0
0
542
0
0
0
0
0
935
0
190
101
0
0
0
13
266
0
875
893
391
0
0
160
0
0
0
0
0
0
0
0
0
0
0
0
0
0
0
0
0
0
42
0
0
456
0
0
0
227
0
413
673
498
0
0
487
653
601
111
458
0
0
0
495
200
577
0
231
0
0
0
466
0
426
0
0
0
284
0
0
0
150
0
0
0
0
0
0
501
0
0
0
378
94
494
612
729
415
0
603
0
0
229
0
504
0
289
322
154
0
0
0
0
0
977
0
0
0
0
908
425
0
0
0
0
0
0
0
0
0
0
0
0
0
0
0
0
0
0
0
957
296
302
162
95
0
996
0
0
0
61
931
0
451
158
0
889
168
0
740
0
0
832
0
663
0
0
0
616
517
485
218
119
0
0
72
0
11
685
763
0
700
0
0
733
0
69
836
900
276
789
529
0
0
0
781
345
396
100
575
0
928
0
856
0
0
397
290
753
0
0
0
211
0
0
0
363
0
0
190
0
0
0
0
0
0
0
0
0
0
0
0
0
0
0
0
0
0
0
0
0
0
0
54
705
27
69
502
0
44
0
0
0
432
138
0
583
926
0
0
0
0
0
6
0
777
673
432
649
0
0
776
0
423
0
58
817
689
0
46
0
647
0
103
604
825
0
682
0
804
0
118
0
213
568
0
463
9
350
0
597
0
0
0
708
87
245
614
253
0
0
0
802
0
3
625
0
80
277
369
926
0
61
0
0
0
0
0
0
0
0
0
0
0
0
0
0
0
0
0
514
0
0
0
0
0
0
0
0
0
893
599
27
862
0
0
0
0
0
923
0
646
0
401
0
0
959
0
787
65
0
0
409
205
0
661
0
969
0
0
480
702
137
0
0
0
0
471
765
0
0
761
804
841
0
0
0
0
491
646
0
464
0
894
370
0
21
354
0
0
0
0
52
0
0
0
0
896
320
0
0
908
0
0
0
0
0
0
0
0
0
0
0
0
0
0
0
0
0
0
301
283
0
0
79
0
857
0
649
788
990
0
0
888
0
316
76
175
0
58
0
790
0
451
190
793
830
0
0
421
0
948
686
0
0
369
0
218
659
0
771
724
731
358
184
181
0
0
0
0
0
332
675
659
509
0
221
122
728
851
395
716
172
846
491
0
0
930
314
0
969
0
0
647
0
0
0
277
0
990
75
0
383
0
0
0
0
0
0
0
0
0
0
0
0
0
0
0
0
0
0
0
0
411
54
369
0
0
0
0
453
122
0
919
0
0
0
339
0
0
0
0
679
450
0
71
495
922
981
573
635
0
181
199
0
0
74
614
448
986
491
23
569
217
0
647
0
0
0
421
954
0
0
407
86
0
0
27
0
0
0
0
0
372
0
208
0
0
0
0
0
547
0
833
92
423
0
0
0
462
0
177
285
0
0
0
0
0
0
0
0
0
0
0
0
0
0
0
0
0
645
0
0
0
0
0
126
232
0
0
0
0
0
404
860
392
369
0
374
857
0
478
867
0
0
0
996
0
26
0
0
0
0
0
0
473
0
0
0
0
156
0
372
262
0
335
0
816
993
637
965
592
85
151
736
841
0
105
794
813
0
416
0
495
193
755
0
0
0
492
0
0
437
5
0
891
0
561
0
0
331
0
125
0
0
0
0
0
0
0
0
0
0
0
0
0
0
0
0
0
826
0
461
0
0
0
326
557
14
0
497
423
208
0
0
0
0
1
114
663
799
436
709
0
46
0
87
337
0
691
824
0
0
0
0
835
109
0
391
0
721
536
0
0
0
416
0
0
12
331
619
221
454
0
0
0
0
0
0
0
0
275
0
799
7
0
0
0
586
42
0
385
0
645
0
0
0
470
0
879
0
605
0
0
0
0
0
0
0
0
0
0
0
0
0
0
0
0
0
0
0
510
0
0
545
0
0
632
608
0
46
101
900
0
0
701
932
20
0
260
0
611
658
237
0
332
816
0
424
184
185
0
0
368
407
0
562
0
976
0
88
0
361
0
0
391
422
0
0
306
0
0
0
470
487
381
499
96
0
367
0
108
0
65
546
467
0
132
0
984
345
568
0
576
717
781
0
600
0
660
0
785
505
0
0
0
0
0
0
0
0
0
0
0
0
0
0
0
0
0
0
701
0
0
457
0
0
66
656
874
265
0
377
0
0
309
0
919
0
141
0
11
0
45
0
0
0
666
0
0
0
0
701
198
0
564
832
838
385
0
46
0
190
0
494
384
0
725
0
0
0
61
769
0
0
32
771
253
0
0
850
471
0
0
0
519
0
0
97
354
0
744
0
0
36
0
0
731
111
0
868
201
0
4
726
0
0
0
0
94
0
957
0
514
301
0
645
826
0
0
0
0
0
0
0
0
546
651
306
0
522
667
133
873
0
0
0
0
602
354
0
115
0
230
328
246
207
449
0
774
830
426
0
10
0
0
913
0
294
469
661
61
0
227
0
187
0
0
0
473
808
0
830
0
200
237
299
800
0
0
443
328
0
324
0
0
0
0
918
254
294
177
0
0
0
0
0
0
0
657
933
0
0
0
0
0
0
616
0
0
42
296
0
0
283
0
0
0
510
701
0
0
0
0
0
0
786
0
765
496
488
625
0
0
18
0
871
0
0
952
0
713
615
571
88
102
829
0
489
0
0
789
392
38
375
0
452
0
549
0
0
0
730
0
0
763
343
0
0
0
852
531
0
163
910
0
562
0
0
0
302
757
0
639
92
574
0
691
997
0
715
0
82
343
0
0
133
0
761
0
485
0
0
279
0
0
0
755
900
487
0
302
0
0
0
0
0
461
0
0
0
0
0
0
0
0
0
163
742
988
709
0
643
494
0
882
794
0
327
85
0
139
532
942
848
0
0
784
691
702
0
290
879
359
0
867
0
0
136
0
0
907
0
396
0
895
189
89
0
0
0
722
749
573
789
0
0
967
0
0
154
484
216
367
0
42
0
0
204
0
0
368
951
991
0
0
0
0
268
839
0
418
84
653
22
345
0
530
506
0
0
162
54
0
0
411
0
0
0
0
0
0
0
0
0
0
438
0
976
183
804
0
0
0
944
0
0
0
0
549
0
712
0
873
829
0
0
0
0
463
0
0
24
0
0
0
0
211
0
718
0
0
301
0
0
47
665
226
0
976
448
0
602
0
0
0
251
0
0
436
900
703
636
0
0
189
0
0
676
0
0
308
0
0
0
0
969
140
967
0
62
0
0
0
455
0
0
0
887
539
456
95
705
0
79
54
0
0
545
457
0
0
0
0
0
0
0
0
626
925
0
0
429
0
559
0
0
394
357
0
19
0
88
164
93
840
0
502
210
0
468
626
789
908
0
729
0
961
558
163
705
0
0
913
184
0
614
0
0
818
373
0
359
611
0
50
0
948
329
0
449
0
0
129
0
0
0
930
0
36
225
0
0
488
0
0
403
0
864
0
850
0
97
666
0
178
0
0
0
0
0
0
27
0
0
369
0
0
0
0
0
0
0
0
0
0
591
744
149
0
37
841
0
369
0
0
872
526
0
278
316
0
620
489
0
504
0
0
617
23
0
0
70
922
0
0
873
933
512
261
0
0
949
0
894
0
105
508
297
991
648
0
0
0
479
0
670
0
0
518
0
0
793
0
196
0
447
516
0
747
0
828
267
0
0
498
0
153
0
169
882
636
0
694
77
175
679
780
0
730
0
996
69
0
857
0
126
326
0
0
546
786
0
438
0
591
0
0
0
0
0
0
0
0
0
0
0
0
0
0
0
0
240
0
190
0
741
0
0
0
0
0
264
785
655
257
0
33
908
0
0
719
527
672
674
0
0
827
202
0
544
0
72
465
0
0
450
294
0
219
0
532
51
0
0
108
0
0
185
0
708
0
205
926
641
0
0
0
803
0
470
0
107
91
0
714
405
18
0
0
0
0
502
0
0
0
232
557
632
66
651
0
163
0
0
744
0
0
0
0
0
0
0
0
0
0
0
0
0
0
0
481
289
0
31
0
0
81
616
0
0
0
0
0
0
0
0
0
0
561
648
0
0
0
0
0
489
981
771
0
0
154
458
910
0
320
0
652
0
546
0
326
0
864
882
688
55
334
0
0
640
0
42
0
318
0
0
0
0
0
0
0
300
553
648
0
46
806
973
979
227
0
0
0
649
0
0
14
608
656
306
765
742
976
626
149
0
0
0
0
0
0
0
0
0
0
0
0
0
0
446
0
586
92
0
538
0
0
0
0
809
121
805
84
0
0
183
0
645
975
474
0
497
243
0
0
181
214
463
0
97
553
0
541
0
0
0
336
39
130
0
0
393
0
863
397
365
0
890
0
704
0
0
0
78
103
0
400
298
0
0
0
0
170
0
0
858
0
118
0
0
0
44
0
788
0
0
0
0
874
0
496
988
183
925
0
0
0
0
0
0
0
0
0
0
0
0
0
0
792
349
0
925
825
0
0
0
747
610
976
383
253
0
0
515
0
0
0
711
0
0
186
142
589
268
640
566
0
0
0
197
922
379
0
0
0
790
941
0
0
0
0
118
0
0
0
0
0
429
0
726
0
466
0
0
70
0
0
150
0
0
689
0
0
132
493
173
0
0
436
413
61
0
893
990
453
0
497
46
265
522
488
709
804
0
37
0
0
0
0
0
0
0
0
0
0
0
0
0
789
343
953
0
0
323
0
828
0
4
0
0
0
0
0
0
71
0
0
0
0
0
42
0
187
0
539
867
805
572
0
156
0
0
249
292
108
887
0
0
64
0
0
596
393
0
653
978
419
707
209
590
0
0
791
0
343
814
880
715
0
0
399
0
0
0
37
602
607
240
0
673
931
0
599
0
122
0
423
101
0
667
625
0
0
0
841
0
0
0
0
0
0
0
0
0
0
0
0
0
904
441
0
0
0
609
436
0
510
0
84
0
0
112
830
0
782
259
0
551
0
0
0
0
0
640
0
0
0
0
270
0
0
775
0
0
0
0
0
471
481
0
690
259
0
104
0
0
848
97
0
0
530
0
88
0
63
0
0
0
0
0
681
0
641
0
0
966
186
678
0
498
0
0
27
0
0
0
208
900
377
133
0
643
0
429
0
0
0
0
0
0
0
0
0
0
0
0
0
0
597
0
278
0
0
0
811
466
0
0
0
0
0
0
0
0
0
0
38
0
537
0
0
0
956
988
52
943
0
779
0
0
0
222
572
971
816
0
0
0
0
0
193
0
0
431
0
344
0
93
0
0
0
0
0
0
13
0
666
0
976
924
322
0
696
505
0
0
0
501
0
0
451
432
862
888
919
404
0
0
0
873
0
494
0
0
369
0
0
0
0
0
0
0
0
0
0
0
0
0
0
0
916
858
0
0
0
956
613
0
845
580
0
0
0
196
0
545
595
893
0
0
0
0
449
0
161
0
749
0
436
0
0
0
14
420
0
0
0
232
0
0
492
0
324
344
302
0
940
613
85
97
353
928
0
512
0
0
896
0
191
282
687
504
60
971
0
321
882
712
853
0
158
138
0
0
0
860
0
0
0
0
18
0
944
559
0
0
0
0
0
0
0
0
0
0
0
0
0
0
0
852
0
176
422
89
0
0
8
27
0
294
0
0
0
0
743
698
0
0
0
0
582
0
0
0
701
674
0
389
0
153
773
0
418
710
0
722
310
307
0
0
0
0
0
25
550
0
0
761
0
0
505
260
306
0
579
0
902
92
195
0
224
0
743
28
0
104
714
0
304
487
0
0
0
316
0
392
0
701
309
0
0
882
0
0
0
0
0
0
0
0
0
0
0
0
0
0
0
0
0
0
0
440
0
683
0
980
0
438
318
644
523
0
379
546
26
0
78
809
706
0
0
571
0
0
0
654
269
714
401
824
907
0
635
806
897
0
0
656
0
759
0
499
0
0
339
10
482
0
0
619
0
745
0
614
60
477
535
82
0
944
791
0
181
0
521
0
781
239
0
653
889
583
0
76
0
369
0
932
0
0
871
794
0
0
872
0
0
0
0
0
0
0
0
0
0
0
0
0
0
526
0
0
0
0
0
345
408
112
0
469
589
0
0
0
92
327
724
0
0
0
680
903
0
803
764
0
27
366
440
0
98
454
0
0
942
0
0
512
85
0
386
29
524
236
458
0
31
587
34
6
737
227
0
403
0
200
311
0
523
183
193
0
156
698
0
0
914
702
0
601
168
926
0
175
339
0
1
20
919
0
0
0
0
394
526
0
0
0
0
0
0
0
0
0
0
0
0
0
343
0
0
0
429
604
646
0
242
985
0
935
0
650
0
0
0
982
835
831
0
793
0
0
958
0
0
0
3
0
105
0
0
0
0
0
893
504
133
901
0
719
0
0
408
398
201
622
0
0
0
0
0
0
795
932
0
0
820
487
298
457
717
581
0
0
0
0
0
518
0
111
0
0
0
0
0
374
114
0
0
602
0
327
0
357
0
0
0
0
0
0
0
0
0
0
0
0
0
0
0
162
348
644
0
442
901
834
550
0
168
90
737
469
0
129
494
0
0
977
812
0
459
0
0
392
0
0
0
620
62
557
0
104
0
0
0
79
243
973
0
0
573
0
770
33
257
476
925
0
0
0
780
0
140
749
498
0
141
0
0
368
449
0
0
0
0
327
384
531
0
458
740
0
923
58
0
857
663
260
141
354
952
85
549
0
278
0
0
0
792
789
904
597
0
0
0
0
343
0
0
0
0
0
0
0
765
205
0
0
0
0
985
577
0
0
618
668
169
0
0
0
446
585
633
0
96
456
0
0
0
0
367
532
954
0
733
0
0
0
702
216
0
0
0
0
0
676
650
286
238
0
427
0
899
668
0
0
301
0
939
458
989
722
0
0
386
0
0
850
0
0
0
0
0
0
0
0
799
0
0
0
0
0
0
19
316
0
0
446
349
343
441
0
0
852
0
526
0
162
0
0
0
0
0
0
934
89
297
192
0
0
560
198
920
811
304
669
240
0
0
0
0
364
867
473
0
0
0
0
716
0
0
933
667
0
823
0
0
716
0
245
0
39
0
0
310
483
0
356
0
278
0
427
0
523
0
0
0
0
0
0
0
0
0
0
0
0
0
0
0
0
0
0
646
790
0
478
436
611
11
115
713
139
712
0
0
0
481
0
0
953
0
278
916
0
0
0
0
348
0
0
0
0
0
0
0
100
551
0
0
735
0
282
0
0
0
0
762
0
0
0
0
253
0
0
815
0
0
128
0
0
87
670
78
0
0
0
0
283
0
0
819
0
0
417
0
481
0
0
644
169
0
0
0
0
897
585
163
0
0
994
169
0
0
242
394
0
639
0
826
0
832
0
0
0
679
867
709
658
0
0
615
532
0
88
620
240
289
586
925
0
0
0
858
176
440
0
0
644
0
0
0
0
0
0
0
243
0
0
0
0
387
0
0
0
326
0
0
839
616
194
758
0
0
0
0
0
0
0
0
649
226
0
0
407
981
858
0
76
0
783
694
0
0
0
553
874
0
0
0
0
0
0
119
276
0
0
0
0
0
0
761
0
553
498
0
315
805
146
0
495
0
6
401
451
450
0
0
237
45
230
571
942
873
164
489
0
0
92
825
0
0
0
0
422
0
0
429
0
0
0
0
0
0
0
0
0
878
0
0
802
0
546
435
293
0
791
0
0
0
612
884
0
577
270
0
482
0
91
0
0
0
0
0
674
0
0
484
795
506
0
0
0
533
0
905
583
938
0
352
142
0
863
825
0
0
913
158
826
0
763
512
499
485
0
484
967
673
275
0
200
663
0
0
190
0
0
46
0
0
328
88
848
829
93
0
190
31
0
0
323
609
0
0
89
683
0
604
442
0
0
0
0
0
0
