0
175
364
357
294
674
894
355
917
209
366
257
614
108
557
160
653
556
438
353
381
645
882
520
318
15
560
321
956
483
31
331
586
537
215
930
126
208
980
317
118
0
739
567
677
132
969
195
450
165
553
560
638
136
850
787
314
371
460
104
74
558
866
260
561
544
256
930
886
111
483
977
225
684
533
0
24
982
140
254
0
376
366
419
574
529
0
90
18
54
156
0
807
194
298
144
185
732
671
561
175
0
18
302
185
30
48
501
661
82
499
206
877
670
191
270
656
812
307
632
372
290
313
498
215
214
115
140
901
448
207
201
930
84
153
550
128
150
209
627
35
825
100
588
788
283
679
106
605
161
309
418
447
730
211
341
623
962
582
12
211
384
0
493
857
235
773
724
744
239
154
780
775
0
918
554
237
763
630
104
766
724
784
351
463
742
0
586
177
499
0
118
5
22
855
108
374
312
204
847
364
18
0
579
948
414
721
501
842
90
540
170
0
918
961
352
1
2
903
356
666
339
278
0
276
425
79
580
329
546
659
604
174
186
608
351
540
726
0
70
196
438
759
442
183
991
406
415
938
658
179
246
877
413
975
280
248
130
843
992
606
221
167
601
918
645
94
264
715
915
0
15
309
68
586
323
986
812
748
0
627
837
577
161
92
749
658
80
0
83
809
208
220
174
878
0
0
341
746
116
357
302
579
0
0
315
82
338
842
429
767
529
995
428
0
228
700
660
153
299
894
917
230
41
167
710
731
221
278
395
424
369
12
755
136
826
525
501
429
160
728
381
341
129
742
391
621
938
479
0
789
712
616
324
640
215
838
169
78
580
97
12
361
126
54
611
997
509
131
926
996
389
206
508
0
95
851
120
493
689
77
710
388
894
807
390
285
344
676
97
631
348
139
592
735
464
719
663
870
848
294
185
948
0
0
536
664
990
241
577
163
324
878
474
645
104
982
404
35
671
394
59
143
871
797
567
733
983
81
670
879
874
130
375
96
0
491
462
199
170
845
625
986
440
65
411
25
502
637
324
0
820
821
363
165
0
447
576
690
628
318
858
154
0
378
155
972
341
995
355
61
0
667
708
919
996
59
864
677
818
683
726
805
21
48
197
724
637
465
488
292
303
744
452
121
0
188
160
5
383
674
30
414
315
536
0
708
716
383
947
49
609
994
643
0
16
0
888
821
177
199
159
920
50
612
660
881
776
835
840
412
682
79
727
856
885
596
147
294
751
802
0
326
192
874
382
0
544
854
438
393
673
186
978
616
34
290
466
372
624
921
437
1000
843
237
785
450
623
438
394
536
941
455
502
370
554
883
579
928
758
621
426
971
270
288
745
695
102
425
643
485
239
245
198
667
302
681
941
67
144
894
48
721
82
664
708
0
574
455
794
999
361
880
21
27
56
550
976
738
215
297
582
387
700
184
251
133
0
889
17
480
217
117
461
799
918
441
841
35
957
0
578
500
75
232
232
821
682
222
357
866
450
111
347
21
561
298
402
329
600
643
111
699
847
760
761
4
481
0
88
148
454
567
59
669
461
536
138
722
212
2
415
881
752
884
412
87
46
0
819
150
95
584
711
765
596
796
912
731
414
355
501
501
338
990
716
574
0
1
296
494
82
824
463
35
678
226
333
502
273
16
249
313
87
915
332
485
419
738
855
224
616
713
0
572
610
637
7
949
304
322
931
55
596
870
235
974
962
927
463
509
776
477
546
82
0
112
198
738
13
36
356
282
968
427
0
690
987
997
129
501
711
924
551
230
991
574
607
614
350
998
164
222
564
402
114
185
680
643
322
765
278
550
0
48
190
344
373
0
942
917
661
842
842
241
383
455
1
0
23
195
176
443
864
349
243
7
653
630
62
599
78
663
381
929
768
246
505
559
994
131
52
41
531
151
994
0
625
986
677
0
721
405
188
488
143
678
984
0
332
933
252
977
648
945
236
351
0
17
443
757
444
634
532
552
303
151
967
642
478
957
75
174
794
653
972
723
621
230
272
591
67
634
638
364
660
796
723
508
28
166
201
477
449
132
797
438
0
789
97
209
82
90
429
577
947
794
296
23
0
65
479
194
396
270
246
723
862
929
147
498
213
844
483
728
11
94
939
981
0
177
798
105
612
761
554
0
79
494
901
36
980
466
139
0
982
859
0
267
707
989
76
832
559
693
898
751
662
555
570
734
637
139
181
466
676
243
846
836
815
771
613
26
495
631
0
493
939
235
107
688
507
857
773
790
0
572
246
556
0
526
543
507
145
0
649
814
687
667
268
366
499
540
767
163
49
999
494
195
65
0
0
571
80
723
867
0
396
509
261
233
999
134
604
791
369
580
709
683
320
350
875
592
874
515
216
817
792
269
994
239
159
551
31
0
205
253
775
943
163
519
324
126
225
0
18
484
0
857
873
569
999
953
128
584
906
876
180
529
917
876
0
350
913
926
350
998
572
135
534
159
90
729
937
566
138
169
715
48
124
628
126
720
936
947
477
14
81
937
587
257
206
170
529
324
609
361
82
176
479
0
0
888
870
85
622
528
538
706
944
469
285
912
782
614
653
558
803
301
0
527
518
48
179
986
303
312
563
590
123
533
875
160
528
818
846
977
268
12
140
593
860
178
773
601
832
373
117
140
898
148
645
63
249
303
379
500
522
175
63
79
632
305
729
533
586
924
197
890
609
344
300
449
493
795
238
80
489
48
524
240
154
713
693
537
86
48
70
292
502
614
877
0
995
878
994
880
824
443
194
571
888
0
362
886
189
198
271
627
117
476
612
251
151
151
39
316
630
0
6
638
393
796
678
286
316
666
41
495
234
550
866
793
630
623
692
872
618
377
386
429
144
0
944
937
756
907
310
489
311
836
211
295
315
483
210
859
622
288
0
179
483
514
441
357
365
109
2
197
863
730
552
935
382
131
928
627
350
0
773
190
256
313
322
955
850
375
0
776
219
108
670
918
428
474
643
21
463
864
396
80
870
362
0
788
28
381
618
645
682
852
326
720
557
853
135
171
881
992
844
401
635
990
589
249
314
0
108
260
710
620
444
49
623
476
204
7
768
0
618
160
503
500
610
137
0
730
898
566
820
738
949
152
322
953
664
723
783
877
986
37
891
115
112
283
0
934
367
0
187
73
523
938
0
668
463
799
908
65
329
513
756
617
415
483
552
522
312
918
736
557
191
961
0
645
0
27
35
349
270
723
85
886
788
0
94
536
916
384
244
309
955
134
379
459
999
142
536
956
768
793
753
623
282
857
252
405
248
615
289
979
837
613
982
204
840
427
631
907
668
305
0
177
337
579
112
536
368
595
103
241
244
822
59
74
550
827
183
947
779
442
403
0
908
301
187
596
480
631
685
797
441
627
389
608
988
843
711
238
518
82
252
809
818
716
986
986
626
707
879
160
270
352
228
104
16
56
678
243
246
867
622
189
28
94
0
581
346
0
855
489
686
332
285
956
482
440
642
971
60
118
400
929
602
294
45
381
227
0
604
437
489
18
634
392
175
0
999
611
602
15
75
354
715
526
649
28
780
0
582
430
0
314
489
662
647
733
506
865
305
258
240
702
174
761
775
593
537
732
782
754
563
438
0
371
241
570
154
757
303
422
416
676
104
178
419
867
596
722
848
653
656
1
700
982
0
550
226
7
723
0
528
198
381
536
581
0
263
207
144
809
964
176
707
179
320
821
181
0
133
513
719
839
329
771
270
0
412
278
285
830
79
748
847
910
149
353
84
145
551
195
273
668
608
0
177
553
758
498
286
245
902
542
651
908
50
441
574
143
401
98
560
805
0
265
163
614
559
805
732
753
147
0
420
0
188
95
431
294
0
189
234
511
684
302
654
948
879
708
991
556
812
2
660
404
888
976
333
653
862
396
538
271
618
916
346
263
0
600
475
117
337
762
17
828
19
33
646
97
891
133
343
929
797
1000
0
777
806
874
848
217
971
515
0
925
102
809
836
361
296
125
419
694
147
112
471
450
647
342
851
451
55
267
397
440
179
377
403
568
150
806
351
251
32
639
161
228
7
199
161
411
66
303
353
280
946
795
934
306
0
505
384
894
0
757
270
0
544
766
85
438
307
903
153
35
821
738
502
630
929
509
706
627
645
384
0
207
600
0
939
284
333
372
349
165
771
300
569
644
533
141
25
987
434
1000
589
269
0
828
548
39
676
760
699
937
829
463
904
538
909
119
335
687
597
836
640
755
127
584
750
765
79
342
535
0
752
726
375
168
493
591
649
549
0
195
564
772
571
966
436
522
19
116
237
721
267
277
752
57
532
142
890
343
722
361
445
565
509
290
424
353
632
356
299
671
177
215
273
62
147
261
944
117
682
244
855
144
475
939
0
398
770
808
143
362
678
343
563
461
492
821
666
665
863
609
806
103
629
843
668
475
468
0
742
804
513
722
651
28
729
445
856
849
942
729
695
334
55
952
424
906
208
745
498
998
724
743
885
419
674
205
566
86
775
727
988
960
120
415
346
128
143
578
820
704
956
279
894
266
107
394
784
170
276
192
316
724
529
713
77
381
372
666
894
394
199
297
16
599
498
233
469
476
852
309
489
809
117
284
398
0
365
884
489
230
0
597
289
993
0
264
221
541
660
66
421
358
301
286
191
918
632
0
426
4
120
848
312
270
918
543
522
97
37
852
841
204
878
631
477
320
266
569
221
372
88
574
571
562
821
473
272
767
917
805
421
869
129
432
428
461
458
489
51
71
641
800
655
988
759
18
0
924
725
403
675
186
46
388
399
645
290
339
917
59
159
582
249
78
213
999
285
612
326
955
686
964
337
333
770
365
0
735
275
627
367
0
191
6
775
612
305
976
43
862
92
843
338
927
786
83
845
354
737
0
619
713
442
723
799
61
20
861
372
174
893
354
104
986
458
452
660
532
846
634
274
0
529
502
375
453
739
829
631
729
878
719
887
778
173
731
904
235
718
486
350
351
13
934
802
366
358
986
608
11
908
816
252
0
68
882
313
278
230
143
920
387
313
663
844
134
912
251
720
134
332
176
762
372
808
884
735
0
0
119
316
782
134
316
826
917
223
0
0
563
994
0
837
119
357
825
772
594
125
174
500
653
231
0
736
380
95
660
130
0
558
841
720
608
688
74
90
712
725
705
950
907
977
468
351
518
640
813
764
0
622
988
596
972
290
175
427
237
693
773
145
95
500
384
425
253
416
253
183
206
127
271
219
340
735
520
498
0
41
871
50
700
87
381
483
604
782
151
557
379
285
707
17
349
143
489
275
0
0
588
586
611
241
265
0
410
974
351
908
368
220
330
767
708
349
878
950
546
870
481
127
171
593
688
868
914
479
744
999
302
560
810
370
149
0
619
11
296
791
434
347
558
675
253
587
902
829
355
818
389
635
299
826
898
264
362
462
465
562
746
933
267
796
308
963
41
835
877
592
0
435
946
836
103
833
318
215
276
167
797
612
184
915
929
728
791
614
151
853
459
956
179
828
165
362
230
627
119
588
0
30
65
690
369
298
696
640
424
780
602
220
0
652
639
408
500
795
255
0
767
281
799
0
791
0
510
102
452
202
783
797
216
490
347
3
267
589
857
240
303
487
829
580
446
85
78
239
629
981
168
626
95
538
611
28
447
886
338
957
108
359
17
694
518
484
794
238
0
511
952
293
604
734
500
614
15
214
425
710
567
660
251
332
768
11
369
653
39
135
999
482
320
19
771
678
0
367
316
586
30
0
303
683
411
936
109
539
844
120
684
791
644
847
970
644
766
613
859
471
105
268
428
343
744
587
913
930
201
130
944
503
262
557
435
373
554
925
141
300
169
447
239
370
0
375
370
967
928
523
361
48
161
181
947
558
231
219
593
11
902
318
337
421
219
345
980
129
352
383
785
550
712
980
946
46
560
115
79
731
733
881
133
485
246
94
580
558
316
171
142
440
821
33
300
343
597
0
782
611
65
303
0
743
156
379
133
828
888
470
69
0
983
0
790
773
290
930
637
716
972
906
279
747
543
352
452
148
84
352
383
54
615
78
0
696
311
347
32
342
317
1000
958
0
0
826
111
246
441
337
624
0
442
12
919
310
427
873
797
0
673
349
713
302
322
847
77
568
813
415
333
557
555
979
802
465
321
140
580
221
983
776
0
419
505
939
709
803
630
881
536
642
181
646
569
563
289
191
134
241
690
683
743
0
636
2
620
841
407
45
962
425
446
489
973
112
376
727
391
540
82
10
897
744
206
351
784
268
165
761
295
579
943
959
769
522
271
755
0
353
143
743
833
313
647
617
33
772
0
556
565
895
901
173
334
867
171
851
0
410
805
848
179
958
637
709
744
563
199
177
980
449
498
658
389
801
956
901
329
278
81
835
889
738
559
981
683
301
0
992
956
971
0
97
644
461
993
6
316
265
369
411
156
636
0
998
736
3
671
85
490
174
10
313
231
511
542
660
94
306
803
805
165
352
632
962
272
884
6
545
487
818
497
559
967
489
662
986
665
160
764
409
345
0
274
109
833
472
0
940
917
459
712
644
280
182
588
292
483
632
10
438
524
13
17
663
637
252
183
110
842
698
25
611
326
0
483
448
546
395
670
840
17
855
994
0
320
0
6
844
768
60
133
891
533
492
0
775
826
0
298
936
379
2
998
0
412
400
557
0
65
474
243
743
768
181
750
969
756
889
363
799
466
66
534
849
987
342
145
710
624
591
957
207
238
384
285
205
214
427
712
983
623
27
118
861
19
0
217
124
414
697
821
126
428
126
144
65
53
526
444
0
656
800
884
636
662
64
2
865
893
285
888
940
146
0
31
207
659
424
879
412
480
224
131
177
350
527
638
401
793
118
513
133
141
821
264
612
917
410
696
109
133
620
736
412
0
936
108
370
110
843
842
295
602
415
902
449
916
582
983
320
152
220
211
413
102
702
203
573
31
967
616
533
491
211
771
136
861
332
260
825
93
587
690
698
668
613
343
433
906
746
0
261
823
180
670
437
743
841
360
109
19
682
202
781
891
205
171
257
413
476
683
789
365
115
331
201
604
369
874
682
217
616
52
798
875
518
393
635
753
400
719
343
25
666
221
305
223
974
640
539
828
841
3
400
936
0
0
902
472
880
218
893
913
512
45
647
668
970
808
667
0
614
154
296
838
16
29
233
982
658
89
669
460
144
112
604
451
885
695
149
898
587
155
735
24
325
489
349
555
15
946
661
0
366
123
470
121
215
834
628
105
623
133
5
609
863
32
502
173
481
572
947
364
615
586
930
174
12
130
79
117
713
41
105
592
48
796
990
623
929
839
929
987
665
541
976
0
351
424
844
888
407
671
557
108
0
0
178
238
677
912
528
976
635
381
138
0
100
495
356
299
77
371
0
514
329
897
55
442
134
105
940
285
606
559
0
210
307
109
867
910
973
136
594
205
51
320
969
284
417
357
991
450
790
973
0
683
491
676
591
94
592
529
812
387
935
946
761
165
410
59
137
829
0
537
84
186
755
375
727
461
0
531
612
874
179
678
589
282
602
329
797
434
863
660
43
0
908
780
120
470
45
85
0
370
902
178
0
514
154
720
81
4
148
356
582
346
644
357
563
644
974
207
833
173
71
680
622
750
174
382
44
554
870
689
813
128
402
55
575
453
488
0
0
763
327
0
649
0
209
597
656
720
172
746
543
464
338
939
190
189
48
234
468
56
808
607
461
688
150
15
253
327
609
215
153
608
136
96
856
799
572
151
761
515
986
286
249
857
294
771
1000
1000
609
66
862
563
368
602
684
69
962
490
65
110
472
238
514
0
18
533
438
545
253
704
54
409
462
376
901
57
993
478
686
838
78
0
601
476
303
766
624
16
162
600
498
111
731
247
548
740
585
868
647
324
35
925
506
134
530
596
803
798
817
623
599
964
603
954
388
0
861
868
866
614
683
593
699
521
588
522
916
488
45
930
550
351
826
0
885
918
610
994
554
216
303
316
314
252
45
270
0
589
806
421
92
994
220
220
791
0
425
174
474
843
880
677
154
18
0
652
794
257
622
0
54
314
638
812
313
180
644
430
236
0
749
175
117
424
841
752
0
432
379
782
921
908
879
278
245
996
172
150
328
281
681
720
997
476
710
260
543
164
454
583
801
461
577
962
260
284
137
0
14
148
275
719
182
208
871
823
98
205
731
126
128
540
525
491
596
441
637
0
0
817
312
666
0
405
381
0
777
269
103
358
843
0
330
0
644
983
446
10
243
842
218
912
720
533
652
0
48
588
409
715
10
787
213
598
667
896
807
439
246
982
348
725
247
793
564
0
838
304
403
300
613
521
709
744
158
377
715
781
182
846
125
153
153
109
269
910
601
714
551
486
75
498
61
656
239
83
710
523
544
448
893
468
0
167
115
663
759
688
969
208
150
726
501
462
147
841
7
625
79
792
563
41
108
248
227
412
806
0
629
301
338
837
767
652
847
0
489
313
743
295
893
528
81
438
794
48
0
999
15
495
318
762
927
627
446
433
522
234
635
952
759
449
920
643
488
785
240
329
803
460
986
170
40
149
728
193
652
29
0
445
384
452
206
920
364
172
114
651
81
878
158
647
445
853
481
855
105
39
569
0
582
192
8
838
90
878
76
893
818
980
209
0
429
199
294
35
949
986
494
269
590
495
260
615
0
278
874
828
843
286
927
119
708
639
970
790
973
231
768
602
913
976
4
545
257
588
999
0
469
738
853
942
848
640
614
496
752
184
948
632
290
883
140
757
302
778
188
879
41
487
832
91
277
313
346
337
505
917
15
697
889
582
974
854
16
875
436
351
660
0
932
852
631
524
216
633
734
855
209
320
32
539
569
781
260
741
329
661
912
317
627
70
160
170
751
957
304
677
901
994
123
234
710
289
604
285
848
548
668
191
786
357
349
408
644
773
112
511
181
415
512
635
148
253
622
409
15
469
0
632
367
718
649
167
797
344
230
333
0
910
870
49
114
275
0
4
887
125
550
27
939
323
293
353
403
945
681
0
926
956
878
541
481
149
107
450
716
120
419
805
706
269
442
770
990
175
964
79
735
480
709
822
485
70
693
122
389
73
393
118
35
196
728
845
802
0
322
0
36
239
533
550
620
979
437
830
217
39
475
918
83
825
878
500
766
290
376
542
750
902
45
381
356
704
0
715
495
738
632
0
450
352
908
383
137
657
972
460
0
30
335
787
718
66
365
359
592
102
806
383
233
455
270
668
363
736
0
44
423
147
382
919
270
269
419
718
523
729
404
338
931
446
563
494
83
586
699
185
435
38
34
558
962
895
465
497
631
158
628
0
825
438
381
625
0
578
931
721
980
159
875
866
444
837
489
79
971
676
468
632
845
772
950
795
613
930
727
660
969
449
647
138
582
54
54
10
318
853
367
450
0
564
808
227
438
305
903
565
806
44
64
364
581
319
987
772
91
553
990
479
927
768
309
432
595
330
894
757
364
589
612
225
50
391
133
454
72
734
862
830
669
382
431
23
655
783
622
562
225
76
67
485
819
806
0
83
138
53
358
739
100
759
341
986
326
500
55
405
466
551
160
793
49
613
18
748
515
760
0
0
354
594
546
255
859
637
391
94
756
916
668
0
346
409
314
787
762
942
718
352
564
0
259
611
473
188
339
637
76
636
396
421
549
445
502
761
687
164
723
752
156
852
625
40
600
0
340
0
0
951
53
272
141
753
456
267
31
823
879
369
762
484
135
542
476
737
750
162
312
994
0
440
632
0
21
334
960
661
407
567
588
442
129
440
192
75
596
188
139
31
528
630
623
982
634
847
0
699
742
426
737
125
870
0
471
716
540
306
889
582
970
100
644
462
638
213
927
848
649
908
808
259
0
771
551
253
103
446
67
656
23
857
949
95
689
76
429
502
826
396
946
642
171
581
906
721
900
372
68
845
857
787
415
942
273
277
429
417
553
298
0
53
687
145
0
977
983
510
469
715
619
615
509
443
688
454
606
179
319
677
788
183
742
65
874
232
870
488
0
0
818
623
476
204
392
910
925
937
804
4
0
174
481
767
105
972
82
803
363
983
808
495
357
376
812
598
627
640
167
383
227
611
771
0
495
222
119
9
478
0
0
399
34
0
767
58
175
957
2
615
688
173
630
37
37
815
0
664
647
580
867
463
492
256
543
160
939
355
766
851
739
16
0
902
175
269
126
151
903
566
230
723
662
614
461
307
355
128
810
132
283
991
391
411
382
232
235
143
982
205
846
692
204
840
175
149
102
829
513
120
619
500
127
281
268
906
10
805
799
320
667
356
563
901
313
667
446
614
797
137
438
473
551
495
0
352
2
157
104
0
321
718
897
962
0
536
781
314
630
0
659
786
690
54
0
762
144
679
954
92
53
196
258
738
172
981
916
226
680
990
259
957
343
590
211
0
0
171
242
352
394
556
413
366
0
255
958
581
537
969
679
406
621
25
0
821
974
678
859
253
977
872
7
427
0
353
809
463
722
848
713
653
171
799
428
279
897
165
466
152
0
299
644
57
180
896
433
496
344
657
305
188
253
222
352
0
96
652
679
182
730
58
264
223
978
42
671
571
427
667
444
678
46
352
0
830
80
976
947
379
629
0
73
609
782
178
986
658
0
632
283
632
61
993
938
277
516
687
571
46
937
308
170
274
32
47
144
854
134
195
106
415
938
502
544
682
962
984
0
775
268
618
768
631
999
84
836
904
651
312
442
231
593
0
343
747
744
352
66
220
614
77
974
993
644
807
522
752
230
972
903
339
103
119
2
96
0
491
170
24
812
69
733
0
211
539
664
219
535
270
205
643
765
969
276
314
871
476
659
7
190
400
434
548
333
890
698
246
590
179
794
921
397
338
925
158
848
713
925
37
792
0
745
513
781
576
267
0
528
450
605
938
479
637
854
222
927
0
267
943
12
377
0
907
611
145
361
538
28
270
723
0
688
791
744
543
206
632
534
211
154
371
207
478
430
439
234
184
333
460
565
637
446
9
157
652
491
0
977
104
23
600
442
683
806
611
437
508
56
978
317
83
25
63
715
0
358
700
168
700
542
255
639
360
583
171
127
265
83
550
39
493
675
898
100
0
490
372
374
245
527
0
696
477
788
457
825
87
254
165
161
658
0
324
438
357
463
332
707
163
140
386
618
668
602
551
296
909
729
918
799
736
868
0
587
352
351
962
849
413
296
0
833
686
236
246
635
948
0
0
806
76
67
478
104
679
170
977
0
276
0
358
653
763
28
531
676
914
724
209
161
0
136
702
686
55
404
0
180
153
526
958
278
798
825
471
988
401
464
890
992
138
881
799
895
303
809
379
837
0
957
88
544
614
833
64
117
50
557
553
309
179
789
0
393
866
509
933
989
519
593
429
160
305
15
195
125
119
445
543
61
380
914
510
913
452
784
272
987
102
838
514
173
838
0
982
952
632
910
30
44
636
656
0
0
182
24
104
276
0
437
633
578
316
539
129
100
747
839
158
643
878
403
0
251
867
591
12
0
665
548
12
969
678
419
389
54
155
246
1000
69
506
62
494
21
156
145
770
140
843
16
868
460
149
696
123
46
194
768
560
418
246
712
820
673
450
776
252
76
324
860
144
503
0
75
273
419
335
856
522
20
95
479
102
930
148
268
884
342
702
16
329
71
78
749
348
759
290
870
335
64
396
23
0
321
730
812
23
0
437
0
533
502
364
238
247
760
396
178
251
973
765
908
191
697
551
466
0
295
83
521
88
961
0
587
197
0
788
985
703
283
0
442
683
380
239
510
0
260
854
641
513
726
722
269
190
330
146
661
638
447
877
616
821
186
111
477
977
832
126
178
0
500
177
354
668
694
687
849
97
861
660
744
452
201
84
165
6
145
203
29
897
680
0
175
725
449
883
49
787
364
421
857
399
718
58
69
600
358
633
533
0
149
666
570
373
287
314
302
684
148
193
545
473
35
932
119
107
565
793
720
14
434
672
602
194
380
273
740
361
667
72
363
87
292
913
136
382
916
155
1000
411
61
318
182
364
534
234
229
136
730
413
324
363
978
347
546
648
559
225
773
944
610
337
715
608
147
597
942
37
372
130
999
202
130
352
761
545
710
573
233
55
622
601
117
247
920
140
114
718
581
549
949
34
897
264
733
442
653
578
502
149
0
715
240
630
367
965
361
154
470
198
89
867
26
869
201
3
300
320
992
734
641
760
613
50
796
229
0
774
773
561
820
614
971
142
139
697
923
668
540
447
549
105
817
170
123
939
179
850
211
975
640
165
616
21
82
945
693
0
601
937
137
579
526
0
112
836
729
852
174
0
302
783
944
383
295
487
624
31
982
442
750
476
424
793
643
757
275
66
319
445
95
0
962
223
0
683
763
316
364
666
715
0
65
205
484
924
191
440
75
124
562
570
0
333
635
229
282
301
0
359
833
88
806
879
703
499
931
219
313
14
336
298
673
967
0
610
368
181
866
817
782
291
24
365
0
263
55
787
341
280
215
0
34
561
0
236
898
18
832
756
0
112
649
177
471
640
695
841
893
558
560
797
503
54
579
818
591
967
658
134
174
303
841
564
488
302
0
365
987
502
689
767
0
978
211
806
28
539
238
570
240
65
0
405
757
198
440
530
851
785
197
615
652
717
736
320
833
257
886
42
403
160
348
359
37
603
386
989
666
550
519
510
313
0
0
954
188
298
398
856
463
0
880
0
336
999
983
314
623
248
838
447
290
298
112
351
751
484
373
907
730
536
28
553
450
755
334
204
354
841
810
216
262
615
943
497
957
616
89
105
382
766
752
0
785
778
4
359
772
761
76
58
536
42
539
611
531
129
247
373
630
205
405
0
716
103
0
44
905
108
210
252
130
116
819
476
377
25
788
0
705
957
951
946
222
103
852
77
644
750
999
484
782
583
250
422
244
446
440
32
219
1000
712
831
119
0
115
371
962
130
169
576
466
402
198
0
662
0
117
310
898
368
780
758
647
127
55
878
104
720
370
490
557
78
959
559
207
533
669
940
44
624
0
838
240
188
887
592
91
687
429
175
781
671
664
437
676
100
760
287
367
484
757
716
0
820
78
506
862
61
138
0
829
266
243
146
78
796
634
17
732
436
9
266
907
703
206
0
594
911
301
632
582
690
335
0
849
0
728
145
808
759
522
928
415
376
278
460
582
843
78
690
372
329
738
17
555
857
140
489
566
595
0
498
342
584
952
631
986
608
149
347
435
0
769
967
238
491
460
285
554
16
432
304
329
879
125
102
553
164
502
957
314
571
219
508
914
747
396
314
965
924
198
103
820
0
541
610
594
0
43
231
259
733
104
877
140
85
957
439
212
226
247
166
667
680
24
919
33
506
138
305
0
293
885
989
505
835
867
482
537
577
138
672
0
683
56
104
12
992
580
628
624
600
13
443
570
873
898
311
820
103
582
286
851
750
424
477
458
688
0
3
373
696
522
489
384
211
144
606
870
162
379
403
803
41
550
806
990
723
826
2
630
427
535
56
724
839
178
302
361
191
440
0
78
541
0
713
526
668
763
498
272
958
467
972
307
0
100
994
170
155
967
630
118
0
177
134
186
379
219
946
619
404
453
474
419
0
791
821
600
217
0
188
363
925
455
74
211
606
97
318
921
643
36
757
734
569
148
836
738
241
430
245
451
765
906
320
452
74
619
267
554
311
271
662
285
771
112
559
689
600
782
300
460
487
27
383
479
752
396
615
0
667
270
978
209
158
251
684
154
440
530
44
506
610
713
0
193
734
148
569
391
194
595
418
924
870
247
957
307
959
512
988
992
993
55
214
838
853
519
212
821
974
664
17
431
584
188
404
575
502
554
904
949
211
0
558
384
221
12
858
437
111
356
444
637
999
645
211
949
244
0
902
55
79
208
266
660
90
11
589
925
347
755
986
205
136
604
0
813
498
921
613
986
832
939
233
927
156
946
688
659
444
205
317
161
643
973
148
470
75
851
905
862
594
526
193
0
875
887
601
297
871
172
904
385
350
530
567
981
945
654
58
112
936
847
828
213
210
791
254
717
703
504
828
86
65
631
397
943
724
256
621
691
716
434
866
0
167
361
154
1000
699
282
634
139
953
63
295
152
822
314
542
267
342
745
569
532
712
296
857
141
32
0
665
214
861
451
210
128
111
908
521
170
91
323
455
768
852
642
173
786
678
643
83
0
878
765
193
198
124
785
108
61
0
668
734
875
0
78
691
878
9
292
44
918
864
828
662
29
908
324
59
620
0
228
999
144
503
608
48
582
657
6
127
31
299
94
983
653
778
407
884
761
774
202
260
493
601
126
0
843
847
968
532
181
128
249
315
322
59
489
651
397
535
498
221
846
725
791
240
300
342
353
160
427
332
885
307
402
731
879
709
40
277
293
270
309
625
171
630
690
46
765
25
136
403
908
545
89
562
197
210
138
43
763
148
887
78
0
35
926
366
522
503
598
447
468
586
326
609
26
686
569
341
660
836
5
901
187
91
409
648
168
344
44
12
741
321
566
163
941
341
692
823
452
561
857
918
54
378
237
760
427
552
466
584
303
483
953
74
662
908
440
0
998
372
634
705
434
303
169
317
143
764
712
260
695
109
55
247
278
744
149
313
353
668
432
40
581
37
54
352
969
63
702
0
191
473
867
570
615
252
0
231
498
569
601
691
35
0
109
650
539
652
362
192
185
340
797
69
452
135
493
39
998
506
442
158
908
543
780
215
568
48
221
895
555
297
0
603
113
836
998
291
816
544
235
645
611
155
785
761
0
303
676
906
379
210
664
550
647
50
179
752
724
88
274
950
347
487
447
1000
743
409
983
825
149
867
575
548
245
158
728
346
403
363
595
600
906
37
0
0
276
715
686
251
697
35
26
0
652
130
829
259
272
391
297
878
926
109
0
420
503
613
721
121
214
298
233
821
27
929
451
602
242
837
507
448
984
550
770
355
360
96
89
613
555
0
190
18
788
177
157
751
789
256
773
94
997
972
450
4
690
151
243
876
500
859
723
827
733
441
377
726
743
574
0
907
558
829
239
958
833
345
623
93
898
910
453
740
996
377
193
337
945
736
330
0
721
815
762
830
314
0
55
867
551
932
869
333
717
116
266
733
958
194
871
9
366
650
420
0
153
690
454
888
775
509
510
800
30
87
760
289
289
398
357
865
536
254
464
113
0
816
81
292
282
877
488
112
832
194
405
688
309
930
724
264
509
341
623
481
987
967
846
180
522
622
783
183
506
574
403
375
885
571
529
977
675
580
370
0
313
0
27
587
587
973
488
585
172
715
652
505
681
0
894
340
900
0
144
80
871
358
404
591
466
119
201
635
736
819
243
104
467
595
172
292
522
539
503
153
0
494
562
801
271
75
831
420
795
861
761
806
0
752
80
248
492
725
646
678
33
118
495
450
977
211
818
423
746
764
919
281
556
886
744
715
131
995
438
0
997
642
836
529
175
288
877
947
865
143
568
168
419
562
502
468
253
446
0
0
647
274
118
690
155
136
0
868
150
781
29
917
0
44
757
0
372
664
679
976
476
700
0
12
0
107
3
229
320
476
146
877
972
418
904
44
503
652
613
690
494
0
750
287
308
0
650
909
615
756
425
812
461
94
609
0
139
393
869
345
923
183
173
758
169
366
607
473
517
304
452
233
675
111
239
915
926
355
394
88
129
478
815
917
63
0
986
779
305
401
150
493
674
821
375
351
587
85
375
826
617
109
861
698
735
594
0
647
328
182
0
15
926
423
364
0
68
647
954
947
659
168
180
0
295
565
300
282
833
377
78
140
307
924
385
918
598
362
721
454
562
750
0
505
572
660
196
755
738
531
680
795
0
114
834
997
126
728
498
899
604
14
574
729
764
689
107
398
662
305
963
803
177
483
154
0
996
61
536
148
501
957
771
876
79
179
37
442
258
98
806
591
205
473
453
518
902
78
370
111
33
833
19
668
24
205
763
324
281
846
445
697
956
147
589
951
845
580
92
379
7
700
153
665
83
793
320
301
257
25
796
85
0
870
350
864
447
192
121
888
801
287
505
0
709
94
876
478
851
577
317
529
155
721
603
575
793
529
951
676
952
533
189
990
980
604
900
334
76
604
836
89
378
977
780
15
389
0
941
454
711
75
613
0
632
483
891
403
240
560
351
649
566
272
739
640
829
239
967
246
772
472
0
613
325
51
327
35
681
125
384
889
878
382
612
53
857
867
53
629
190
542
526
548
521
720
992
0
886
788
634
957
100
247
530
828
468
185
214
775
271
308
572
709
0
206
577
631
445
604
971
213
286
104
167
795
380
138
0
52
542
842
792
870
209
798
36
611
131
648
818
0
511
225
775
309
206
667
455
567
924
174
26
350
305
514
115
0
702
805
251
549
86
767
829
813
355
629
928
441
0
0
217
343
489
320
0
925
720
153
452
582
541
919
225
272
787
463
196
0
400
255
958
12
88
14
734
359
42
0
17
439
994
957
567
662
586
340
298
509
75
0
660
94
206
0
106
165
254
937
417
413
692
162
530
278
763
73
679
27
352
128
15
266
303
554
35
686
332
977
610
872
285
684
0
68
508
708
502
59
551
794
495
913
729
441
112
908
174
0
32
0
775
917
631
764
818
981
523
337
556
940
124
433
349
969
649
506
997
153
206
974
481
270
50
141
415
492
258
73
434
639
278
969
961
434
641
833
403
705
732
212
170
307
981
29
326
797
233
510
831
650
196
876
577
106
0
478
61
410
928
631
188
404
742
684
0
103
51
308
729
465
30
566
877
798
934
436
54
958
0
6
46
533
918
586
0
919
370
669
230
653
631
926
533
357
283
301
761
265
639
195
727
805
729
0
389
168
361
624
565
917
414
906
555
284
0
134
476
109
920
854
149
269
391
753
942
256
738
609
548
360
798
678
0
672
760
88
160
957
436
226
155
959
945
908
609
69
821
800
420
909
755
478
631
165
478
0
374
850
150
220
631
491
409
870
288
814
442
731
163
287
750
471
410
396
136
725
959
695
618
0
422
0
554
323
95
996
554
461
991
972
0
350
586
365
0
187
775
163
161
564
988
421
878
622
635
626
48
0
895
459
697
746
15
417
209
530
710
269
364
16
107
419
133
456
273
543
172
782
333
583
825
419
587
602
613
806
348
951
9
247
967
512
654
324
26
452
27
30
795
615
738
851
445
254
61
374
0
555
262
480
587
0
357
19
629
707
72
93
179
741
979
917
883
215
364
143
235
0
901
857
0
24
237
986
851
59
883
536
574
723
493
998
924
109
934
596
593
614
228
772
960
869
719
988
299
95
161
442
901
712
821
0
946
357
597
596
260
910
172
875
450
718
454
267
277
160
981
178
890
171
471
389
197
194
50
879
359
946
266
166
630
988
58
59
686
135
929
87
861
756
531
577
604
937
410
850
555
0
554
599
747
744
487
877
34
691
192
985
14
1
132
248
856
214
17
116
89
747
443
395
856
982
763
812
120
864
579
138
607
621
939
572
197
2
367
480
537
559
7
571
120
129
887
596
826
538
181
12
173
644
126
261
661
991
656
803
543
601
114
436
716
523
72
31
429
939
916
986
698
127
988
54
0
380
796
703
37
222
907
667
118
992
112
620
569
493
451
760
761
425
680
317
971
417
928
150
262
554
0
0
112
42
17
424
545
954
289
333
738
26
6
2
280
976
947
572
11
630
805
879
254
140
630
748
493
677
928
722
614
230
235
135
890
197
0
631
732
805
199
966
415
432
778
972
898
611
947
919
334
280
428
823
0
450
720
798
164
714
651
351
120
729
734
823
417
355
226
658
246
265
401
155
788
273
229
499
603
103
703
680
0
993
936
0
341
39
602
289
806
812
795
529
213
413
631
220
480
599
0
0
18
501
827
699
666
0
0
986
36
357
335
278
767
0
286
153
998
462
518
419
769
254
104
0
689
818
758
212
350
272
107
534
609
863
187
685
782
732
161
436
346
428
173
290
264
28
558
310
867
182
126
180
366
790
172
817
454
551
81
660
419
404
862
879
553
766
680
0
590
83
464
246
985
740
0
931
386
852
206
24
177
55
847
228
660
998
242
289
0
461
0
155
286
692
188
631
587
747
112
18
0
534
142
641
392
343
816
326
829
105
885
128
988
44
38
589
631
718
12
51
378
0
766
627
77
683
621
2
998
591
688
159
344
730
73
797
754
753
411
522
128
461
731
175
362
447
231
427
171
588
144
670
123
973
746
623
583
486
878
0
805
338
830
369
298
851
990
632
179
550
890
1000
703
361
774
219
989
77
0
919
134
214
828
999
836
506
837
398
752
94
114
721
104
162
404
491
0
744
42
501
534
0
928
529
931
252
667
698
347
658
412
686
265
0
0
534
0
630
29
1000
446
376
724
837
710
726
426
415
164
67
507
90
300
552
523
441
563
147
66
19
143
458
904
427
462
886
219
873
851
292
65
437
470
0
543
599
801
75
158
932
706
931
669
762
0
739
259
283
794
39
992
69
283
667
773
313
666
644
594
33
186
838
213
144
5
442
507
357
80
609
834
603
167
530
742
409
357
487
17
827
142
928
0
851
569
9
845
409
680
0
480
797
904
444
807
267
791
584
956
896
352
366
784
577
388
805
971
881
222
634
857
729
449
935
938
627
438
0
303
116
578
489
235
237
465
338
593
797
0
483
53
743
121
683
464
964
461
498
647
852
269
446
382
484
53
16
957
632
921
493
138
506
0
72
561
14
550
750
911
506
379
853
210
503
901
158
448
865
248
0
997
575
795
278
684
870
19
877
424
699
641
529
851
0
104
773
297
376
378
126
733
167
199
69
244
0
632
595
483
852
600
419
351
161
894
21
270
752
564
638
773
937
493
382
0
389
0
420
353
237
820
51
718
693
562
957
11
0
410
632
526
841
215
491
338
603
577
61
445
631
442
563
431
135
687
0
343
61
397
675
881
62
442
363
820
336
519
999
301
138
219
519
791
608
187
908
984
536
492
139
126
793
380
763
0
288
629
34
545
666
392
931
569
104
0
0
178
924
802
558
353
846
419
901
213
349
792
588
857
851
48
574
463
92
807
48
288
884
402
364
790
566
795
131
668
608
371
0
280
721
704
71
486
773
746
108
902
673
805
10
444
360
834
676
939
954
962
656
853
524
770
494
23
542
145
902
590
993
338
898
799
494
683
87
614
298
510
484
632
305
946
212
254
48
91
543
550
254
725
393
728
529
138
73
103
814
707
691
954
0
343
252
9
773
0
0
870
885
347
338
631
984
696
956
320
337
29
320
242
717
797
529
742
749
390
197
745
412
114
660
0
138
238
928
463
988
241
188
946
267
956
641
350
145
933
359
318
349
848
438
0
109
628
591
190
388
260
239
481
216
990
83
655
476
0
175
211
938
925
100
895
21
380
292
971
673
313
782
582
0
619
821
717
582
409
780
770
464
646
869
498
951
0
679
51
442
72
192
289
0
816
667
845
297
178
870
0
115
544
134
768
756
813
696
255
858
27
230
903
961
400
0
0
658
285
724
695
87
185
796
572
169
80
627
799
843
570
95
795
277
279
800
351
95
267
17
337
713
179
524
656
19
105
94
189
0
284
83
855
633
175
586
783
737
977
269
0
277
158
0
303
156
239
913
142
967
0
583
690
293
404
974
703
657
648
215
355
113
678
345
899
676
52
27
308
731
93
985
333
986
326
698
409
376
924
885
115
0
750
324
559
277
304
572
369
26
549
0
0
468
169
90
586
80
344
637
102
46
680
723
246
715
489
350
908
711
154
431
934
752
894
655
13
500
796
694
421
302
958
13
800
682
623
592
48
861
137
710
105
734
964
699
622
750
983
126
0
516
848
490
809
145
510
136
139
0
0
250
335
885
453
664
504
6
168
568
360
0
33
923
604
952
542
352
729
163
179
14
738
36
829
347
680
378
802
347
544
750
0
903
478
0
372
340
289
720
985
747
908
0
456
18
177
0
676
465
425
0
643
508
556
48
48
0
65
238
757
294
306
57
266
988
934
384
308
518
219
322
637
17
884
202
133
529
234
868
0
523
39
855
79
185
562
162
510
151
171
687
713
372
379
770
0
382
697
610
954
422
0
989
474
17
828
127
344
48
96
816
118
183
14
533
842
128
465
287
741
1
26
357
105
658
0
126
558
338
134
324
903
0
765
944
45
844
80
664
438
839
703
451
21
54
499
83
97
488
643
819
322
28
0
124
524
773
329
518
303
0
0
532
107
759
802
425
963
484
345
847
709
663
636
781
5
812
468
866
14
544
569
209
735
435
225
312
469
903
242
571
925
374
837
140
260
916
923
368
188
244
849
505
419
431
86
31
44
221
89
81
495
173
574
189
792
15
30
750
979
132
6
335
885
412
480
733
353
631
768
559
478
765
0
462
165
558
246
282
261
20
958
159
188
156
0
809
631
292
485
150
765
166
526
628
240
190
513
82
422
189
505
142
394
18
366
253
41
794
980
77
744
637
662
891
609
387
56
614
148
448
0
320
480
38
76
994
715
566
352
46
37
245
0
843
854
155
668
181
298
446
0
835
0
584
65
299
12
895
613
292
450
758
729
990
870
266
566
471
917
248
2
278
128
686
797
167
846
984
756
277
0
944
462
0
653
950
224
512
394
202
169
967
652
0
118
208
348
303
239
95
278
201
543
126
154
256
756
252
416
234
384
890
784
0
358
416
835
238
129
568
563
252
64
205
863
935
808
683
275
893
582
32
709
34
67
0
619
230
394
937
792
527
957
16
641
1000
540
866
398
440
728
867
791
188
631
94
741
555
555
282
977
169
764
980
209
303
877
410
883
856
280
767
988
265
904
199
419
696
813
304
372
45
165
653
0
725
546
62
767
640
318
971
78
807
5
220
139
744
245
584
550
477
507
720
713
313
617
809
676
511
894
343
170
924
986
253
877
0
352
813
199
183
2
171
32
946
607
593
719
468
192
539
822
558
485
440
615
723
556
308
0
0
88
868
513
411
447
817
856
32
145
482
821
404
397
983
321
297
0
877
211
366
689
604
798
554
798
396
215
214
976
0
44
0
444
69
901
956
696
572
340
844
558
950
725
0
265
300
461
516
210
540
915
194
22
174
592
452
198
711
0
449
145
936
693
322
415
818
104
684
0
722
276
725
608
183
592
511
383
415
177
110
865
257
502
761
461
699
182
0
8
569
485
962
819
632
509
662
413
170
745
696
544
460
726
61
549
782
463
219
808
537
600
575
943
653
566
0
190
488
818
607
107
900
36
35
934
136
364
17
947
286
38
0
807
244
213
320
255
369
289
80
246
224
546
265
0
744
528
530
385
687
422
298
855
878
735
121
667
765
48
132
0
947
537
955
483
716
178
302
757
361
192
403
11
206
0
952
785
333
980
842
893
413
173
165
688
521
208
167
838
781
70
895
806
0
443
614
366
274
513
477
614
149
722
318
105
291
0
1000
759
577
217
502
724
778
163
603
18
112
423
473
398
334
611
686
436
725
143
116
572
153
589
534
267
0
349
337
858
26
720
664
282
512
62
300
744
0
404
633
449
726
574
144
108
0
464
0
302
596
190
797
649
477
86
850
552
986
419
654
270
445
316
675
908
127
435
293
550
557
449
698
285
476
481
410
150
588
871
115
90
260
693
465
0
21
688
461
0
32
781
788
833
696
269
182
817
24
880
712
522
138
0
554
256
407
941
113
788
832
746
517
662
76
131
332
54
959
235
89
11
998
631
0
791
632
792
29
27
549
985
438
261
394
767
461
528
404
0
47
830
986
73
185
374
0
719
188
681
796
344
438
814
14
48
375
522
986
867
948
0
565
724
186
816
271
946
604
712
555
498
25
888
683
572
59
15
522
823
663
878
741
122
497
83
334
454
307
255
47
576
457
64
123
190
364
170
365
0
831
928
672
188
904
621
884
341
836
177
194
764
304
305
604
648
977
958
695
0
747
630
462
718
630
584
595
588
320
230
0
747
839
20
202
640
516
530
633
47
0
585
125
505
732
312
341
663
160
941
912
373
0
687
81
70
0
312
626
596
879
544
509
529
46
252
219
836
734
980
979
658
611
940
789
947
137
253
916
98
759
76
329
389
631
138
960
606
355
958
144
267
825
117
46
330
534
123
0
336
119
415
0
363
949
691
761
692
998
157
405
919
452
963
836
818
610
0
618
901
443
805
518
12
29
956
483
857
242
903
0
908
703
958
169
318
210
385
449
830
585
0
695
216
671
204
746
870
5
67
731
0
789
667
937
292
776
918
707
722
708
766
290
713
388
0
340
103
500
946
802
389
326
146
365
364
829
327
488
205
688
893
661
73
158
53
661
179
128
581
854
0
87
50
194
146
234
939
263
999
0
376
683
925
211
716
774
823
291
751
688
281
233
803
89
0
872
6
0
857
395
879
419
51
1000
896
852
851
717
961
468
0
451
159
967
971
540
687
726
986
125
695
0
721
561
847
116
848
383
144
414
942
97
268
587
502
219
736
879
848
991
85
424
77
399
68
735
833
614
46
465
801
0
0
115
615
0
609
45
731
969
818
912
393
628
358
407
319
810
537
134
528
254
557
768
661
229
179
55
983
115
278
56
455
0
434
202
452
816
789
309
556
675
177
378
511
285
46
422
0
856
254
769
378
446
352
600
48
797
400
169
456
21
188
652
78
915
422
574
73
505
216
721
0
