0
152
974
740
103
746
867
740
149
362
200
112
983
613
527
180
814
189
753
790
958
153
137
525
571
999
899
712
130
840
670
410
957
229
181
643
243
579
985
831
480
613
567
195
475
717
336
842
930
893
223
232
759
786
888
155
304
965
864
141
71
220
527
796
635
436
94
753
972
349
125
160
407
513
494
399
572
395
923
542
510
799
189
630
395
53
156
172
605
671
83
742
981
561
116
136
243
769
542
590
152
0
321
115
858
261
894
110
173
675
168
263
425
471
567
523
840
910
148
870
907
498
853
691
244
183
773
329
232
610
445
51
649
193
548
233
456
681
96
268
516
373
261
868
718
918
477
476
334
540
821
98
193
715
987
523
861
603
65
783
390
70
228
438
927
233
256
802
212
483
232
56
839
633
872
110
683
276
55
539
442
610
439
293
153
659
887
764
734
672
86
950
499
418
134
881
896
666
111
520
974
321
0
488
505
224
583
923
418
297
198
542
777
713
554
515
124
298
756
882
203
490
142
997
801
525
550
73
900
165
774
214
814
457
349
953
907
974
889
802
945
447
159
90
276
266
641
222
738
763
817
370
218
384
185
420
863
522
473
685
421
542
905
406
815
726
561
649
498
522
628
510
190
672
275
388
120
131
768
382
293
716
321
170
573
900
102
290
796
695
340
877
438
741
992
810
946
593
740
84
740
115
488
0
205
835
108
342
810
183
80
931
482
234
69
410
953
991
674
556
115
857
796
939
564
352
617
301
853
562
71
755
982
880
208
77
846
653
579
688
187
263
78
557
975
753
839
392
127
309
99
747
627
643
601
259
77
692
314
295
272
557
914
470
970
972
487
601
229
570
407
944
55
758
322
270
565
959
533
264
737
702
406
617
64
703
484
307
925
393
963
568
259
379
866
893
571
329
69
281
103
858
505
205
0
53
141
390
347
428
999
138
744
799
524
272
190
722
386
205
995
888
192
634
478
516
847
524
914
673
360
176
687
940
651
773
504
849
86
316
766
573
671
360
229
104
553
389
168
463
484
511
935
128
546
885
993
755
372
207
506
167
209
94
376
633
894
717
143
319
741
418
380
120
599
953
990
709
481
370
143
94
660
743
639
771
173
178
551
941
160
773
780
105
801
354
660
283
958
347
746
261
224
835
53
0
333
890
558
428
450
955
669
879
754
509
747
857
583
922
708
614
795
503
259
134
371
523
840
447
489
96
977
494
434
435
875
193
210
427
269
929
625
349
308
696
229
276
318
962
546
206
220
471
979
738
952
371
456
572
391
161
689
472
852
372
663
674
680
213
157
65
504
657
621
787
986
776
584
201
916
496
933
743
364
393
556
740
957
259
338
773
355
248
840
942
273
505
587
233
867
894
583
108
141
333
0
700
436
76
211
427
601
485
211
749
197
335
643
879
905
440
749
153
70
194
327
611
892
620
718
894
504
279
172
864
958
250
762
62
991
150
73
111
887
154
202
988
528
50
774
71
118
792
986
718
849
361
359
934
120
344
863
907
387
817
136
553
719
901
940
815
799
622
742
830
994
442
643
170
597
312
404
485
994
363
879
233
631
636
883
365
186
57
293
153
197
658
633
333
740
110
923
342
390
890
700
0
74
939
858
769
791
863
498
457
673
525
555
280
779
345
360
923
233
990
232
393
185
682
89
283
272
380
102
179
756
848
950
990
348
904
838
599
807
422
962
221
619
511
663
453
585
142
371
571
514
705
701
346
942
786
265
873
679
769
174
756
636
474
159
692
251
245
141
887
330
307
519
646
155
57
914
548
624
758
105
560
623
424
537
224
252
509
208
573
992
770
886
643
149
173
418
810
347
558
436
74
0
162
117
714
696
678
774
808
271
591
957
388
249
428
906
858
854
954
800
159
83
289
508
612
131
231
348
835
636
538
853
947
309
150
942
121
304
116
252
732
895
158
392
950
138
897
101
790
961
397
455
572
844
454
642
567
978
362
822
472
562
95
617
467
76
286
932
889
469
290
522
983
979
468
781
296
976
159
697
203
481
92
969
765
428
477
780
643
604
806
139
895
362
675
297
183
428
428
76
939
162
0
986
111
549
968
862
505
873
66
89
768
450
596
318
224
942
659
917
365
485
878
565
254
303
228
747
270
257
530
569
494
666
397
695
567
630
822
531
302
540
496
439
992
205
663
440
822
333
510
552
546
63
489
719
992
599
499
239
666
149
381
848
378
90
487
813
393
981
592
330
483
976
431
864
937
341
785
232
200
965
752
482
818
411
570
731
936
984
319
544
430
200
168
198
80
999
450
211
858
117
986
0
318
951
918
856
616
406
753
934
582
898
589
676
120
393
280
636
474
873
649
626
974
334
890
935
855
684
414
996
241
254
669
401
60
605
791
97
104
379
791
564
318
175
623
155
512
329
743
402
449
68
404
94
938
509
380
213
515
902
854
345
433
910
897
257
691
650
56
960
341
350
397
569
591
850
960
274
515
230
111
939
874
781
139
815
938
405
552
280
539
112
263
542
931
138
955
427
769
714
111
318
0
337
255
343
536
948
724
207
761
579
768
462
462
884
924
401
818
645
898
404
190
496
324
552
971
936
882
577
579
935
760
302
347
65
764
196
400
998
240
683
65
700
313
366
957
517
349
744
831
505
80
701
811
100
845
130
628
877
991
212
709
371
113
828
752
882
566
943
450
446
562
872
793
883
611
228
201
617
955
811
623
717
755
58
948
66
875
837
829
983
425
777
482
744
669
601
791
696
549
951
337
0
133
180
309
528
761
598
407
357
981
949
112
67
361
952
447
81
567
883
380
767
716
867
739
78
678
606
809
759
617
487
89
657
427
263
430
75
852
918
147
377
636
179
780
223
146
694
158
359
657
389
277
364
877
175
746
758
105
437
526
377
573
78
948
790
218
165
804
311
295
202
277
228
160
178
130
557
544
796
907
503
456
290
629
505
520
287
867
613
471
713
234
799
879
485
863
678
968
918
255
133
0
807
117
311
480
372
283
661
308
712
649
848
527
305
367
898
776
229
287
63
194
664
552
467
236
385
869
544
1000
377
710
83
946
170
291
387
739
831
427
244
814
643
229
673
687
525
840
54
188
647
71
339
997
508
487
517
564
747
767
421
396
827
372
452
798
283
865
941
618
106
319
974
782
360
330
705
356
340
203
955
152
576
470
230
334
437
672
527
567
554
69
524
754
211
498
774
862
856
343
180
807
0
266
956
617
268
949
479
832
189
756
291
643
832
743
50
875
825
63
868
154
356
728
997
76
227
284
559
724
327
531
224
362
275
843
682
195
588
736
423
290
254
273
803
580
640
405
89
249
173
286
608
191
544
832
524
51
342
819
376
879
916
571
442
476
774
665
729
535
810
604
924
226
357
96
357
444
588
453
235
408
882
466
134
428
909
835
180
523
515
410
272
509
749
457
808
505
616
536
309
117
266
0
715
494
605
581
835
522
376
475
173
404
428
64
776
923
950
542
89
993
331
467
386
265
714
767
631
585
451
946
922
521
315
158
668
74
120
852
960
499
550
69
130
305
571
890
644
665
759
179
395
879
75
233
532
321
71
102
528
948
106
461
358
720
423
480
946
459
251
97
274
343
57
867
317
489
602
219
784
492
974
522
759
494
227
958
814
840
124
953
190
747
197
673
271
873
406
948
528
311
956
715
0
802
526
750
154
907
869
350
484
457
1000
715
65
396
227
370
644
110
260
978
248
643
147
308
904
302
995
223
816
554
118
993
811
433
973
308
957
661
349
724
86
150
692
518
585
836
983
382
710
182
496
594
407
379
116
752
412
521
877
990
557
620
363
707
677
372
723
446
904
151
693
850
578
367
991
827
726
778
747
845
893
295
989
916
189
910
298
991
722
857
335
525
591
66
753
724
761
480
617
494
802
0
64
336
896
776
430
607
323
837
512
987
111
842
717
870
94
950
964
642
940
539
151
739
406
590
920
598
395
679
117
422
502
491
889
411
955
957
990
711
195
837
953
514
209
855
1000
671
486
53
422
621
772
240
977
480
985
96
781
80
106
258
907
735
708
346
557
252
703
737
979
837
631
114
501
800
984
414
436
442
770
802
253
740
753
148
756
674
386
583
643
555
957
89
934
207
598
372
268
605
526
64
0
742
839
553
50
705
954
226
223
271
385
668
929
195
758
640
682
956
691
101
335
654
557
786
580
431
532
522
422
271
371
523
134
248
73
695
907
336
221
595
315
118
64
242
951
499
659
906
63
191
768
97
421
354
967
804
805
450
216
821
632
212
669
106
756
502
79
108
141
914
456
484
349
377
205
305
488
71
356
456
829
697
790
870
882
556
205
922
879
280
388
768
582
761
407
283
949
581
750
336
742
0
70
460
273
738
184
712
332
101
822
311
272
361
51
384
853
236
468
192
886
728
879
604
523
843
614
496
261
622
995
572
100
549
997
281
904
717
922
351
579
760
238
430
542
982
233
633
711
161
628
588
553
840
642
332
645
697
925
966
366
312
934
759
736
88
501
90
878
754
167
855
761
954
588
924
437
740
419
328
752
171
958
907
203
115
995
708
905
779
249
450
898
579
357
661
479
835
154
896
839
70
0
739
391
624
879
794
718
292
912
282
406
720
696
469
739
568
962
114
233
289
229
947
680
335
585
723
598
857
641
239
140
954
139
773
239
318
752
884
528
556
423
917
254
935
618
330
834
571
449
362
834
531
240
257
666
179
340
632
832
889
941
281
511
980
350
577
133
862
114
265
947
278
340
588
494
605
148
513
990
736
153
498
490
857
888
614
440
345
428
596
589
768
981
308
832
522
907
776
553
460
739
0
108
131
217
304
437
823
138
312
405
340
572
113
59
722
236
167
466
137
861
442
505
176
412
293
378
758
959
516
125
322
849
58
250
445
429
243
908
264
879
110
535
278
526
406
972
315
87
707
931
187
424
393
153
928
440
242
858
144
510
521
222
906
986
355
714
979
658
541
338
359
233
514
648
539
428
660
211
140
137
853
142
796
192
795
749
360
906
318
676
462
949
712
189
376
869
430
50
273
391
108
0
516
597
122
321
933
558
210
264
296
677
813
163
688
881
863
991
98
478
197
507
655
637
156
856
226
387
867
534
806
688
671
505
476
306
808
458
298
542
517
50
204
844
821
937
58
646
633
321
834
341
446
257
926
637
714
215
818
138
683
282
104
656
116
446
413
831
378
330
360
560
668
231
116
315
366
179
322
525
691
997
939
634
503
153
923
858
224
120
462
112
649
756
475
350
607
705
738
624
131
516
0
782
894
87
437
534
582
327
372
898
179
183
764
279
389
206
51
523
473
676
276
253
755
372
542
168
376
187
324
573
378
398
546
230
449
352
613
907
993
238
103
729
99
995
464
648
296
783
246
651
766
469
920
115
785
641
729
588
398
327
432
242
954
970
603
192
654
189
244
659
943
92
814
283
694
579
278
571
244
801
564
478
259
70
233
854
942
393
884
67
848
291
173
484
323
954
184
879
217
597
782
0
748
837
389
913
275
876
806
608
287
934
135
854
957
480
444
906
849
843
906
910
945
325
82
545
864
253
627
130
974
439
143
862
454
209
782
855
438
122
564
785
716
918
282
562
372
484
226
384
484
951
247
79
435
428
321
469
958
395
109
505
202
708
707
812
720
985
685
676
180
928
143
778
484
763
599
999
183
525
352
516
134
194
990
954
659
280
924
361
527
643
404
457
837
226
712
794
304
122
894
748
0
661
444
568
662
125
365
356
486
142
638
239
805
750
910
683
341
657
672
815
121
333
730
127
799
759
330
74
103
328
603
57
415
562
885
362
340
835
175
418
308
869
307
104
382
274
186
397
354
73
443
460
608
198
119
572
334
864
164
937
816
907
917
554
152
271
708
344
963
372
649
307
712
304
383
899
773
550
617
847
371
327
232
800
917
636
401
952
305
832
428
1000
512
223
332
718
437
321
87
837
661
0
474
214
581
365
242
265
797
266
118
84
623
460
773
578
132
554
815
881
686
552
590
612
587
542
202
359
735
239
528
212
953
157
595
598
96
876
171
829
761
998
818
786
666
107
825
993
149
85
502
185
364
302
590
916
404
645
355
796
838
484
385
405
878
163
519
237
896
149
360
986
711
726
294
712
329
73
301
524
523
611
393
159
365
474
818
447
367
743
64
715
987
271
101
292
823
933
437
389
444
474
0
276
750
220
710
478
134
214
579
936
706
543
169
518
425
913
507
587
906
319
739
471
719
183
428
898
969
640
510
521
142
881
485
499
198
451
658
940
371
640
361
587
484
814
406
93
131
590
456
789
728
246
406
887
708
592
743
786
704
524
184
110
481
388
101
574
736
811
405
941
295
852
655
130
232
900
853
914
840
892
185
83
485
873
645
81
898
50
776
65
111
385
822
912
138
558
534
913
568
214
276
0
693
391
595
951
56
252
425
509
885
93
233
460
201
332
624
372
481
471
401
340
669
305
963
268
595
99
991
572
550
839
497
799
800
366
675
712
762
878
164
264
353
704
267
1000
901
637
71
368
339
114
710
383
182
82
786
729
697
52
940
526
370
250
742
326
577
399
183
457
960
833
109
840
610
165
562
673
447
620
682
289
878
649
898
567
776
875
923
396
842
668
311
282
312
210
582
275
662
581
750
693
0
630
663
272
655
692
899
605
631
153
222
436
929
935
92
645
180
95
222
180
469
914
197
873
649
237
496
156
780
63
427
820
903
728
324
516
321
822
998
994
201
567
390
434
133
615
439
846
951
353
787
408
612
686
427
95
514
915
852
679
609
543
678
397
305
215
334
280
233
343
292
670
445
774
71
360
489
718
89
508
565
626
404
883
229
825
950
227
717
929
272
406
405
264
327
876
125
365
220
391
630
0
950
850
199
815
489
411
836
97
822
998
617
243
905
149
397
103
687
847
709
549
345
649
180
905
690
920
879
445
269
341
688
786
232
178
847
640
79
508
720
936
363
653
295
696
595
165
613
236
783
661
532
685
871
791
163
464
782
348
733
653
795
686
344
537
854
467
172
306
597
410
51
214
755
176
96
894
283
612
254
974
190
380
287
63
542
370
870
195
361
720
340
296
372
806
365
242
710
595
663
950
0
336
365
576
465
352
401
851
134
213
239
826
250
669
778
942
171
702
788
301
926
51
667
195
772
789
790
498
994
815
384
609
872
498
112
512
922
604
979
591
792
423
313
583
967
843
736
438
350
878
996
938
520
841
411
106
571
422
560
978
813
701
486
63
343
239
714
113
53
957
649
814
982
687
977
504
272
131
303
334
496
767
63
868
89
644
94
758
51
696
572
677
898
608
356
265
478
951
272
850
336
0
228
51
529
544
976
769
417
406
983
481
315
308
350
690
573
309
67
384
787
825
887
773
81
182
683
116
580
977
560
891
809
963
744
654
425
355
384
221
544
907
532
977
987
159
577
355
73
631
296
142
260
145
354
805
376
992
282
516
124
686
605
825
60
946
246
833
450
229
193
457
880
940
494
279
380
231
228
890
324
716
194
154
993
110
950
640
384
469
113
813
179
287
486
797
134
56
655
199
365
228
0
113
672
757
452
813
977
240
504
989
919
376
582
614
259
731
338
417
997
911
659
139
527
368
764
743
135
509
81
879
826
82
992
309
621
281
147
391
689
742
248
460
721
183
91
354
473
492
828
604
723
887
709
996
335
241
462
864
380
349
266
416
463
287
407
721
612
181
548
349
208
651
434
172
102
348
747
935
552
867
664
356
331
260
964
682
853
739
59
163
183
934
142
266
214
252
692
815
576
51
113
0
612
328
764
876
425
366
679
326
97
823
389
79
74
934
396
676
311
355
129
1000
669
760
392
393
347
835
768
771
341
548
865
905
603
404
572
712
137
365
239
411
867
991
579
803
433
843
296
711
704
526
918
322
283
625
595
652
201
382
791
903
612
216
108
302
158
643
233
953
77
773
435
864
179
835
270
855
971
739
552
728
467
978
642
956
236
568
722
688
764
135
638
118
579
425
899
489
465
529
672
612
0
839
937
659
677
595
884
420
582
890
781
988
856
387
987
298
435
199
553
915
988
626
429
655
146
887
853
788
518
395
955
581
234
240
842
242
636
495
728
578
653
233
296
210
787
568
665
303
955
752
722
979
102
697
630
153
918
67
496
199
714
753
134
700
748
243
456
907
846
504
875
958
756
636
257
684
936
78
467
997
386
248
940
691
468
962
236
881
279
854
239
84
936
509
605
411
352
544
757
328
839
0
350
162
492
694
977
218
279
519
966
50
414
433
524
793
261
308
187
766
137
58
97
857
551
68
567
325
333
71
669
574
229
933
148
377
231
851
600
357
493
756
55
926
319
797
717
842
660
812
633
460
413
433
990
615
763
542
245
70
996
337
162
931
306
579
681
974
653
849
193
250
848
538
530
414
882
678
236
76
265
643
539
101
192
114
167
863
389
957
805
623
706
885
631
836
401
976
452
764
937
350
0
667
425
737
298
754
556
571
641
545
834
796
283
117
468
383
557
621
751
315
813
901
845
118
363
417
168
91
73
662
526
985
425
700
676
239
909
80
806
419
470
650
776
790
890
290
534
751
300
86
70
888
633
533
492
150
123
802
560
899
958
587
856
985
96
889
579
86
210
762
950
853
569
996
577
606
385
227
714
147
151
335
886
233
466
991
206
480
750
460
543
93
153
97
851
769
813
876
659
162
667
0
844
378
521
971
756
768
286
200
718
306
82
372
537
937
87
690
208
929
439
223
373
144
772
804
889
129
963
275
718
289
87
348
542
975
90
210
467
293
362
132
430
986
758
925
75
649
136
879
408
275
364
301
712
696
540
306
415
426
704
941
537
831
268
802
688
316
427
62
990
947
494
241
579
809
869
284
767
308
739
654
728
289
137
98
51
444
910
773
169
233
222
822
134
417
977
425
677
492
425
844
0
951
449
841
144
862
398
761
670
777
469
431
53
225
328
389
872
631
758
251
516
597
180
622
380
895
307
899
704
236
216
136
657
118
371
843
692
939
615
487
224
217
393
333
289
826
833
328
531
199
387
180
372
286
119
780
643
1000
838
755
752
480
516
945
187
766
269
991
348
309
666
254
935
759
544
559
631
904
406
557
879
229
861
478
523
906
683
578
518
460
436
998
213
406
240
366
595
694
737
378
951
0
662
392
669
857
434
336
156
322
185
333
576
549
615
818
871
598
332
394
741
197
486
221
499
50
338
971
592
134
741
491
625
406
832
169
825
52
758
455
745
268
356
896
704
282
209
185
114
474
310
607
376
812
662
994
859
644
737
189
527
613
373
447
263
573
929
150
904
150
397
669
760
617
1000
724
585
302
590
786
604
947
442
197
473
849
341
132
425
201
929
617
239
983
504
679
884
977
298
521
449
662
0
553
846
850
314
962
986
191
277
81
330
411
784
207
741
163
498
744
133
960
744
661
514
871
240
459
197
669
53
805
746
75
629
115
134
157
642
404
185
938
895
798
837
695
549
730
537
138
722
489
551
769
539
50
724
667
595
924
627
567
261
159
78
671
625
73
838
942
695
401
302
487
377
327
451
995
920
580
523
680
505
507
676
843
657
554
913
332
935
243
826
481
989
326
420
218
754
971
841
392
553
0
292
534
440
805
906
320
380
304
199
979
169
490
332
70
144
873
888
943
538
968
434
520
479
522
722
527
189
96
878
185
94
274
861
234
206
389
140
564
187
452
860
477
561
127
815
932
701
538
514
911
195
184
337
303
430
821
685
195
868
90
557
360
349
111
599
121
567
60
347
89
710
531
946
223
598
431
843
335
176
655
276
906
672
815
507
624
92
905
250
315
919
97
582
279
556
756
144
669
846
292
0
637
881
604
554
484
62
661
831
519
931
308
774
797
343
545
508
110
799
812
546
968
766
985
496
735
758
425
56
525
117
107
312
606
317
598
706
301
568
279
709
342
417
264
776
161
299
515
544
132
423
380
276
186
890
197
105
475
718
276
975
229
308
887
807
304
630
605
65
657
83
224
922
816
395
532
614
585
412
637
253
910
815
881
587
372
645
149
669
308
376
823
890
519
571
768
862
857
850
534
637
0
315
196
171
474
795
328
587
616
727
372
603
558
427
717
774
171
915
239
607
783
693
283
800
648
242
870
384
752
897
514
947
974
310
267
888
701
796
745
565
705
467
73
878
952
694
238
132
755
331
370
912
504
528
77
64
717
918
266
753
104
696
154
422
116
822
791
764
427
946
362
521
554
679
522
496
723
293
156
755
945
121
686
906
481
180
397
778
350
582
389
781
966
641
286
398
434
314
440
881
315
0
334
892
114
739
405
757
717
51
635
224
896
621
884
91
68
701
769
674
856
806
887
501
175
659
458
783
643
503
515
407
363
257
411
344
986
436
838
789
656
745
751
336
941
948
816
286
938
754
569
199
794
370
946
932
336
477
641
839
553
229
202
962
252
531
97
196
263
170
275
315
118
117
422
261
598
378
856
372
325
333
552
319
471
95
103
942
690
614
79
988
50
545
200
761
336
962
805
604
196
334
0
959
617
508
134
558
698
898
646
163
897
467
564
314
808
870
202
491
490
102
930
825
932
355
146
682
337
919
424
780
800
764
495
556
286
783
708
226
498
324
352
644
66
279
384
755
546
330
160
169
835
527
974
401
842
476
222
392
389
276
988
221
732
302
104
400
430
291
843
158
993
422
271
622
857
758
226
542
82
730
590
739
401
222
687
171
573
259
74
856
414
834
718
670
156
986
906
554
171
892
959
0
910
841
853
303
551
67
876
948
794
395
380
983
481
446
266
602
456
687
67
972
262
492
413
441
466
818
744
787
196
450
696
233
355
338
844
233
584
838
604
170
209
577
149
926
993
245
249
350
924
419
353
656
930
334
738
127
168
318
528
619
895
540
379
998
75
387
682
668
811
502
371
995
641
959
387
168
545
127
612
471
340
180
847
702
309
731
934
387
433
796
306
777
322
191
320
484
474
114
617
910
0
332
731
397
239
383
808
399
91
771
487
260
472
476
646
693
688
237
345
214
350
686
843
665
272
499
218
818
108
785
978
238
681
106
886
169
331
781
388
785
150
225
265
689
277
356
882
769
283
287
982
683
893
540
763
309
463
962
50
511
158
496
791
240
852
739
195
74
433
491
523
572
239
516
867
376
864
799
587
719
669
469
709
788
67
338
396
987
524
283
82
469
185
277
380
62
795
739
508
841
332
0
359
875
242
217
970
805
484
922
965
209
127
905
481
577
976
426
521
221
680
130
207
220
254
151
349
699
296
782
662
955
602
351
290
294
480
214
877
785
477
272
358
422
882
663
367
158
286
784
757
640
223
821
817
99
484
546
774
663
392
439
564
683
918
831
588
120
973
889
134
100
140
125
534
187
253
759
542
183
305
914
549
301
384
417
676
298
793
117
372
431
333
81
304
661
328
405
134
853
731
359
0
318
405
648
73
452
680
502
848
647
441
357
594
76
932
742
481
897
245
733
137
338
143
537
423
433
488
235
243
693
944
201
268
320
167
923
952
374
462
274
559
763
612
52
219
178
983
699
550
359
232
98
370
747
511
206
71
453
950
992
318
65
147
427
736
852
308
411
248
549
954
322
806
324
627
330
202
428
963
197
345
926
787
997
311
435
261
468
537
53
576
330
199
831
587
757
558
303
397
875
318
0
70
619
157
162
527
100
285
688
576
278
823
199
281
839
974
937
762
640
818
259
834
884
69
566
599
184
431
51
927
82
748
296
703
202
942
309
488
780
171
494
986
841
574
992
730
429
385
297
759
193
218
627
935
220
118
585
138
205
175
700
377
244
423
960
957
955
73
997
139
849
688
573
130
74
359
898
268
873
649
51
825
911
355
199
308
383
937
225
549
411
979
519
616
717
698
551
239
242
405
70
0
390
77
349
754
335
582
304
856
124
619
967
139
603
169
580
947
698
827
716
880
676
815
533
792
899
520
502
970
171
515
525
502
659
676
380
797
647
827
548
702
115
659
105
880
876
914
848
786
715
384
643
128
471
792
142
897
663
623
313
636
814
290
499
661
957
695
281
773
58
671
378
974
103
735
969
595
649
180
667
887
659
129
553
187
557
87
328
615
784
169
931
727
51
898
67
383
217
648
619
390
0
687
666
959
354
357
171
531
714
885
99
519
957
177
815
636
131
496
133
969
267
580
449
834
948
660
540
998
432
967
270
766
914
352
679
358
563
929
678
378
789
528
358
835
73
566
493
888
987
185
601
546
979
986
371
101
440
155
366
179
643
254
550
349
990
907
904
239
250
505
398
439
328
239
640
99
237
905
195
773
139
1000
915
766
621
690
389
818
207
490
308
372
635
646
876
808
970
73
157
77
687
0
937
275
772
947
53
484
844
574
589
985
838
733
652
247
750
774
968
276
453
477
850
492
685
378
921
806
260
419
69
861
229
417
527
70
849
222
907
906
769
727
469
314
601
462
78
155
523
420
259
885
738
718
571
790
822
512
957
780
229
273
69
724
711
336
717
318
445
476
546
143
603
528
510
991
496
690
772
81
527
669
988
137
751
208
872
871
741
332
774
603
224
163
948
399
805
452
162
349
666
937
0
476
133
852
175
108
405
714
821
192
447
802
482
152
96
664
135
684
549
426
974
862
672
82
77
483
550
545
940
608
767
705
148
154
690
310
480
889
73
963
579
894
834
327
922
304
861
863
77
993
952
849
514
961
333
329
517
223
673
803
130
86
195
221
922
752
429
306
230
862
57
212
521
572
156
920
789
182
368
760
626
58
315
929
631
598
163
70
797
558
896
897
794
91
484
680
527
754
959
275
476
0
384
849
660
109
824
199
196
845
490
875
552
746
271
460
640
996
788
687
638
580
999
661
805
855
217
970
316
238
182
331
185
917
88
777
382
233
193
201
812
310
851
328
257
965
603
522
692
755
371
361
705
397
510
743
349
146
687
580
305
150
837
595
351
884
243
808
449
454
415
953
142
550
780
879
790
683
764
392
429
97
813
439
758
332
498
144
343
427
621
467
395
771
922
502
100
335
354
772
133
384
0
409
306
147
624
178
641
807
355
228
420
983
660
123
411
273
386
778
825
267
650
432
682
153
52
669
459
944
867
894
316
857
787
1000
333
233
915
858
889
676
311
949
427
864
65
473
314
372
456
359
701
455
552
402
744
694
525
640
571
692
953
315
579
528
908
458
352
209
562
157
881
839
63
445
498
116
743
393
655
857
901
223
251
394
744
873
545
717
884
564
380
487
965
848
285
582
357
947
852
849
409
0
695
465
494
679
660
131
633
402
175
712
872
712
300
745
683
541
356
125
491
726
686
676
585
184
690
525
154
634
171
390
68
911
128
319
463
702
697
191
789
430
698
141
783
685
295
207
572
934
346
572
546
449
831
158
840
405
890
518
514
118
760
556
264
298
613
782
885
595
485
497
427
269
994
580
135
347
146
551
845
373
516
741
133
888
508
774
91
314
983
260
209
647
688
304
171
53
175
660
306
695
0
995
485
862
430
457
803
778
694
979
425
856
257
348
578
621
913
793
539
551
272
409
984
703
919
803
208
434
856
314
615
204
555
667
816
211
956
561
738
451
630
71
390
421
272
506
391
120
942
844
63
68
505
359
54
89
644
585
209
64
238
423
879
542
907
855
362
598
499
799
820
341
815
977
509
835
887
68
118
144
597
197
960
943
110
171
68
808
481
472
127
441
576
856
531
484
108
109
147
465
995
0
951
468
286
879
776
531
909
966
663
62
207
57
850
259
895
225
703
266
239
392
707
373
802
906
120
907
579
470
245
233
572
201
632
170
190
532
431
277
614
220
70
542
557
167
161
344
786
454
489
404
80
657
188
249
665
836
855
242
430
917
110
517
993
438
340
96
198
800
903
688
384
560
81
768
853
567
363
772
180
486
744
538
799
915
701
870
446
476
905
357
278
124
714
844
405
824
624
494
485
951
0
193
164
397
256
221
789
611
315
458
981
848
664
554
622
650
283
405
358
455
293
133
549
518
947
192
533
787
177
606
119
760
785
81
453
899
261
546
680
527
228
905
914
209
689
863
265
642
719
94
701
389
647
173
759
983
1000
951
542
254
535
50
238
122
835
876
451
366
728
786
609
891
879
771
788
325
417
804
622
221
661
968
812
239
769
202
266
646
481
594
823
619
885
574
714
199
178
679
862
468
193
0
710
983
679
905
55
579
685
696
66
662
172
384
286
800
865
900
324
289
61
389
508
671
484
457
921
92
696
540
399
244
354
198
200
706
745
861
174
796
438
406
470
94
472
907
873
567
992
938
811
277
71
286
179
382
671
499
982
935
278
204
103
564
175
171
658
675
324
232
872
809
826
341
518
333
168
889
380
499
514
434
546
607
674
491
602
693
577
76
199
967
99
589
821
196
641
660
430
286
164
710
0
554
315
816
587
586
198
501
973
543
913
196
420
259
564
83
194
990
92
876
427
348
699
482
286
739
282
774
1000
83
701
623
854
946
229
346
298
635
927
815
970
376
852
387
679
978
599
509
100
364
339
608
395
710
486
659
233
618
526
844
729
785
418
829
940
712
516
178
498
963
82
548
395
71
91
129
895
50
871
520
968
783
856
490
456
688
976
932
281
139
519
985
192
845
807
131
457
879
397
983
554
0
162
264
209
82
199
140
846
695
495
701
899
81
599
277
405
292
760
1000
211
703
601
138
181
605
554
340
758
292
431
776
433
610
195
157
740
436
233
726
972
633
372
817
769
362
499
380
845
877
997
191
879
182
53
906
633
330
406
821
99
716
308
761
371
762
321
847
112
744
992
865
955
669
73
963
307
338
240
479
766
693
806
102
687
237
426
742
839
603
957
838
447
490
355
633
803
776
256
679
315
162
0
845
858
417
74
240
536
773
839
377
942
197
165
641
798
796
368
693
695
438
883
746
890
969
512
443
212
990
817
147
363
437
830
993
343
94
256
561
487
894
663
136
174
822
239
213
130
175
508
544
75
496
422
63
711
834
972
937
995
918
869
998
640
878
822
640
512
654
309
905
581
574
662
275
899
971
459
522
985
283
887
930
67
345
521
481
974
169
177
733
802
875
228
402
778
531
221
905
816
264
845
0
138
408
524
583
815
86
989
765
526
713
487
410
342
364
764
827
412
163
758
686
850
920
745
941
306
231
705
915
546
371
908
182
921
753
802
649
601
717
674
553
756
472
666
515
628
746
487
832
233
594
621
191
161
571
315
58
464
282
307
818
361
164
998
79
922
425
621
603
234
229
526
718
704
592
197
722
496
800
501
825
972
214
221
897
937
580
815
652
482
552
420
175
694
909
789
55
587
209
858
138
0
105
494
624
852
333
406
841
677
817
733
441
983
877
563
408
418
70
745
928
642
722
369
140
357
494
937
317
93
159
327
575
284
972
212
498
229
143
680
719
636
562
149
902
877
758
517
524
532
407
772
768
628
449
87
646
648
562
104
786
587
264
994
508
604
355
281
404
240
933
985
289
236
134
669
527
735
648
175
932
262
350
680
245
762
947
636
247
152
746
983
712
979
966
611
579
586
82
417
408
105
0
253
584
875
860
866
901
662
921
478
391
906
770
692
300
412
345
372
269
701
766
126
93
438
540
422
753
192
746
254
716
938
349
483
522
570
319
213
901
474
95
381
854
991
105
564
51
321
379
240
97
588
362
707
633
296
372
382
666
484
353
201
720
979
384
147
572
842
148
425
87
216
741
53
189
758
242
659
355
492
686
130
733
640
698
131
750
96
271
660
872
425
663
315
685
198
199
74
524
494
253
0
297
663
624
717
602
151
625
681
888
641
404
456
812
735
973
663
742
438
204
575
639
108
750
356
640
181
972
430
785
675
125
232
628
407
741
157
940
159
617
848
345
212
437
747
342
71
116
977
421
553
834
931
321
783
484
274
107
814
704
567
936
591
221
391
712
242
377
700
348
136
491
805
96
425
870
458
146
413
843
207
137
818
827
496
774
664
460
123
712
856
62
458
696
501
140
240
583
624
584
297
0
94
837
572
952
388
62
920
180
860
316
100
880
129
518
377
673
488
473
505
589
162
689
797
257
113
454
537
549
688
160
56
510
944
418
65
815
692
467
378
433
709
526
767
819
102
752
480
354
840
531
187
834
246
226
186
825
406
267
390
363
792
544
689
137
636
231
676
542
657
625
746
878
56
384
783
682
441
665
220
338
259
716
133
968
135
640
411
300
257
207
981
66
973
846
536
815
852
875
663
94
0
539
326
583
339
345
497
635
131
946
848
443
564
113
622
639
688
90
267
655
493
588
870
593
976
553
115
662
221
407
839
190
55
380
504
799
251
76
90
910
371
377
421
376
528
412
985
967
642
240
424
341
651
384
397
993
93
1000
434
653
423
907
742
365
495
851
239
975
118
406
75
185
525
752
643
337
466
272
254
143
834
880
969
276
684
996
273
745
348
57
848
662
543
695
773
86
333
860
624
837
539
0
351
495
930
454
529
361
804
808
78
953
732
481
432
863
132
554
264
717
839
817
252
394
925
528
858
381
639
513
633
672
758
120
657
622
245
286
487
897
113
573
396
879
948
521
96
804
332
257
393
446
766
484
354
149
131
901
133
295
313
532
248
239
728
600
909
90
371
832
629
94
117
897
503
919
818
499
151
537
884
676
267
453
549
788
386
683
578
850
664
172
913
495
839
989
406
866
717
572
326
351
0
815
871
820
978
820
379
370
491
877
246
999
121
173
299
680
434
741
717
112
250
461
367
474
848
607
507
494
872
275
322
599
621
742
141
932
813
257
828
78
827
916
106
877
781
805
645
666
153
257
469
951
73
85
590
637
615
696
583
977
460
411
578
357
80
210
843
169
115
274
107
514
515
424
744
218
349
423
69
815
580
477
426
687
778
541
621
259
554
384
196
701
377
765
841
901
602
952
583
495
815
0
853
226
425
186
93
601
847
474
57
308
293
910
589
117
202
968
648
536
129
300
257
227
718
81
248
399
110
388
270
953
787
830
887
889
393
691
752
948
372
571
461
990
80
450
697
179
928
926
920
247
443
502
456
71
439
595
967
987
721
867
653
493
806
467
692
825
134
861
312
947
407
780
787
818
699
433
566
533
449
850
974
638
825
356
913
895
622
286
420
899
942
526
677
662
151
388
339
930
871
853
0
780
425
450
689
593
109
98
404
440
295
707
239
187
368
791
320
480
749
488
496
411
777
972
974
572
683
120
565
990
986
994
330
469
981
650
882
790
452
442
358
557
106
216
925
340
440
637
115
79
460
185
789
368
846
165
843
159
183
991
233
756
419
293
939
52
157
234
606
974
363
800
196
108
296
488
599
792
834
492
862
580
267
125
793
225
650
800
259
81
197
713
817
921
625
62
345
454
820
226
780
0
355
578
182
556
217
896
406
141
701
783
565
794
549
973
577
377
364
1000
679
714
78
351
384
395
276
131
959
709
776
442
307
290
592
56
566
218
798
476
720
620
258
821
966
632
242
714
785
435
608
364
728
339
951
613
736
577
91
579
296
55
470
362
615
758
642
206
317
310
257
764
450
785
782
235
184
899
948
685
672
999
650
491
539
703
283
865
564
599
165
487
733
478
681
920
497
529
978
425
425
355
0
799
867
152
489
350
657
375
487
190
318
168
594
428
655
358
354
769
890
838
332
227
379
923
55
768
533
481
584
643
519
522
330
960
943
165
283
774
423
363
907
632
366
832
858
215
641
428
198
302
246
114
353
236
438
355
354
803
210
926
650
132
487
455
404
389
598
267
411
495
696
978
662
243
431
520
660
378
82
661
432
726
551
266
405
900
83
277
641
410
441
391
888
180
635
361
820
186
450
578
799
0
340
368
532
160
678
705
55
923
893
649
729
460
791
447
704
298
770
304
719
357
120
542
539
382
264
370
201
170
646
983
483
341
450
804
865
665
480
707
735
212
312
889
144
818
729
321
119
590
406
710
787
783
350
73
473
433
787
319
776
430
224
745
185
140
706
888
344
556
233
238
955
693
51
502
540
921
77
805
682
686
272
239
358
324
194
405
798
342
983
906
641
860
131
804
379
93
689
182
867
340
0
706
389
124
234
589
989
634
851
148
138
721
924
966
433
844
76
540
954
969
544
510
442
293
737
143
916
597
155
979
976
350
446
311
941
729
946
677
708
669
934
941
510
138
588
469
572
916
887
383
408
661
878
631
492
843
568
797
790
986
217
268
938
564
301
701
986
286
355
681
602
944
927
970
998
806
483
855
153
676
409
392
455
289
990
292
796
364
877
770
404
316
946
808
370
601
593
556
152
368
706
0
776
660
813
645
507
325
459
366
977
845
859
248
619
683
128
837
572
764
669
799
610
716
702
94
496
312
57
468
431
397
562
295
618
535
459
372
346
106
759
281
521
683
398
958
334
404
708
182
612
532
996
296
828
296
665
717
890
758
393
356
895
187
568
796
436
783
338
106
351
201
82
171
432
260
550
217
52
585
984
707
293
61
92
760
368
764
563
692
456
100
848
78
491
847
109
217
489
532
389
776
0
468
729
944
907
751
732
756
600
761
321
288
193
679
147
603
875
182
661
189
439
321
406
660
933
404
914
781
864
569
872
202
106
810
251
723
557
756
736
511
222
282
327
395
864
645
592
82
686
685
938
142
604
711
303
842
290
925
333
896
798
452
279
745
838
708
844
886
290
268
748
515
967
419
545
970
669
184
703
373
133
389
876
1000
693
827
408
300
812
880
443
953
877
474
98
896
350
160
124
660
468
0
990
495
366
483
385
251
758
723
67
822
496
406
514
248
730
205
366
630
293
170
617
743
743
485
548
296
937
591
793
277
319
604
97
446
252
502
88
980
906
104
432
109
164
355
743
786
427
871
520
260
723
704
955
660
534
75
289
704
837
860
709
565
789
226
233
169
294
320
296
525
270
69
940
316
459
690
919
802
549
508
427
211
695
412
418
412
735
129
564
732
246
57
404
406
657
678
234
813
729
990
0
897
748
695
867
324
684
307
604
648
191
538
432
347
514
853
317
395
153
573
64
639
364
994
624
976
341
850
883
228
974
924
274
904
703
79
501
350
986
656
242
505
937
796
786
729
95
791
841
145
887
526
752
812
751
649
826
282
695
477
342
705
656
498
584
331
480
167
703
502
766
861
608
238
944
525
803
906
518
671
348
703
438
163
70
345
973
518
113
481
999
308
440
141
375
705
589
645
944
495
897
0
771
761
181
733
691
155
348
939
449
942
840
953
360
229
703
53
659
900
703
771
393
363
758
159
785
960
611
160
782
226
343
151
737
108
90
577
355
116
954
202
816
838
704
697
514
163
411
354
709
918
722
633
300
136
833
209
549
561
417
467
745
324
838
781
214
923
202
659
914
229
767
182
867
154
208
120
947
484
699
601
883
758
745
372
663
377
622
432
121
293
295
701
487
55
989
507
907
366
748
771
0
808
292
419
579
157
390
673
346
316
871
686
937
972
529
156
887
102
484
173
556
879
105
697
232
274
228
178
360
357
57
693
979
141
878
133
714
446
970
708
907
484
524
52
915
464
106
805
996
322
979
460
86
879
328
185
730
127
264
73
751
352
604
388
877
952
942
676
352
417
705
331
894
634
434
907
192
457
482
138
746
686
928
269
742
673
639
863
173
910
707
783
190
923
634
325
751
483
695
761
808
0
958
850
411
584
384
865
887
836
590
804
576
901
112
172
764
290
307
178
740
233
560
203
200
515
201
130
330
96
867
850
837
914
754
862
979
413
603
707
917
385
184
940
852
782
571
376
335
283
102
413
70
408
531
114
537
815
776
878
336
644
170
785
785
374
309
380
679
527
148
185
316
171
856
579
533
921
286
181
890
850
642
701
438
488
688
132
299
589
239
565
318
893
851
459
732
385
867
181
292
958
0
638
690
938
165
890
266
156
635
877
881
421
974
605
734
796
925
551
957
631
623
481
965
230
617
557
705
357
317
578
631
456
167
114
658
831
192
812
554
405
110
526
679
348
422
992
241
625
697
433
888
275
199
474
138
932
161
952
941
66
209
150
477
462
488
797
358
70
154
917
857
390
314
470
787
92
739
605
969
920
722
766
204
473
90
554
680
117
187
794
168
649
148
366
756
251
324
733
419
850
638
0
507
332
941
754
284
527
426
768
164
232
673
671
672
695
393
941
259
636
424
92
752
111
955
544
356
444
489
367
114
484
855
265
541
378
654
720
152
878
481
370
609
733
560
282
462
595
630
990
633
364
387
310
722
701
299
694
948
279
577
225
272
274
780
647
563
849
690
88
787
68
615
245
177
696
282
554
512
745
369
126
575
505
267
264
434
202
368
549
594
729
138
977
600
758
684
691
579
411
690
507
0
187
190
798
629
958
277
292
832
777
456
83
86
340
963
160
338
883
537
969
482
939
811
796
340
588
602
991
501
349
761
947
338
330
189
985
271
163
388
250
543
653
978
516
864
652
153
615
533
301
180
607
489
538
515
238
816
384
149
265
358
559
171
827
929
222
310
777
1000
911
204
233
606
540
774
340
443
941
140
93
639
589
655
717
741
968
791
973
428
460
721
845
761
723
307
155
157
584
938
332
187
0
441
327
475
377
510
285
218
959
423
742
950
877
568
773
773
365
224
765
818
874
623
907
203
453
219
827
800
377
954
278
359
360
244
685
708
519
101
742
678
795
813
124
380
201
918
763
492
712
372
376
551
514
544
132
286
755
926
689
422
763
494
548
678
907
480
382
333
128
555
572
119
399
1000
758
212
306
357
438
108
162
493
839
717
648
320
577
655
791
924
859
321
67
604
348
390
384
165
941
190
441
0
50
263
666
119
934
897
767
968
981
499
438
259
780
355
186
252
428
411
781
717
503
955
235
784
726
984
205
588
340
233
560
659
676
344
237
574
326
397
686
701
686
349
382
67
542
150
696
286
812
769
911
132
755
938
546
993
277
882
612
986
702
378
906
889
233
233
319
667
201
760
244
83
292
990
231
494
540
750
689
588
817
112
536
480
377
358
447
966
248
288
822
648
939
673
865
890
754
798
327
50
0
606
583
224
812
108
778
513
561
418
741
379
105
248
57
509
477
570
139
755
456
152
408
492
778
414
305
924
588
514
668
943
180
963
896
736
577
305
344
486
605
266
791
496
245
123
540
119
662
539
195
423
331
754
330
245
356
663
52
841
115
789
769
73
193
915
463
816
632
785
354
701
431
817
705
937
422
356
797
870
252
250
129
749
364
354
704
433
619
193
496
191
449
346
887
266
284
629
475
263
606
0
128
83
270
479
77
873
116
134
992
866
801
840
293
208
780
731
815
58
290
576
882
974
747
436
488
437
494
648
231
92
928
372
149
811
399
215
537
63
825
416
903
199
70
802
306
780
994
50
184
380
370
569
160
249
882
367
219
574
659
528
727
963
201
858
702
211
170
81
198
623
776
147
915
317
753
640
257
593
394
461
300
488
1000
769
298
844
683
679
406
538
942
316
836
156
527
958
377
666
583
128
0
620
317
544
746
895
136
881
810
893
354
942
153
573
643
936
938
948
629
470
466
522
845
442
71
740
605
539
116
814
143
649
360
405
183
334
854
343
60
463
612
714
996
560
415
643
859
724
337
276
912
199
169
350
769
158
178
992
105
358
469
579
812
889
697
956
190
453
200
854
433
363
546
93
192
181
113
976
925
367
257
496
679
890
770
76
128
147
514
432
840
871
590
635
426
277
510
119
224
83
620
0
638
667
545
971
243
896
946
571
660
273
197
992
604
984
405
66
505
230
134
759
893
770
356
419
148
428
315
283
778
307
986
941
457
280
467
239
946
287
216
753
337
899
426
1000
644
667
303
186
504
794
835
924
283
286
983
730
880
835
314
894
310
676
191
561
532
899
706
946
610
437
371
159
746
972
454
553
528
474
227
411
714
838
304
540
837
603
248
347
953
686
804
877
768
292
285
934
812
270
317
638
0
502
242
248
769
666
593
329
283
505
658
770
806
319
552
875
520
334
428
494
295
802
456
328
513
660
366
694
484
712
711
295
960
233
172
714
246
407
108
134
162
958
704
838
737
595
430
890
528
370
527
419
287
784
699
429
876
73
601
834
851
311
789
738
431
261
745
229
195
830
908
327
254
430
537
115
858
848
718
777
78
332
719
954
572
875
730
514
360
937
576
881
164
832
218
897
108
479
544
667
502
0
514
837
542
111
740
69
958
587
633
886
139
544
280
837
287
437
909
227
989
253
829
752
990
211
179
579
763
304
726
852
833
343
306
113
833
721
302
700
931
587
941
755
189
924
821
197
77
946
974
353
982
757
550
385
914
566
462
327
328
949
430
451
277
546
861
346
157
993
182
575
716
785
549
662
381
607
81
972
351
227
357
969
764
182
205
853
229
972
901
421
232
777
959
767
778
77
746
545
242
514
0
607
590
520
84
281
347
233
333
643
895
430
539
829
867
672
835
958
916
740
697
171
736
140
322
278
599
383
294
655
109
292
597
53
450
612
158
748
306
856
537
752
527
627
685
105
64
932
401
656
683
640
359
297
848
493
78
922
257
427
698
630
614
680
174
298
740
343
921
284
938
675
688
221
639
507
248
974
384
379
120
544
669
661
366
317
703
529
112
974
673
456
423
968
513
873
895
971
248
837
607
0
