0
882
912
888
0
845
943
978
943
766
991
0
921
990
705
782
0
863
948
723
835
871
0
895
903
716
0
811
793
874
774
788
744
754
926
814
869
778
908
971
791
967
850
716
798
935
931
799
819
842
745
0
721
822
885
888
923
967
754
994
0
0
730
0
782
0
984
812
996
806
944
839
771
850
936
705
873
873
892
767
870
816
792
851
858
809
937
958
933
0
944
0
884
952
992
937
937
872
914
0
882
0
722
727
772
817
0
713
901
973
807
963
931
999
871
879
827
927
915
802
825
990
892
716
781
794
0
0
723
974
929
836
819
848
0
811
0
937
0
954
0
749
704
827
707
728
903
0
0
848
980
0
752
804
886
838
789
989
724
743
963
0
0
747
848
702
0
828
785
702
995
885
954
753
749
797
752
0
722
746
815
916
832
834
974
0
921
965
996
848
994
860
752
850
977
746
869
0
800
939
912
722
0
820
992
730
856
747
921
961
732
712
709
0
0
0
807
867
783
819
0
0
705
0
0
733
926
832
0
0
839
964
860
781
907
785
831
701
886
948
924
0
764
849
759
833
722
813
802
839
874
994
767
824
905
963
0
0
713
963
0
825
822
779
830
740
0
822
761
710
896
914
967
720
798
859
753
802
0
916
841
815
904
918
829
856
0
919
798
956
895
977
914
959
739
737
840
749
877
974
888
727
820
0
821
955
0
883
0
752
882
720
890
974
765
965
752
0
784
800
709
880
727
985
959
906
763
834
991
0
963
938
727
806
837
718
945
999
850
811
851
743
837
786
867
881
767
0
828
844
848
996
948
0
0
984
781
796
956
883
969
0
882
796
971
0
875
844
744
842
975
918
947
714
0
953
855
0
929
702
709
946
785
0
0
753
775
896
0
0
707
749
886
0
766
847
874
809
764
728
0
772
992
821
0
739
859
856
859
844
766
862
835
909
718
0
945
801
877
983
906
876
0
713
956
918
871
835
891
804
811
955
891
833
746
972
781
709
0
894
826
716
758
839
733
0
916
967
787
819
706
0
835
0
960
982
719
928
785
0
828
866
812
0
850
0
701
767
867
732
705
866
968
863
915
831
806
790
870
792
886
999
926
968
934
792
725
948
887
798
890
800
894
793
0
736
918
0
733
964
845
817
730
955
739
0
767
925
994
737
809
843
812
816
927
999
0
968
998
974
974
893
940
0
728
943
963
947
853
740
938
0
970
703
845
877
888
810
982
993
880
833
829
839
738
881
748
0
733
0
996
744
816
933
965
813
734
820
969
788
763
732
798
0
819
800
726
826
709
945
711
918
0
888
777
833
0
932
0
0
775
831
961
702
790
0
967
958
746
994
0
885
876
759
741
763
820
935
755
0
943
0
856
0
859
767
0
729
0
0
0
898
966
0
735
943
0
949
957
928
970
940
904
799
0
762
934
777
861
0
843
887
921
825
706
937
840
952
995
975
773
702
928
741
728
807
917
988
0
917
860
882
0
831
700
768
0
857
738
746
854
722
898
727
942
936
0
793
821
922
710
869
753
728
811
717
0
790
928
974
865
746
989
0
911
977
807
833
975
810
993
797
876
864
867
919
831
982
942
991
978
713
747
883
856
925
729
0
0
871
943
725
918
940
807
813
773
711
911
0
784
0
0
963
780
804
975
888
821
795
730
776
828
0
708
732
981
724
784
959
709
900
930
851
879
964
708
755
880
998
880
994
777
772
891
0
967
0
877
754
932
929
895
703
747
770
856
0
919
941
969
739
0
901
948
800
860
703
831
856
729
898
946
754
974
0
0
912
740
946
867
902
0
795
971
739
703
758
0
834
943
901
921
0
859
994
0
0
0
882
0
971
929
938
860
862
0
973
742
0
0
712
797
853
820
971
907
705
749
719
880
984
788
848
764
719
961
794
822
722
776
991
931
991
886
837
749
976
966
0
753
722
969
730
860
969
945
0
866
902
793
952
950
836
713
725
0
977
907
963
0
0
863
746
958
992
868
922
941
839
920
0
728
0
712
916
774
999
737
808
858
945
760
821
788
0
911
0
769
742
766
973
961
752
844
737
0
871
882
0
850
744
976
956
947
833
795
944
994
736
933
855
0
754
716
905
0
769
0
810
851
727
905
998
709
947
983
997
890
959
0
861
884
988
0
701
740
847
868
913
760
746
0
784
837
953
925
723
996
912
973
856
0
0
980
743
740
785
833
0
980
752
732
912
0
954
921
901
942
766
0
796
953
760
0
0
895
864
825
728
875
956
988
912
885
801
747
801
740
834
991
807
732
882
766
809
0
943
0
850
0
867
975
0
918
955
0
817
856
838
923
883
932
790
0
910
953
942
727
725
896
934
751
935
0
0
820
772
992
970
717
751
830
928
993
875
0
852
936
702
721
729
761
876
886
956
811
991
0
892
767
0
0
710
712
859
758
783
915
934
849
817
809
770
951
928
788
703
999
734
791
827
732
732
965
976
989
991
858
881
899
729
0
930
0
982
885
930
812
933
0
963
712
720
862
843
898
725
971
744
867
0
823
883
991
995
847
823
903
749
961
900
825
0
942
847
826
892
910
950
998
704
717
0
828
0
920
813
747
762
945
720
0
0
921
751
850
978
840
0
747
818
965
783
738
983
748
0
968
940
881
743
789
792
743
788
877
999
861
857
791
0
929
983
994
855
0
744
0
813
722
886
890
988
900
788
850
806
807
747
837
960
871
807
936
931
767
768
970
960
921
931
709
890
835
812
966
918
929
976
975
823
0
974
747
850
978
779
713
983
829
906
0
867
841
924
0
786
794
0
808
954
919
985
841
806
0
717
761
814
772
879
806
0
989
846
790
925
769
704
766
991
0
801
901
817
0
833
781
764
893
986
988
835
735
0
773
802
936
911
750
970
884
713
921
0
948
987
910
701
958
715
875
992
781
977
850
801
767
928
744
793
965
997
767
933
841
764
712
802
990
999
0
974
909
816
0
940
938
956
0
883
974
0
0
897
835
873
960
970
963
806
868
952
788
821
940
971
927
895
0
715
745
804
0
892
991
976
954
894
949
0
817
898
827
715
946
912
822
905
886
942
807
913
830
999
796
735
975
871
873
857
0
0
730
833
838
953
766
975
925
779
839
712
935
740
903
0
900
979
848
975
940
861
730
937
850
725
756
850
961
938
893
709
872
957
934
972
874
812
705
871
0
765
718
927
735
807
860
947
918
991
747
0
0
967
892
741
856
0
836
732
870
895
746
0
851
861
736
787
0
915
797
829
893
0
745
0
0
969
710
818
736
836
908
895
946
991
899
935
925
901
0
879
957
0
787
930
761
905
933
0
873
950
907
866
702
957
722
940
949
914
851
708
959
735
796
935
0
991
888
913
967
770
717
862
759
748
959
932
747
861
902
967
746
952
960
898
774
867
782
879
0
965
0
999
943
813
862
833
955
995
850
897
967
0
789
915
904
877
754
734
707
900
841
903
924
717
0
801
893
998
886
779
975
917
775
766
748
771
991
762
0
0
822
717
704
0
702
743
880
941
815
765
891
996
760
906
853
775
859
930
0
988
848
0
0
811
707
0
810
0
947
953
728
812
903
802
923
921
717
750
740
909
701
0
941
778
951
0
740
0
888
859
952
950
797
719
833
822
0
827
807
752
945
0
0
773
0
795
0
847
978
835
892
789
0
857
0
730
946
885
727
998
840
811
843
875
892
882
754
860
958
0
984
798
717
778
876
956
0
0
750
924
909
825
833
0
973
0
888
994
985
831
702
864
740
897
785
789
989
709
993
785
973
925
889
834
974
779
890
0
0
953
0
835
799
923
873
802
878
758
993
979
862
797
897
914
0
788
711
812
837
935
943
872
736
913
0
866
863
927
867
0
801
968
949
711
973
944
817
823
779
873
741
915
857
0
764
815
829
881
747
900
0
854
885
0
953
925
0
0
0
902
961
912
768
847
892
733
756
840
875
890
0
889
0
716
938
932
790
862
901
876
981
909
904
800
0
758
776
0
982
739
955
0
824
869
870
909
745
890
859
0
0
992
740
872
806
823
859
771
787
0
0
769
822
813
843
985
707
812
981
774
742
831
808
734
974
951
948
915
783
784
877
998
957
911
742
994
856
903
713
960
856
904
0
764
0
965
0
845
745
856
989
835
702
822
902
997
822
958
808
0
896
755
882
793
994
849
731
996
827
0
899
934
0
881
916
971
823
833
0
935
976
762
932
831
765
995
735
907
0
977
878
812
719
0
802
724
835
721
987
844
938
809
808
0
974
847
0
839
0
872
923
739
0
0
995
840
0
838
0
736
768
812
814
833
897
0
723
802
819
800
983
974
928
0
0
736
838
749
983
970
0
877
730
815
965
0
827
925
817
778
749
880
838
914
714
764
0
996
863
923
991
701
824
876
814
914
865
0
713
970
719
0
991
765
732
0
0
973
827
0
968
844
879
943
790
923
905
833
937
825
731
882
846
919
772
705
836
890
808
914
843
897
0
979
0
901
970
977
745
757
825
826
864
752
0
907
914
969
911
954
998
712
0
874
886
0
835
825
0
709
906
974
970
784
0
933
923
961
829
963
836
754
946
829
0
827
0
762
893
903
706
736
970
790
707
742
916
768
814
777
999
903
767
882
785
970
0
842
735
798
892
890
893
913
813
968
863
858
905
963
966
910
887
797
0
955
887
0
785
0
987
966
866
0
750
0
748
703
964
868
996
868
722
753
788
855
917
959
744
967
999
935
808
842
705
0
0
748
984
844
0
0
875
957
875
852
871
990
0
880
876
893
940
0
712
855
883
900
906
806
732
734
885
881
845
925
762
0
888
995
769
721
754
843
766
837
871
959
830
958
702
802
776
0
0
783
829
869
0
0
800
971
835
0
0
792
883
892
998
909
831
871
0
954
759
839
719
873
894
763
0
872
758
865
922
966
739
0
918
884
815
768
711
764
706
967
924
947
0
887
860
766
708
871
951
814
945
739
799
797
928
744
0
852
964
751
0
892
705
727
0
940
904
0
797
0
932
825
0
868
870
707
727
747
745
817
893
888
0
740
884
761
813
707
951
701
804
736
785
829
783
787
891
839
879
793
824
0
0
882
847
833
951
722
887
0
0
744
0
0
817
915
811
768
774
992
822
925
733
771
0
986
951
830
707
759
925
790
788
749
994
790
934
939
751
936
971
0
780
833
776
0
954
971
958
883
868
891
933
900
751
761
963
853
741
980
895
716
0
985
713
0
799
963
853
754
790
0
867
952
895
900
998
900
856
778
903
995
740
0
872
768
850
0
774
951
804
986
0
988
837
831
712
832
793
0
848
821
757
850
835
758
982
997
707
980
898
911
705
768
851
0
914
890
0
951
944
705
839
753
865
895
0
858
776
834
751
798
789
0
712
712
742
0
783
762
990
901
831
960
731
793
928
0
963
851
866
744
995
805
929
929
782
0
833
737
903
781
0
959
956
728
0
780
820
716
0
942
841
788
746
841
840
0
989
749
706
769
884
872
0
883
898
840
821
806
965
962
783
0
0
0
897
901
721
715
0
0
906
864
856
0
0
0
0
957
960
0
0
703
712
926
729
708
896
752
995
969
796
959
0
711
712
762
832
744
999
0
819
998
798
0
913
911
912
887
841
717
895
987
0
745
983
728
826
854
894
813
959
0
701
930
954
0
0
871
716
794
733
906
918
943
762
804
971
905
910
847
924
821
0
903
811
854
835
880
736
721
761
768
883
0
0
998
767
786
850
0
890
787
872
753
731
791
945
792
966
847
811
851
765
759
794
987
876
992
750
794
764
922
721
802
999
0
705
951
952
958
718
851
922
702
946
716
954
924
0
806
975
933
834
746
710
724
953
791
968
986
0
990
0
822
981
900
959
977
836
951
793
759
927
718
0
0
811
997
0
0
926
763
871
963
934
975
907
0
953
826
0
940
851
924
843
885
702
838
970
754
813
850
898
0
0
939
994
989
859
891
770
829
890
806
747
748
978
935
776
791
833
830
813
983
932
792
898
848
0
842
876
701
819
723
898
0
890
788
881
0
879
889
851
743
940
785
738
983
755
735
824
821
990
762
741
840
806
726
918
818
863
759
753
902
0
840
935
0
842
966
764
712
0
975
983
859
704
985
811
0
832
834
835
947
777
888
705
769
942
892
786
971
861
717
875
0
822
914
790
843
707
0
840
998
939
0
844
790
955
948
900
901
797
832
870
867
821
707
788
879
879
776
714
738
776
977
933
800
913
0
0
832
851
872
787
917
768
729
780
0
857
850
895
992
938
0
743
945
808
965
855
970
0
0
861
797
0
751
714
715
886
906
949
770
802
771
980
823
917
854
0
0
936
933
754
753
0
947
793
723
0
991
891
853
861
821
749
0
727
910
794
927
736
0
892
953
902
714
707
766
951
774
821
767
994
844
0
893
767
0
0
836
922
718
988
758
848
725
864
711
869
991
983
0
0
923
925
770
921
750
978
994
819
890
756
921
992
995
758
940
0
0
0
888
0
0
929
760
853
0
755
856
941
956
779
983
883
985
808
932
713
0
729
914
791
846
761
744
948
0
0
768
732
709
957
757
910
888
874
974
0
0
804
740
0
795
719
810
725
950
0
895
787
801
882
925
997
764
742
837
701
951
806
786
989
790
893
0
978
982
914
775
795
832
0
935
910
958
0
916
917
756
914
890
990
837
939
845
948
0
765
940
948
739
979
998
791
898
701
963
916
703
943
743
763
851
888
0
827
818
805
966
0
830
975
880
839
977
966
791
0
796
793
958
760
817
871
704
715
772
752
792
978
876
972
968
704
753
774
929
839
963
811
938
843
730
880
851
896
998
808
0
0
893
754
0
822
0
916
871
804
804
965
850
859
955
767
978
0
898
827
863
0
927
977
730
990
858
923
881
894
749
739
983
754
811
809
764
883
990
765
719
806
810
903
917
788
722
897
963
940
717
0
951
915
0
736
842
843
711
952
797
904
907
900
950
946
825
824
0
802
984
716
998
769
723
873
983
0
961
774
795
945
0
747
781
766
965
788
836
964
938
955
0
887
776
984
727
934
704
954
715
915
998
860
0
958
996
768
959
736
986
962
0
891
948
0
982
898
0
719
714
797
841
760
878
728
992
851
766
729
871
740
723
0
729
836
824
913
726
772
948
986
903
902
0
0
755
924
981
995
919
905
967
749
847
973
861
964
738
0
804
759
766
930
861
929
784
750
890
946
0
791
0
916
992
993
931
871
970
962
950
765
0
0
811
809
0
744
819
860
727
891
970
921
828
788
905
751
717
919
745
797
886
958
0
808
863
814
830
785
0
783
890
770
900
0
914
827
719
0
0
747
732
762
828
882
965
937
790
987
932
868
0
994
778
947
960
911
710
915
969
950
741
832
748
0
0
953
827
817
759
927
772
876
0
899
811
789
0
718
923
712
790
909
962
744
985
807
991
944
973
0
963
805
759
970
960
829
833
758
705
834
932
799
956
997
768
754
848
781
806
833
703
825
0
848
998
935
0
985
804
829
779
0
902
0
923
777
958
829
988
0
787
829
901
836
775
863
714
0
0
903
731
709
847
712
745
749
937
986
943
0
933
796
745
801
779
925
953
993
968
903
843
928
866
727
729
964
827
860
0
908
841
861
804
794
752
924
741
995
753
713
817
797
960
740
885
935
741
0
707
788
0
914
978
981
830
880
0
735
707
956
962
925
797
797
0
926
0
907
837
746
845
706
708
764
709
0
828
841
0
893
975
984
961
896
991
999
702
783
837
0
872
890
797
922
795
0
797
747
903
0
835
718
775
722
707
703
978
849
818
714
784
972
946
883
786
844
867
784
969
776
873
725
769
968
0
825
830
722
737
0
0
929
765
731
0
740
883
956
0
823
818
800
904
771
886
816
816
764
0
0
821
0
847
846
843
909
958
744
902
987
775
946
898
831
811
814
811
785
718
972
877
937
732
719
947
0
0
806
892
0
917
798
912
755
701
903
802
787
831
0
753
806
832
718
832
927
841
732
731
835
0
856
827
701
876
707
814
818
701
845
847
753
949
836
914
819
945
855
862
947
829
895
791
0
892
990
846
931
972
0
796
789
765
995
773
707
851
758
924
842
932
704
0
871
0
977
788
754
0
917
861
729
988
740
827
763
762
875
953
970
718
0
724
881
856
869
0
831
945
781
888
840
981
961
983
820
920
0
991
745
775
717
768
882
824
767
776
891
712
897
731
747
870
988
0
977
760
762
709
718
856
0
701
898
993
745
921
825
981
941
0
979
963
719
784
854
777
859
991
759
895
0
704
973
962
872
943
917
854
771
807
868
897
857
740
748
926
730
862
765
863
866
919
918
727
873
963
0
761
924
865
870
771
861
814
745
991
874
0
810
956
714
945
0
703
778
937
701
999
709
810
952
724
794
997
772
813
717
976
0
766
778
847
793
876
882
0
839
832
901
791
748
867
758
935
730
878
828
847
775
827
701
0
916
809
999
0
807
798
828
952
892
911
903
750
704
987
823
718
932
921
844
843
935
791
822
737
0
932
883
887
0
0
781
778
939
0
0
720
844
0
883
923
744
983
938
863
813
758
909
0
993
0
892
0
0
705
816
758
933
860
956
931
724
706
908
0
886
850
0
982
995
784
822
890
992
747
761
954
0
748
876
892
994
814
785
0
879
793
721
945
978
821
848
910
990
728
882
712
722
701
898
916
0
770
828
974
864
878
787
953
901
962
926
897
793
908
929
923
979
846
939
0
965
746
820
860
974
945
872
876
758
0
888
923
774
925
883
910
875
725
709
708
0
816
0
0
962
862
962
803
853
827
854
0
0
976
713
729
788
917
0
0
903
885
971
954
948
811
894
993
975
959
722
959
970
762
814
894
969
771
956
733
849
914
970
783
793
0
715
792
935
707
725
958
858
992
965
745
707
876
993
809
770
0
966
938
774
890
910
0
787
710
733
978
818
737
708
0
939
920
712
913
839
0
0
778
957
742
856
890
864
979
848
946
954
827
844
702
958
985
754
860
873
910
772
869
0
818
775
987
802
0
992
779
0
918
898
742
0
734
741
893
933
854
791
0
924
851
826
880
773
709
776
0
717
945
772
949
710
991
0
756
731
865
0
829
824
848
0
966
776
788
864
0
923
851
937
749
703
707
745
999
828
966
0
846
813
981
780
917
753
0
737
795
711
893
740
808
998
815
0
930
954
840
865
706
761
958
785
734
743
855
877
0
0
998
735
811
910
831
0
913
0
888
0
709
970
715
740
972
816
700
700
895
871
789
929
0
795
837
750
772
783
730
967
749
0
743
716
833
702
900
991
861
751
720
879
0
818
762
0
840
996
0
842
869
0
821
0
847
791
879
711
916
881
766
790
937
978
814
921
0
974
938
846
0
766
865
995
713
854
856
933
763
0
969
842
743
936
832
724
961
921
935
834
761
0
0
981
943
705
934
818
758
936
841
734
994
774
772
925
996
872
707
942
867
824
710
950
780
719
859
872
727
776
704
755
818
760
892
723
0
783
932
850
704
764
837
758
829
928
930
931
884
830
0
806
817
736
0
750
875
827
713
735
0
0
757
906
811
833
879
869
917
894
729
987
986
849
818
825
807
864
774
813
766
0
832
959
754
879
854
782
842
701
936
995
811
718
781
724
710
872
882
0
838
731
923
753
749
964
892
949
700
951
953
840
834
703
827
832
847
820
794
957
997
749
953
871
753
864
977
824
841
806
732
826
756
939
879
746
0
859
815
716
827
849
786
839
839
741
851
991
988
928
0
0
898
836
0
924
890
0
970
798
0
882
850
864
851
830
776
991
756
749
871
932
943
818
701
981
798
878
890
981
865
832
0
931
700
0
852
988
700
835
805
844
944
988
0
768
739
819
975
801
875
823
879
829
896
729
0
789
883
759
833
0
942
720
932
708
0
0
970
836
799
912
728
831
801
943
865
738
0
799
761
870
0
706
0
811
981
796
778
798
707
759
867
733
738
728
879
886
0
993
921
989
827
908
822
909
0
899
719
892
800
847
835
856
765
813
714
983
914
739
740
868
0
714
845
941
828
787
910
780
995
959
931
0
903
0
707
809
775
874
755
919
914
804
866
873
898
856
949
886
0
820
976
814
701
995
787
809
800
0
827
916
766
833
0
948
898
962
777
871
0
779
836
948
923
0
0
906
997
885
913
812
876
832
768
980
0
881
798
935
728
833
881
0
881
807
964
837
701
875
751
846
715
895
717
825
889
934
0
890
971
833
758
0
759
983
738
0
890
983
723
0
933
784
847
0
952
953
0
917
713
754
700
903
0
973
879
716
943
771
776
804
833
903
859
903
864
870
998
0
935
0
937
772
990
833
712
852
844
946
896
912
850
929
782
971
962
852
792
838
915
810
0
917
833
951
952
792
894
0
732
768
720
726
737
0
953
786
0
931
903
722
767
916
748
917
708
749
740
0
850
790
946
946
704
833
0
0
991
893
835
951
982
0
794
932
776
0
990
754
0
994
796
972
753
979
892
901
787
753
854
879
0
0
973
0
926
872
0
958
848
931
705
829
0
826
947
732
998
724
741
0
953
718
718
861
0
835
857
834
989
983
0
864
750
811
967
896
888
960
875
944
0
814
740
906
908
907
990
927
783
824
767
702
872
817
0
743
881
799
0
813
0
967
0
988
755
976
847
852
978
925
912
991
0
0
716
881
765
913
0
722
997
0
987
792
977
923
837
811
729
778
745
946
949
963
911
962
710
0
856
854
852
707
879
926
0
807
778
988
776
0
814
863
995
979
751
709
717
853
763
841
757
824
961
911
727
0
707
788
776
904
0
0
971
858
957
0
928
944
791
808
714
798
864
880
777
817
942
750
704
0
965
969
780
886
931
0
760
819
0
802
828
787
733
0
880
966
868
936
840
769
822
899
702
973
938
916
732
813
0
887
707
0
876
898
933
925
939
809
836
947
801
883
836
719
903
926
733
737
933
782
988
809
716
872
807
0
946
986
818
833
802
784
865
865
986
795
977
804
741
0
0
831
975
0
918
972
702
818
707
806
875
739
833
856
954
716
785
0
0
787
0
957
930
774
860
765
907
994
809
881
936
801
823
866
0
0
911
842
848
839
844
819
0
917
998
0
913
702
0
704
905
935
743
0
932
971
0
968
792
0
980
957
992
848
800
770
845
764
824
960
779
786
914
784
750
897
978
795
763
842
700
775
943
0
778
946
0
707
996
772
956
958
744
968
872
881
917
718
946
946
724
779
999
761
954
919
947
814
0
869
0
725
852
802
834
994
0
761
853
0
840
869
0
716
874
980
885
924
0
0
808
0
866
878
904
0
866
745
980
874
848
706
996
860
880
753
760
721
747
766
886
925
880
888
790
823
0
863
883
0
898
960
750
0
913
921
948
883
913
911
925
844
819
854
704
793
818
711
0
701
835
874
771
958
988
986
707
0
933
859
720
964
922
801
987
0
902
722
754
878
899
0
760
0
897
957
916
0
930
718
793
846
891
966
897
935
817
712
947
753
800
724
870
831
899
908
778
0
991
844
745
993
0
751
996
854
926
0
0
994
996
0
744
882
994
722
746
729
818
991
942
901
941
994
862
833
973
858
892
744
911
0
794
842
0
750
0
990
726
710
953
867
945
777
987
908
737
893
969
936
805
755
776
848
776
818
996
933
0
0
960
819
776
0
741
746
827
909
812
763
938
911
771
759
801
892
872
0
886
853
750
730
853
990
0
928
857
822
920
721
972
761
783
762
738
767
883
0
791
905
764
890
828
960
873
934
848
721
752
767
948
835
816
0
777
969
0
761
965
0
807
0
815
985
901
0
827
905
998
0
705
0
764
876
0
978
765
765
772
915
993
784
855
859
823
929
708
740
842
995
844
919
804
931
0
833
772
859
0
0
867
894
910
994
715
999
811
893
913
750
980
716
946
953
950
891
773
713
883
889
791
731
716
734
888
0
816
874
715
0
888
936
920
892
896
943
754
0
966
749
0
831
775
998
958
0
0
822
804
824
0
0
933
831
772
730
784
876
783
801
913
879
765
831
876
935
0
963
909
0
768
703
922
701
832
994
940
719
948
969
968
969
862
991
718
923
0
808
743
811
944
914
833
705
814
802
956
720
960
867
0
956
820
775
0
778
0
978
935
985
997
947
840
849
873
750
891
855
712
918
993
790
928
701
981
987
744
980
888
860
804
779
970
850
830
781
910
851
741
956
961
900
718
914
759
742
914
885
886
905
0
960
965
700
891
860
837
886
738
901
830
957
891
702
981
976
968
966
831
817
851
712
721
819
851
819
948
806
986
950
903
776
947
759
932
979
939
998
936
718
988
804
903
829
863
784
958
964
819
894
956
0
952
774
868
786
803
781
717
864
822
796
916
772
957
715
952
758
853
896
955
719
739
808
711
0
863
974
0
822
789
761
971
747
742
826
736
999
922
803
814
738
739
914
813
924
780
888
838
963
984
982
813
768
0
969
953
956
983
817
999
0
996
864
909
762
844
910
871
915
0
926
802
723
872
890
739
810
903
741
843
873
829
895
921
846
920
815
832
781
0
866
859
0
995
865
744
922
776
910
820
952
0
960
837
724
774
865
851
956
707
895
704
757
993
785
856
0
0
725
991
709
803
0
751
990
856
727
912
975
701
814
755
811
769
0
0
751
788
767
836
815
720
744
737
916
774
923
789
0
781
719
734
0
967
945
925
811
748
0
796
787
760
740
904
932
879
887
0
811
914
729
999
898
787
756
979
903
902
832
928
725
895
0
844
939
712
0
724
724
768
873
903
826
979
865
968
801
0
994
775
774
960
0
911
761
722
741
883
989
818
756
0
995
773
795
913
760
917
773
894
988
0
888
808
781
792
782
829
991
0
724
826
996
946
702
737
799
0
844
747
808
924
849
972
961
890
967
989
0
796
928
820
857
0
0
723
991
0
833
735
930
906
897
800
831
943
797
954
768
890
708
0
0
917
921
998
917
0
748
866
769
791
704
843
0
913
930
961
710
739
898
864
947
751
986
872
987
741
715
0
868
837
911
0
839
718
882
791
751
988
707
803
772
990
940
774
819
959
753
0
722
869
892
975
818
704
754
0
736
0
887
801
0
769
942
780
917
701
829
754
813
796
0
730
959
862
754
724
713
956
785
969
738
877
866
996
0
968
781
975
761
853
785
0
765
790
0
759
774
0
896
705
890
768
992
791
788
0
0
727
968
0
973
935
965
839
954
921
872
819
856
870
732
709
795
881
0
746
999
778
786
724
761
839
0
711
791
932
851
741
0
900
873
833
813
848
853
936
777
807
886
0
745
0
980
887
723
0
765
814
701
871
761
863
728
940
811
817
759
872
891
845
767
706
936
796
994
743
963
883
0
788
746
754
902
912
892
940
764
871
905
775
789
758
995
923
955
839
992
951
752
951
788
729
995
898
722
755
0
729
0
892
962
791
746
0
840
935
882
975
949
998
998
717
977
917
902
827
811
0
803
774
722
718
711
0
840
0
903
0
737
950
975
974
735
967
961
949
782
728
994
950
727
880
962
984
0
819
914
836
996
748
774
929
837
940
980
0
948
835
816
899
881
971
764
0
0
963
0
969
828
763
854
932
793
973
767
881
893
873
933
859
989
776
735
905
887
719
822
944
995
952
881
780
758
701
897
924
953
964
825
990
872
822
820
0
865
834
0
801
886
0
724
853
804
718
722
909
893
978
781
865
741
882
791
840
0
0
869
0
745
987
872
926
0
0
743
753
759
841
721
741
975
850
948
817
990
701
855
747
842
720
703
0
781
729
994
998
884
853
996
947
878
0
898
814
0
0
825
0
866
732
722
929
952
856
0
743
986
857
0
930
709
0
907
833
0
873
925
705
969
958
0
0
940
963
963
981
827
827
830
846
943
737
860
778
706
761
838
875
0
935
741
763
741
946
754
812
913
935
717
851
883
791
932
0
0
0
718
0
0
707
867
963
889
0
827
934
830
770
710
769
814
730
993
821
977
838
813
994
701
770
826
758
0
917
964
718
749
874
820
825
735
0
758
918
730
0
822
882
812
798
898
895
950
0
0
789
988
0
873
0
993
982
0
937
785
894
733
839
796
718
879
857
0
916
940
995
817
860
722
931
917
0
974
957
761
0
731
823
820
0
0
841
0
946
878
763
750
985
864
956
989
751
851
903
869
718
0
702
859
908
925
0
805
832
920
0
976
948
988
888
856
916
782
731
886
785
0
0
0
785
869
755
700
786
843
0
888
703
848
745
826
955
701
893
0
747
779
796
0
0
727
703
836
0
710
792
835
0
950
988
785
739
977
825
0
763
771
753
959
851
889
850
0
703
717
919
759
0
737
972
854
932
945
742
958
0
923
879
976
937
953
757
0
724
899
938
980
997
822
707
818
988
741
0
0
0
702
0
773
926
958
949
946
854
0
874
967
878
976
0
999
941
0
879
720
992
0
916
897
879
769
858
0
873
982
992
980
733
733
982
935
795
953
954
782
848
830
971
850
819
942
747
713
980
712
743
735
730
907
848
973
955
878
731
987
0
0
865
0
922
851
895
0
943
0
905
927
908
0
0
771
883
872
856
785
981
753
829
814
772
718
824
831
779
0
911
716
947
796
895
756
707
0
737
745
0
859
773
0
761
887
908
882
813
730
935
979
987
829
976
735
899
767
888
906
0
865
769
971
847
701
957
952
0
0
929
976
899
966
976
0
896
946
886
0
702
740
0
0
800
936
770
725
743
859
788
0
833
866
0
925
0
812
882
966
872
986
895
711
702
743
992
888
743
951
967
772
841
0
796
807
887
876
890
734
943
749
896
701
990
718
961
975
999
760
771
946
840
916
704
0
803
900
950
987
707
908
926
761
0
908
914
713
963
841
711
859
968
870
857
815
862
702
811
796
762
852
736
881
784
965
788
725
936
874
709
999
784
895
943
976
972
866
980
984
0
0
875
701
726
0
856
0
740
758
877
773
838
702
0
889
824
719
846
866
758
951
0
712
946
940
938
0
763
915
749
876
861
929
789
868
0
758
864
743
705
964
729
995
833
861
911
0
761
0
759
953
849
772
757
995
772
873
975
872
867
925
958
887
908
0
811
817
805
909
710
760
921
0
902
800
895
738
857
883
855
707
919
977
913
895
846
762
701
0
775
0
925
779
906
737
784
912
904
812
828
822
844
767
826
793
0
977
785
783
999
802
953
957
811
834
869
0
919
0
865
830
858
762
716
785
0
0
851
0
847
0
804
765
765
897
0
0
979
855
934
892
0
787
712
0
727
918
954
897
801
950
873
957
993
773
990
833
974
926
963
0
949
908
914
811
0
850
0
0
702
908
836
758
892
953
0
933
708
828
999
811
813
0
820
835
794
792
949
0
892
0
943
905
731
0
843
905
0
996
785
761
744
867
709
821
919
907
833
915
861
936
766
722
707
974
870
802
772
750
922
707
776
832
954
738
743
929
888
736
973
899
794
731
995
857
781
888
848
877
818
949
789
809
852
835
0
972
919
957
892
891
750
715
785
795
940
813
735
0
889
805
946
882
713
817
850
0
712
761
837
841
803
884
0
734
935
943
0
891
746
893
879
832
0
722
734
882
938
816
809
896
857
720
702
924
0
802
914
806
702
710
842
732
945
922
941
963
0
934
857
911
975
940
0
779
909
724
705
0
966
759
834
744
924
983
945
760
0
842
861
811
752
0
773
740
778
923
946
0
758
700
883
800
844
857
707
702
947
916
872
773
891
952
856
913
774
848
967
0
0
832
854
813
963
805
0
712
0
709
971
913
967
0
0
705
943
0
844
993
967
0
887
744
836
759
945
993
747
0
716
701
0
727
726
898
794
823
876
944
995
896
975
705
711
710
969
0
980
849
791
750
925
949
810
890
745
835
836
748
739
925
751
999
0
755
808
853
827
843
964
789
924
740
707
748
939
774
954
0
936
951
759
0
946
834
788
818
814
0
0
713
855
758
0
760
819
853
961
743
827
920
0
730
841
909
0
761
709
0
735
911
811
997
976
940
902
915
949
0
755
806
705
782
0
920
984
794
907
890
902
703
920
920
714
831
732
0
791
839
885
914
918
866
918
869
739
0
752
817
0
970
779
914
0
0
890
721
890
703
0
790
798
0
806
735
965
0
818
711
738
0
741
883
851
926
0
925
827
998
841
953
833
827
896
989
776
707
0
930
886
883
712
853
0
917
959
936
949
753
934
0
874
935
711
710
702
837
971
735
0
768
777
848
728
948
955
922
752
980
881
867
840
861
834
0
943
0
837
977
0
821
926
932
995
0
721
0
762
771
954
967
947
968
0
753
0
863
732
809
929
884
839
851
947
0
859
987
808
964
918
788
789
819
975
824
855
755
805
952
0
718
995
956
758
730
0
883
844
735
734
840
0
916
912
983
904
806
869
718
853
889
918
896
725
773
753
777
782
759
830
976
967
979
859
760
908
841
913
911
768
0
812
836
917
0
830
750
897
923
989
0
0
845
980
0
0
709
999
961
835
778
727
895
829
801
753
783
731
850
753
720
714
863
888
728
901
746
912
770
983
713
712
708
953
953
0
844
914
868
884
749
0
998
933
821
970
856
966
797
804
923
753
0
924
862
720
910
702
811
994
834
942
766
850
0
0
875
0
793
750
791
993
955
991
894
0
807
728
841
770
948
878
987
968
921
836
803
967
811
777
812
0
928
813
0
942
853
903
869
935
778
981
797
865
888
750
791
852
706
962
814
923
969
948
836
975
845
758
936
749
798
0
915
777
811
948
958
0
951
994
921
935
959
728
0
0
938
843
996
815
994
712
798
834
990
0
941
0
904
759
712
713
823
842
765
844
875
958
910
774
703
720
833
929
864
0
739
725
846
730
731
790
719
709
988
722
886
994
721
710
988
976
829
870
0
758
884
0
997
848
836
928
0
882
857
0
0
761
726
745
927
827
842
842
985
739
931
725
890
910
893
869
0
930
922
0
866
932
705
797
859
953
831
833
717
800
992
954
928
855
0
740
735
812
835
992
809
897
868
768
790
712
0
746
762
0
956
830
907
766
790
817
818
932
863
0
725
985
831
772
827
932
0
782
750
971
833
852
891
853
716
928
739
803
0
869
0
950
741
769
888
0
976
857
902
892
0
0
976
728
917
813
882
0
888
749
887
804
821
987
886
827
757
740
0
948
948
963
757
818
873
745
0
953
705
809
834
780
873
752
753
855
806
0
0
860
868
921
788
0
948
903
796
903
799
740
808
0
722
711
934
742
913
710
741
861
779
975
900
930
909
797
800
704
866
883
709
754
0
925
832
708
948
971
811
858
856
802
966
990
734
701
808
0
888
892
745
727
975
814
856
999
735
815
800
953
734
705
940
948
0
0
857
888
0
936
988
788
856
939
779
0
709
0
964
972
705
931
931
0
995
947
0
745
838
800
795
799
873
0
802
0
790
932
790
703
922
901
703
744
987
0
935
802
923
872
0
979
753
764
939
0
911
724
840
797
983
880
950
861
962
960
904
0
919
923
708
860
913
996
847
0
898
962
967
957
954
834
897
0
888
981
711
751
808
975
0
880
850
730
916
941
899
862
895
0
935
943
902
955
830
942
0
749
936
0
916
909
916
0
942
719
755
0
782
988
976
849
741
922
790
941
752
717
717
0
889
960
892
722
0
929
870
0
928
831
941
942
999
0
910
900
0
923
873
806
974
0
788
706
751
783
912
953
806
0
883
839
946
929
744
740
771
871
918
744
0
873
0
872
820
0
962
852
896
0
716
994
935
928
0
987
0
990
781
818
980
962
948
993
782
0
767
702
738
933
943
0
915
922
750
853
0
887
988
916
0
915
797
781
995
733
0
827
735
724
853
925
0
0
907
721
0
878
804
851
921
736
767
746
916
702
792
0
974
856
839
766
734
813
701
979
991
921
802
823
847
901
855
967
936
762
887
791
726
751
985
977
825
784
985
885
886
0
727
983
816
910
888
707
794
970
777
792
888
928
785
0
817
857
816
744
863
856
792
704
887
984
817
821
731
879
888
811
857
708
0
844
949
752
897
903
761
804
788
909
915
0
823
764
876
0
708
878
989
0
974
862
787
969
847
927
734
954
705
815
836
968
870
815
841
709
886
775
865
729
920
0
791
722
958
848
888
717
878
859
0
970
917
924
971
990
841
968
918
714
808
966
824
750
807
935
816
977
873
938
0
772
0
942
957
836
871
838
960
944
0
761
712
822
874
980
974
727
782
754
723
0
990
977
886
720
906
796
883
828
891
993
0
980
923
869
726
821
856
916
797
823
0
747
981
905
800
762
0
845
728
977
708
782
0
843
811
879
879
893
887
870
816
916
815
946
999
831
746
898
0
796
827
886
715
975
913
750
758
771
839
977
959
947
0
901
717
986
818
715
932
791
0
890
991
741
816
788
963
863
0
869
709
867
997
799
0
915
875
791
0
853
947
920
715
888
0
912
829
0
0
819
701
838
785
992
0
762
855
999
746
967
755
881
989
935
745
987
939
0
781
764
747
0
978
0
842
0
882
994
943
909
838
759
840
759
0
833
935
700
934
0
792
832
904
785
926
961
989
946
728
953
732
890
875
940
967
740
993
787
0
745
744
0
780
831
895
0
863
886
713
0
802
946
944
0
764
754
0
813
962
0
970
824
749
912
779
810
944
808
787
0
753
721
0
860
822
975
991
736
765
914
855
813
0
0
865
852
707
811
893
0
806
867
0
778
927
886
779
942
995
876
981
978
0
843
815
812
754
909
702
901
972
750
941
785
784
840
773
753
913
987
851
834
918
0
968
702
0
754
0
760
732
988
992
861
770
909
979
0
872
757
967
887
833
960
987
990
759
906
0
796
984
0
973
707
0
0
761
758
862
818
715
710
953
728
836
0
0
714
0
840
800
972
888
804
789
701
0
0
814
836
747
994
0
916
769
736
919
813
879
887
705
840
0
981
827
827
0
719
733
0
905
0
843
0
875
994
813
774
821
729
784
738
787
895
964
965
0
970
933
918
858
974
829
0
934
790
911
974
712
0
965
900
781
730
717
701
862
0
923
825
999
860
776
731
0
0
753
949
729
793
716
791
0
788
0
917
924
909
962
775
740
950
871
831
948
917
814
798
957
869
724
761
936
779
761
814
724
887
701
996
842
701
0
897
971
881
977
0
832
744
782
861
845
797
842
757
709
755
0
708
800
842
815
875
0
886
0
959
972
980
872
947
868
791
0
873
958
0
893
957
809
0
856
753
792
0
977
0
916
0
976
788
977
937
862
0
797
769
739
826
935
766
0
793
745
822
902
770
914
958
998
0
963
0
821
861
865
0
803
987
972
780
753
801
923
833
740
864
930
0
870
783
920
970
971
755
826
801
871
748
720
770
785
879
847
784
913
820
0
836
0
834
980
865
842
740
0
0
827
878
762
0
812
994
886
0
0
867
0
878
903
886
951
762
886
791
763
881
979
877
937
921
0
775
725
967
807
0
774
895
989
850
850
850
759
941
897
822
0
864
808
708
954
928
983
981
0
802
791
760
769
916
805
914
0
729
870
993
853
802
816
719
864
943
0
951
906
880
774
716
831
762
892
850
747
811
996
0
761
774
703
826
869
769
701
965
895
835
722
759
920
0
0
888
985
0
964
782
735
989
0
882
754
813
0
0
0
707
0
760
904
884
987
927
788
792
805
0
920
985
958
965
919
896
948
958
833
912
999
864
991
806
801
725
748
778
914
813
0
752
842
871
971
0
728
900
840
771
846
817
723
992
759
978
847
988
771
0
827
0
700
859
977
865
0
952
908
777
860
874
899
738
896
830
742
769
946
769
863
929
0
758
755
858
957
788
846
794
734
945
984
943
0
750
739
948
972
988
724
0
845
994
909
774
959
867
707
0
850
706
760
755
935
951
804
773
765
890
726
814
933
996
798
0
887
746
975
740
737
825
858
807
767
756
959
951
0
843
995
0
705
951
958
963
826
959
935
980
761
871
873
993
970
981
846
740
861
892
854
992
700
872
824
738
906
792
907
817
765
980
908
767
943
781
826
0
702
942
728
837
781
0
700
0
952
725
762
792
882
993
794
0
709
791
931
948
705
976
853
974
728
943
702
821
972
0
0
850
0
716
995
776
0
734
856
0
897
741
707
974
0
848
956
0
798
994
810
946
808
728
881
747
928
850
932
0
788
985
840
907
0
814
883
851
854
977
0
823
744
704
983
931
960
830
843
827
814
0
0
779
895
727
841
0
997
894
990
942
907
885
778
883
754
910
736
0
737
780
940
940
729
917
786
873
0
936
701
949
938
747
907
837
999
852
725
963
931
849
925
862
977
909
901
729
980
878
760
706
716
0
718
946
892
845
797
724
878
0
0
794
944
994
895
707
890
0
993
867
858
875
899
837
744
961
747
740
711
707
0
914
0
945
868
866
894
836
842
917
948
715
0
871
829
880
909
763
745
0
0
0
871
776
806
799
885
0
927
750
994
924
0
0
0
851
999
751
799
917
811
980
994
964
843
982
0
874
0
0
816
0
890
977
961
706
890
757
931
741
0
787
708
838
972
784
872
903
904
760
995
718
0
750
914
932
0
836
718
753
884
785
0
860
977
749
800
885
797
902
945
956
729
960
793
938
861
0
812
812
838
969
748
739
891
744
813
951
966
854
0
772
961
970
833
0
958
762
991
705
976
918
789
704
732
761
913
732
783
704
809
0
991
791
966
741
922
788
0
701
817
0
998
718
0
992
929
709
775
892
809
716
902
0
835
962
910
818
0
922
0
969
782
759
750
738
947
886
884
755
776
946
750
0
896
984
733
962
951
938
929
704
884
752
914
886
894
876
876
0
760
988
0
871
965
893
902
888
837
981
0
911
984
799
933
995
959
793
764
0
0
752
774
962
758
735
744
875
874
816
713
898
929
755
826
870
812
768
824
0
881
0
844
905
749
956
803
767
844
829
759
948
884
749
888
980
976
999
0
0
896
701
703
821
778
814
893
873
995
790
907
847
0
840
941
787
868
951
987
935
0
892
914
896
0
0
825
856
0
943
943
966
952
850
959
0
793
759
864
795
821
912
930
807
997
709
967
859
935
774
736
954
844
797
900
805
0
759
712
0
768
792
795
950
705
707
902
953
0
758
729
742
0
818
756
0
876
720
767
965
936
808
745
764
0
961
814
836
747
754
872
835
853
874
703
733
899
784
925
943
857
0
920
926
727
923
869
745
947
941
721
927
843
759
785
895
791
762
927
951
734
845
932
984
0
0
791
832
851
873
816
0
992
977
739
766
0
741
867
971
788
885
0
936
767
872
746
952
943
742
768
998
0
928
751
929
701
927
0
936
732
978
945
765
834
956
987
970
810
933
788
0
795
760
939
706
832
726
702
969
801
0
993
890
831
900
738
815
808
813
891
816
996
820
848
733
966
895
779
905
720
727
920
932
895
969
0
0
0
752
0
734
811
0
784
964
0
886
788
804
856
797
0
733
825
791
0
770
758
950
961
726
937
746
737
847
736
763
919
739
0
801
982
931
933
957
952
950
872
831
812
712
0
744
761
929
930
718
975
933
709
876
0
0
932
962
775
718
956
860
917
734
837
892
879
0
768
737
872
780
823
866
0
828
775
718
739
720
924
796
845
899
947
825
745
982
976
943
906
731
702
726
714
995
829
948
930
953
745
717
878
954
879
833
840
965
873
791
792
773
0
724
836
962
856
832
770
0
816
740
971
0
937
869
840
874
918
820
831
703
911
747
885
767
841
934
960
797
736
808
814
0
875
0
963
782
954
0
983
754
957
972
747
0
799
925
946
0
714
956
0
741
750
723
746
811
980
0
817
886
866
878
751
960
998
914
914
744
849
0
767
881
878
735
826
935
0
976
737
0
924
898
831
0
801
836
922
705
838
717
804
705
879
935
773
0
958
763
805
765
897
878
718
951
0
851
758
816
0
952
928
983
872
0
749
809
0
935
982
758
0
801
930
768
764
972
898
719
913
734
833
874
957
852
853
0
0
0
859
753
757
968
781
811
956
797
898
724
945
931
0
893
772
0
0
981
0
953
0
931
0
904
996
873
958
759
813
737
972
730
706
971
0
0
955
795
896
972
784
843
0
794
732
721
753
975
0
809
800
0
851
815
893
700
753
970
0
881
0
890
741
0
753
938
943
873
950
740
952
0
0
953
914
800
877
764
733
755
942
0
769
740
812
970
712
874
774
833
0
974
897
886
875
964
741
833
0
811
704
0
910
704
766
809
997
797
831
881
0
724
903
933
783
783
859
796
881
786
743
0
0
0
854
934
0
742
924
916
961
959
936
764
898
758
701
953
946
866
912
905
802
823
0
0
783
845
866
834
795
889
921
836
887
934
913
933
893
979
920
726
707
0
884
929
943
816
961
971
928
0
0
0
0
939
974
728
964
0
991
834
742
834
933
960
802
812
867
822
866
951
0
0
852
751
980
737
871
997
985
947
888
753
965
0
768
0
811
856
703
706
885
854
730
932
815
778
798
0
881
760
911
866
926
848
0
914
780
774
890
862
796
0
814
918
893
954
886
980
904
0
914
876
791
762
731
758
932
780
799
960
736
968
870
0
987
918
957
877
985
814
974
794
785
704
966
0
726
0
983
953
0
0
