0
0
890
740
0
757
0
0
0
0
955
0
0
0
0
0
0
0
0
0
0
0
0
0
0
0
0
0
0
0
0
0
0
0
0
0
0
0
0
0
0
0
0
0
0
0
0
0
0
0
992
0
0
0
0
0
0
0
0
0
0
0
0
0
0
0
0
0
0
0
0
0
0
0
0
0
0
0
0
0
0
0
0
0
0
0
0
0
0
0
0
0
0
0
0
0
0
0
898
780
0
0
0
921
912
0
908
0
0
0
0
998
0
0
0
0
0
0
0
0
0
0
0
0
0
0
0
0
0
0
0
0
0
0
0
0
0
0
0
0
0
0
0
0
0
0
0
0
0
879
954
0
0
0
0
0
0
0
0
0
0
0
0
0
0
0
0
0
0
0
0
0
0
0
0
0
0
0
0
0
0
0
0
0
0
0
0
0
0
0
0
0
0
0
0
0
0
883
916
0
890
0
0
0
959
961
0
800
0
0
0
0
989
0
0
0
0
0
0
0
0
0
0
0
0
0
0
0
0
0
0
0
0
0
0
0
0
0
0
0
0
0
0
0
0
0
0
0
833
0
0
0
995
0
0
0
0
0
0
0
0
0
0
0
0
0
0
0
0
0
0
0
0
0
0
0
0
0
0
0
0
0
0
0
0
0
0
0
0
0
0
0
0
0
868
923
822
946
0
0
740
921
0
0
0
990
650
0
682
0
0
0
0
975
0
0
0
0
0
0
0
0
0
0
0
0
0
0
0
0
0
0
0
0
0
0
0
0
0
0
0
0
0
0
0
0
0
0
966
0
0
0
984
0
0
0
0
0
0
0
0
0
0
0
0
0
0
0
0
0
0
0
0
0
0
0
0
0
0
0
0
0
0
0
0
0
0
0
0
0
0
0
0
929
0
0
895
0
0
0
0
912
959
0
0
0
880
808
0
691
0
0
0
0
989
0
0
0
0
0
0
0
0
0
0
0
0
0
0
0
0
0
0
0
0
0
0
0
0
0
0
0
0
0
0
0
0
0
973
0
0
0
0
0
993
0
0
0
0
0
0
0
0
0
0
0
0
0
0
0
0
0
0
0
0
0
0
0
0
0
0
0
0
0
0
0
0
0
0
0
891
878
906
0
0
843
0
0
0
0
757
0
961
990
0
0
0
913
947
0
703
0
0
0
0
955
0
0
0
0
0
0
0
0
0
0
0
0
0
0
0
0
0
0
0
0
0
0
0
0
0
0
0
0
0
0
0
842
0
0
0
0
0
0
993
0
0
0
0
0
0
0
0
0
0
0
0
0
0
0
0
0
0
0
0
0
0
0
0
0
0
0
0
0
0
0
0
0
0
993
0
0
0
0
784
0
0
0
0
0
0
908
0
650
880
0
0
0
945
964
0
892
0
0
0
0
980
0
0
0
0
0
0
0
0
0
0
0
0
0
0
0
0
0
0
0
0
0
0
0
0
0
0
0
0
0
976
0
0
0
0
0
0
0
0
0
905
0
0
0
0
0
0
0
0
0
0
0
0
0
0
0
0
0
0
0
0
0
0
0
0
0
0
0
0
0
967
807
883
0
0
0
0
823
0
0
0
0
0
0
0
0
800
0
808
913
0
0
0
996
966
0
802
0
0
0
0
954
0
0
0
0
0
0
0
0
0
0
0
0
0
0
0
0
0
0
0
0
0
0
0
0
0
0
0
0
931
0
0
0
0
0
0
0
0
0
993
0
0
0
0
0
0
0
0
0
0
0
0
0
0
0
0
0
0
0
0
0
0
0
0
0
0
0
0
860
0
0
0
0
0
0
991
0
0
0
0
0
0
0
0
0
0
682
0
947
945
0
0
0
987
844
0
837
0
0
0
0
990
0
0
0
0
0
0
0
0
0
0
0
0
0
0
0
0
0
0
0
0
0
0
0
0
0
0
0
968
0
0
0
0
0
0
0
0
0
0
0
985
0
0
0
0
0
0
0
0
0
0
0
0
0
0
0
0
0
0
0
0
0
0
0
869
953
973
0
0
0
0
0
0
931
0
0
0
0
0
0
0
0
0
0
0
0
691
0
964
996
0
0
0
950
681
0
946
0
0
0
0
958
0
0
0
0
0
0
0
0
0
0
0
0
0
0
0
0
0
0
0
0
0
0
0
0
0
890
0
0
0
0
0
0
0
0
0
0
0
0
930
0
0
0
0
0
0
0
0
0
0
0
0
0
0
0
0
0
0
0
0
0
0
873
0
0
0
0
0
0
0
0
919
0
0
0
0
0
0
0
0
0
955
0
0
0
0
703
0
966
987
0
0
0
989
904
0
838
0
0
0
0
978
0
0
0
0
0
0
0
0
0
0
0
0
0
0
0
0
0
0
0
0
0
0
0
978
0
0
0
0
0
0
0
0
0
0
0
0
0
0
0
989
0
0
0
0
0
0
0
0
0
0
0
0
0
0
0
0
0
800
912
890
0
0
0
0
0
0
0
0
943
0
0
0
0
0
0
0
0
0
0
0
998
0
0
0
0
892
0
844
950
0
0
0
856
917
0
989
0
0
0
0
989
0
0
0
0
0
0
0
0
0
0
0
0
0
0
0
0
0
0
0
0
0
0
878
0
0
0
0
0
0
0
0
0
0
0
0
0
0
0
975
0
0
0
0
0
0
0
0
0
0
0
0
0
0
0
0
990
0
0
0
0
0
0
0
0
0
0
811
0
0
0
0
0
0
0
0
0
0
0
0
0
989
0
0
0
0
802
0
681
989
0
0
0
996
837
0
703
0
0
0
0
955
0
0
0
0
0
0
0
0
0
0
0
0
0
0
0
0
0
0
0
0
0
930
0
0
0
0
0
0
0
0
0
0
0
0
0
0
0
0
0
939
0
0
0
0
0
0
0
0
0
0
0
963
992
811
0
0
0
0
0
0
0
0
0
0
1000
0
0
0
0
0
0
0
0
0
0
0
0
0
0
0
975
0
0
0
0
837
0
904
856
0
0
0
898
861
0
669
0
0
0
0
951
0
0
0
0
0
0
0
0
0
0
0
0
0
0
0
0
0
0
0
976
0
0
0
0
0
0
0
0
0
0
0
0
0
0
0
0
0
0
994
0
0
0
0
0
0
0
0
0
0
999
0
0
0
0
0
0
0
0
0
0
0
0
939
0
0
0
0
0
0
0
0
0
0
0
0
0
0
0
0
0
989
0
0
0
0
946
0
917
996
0
0
0
930
688
0
807
0
0
0
0
974
0
0
0
0
0
0
0
0
0
0
0
0
0
0
0
0
0
969
0
0
0
0
0
0
0
0
0
0
0
0
0
0
0
0
0
0
0
0
0
964
0
0
0
0
0
893
896
973
0
0
0
0
0
0
0
0
0
0
0
0
926
0
0
0
0
0
0
0
0
0
0
0
0
0
0
0
0
0
0
0
955
0
0
0
0
838
0
837
898
0
0
0
889
783
0
834
0
0
0
0
974
0
0
0
0
0
0
0
0
0
0
0
0
0
0
0
0
851
0
0
0
0
0
0
0
0
0
0
0
0
0
0
0
0
0
0
0
0
0
910
0
0
0
0
801
0
0
0
0
0
0
0
0
0
0
0
0
0
0
848
0
0
0
0
0
0
0
0
0
0
0
0
0
0
0
0
0
0
0
0
0
980
0
0
0
0
989
0
861
930
0
0
0
895
935
0
662
0
0
0
0
998
0
0
0
0
0
0
0
0
0
0
0
0
0
0
0
930
0
0
0
0
0
0
0
0
0
0
0
0
0
0
0
0
0
0
0
0
0
0
0
984
837
906
0
0
0
0
0
0
0
0
0
0
0
0
0
0
827
0
0
0
0
0
0
0
0
0
0
0
0
0
0
0
0
0
0
0
0
0
0
0
954
0
0
0
0
703
0
688
889
0
0
0
886
985
0
846
0
0
0
0
975
0
0
0
0
0
0
0
0
0
0
0
0
0
804
0
0
0
0
0
0
0
0
0
0
0
0
0
0
0
0
0
0
0
0
0
0
0
941
955
0
0
0
0
0
0
0
0
0
0
0
0
0
0
0
889
0
0
0
0
0
0
0
0
0
0
0
0
0
0
0
0
0
0
0
0
0
0
0
0
0
990
0
0
0
0
669
0
783
895
0
0
0
933
824
0
813
0
0
0
0
950
0
0
0
0
0
0
0
0
0
0
0
874
0
0
0
0
0
0
0
0
0
0
0
0
0
0
0
0
0
0
0
0
0
960
937
932
0
0
0
929
0
0
0
0
0
0
0
0
0
0
0
0
859
0
0
0
0
0
0
0
0
0
0
0
0
0
0
0
0
0
0
0
0
0
0
0
0
0
0
0
958
0
0
0
0
807
0
935
886
0
0
0
934
862
0
717
0
0
0
0
994
0
0
0
0
0
0
0
0
0
0
824
0
0
0
0
0
0
0
0
0
0
0
0
0
0
0
0
0
0
0
0
904
0
0
0
0
0
0
911
0
0
0
0
0
0
0
0
0
0
0
991
0
0
0
0
0
0
0
0
0
0
0
0
0
0
0
0
0
0
0
0
0
0
0
0
0
0
0
0
0
978
0
0
0
0
834
0
985
933
0
0
0
964
856
0
750
0
0
0
0
988
0
0
0
0
0
0
0
0
0
848
0
0
0
0
0
0
0
0
0
0
0
0
0
0
0
0
0
849
953
950
0
0
0
0
0
0
0
0
0
960
0
0
0
0
0
0
0
0
812
0
0
0
0
0
0
0
0
0
0
0
0
0
0
0
0
0
0
0
0
0
0
0
0
0
0
0
0
0
0
0
989
0
0
0
0
662
0
824
934
0
0
0
994
804
0
739
0
0
0
0
989
0
0
0
0
0
0
0
824
0
0
0
0
0
0
0
0
0
0
0
0
0
0
0
0
0
930
0
0
0
0
0
0
0
0
0
0
0
0
972
0
0
0
0
0
0
0
907
0
0
0
0
0
0
0
0
0
0
0
0
0
0
0
0
0
0
0
0
0
0
0
0
0
0
0
0
0
0
0
0
0
955
0
0
0
0
846
0
862
964
0
0
0
943
992
0
928
0
0
0
0
998
0
0
0
0
0
899
0
0
0
0
0
0
0
0
0
0
0
0
0
0
0
875
971
966
0
0
0
0
0
0
0
0
0
0
0
0
0
0
0
950
0
0
0
0
856
0
0
0
0
0
0
0
0
0
0
0
0
0
0
0
0
0
0
0
0
0
0
0
0
0
0
0
0
0
0
0
0
0
0
0
951
0
0
0
0
813
0
856
994
0
0
0
859
975
0
815
0
0
0
0
895
0
0
0
0
987
0
0
0
0
0
0
0
0
0
0
0
0
0
0
807
0
0
0
0
0
0
0
0
0
0
0
0
0
0
0
0
0
0
965
0
0
0
831
0
0
0
0
0
0
0
0
0
0
0
0
0
0
0
0
0
0
0
0
0
0
0
0
0
0
0
0
0
0
0
0
0
0
0
0
0
974
0
0
0
0
717
0
804
943
0
0
0
914
992
0
795
0
0
0
0
991
0
0
0
997
0
0
0
0
0
0
0
0
0
0
0
899
937
865
0
0
0
0
0
0
0
0
0
0
0
0
0
0
0
0
0
0
0
0
0
963
977
0
0
0
0
0
0
0
0
0
0
0
0
0
0
0
0
0
0
0
0
0
0
0
0
0
0
0
0
0
0
0
0
0
0
0
0
0
0
0
974
0
0
0
0
750
0
992
859
0
0
0
934
747
0
742
0
0
0
0
973
0
954
0
0
0
0
0
0
0
0
0
0
0
847
971
0
0
0
0
0
0
0
0
0
0
0
0
0
0
0
0
0
0
0
0
0
0
0
989
0
0
0
0
0
0
0
0
0
0
0
0
0
0
0
0
0
0
0
0
0
0
0
0
0
0
0
0
0
0
0
0
0
0
0
0
0
0
0
0
0
998
0
0
0
0
739
0
975
914
0
0
0
971
922
0
865
0
0
0
0
975
0
0
0
0
0
0
0
0
0
809
809
895
0
0
948
979
947
0
0
0
0
0
0
0
0
0
0
0
0
0
0
0
0
0
0
0
969
0
0
999
0
0
0
0
0
0
0
0
0
0
0
0
0
0
0
0
0
0
0
0
0
0
0
0
0
0
0
0
0
0
0
0
0
0
0
0
0
0
0
0
975
0
0
0
0
928
0
992
934
0
0
0
984
712
0
700
0
0
0
831
986
0
0
0
0
0
0
0
888
0
0
0
0
0
0
0
0
970
0
0
0
0
0
0
0
0
0
0
0
0
0
0
0
0
0
849
0
0
0
923
0
0
0
0
0
0
0
0
0
0
0
0
0
0
0
0
0
0
0
0
0
0
0
0
0
0
0
0
0
0
0
0
0
0
0
0
0
0
0
0
0
950
0
0
0
0
815
0
747
971
0
0
0
862
719
0
681
0
0
943
0
960
0
0
0
835
897
828
0
0
0
0
0
0
0
0
0
0
964
926
972
0
0
0
0
0
0
0
0
0
0
0
0
0
884
0
0
0
0
0
0
916
0
0
0
0
0
0
0
0
0
0
0
0
0
0
0
0
0
0
0
0
0
0
0
0
0
0
0
0
0
0
0
0
0
0
0
0
0
0
0
0
994
0
0
0
0
795
0
922
984
0
0
0
950
981
0
760
848
0
0
0
986
0
905
0
0
0
0
0
0
0
0
0
0
0
0
0
0
0
0
915
0
0
0
0
0
0
0
0
0
0
0
899
0
0
0
0
0
0
0
990
0
0
0
0
0
0
0
0
0
0
0
0
0
0
0
0
0
0
0
0
0
0
0
0
0
0
0
0
0
0
0
0
0
0
0
0
0
0
0
0
0
988
0
0
0
0
742
0
712
862
0
0
0
955
804
822
899
0
0
864
959
971
0
0
0
0
0
0
0
0
0
0
0
0
0
0
0
0
0
0
915
954
926
0
0
0
0
0
0
0
805
0
0
0
0
0
0
0
0
0
0
964
0
0
0
0
0
0
0
0
0
0
0
0
0
0
0
0
0
0
0
0
0
0
0
0
0
0
0
0
0
0
0
0
0
0
0
0
0
0
0
0
989
0
0
0
0
865
0
719
950
0
0
0
943
679
0
884
893
0
0
0
975
0
0
0
0
0
0
0
0
0
0
0
0
0
0
0
0
0
0
0
0
985
0
0
0
0
0
945
0
0
0
0
0
0
0
0
0
0
0
933
0
0
0
0
0
0
0
0
0
0
0
0
0
0
0
0
0
0
0
0
0
0
0
0
0
0
0
0
0
0
0
0
0
0
0
0
0
0
0
0
0
998
0
0
0
0
700
0
981
955
0
0
0
836
888
841
861
0
0
0
0
954
0
0
0
0
0
0
0
0
0
0
0
0
0
0
0
0
0
0
0
0
943
992
903
0
977
0
0
0
0
0
0
0
0
0
0
0
0
0
0
904
0
0
0
0
0
0
0
0
0
0
0
0
0
0
0
0
0
0
0
0
0
0
0
0
0
0
0
0
0
0
0
0
0
0
0
0
0
0
0
0
895
0
0
0
0
681
0
804
943
0
0
0
933
821
0
988
0
0
0
0
975
0
0
0
0
0
0
0
0
0
0
0
0
0
0
0
0
0
0
0
0
0
0
932
0
0
0
0
0
0
0
0
0
0
0
0
0
0
0
987
0
0
0
0
0
0
0
0
0
0
0
0
0
0
0
0
0
0
0
0
0
0
0
0
0
0
0
0
0
0
0
0
0
0
0
0
0
0
0
0
0
991
0
0
0
0
760
822
679
836
0
0
0
917
692
0
669
0
0
0
0
979
0
0
0
0
0
0
0
0
0
0
0
0
0
0
0
0
0
0
0
0
980
0
910
998
905
0
0
0
0
0
0
0
0
0
0
0
0
0
0
966
0
0
0
0
0
0
0
0
0
0
0
0
0
0
0
0
0
0
0
0
0
0
0
0
0
0
0
0
0
0
0
0
0
0
0
0
0
0
0
0
973
0
0
0
848
899
0
888
933
0
0
0
896
807
0
671
0
0
0
0
972
0
0
0
0
0
0
0
0
0
0
0
0
0
0
0
0
0
0
945
0
0
0
0
0
996
0
0
0
0
0
0
0
0
0
0
0
0
0
962
0
0
0
0
0
0
0
0
0
0
0
0
0
0
0
0
0
0
0
0
0
0
0
0
0
0
0
0
0
0
0
0
0
0
0
0
0
0
0
0
0
975
831
943
0
0
884
841
821
917
0
0
0
909
692
0
810
0
0
0
0
956
0
0
0
0
0
0
0
0
0
0
0
0
0
0
0
0
907
0
0
0
0
0
0
0
958
951
989
0
0
0
0
0
0
0
0
0
0
0
0
911
0
0
0
0
0
0
0
0
0
0
0
0
0
0
0
0
0
0
0
0
0
0
0
0
0
0
0
0
0
0
0
0
0
0
0
0
0
0
954
0
986
0
0
0
893
861
0
692
896
0
0
0
899
981
0
737
0
0
0
0
973
0
0
0
0
0
0
0
0
0
0
0
0
0
0
771
0
0
0
0
0
0
0
0
0
0
0
940
0
0
0
0
0
0
0
0
0
0
0
959
0
0
0
0
0
0
0
0
0
0
0
0
0
0
0
0
0
0
0
0
0
0
0
0
0
0
0
0
0
0
0
0
0
0
0
899
987
997
0
0
0
960
0
864
0
0
988
0
807
909
0
0
0
975
754
0
676
0
0
0
0
998
0
0
0
0
0
0
0
0
0
0
0
0
964
0
0
0
0
0
0
0
0
0
0
0
0
0
974
918
924
0
0
0
0
0
0
0
0
0
0
921
0
0
0
0
0
0
0
0
0
0
0
0
0
0
0
0
0
0
0
0
0
0
0
0
0
0
0
0
0
0
0
0
824
0
0
0
0
0
0
0
986
959
0
0
0
669
0
692
899
0
0
0
968
883
0
740
0
0
0
0
984
0
0
0
0
0
0
0
0
0
0
981
0
0
0
0
0
0
0
0
0
0
0
0
0
0
0
0
0
936
0
0
0
0
0
0
0
0
0
936
0
0
0
0
0
0
0
0
0
0
0
0
0
0
0
0
0
0
0
0
0
0
0
0
0
0
0
0
0
874
824
848
0
0
0
0
0
0
0
0
0
971
0
0
0
0
671
0
981
975
0
0
0
953
891
0
873
0
0
0
0
963
0
0
0
0
0
0
0
0
897
0
0
0
0
0
0
0
0
0
0
0
0
0
0
0
0
0
0
0
943
917
995
0
0
0
0
0
0
0
0
991
0
0
0
0
0
0
0
0
0
0
0
0
0
0
0
0
0
0
0
0
0
0
0
0
0
0
804
0
0
0
0
0
0
0
0
0
0
0
905
0
975
0
0
0
0
810
0
754
968
0
0
0
885
884
0
865
0
0
0
0
959
0
0
0
0
0
0
783
0
0
0
0
0
0
0
0
0
0
0
0
0
0
0
0
0
0
0
0
0
0
0
980
0
0
0
0
0
0
0
957
0
0
0
0
0
0
0
0
0
0
0
0
0
0
0
0
0
0
0
0
0
0
0
969
851
930
0
0
0
0
0
0
0
0
0
0
0
835
0
0
0
954
0
0
0
0
737
0
883
953
0
0
0
905
785
0
953
0
0
0
0
997
0
0
0
0
996
0
0
0
0
0
0
0
0
0
0
0
0
0
0
0
0
0
0
0
0
0
0
0
0
0
952
941
936
0
0
0
0
0
0
957
0
0
0
0
0
0
0
0
0
0
0
0
0
0
0
0
0
0
0
0
976
0
0
0
0
0
0
0
0
0
0
0
0
0
0
897
0
0
0
0
975
0
0
0
0
676
0
891
885
0
0
0
908
687
0
883
0
0
0
0
995
0
0
924
0
0
0
0
0
0
0
0
0
0
0
0
0
0
0
0
0
0
0
0
0
0
0
0
0
0
0
0
0
932
0
0
0
0
0
925
0
0
0
0
0
0
0
0
0
0
0
0
0
0
0
0
0
978
878
930
0
0
0
0
0
0
0
0
0
0
0
0
0
0
0
828
0
0
0
0
0
979
0
0
0
0
740
0
884
905
0
0
0
876
806
0
748
0
0
0
0
984
894
0
0
0
0
0
0
0
0
0
0
0
0
0
0
0
0
0
0
0
0
0
0
0
0
0
0
0
0
0
0
0
954
962
935
0
0
0
0
991
0
0
0
0
0
0
0
0
0
0
0
0
0
0
890
0
0
0
0
0
0
0
0
0
0
0
0
0
0
0
0
0
888
0
0
0
0
0
0
0
972
0
0
0
0
873
0
785
908
0
0
0
971
925
0
665
0
0
0
960
961
0
0
0
0
0
0
0
0
0
0
0
0
0
0
0
0
0
0
0
0
0
0
0
0
0
0
0
0
0
0
0
0
0
0
941
0
0
0
969
0
0
0
0
0
0
0
0
0
0
0
976
931
968
0
0
0
0
0
0
0
0
0
0
0
0
0
0
0
0
0
809
0
0
0
0
0
0
0
0
0
956
0
0
0
0
865
0
687
876
0
0
0
901
840
0
694
0
866
0
0
952
0
0
0
0
0
0
0
0
0
0
0
0
0
0
0
0
0
0
0
0
0
0
0
0
0
0
0
0
0
0
0
0
0
0
933
935
966
0
0
992
0
0
0
0
0
0
0
0
842
0
0
0
0
0
0
0
0
0
0
0
0
0
0
0
0
0
0
0
0
809
0
0
0
0
0
0
0
0
0
0
973
0
0
0
0
953
0
806
971
0
0
0
976
660
0
865
0
0
0
0
983
0
0
0
0
0
0
0
0
0
0
0
0
0
0
0
0
0
0
0
0
0
0
0
0
0
0
0
0
0
0
0
0
0
0
0
0
971
0
966
0
0
0
0
0
833
966
973
0
0
0
0
0
0
0
0
0
0
0
0
0
0
0
0
0
0
0
0
0
895
0
0
0
0
0
0
0
0
0
0
0
998
0
0
0
0
883
0
925
901
0
0
0
902
908
0
908
0
0
0
0
964
0
0
0
0
0
0
0
0
0
0
0
0
0
0
0
0
0
0
0
0
0
0
0
0
0
0
0
0
0
0
0
0
0
0
0
0
936
962
951
935
0
0
879
0
0
0
0
0
0
0
0
0
0
0
0
0
0
0
0
0
0
0
0
0
0
0
847
0
0
0
0
0
0
0
0
0
0
0
0
0
984
0
0
0
0
748
0
840
976
0
0
964
987
697
0
721
0
0
0
0
986
0
0
0
0
0
0
0
0
0
0
0
0
0
0
0
0
0
0
0
0
0
0
0
0
0
0
0
0
0
0
0
0
0
0
0
0
0
0
990
0
992
954
0
0
0
0
0
0
0
0
0
0
0
0
0
0
0
0
0
0
0
0
0
0
899
971
0
0
0
0
0
0
0
0
0
0
0
0
0
0
963
0
0
0
0
665
0
660
902
964
0
0
955
857
0
830
0
0
0
0
1000
0
0
0
0
0
0
0
0
0
0
0
0
0
0
0
0
0
0
0
0
0
0
0
0
0
0
0
0
0
0
0
0
0
0
0
0
0
0
0
0
0
0
0
0
0
0
0
0
0
0
0
0
0
0
0
0
0
0
0
0
0
0
0
937
0
948
0
0
0
0
0
0
0
0
0
0
0
0
0
0
959
0
0
0
0
694
0
908
987
0
0
0
942
938
0
763
0
0
0
0
990
0
0
0
0
0
0
0
0
0
0
0
0
0
0
0
0
0
0
0
0
0
0
0
0
0
0
0
0
0
0
0
0
0
0
0
0
0
0
0
0
995
984
0
0
0
0
0
0
0
0
0
0
0
0
0
0
0
0
0
0
0
0
865
0
979
0
0
0
0
0
0
0
0
0
0
0
0
0
0
0
997
0
0
0
0
865
0
697
955
0
0
0
913
827
0
827
0
0
0
0
984
0
0
0
0
0
0
0
0
0
0
0
0
0
0
0
0
0
0
0
0
0
0
0
0
0
0
0
0
0
0
0
0
0
0
0
0
0
0
0
0
0
0
0
0
0
0
0
0
0
0
0
0
0
0
0
0
0
0
0
0
807
0
0
947
0
0
0
0
0
0
0
0
0
0
0
0
0
0
0
0
995
0
0
866
0
908
0
857
942
0
0
0
856
672
0
894
0
0
0
0
991
0
0
0
0
0
0
0
0
0
0
0
0
0
0
0
0
0
0
0
0
0
0
0
0
0
0
0
0
0
0
0
0
0
0
0
0
0
0
0
0
993
993
0
0
0
0
0
0
0
0
0
0
0
0
0
0
0
0
875
0
0
0
0
970
0
0
0
0
0
0
0
0
0
0
0
0
0
0
0
0
984
960
0
0
0
721
0
938
913
0
0
0
992
991
0
820
0
0
0
0
959
0
0
0
0
0
0
0
0
0
0
0
0
0
0
0
0
0
0
0
0
0
0
0
0
0
0
0
0
0
0
0
0
0
0
0
0
0
0
0
0
0
0
0
0
0
0
0
0
0
0
0
0
0
0
0
0
0
971
0
0
0
0
0
964
0
0
0
0
0
0
0
0
0
0
0
0
0
0
0
894
961
0
0
0
0
830
0
827
856
0
0
0
952
675
0
814
0
0
0
0
958
0
0
0
0
0
0
0
0
0
0
0
0
0
0
0
0
0
0
0
0
0
0
0
0
0
0
0
0
0
0
0
0
0
0
0
0
0
0
0
0
905
993
0
0
0
0
0
0
0
0
0
0
0
0
0
0
966
0
0
0
0
0
926
0
0
0
0
0
0
0
0
0
0
0
0
0
0
924
0
0
952
0
0
0
0
763
0
672
992
0
0
0
935
895
0
979
0
0
0
0
965
0
0
0
0
0
0
0
0
0
0
0
0
0
0
0
0
0
0
0
0
0
0
0
0
0
0
0
0
0
0
0
0
0
0
0
0
0
0
0
0
0
0
0
0
0
0
0
0
0
0
0
0
0
0
930
0
0
0
0
0
0
972
0
0
0
0
0
0
0
0
0
0
0
0
0
996
0
0
0
0
983
0
0
0
0
827
0
991
952
0
0
0
952
711
0
861
0
0
0
0
950
0
0
0
0
0
0
0
0
0
0
0
0
0
0
0
0
0
0
0
0
0
0
0
0
0
0
0
0
0
0
0
0
0
0
0
0
0
0
0
0
985
930
0
0
0
0
0
0
0
0
0
0
849
0
0
0
0
0
0
0
0
915
0
0
0
0
0
0
0
0
0
0
0
783
0
0
0
0
0
0
964
0
0
0
0
894
0
675
935
0
0
0
909
760
0
782
0
0
0
0
991
0
0
0
0
0
0
0
0
0
0
0
0
0
0
0
0
0
0
0
0
0
0
0
0
0
0
0
0
0
0
0
0
0
0
0
0
0
0
0
0
0
0
0
0
0
0
0
0
0
0
0
953
0
0
0
0
0
0
0
0
0
915
0
0
0
0
0
0
0
0
0
897
0
0
0
0
0
0
0
0
986
0
0
0
0
820
0
895
952
0
0
0
956
760
0
772
0
0
0
0
973
0
0
0
0
0
0
0
0
0
0
0
0
0
0
0
0
0
0
0
0
0
0
0
0
0
0
0
0
0
0
0
0
0
0
0
0
0
0
0
0
989
975
0
0
0
0
0
0
0
0
950
0
0
0
0
0
0
0
0
0
954
0
0
0
0
0
0
0
0
981
0
0
0
0
0
0
0
0
0
0
1000
0
0
0
0
814
0
711
909
0
0
0
991
849
0
828
0
0
0
0
993
0
0
0
0
0
0
0
0
0
0
0
0
0
0
0
0
0
0
0
0
0
0
0
0
0
0
0
0
0
0
0
0
0
0
0
0
0
0
0
0
0
0
0
0
0
0
0
0
904
0
0
0
0
0
0
0
0
0
0
926
0
0
0
0
0
0
0
964
0
0
0
0
0
0
0
0
0
0
0
0
990
0
0
0
0
979
0
760
956
0
0
0
911
818
0
764
0
0
0
0
980
0
0
0
0
0
0
0
0
0
0
0
0
0
0
0
0
0
0
0
0
0
0
0
0
0
0
0
0
0
0
0
0
0
0
0
0
0
0
0
0
939
994
0
0
0
0
960
0
0
0
0
0
0
0
0
0
0
0
0
985
0
0
0
0
0
771
0
0
0
0
0
0
0
0
0
0
0
0
0
0
984
0
0
0
0
861
0
760
991
0
0
0
933
806
0
982
0
0
0
0
976
0
0
0
0
0
0
0
0
0
0
0
0
0
0
0
0
0
0
0
0
0
0
0
0
0
0
0
0
0
0
0
0
0
0
0
0
0
0
0
0
0
0
0
0
0
937
0
0
0
0
0
0
0
0
0
0
0
0
0
943
0
0
0
907
0
0
0
0
0
0
0
0
0
0
0
0
0
0
0
0
991
0
0
0
0
782
0
849
911
0
0
0
969
909
0
929
0
0
0
0
987
0
0
0
0
0
0
0
0
0
0
0
0
0
0
0
0
0
0
0
0
0
0
0
0
0
0
0
0
0
0
0
0
0
0
0
0
0
0
0
0
964
910
0
0
932
0
0
0
0
0
0
0
0
0
0
0
0
0
992
0
0
945
0
0
0
0
0
0
0
0
0
0
0
0
0
0
0
0
0
0
959
0
0
0
0
772
0
818
933
0
0
0
851
819
0
692
0
0
0
0
990
0
0
0
0
0
0
0
0
0
0
0
0
0
0
0
0
0
0
0
0
0
0
0
0
0
0
0
0
0
0
0
0
0
0
0
0
0
0
0
0
0
0
941
0
0
0
0
0
0
0
0
0
0
0
0
0
0
903
0
980
0
0
0
0
0
0
0
0
0
0
0
0
0
0
0
0
0
0
0
0
958
0
0
0
0
828
0
806
969
0
0
0
964
873
0
679
0
0
0
0
992
0
0
0
0
0
0
0
0
0
0
0
0
0
0
0
0
0
0
0
0
0
0
0
0
0
0
0
0
0
0
0
0
0
0
0
0
0
0
0
0
984
955
0
0
0
0
0
0
0
0
0
0
0
0
0
0
0
932
0
0
0
0
0
0
0
0
0
0
0
0
0
0
0
0
0
0
0
0
0
0
965
0
0
0
0
764
0
909
851
0
0
0
885
910
0
711
0
0
0
0
997
0
0
0
0
0
0
0
0
0
0
0
0
0
0
0
0
0
0
0
0
0
0
0
0
0
0
0
0
0
0
0
0
0
0
0
0
0
0
0
837
0
0
0
0
0
0
0
0
0
0
0
0
0
0
0
977
0
910
0
0
0
0
0
0
0
0
0
0
0
0
0
0
0
0
0
0
0
0
0
0
950
0
0
0
0
982
0
819
964
0
0
0
900
651
0
659
0
0
0
0
974
0
0
0
0
0
0
0
0
0
0
0
0
0
0
0
0
0
0
0
0
0
0
0
0
0
0
0
0
0
0
0
0
0
0
0
0
0
0
906
0
929
911
0
0
0
0
0
0
0
0
0
0
0
945
0
0
998
0
0
0
0
0
0
0
0
0
0
0
0
0
0
0
0
0
0
0
0
0
0
0
991
0
0
0
0
929
0
873
885
0
0
0
908
865
0
683
0
0
0
0
977
0
0
0
0
0
0
0
0
0
0
0
0
0
0
0
0
0
0
0
0
0
0
0
0
0
0
0
0
0
0
0
0
0
0
0
0
801
0
0
0
0
0
0
0
0
0
0
0
0
0
0
805
0
0
0
905
0
0
0
0
0
0
0
0
0
0
0
0
0
0
0
0
0
0
0
0
0
0
0
0
973
0
0
0
0
692
0
910
900
0
0
0
977
988
0
910
0
0
0
0
958
0
0
0
0
0
0
0
0
0
0
0
0
0
0
0
0
0
0
0
0
0
0
0
0
0
0
0
0
0
0
0
0
0
0
893
0
0
0
0
0
960
972
0
0
0
0
0
0
0
899
0
0
0
0
0
996
0
0
0
0
0
0
0
0
0
0
0
0
0
0
0
0
0
0
0
0
0
0
0
0
993
0
0
0
0
679
0
651
908
0
0
0
875
965
0
754
0
0
0
0
983
0
0
0
0
0
0
0
0
0
0
0
0
0
0
0
0
0
0
0
0
0
0
0
0
0
0
0
0
0
0
0
0
0
896
0
0
0
0
0
0
0
0
0
0
0
0
0
884
0
0
0
0
0
0
0
958
0
0
0
0
0
0
0
0
0
0
0
0
0
0
0
0
0
0
0
0
0
0
0
0
980
0
0
0
0
711
0
865
977
0
0
0
962
791
0
882
0
0
0
0
985
0
0
0
0
0
0
0
0
0
0
0
0
0
0
0
0
0
0
0
0
0
0
0
0
0
0
0
0
0
0
0
0
973
0
0
0
0
0
0
0
950
965
0
0
0
849
0
0
0
0
0
0
0
0
951
0
0
0
0
0
0
0
0
0
0
0
0
0
0
0
0
0
0
0
0
0
0
0
0
0
976
0
0
0
0
659
0
988
875
0
0
0
859
785
0
677
0
0
0
0
989
0
0
0
0
0
0
0
0
0
0
0
0
0
0
0
0
0
0
0
0
0
0
0
0
0
0
0
0
0
0
999
0
0
0
0
0
0
0
0
0
0
0
0
969
0
0
0
0
0
0
0
0
0
989
0
0
0
0
0
0
0
0
0
0
0
0
0
0
0
0
0
0
0
0
0
0
0
0
0
0
987
0
0
0
0
683
0
965
962
0
0
0
910
759
0
762
0
0
0
0
986
0
0
0
0
0
0
0
0
0
0
0
0
0
0
0
0
0
0
0
0
0
0
0
0
0
0
0
0
963
0
0
0
0
0
0
0
0
0
0
0
963
989
0
0
0
0
0
0
0
0
0
0
0
940
0
0
0
0
0
0
0
0
0
0
0
0
0
0
0
0
0
0
0
0
0
0
0
0
0
0
990
0
0
0
0
910
0
791
859
0
0
0
910
822
0
919
0
0
0
0
955
0
0
0
0
0
0
0
0
0
0
0
0
0
0
0
0
0
0
0
0
0
0
0
0
0
0
0
992
0
0
0
0
0
0
0
0
0
0
0
977
0
0
0
0
0
0
0
0
0
0
0
0
0
974
0
0
0
0
0
0
0
0
0
0
0
0
0
0
0
0
0
0
0
0
0
0
0
0
0
0
992
0
0
0
0
754
0
785
910
0
0
0
998
958
0
853
0
0
0
0
993
0
0
0
0
0
0
0
0
0
0
0
0
0
0
0
0
0
0
0
0
0
0
0
0
0
0
811
0
0
0
0
0
0
0
0
0
0
831
0
0
999
923
0
0
0
0
0
0
0
0
0
0
918
0
0
0
0
0
0
0
0
0
0
0
0
0
0
0
0
0
0
0
0
0
0
0
0
0
0
0
997
0
0
0
0
882
0
759
910
0
0
0
936
705
0
844
0
0
0
0
954
0
0
0
0
0
0
0
0
0
0
0
0
0
0
0
0
0
0
0
0
0
0
0
0
990
0
0
0
0
0
0
0
0
0
0
856
0
0
0
0
0
0
0
0
0
0
0
0
0
0
0
924
0
0
0
0
0
0
0
0
0
0
0
0
0
0
0
0
0
0
0
0
0
0
0
0
0
0
0
0
974
0
0
0
0
677
0
822
998
0
0
0
860
956
0
860
0
0
0
0
979
0
0
0
0
0
0
0
0
0
0
0
0
0
0
0
0
0
0
0
0
0
0
800
0
0
0
0
0
0
0
0
0
0
907
0
0
0
0
0
0
916
990
0
0
0
0
0
0
0
0
0
936
0
0
0
0
0
0
0
0
0
0
0
0
0
0
0
0
0
0
0
0
0
0
0
0
0
0
0
0
977
0
0
0
0
762
0
958
936
0
0
0
907
811
0
798
0
0
0
0
971
0
0
0
0
0
0
0
0
0
0
0
0
0
0
0
0
0
0
0
0
0
912
0
0
0
0
0
0
0
0
0
812
0
0
0
0
0
0
0
0
0
0
0
0
0
0
0
0
0
0
0
943
0
0
0
0
0
0
0
0
0
0
0
0
0
0
0
0
0
0
0
0
0
0
0
0
0
0
0
0
958
0
0
0
0
919
0
705
860
0
0
0
872
918
0
846
0
0
0
0
993
0
0
0
0
0
0
0
0
0
0
0
0
0
0
0
0
0
0
0
0
890
0
0
0
0
0
0
0
0
991
0
0
0
0
0
0
0
0
0
0
964
933
0
0
0
0
0
0
0
0
917
0
0
0
0
0
0
0
0
0
0
0
0
0
0
0
0
0
0
0
0
0
0
0
0
0
0
0
0
0
983
0
0
0
0
853
0
956
907
0
0
0
992
901
0
771
0
0
0
0
971
0
0
0
0
0
0
0
0
0
0
0
0
0
0
0
0
0
0
873
0
0
0
0
0
0
0
0
859
0
0
0
0
0
0
0
0
0
0
0
0
0
0
0
0
0
0
0
0
0
995
0
0
0
0
0
0
0
0
0
0
0
0
0
0
0
0
0
0
0
0
0
0
0
0
0
0
0
0
0
0
985
0
0
0
0
844
0
811
872
0
0
0
901
745
0
883
0
0
0
0
993
0
0
0
0
0
0
0
0
0
0
0
0
0
0
0
0
869
0
0
0
0
0
0
0
0
889
0
0
0
0
0
0
0
0
0
0
0
0
0
0
904
987
0
0
0
0
0
0
0
980
0
0
0
0
0
0
0
0
0
0
0
0
0
0
0
0
0
0
0
0
0
0
0
0
0
0
0
0
0
0
989
0
0
0
0
860
0
918
992
0
0
0
982
798
0
669
0
976
0
0
1000
0
0
0
0
0
0
0
0
0
0
0
0
0
0
0
953
0
0
0
0
0
0
0
827
0
0
0
0
0
0
0
0
0
0
0
0
0
0
0
0
0
0
0
0
0
0
0
0
0
952
0
0
0
0
0
0
0
0
0
0
0
0
0
0
0
0
0
0
0
0
0
0
0
0
0
0
0
0
0
0
986
0
0
0
0
798
0
901
901
0
0
0
890
879
0
733
0
950
0
0
968
0
0
0
0
0
0
0
0
0
0
0
0
0
0
973
0
0
0
0
0
0
848
0
0
0
0
0
0
0
0
0
0
0
0
0
0
0
0
0
0
966
962
0
0
0
0
0
0
941
0
0
0
0
0
0
0
0
0
0
0
0
0
0
0
0
0
0
0
0
0
0
0
0
0
0
0
0
0
0
0
955
0
0
0
0
846
0
745
982
0
0
0
998
763
0
845
0
951
0
0
967
0
0
0
0
0
0
0
0
0
0
0
0
860
0
0
0
0
0
0
926
0
0
0
0
0
0
0
0
0
0
0
0
0
0
0
0
0
0
0
0
0
0
0
0
0
0
0
936
0
0
0
0
0
0
0
0
0
0
0
0
0
0
0
0
0
0
0
0
0
0
0
0
0
0
0
0
0
0
0
0
993
0
0
0
0
771
0
798
890
0
0
0
866
749
0
919
0
989
0
0
976
0
0
0
0
0
0
0
0
0
0
967
0
0
0
0
0
0
939
0
0
0
0
0
0
0
0
0
0
0
0
0
0
0
0
0
0
0
0
0
0
911
959
0
0
0
0
0
932
0
0
0
0
0
0
0
0
0
0
0
0
0
0
0
0
0
0
0
0
0
0
0
0
0
0
0
0
0
0
0
0
954
0
0
0
0
883
0
879
998
0
0
0
900
857
0
936
0
975
0
0
958
0
0
0
0
0
0
0
0
0
807
0
0
0
0
0
1000
0
0
0
0
0
0
0
0
0
0
0
0
0
0
0
0
0
0
0
0
0
0
0
0
0
0
0
0
0
0
0
954
0
0
0
0
0
0
0
0
0
0
0
0
0
0
0
0
0
0
0
0
0
0
0
0
0
0
0
0
0
0
0
0
979
0
0
0
0
669
0
763
866
0
0
0
922
934
0
666
0
986
0
0
982
0
0
0
0
0
0
0
0
883
0
0
0
0
811
0
0
0
0
0
0
0
0
0
0
0
0
0
0
0
0
0
0
0
0
0
0
0
0
0
0
921
936
0
0
0
0
962
0
0
0
0
0
0
0
0
0
0
0
0
0
0
0
0
0
0
0
0
0
0
0
0
0
0
0
0
0
0
0
0
0
971
0
0
0
0
733
0
749
900
0
0
0
866
772
0
739
0
969
0
0
950
0
0
0
0
0
0
993
0
0
0
0
943
0
0
0
0
0
0
0
0
0
0
0
0
0
0
0
0
0
0
0
0
0
0
0
0
0
0
0
0
0
0
0
0
0
935
0
0
0
0
0
0
0
0
0
0
0
0
0
0
0
0
0
0
0
0
0
0
0
0
0
0
0
0
0
0
0
0
0
0
993
0
0
976
0
845
0
857
922
0
0
0
871
772
0
989
0
961
0
0
0
0
0
0
0
891
0
0
0
0
919
0
0
0
0
0
0
0
0
0
0
0
0
0
0
0
0
0
0
0
0
0
0
0
0
0
0
0
0
0
0
991
957
0
0
0
941
0
0
0
0
0
0
0
0
0
0
0
0
0
0
0
0
0
0
0
0
0
0
0
0
0
0
0
0
0
0
0
0
0
0
971
0
0
950
0
919
0
934
866
0
0
0
905
791
773
855
0
964
0
0
0
0
0
0
878
0
0
0
931
0
0
0
0
0
0
0
0
0
0
0
0
0
0
0
0
0
0
0
0
0
0
0
0
0
0
0
0
0
0
0
0
0
0
0
0
0
933
0
0
0
0
0
0
0
0
0
0
0
0
0
0
0
0
0
0
0
0
0
0
0
0
0
0
0
0
0
0
0
0
0
0
993
0
0
951
0
936
0
772
871
0
0
0
989
885
679
901
0
968
0
0
0
0
0
906
0
0
991
0
0
0
0
0
0
0
0
0
0
0
0
0
0
0
0
0
0
0
0
0
0
0
0
0
0
0
0
0
0
0
0
0
0
957
925
0
0
935
0
0
0
0
0
0
0
0
0
0
0
0
0
0
0
0
0
0
0
0
0
0
0
0
0
0
0
0
0
0
0
0
0
0
0
1000
0
0
989
0
666
0
772
905
0
0
0
964
713
829
834
0
0
0
0
0
929
0
0
823
0
0
0
0
0
0
0
0
0
0
0
0
0
0
0
0
0
0
0
0
0
0
0
0
0
0
0
0
0
0
0
0
0
0
0
0
0
0
0
966
0
0
0
0
0
0
0
0
0
0
0
0
0
0
0
0
0
0
0
0
0
0
0
0
0
0
0
0
0
0
0
0
0
0
0
0
968
0
0
975
0
739
0
791
989
0
0
0
963
671
996
800
0
0
0
868
0
0
784
0
0
0
0
0
0
0
0
0
0
0
0
0
0
0
0
0
0
0
0
0
0
0
0
0
0
0
0
0
0
0
0
0
0
0
0
0
0
991
969
0
971
0
0
0
0
0
0
0
0
0
0
0
0
0
0
0
0
0
0
0
0
0
0
0
0
0
0
0
0
0
0
0
0
0
0
0
0
967
0
0
986
0
989
773
885
964
0
0
0
721
989
650
0
0
0
923
0
843
0
0
0
0
0
0
0
0
0
0
0
0
0
0
0
0
0
0
0
0
0
0
0
0
0
0
0
0
0
0
0
0
0
0
0
0
0
0
0
0
0
0
0
936
0
0
0
0
0
0
0
0
0
0
0
0
0
0
0
0
0
0
0
0
0
0
0
0
0
0
0
0
0
0
0
0
0
0
0
0
976
0
0
969
0
855
679
713
963
0
0
0
855
967
0
0
0
822
895
0
0
0
0
0
0
0
0
0
0
0
0
0
0
0
0
0
0
0
0
0
0
0
0
0
0
0
0
0
0
0
0
0
0
0
0
0
0
0
0
0
0
992
966
962
0
0
0
0
0
0
0
0
0
0
0
0
0
0
0
0
0
0
0
0
0
0
0
0
0
0
0
0
0
0
0
0
0
0
0
0
0
958
0
0
961
0
901
829
671
721
0
0
0
880
0
0
883
946
0
0
0
0
0
0
0
0
0
0
0
0
0
0
0
0
0
0
0
0
0
0
0
0
0
0
0
0
0
0
0
0
0
0
0
0
0
0
0
0
0
0
0
0
0
951
0
0
0
0
0
0
0
0
0
0
0
0
0
0
0
0
0
0
0
0
0
0
0
0
0
0
0
0
0
0
0
0
0
0
0
0
0
0
982
0
0
964
0
834
996
989
855
0
0
0
0
898
916
0
0
0
0
0
0
0
0
0
0
0
0
0
0
0
0
0
0
0
0
0
0
0
0
0
0
0
0
0
0
0
0
0
0
0
0
0
0
0
0
0
0
0
0
0
0
935
990
0
0
0
0
0
0
0
0
0
0
0
0
0
0
0
0
0
0
0
0
0
0
0
0
0
0
0
0
0
0
0
0
0
0
0
0
0
0
950
0
0
968
0
800
650
967
880
0
0
0
780
0
0
0
0
0
0
0
0
0
0
0
0
0
0
0
0
0
0
0
0
0
0
0
0
0
0
0
0
0
0
0
0
0
0
0
0
0
0
0
0
0
0
0
0
0
0
0
0
0
0
0
0
0
0
0
0
0
0
0
0
0
0
0
0
0
0
0
0
0
0
0
0
0
0
0
0
0
0
0
0
0
0
0
0
0
0
0
0
0
0
0
0
0
0
0
0
0
0
0
