0
131
153
548
238
918
138
937
828
535
663
211
963
705
612
564
147
429
586
238
479
473
193
185
595
658
119
389
492
717
463
301
443
454
895
423
903
647
185
425
364
923
129
153
726
897
282
226
535
951
807
895
560
166
369
296
500
824
990
789
995
899
329
945
251
267
438
390
328
529
145
512
116
456
100
300
296
924
495
865
115
560
495
941
397
752
318
270
642
921
129
569
896
338
142
278
498
360
351
884
131
0
681
757
412
573
636
369
217
248
788
965
277
456
767
553
200
111
565
656
993
485
174
694
861
571
312
684
718
766
778
281
916
457
858
885
102
221
596
423
333
972
657
669
254
758
364
802
852
434
445
185
108
742
496
672
441
334
375
396
358
230
807
230
711
204
142
855
278
532
398
111
157
991
628
847
774
128
664
314
432
504
996
869
678
170
181
424
203
536
602
177
639
109
606
382
106
223
475
317
153
681
0
627
206
146
127
945
333
217
509
364
736
888
806
443
931
405
909
269
414
178
173
381
582
881
932
642
378
170
924
165
547
533
176
466
915
517
886
550
143
893
882
176
807
136
720
118
455
758
325
861
701
623
820
194
200
713
793
206
379
846
832
729
463
963
696
852
794
626
205
145
497
841
242
121
876
930
604
891
602
914
562
658
966
633
922
799
566
701
715
618
346
126
570
981
305
689
128
132
548
757
627
0
265
129
310
323
536
380
732
535
299
518
855
743
848
147
276
887
300
137
447
290
612
208
282
310
773
223
269
316
554
370
848
456
530
419
250
145
320
541
117
693
339
800
500
841
969
437
229
747
582
745
521
892
957
668
347
527
936
967
173
303
509
499
138
516
593
745
462
116
405
510
988
475
866
354
142
156
665
610
227
627
315
158
407
930
434
884
638
415
360
982
325
285
571
754
419
373
238
412
206
265
0
670
845
567
284
602
909
724
635
681
606
514
107
420
253
260
791
288
242
328
481
263
308
840
120
907
247
748
554
830
622
300
840
544
101
683
154
246
372
128
116
166
118
280
585
846
267
532
136
376
386
864
641
885
583
236
425
353
689
387
170
571
818
882
925
387
335
979
907
396
358
259
986
708
544
167
798
493
741
214
217
244
419
589
822
424
101
774
601
635
734
462
790
926
481
664
918
573
146
129
670
0
451
665
417
678
953
366
709
558
449
273
982
647
986
270
346
827
757
981
630
761
602
340
420
252
723
171
505
419
840
512
693
938
314
669
971
166
592
936
363
591
804
105
1000
504
780
556
318
664
769
641
113
364
210
742
449
869
331
894
517
980
557
965
924
958
875
764
248
882
813
749
782
364
560
305
804
529
931
983
720
705
955
525
138
930
221
672
757
403
912
812
997
440
680
766
138
636
127
310
845
451
0
273
628
950
628
629
724
102
899
182
708
997
145
989
379
111
823
160
355
726
452
743
792
992
436
464
915
458
460
705
155
440
683
212
872
126
992
555
789
174
595
485
306
159
312
876
438
389
530
668
120
353
517
830
162
955
395
941
290
528
711
895
807
694
604
716
699
996
275
938
666
987
832
599
711
650
440
546
645
643
234
287
637
975
457
816
377
901
641
385
987
443
721
985
937
369
945
323
567
665
273
0
324
224
964
177
879
329
361
918
293
748
851
632
844
770
619
551
351
604
713
374
306
811
915
192
857
804
626
732
951
747
340
352
895
979
283
361
645
156
402
210
169
747
160
520
235
104
865
153
738
578
249
677
558
823
508
863
278
566
393
495
654
152
829
132
301
154
809
117
398
814
597
162
608
789
831
437
641
242
191
737
407
159
925
366
910
520
362
649
628
748
629
869
828
217
333
536
284
417
628
324
0
819
395
847
292
390
627
924
607
908
999
329
173
398
710
722
580
224
862
290
952
421
430
698
801
348
374
389
896
227
970
101
624
828
209
275
333
271
841
620
793
993
141
577
495
817
837
692
637
861
506
371
397
165
102
928
394
673
948
147
540
639
292
731
340
960
740
417
423
780
104
884
417
573
517
790
567
382
651
937
811
373
567
541
639
787
783
726
626
112
719
283
535
248
217
380
602
678
950
224
819
0
409
655
437
500
103
396
980
238
359
313
983
661
360
498
525
751
799
449
943
886
716
548
274
136
519
785
508
265
449
775
874
159
200
621
502
680
297
795
912
276
410
525
262
291
337
774
897
779
280
331
272
284
712
961
651
447
173
179
740
724
551
511
904
660
711
747
620
139
822
488
883
142
271
135
859
168
743
444
786
784
148
594
809
654
239
423
475
189
975
331
663
788
509
732
909
953
628
964
395
409
0
175
342
631
737
570
770
800
822
134
885
562
806
718
297
435
293
484
668
579
377
881
864
559
501
992
735
223
297
865
295
126
366
740
784
198
297
159
346
109
651
279
799
196
486
102
831
163
240
130
709
467
553
235
119
922
941
998
884
848
241
206
277
520
958
917
277
291
790
577
570
692
556
328
762
391
610
447
458
607
127
423
520
379
532
739
821
145
589
707
211
965
364
535
724
366
629
177
847
655
175
0
257
265
125
286
915
124
849
858
558
504
711
423
869
379
704
612
475
227
512
634
901
526
952
862
308
143
808
969
753
191
706
429
289
125
762
692
168
320
288
399
800
187
666
696
735
360
975
343
745
407
833
608
739
809
722
143
371
413
546
926
398
723
538
911
981
751
878
556
619
324
521
706
985
245
176
602
420
882
391
231
536
690
361
793
434
895
702
874
963
277
736
299
635
709
724
879
292
437
342
257
0
244
806
290
913
455
988
680
921
272
655
442
601
775
406
277
788
944
421
606
180
765
116
969
430
945
580
323
845
711
576
341
708
358
653
260
147
259
829
165
559
166
831
316
838
992
689
824
163
183
161
898
355
305
668
311
315
768
536
513
711
713
428
358
846
592
574
177
508
822
926
187
830
351
999
631
622
589
180
420
935
564
553
137
163
515
461
386
705
456
888
518
681
558
102
329
390
500
631
265
244
0
544
458
662
171
631
113
747
664
642
234
772
443
525
272
967
720
602
732
623
301
255
466
517
942
874
550
770
470
123
306
195
944
211
955
210
446
104
508
255
316
620
573
333
103
390
227
812
443
657
209
644
263
439
286
631
400
221
594
375
431
623
927
444
793
819
732
887
319
142
624
396
950
825
544
225
880
641
156
712
354
734
571
388
996
194
106
612
767
806
855
606
449
899
361
627
103
737
125
806
544
0
587
179
753
555
996
682
120
612
800
747
706
726
346
888
499
523
373
397
546
945
954
605
919
357
608
814
185
486
866
339
511
680
965
244
901
109
862
706
431
165
566
530
207
404
233
831
159
188
578
568
419
639
561
905
404
700
186
871
630
490
548
772
139
923
752
993
489
228
871
120
280
698
402
366
236
653
905
231
888
518
141
721
277
183
855
564
553
443
743
514
273
182
918
924
396
570
286
290
458
587
0
375
688
607
903
577
465
330
297
307
625
517
881
728
399
354
421
662
148
979
909
958
510
312
962
452
882
391
606
433
789
545
143
949
233
645
655
760
245
920
441
155
773
532
388
968
536
750
720
738
491
307
333
566
373
807
103
269
980
601
827
352
468
723
187
451
105
978
449
879
542
231
175
892
137
720
512
477
631
112
319
139
575
335
611
147
200
931
848
107
982
708
293
607
980
770
915
913
662
179
375
0
770
921
525
704
316
136
541
707
470
381
231
255
351
867
912
714
602
158
219
162
147
176
978
887
673
438
531
830
493
435
130
806
998
161
357
464
777
434
269
834
645
124
704
152
111
675
949
665
445
995
140
628
301
225
220
959
456
591
819
333
508
324
859
505
802
365
870
246
229
363
833
860
175
944
861
523
497
911
811
225
663
587
982
429
111
405
147
420
647
997
748
908
238
800
124
455
171
753
688
770
0
771
741
567
945
760
879
339
933
190
203
813
986
528
505
980
130
331
140
558
117
510
949
790
306
748
835
879
230
951
980
227
911
111
905
404
437
387
541
788
501
108
125
711
415
508
587
942
703
134
742
214
433
380
518
376
398
751
297
725
736
163
678
978
927
765
828
200
280
449
215
799
900
666
322
235
954
682
373
558
369
370
853
586
565
909
276
253
986
145
851
999
359
822
849
988
631
555
607
921
771
0
715
268
859
910
318
471
932
261
598
106
136
844
971
215
222
717
385
578
657
377
206
222
829
620
197
869
938
627
436
786
189
737
913
380
821
972
929
600
398
490
696
431
742
963
600
961
328
690
690
435
698
465
824
237
176
644
367
369
942
911
899
367
607
928
605
211
891
219
460
728
251
316
740
269
318
226
886
832
155
353
564
238
656
269
887
260
270
989
632
329
313
134
858
680
113
996
903
525
741
715
0
861
986
763
950
140
635
178
845
733
713
519
672
384
100
101
624
582
766
709
154
758
911
416
514
335
795
727
379
813
196
508
631
930
647
533
316
529
959
226
617
530
916
233
704
792
982
962
873
397
744
248
486
740
959
304
989
670
165
200
528
926
585
396
204
160
348
673
669
415
570
527
325
531
376
989
942
695
314
603
484
479
993
414
300
791
346
379
844
173
983
885
558
921
747
682
577
704
567
268
861
0
684
152
141
654
821
849
705
938
317
858
218
590
157
101
752
699
841
843
412
476
559
282
254
252
320
556
654
297
544
523
242
727
471
726
719
791
618
633
578
435
466
216
821
794
151
297
798
339
544
902
981
590
871
102
905
493
265
965
409
983
459
622
981
331
563
797
724
375
997
412
138
869
149
464
903
855
342
405
769
473
485
178
137
288
827
111
770
398
661
562
504
272
664
120
465
316
945
859
986
684
0
411
955
944
292
141
584
193
255
115
813
839
437
604
738
114
385
469
579
825
936
575
803
308
463
175
943
226
540
622
448
385
375
749
984
347
847
255
581
638
857
983
307
878
534
368
268
355
531
678
982
449
246
330
406
198
701
346
554
347
291
818
609
739
674
763
752
943
470
449
861
754
320
712
954
674
465
337
681
193
174
173
447
242
757
823
619
710
360
806
711
655
642
612
330
136
760
910
763
152
411
0
825
511
945
127
472
294
350
631
653
412
865
505
339
880
224
760
756
100
970
217
465
149
374
877
793
298
860
666
131
239
437
102
714
391
171
941
140
834
723
627
679
911
510
625
630
738
892
809
134
694
196
487
921
757
164
448
266
248
206
893
678
168
887
687
403
710
963
415
155
823
119
741
771
120
365
688
774
185
694
381
290
328
981
160
551
722
498
718
423
442
234
800
297
541
879
318
950
141
955
825
0
953
257
699
343
832
854
397
319
143
760
541
929
315
370
389
809
729
862
948
132
504
433
229
585
843
745
956
816
838
546
936
410
619
537
512
551
331
862
571
296
404
306
909
494
467
872
984
896
106
278
391
333
106
874
306
758
833
196
671
884
829
256
966
649
909
739
701
580
909
590
937
842
904
335
917
827
595
861
582
612
481
630
355
351
580
525
297
869
601
772
747
307
707
339
471
140
654
944
511
953
0
841
376
768
329
167
829
507
184
358
979
526
672
722
710
456
836
826
998
715
681
207
847
427
833
985
101
523
937
885
408
471
100
188
171
715
849
232
989
732
935
999
976
479
944
802
453
250
436
255
244
154
248
929
797
496
913
560
212
101
198
160
230
445
125
684
874
369
881
544
538
572
720
957
576
665
658
571
881
208
263
761
726
604
224
751
435
379
775
443
706
625
470
933
932
635
821
292
945
257
841
0
810
930
942
515
757
909
999
804
964
691
221
256
184
740
469
450
131
832
240
352
891
487
313
392
601
611
358
784
769
586
794
436
498
685
809
691
707
934
361
776
108
922
640
498
961
135
747
165
745
366
820
743
852
668
170
167
819
738
537
169
216
109
599
202
805
365
427
458
948
916
283
632
823
750
119
312
932
282
308
602
452
713
862
799
293
704
406
525
726
517
381
190
261
178
849
141
127
699
376
810
0
906
623
776
180
657
162
281
863
407
354
925
627
708
108
812
671
193
405
833
329
730
903
281
230
504
249
287
892
281
644
964
681
671
968
242
900
656
604
992
667
353
380
458
234
236
835
859
477
659
167
996
298
318
935
353
868
105
500
404
594
360
435
655
525
346
545
416
797
822
259
942
874
149
389
684
642
310
840
340
743
374
290
449
484
612
277
272
346
881
231
203
598
845
705
584
472
343
768
930
906
0
613
186
271
889
702
719
797
368
182
586
188
223
753
231
895
188
832
439
521
783
449
274
190
777
488
272
222
295
951
307
473
447
522
204
611
617
894
267
209
910
913
206
717
949
792
931
507
356
100
792
864
356
645
694
542
965
165
624
875
420
163
188
773
641
476
768
291
325
846
709
161
769
492
718
378
773
120
420
792
306
952
943
668
475
788
967
888
728
255
813
106
733
938
193
294
832
329
942
623
613
0
934
989
863
888
549
346
688
362
888
855
422
769
824
971
991
559
930
283
372
751
212
816
370
440
396
718
828
770
513
324
340
399
385
775
253
909
237
629
771
218
933
699
330
310
369
890
642
713
600
562
259
447
842
323
497
999
352
484
960
567
748
417
475
209
101
116
647
119
159
406
281
717
766
170
223
907
252
992
811
421
886
579
227
944
720
499
399
351
986
136
713
317
255
350
854
167
515
776
186
934
0
774
976
699
697
142
844
269
816
476
141
570
291
808
186
952
657
153
861
330
382
218
556
310
263
195
464
861
842
381
669
513
496
890
542
244
270
815
510
956
518
216
809
223
978
435
915
696
965
883
815
832
787
979
210
589
444
396
157
413
599
292
285
503
372
667
565
376
143
354
741
463
778
924
269
247
723
436
915
430
716
377
512
421
602
523
354
867
528
844
519
858
115
631
397
829
757
180
271
989
774
0
922
206
279
735
278
260
831
422
720
205
986
637
633
401
821
681
659
776
719
918
329
203
263
385
320
550
355
134
907
752
373
107
627
243
208
137
112
836
536
837
310
791
980
790
739
162
157
428
416
561
366
982
154
435
321
181
449
751
884
609
898
440
597
917
801
760
207
301
492
301
281
165
316
748
171
464
192
698
548
881
634
606
732
373
421
912
505
971
672
218
813
653
319
507
909
657
889
863
976
922
0
916
960
706
531
105
614
790
326
195
244
894
135
227
438
121
874
510
950
693
778
887
793
237
768
803
964
859
722
422
417
281
480
830
343
947
704
753
924
231
595
844
858
328
337
862
615
715
800
391
935
202
740
298
638
210
438
714
939
440
285
208
356
760
664
355
999
283
793
443
916
547
554
554
505
915
857
801
274
864
901
180
623
397
662
714
980
215
384
590
839
412
143
184
999
162
702
888
699
206
916
0
764
980
869
135
457
969
365
509
503
207
674
656
866
588
301
357
929
155
104
571
902
125
574
427
805
261
874
710
484
376
663
944
838
816
256
416
457
599
311
894
588
557
873
598
250
811
532
815
342
732
626
178
507
496
426
509
981
441
853
512
843
504
748
525
386
129
922
454
457
533
370
830
419
458
804
348
136
559
526
765
301
546
148
602
130
222
100
157
437
865
760
358
804
281
719
549
697
279
960
764
0
575
486
807
460
953
809
256
439
307
507
561
701
155
986
727
325
786
941
641
546
549
774
398
268
106
767
505
861
969
538
884
754
452
118
734
508
515
126
814
203
639
418
424
123
456
236
603
421
867
956
681
133
375
232
821
380
828
163
502
566
323
292
405
532
915
330
895
858
176
848
622
840
460
626
374
519
501
952
116
255
945
979
158
331
717
101
101
604
505
541
979
964
863
797
346
142
735
706
980
575
0
562
871
901
608
412
219
994
384
198
753
875
816
736
710
884
519
964
439
329
243
262
220
647
770
323
536
738
842
707
225
147
580
646
544
181
364
737
437
554
683
453
569
854
982
456
212
549
407
211
858
568
337
649
429
614
141
399
294
481
145
666
985
940
179
370
423
885
466
456
300
512
705
732
389
785
992
862
969
466
954
909
219
140
385
624
752
738
339
929
526
691
407
368
688
844
278
531
869
486
562
0
711
360
634
962
682
915
456
407
198
243
320
617
273
107
833
844
415
516
520
916
503
658
458
317
102
988
796
452
659
870
125
389
498
314
825
809
691
319
940
247
753
711
460
729
786
631
106
163
536
707
623
544
134
672
610
138
689
338
800
467
492
775
470
864
903
102
915
530
840
693
155
951
896
508
735
308
430
517
605
958
162
558
578
582
699
114
880
315
672
221
354
182
362
269
260
105
135
807
871
711
0
244
492
752
566
182
183
354
724
142
968
564
412
854
629
706
921
298
709
677
110
876
171
509
903
679
657
919
997
882
399
564
573
355
862
334
444
430
271
224
807
268
540
533
248
528
928
598
602
309
752
518
722
160
452
315
541
535
723
224
853
568
973
327
647
221
517
419
544
938
440
747
227
265
223
143
945
942
919
510
147
117
657
766
841
385
224
370
722
256
925
586
888
816
831
614
457
460
901
360
244
0
567
815
548
172
949
990
105
358
667
305
241
629
112
332
145
215
297
111
666
536
313
946
566
539
116
419
156
874
391
373
923
527
467
786
772
702
395
453
554
312
287
391
421
557
863
239
778
955
849
240
820
723
300
726
101
385
106
430
447
999
642
455
185
596
886
250
101
314
683
340
970
449
297
808
580
874
357
312
176
510
377
709
843
469
760
389
710
184
627
188
855
476
422
790
969
953
608
634
492
567
0
128
183
179
988
255
432
672
239
411
651
939
402
544
911
316
502
751
273
208
975
610
770
691
212
853
349
751
545
681
119
587
807
282
582
850
737
335
773
877
219
288
138
208
643
812
978
747
370
730
497
183
920
334
769
377
335
315
653
569
508
236
425
423
550
145
683
669
212
352
101
775
865
969
323
550
608
962
978
949
206
154
412
579
756
809
456
740
708
223
422
141
720
326
365
809
412
962
752
815
128
0
773
572
718
352
976
236
620
594
331
713
625
785
858
747
709
771
591
983
841
682
514
508
143
769
505
223
444
953
220
908
143
499
474
197
234
799
249
290
198
116
434
484
139
342
308
171
393
992
145
364
208
969
781
521
666
662
837
769
270
891
364
333
143
320
154
971
872
895
624
874
295
753
845
770
814
452
887
790
222
758
476
825
100
729
836
469
108
753
769
570
205
195
509
256
219
682
566
548
183
773
0
409
580
676
654
710
145
115
526
707
647
856
609
260
828
469
605
548
299
103
448
638
725
164
796
183
573
104
877
994
951
337
686
587
416
595
549
177
391
393
162
144
367
954
535
797
720
329
950
297
933
361
259
444
198
339
594
849
899
864
923
972
893
541
246
166
126
979
828
159
126
191
711
470
185
882
673
306
829
911
559
936
970
862
826
450
812
231
824
291
986
244
503
439
994
915
182
172
179
572
409
0
444
835
944
619
394
721
412
956
934
883
662
889
848
939
520
869
655
646
913
423
161
746
139
301
650
685
276
520
396
754
937
556
459
634
430
572
616
103
678
291
451
684
522
230
568
835
855
420
989
406
190
394
937
633
273
423
656
742
129
657
882
117
372
592
992
283
209
200
366
706
576
123
486
391
438
748
620
416
282
575
217
948
998
131
671
895
971
808
637
894
207
307
384
456
183
949
988
718
580
444
0
370
517
611
267
593
763
659
896
326
503
210
863
107
618
786
100
908
762
740
751
675
820
139
708
295
875
660
197
500
215
243
406
312
742
616
825
711
461
547
949
568
160
656
540
626
968
472
271
188
155
524
338
920
115
235
947
973
153
669
176
693
128
936
555
361
275
621
740
429
341
306
866
606
531
835
197
514
254
803
465
132
715
832
193
188
991
186
633
135
674
507
198
407
354
990
255
352
676
835
370
0
249
290
490
621
979
824
547
782
598
964
451
388
692
596
166
826
317
555
289
807
173
899
691
928
962
709
121
886
246
496
873
496
192
991
230
555
577
361
602
121
806
527
653
304
305
197
343
322
794
207
145
877
429
687
706
670
726
254
807
339
116
363
789
645
333
502
784
289
708
195
339
433
830
879
869
335
252
308
149
504
681
240
405
832
559
952
401
227
656
561
753
198
724
105
432
976
654
944
517
249
0
678
166
489
413
551
183
274
221
814
677
557
837
619
458
956
298
528
942
787
571
385
720
832
961
942
222
354
599
774
810
945
346
554
712
531
560
501
707
223
966
536
936
825
148
621
614
109
290
702
937
213
242
746
397
327
897
758
136
800
166
591
174
156
271
680
198
125
358
944
511
789
493
230
938
795
320
463
374
433
207
352
833
439
930
657
821
438
866
701
875
243
142
358
672
236
710
619
611
290
678
0
293
697
162
571
462
238
263
108
838
619
807
586
985
663
468
763
109
970
542
919
219
385
217
351
503
409
574
787
528
741
580
368
161
587
604
329
408
879
200
377
842
664
364
260
483
930
795
132
786
766
305
619
578
642
282
364
720
500
118
804
595
402
841
297
297
762
653
211
680
545
435
951
627
727
556
175
877
229
847
891
329
521
283
153
681
121
588
155
816
320
968
667
239
620
145
394
267
490
166
293
0
748
742
242
315
298
202
517
821
147
157
153
853
565
875
256
852
398
134
259
874
787
704
517
630
730
430
794
586
948
529
937
593
775
434
229
429
437
310
899
148
330
860
708
550
864
142
700
654
574
297
528
656
969
226
802
118
841
280
105
485
210
620
795
159
692
260
955
965
143
130
980
436
379
654
943
793
585
427
487
730
783
372
861
659
874
301
986
736
617
564
305
411
594
115
721
593
621
489
697
748
0
837
501
383
386
595
435
297
156
609
230
147
693
799
917
511
166
167
714
975
766
271
825
577
403
450
299
153
835
381
434
590
391
795
520
123
680
904
711
647
330
269
322
380
171
801
902
189
322
938
279
738
226
535
852
455
969
585
1000
306
169
793
912
346
168
147
210
244
949
806
227
786
813
297
226
298
843
833
313
903
449
751
330
776
510
357
727
710
273
412
241
651
331
526
412
763
979
413
162
742
837
0
421
327
344
121
661
258
865
498
116
505
951
1000
798
283
971
324
519
992
893
196
440
687
846
315
162
554
685
571
909
104
407
618
288
251
577
595
100
373
983
537
278
648
435
222
393
836
997
555
799
678
871
951
434
758
437
846
504
159
747
993
276
109
320
259
446
901
233
998
911
189
196
544
540
860
745
985
392
281
274
212
382
719
950
929
325
884
107
854
629
939
713
707
956
659
824
551
571
242
501
421
0
541
310
211
729
220
664
123
728
867
600
208
101
606
905
908
583
507
475
688
193
860
329
549
458
638
895
103
782
162
521
336
487
748
196
734
274
581
536
625
766
652
723
741
906
222
651
154
626
213
660
807
445
325
229
267
780
312
160
141
410
651
288
829
104
109
645
161
111
737
508
523
622
666
956
101
601
230
190
816
218
918
693
155
786
519
833
629
112
402
625
647
934
896
547
183
462
315
383
327
541
0
771
441
928
440
625
111
997
860
275
517
155
429
924
554
461
586
211
247
254
1000
112
987
832
708
464
894
637
772
317
992
339
881
137
215
617
593
867
797
550
851
820
601
911
191
542
263
498
490
730
895
185
861
747
532
556
876
520
577
525
279
399
165
508
862
655
357
905
913
631
242
448
131
816
523
611
504
777
370
556
329
778
104
941
964
844
706
332
544
785
856
883
326
782
274
238
298
386
344
310
771
0
712
568
451
430
216
522
1000
947
271
940
963
833
246
221
962
753
137
204
790
773
710
663
339
565
143
932
706
531
421
529
777
823
230
957
736
396
644
649
639
364
772
434
209
717
533
867
305
412
560
108
701
582
136
318
438
235
495
262
799
800
559
255
706
760
464
404
380
930
727
385
239
838
937
358
249
488
440
310
203
887
571
641
439
415
921
145
911
858
609
662
503
598
221
263
202
595
121
211
441
712
0
771
674
710
723
386
830
709
236
344
370
113
754
498
388
616
595
808
363
905
533
918
472
514
371
857
651
204
176
522
783
381
391
485
985
712
189
539
667
419
977
742
577
355
687
117
310
712
166
742
623
745
376
664
389
104
817
291
196
187
166
316
431
245
777
437
821
647
471
375
437
546
885
784
287
272
396
263
263
793
902
546
329
516
298
215
316
747
260
889
210
964
814
108
517
435
661
729
928
568
771
0
296
244
234
336
924
533
518
588
856
636
600
989
123
625
948
752
318
285
366
427
980
969
802
308
987
353
971
221
554
511
796
366
614
792
894
578
185
507
496
571
888
195
990
442
525
413
369
496
820
521
386
769
530
865
837
337
486
666
831
620
165
920
434
387
972
533
726
749
102
936
408
769
892
222
718
195
385
237
125
549
243
520
709
297
502
709
828
848
863
451
677
838
821
297
258
220
440
451
674
296
0
816
965
414
891
606
115
398
601
491
195
841
918
855
337
372
865
648
749
327
491
417
806
625
197
836
757
201
781
736
341
276
614
297
488
792
336
218
957
729
203
831
562
983
367
179
296
672
194
892
864
641
668
153
692
774
102
696
316
573
566
441
269
541
929
316
719
984
714
410
471
586
281
295
828
464
320
768
574
774
262
916
677
111
751
771
469
939
107
388
557
619
147
156
865
664
625
430
710
244
816
0
397
140
686
302
911
716
653
204
973
335
694
660
150
618
780
705
539
307
237
558
453
879
866
469
778
251
730
952
369
940
673
585
280
219
376
683
101
121
931
571
305
547
354
619
500
441
200
957
641
113
120
738
637
897
831
735
838
333
530
155
834
788
600
529
791
347
391
619
100
794
644
951
770
861
550
803
427
398
220
503
110
666
273
591
605
520
618
692
837
807
157
609
498
123
111
216
723
234
965
397
0
742
388
714
508
516
515
561
750
982
516
174
969
629
155
205
323
117
207
145
538
549
430
435
312
964
761
587
635
871
562
466
776
365
401
158
647
644
895
477
261
563
385
335
824
334
713
668
885
364
353
578
861
779
163
360
992
103
207
773
645
501
398
959
618
847
171
537
188
436
964
307
513
842
355
964
805
268
647
658
876
536
208
983
548
869
786
596
619
586
153
230
116
728
997
522
386
336
414
140
742
0
707
384
350
721
763
675
840
964
497
651
649
508
198
533
920
512
1000
913
577
496
194
904
978
742
966
458
787
405
275
832
597
775
376
286
716
653
504
342
983
993
669
586
990
375
793
347
583
210
517
249
506
280
240
975
689
390
404
532
124
108
490
226
633
255
941
512
171
498
681
473
324
381
134
859
261
106
770
458
171
313
975
841
299
655
100
166
458
985
853
147
505
867
860
1000
830
924
891
686
388
707
0
633
116
357
866
956
823
508
220
746
114
576
437
750
872
629
364
192
949
808
517
116
979
502
788
343
316
168
152
750
376
531
312
787
257
973
378
832
170
235
179
818
789
396
206
527
236
742
830
677
371
331
130
343
824
227
233
388
704
125
696
617
578
581
140
551
715
685
671
447
340
669
907
722
874
767
323
317
509
946
610
682
103
646
908
826
956
663
565
693
951
600
275
947
709
533
606
302
714
384
633
0
214
670
567
300
604
640
416
624
442
930
757
810
525
511
164
665
542
902
810
515
920
191
956
887
549
178
252
588
560
551
652
321
429
288
729
205
690
215
876
185
995
358
379
936
425
449
162
558
397
272
709
745
163
812
831
968
152
711
431
530
435
638
834
331
849
809
968
522
399
513
752
422
710
505
536
102
903
566
770
514
448
913
762
317
298
468
875
799
1000
208
517
271
236
518
115
911
508
350
116
214
0
182
254
623
761
307
929
763
816
337
145
383
482
580
303
661
310
875
384
270
759
826
495
429
586
456
304
499
148
107
897
551
831
411
784
618
804
463
417
211
899
230
846
967
353
869
955
823
165
284
467
407
183
443
159
536
111
415
742
916
466
857
723
862
232
691
242
204
385
496
373
417
484
861
738
988
679
539
691
508
638
423
740
555
528
763
256
917
798
101
155
940
344
588
398
716
516
721
357
670
182
0
253
778
297
397
430
760
213
452
483
812
803
106
750
434
710
491
193
463
577
475
286
545
994
666
661
369
569
384
237
829
952
469
745
917
992
768
112
616
329
807
832
173
689
331
395
508
102
712
553
833
161
657
188
750
675
508
963
233
216
983
627
571
989
707
900
611
775
890
107
281
376
969
842
796
657
116
212
143
725
161
751
289
942
109
852
511
283
606
429
963
370
856
601
653
515
763
866
567
254
253
0
318
980
462
384
438
584
894
941
796
963
564
867
999
372
959
355
228
770
491
271
350
567
612
584
490
904
882
146
294
900
222
367
367
782
952
112
865
945
230
729
303
387
894
941
863
928
961
235
608
898
209
578
720
949
587
600
704
821
307
679
296
732
934
656
617
253
542
627
480
663
538
707
452
919
419
853
769
164
746
675
807
787
970
398
166
971
905
924
833
113
636
491
204
561
675
956
300
623
778
318
0
318
866
415
257
807
196
387
599
252
608
839
168
138
146
936
754
457
199
889
991
672
886
232
754
109
944
500
664
482
204
991
976
443
927
501
875
251
711
463
509
170
517
290
278
394
651
119
739
355
644
568
738
665
942
961
792
794
878
911
404
935
361
604
894
909
244
243
830
944
884
225
659
997
156
349
505
796
139
820
173
571
542
134
167
324
908
554
246
754
600
195
973
750
840
823
604
761
297
980
318
0
702
166
123
358
395
478
781
853
326
685
953
788
500
676
885
986
108
120
117
202
269
149
773
758
746
259
868
913
650
767
408
841
314
922
519
267
204
963
499
571
980
528
566
673
447
922
809
305
263
419
491
445
703
328
982
151
534
510
306
999
776
992
267
237
270
208
343
838
754
147
870
882
874
751
223
183
301
139
899
385
919
259
714
519
583
461
221
498
989
841
335
982
964
508
640
307
397
462
866
702
0
929
723
871
929
506
333
529
804
100
848
340
835
641
651
283
158
908
333
115
789
852
165
362
795
502
766
508
360
231
417
387
415
321
546
438
142
696
138
818
557
711
393
948
173
941
722
668
439
639
307
995
134
690
962
297
368
625
909
976
108
667
209
629
815
137
947
816
452
580
125
399
391
545
444
573
650
708
691
720
219
874
975
992
507
586
962
388
123
918
694
516
497
220
416
929
430
384
415
166
929
0
182
415
293
293
556
990
692
725
246
428
137
550
319
649
156
981
391
365
201
348
336
923
332
646
903
629
271
540
278
880
934
615
549
390
855
852
516
882
965
895
495
147
179
998
143
311
286
561
333
140
742
690
873
798
268
630
494
479
922
353
910
771
510
112
704
256
118
646
389
564
373
681
953
104
685
295
928
832
385
787
766
893
475
211
753
616
625
855
660
174
651
746
624
763
760
438
257
123
723
182
0
365
706
541
305
300
820
682
702
343
890
384
589
716
645
856
690
315
529
814
446
708
444
296
838
387
801
428
805
111
931
586
642
328
278
794
593
925
924
807
654
540
740
884
371
315
631
905
566
628
214
435
397
339
355
738
467
944
640
380
913
218
956
836
753
416
734
544
498
573
923
119
220
877
276
875
962
961
217
704
271
196
688
247
137
595
948
337
150
969
649
114
442
816
213
584
807
358
871
415
365
0
912
355
999
694
312
310
799
672
946
469
164
690
111
990
773
385
819
748
555
755
771
992
379
185
261
958
118
824
871
957
762
529
532
626
745
387
958
694
152
639
724
848
413
768
400
404
373
301
433
698
744
544
531
892
872
802
498
458
206
933
518
536
924
457
508
181
314
355
527
587
908
994
520
660
709
942
351
517
825
440
193
254
204
808
752
372
618
629
508
576
930
337
452
894
196
395
929
293
706
912
0
654
179
941
718
334
708
739
938
149
776
575
825
331
396
878
248
560
362
246
952
627
698
126
245
516
332
954
591
222
192
145
398
205
462
335
875
604
829
292
551
241
546
536
221
700
807
225
380
465
248
902
678
809
984
453
961
234
717
699
216
837
231
599
515
364
825
862
467
807
143
951
396
197
121
222
503
630
577
687
860
1000
790
363
318
865
780
155
198
437
757
145
483
941
387
478
506
293
541
355
654
0
369
245
985
876
887
667
614
527
914
471
447
738
680
876
280
363
257
242
817
627
489
107
202
923
553
599
410
394
546
512
111
145
116
979
764
716
132
731
511
206
926
513
594
186
103
220
518
824
486
981
982
134
896
250
135
236
949
330
809
310
595
311
126
737
809
334
786
282
499
337
754
500
886
354
409
730
403
846
329
112
773
905
285
648
705
205
533
750
810
383
812
796
599
781
333
556
305
999
179
369
0
318
294
498
715
998
225
784
853
358
700
638
944
991
978
801
651
985
559
287
824
294
150
806
915
468
807
714
349
116
157
497
405
907
248
699
301
340
904
277
398
711
375
871
269
959
376
237
740
590
449
694
106
436
747
835
792
310
223
791
844
894
814
437
691
444
772
582
474
686
937
215
246
599
574
430
450
315
549
987
710
533
366
749
539
323
920
872
525
482
803
963
252
853
529
990
300
694
941
245
318
0
729
852
155
161
526
643
735
709
406
484
444
530
871
235
759
185
340
992
987
252
360
965
315
302
424
877
394
456
991
841
510
396
882
996
154
960
660
520
723
713
431
630
980
456
398
176
959
871
246
196
278
255
165
859
931
369
978
980
858
588
203
554
319
430
702
850
197
587
556
243
496
774
787
794
299
162
458
832
663
918
427
327
307
117
512
629
511
580
106
564
608
326
804
692
820
312
718
985
294
729
0
284
467
792
972
193
509
441
457
297
323
186
151
683
214
997
865
922
718
769
323
710
360
242
678
713
565
100
628
242
988
358
813
275
809
740
711
958
538
428
623
490
601
591
751
644
304
102
330
487
391
244
745
477
507
890
435
790
328
557
639
683
940
271
395
737
234
416
459
406
873
810
528
586
153
554
638
708
339
472
980
491
237
207
1000
364
164
303
750
867
839
685
100
725
682
310
334
876
498
852
284
0
760
573
986
967
303
709
561
707
476
219
559
670
289
424
693
857
734
359
342
471
685
455
306
502
385
300
847
121
475
259
749
938
117
417
747
917
911
358
927
548
827
819
297
367
989
905
406
921
333
154
366
659
356
642
915
739
337
873
418
453
247
224
453
335
799
595
634
312
496
945
741
948
835
685
895
464
565
514
969
417
558
145
913
192
665
661
434
999
168
953
848
246
702
799
708
887
715
155
467
760
0
483
452
495
839
113
724
660
789
789
625
269
742
524
727
845
165
512
790
387
788
284
571
267
937
296
774
876
866
986
782
666
398
423
620
277
981
846
444
772
352
333
725
369
670
493
198
757
106
248
820
167
100
713
696
162
862
598
424
569
753
807
554
773
249
549
430
742
192
346
580
529
381
571
103
894
143
371
802
806
453
538
577
949
542
310
710
372
138
788
340
428
343
672
739
667
998
161
792
573
483
0
830
985
758
702
941
984
383
438
903
134
422
412
301
303
616
876
650
276
858
640
367
154
128
924
128
930
354
708
364
987
814
780
139
291
751
592
793
139
468
508
736
942
165
265
701
164
874
929
743
996
792
600
965
157
615
250
123
854
711
268
312
877
290
177
572
616
991
554
368
937
434
909
782
637
932
857
308
625
879
549
496
808
902
875
491
959
146
500
835
137
890
946
938
614
225
526
972
986
452
830
0
326
101
443
501
306
850
622
642
848
478
737
310
471
379
874
730
993
160
749
351
574
191
495
664
604
142
544
560
832
597
104
822
790
878
574
819
923
723
324
163
911
200
965
346
448
306
797
852
298
864
562
883
428
715
811
456
982
460
540
287
219
198
391
616
825
230
712
161
593
590
104
162
772
706
651
987
197
866
430
194
517
810
384
193
355
936
676
641
550
384
469
149
527
784
643
193
967
495
985
326
0
998
393
432
469
764
743
855
808
471
994
670
423
626
659
426
682
361
246
665
260
632
865
314
891
156
167
305
599
162
884
488
577
556
177
732
752
187
859
678
899
528
409
554
266
758
496
668
318
356
259
815
416
800
532
236
456
729
533
391
288
116
393
103
711
555
531
587
775
391
407
521
317
531
204
353
836
469
435
904
116
515
270
463
228
754
885
651
319
589
164
776
914
853
735
509
303
839
758
101
998
0
479
811
507
202
346
759
796
447
711
314
572
921
479
745
106
121
555
855
877
365
115
432
602
665
798
804
711
608
417
883
570
619
508
887
993
451
505
978
367
926
983
347
248
833
913
170
935
645
447
832
561
391
815
603
212
786
248
421
138
434
162
678
461
577
560
604
434
795
618
336
992
421
176
971
757
778
312
978
979
920
759
577
770
457
986
283
649
716
690
575
471
358
709
441
709
113
702
443
393
479
0
447
317
223
368
472
882
325
930
340
450
530
619
165
992
782
237
865
751
389
560
504
914
610
493
529
650
789
573
142
692
324
822
319
489
105
802
927
607
585
459
291
206
196
560
167
353
694
842
787
366
935
342
421
549
631
528
557
208
484
144
291
547
361
501
329
229
520
288
487
339
529
522
221
201
251
964
742
502
191
826
475
491
199
108
158
156
645
111
825
447
700
406
457
561
724
941
501
432
811
447
0
817
974
559
982
555
537
711
757
503
896
430
904
675
798
403
405
377
348
495
996
562
227
741
931
440
831
517
271
556
521
926
142
228
978
365
765
928
396
622
818
893
671
212
819
868
542
323
979
982
202
732
867
407
106
928
863
643
139
367
451
949
602
707
408
429
123
251
748
881
777
783
554
781
730
761
966
788
956
495
286
271
889
120
908
981
856
990
331
738
638
484
297
707
660
984
306
469
507
317
817
0
664
188
166
109
863
116
231
910
939
356
735
459
612
571
232
437
540
941
869
658
627
214
983
546
437
790
135
328
706
187
624
871
449
870
828
605
204
981
609
678
884
101
738
105
965
497
210
154
740
626
956
211
163
598
239
812
342
954
684
568
121
223
879
437
680
577
196
137
823
381
511
736
952
587
458
343
887
429
545
350
991
117
333
391
690
773
396
680
944
444
323
476
789
383
850
764
202
223
974
664
0
484
562
254
525
325
624
115
691
803
989
352
941
218
759
789
370
397
678
966
315
217
720
645
641
567
859
762
985
830
396
120
879
246
200
211
160
331
739
168
829
198
537
500
165
999
589
435
298
178
681
858
536
602
778
978
308
535
522
160
806
966
200
310
904
595
734
215
230
391
796
341
369
635
787
316
549
586
994
567
672
202
115
365
315
385
878
876
991
530
186
219
789
438
622
743
346
368
559
188
484
0
732
683
438
263
187
970
280
116
676
339
434
422
905
344
652
752
170
633
158
244
705
643
242
382
168
391
245
351
950
280
542
229
280
891
348
563
674
887
256
160
169
404
624
352
444
321
638
507
133
568
707
309
955
747
171
797
230
656
527
536
377
899
711
100
274
617
957
485
366
276
940
871
405
168
178
456
666
612
886
269
789
201
529
819
248
280
978
871
151
559
625
903
642
855
759
472
982
166
562
732
0
127
513
935
651
421
798
227
908
843
945
834
549
799
808
318
181
922
407
419
955
234
191
651
743
610
176
999
825
698
231
363
449
219
673
797
763
687
966
230
216
594
875
484
396
181
210
496
375
337
623
752
849
370
393
720
568
540
653
936
842
148
647
373
581
593
736
985
614
614
673
562
275
152
252
304
661
584
232
149
852
348
814
748
560
363
801
235
683
670
269
134
848
808
796
882
555
109
254
683
127
0
176
891
683
800
797
279
895
853
575
678
173
160
304
270
424
799
930
589
525
287
737
937
444
447
602
631
544
402
175
833
215
460
669
724
752
403
649
445
109
360
420
960
157
449
438
426
232
649
544
518
240
730
992
329
835
626
304
825
664
330
330
983
536
867
396
712
792
297
585
466
832
750
588
499
369
490
754
773
165
336
446
555
362
257
651
759
214
289
742
422
478
471
447
325
537
863
525
438
513
176
0
627
306
643
337
219
675
327
753
771
861
829
900
642
203
566
434
822
138
637
407
811
786
458
420
622
225
366
892
860
799
728
415
375
943
710
909
125
599
435
163
567
413
751
714
509
821
429
134
722
820
497
145
950
855
968
305
148
364
860
269
537
625
797
644
189
894
488
280
776
597
376
560
148
569
904
109
758
362
923
708
755
246
242
985
185
997
424
524
412
737
994
711
930
711
116
325
263
935
891
627
0
600
952
141
544
788
782
686
813
837
559
847
921
536
701
884
424
930
975
159
373
784
607
882
589
880
236
137
175
900
251
570
997
470
963
739
684
202
655
188
748
599
884
939
981
380
614
672
160
723
183
364
297
420
472
197
621
260
708
322
278
766
550
649
539
578
792
219
365
775
531
551
107
384
882
944
746
795
332
444
771
952
817
559
340
865
693
727
301
310
670
314
340
757
231
624
187
651
683
306
600
0
900
515
128
832
811
373
420
100
324
117
129
602
715
638
101
221
457
925
567
148
127
391
180
641
653
720
944
666
316
527
412
449
415
701
874
805
525
773
417
292
609
440
441
828
141
610
452
300
920
208
933
989
271
343
614
483
550
380
648
652
851
639
667
185
336
376
401
376
312
652
897
237
146
500
259
502
646
296
992
627
627
287
992
922
857
845
303
471
423
572
450
503
910
115
970
421
800
643
952
900
0
355
653
971
902
403
726
194
108
304
569
177
618
415
774
672
816
366
541
594
423
231
420
156
905
512
861
322
740
325
138
861
155
580
369
365
346
641
475
285
898
285
853
163
399
138
315
726
334
969
361
406
188
322
109
930
864
171
435
723
820
364
419
507
218
683
158
286
787
321
551
829
294
664
868
766
903
838
379
698
489
824
987
718
734
165
616
379
626
921
530
896
939
691
280
798
797
337
141
515
355
0
478
192
907
670
837
795
177
495
896
639
346
360
601
757
377
910
639
809
520
536
935
712
231
477
523
235
269
531
869
754
823
909
881
427
545
476
209
503
440
208
512
502
294
689
541
101
769
781
259
190
155
794
290
795
142
801
222
741
601
772
977
496
957
101
647
716
257
429
831
952
900
482
913
508
629
387
185
126
107
294
252
769
359
512
876
874
659
479
619
430
356
803
116
227
279
219
544
128
653
478
0
754
296
225
382
141
834
503
338
109
126
982
635
403
901
520
787
654
379
690
564
354
888
631
497
954
318
376
149
320
119
590
544
458
416
768
101
372
597
356
843
566
481
338
535
385
377
521
444
394
524
207
702
132
700
902
393
906
911
434
742
571
729
121
644
653
973
288
411
469
222
204
650
360
271
801
261
245
202
150
360
323
342
790
650
730
426
745
165
904
735
989
676
908
895
675
788
832
971
192
754
0
215
828
725
164
269
969
142
606
570
325
734
912
641
362
783
239
532
361
553
734
518
112
911
682
226
989
464
712
741
937
538
948
797
291
116
667
917
760
504
323
145
800
723
106
335
666
198
937
338
145
937
786
654
189
836
222
191
209
577
888
203
931
895
504
378
729
784
745
367
991
767
231
540
428
958
516
923
806
965
710
471
387
276
993
682
106
992
675
459
352
339
843
853
327
782
811
902
907
296
215
0
100
778
358
738
313
278
382
981
285
462
812
385
649
726
423
739
793
137
571
141
319
811
373
886
942
903
954
771
842
572
916
822
325
647
565
801
664
748
292
666
467
224
430
315
662
339
633
920
877
213
766
574
322
997
651
542
717
355
195
831
571
477
342
832
205
618
917
367
976
408
417
278
805
118
332
553
915
315
360
685
788
858
160
361
121
782
798
612
941
434
945
575
753
686
373
403
670
225
828
100
0
493
381
261
255
498
106
305
571
790
997
987
628
626
475
821
434
163
388
721
139
225
558
832
695
855
674
120
904
720
283
259
846
119
376
760
355
525
405
985
492
853
447
653
837
594
273
115
429
242
305
297
938
555
154
263
533
687
990
562
305
261
983
170
690
804
992
782
443
841
387
880
111
824
954
599
468
302
242
455
284
640
749
246
555
237
403
571
218
422
834
678
771
813
420
726
837
382
725
778
493
0
793
250
342
360
223
689
754
926
440
443
748
112
189
145
895
515
996
277
575
663
369
155
314
342
465
365
335
957
632
942
709
159
143
207
999
386
532
940
775
568
999
569
769
849
423
235
687
746
619
528
279
799
626
498
867
117
442
983
547
563
993
235
215
463
768
952
927
314
415
934
931
871
591
410
807
424
678
306
571
367
351
665
855
865
405
232
759
905
549
173
861
837
100
194
795
141
164
358
381
793
0
265
808
351
475
128
419
481
680
721
629
719
975
589
702
461
194
183
335
587
370
353
603
405
337
688
917
576
823
874
161
406
354
301
283
129
915
179
470
973
642
508
270
899
656
947
706
397
578
656
738
678
213
490
305
310
525
367
354
385
669
179
876
417
112
112
501
922
321
615
586
957
222
394
714
877
713
502
267
154
574
260
877
751
377
437
789
344
799
160
829
559
324
108
177
834
269
738
261
250
265
0
973
884
317
132
373
664
766
985
869
283
331
707
874
386
106
855
611
982
853
564
484
769
681
774
827
665
750
149
769
281
741
492
793
922
330
370
864
327
455
236
891
864
742
973
670
327
642
969
226
871
660
730
412
712
413
179
619
335
586
818
185
211
616
865
875
519
546
549
642
762
192
546
349
394
565
385
937
128
191
632
365
389
348
540
370
652
808
304
900
847
117
304
495
503
969
313
255
342
808
973
0
