0
934
906
994
507
881
635
809
821
561
562
518
792
888
624
921
734
653
794
648
959
876
662
681
988
918
831
834
523
562
818
656
606
803
530
970
724
771
908
599
888
570
848
797
893
900
861
940
950
746
562
524
914
877
945
886
732
670
856
942
521
970
812
783
549
994
724
674
784
637
509
980
545
714
716
950
783
806
524
825
712
798
842
820
899
582
681
890
864
903
640
996
661
659
524
711
622
944
804
972
934
0
542
734
868
936
779
519
919
805
908
641
885
769
666
551
615
711
720
547
927
568
984
666
621
599
934
569
867
556
851
961
852
813
665
506
923
838
859
502
890
714
688
779
801
539
842
590
544
911
595
515
694
504
509
756
588
742
908
594
988
889
537
798
619
882
661
856
788
881
686
543
981
801
591
989
741
613
953
621
556
907
849
713
725
771
701
893
686
568
577
875
949
970
520
992
929
542
513
902
906
542
0
599
917
745
726
677
927
516
752
606
691
749
991
512
513
890
750
626
691
776
584
763
786
542
593
604
612
679
584
986
828
809
796
980
519
871
584
870
973
857
683
903
636
968
774
984
673
702
789
980
986
965
924
653
726
625
924
600
593
612
680
657
822
514
836
581
894
642
821
962
934
718
796
506
867
672
535
841
823
816
619
593
724
658
632
811
999
758
936
864
609
500
922
824
986
831
652
984
994
734
599
0
678
728
636
503
970
802
775
515
880
905
914
587
749
613
620
800
517
845
692
847
891
513
925
969
855
541
818
611
823
980
898
743
769
915
683
802
690
560
554
872
811
735
802
537
857
634
842
996
748
707
765
541
796
841
962
581
806
568
905
674
617
979
874
853
757
570
753
510
657
597
745
692
949
703
509
675
965
746
648
834
811
750
810
534
993
740
563
526
780
507
765
589
808
837
688
540
507
868
917
678
0
690
767
583
585
800
968
851
629
526
612
950
672
799
586
654
871
765
900
580
659
996
850
809
972
992
794
851
772
835
581
709
924
797
638
728
693
586
575
775
874
673
690
814
626
999
738
678
830
773
638
882
807
770
993
986
819
616
913
642
777
557
547
760
806
818
905
706
680
521
556
508
669
838
884
759
732
653
794
858
678
867
883
569
589
709
656
930
978
951
690
638
511
896
880
944
881
936
745
728
690
0
714
641
855
830
885
816
880
993
674
891
767
697
877
684
520
514
583
961
910
817
916
967
597
517
904
865
531
549
643
608
663
516
693
925
730
518
642
989
890
730
565
941
873
803
598
685
663
683
948
962
922
951
669
643
888
541
766
596
766
944
855
942
510
804
696
613
829
903
634
803
717
649
629
633
987
580
765
585
921
904
559
981
661
777
865
829
751
753
675
593
849
975
945
660
635
779
726
636
767
714
0
847
891
886
952
581
809
931
644
924
506
690
933
689
584
582
778
681
589
784
994
615
596
567
880
831
773
973
827
520
880
747
581
863
866
613
531
661
853
948
572
994
848
852
628
602
932
650
909
625
731
644
835
816
982
857
996
990
994
881
556
816
511
703
757
963
838
995
822
748
659
947
954
951
695
528
932
528
603
589
567
788
925
913
806
758
923
597
750
678
834
822
868
711
809
519
677
503
583
641
847
0
556
835
645
574
621
666
607
929
992
818
605
861
626
543
516
545
712
516
814
935
897
605
862
719
707
740
962
696
666
574
864
506
863
778
901
855
700
896
953
901
626
993
994
568
730
901
711
843
954
835
707
753
765
851
529
637
691
731
728
661
973
835
704
512
583
637
962
970
997
610
521
789
970
611
568
990
835
841
863
659
833
882
612
558
823
672
885
751
605
680
726
982
821
919
927
970
585
855
891
556
0
642
891
644
703
756
884
794
571
822
502
841
587
877
602
788
594
587
543
810
967
866
988
718
970
951
796
501
646
736
860
657
940
858
707
993
536
662
666
635
819
869
990
677
702
584
600
599
593
670
774
779
865
835
742
778
977
890
920
776
839
508
776
558
832
551
798
719
722
522
540
796
961
798
890
769
819
897
512
870
914
639
598
615
685
659
767
964
976
668
763
680
561
805
516
802
800
830
886
835
642
0
955
712
916
948
812
820
624
937
934
926
629
665
981
886
942
507
882
620
540
828
872
803
596
723
725
830
829
730
848
983
778
522
676
798
833
884
586
618
507
593
644
902
768
534
863
917
844
507
569
856
809
619
897
666
779
881
914
694
623
713
837
650
909
590
605
637
535
770
926
891
953
974
994
723
540
981
504
827
793
645
569
537
772
616
904
742
584
819
522
654
562
908
752
775
968
885
952
645
891
955
0
735
598
717
858
881
614
510
745
756
706
850
985
584
951
504
854
662
728
613
727
619
635
735
628
670
823
707
974
789
968
752
692
848
639
721
697
531
821
624
950
979
853
633
826
598
846
978
519
839
890
670
970
847
540
926
789
509
587
972
863
626
786
946
616
645
859
670
864
857
933
890
912
688
697
899
517
746
759
749
657
535
561
891
566
876
608
913
695
959
518
641
606
515
851
816
581
574
644
712
735
0
636
851
783
643
971
783
626
843
968
747
769
669
892
796
978
524
556
520
944
525
514
517
899
659
913
575
747
946
960
617
849
775
507
799
780
696
690
816
710
769
826
879
906
906
667
721
999
559
684
895
548
687
749
814
954
774
989
892
851
501
556
763
715
908
834
544
989
779
685
945
752
923
593
739
582
965
743
502
693
656
586
989
674
688
797
947
817
694
792
885
691
880
629
880
809
621
703
916
598
636
0
925
839
624
620
799
581
583
915
520
684
880
648
752
745
905
549
555
739
798
540
528
798
683
943
997
676
939
988
955
514
764
815
948
924
768
669
805
547
795
715
628
555
768
747
653
746
613
936
909
907
727
982
756
738
506
796
597
871
764
958
965
884
897
640
786
571
734
883
665
938
661
819
873
671
730
900
947
863
992
647
818
799
594
743
976
638
779
888
769
749
905
526
993
931
666
756
948
717
851
925
0
963
589
726
830
687
952
575
833
818
818
752
880
812
612
727
667
806
914
993
862
775
605
803
808
583
780
563
996
830
601
687
543
509
546
659
979
836
539
958
584
597
586
743
917
704
937
728
811
992
629
943
865
528
906
588
664
676
969
777
947
709
753
873
563
853
691
826
660
719
823
500
942
593
893
758
744
621
728
709
592
800
578
602
558
645
728
624
666
991
914
612
674
644
607
884
812
858
783
839
963
0
836
995
762
509
854
713
513
746
826
519
663
904
665
648
674
687
765
613
760
970
615
693
993
983
953
918
942
695
680
615
744
955
501
739
618
948
581
609
521
747
685
669
591
794
688
691
523
651
612
977
625
911
829
792
920
916
617
635
740
781
605
975
514
824
916
575
505
772
820
570
607
818
649
689
731
840
784
913
717
770
741
661
721
608
597
921
551
512
587
950
891
924
929
794
820
881
643
624
589
836
0
868
500
599
559
963
599
517
954
905
519
874
880
672
722
977
947
938
586
925
777
541
989
536
532
601
730
613
714
544
900
803
932
739
905
600
999
573
519
945
577
598
614
842
959
575
751
552
694
806
571
671
648
821
737
997
546
525
909
899
973
668
594
830
867
918
735
581
787
662
694
994
809
634
806
903
624
517
695
642
655
720
669
861
986
734
615
513
749
672
767
506
992
571
624
614
971
620
726
995
868
0
534
910
957
745
801
723
537
512
631
787
810
938
806
984
950
705
536
656
693
563
700
514
778
860
650
989
651
822
836
773
587
961
760
985
561
741
637
806
531
997
946
848
535
595
764
685
708
700
898
974
955
724
984
719
877
998
654
735
524
644
530
930
849
935
853
701
622
563
513
792
888
552
552
867
850
998
717
800
755
586
617
564
830
653
711
890
613
799
697
690
818
822
937
510
783
799
830
762
500
534
0
508
808
865
791
919
773
715
850
863
806
725
706
809
809
617
862
612
995
719
892
851
959
638
740
810
857
735
716
783
886
991
682
951
711
864
594
962
924
718
962
588
692
502
665
981
889
637
775
598
762
924
761
853
988
947
974
736
584
585
828
939
596
786
736
973
744
902
747
629
688
555
791
545
664
677
510
653
791
753
878
969
856
794
720
750
620
586
877
933
605
502
934
745
626
581
687
509
599
910
508
0
740
971
663
983
735
961
811
910
907
817
651
678
785
858
587
859
540
905
846
512
684
961
712
927
529
931
627
920
780
534
963
522
770
656
670
843
997
941
596
556
667
530
694
677
601
684
949
674
913
699
700
779
670
586
556
587
983
906
687
683
985
609
745
787
793
592
517
952
694
829
679
946
881
550
980
992
911
809
917
579
735
648
547
626
800
654
684
689
861
841
926
756
843
583
952
854
559
957
808
740
0
598
739
830
628
858
879
734
503
529
660
817
847
604
581
726
750
697
690
998
829
821
953
909
627
811
664
867
602
657
709
596
679
904
501
553
890
531
593
544
609
533
983
661
558
988
590
508
757
616
791
676
840
621
666
973
916
770
504
523
777
509
637
521
721
724
737
630
842
950
548
655
776
621
566
680
861
722
576
770
778
959
927
691
517
871
520
584
626
587
629
706
968
915
575
713
963
745
865
971
598
0
727
560
996
688
760
975
863
669
639
711
683
508
707
628
640
758
902
948
890
643
931
690
756
981
775
830
938
826
584
823
812
892
844
782
675
936
557
827
699
845
578
959
811
864
550
538
631
682
959
863
733
575
804
553
553
722
535
880
908
836
694
706
700
833
910
787
948
663
958
556
810
634
650
577
610
805
608
971
584
876
568
776
845
765
514
582
543
877
665
850
747
520
833
513
599
801
791
663
739
727
0
689
795
569
672
599
916
807
761
984
694
673
872
905
716
572
771
755
616
748
544
881
703
580
666
980
660
953
697
787
762
600
754
869
976
895
949
679
818
795
735
722
684
947
826
933
697
808
750
623
507
784
856
668
883
928
598
604
953
522
567
643
803
875
958
528
851
881
873
640
726
663
728
614
504
697
534
632
607
662
984
584
692
900
583
778
516
602
981
985
769
684
818
746
517
723
919
983
830
560
689
0
564
576
725
872
589
925
795
821
511
684
851
748
751
557
774
877
711
832
785
815
992
924
707
819
642
608
979
548
615
650
895
523
601
961
717
928
897
589
658
781
736
988
649
746
838
924
759
711
663
784
678
635
815
914
509
595
595
795
968
574
965
894
954
773
884
870
562
678
617
820
740
692
997
965
915
728
859
681
666
763
847
580
961
681
545
788
886
584
669
880
818
826
954
537
773
735
628
996
795
564
0
825
974
703
879
814
880
607
715
972
923
591
985
746
802
935
919
545
705
931
973
789
594
945
517
949
538
539
650
841
729
814
586
785
632
879
807
702
824
737
718
814
617
507
700
704
817
949
680
948
807
772
620
729
905
574
539
706
732
946
640
794
703
990
827
504
689
615
758
842
558
842
659
934
984
574
796
988
621
786
891
659
910
589
712
594
942
951
892
648
752
519
905
512
715
961
858
688
569
576
825
0
675
532
934
793
684
823
627
690
599
540
960
649
995
916
792
859
802
931
947
806
868
607
779
705
638
587
526
592
776
763
584
723
996
930
538
544
807
646
685
869
777
833
572
777
888
821
863
632
906
560
538
566
605
508
523
828
688
816
840
841
841
684
576
505
974
628
980
776
650
795
550
711
876
910
705
918
599
542
513
996
817
784
516
587
507
504
796
752
880
663
519
631
850
811
879
760
672
725
974
675
0
527
504
833
620
519
583
645
631
781
811
696
568
627
696
782
709
819
737
852
576
551
712
526
772
588
986
817
968
947
704
675
618
614
854
550
513
551
887
703
799
731
736
788
670
888
838
618
654
963
882
939
893
830
694
662
918
561
741
733
797
614
878
607
510
676
697
723
618
949
790
989
845
930
951
831
934
593
925
850
916
994
814
543
882
854
978
745
812
904
874
787
863
910
734
975
599
872
703
532
527
0
650
720
811
699
998
648
801
978
976
799
544
855
528
525
855
784
717
546
716
546
740
866
919
720
501
714
718
616
982
597
990
699
756
908
969
698
846
793
792
896
625
854
838
717
993
649
503
563
586
523
677
808
979
742
777
747
809
795
667
568
775
611
714
750
959
925
634
696
817
962
542
935
563
834
569
604
969
809
967
615
935
810
620
662
524
905
612
665
880
810
806
907
503
863
916
589
879
934
504
650
0
921
610
903
614
532
548
613
881
622
697
902
918
801
824
956
806
718
844
850
721
541
515
902
563
799
958
818
656
579
853
909
594
660
852
896
655
754
781
828
877
896
910
561
539
829
698
548
741
619
921
949
629
607
642
911
507
759
663
970
718
727
776
593
721
879
809
693
683
842
971
629
751
523
867
612
855
972
597
596
897
967
540
728
556
549
727
648
672
938
725
817
529
669
807
925
814
793
833
720
921
0
817
702
589
768
915
811
746
830
822
858
867
846
834
612
937
782
881
949
596
929
765
502
987
820
779
780
567
852
893
776
961
683
932
942
567
638
696
633
900
667
603
708
852
808
968
540
834
950
708
614
789
919
901
851
798
592
710
815
854
560
905
841
767
822
539
898
973
935
521
775
509
562
556
679
541
992
517
567
605
866
828
613
520
555
667
674
722
806
706
651
660
639
761
795
880
684
620
811
610
817
0
567
726
753
787
769
905
682
544
799
563
686
536
526
575
813
796
964
771
975
838
509
909
606
796
755
795
872
618
957
609
815
850
862
839
834
828
666
599
756
504
912
623
860
631
896
583
774
704
775
657
633
548
996
867
925
579
709
760
814
971
570
546
798
836
672
547
580
592
859
566
818
851
584
818
794
904
880
862
988
872
727
944
739
806
687
977
984
809
678
817
711
984
821
607
823
519
699
903
702
567
0
878
580
712
940
815
779
834
848
673
966
940
503
944
770
892
507
916
879
840
974
745
846
728
579
766
801
526
870
972
962
512
889
987
892
617
908
845
503
795
935
744
972
735
936
731
817
655
923
598
937
982
930
976
881
965
817
867
725
897
566
892
633
911
575
666
602
747
995
559
656
961
986
611
851
865
831
719
718
803
619
525
798
914
765
947
950
809
785
847
683
694
511
715
627
583
998
614
589
726
878
0
943
969
762
934
666
509
504
984
734
743
902
956
943
816
833
943
762
669
982
988
732
876
524
664
774
779
820
672
871
852
905
909
688
909
740
908
872
738
530
584
835
711
551
540
601
766
661
955
821
564
744
896
680
921
537
839
857
664
910
682
859
572
741
588
642
877
816
725
606
852
828
823
772
531
773
707
970
596
635
514
540
993
613
938
705
617
858
604
508
673
684
972
690
645
648
532
768
753
580
943
0
618
577
864
999
918
941
532
724
810
938
551
589
851
636
633
758
717
843
578
957
809
708
848
557
533
721
973
728
635
805
542
552
516
863
977
859
752
603
689
645
992
548
826
957
505
974
874
727
829
975
566
962
733
612
739
907
708
795
776
956
957
649
696
971
896
642
607
803
813
809
980
835
549
973
740
951
723
735
517
528
862
760
586
536
862
587
581
707
872
851
923
599
631
801
548
915
787
712
969
618
0
635
732
554
621
656
704
587
568
732
554
567
732
524
575
699
677
604
610
871
949
804
569
860
680
531
519
602
633
708
732
902
902
750
979
588
694
861
503
730
575
710
577
742
925
705
826
926
569
916
508
850
763
579
962
837
852
736
845
694
680
763
852
899
672
984
515
530
665
796
898
581
643
827
962
796
725
628
899
798
775
970
925
656
612
859
726
628
905
748
591
540
781
978
613
811
769
940
762
577
635
0
946
791
999
531
854
812
580
974
707
886
693
552
647
893
634
751
858
615
803
960
531
899
672
904
909
536
582
822
511
729
914
776
739
567
556
899
758
847
792
680
653
784
694
871
696
966
731
680
796
949
902
838
801
911
515
648
706
672
644
637
839
601
641
737
668
970
506
980
743
709
608
520
696
501
830
670
659
683
605
615
777
693
995
540
750
640
716
751
985
960
811
976
881
746
905
815
934
864
732
946
0
914
511
847
738
929
907
949
602
574
567
955
568
527
569
519
912
720
609
802
603
838
800
781
746
886
850
584
534
624
900
915
517
544
989
964
666
614
574
776
997
916
889
654
972
695
722
592
771
723
640
654
652
671
710
846
515
972
880
505
664
526
577
866
762
724
923
519
769
924
663
880
666
646
829
823
913
943
803
693
541
563
719
905
697
758
572
557
746
649
696
799
622
830
682
779
666
999
554
791
914
0
783
744
603
658
566
503
669
626
600
777
701
835
883
878
714
755
507
742
847
834
612
894
642
560
687
947
803
984
631
975
798
955
551
728
859
659
915
617
560
737
895
921
893
525
837
636
935
657
548
937
508
843
883
802
756
695
580
885
750
706
519
850
524
771
838
871
915
797
516
747
574
736
730
707
575
997
808
993
989
700
892
846
690
902
771
774
802
995
568
544
697
822
544
834
509
918
621
999
511
783
0
547
681
752
599
669
940
725
833
936
842
958
668
602
587
656
799
980
800
922
909
995
734
647
902
819
655
784
676
932
759
976
714
745
585
559
692
944
523
521
957
767
658
865
912
570
929
525
691
689
539
692
513
739
895
744
602
857
805
701
605
657
577
908
859
584
683
638
693
581
864
860
848
974
747
676
583
983
536
514
851
512
998
948
755
877
935
916
627
855
902
858
799
848
504
941
656
531
847
744
547
0
803
821
710
582
517
921
952
609
775
969
716
742
706
887
899
738
684
800
552
788
818
739
992
832
598
886
726
661
647
998
821
906
811
565
787
963
829
523
657
573
581
730
810
519
684
608
624
602
829
735
747
662
925
931
679
649
980
741
580
524
733
599
502
870
802
728
925
863
506
657
983
789
946
939
780
953
532
778
959
684
829
890
616
711
919
792
696
528
918
867
563
673
984
532
704
854
738
603
681
803
0
753
820
594
600
825
515
746
917
511
890
620
586
672
908
745
877
788
919
815
516
649
583
712
516
922
923
644
548
934
933
725
660
616
974
903
936
628
746
867
546
510
546
686
865
636
608
974
553
714
638
798
949
830
738
797
836
957
925
566
856
888
890
973
690
693
730
866
863
940
778
968
960
988
563
918
601
860
638
961
821
643
748
832
545
859
782
525
801
846
686
966
734
724
587
812
929
658
752
821
753
0
780
564
620
936
903
909
803
553
817
964
937
953
708
830
970
655
656
880
752
960
839
851
589
861
637
888
642
557
679
545
528
938
695
534
638
837
861
788
922
610
996
950
859
635
760
828
560
617
759
956
932
722
602
734
778
764
849
553
862
570
714
857
560
586
518
613
778
858
522
752
617
955
996
942
730
650
740
712
953
931
544
785
705
802
709
855
824
834
536
940
743
810
568
580
907
566
599
710
820
780
0
568
996
814
710
637
746
676
900
967
527
766
991
566
676
609
807
561
568
841
640
631
541
680
867
890
718
891
893
800
792
655
638
905
954
653
831
682
847
651
920
552
700
785
640
552
696
536
826
870
849
726
892
616
607
836
858
750
998
848
688
683
554
575
642
531
901
707
676
692
849
514
830
695
613
989
810
927
909
690
881
815
931
931
819
784
956
612
526
503
902
938
732
974
949
503
669
582
594
564
568
0
549
766
535
784
810
985
827
722
572
854
738
918
591
842
929
872
802
613
899
787
764
842
506
867
579
799
854
924
789
878
708
506
910
996
650
533
946
907
707
526
955
999
681
605
663
715
625
954
842
881
925
778
561
683
882
550
636
797
779
903
872
775
989
661
855
993
798
848
775
764
601
680
714
651
857
529
627
756
703
992
973
947
737
717
806
937
575
944
956
551
554
707
602
669
940
517
600
620
996
549
0
544
894
821
692
814
774
599
845
977
560
954
705
951
829
808
534
576
804
784
976
823
580
931
823
810
895
551
566
890
770
937
643
712
741
646
930
826
800
599
823
564
698
873
716
926
900
931
782
632
730
693
752
843
816
517
924
893
801
636
811
874
890
853
700
536
833
639
507
815
687
615
544
822
735
931
811
981
580
924
789
806
852
546
718
782
813
770
943
589
567
886
574
626
725
921
825
936
814
766
544
0
939
813
776
540
747
643
952
562
970
667
800
776
776
620
612
879
871
861
983
984
834
929
992
703
951
541
649
850
967
806
972
814
578
970
590
735
934
858
943
600
572
943
884
776
672
989
829
863
527
703
819
544
753
843
566
900
539
968
735
673
730
948
896
662
884
721
799
948
543
744
900
836
716
627
664
775
666
707
594
868
576
716
844
881
796
892
816
851
732
693
567
600
833
952
515
903
710
535
894
939
0
698
955
532
661
692
683
977
886
595
861
725
587
949
908
887
786
500
891
612
611
767
679
622
790
800
558
548
864
606
558
795
909
801
713
541
858
532
683
975
873
597
775
850
907
972
566
859
835
586
941
641
539
856
724
861
842
774
802
690
565
572
953
666
586
697
780
924
509
955
803
773
783
920
867
830
980
819
945
607
551
546
850
949
964
507
833
636
524
552
955
777
936
609
746
909
637
784
821
813
698
0
764
747
571
555
742
936
681
555
694
601
604
629
554
699
638
541
915
699
805
878
501
509
961
514
688
902
682
584
735
723
622
690
646
814
746
810
577
921
827
744
715
938
636
585
734
839
614
544
817
606
850
706
673
940
590
984
537
814
941
994
901
635
618
531
696
768
546
501
932
587
886
780
602
938
660
642
517
779
712
740
721
596
771
916
943
633
575
647
568
701
842
775
917
803
746
810
692
776
955
764
0
598
598
890
519
868
823
906
768
961
708
922
856
758
544
944
664
841
708
622
630
976
862
647
681
579
632
924
725
770
812
512
985
948
988
654
908
703
677
775
600
518
832
693
926
971
958
603
922
737
714
917
620
950
544
673
857
626
873
848
626
819
507
821
690
669
659
739
739
961
991
534
657
826
953
608
949
705
526
866
541
929
975
879
762
758
699
893
527
835
958
969
511
553
676
985
814
540
532
747
598
0
501
783
856
729
929
830
666
787
559
887
828
790
636
990
688
786
930
793
954
510
942
793
993
830
739
822
690
974
732
628
910
845
669
869
703
639
555
508
619
796
656
776
577
707
630
711
752
769
853
953
686
746
911
702
634
999
803
852
993
869
593
624
816
805
979
618
905
760
682
963
709
584
697
979
538
638
772
919
515
765
838
840
669
717
677
634
569
883
668
716
890
817
900
827
774
747
661
571
598
501
0
750
987
687
827
687
812
553
717
853
970
638
997
593
733
973
506
978
962
922
819
990
991
937
645
809
809
969
801
586
737
501
509
945
924
693
636
976
765
550
801
735
550
855
571
718
994
898
753
578
767
562
595
789
842
738
598
628
994
990
644
950
710
547
836
948
600
985
951
522
596
823
787
548
539
587
588
720
902
502
509
974
982
843
604
751
519
878
602
742
620
964
967
722
599
643
692
555
890
783
750
0
955
574
667
534
740
924
750
579
620
895
848
728
812
933
801
813
761
755
734
502
557
560
612
941
976
526
820
886
601
741
897
740
764
985
632
952
934
930
558
835
880
815
731
594
598
757
858
996
897
524
515
980
996
678
685
602
568
677
902
979
769
795
539
581
999
561
711
770
679
812
762
615
650
526
986
501
563
987
909
745
988
578
610
858
912
714
587
706
586
937
527
572
845
952
683
742
519
856
987
955
0
539
921
981
805
694
816
913
894
512
767
543
561
999
551
670
529
565
682
643
682
551
625
828
553
909
701
587
574
713
709
791
640
692
944
537
780
804
503
543
955
664
514
936
607
585
691
762
881
914
694
986
748
830
663
932
730
702
768
853
826
715
958
609
573
741
864
656
904
892
600
650
841
592
817
714
799
820
606
846
732
957
871
615
720
755
656
887
672
953
766
854
977
562
977
936
868
729
687
574
539
0
623
679
840
534
984
803
984
634
807
534
546
570
624
815
764
524
956
841
836
931
686
993
665
943
773
538
748
594
528
593
869
999
853
795
931
876
771
986
632
617
639
947
988
726
697
920
967
877
504
965
707
773
683
650
901
584
534
633
879
628
584
521
519
637
594
670
501
844
754
895
729
776
968
718
958
779
796
728
876
809
949
803
609
507
799
899
908
708
991
738
560
970
886
681
823
929
827
667
921
623
0
633
841
518
540
616
987
560
566
601
533
520
813
805
945
682
948
964
658
952
678
605
732
540
844
760
704
823
505
537
715
988
621
777
882
664
573
831
564
956
539
806
702
646
925
748
559
945
509
924
765
638
948
909
711
600
863
826
906
555
597
747
945
806
962
843
553
782
869
523
814
763
947
616
818
780
755
579
524
708
804
960
802
742
980
738
745
830
566
918
954
667
595
555
906
830
687
534
981
679
633
0
567
759
825
933
750
676
700
760
960
693
863
944
734
762
940
736
641
555
947
972
677
727
532
626
650
676
781
518
854
910
869
887
976
881
642
815
594
577
684
636
996
891
755
758
516
886
756
653
541
882
962
625
843
599
917
598
906
768
586
685
577
531
924
997
890
675
976
601
586
584
704
982
656
567
795
766
664
848
569
531
603
847
800
684
877
970
676
591
705
800
861
694
768
666
812
740
805
840
841
567
0
935
622
810
673
554
697
607
921
598
816
822
641
908
572
576
807
703
882
944
754
573
985
803
950
518
542
552
858
641
886
679
899
990
944
936
741
778
550
864
846
956
653
851
773
732
588
726
796
807
922
731
954
593
844
846
667
747
743
669
598
997
718
941
531
936
895
961
785
723
675
597
579
852
872
801
774
557
860
899
838
834
922
800
788
655
609
842
951
776
725
601
961
787
553
924
694
534
518
759
935
0
846
697
927
981
857
642
839
687
578
973
983
705
548
967
824
898
648
588
997
980
930
947
563
974
666
968
796
648
505
590
789
963
632
735
844
844
856
694
900
607
752
529
996
670
742
625
841
770
951
644
835
670
507
978
721
653
917
591
614
946
962
596
593
557
949
717
632
996
618
990
853
893
618
526
779
533
680
672
800
612
909
552
919
656
807
929
829
776
587
604
708
559
717
750
816
984
540
825
622
846
0
898
742
624
500
719
612
503
712
569
777
992
716
605
818
901
519
795
739
598
509
540
730
694
538
613
961
636
761
745
942
588
540
999
577
873
789
577
923
640
709
593
838
856
908
924
962
993
669
835
707
774
569
519
999
746
704
794
842
848
588
556
544
827
679
928
879
930
614
699
909
776
957
870
820
721
531
904
781
894
995
788
815
880
561
872
808
620
949
629
922
887
853
579
913
803
616
933
810
697
898
0
658
769
667
768
694
806
858
823
571
866
683
936
590
971
710
509
744
627
670
985
743
800
837
764
820
800
550
513
935
583
973
606
946
755
613
835
546
523
534
628
576
942
594
600
581
986
643
816
753
779
856
839
559
613
937
688
959
535
692
667
609
699
818
897
807
538
854
756
594
961
609
972
672
973
519
909
746
642
734
818
516
752
568
802
534
612
908
554
856
828
970
620
894
984
987
750
673
927
742
658
0
649
618
819
768
541
752
565
912
726
640
907
839
715
558
682
980
894
636
642
709
873
654
987
996
673
919
582
636
836
841
812
657
564
955
927
599
638
900
530
520
521
988
593
806
819
888
982
765
865
809
890
684
936
728
691
575
595
502
530
533
845
795
589
702
544
550
908
660
683
815
962
871
728
602
536
886
560
647
739
649
960
841
613
576
879
887
699
758
790
638
895
512
634
560
676
554
981
624
769
649
0
772
917
596
665
633
965
867
614
539
615
941
733
810
694
910
965
695
768
571
801
786
898
569
683
774
780
771
753
507
546
848
758
667
724
967
683
992
756
992
970
889
612
568
616
541
857
851
835
619
670
895
909
811
523
751
764
665
694
983
578
735
658
824
807
513
969
852
932
850
512
852
635
633
582
850
687
902
992
583
839
640
899
804
871
786
638
544
636
997
848
767
807
566
700
697
857
500
667
618
772
0
767
764
862
799
657
717
605
694
917
932
672
832
538
577
554
536
940
714
870
678
648
958
998
797
542
882
772
623
755
534
576
664
977
757
607
876
647
958
812
537
680
905
913
766
996
529
742
897
970
548
907
992
651
552
685
981
677
661
959
722
781
737
646
551
698
896
942
862
889
905
805
708
822
584
947
819
832
712
851
631
787
784
861
500
541
944
990
593
728
543
534
601
760
607
642
719
768
819
917
767
0
855
990
769
991
664
969
865
633
871
875
571
905
684
993
960
988
819
544
672
798
998
657
917
661
871
587
701
517
886
683
835
705
803
531
896
905
872
783
798
657
674
642
596
990
637
778
666
847
687
727
629
612
694
708
889
601
558
811
684
736
718
685
887
846
655
567
839
987
909
542
732
511
534
803
655
598
516
589
541
764
976
983
891
915
664
688
733
812
561
546
533
960
921
839
612
694
768
596
764
855
0
684
746
840
575
939
753
589
571
981
678
981
824
615
731
654
827
971
705
957
627
734
959
941
524
852
634
938
513
903
986
766
542
804
669
981
622
549
619
822
617
777
766
994
691
977
779
540
749
982
943
977
806
700
637
684
988
864
947
988
814
869
703
793
754
638
834
892
688
552
902
729
624
984
784
886
922
861
680
842
823
984
612
699
841
786
973
933
999
570
520
693
598
687
503
806
541
665
862
990
684
0
843
929
963
786
529
546
823
959
589
536
824
835
741
917
610
565
885
928
788
512
575
998
688
811
554
976
794
829
885
591
980
844
693
833
873
994
882
514
979
557
944
881
731
890
881
926
814
756
865
625
571
898
775
949
590
550
826
649
617
777
799
792
781
696
828
617
909
516
902
914
900
631
676
726
923
637
867
506
580
834
611
805
708
930
506
801
551
624
813
863
816
578
712
858
752
633
799
769
746
843
0
668
765
756
979
780
624
500
635
953
880
590
681
749
730
679
666
547
632
666
623
757
804
932
644
557
670
570
753
576
874
509
854
858
835
724
661
836
874
547
855
556
728
920
914
789
954
738
528
911
671
974
598
674
508
538
933
746
507
833
731
896
828
633
666
908
740
863
750
776
915
975
932
661
644
888
890
867
931
929
767
878
622
793
978
813
670
815
805
944
822
973
569
823
565
965
657
991
840
929
668
0
815
582
611
910
839
904
539
855
908
764
871
870
660
797
698
546
682
970
924
872
575
764
997
901
708
740
994
901
561
608
704
675
847
674
856
581
853
760
942
816
661
776
694
509
774
506
906
829
648
955
762
913
757
631
697
838
700
572
736
625
877
900
599
845
908
977
979
739
517
798
759
647
548
642
718
579
823
992
679
501
630
954
962
761
529
764
945
734
641
983
777
571
912
867
717
664
575
963
765
815
0
802
808
636
845
919
773
583
632
538
938
600
541
770
607
982
919
841
628
636
710
869
697
919
832
682
568
565
800
714
730
560
774
784
788
894
757
806
510
511
973
839
623
587
989
796
588
792
821
724
924
699
616
682
808
924
704
777
788
854
896
667
756
503
872
859
588
567
544
955
976
998
934
557
891
799
810
703
622
509
976
510
922
755
565
524
682
762
908
705
992
866
726
614
605
969
939
786
756
582
802
0
929
801
683
647
877
857
591
697
745
865
712
913
832
858
557
703
503
896
534
940
867
660
567
988
597
508
803
987
805
589
690
637
881
642
570
818
804
703
835
508
713
972
892
597
664
920
737
984
761
700
791
959
750
759
817
888
670
838
910
603
504
795
738
752
694
556
989
551
714
821
933
679
893
854
895
951
790
961
862
942
819
734
682
956
948
940
572
548
716
683
640
539
694
865
753
529
979
611
808
929
0
968
772
882
851
782
774
936
744
928
698
544
566
603
689
920
916
507
785
966
720
812
533
631
892
997
787
887
931
566
767
509
686
821
753
905
696
757
704
776
837
863
851
871
676
916
997
719
853
779
676
863
623
711
949
821
888
717
561
708
912
935
530
603
861
899
964
728
745
906
725
545
800
924
551
541
800
514
647
793
990
502
643
841
964
736
576
967
605
936
907
615
917
633
589
546
780
910
636
801
968
0
873
845
962
762
953
998
554
646
960
631
920
938
567
639
830
642
686
824
511
978
675
579
650
908
567
552
879
507
655
980
543
962
510
706
613
963
512
558
650
626
501
764
969
617
546
877
988
670
840
733
507
663
680
863
838
993
539
852
623
744
584
689
503
758
666
859
585
811
660
528
792
789
566
649
558
688
681
993
991
557
682
836
658
641
807
824
818
590
839
941
932
871
571
823
624
839
845
683
772
873
0
831
845
930
661
902
935
634
634
778
814
528
754
603
543
799
862
934
567
694
992
988
538
707
588
882
632
759
928
545
981
934
657
680
829
838
583
832
909
786
556
958
777
635
525
998
947
586
621
575
784
784
948
632
618
649
829
808
860
972
835
645
730
847
614
659
559
565
616
938
655
878
890
850
548
902
579
830
937
560
551
931
952
555
703
898
901
971
715
733
672
875
981
959
500
904
919
647
882
845
831
0
992
621
514
502
860
610
774
655
595
716
671
508
748
964
954
652
560
549
513
919
589
918
631
613
718
827
715
714
801
718
597
521
903
995
637
551
590
946
763
965
947
740
909
654
974
556
666
804
856
678
807
906
654
503
698
968
631
735
711
992
575
792
574
915
692
787
974
695
638
708
770
967
864
682
632
739
645
612
625
686
678
947
882
648
519
710
558
810
832
571
678
589
635
539
773
877
851
962
845
992
0
690
561
718
586
515
713
767
981
659
556
628
929
668
952
514
610
807
597
758
631
985
814
982
556
840
557
716
591
796
745
556
634
822
962
798
605
616
715
884
709
781
899
735
736
587
973
553
668
635
772
560
963
563
548
540
896
936
551
548
710
680
776
617
944
963
903
534
905
506
937
806
606
584
924
822
809
941
828
993
605
972
944
588
795
509
682
694
538
905
981
536
953
855
583
857
782
762
930
621
690
0
641
597
557
749
827
868
701
896
961
665
835
813
663
945
955
836
609
834
787
702
966
867
519
965
594
950
989
506
692
508
803
748
970
719
637
645
908
897
753
605
973
524
584
983
916
553
883
815
620
538
882
586
741
834
583
731
540
826
577
653
997
560
523
829
936
638
954
910
643
972
558
735
725
690
809
976
553
665
732
677
754
997
739
744
980
910
577
684
824
824
880
908
632
591
774
953
661
514
561
641
0
546
974
821
569
880
843
540
550
706
737
961
572
510
694
775
945
896
622
731
817
733
743
912
580
783
741
867
949
669
717
659
997
722
535
859
834
640
873
975
668
644
585
906
770
722
928
914
729
566
939
523
619
950
774
817
601
957
742
784
916
737
521
523
628
837
653
996
712
814
795
723
770
974
969
526
909
943
540
727
573
980
598
627
894
965
554
993
615
835
590
764
538
697
936
998
902
502
718
597
546
0
719
710
521
851
928
619
546
571
715
604
747
548
734
831
609
963
893
560
897
828
922
922
847
806
613
672
703
838
649
947
610
522
770
670
544
786
563
514
594
530
828
687
504
535
598
509
905
605
893
677
921
708
704
655
766
505
925
694
889
895
957
657
746
861
831
650
741
578
909
622
812
732
801
820
701
773
844
532
985
930
509
670
636
695
536
960
731
741
681
871
938
745
744
554
935
860
586
557
974
719
0
535
958
824
911
553
799
909
803
504
507
816
601
710
899
737
978
842
524
969
913
664
795
524
953
535
509
884
629
954
521
540
926
864
989
571
853
824
830
930
939
683
523
880
604
595
574
508
830
808
949
614
775
923
661
974
705
871
654
921
767
573
867
788
682
533
646
970
801
690
512
628
586
886
587
538
760
626
803
947
540
985
642
768
940
988
654
917
749
870
600
865
928
646
634
610
515
749
821
710
535
0
567
673
738
708
574
904
891
562
545
728
947
748
689
889
558
597
707
840
892
936
529
825
621
841
675
759
633
951
789
796
891
857
779
734
691
916
867
849
596
985
777
908
953
595
539
523
694
979
629
789
657
598
955
874
826
696
972
893
658
581
546
922
847
946
930
590
713
646
985
910
737
601
574
748
704
650
950
563
730
743
709
571
714
819
827
610
730
660
541
712
698
960
634
774
713
827
569
521
958
567
0
858
982
890
778
839
891
772
800
926
911
604
953
583
867
763
519
500
594
700
637
712
556
823
965
732
987
695
970
961
953
933
685
883
826
575
918
935
786
609
509
836
522
795
706
828
662
742
607
919
633
937
821
727
926
966
695
525
865
730
510
610
651
907
826
735
541
814
948
845
501
741
713
594
823
676
518
974
694
800
873
801
870
544
971
565
679
797
770
913
544
631
778
655
767
868
880
851
824
673
858
0
964
968
553
910
561
711
898
809
895
671
562
817
959
831
915
883
823
556
955
798
907
816
746
653
580
528
611
798
974
890
945
665
660
505
735
853
736
745
637
694
567
968
732
688
918
777
642
901
548
982
564
829
569
731
722
837
912
810
546
996
920
707
800
934
858
746
988
669
509
897
709
528
505
781
542
666
538
837
654
786
678
672
705
885
666
698
607
832
566
920
814
595
981
701
843
928
911
738
982
964
0
978
819
741
993
659
947
660
781
966
887
710
659
946
597
685
712
790
839
842
849
619
648
794
765
932
568
890
994
912
752
938
719
772
581
701
973
787
521
706
643
574
946
816
561
747
911
851
996
930
744
975
916
680
592
636
570
519
686
950
552
526
599
858
532
810
654
869
945
740
791
593
537
518
552
968
613
764
987
898
648
798
957
928
547
546
982
858
603
938
528
716
659
896
540
619
553
708
890
968
978
0
548
736
880
553
996
844
838
869
907
793
961
837
503
848
954
995
581
820
713
593
834
858
585
528
990
769
723
688
923
661
823
820
787
622
744
793
721
700
803
965
640
840
741
809
507
798
867
976
896
566
508
796
771
935
929
684
865
859
700
955
823
943
683
577
908
703
924
764
640
869
715
854
858
796
961
820
996
569
958
998
627
788
632
682
919
557
689
567
754
671
556
961
550
546
799
574
778
553
819
548
0
500
541
855
620
535
534
730
609
959
706
999
625
775
784
855
511
899
725
724
811
678
921
603
835
819
540
697
593
819
500
570
662
563
902
592
724
833
875
894
794
841
733
795
759
592
925
881
680
962
850
949
723
657
525
608
636
635
785
999
564
600
975
921
703
639
693
985
692
999
988
910
641
648
636
800
673
683
998
657
734
512
666
970
841
703
920
639
603
508
628
665
706
571
909
904
839
910
741
736
500
0
891
938
900
892
849
683
516
991
541
779
795
973
763
985
720
582
771
658
750
867
904
589
841
897
981
899
739
873
942
607
694
513
747
517
737
910
958
954
703
841
797
667
663
710
579
965
921
733
763
902
640
548
691
624
608
760
640
681
698
572
873
827
677
555
636
632
944
853
621
869
886
505
761
550
919
774
797
917
959
575
623
924
628
503
916
830
543
748
929
835
737
715
803
891
891
561
993
880
541
891
0
614
848
672
943
725
997
941
714
954
792
655
549
867
668
681
701
632
810
883
559
567
863
512
504
517
582
671
593
818
994
792
629
952
630
787
528
773
990
684
614
568
970
815
709
817
537
612
579
838
654
937
689
602
974
828
552
605
873
943
597
744
775
508
976
952
537
795
777
887
679
590
745
513
582
780
542
661
941
998
757
872
636
896
507
642
799
964
668
813
961
604
504
562
772
711
659
553
855
938
614
0
972
715
694
780
907
574
930
763
733
799
891
523
854
890
893
811
534
569
981
788
659
870
827
746
965
730
893
649
809
888
688
694
842
948
851
884
827
576
878
775
718
854
760
867
839
739
962
801
652
508
539
829
553
560
696
663
716
884
775
715
600
619
765
934
780
931
882
976
899
789
942
935
636
771
882
871
524
688
804
575
710
534
785
686
862
954
952
663
572
747
507
545
800
898
947
996
620
900
848
972
0
950
884
774
517
669
880
648
584
542
910
572
852
864
686
999
993
589
661
925
833
914
793
759
743
900
758
689
634
552
555
829
950
663
881
870
504
505
607
611
727
560
814
725
857
907
837
911
671
843
692
735
714
617
536
715
926
776
850
938
518
796
550
930
804
876
664
881
990
963
588
583
836
753
772
587
852
811
932
764
869
940
966
824
934
652
514
945
510
548
816
728
926
809
660
844
535
892
672
715
950
0
529
776
516
937
565
559
949
777
790
728
988
903
568
758
740
709
777
913
882
639
645
749
502
947
744
731
806
552
791
679
548
958
873
562
689
974
510
714
776
905
971
897
664
708
852
515
710
883
513
747
638
759
826
625
900
672
907
636
832
656
801
558
503
771
573
642
944
632
540
973
841
507
623
701
634
554
644
997
697
867
720
511
567
560
610
955
694
734
601
947
911
895
781
838
534
849
943
694
884
529
0
717
682
634
733
696
556
722
847
621
913
640
577
936
563
656
865
806
612
598
569
657
693
863
621
840
903
867
545
946
655
556
640
678
615
628
676
750
593
841
570
566
910
795
736
648
846
802
739
662
798
956
870
954
931
989
972
585
693
776
735
835
543
986
831
815
936
735
999
606
812
546
755
517
938
976
557
901
919
660
812
978
694
549
807
836
775
831
710
748
604
671
966
869
730
683
725
780
774
776
717
0
694
572
738
793
516
597
589
614
502
996
875
864
526
930
829
758
558
615
537
535
656
992
728
784
624
850
664
881
776
810
726
617
758
980
697
959
721
767
546
892
682
776
845
706
515
756
895
925
949
932
849
842
782
829
566
734
926
577
550
880
955
632
564
594
741
844
577
946
657
848
534
886
513
794
670
708
832
567
533
675
992
513
597
609
945
609
899
689
953
562
887
907
609
516
997
907
517
516
682
694
0
593
955
915
548
745
907
706
670
661
949
609
780
978
751
923
823
685
772
561
586
647
709
913
517
998
677
550
621
634
663
820
842
776
723
925
879
822
798
633
859
956
694
672
972
695
744
931
830
722
726
881
632
863
859
839
971
707
855
815
664
617
956
577
778
844
873
755
564
758
576
683
903
829
570
740
682
988
631
579
988
919
758
834
896
963
737
889
583
817
710
793
959
991
941
574
669
937
634
572
593
0
782
762
846
684
984
880
653
659
970
500
507
951
753
597
672
659
616
891
989
818
592
717
695
717
510
980
566
650
728
740
558
650
618
634
809
539
836
911
572
957
680
644
880
580
602
679
738
602
892
925
730
527
835
614
958
630
571
731
514
639
539
684
550
856
789
613
955
667
664
835
986
885
753
994
568
597
892
650
538
589
631
787
622
893
978
558
867
959
659
961
706
541
714
930
880
565
733
738
955
782
0
999
563
777
718
768
642
524
520
922
765
690
675
750
885
767
904
566
674
799
800
770
642
800
653
992
680
577
614
692
842
795
949
696
693
898
672
575
741
649
763
637
505
885
857
649
797
734
616
778
693
703
586
544
603
711
718
594
936
947
806
636
864
694
577
835
927
724
977
705
766
591
576
901
565
508
997
908
707
918
985
702
731
560
842
597
763
831
946
837
999
779
954
763
648
559
696
793
915
762
999
0
884
845
860
875
610
711
992
824
589
638
593
678
751
964
742
876
688
594
578
741
655
755
791
911
861
610
504
997
659
550
790
817
683
973
547
666
588
696
852
839
664
750
805
980
836
778
607
561
752
819
941
817
922
752
994
598
607
988
702
996
846
900
923
546
599
967
757
803
542
980
874
561
800
803
787
567
588
631
814
966
817
897
524
707
519
915
597
503
625
795
792
733
584
949
556
516
548
846
563
884
0
799
666
829
644
622
929
986
808
511
849
834
605
976
584
608
797
743
602
661
720
586
753
809
722
805
697
965
934
711
989
962
842
935
580
602
642
971
899
601
526
706
701
741
957
764
836
683
843
544
641
606
737
769
898
757
585
726
646
891
956
607
640
523
638
683
607
531
804
844
509
608
714
987
887
552
882
613
982
867
733
828
969
840
500
883
685
848
775
973
655
799
542
777
722
597
745
684
777
845
799
0
806
901
572
944
542
831
837
896
975
822
680
668
819
913
947
976
558
721
669
617
878
917
576
608
534
915
984
876
845
542
971
521
592
747
877
896
672
641
577
519
605
580
925
849
858
882
816
753
539
850
714
853
753
858
691
697
925
755
653
752
709
534
900
992
876
896
669
693
854
704
730
805
931
879
632
718
556
519
743
922
913
892
594
823
712
954
784
763
549
891
910
790
847
589
907
984
718
860
666
806
0
742
824
804
513
652
688
880
945
868
726
763
522
695
817
638
645
608
861
564
969
579
770
971
632
728
574
910
930
935
629
775
859
995
816
642
984
737
866
850
657
524
566
553
750
550
517
843
856
706
917
953
578
996
762
920
748
758
851
529
593
628
530
756
647
905
981
833
858
675
560
589
566
507
759
827
840
965
912
922
664
936
700
556
790
995
855
985
867
523
572
728
621
614
706
880
768
875
829
901
742
0
726
972
902
984
540
944
660
711
982
680
654
959
694
779
728
597
986
830
856
735
778
584
607
859
796
705
951
563
751
509
566
559
725
607
515
668
762
524
577
733
856
862
998
636
924
566
724
673
620
686
767
897
881
967
559
516
773
996
838
576
520
992
958
872
622
873
835
847
774
690
767
655
928
715
557
594
580
847
795
529
637
955
839
581
511
720
668
854
852
988
913
502
670
653
642
610
644
572
824
726
0
