0
843
591
561
838
861
0
921
0
599
805
963
895
787
720
751
986
723
932
872
647
922
567
883
741
0
0
779
880
781
712
665
981
0
735
861
641
691
544
826
879
736
552
932
0
778
516
672
816
813
788
873
739
978
553
503
0
545
618
559
551
847
950
815
0
651
705
0
576
836
539
952
689
0
500
0
510
767
0
602
558
0
587
728
985
825
666
847
0
518
667
601
0
881
0
676
807
550
577
669
843
0
621
683
820
712
912
0
0
805
0
941
971
693
767
595
905
840
0
0
680
977
837
596
948
541
968
695
998
736
632
621
994
779
501
717
590
799
861
560
852
559
984
567
0
690
1000
846
627
0
0
766
920
979
982
711
909
533
946
731
566
0
515
601
918
702
637
640
683
549
0
822
880
523
0
535
753
550
710
842
973
730
703
939
510
945
985
959
0
848
576
578
0
868
0
931
641
637
654
0
591
621
0
0
733
992
0
587
870
721
528
566
798
0
665
0
708
645
805
604
987
931
761
606
949
674
633
599
0
694
746
782
593
954
684
886
768
522
881
841
651
664
638
731
749
752
851
547
909
833
878
908
849
633
609
613
0
603
942
971
699
887
685
618
916
936
873
667
557
0
757
843
0
621
0
792
504
567
999
961
0
0
901
855
779
835
737
656
620
718
944
696
960
766
764
602
575
675
674
599
561
683
0
0
835
582
585
862
541
579
959
957
543
0
872
0
841
847
655
598
505
880
576
898
824
951
510
764
658
536
812
813
876
630
891
908
607
691
907
593
992
538
0
856
738
552
675
823
527
810
784
0
0
620
685
828
0
0
859
973
600
668
1000
0
769
611
981
650
0
514
960
729
0
509
656
818
839
0
912
850
987
0
744
753
912
0
646
667
596
714
882
849
0
583
500
809
771
857
704
711
838
820
733
835
0
952
927
823
746
621
967
528
560
504
973
545
514
796
623
652
820
916
556
716
628
698
896
710
956
558
904
516
0
932
658
983
522
951
537
772
889
992
770
993
650
707
561
0
922
723
588
0
0
545
803
995
964
0
935
781
594
795
964
0
0
0
695
774
988
975
686
745
884
726
534
683
964
861
602
970
980
782
986
698
842
668
589
774
670
554
628
615
848
608
658
729
674
612
673
990
861
712
992
582
952
0
534
835
870
0
991
988
820
0
961
809
796
728
680
839
0
933
924
933
710
933
515
0
917
763
0
945
760
710
778
978
758
739
0
815
0
699
620
577
744
981
506
548
875
927
721
923
0
0
873
687
861
719
0
539
871
620
784
974
944
973
0
902
830
0
875
802
935
593
653
733
0
971
862
926
973
670
843
934
680
853
938
916
680
0
615
978
696
858
720
777
574
936
763
900
0
912
0
585
927
534
0
916
923
904
866
752
866
566
667
631
557
851
572
0
610
568
819
858
778
524
731
646
953
629
846
808
0
993
835
562
537
723
859
853
0
960
983
745
590
0
699
953
710
544
846
695
504
561
547
672
748
819
950
0
730
818
757
511
548
826
523
994
589
832
813
506
842
970
842
0
775
621
689
0
0
778
542
660
705
533
924
0
936
518
0
768
908
858
796
874
563
610
981
0
921
0
587
862
823
835
916
0
753
717
874
768
564
704
938
0
953
665
0
835
747
0
650
549
793
572
708
923
648
582
916
993
0
531
523
880
520
713
713
839
621
912
951
833
676
0
764
561
781
571
957
547
707
691
0
662
0
970
922
808
754
615
0
566
609
744
839
686
717
902
886
644
831
780
696
720
599
635
0
0
620
962
638
663
588
502
678
847
699
514
914
715
866
0
858
954
963
0
943
523
0
0
870
541
746
870
923
753
0
724
926
0
746
687
519
554
682
882
936
591
972
787
1000
645
0
554
735
0
756
875
836
997
719
934
890
695
591
0
861
619
924
940
516
915
649
879
853
682
842
923
668
905
700
539
887
685
981
930
636
0
967
894
709
735
842
529
536
564
957
0
833
828
548
514
524
772
626
708
989
721
993
556
776
756
0
819
950
723
645
690
0
0
971
863
992
882
718
571
795
730
599
805
721
579
621
0
904
717
724
0
913
576
687
760
0
0
504
630
676
912
790
502
827
965
988
543
859
521
949
0
502
561
716
577
793
732
709
505
684
990
816
551
0
982
587
559
820
778
520
816
675
764
622
642
860
648
627
994
708
648
758
951
857
0
847
931
635
500
964
829
925
829
0
825
919
802
0
713
957
909
538
0
536
979
535
753
693
854
686
985
805
736
940
698
933
887
544
861
797
650
805
0
528
959
967
991
866
874
926
913
0
0
567
792
593
850
510
889
0
984
0
657
536
995
0
528
517
836
983
547
781
637
544
605
853
526
950
720
944
0
645
826
557
581
823
505
730
671
915
761
879
942
577
0
971
835
537
957
801
674
805
780
606
558
572
538
605
572
511
522
617
710
605
837
0
750
707
758
744
845
558
0
590
538
701
839
512
638
746
676
771
956
0
0
625
888
608
627
994
504
963
941
566
957
528
988
752
768
0
576
0
0
0
524
507
929
647
795
869
541
596
570
646
900
840
788
549
507
786
782
801
571
517
758
557
794
877
552
550
675
721
949
0
615
0
0
546
650
0
821
847
935
0
573
878
656
745
671
981
871
940
996
592
671
585
803
546
990
0
694
0
953
859
582
850
986
885
0
0
624
936
0
565
0
541
516
931
0
976
860
506
881
534
0
591
525
849
0
877
988
895
971
798
543
560
820
866
564
746
687
567
0
0
679
609
970
666
0
0
638
0
0
971
682
554
803
0
584
539
625
944
772
768
855
660
604
848
0
0
751
928
587
0
908
845
973
927
726
536
639
672
602
911
922
713
848
943
639
927
789
588
699
577
862
824
560
698
788
903
729
868
636
855
0
645
672
611
530
0
558
831
665
560
575
0
932
763
604
0
678
944
670
746
537
954
540
770
976
562
0
787
693
0
0
504
0
566
704
687
760
792
524
679
0
528
0
896
749
616
698
939
843
531
903
816
959
533
937
672
638
662
942
0
0
847
549
993
0
0
0
514
613
921
594
633
0
845
990
977
807
0
568
942
0
875
717
0
735
922
888
998
0
705
539
536
772
590
515
990
621
0
696
503
669
743
809
0
738
707
830
632
576
598
801
952
521
0
588
500
564
566
581
969
876
939
667
632
0
0
712
720
767
665
872
973
961
667
938
519
0
593
507
609
528
0
826
919
759
0
556
764
811
867
515
959
728
799
517
841
581
0
0
538
920
863
904
613
666
615
638
812
720
783
985
0
0
979
612
817
629
556
728
999
824
624
813
0
554
501
914
657
749
500
507
0
0
724
0
572
818
852
554
844
644
567
556
739
675
657
0
599
781
537
616
0
633
836
525
696
740
907
559
725
882
868
811
968
691
699
826
751
595
0
0
545
809
631
0
554
0
850
929
970
0
826
0
977
895
716
945
505
805
910
540
749
564
843
983
838
692
545
951
550
852
644
702
994
899
884
874
572
962
871
861
703
817
908
631
899
859
954
947
0
942
729
967
643
644
798
807
709
845
519
837
997
598
712
944
835
594
863
0
0
989
861
595
963
527
997
926
698
976
623
531
642
872
797
0
911
979
775
0
0
993
0
614
812
966
632
754
986
905
708
841
514
796
557
953
682
504
510
647
666
896
919
977
0
541
0
899
644
970
534
632
739
585
630
858
799
730
909
927
0
557
955
807
613
885
625
926
578
700
0
837
595
894
756
849
533
645
898
813
548
911
711
599
643
592
546
0
830
863
899
964
525
663
575
0
732
979
553
932
991
790
593
971
761
719
686
675
0
0
789
611
704
853
609
837
782
844
584
660
981
653
838
595
895
633
931
880
723
840
645
847
796
728
851
665
882
630
889
795
0
749
759
895
541
0
785
715
778
685
727
866
646
750
819
605
615
919
850
945
962
868
779
573
888
903
778
544
927
970
706
864
650
985
914
0
996
658
554
557
629
513
705
626
629
540
769
506
517
841
789
747
885
561
504
877
865
551
704
875
665
0
965
943
725
927
665
634
898
669
728
741
944
521
871
891
842
757
694
831
921
940
552
620
779
798
975
897
932
0
805
655
623
680
572
0
936
676
0
869
0
616
0
716
0
785
0
920
0
976
819
774
974
622
991
512
786
982
898
0
748
851
567
0
507
777
610
649
574
978
500
923
810
604
964
0
922
965
661
744
0
574
0
620
855
775
946
530
925
594
929
0
551
610
544
641
896
968
850
668
776
542
0
525
818
747
564
669
689
775
599
784
834
538
642
713
907
826
979
520
0
521
715
613
542
0
753
848
872
0
604
598
652
839
0
835
591
912
984
541
638
698
556
945
899
715
920
0
0
604
963
641
655
685
891
781
873
881
0
731
0
600
0
652
778
670
587
845
571
918
610
558
0
564
518
878
609
857
927
620
617
658
802
591
944
0
922
763
592
0
0
929
897
503
0
0
722
935
601
679
731
630
0
707
519
0
526
912
931
726
852
788
584
870
899
0
0
566
848
915
860
645
665
748
554
628
693
713
647
680
987
505
820
0
610
747
972
790
0
596
0
939
764
505
644
778
0
0
0
532
0
0
833
866
736
676
527
892
845
508
665
0
858
828
0
525
873
517
826
638
594
866
623
734
573
884
0
663
887
0
932
561
739
508
736
834
765
912
910
936
597
731
612
778
676
796
710
700
855
0
523
681
939
621
804
0
590
571
0
891
0
609
619
0
790
689
738
699
614
569
997
0
0
576
968
788
708
0
922
977
931
880
916
933
568
0
787
502
657
570
0
843
811
805
970
685
976
604
532
0
864
554
992
756
693
904
676
591
530
924
653
703
0
0
659
0
807
504
504
521
0
834
0
959
0
623
989
907
972
777
0
677
786
859
917
996
572
881
983
776
879
0
608
0
613
974
982
850
748
605
685
0
979
880
518
685
0
824
822
0
612
609
847
670
787
744
681
870
880
533
0
505
997
751
535
0
0
682
567
837
761
576
556
924
819
650
1000
827
536
646
971
531
867
910
534
727
819
963
0
864
0
968
0
813
590
0
958
668
642
785
527
570
0
868
580
0
774
578
887
633
875
558
506
619
900
604
919
544
0
879
578
990
795
828
765
545
756
986
515
886
635
0
507
619
943
513
0
831
728
833
878
899
584
775
924
721
864
656
544
0
649
777
721
0
541
897
915
0
969
739
815
857
717
695
1000
996
576
942
883
596
606
898
716
933
858
549
645
965
995
900
682
903
515
540
632
866
774
641
0
554
968
0
539
731
651
599
991
787
671
961
833
825
924
519
518
593
945
984
0
991
835
512
772
0
0
620
675
839
518
876
740
755
792
816
0
960
808
619
0
601
990
630
611
933
0
0
920
933
989
925
932
552
969
943
822
768
778
511
941
500
648
922
745
754
0
0
748
565
829
889
605
773
994
562
578
959
0
644
741
948
949
824
628
710
778
793
0
988
0
840
554
816
959
749
739
646
974
655
833
992
0
539
0
958
827
0
523
732
550
567
850
0
820
724
917
731
688
854
517
0
0
669
741
649
717
677
857
603
845
656
537
600
792
506
734
695
891
972
670
0
541
0
0
945
807
878
988
927
981
747
746
807
838
0
690
849
652
772
673
0
948
919
986
933
932
616
830
0
984
683
528
935
719
503
941
518
840
0
0
541
674
951
698
933
524
572
554
543
528
788
803
959
728
564
585
750
622
685
866
756
813
731
958
0
856
0
824
952
0
911
739
0
903
0
578
919
613
683
630
647
716
682
588
609
951
631
637
878
810
943
837
538
928
537
507
526
905
970
955
713
641
0
0
835
718
638
773
608
863
736
741
760
606
782
671
0
829
0
994
707
0
825
735
813
599
700
0
935
771
917
611
775
890
921
749
0
935
927
0
968
633
510
896
515
731
708
735
859
517
549
0
533
799
843
630
819
991
891
736
693
590
651
827
856
0
877
593
775
540
748
0
742
0
926
870
571
607
839
922
0
820
646
668
716
818
717
566
0
963
873
996
564
649
941
949
0
781
797
832
604
509
781
682
0
761
975
0
0
730
543
536
723
831
705
645
575
539
591
891
711
602
751
0
0
799
791
622
952
810
811
801
648
553
647
886
555
674
527
779
695
599
764
710
0
646
923
0
521
836
507
584
937
517
983
858
605
512
781
676
904
0
599
0
0
877
0
544
980
877
967
797
731
699
919
0
781
0
518
534
757
731
788
921
614
512
527
852
858
686
946
808
513
564
0
0
785
581
510
909
0
596
930
0
610
725
580
749
0
552
606
909
901
517
903
975
897
503
0
0
648
0
553
0
992
688
745
612
718
795
689
594
918
0
0
583
976
987
675
880
998
0
658
956
917
953
648
756
949
983
786
539
672
841
838
799
615
786
873
527
676
958
991
523
824
593
544
0
549
830
651
890
555
827
516
978
969
719
648
667
860
576
868
742
641
887
817
793
905
927
0
589
769
768
522
982
963
654
735
588
0
580
612
758
0
772
667
893
500
501
942
618
742
740
546
507
545
694
0
0
900
975
839
680
989
566
736
754
837
657
791
687
985
813
0
0
0
644
958
781
736
694
536
558
763
629
582
875
0
547
782
625
638
581
692
730
919
982
881
892
591
668
787
732
952
775
980
549
0
507
792
0
627
792
569
779
672
0
597
795
534
882
860
907
946
837
851
713
0
639
0
763
611
948
827
751
553
916
656
600
891
684
806
823
794
640
0
820
649
957
825
805
719
962
603
690
736
763
671
508
614
676
518
945
0
967
621
893
839
716
787
513
690
503
706
508
754
0
548
712
632
746
812
904
0
846
916
836
502
781
801
944
662
0
545
909
850
898
0
845
530
642
671
550
0
540
877
830
507
0
548
0
631
604
530
653
608
759
959
708
615
966
649
583
632
995
776
719
0
747
541
570
777
723
785
791
663
0
779
536
662
686
997
787
976
576
968
667
708
592
736
795
526
668
646
641
612
0
934
679
884
683
746
864
901
557
545
501
935
958
901
818
521
733
929
557
0
785
915
665
621
782
813
516
945
808
993
997
561
637
571
772
942
0
951
927
945
0
731
508
924
785
961
567
911
748
967
651
792
548
0
660
561
985
974
568
973
0
574
998
795
639
531
866
0
627
762
656
999
906
758
724
912
855
518
990
653
809
591
0
920
695
799
0
0
914
0
633
0
630
0
0
845
0
704
541
836
720
877
872
987
722
748
1000
905
738
893
803
727
882
0
508
0
829
571
733
788
927
914
981
994
593
876
0
760
0
0
719
716
544
517
768
0
538
550
0
962
748
0
665
653
527
833
850
739
0
797
890
0
0
660
0
608
1000
698
785
0
778
500
651
649
887
935
0
0
0
931
874
924
641
647
952
850
931
869
0
848
860
927
754
0
697
598
574
657
757
773
862
683
731
942
719
897
832
628
623
508
928
997
623
838
778
835
748
818
672
591
765
0
0
570
824
708
502
817
916
603
904
967
0
779
954
630
932
710
993
531
934
577
605
758
855
0
920
852
557
868
851
600
0
703
570
825
0
0
742
731
555
627
631
561
608
0
692
597
0
605
676
543
844
997
642
634
932
742
0
520
642
672
0
0
0
668
964
0
777
682
805
629
0
944
906
0
588
728
0
0
954
924
502
984
982
767
959
0
631
910
682
584
526
780
725
736
0
888
0
662
980
924
507
877
986
532
986
847
791
518
873
662
735
501
684
891
658
778
835
523
890
793
853
557
660
847
863
644
955
779
567
0
858
0
0
924
820
903
0
699
827
792
604
985
1000
692
0
780
991
672
944
706
751
667
0
782
509
564
975
530
0
713
0
516
0
701
0
566
735
668
591
0
0
924
0
0
645
858
0
582
533
688
928
909
593
808
0
505
759
862
0
802
652
690
749
0
822
0
997
774
734
586
0
810
544
628
0
0
806
990
938
649
861
717
886
908
983
978
562
880
695
732
526
794
604
549
904
702
807
573
0
652
828
0
868
519
724
0
926
919
516
569
530
974
698
597
780
0
614
944
914
0
779
549
667
775
616
860
732
701
679
0
0
786
840
805
928
682
641
665
753
786
507
916
634
590
634
774
716
541
796
543
911
629
893
0
967
0
920
595
657
833
663
781
926
943
801
0
631
536
716
947
0
707
826
724
911
0
693
582
659
801
641
590
768
607
522
758
537
520
591
709
950
877
848
993
613
994
613
888
507
778
0
659
580
518
917
578
870
0
978
779
653
568
785
0
991
614
0
546
623
0
632
985
876
743
0
0
734
900
706
636
0
671
0
845
853
707
590
988
564
956
678
964
938
0
880
764
668
735
994
987
766
814
955
871
779
0
525
764
559
522
555
578
984
775
646
932
913
837
811
983
556
509
801
587
694
901
967
713
597
997
691
799
522
691
951
739
723
713
0
505
720
552
0
0
666
899
885
903
777
670
525
0
0
593
731
919
571
781
969
672
608
973
0
605
672
944
546
0
641
853
673
876
724
700
542
899
524
926
641
772
683
848
0
872
805
787
787
842
731
829
804
924
0
519
0
0
674
810
963
502
932
662
591
668
939
986
728
794
725
876
521
790
882
683
650
605
547
955
723
581
688
698
632
981
532
512
0
805
544
839
544
861
881
907
537
0
859
713
861
684
944
550
0
0
615
884
625
778
610
587
873
807
774
945
688
613
607
0
719
0
759
0
778
676
944
914
623
641
0
960
952
504
998
987
0
772
592
751
786
681
795
912
629
716
501
659
610
644
931
942
819
982
649
698
662
795
974
927
664
984
869
917
698
810
542
974
854
0
875
689
991
704
0
663
0
907
966
753
942
876
911
0
847
537
0
590
0
712
606
878
826
560
841
593
772
815
853
839
619
990
0
675
751
0
638
874
926
544
649
845
517
504
578
984
854
683
839
518
648
597
959
574
500
543
706
0
0
853
960
0
750
502
906
953
887
744
908
630
863
941
0
910
719
729
588
0
825
752
705
795
921
0
992
591
792
994
869
953
0
836
799
719
734
963
753
0
617
968
869
678
918
946
0
735
780
771
762
754
930
714
645
676
703
525
922
803
953
884
671
868
879
852
651
992
889
0
0
621
924
816
645
721
928
514
812
572
578
927
574
571
826
504
887
0
517
630
922
534
667
795
708
998
651
844
751
779
632
673
952
750
0
679
687
803
725
814
888
756
645
991
975
527
857
849
906
0
928
598
836
0
727
0
924
655
978
710
630
0
554
608
755
909
568
0
688
973
834
997
939
979
518
737
711
558
791
679
802
586
0
679
877
676
728
600
822
827
861
795
847
637
736
559
664
538
992
699
960
912
940
551
826
949
587
613
720
962
700
970
978
918
638
521
633
991
0
647
0
757
860
534
615
795
649
997
667
549
985
876
504
502
679
0
848
0
916
603
686
802
790
659
0
912
582
553
580
628
736
842
521
554
680
0
0
0
908
685
0
722
970
966
811
0
966
546
550
814
0
994
647
807
711
0
0
796
814
534
604
761
900
975
0
556
967
599
541
882
713
978
754
0
552
984
638
0
770
620
983
951
516
0
557
0
0
921
783
871
0
706
500
610
594
0
875
835
0
716
820
731
576
882
966
639
887
642
0
667
876
724
998
906
687
848
0
708
974
0
833
726
630
675
889
0
952
529
726
819
827
896
512
984
915
870
737
596
969
732
783
550
802
866
985
0
904
880
635
669
830
642
646
0
947
0
563
806
540
0
566
796
964
712
0
573
528
601
934
0
647
768
649
886
932
567
731
856
993
577
745
833
915
982
581
615
908
594
985
861
837
864
923
558
866
834
558
512
669
682
646
788
868
860
649
531
935
634
782
775
743
700
987
953
803
0
708
0
978
565
980
614
0
766
781
798
917
546
0
961
837
722
768
932
832
509
757
602
892
721
787
0
999
953
742
994
878
704
767
752
767
952
621
718
889
844
956
945
770
698
863
635
969
548
754
805
785
528
672
990
0
880
555
0
0
0
749
738
650
744
590
676
649
587
823
0
845
633
0
703
595
650
810
0
623
0
506
772
741
588
668
921
742
907
583
866
0
932
509
616
0
542
0
887
725
916
974
978
0
812
811
613
596
598
954
599
504
0
732
553
707
0
786
907
860
513
620
674
552
932
883
932
547
899
967
705
715
643
679
581
0
781
780
732
700
922
633
997
728
660
978
950
783
946
863
806
927
561
957
796
824
676
895
820
778
690
752
552
707
981
0
0
879
559
505
0
973
0
0
817
894
985
604
564
734
959
619
0
649
609
716
614
641
946
632
0
0
742
564
860
0
899
772
744
814
603
0
565
812
0
541
682
890
747
0
0
623
963
821
737
505
621
788
0
670
0
961
649
820
721
0
678
619
746
737
502
588
507
755
849
634
511
988
743
964
743
584
832
580
913
596
653
677
972
574
0
765
938
692
550
625
795
920
0
516
1000
851
675
561
506
699
764
853
820
730
546
927
845
979
908
756
914
964
518
573
0
900
0
717
951
818
512
887
837
995
627
0
0
975
732
734
524
592
908
888
686
833
980
811
541
0
996
946
957
529
909
993
920
0
714
523
820
757
882
0
500
784
875
0
911
765
714
570
835
830
656
548
0
864
963
805
682
688
723
540
766
725
547
700
0
800
875
770
847
959
958
879
896
595
952
633
864
596
899
672
846
547
823
0
548
953
561
682
778
671
650
726
990
612
631
849
0
0
878
884
623
604
620
677
631
717
527
817
851
776
762
931
520
530
701
900
926
751
630
756
802
726
614
613
682
996
0
0
722
936
544
860
605
971
592
867
847
0
928
776
865
886
677
771
702
823
910
880
0
963
0
0
520
949
532
892
804
581
981
890
0
949
949
942
500
949
532
0
607
637
0
690
0
727
919
0
883
565
755
816
627
909
527
922
875
710
781
842
520
915
0
536
977
817
899
533
996
922
609
0
989
919
675
857
637
566
852
793
713
719
656
874
642
0
679
706
641
786
863
645
790
630
0
596
890
946
0
0
523
812
545
841
534
947
659
742
933
637
534
0
975
583
708
938
752
877
0
689
0
743
0
966
823
864
740
844
584
966
562
645
0
774
594
503
798
0
511
534
550
728
594
743
645
571
778
513
814
639
895
813
0
833
810
723
927
544
571
923
816
761
821
639
807
629
859
645
658
965
857
663
907
544
839
603
878
0
858
905
0
0
999
924
672
713
0
636
772
681
941
991
659
675
766
598
747
957
722
523
0
750
619
574
787
629
641
518
0
815
647
978
508
910
530
968
0
962
970
960
822
811
506
0
817
918
884
857
691
972
641
775
673
601
0
528
823
744
590
690
571
653
725
943
712
925
753
698
861
966
658
788
0
878
784
588
721
846
957
668
675
879
847
672
0
556
954
898
554
661
927
887
972
0
518
845
810
963
686
927
639
747
906
641
0
0
0
0
683
795
0
975
0
889
781
954
0
529
936
812
750
0
785
917
581
590
733
697
736
623
571
0
0
616
0
566
906
533
649
0
656
958
920
676
660
571
651
536
754
789
643
600
875
746
786
985
970
550
586
715
904
715
0
889
684
739
756
959
519
812
642
873
766
908
0
0
923
695
547
905
764
942
935
602
568
728
947
813
557
744
620
0
777
879
876
656
943
873
946
0
0
541
758
647
0
516
786
671
848
912
910
527
912
0
798
599
0
909
544
545
619
785
0
915
667
705
575
912
826
729
956
675
723
671
657
959
548
571
0
854
714
526
974
636
843
624
724
670
948
935
0
585
643
986
816
730
868
712
903
531
928
907
925
691
747
505
961
0
605
0
665
739
920
849
0
0
0
504
707
700
622
577
0
911
942
999
0
548
629
0
617
932
0
578
740
537
837
996
808
589
763
570
724
952
0
0
840
0
0
629
719
857
582
952
917
504
623
993
860
841
574
917
915
0
633
539
938
963
1000
877
909
939
581
740
883
0
920
914
665
961
987
0
667
590
776
887
986
502
797
0
568
896
868
565
710
639
658
0
762
0
688
557
890
787
678
593
748
0
0
828
0
978
979
633
620
545
0
561
691
539
642
0
573
922
0
824
942
911
513
574
658
561
677
990
755
600
538
564
513
769
611
777
912
850
668
701
805
845
872
716
729
849
553
529
546
0
963
920
605
534
787
581
667
633
0
922
761
859
905
926
557
818
810
770
967
590
638
938
881
0
724
573
0
613
744
646
946
947
0
772
753
933
717
587
931
0
0
514
903
581
687
939
628
531
500
549
0
768
715
740
843
553
982
609
685
803
873
547
0
887
860
971
878
713
875
624
729
711
705
0
802
739
786
795
792
792
928
649
564
768
948
723
855
931
964
0
928
853
805
501
588
906
580
726
0
732
821
0
971
947
629
590
705
539
922
0
604
857
986
617
744
606
963
0
507
717
773
807
0
844
668
953
671
525
731
0
993
810
626
850
864
958
571
0
823
656
662
805
905
753
0
702
0
782
537
0
783
924
648
625
810
503
711
613
828
995
687
672
662
685
648
835
656
848
717
813
967
599
626
620
591
508
859
828
816
506
537
941
0
522
827
785
518
869
0
566
682
707
787
659
0
0
628
819
961
553
737
714
592
659
641
733
575
938
761
604
0
900
618
985
758
544
0
0
710
635
615
717
927
640
527
943
958
571
553
880
605
0
924
997
993
587
992
687
642
0
571
0
879
523
599
944
561
579
880
0
675
0
779
687
666
0
909
0
0
964
861
748
0
981
627
537
745
943
0
0
643
643
629
855
944
736
917
765
0
734
507
949
0
982
751
791
990
0
777
735
641
590
787
610
825
928
736
827
837
707
505
523
867
742
518
697
912
963
859
857
900
0
935
925
849
0
544
602
965
779
625
884
679
975
903
0
889
0
825
960
630
813
0
0
683
699
701
877
829
597
997
628
510
513
987
742
755
748
531
972
991
890
744
928
776
545
533
603
0
0
719
819
970
930
994
957
671
639
735
554
644
592
540
775
0
834
996
545
960
695
526
0
785
963
553
663
653
848
682
668
665
988
842
644
752
598
842
896
722
0
621
820
847
933
0
736
826
1000
905
986
618
935
0
566
721
943
548
702
863
0
851
563
500
919
893
565
949
869
864
703
0
582
537
819
636
626
825
568
587
720
611
546
846
574
797
760
601
706
0
0
900
949
0
731
510
618
946
942
859
935
0
950
922
636
708
801
981
927
922
501
798
546
769
946
922
765
572
756
808
891
905
781
581
654
916
0
809
860
805
591
753
564
731
931
705
836
521
512
768
786
788
757
0
637
815
623
729
877
926
617
985
925
566
0
0
541
0
0
619
0
630
0
873
910
0
721
0
664
762
845
675
695
0
596
0
946
728
597
983
0
689
0
0
960
900
1000
609
589
0
929
580
571
0
0
614
559
731
971
973
781
539
0
808
0
648
674
871
789
888
914
807
0
506
530
763
912
881
986
619
972
970
797
510
735
656
779
591
927
629
0
786
956
829
942
795
0
554
984
932
907
0
882
928
534
647
571
956
909
557
744
758
849
721
0
0
933
649
548
842
558
756
948
751
902
712
569
719
842
635
809
953
866
878
0
788
732
892
0
0
877
0
757
689
680
506
933
571
692
770
936
713
774
0
0
759
551
566
699
600
594
871
730
754
967
758
805
940
588
998
657
709
830
517
925
592
910
983
515
0
670
955
832
909
588
600
536
0
754
0
0
507
678
804
819
921
727
680
915
832
860
670
0
776
0
978
0
675
939
818
606
544
0
943
541
933
0
917
724
0
959
823
833
0
700
0
629
627
738
541
571
0
696
933
699
975
915
0
791
605
717
785
688
587
967
871
950
0
866
0
906
0
721
957
797
703
847
0
887
668
795
620
818
615
894
951
780
996
699
0
749
845
863
841
594
0
936
776
886
601
0
713
604
0
0
891
662
920
0
944
924
916
964
924
982
0
0
0
870
509
513
0
500
865
975
508
0
723
581
810
963
0
544
548
0
649
917
0
754
867
736
0
0
721
958
0
755
624
793
0
927
865
914
556
790
940
918
791
523
888
512
951
654
726
787
911
652
621
516
707
850
667
873
742
516
665
950
515
685
1000
964
784
757
0
709
857
606
592
577
705
500
519
899
789
929
0
597
879
635
990
541
641
509
596
580
684
686
695
697
906
0
634
938
0
649
992
924
0
737
757
620
961
784
886
583
910
616
671
740
770
0
0
602
702
0
548
724
754
0
672
925
0
656
901
616
0
846
689
632
878
885
753
878
916
706
956
0
741
707
531
510
838
609
943
0
795
574
0
889
642
635
554
0
642
589
848
815
601
618
0
0
974
511
566
735
0
558
671
862
539
507
837
964
747
0
929
731
0
0
630
0
0
781
930
612
806
997
799
598
0
0
590
0
519
698
591
655
0
596
602
674
649
875
677
708
530
0
657
883
967
507
710
965
863
619
842
0
867
672
0
885
800
717
0
704
891
637
538
730
532
536
642
694
868
644
589
848
930
647
550
520
0
930
894
790
817
0
861
925
739
518
792
857
581
668
587
0
918
916
769
0
944
548
609
842
847
572
585
824
536
0
997
525
885
551
897
612
608
507
611
0
0
682
0
758
823
787
0
574
588
645
634
880
0
662
792
978
908
969
892
552
820
0
771
938
968
566
959
0
590
717
635
779
0
0
558
959
736
925
885
0
707
568
722
807
933
610
581
984
625
714
657
523
918
510
538
909
842
986
0
564
713
0
939
707
697
945
645
851
798
675
655
708
800
526
0
651
702
936
611
0
973
826
744
529
931
538
803
560
772
0
598
663
561
610
503
778
0
619
933
945
835
0
610
0
794
976
0
657
728
858
774
764
0
795
994
710
685
732
721
932
721
911
702
752
0
906
548
920
638
773
615
625
851
630
756
823
0
0
800
707
0
977
749
577
920
0
0
782
748
754
910
0
561
800
0
701
530
677
761
777
859
590
967
765
0
699
0
962
940
827
617
0
572
754
542
705
637
873
981
695
0
523
839
536
635
605
546
698
590
724
712
575
504
544
0
676
613
943
0
807
718
761
725
772
640
576
914
757
0
0
716
668
674
974
869
630
0
783
787
883
0
765
823
877
962
533
571
914
938
807
717
884
563
0
948
833
0
656
717
568
977
0
777
993
593
986
953
755
802
638
890
841
857
828
735
0
992
837
954
0
959
0
823
559
0
657
961
717
647
608
784
620
751
702
920
0
640
667
650
774
902
994
686
564
500
572
990
788
515
0
944
0
877
641
0
796
974
513
0
878
638
975
580
667
0
968
0
773
0
582
541
735
810
927
953
0
722
550
0
932
678
714
910
0
970
649
0
665
881
0
927
679
500
873
751
0
721
901
0
722
749
777
0
819
697
526
0
855
841
686
705
0
863
909
879
701
861
920
581
0
696
532
0
534
560
0
999
653
979
949
712
888
684
617
705
576
683
557
0
988
830
589
717
957
964
511
0
903
990
572
835
732
865
896
722
710
982
0
920
988
773
0
749
893
820
667
633
862
954
533
796
994
963
664
0
554
970
802
999
547
619
570
880
689
960
0
854
961
0
844
640
975
919
910
902
700
958
616
704
807
577
993
819
0
532
772
0
982
655
803
548
961
561
899
791
529
878
725
948
996
895
575
963
592
653
745
0
639
0
500
761
567
540
568
712
836
549
0
514
975
0
832
902
0
829
522
694
729
621
818
594
979
551
968
935
700
850
831
933
927
608
0
0
500
649
708
0
683
924
688
543
987
502
984
836
608
966
866
953
899
746
835
0
0
822
656
714
987
724
668
527
903
893
0
712
0
0
0
891
933
920
593
697
532
0
538
822
723
789
739
694
786
797
765
0
884
608
638
768
569
991
930
775
821
717
728
945
840
531
806
536
535
0
0
857
539
0
757
960
686
875
813
886
833
925
617
0
868
0
852
863
553
704
850
601
855
748
728
989
981
863
730
552
501
957
592
630
731
502
928
911
766
932
869
799
755
811
985
742
967
737
830
963
743
811
958
526
0
573
953
943
0
565
721
569
629
755
846
637
610
0
986
526
772
538
0
676
960
0
873
628
939
969
835
847
655
872
790
0
740
913
895
639
555
0
865
699
656
0
653
792
685
589
892
994
952
822
843
729
745
802
506
644
828
829
710
953
636
696
554
0
932
875
668
679
0
605
833
925
747
736
543
606
942
825
736
0
942
984
909
629
814
662
917
719
909
0
0
994
705
502
656
0
0
506
920
974
667
0
671
958
889
949
0
719
627
624
689
538
581
0
953
0
0
822
676
0
620
0
997
0
788
748
843
731
973
0
596
534
1000
899
963
520
932
745
0
935
702
614
682
736
771
615
609
611
689
880
0
0
884
935
842
831
548
0
605
859
855
503
844
0
991
665
776
731
523
685
878
932
746
741
536
909
618
805
795
0
719
982
593
893
955
591
698
734
568
966
904
878
715
588
548
0
966
0
676
636
590
613
525
571
0
869
664
842
738
793
632
730
984
782
755
855
982
723
960
620
0
511
862
744
842
870
637
950
703
552
726
965
845
0
889
599
584
959
904
758
0
517
910
540
811
572
844
514
0
523
621
509
726
593
970
780
514
825
837
582
0
669
644
989
790
0
542
630
681
0
899
552
807
760
723
901
742
719
526
845
897
767
808
0
871
668
810
963
0
546
880
704
643
507
0
520
823
817
660
843
776
744
731
553
825
864
762
635
541
0
878
532
625
748
802
841
655
789
0
0
511
0
754
794
780
541
834
531
849
0
764
0
527
569
637
820
932
625
851
561
730
0
671
694
595
602
952
0
500
0
0
656
534
653
842
696
524
919
0
850
645
743
567
861
593
965
0
0
939
979
584
969
838
606
831
517
740
962
668
0
832
959
0
967
779
939
542
753
688
550
635
767
679
755
864
949
864
918
571
624
887
646
0
880
960
703
845
809
571
927
885
536
714
754
638
686
803
739
873
997
862
754
0
0
772
788
773
586
570
539
697
0
0
738
636
689
596
546
902
512
830
661
636
989
746
867
0
796
0
535
792
818
683
733
0
720
772
802
750
986
672
809
556
595
971
943
525
707
621
880
775
943
0
782
705
903
546
603
646
704
628
0
505
0
0
986
974
0
973
814
669
752
581
849
963
532
740
884
651
724
986
946
993
605
630
0
675
953
0
865
753
642
657
910
890
705
548
694
628
0
744
794
0
0
905
521
0
518
846
762
528
861
0
986
987
537
822
707
698
731
947
0
692
771
541
609
928
555
510
753
504
839
964
0
775
599
626
0
707
885
611
0
739
963
761
725
818
519
804
518
924
822
690
671
645
975
507
690
641
541
623
631
759
920
525
728
854
617
834
0
830
767
0
634
805
892
844
857
536
670
502
947
810
0
813
582
695
866
696
914
878
694
523
0
841
0
961
786
939
788
842
780
772
905
0
998
0
563
885
0
959
866
978
990
709
860
926
956
647
608
904
752
994
633
657
864
554
537
767
550
567
0
861
971
621
635
708
713
758
0
530
738
675
527
719
927
747
0
0
685
721
768
849
0
575
897
545
736
612
836
508
910
862
595
764
794
0
968
997
994
642
952
781
511
682
804
584
691
754
948
797
0
626
924
0
537
0
878
933
556
916
868
918
561
857
863
561
797
969
748
870
541
788
521
998
0
686
0
0
834
0
803
966
0
0
0
0
717
932
0
525
584
595
909
0
567
897
988
0
710
999
912
602
862
689
0
989
957
744
0
0
707
657
997
686
665
564
526
590
0
864
778
652
829
539
503
694
763
0
720
928
682
0
657
559
725
875
869
939
647
646
621
780
988
688
581
966
972
789
935
0
772
850
997
0
819
596
0
699
790
706
644
510
800
828
909
899
765
835
843
637
834
773
0
0
686
0
957
940
808
792
676
564
544
848
879
806
757
976
826
813
573
859
525
771
784
754
794
602
842
961
850
970
926
0
0
721
909
845
624
558
830
0
926
675
634
669
912
571
824
656
511
772
0
591
0
0
671
934
877
997
584
802
833
522
876
689
678
979
807
0
718
732
743
723
981
562
641
643
0
568
753
864
993
683
636
0
788
975
940
956
589
538
0
735
879
791
0
847
731
950
531
586
518
563
0
957
0
680
638
830
630
684
793
0
950
906
726
550
609
927
785
590
966
551
978
532
0
558
973
0
987
980
973
0
620
993
538
558
936
831
632
599
698
0
898
689
931
0
822
544
941
673
994
891
0
0
508
679
872
623
526
652
663
555
521
991
918
518
711
947
889
700
964
540
890
645
775
600
585
896
933
958
587
699
626
946
732
915
918
0
848
909
701
0
701
529
884
655
973
703
849
570
846
885
0
940
680
0
795
0
547
0
539
998
0
999
598
917
523
592
818
826
956
905
956
884
0
0
730
0
0
782
670
778
962
556
0
0
0
665
576
781
976
0
669
775
726
891
0
0
500
0
707
711
648
900
614
884
987
838
780
690
781
578
790
704
946
737
0
0
844
922
743
766
0
0
673
875
643
868
717
571
992
701
825
728
892
0
791
741
930
842
530
992
861
878
608
872
0
552
0
539
762
0
834
808
638
795
0
0
539
0
585
870
935
539
752
946
674
863
732
544
0
878
548
0
807
587
703
901
744
986
843
542
638
776
536
590
565
560
598
537
623
789
728
599
852
0
612
649
648
948
0
602
0
975
676
683
722
778
725
749
926
984
882
0
0
711
0
563
956
633
584
725
949
774
601
746
986
565
587
0
687
877
568
597
0
791
523
707
647
986
677
837
920
725
638
790
596
726
764
697
528
959
0
792
830
0
0
0
585
589
788
506
738
860
716
659
915
565
933
518
0
855
769
906
806
728
939
855
753
698
934
660
663
756
979
538
0
575
801
616
531
611
741
784
788
609
609
777
922
919
825
751
553
839
518
746
748
835
736
0
943
775
683
663
735
558
796
806
945
997
832
547
949
594
0
786
816
710
931
823
642
829
587
983
0
605
888
531
550
0
761
954
581
948
768
0
534
965
0
0
861
866
803
676
630
547
539
585
0
703
529
956
551
580
859
981
683
801
925
836
831
0
0
590
0
985
510
779
912
842
680
705
588
0
535
701
541
0
952
0
642
704
944
834
584
619
847
721
745
986
735
0
0
680
945
864
1000
748
0
822
801
646
650
0
780
791
814
540
770
728
580
700
942
503
528
985
730
639
0
656
0
597
720
0
877
717
512
510
520
564
777
0
0
996
569
740
1000
845
527
0
0
978
966
564
684
0
0
589
703
0
763
0
535
746
934
516
782
940
829
965
895
0
506
538
703
825
945
835
0
668
853
533
502
819
753
839
516
932
521
633
872
853
521
538
870
0
670
0
754
933
813
0
992
989
0
901
905
818
888
0
0
932
605
907
771
679
534
0
698
660
913
0
500
798
823
970
868
658
0
662
571
997
611
689
0
785
951
838
0
713
859
959
696
895
991
913
899
0
569
738
986
990
0
544
793
539
585
788
529
763
0
576
0
852
708
782
0
571
0
832
849
699
957
729
676
666
985
737
646
589
938
924
678
950
693
512
931
763
0
836
797
609
871
642
899
790
787
541
0
932
599
799
688
566
967
557
738
672
0
997
631
913
547
966
762
802
604
566
863
978
596
800
949
0
744
550
712
0
514
805
0
628
546
0
757
688
654
609
930
0
590
0
532
575
930
895
963
889
637
636
987
709
0
848
0
998
870
506
956
0
576
0
0
904
989
873
777
0
679
910
622
752
711
954
801
847
959
656
667
774
916
0
847
723
854
638
0
604
588
525
0
837
891
713
0
689
744
897
0
616
700
791
745
736
621
545
893
591
662
774
536
837
955
753
754
586
761
796
635
950
653
875
532
511
590
586
903
762
903
905
879
510
846
0
689
587
726
943
894
939
967
823
0
963
775
639
520
599
820
689
537
860
0
879
950
0
935
738
551
535
0
0
0
936
663
875
952
583
590
820
0
891
879
573
0
0
0
620
596
670
680
936
699
645
686
746
976
0
500
696
911
782
842
907
0
738
681
915
748
830
0
622
612
754
893
501
803
765
980
734
716
811
723
942
930
0
900
964
969
783
677
770
0
534
690
715
531
0
581
753
523
513
574
960
680
967
787
0
790
707
765
559
534
592
821
555
932
584
932
596
822
926
0
806
906
999
539
860
580
746
852
904
936
0
608
0
950
706
762
891
892
872
0
710
570
518
848
718
714
554
0
518
514
690
985
676
860
678
564
740
979
844
757
826
566
699
870
0
565
0
935
952
718
837
839
935
727
0
924
586
947
983
581
876
714
679
975
712
548
946
972
847
607
550
571
904
928
688
687
0
599
987
797
900
506
871
911
795
817
697
0
0
560
653
717
0
745
959
625
546
707
956
717
757
726
598
752
716
859
934
708
989
663
608
0
802
567
871
702
954
740
0
0
0
743
667
576
944
882
628
615
0
914
0
805
771
506
944
566
907
775
584
694
979
848
614
880
969
829
984
771
810
795
657
716
958
882
0
507
0
0
556
688
911
645
877
0
0
754
863
574
959
637
728
653
715
907
557
939
702
944
742
760
1000
933
950
652
574
0
945
699
657
0
745
728
865
0
904
851
902
698
647
932
976
550
917
946
659
981
516
782
873
875
0
802
0
697
738
640
668
656
826
777
863
999
601
578
696
849
615
978
768
715
0
736
956
881
670
581
559
0
660
831
520
915
569
533
739
889
683
917
811
689
791
787
901
0
570
877
810
707
509
698
0
676
676
556
573
805
806
0
958
0
594
725
0
925
890
628
0
561
755
601
609
571
0
621
0
861
645
0
961
999
0
945
699
935
758
561
512
731
608
0
826
609
523
674
915
683
782
0
777
952
950
567
697
0
811
863
833
0
998
744
0
554
0
0
960
0
848
696
908
866
971
940
0
534
746
969
725
0
981
921
0
860
997
0
815
605
528
611
801
594
687
513
818
508
824
986
544
826
801
632
847
703
728
967
528
785
927
765
879
690
743
943
889
691
787
531
782
579
748
706
589
692
866
516
889
925
851
962
717
653
639
840
656
702
0
730
830
947
904
525
813
927
592
863
565
801
940
571
0
583
706
871
738
811
0
822
0
660
792
893
781
672
881
868
766
583
608
858
858
0
863
698
0
0
537
876
882
993
653
940
521
645
0
505
857
773
935
775
648
918
985
690
521
0
708
532
628
724
587
981
537
525
600
599
601
528
561
938
896
0
645
712
684
747
678
500
537
880
531
0
0
770
0
707
642
739
798
940
647
979
0
531
0
614
517
0
661
0
752
584
573
785
818
732
933
925
829
0
679
590
762
702
640
863
822
0
664
502
901
885
895
0
0
0
764
500
658
720
796
858
992
933
625
591
954
939
868
0
838
552
715
665
0
997
717
994
719
890
553
0
813
503
733
829
502
986
0
911
694
532
0
922
822
541
934
672
957
692
595
727
571
925
739
505
593
549
0
0
972
0
929
936
906
850
635
518
675
827
608
949
500
806
653
682
910
671
636
692
994
595
859
590
826
544
518
836
965
832
910
820
891
954
668
833
0
664
0
655
0
773
957
722
676
931
602
809
729
777
874
954
882
887
888
525
540
667
811
614
595
620
613
748
576
751
695
562
503
921
647
0
0
706
929
571
817
847
0
0
901
512
590
803
827
882
0
990
796
550
952
919
778
753
756
961
748
0
783
675
991
900
580
713
0
667
554
792
655
617
784
712
761
536
792
736
540
694
989
771
633
909
525
966
956
0
0
831
895
849
622
0
892
740
656
0
660
502
655
0
501
568
981
982
807
641
575
771
674
574
563
963
718
544
608
849
770
632
968
812
895
779
542
554
968
535
1000
578
941
749
886
583
0
508
557
733
916
791
806
693
967
0
0
953
861
713
647
0
824
625
633
0
513
698
959
0
0
768
924
0
890
949
571
774
721
873
0
857
708
0
620
888
567
535
685
771
811
595
746
541
657
0
771
551
905
878
855
0
0
699
752
891
872
0
826
998
792
901
0
501
0
811
744
822
550
637
675
857
612
936
610
0
571
861
627
0
976
0
691
966
633
798
0
628
788
0
996
959
518
0
555
976
0
754
0
788
603
518
990
582
713
805
712
884
795
978
768
880
676
795
864
883
814
861
519
605
0
715
648
779
744
0
0
0
957
742
642
581
800
572
751
684
540
0
589
615
572
602
867
609
864
567
784
978
956
548
769
0
506
957
711
879
0
0
777
744
893
885
773
568
811
0
648
608
577
654
674
704
673
763
981
943
795
797
994
877
562
0
699
632
931
975
753
693
708
0
576
0
840
935
674
987
644
0
785
927
904
873
938
659
597
544
606
671
847
754
649
555
895
920
596
565
639
966
812
0
828
740
625
687
928
731
0
0
797
516
589
668
526
754
702
617
568
0
892
609
844
952
0
928
554
897
754
532
884
0
906
590
538
729
954
573
710
0
863
0
781
895
957
981
744
648
0
952
669
0
599
711
990
900
0
523
730
650
504
988
0
712
826
754
880
897
848
713
0
682
942
644
0
927
527
675
958
548
915
914
967
662
649
801
997
839
878
868
637
0
886
0
820
0
899
755
895
658
642
665
0
843
810
666
776
510
614
759
703
665
848
587
0
542
920
705
712
857
994
611
514
0
796
555
537
988
794
0
0
807
806
0
703
676
801
0
570
743
999
554
672
0
722
982
822
608
952
0
