0
0
0
0
0
0
0
0
0
0
0
0
0
0
0
0
0
0
0
0
752
893
816
879
868
788
991
887
783
941
896
958
912
881
932
836
862
876
854
980
779
811
889
781
932
845
838
867
773
982
855
892
889
900
777
968
867
783
922
987
900
922
954
819
936
961
979
807
784
915
823
950
959
766
982
960
911
868
997
823
760
766
758
831
975
754
943
753
791
935
817
790
876
996
791
806
938
804
890
891
0
0
0
0
0
0
0
0
0
0
0
0
0
0
0
0
0
0
0
0
975
904
753
914
781
877
854
941
990
881
971
996
793
784
933
879
940
785
984
807
907
897
827
849
970
927
924
960
759
912
983
904
922
925
827
946
802
988
792
875
751
890
990
868
994
917
999
765
929
911
764
854
874
822
757
964
908
777
767
834
990
975
906
936
861
793
787
880
790
763
776
915
807
942
980
958
860
837
787
819
0
0
0
0
0
0
0
0
0
0
0
0
0
0
0
0
0
0
0
0
853
993
872
951
775
928
822
964
935
861
880
882
991
953
924
862
771
842
921
830
816
892
763
773
951
852
938
978
787
777
772
841
840
784
756
978
934
831
922
976
939
958
753
966
798
756
896
932
976
990
958
945
973
851
985
979
805
778
983
767
938
935
779
765
754
942
891
929
750
877
843
940
950
902
903
968
817
777
890
915
0
0
0
0
0
0
0
0
0
0
0
0
0
0
0
0
0
0
0
0
868
966
963
817
805
972
829
883
974
867
966
979
775
930
775
931
861
759
775
928
884
835
863
803
800
759
795
943
982
892
980
798
791
837
773
882
885
755
831
892
755
970
959
797
767
935
871
917
750
866
936
752
830
791
882
812
879
836
811
791
908
819
933
760
792
760
999
778
911
878
856
881
920
978
977
892
856
889
927
759
0
0
0
0
0
0
0
0
0
0
0
0
0
0
0
0
0
0
0
0
899
863
967
865
884
840
904
833
762
781
859
766
951
814
811
961
888
779
886
800
877
819
897
836
915
834
982
874
829
927
959
978
784
887
967
923
956
976
835
866
787
839
917
996
834
951
956
1000
969
937
815
861
932
867
939
916
931
834
948
929
876
771
769
880
892
824
998
852
783
857
773
917
810
867
932
990
792
786
781
900
0
0
0
0
0
0
0
0
0
0
0
0
0
0
0
0
0
0
0
0
774
899
862
1000
971
895
887
752
857
814
940
976
805
897
781
994
877
895
969
769
852
884
858
798
863
830
957
757
989
880
766
753
931
751
918
895
788
880
834
841
950
906
828
783
827
782
995
998
804
839
860
776
921
881
803
845
966
853
922
966
919
989
890
932
804
909
889
814
941
841
797
900
947
963
934
882
843
822
988
892
0
0
0
0
0
0
0
0
0
0
0
0
0
0
0
0
0
0
0
0
900
938
799
913
973
973
901
869
948
828
927
876
990
970
984
795
875
754
833
808
906
985
924
824
893
810
857
847
755
766
947
937
830
864
855
833
899
760
967
852
859
969
978
798
863
867
814
972
963
775
778
838
844
781
970
927
849
910
988
753
898
983
939
842
954
989
916
866
871
797
883
967
853
810
814
924
948
799
972
756
0
0
0
0
0
0
0
0
0
0
0
0
0
0
0
0
0
0
0
0
1000
754
876
798
837
964
991
861
931
878
750
763
997
837
775
976
973
846
963
762
762
931
768
844
972
838
969
844
769
907
970
881
905
859
945
826
958
983
786
999
831
972
921
894
999
828
866
871
800
927
974
978
858
752
857
777
859
822
993
831
844
931
952
944
799
811
991
884
959
757
967
946
782
861
821
890
872
839
975
794
0
0
0
0
0
0
0
0
0
0
0
0
0
0
0
0
0
0
0
0
912
770
798
795
917
919
844
866
908
845
849
941
955
999
866
825
758
948
820
910
974
903
791
834
865
760
986
934
821
862
864
880
874
752
936
835
864
936
911
793
821
794
908
869
914
809
828
976
991
968
760
994
992
853
856
924
882
876
937
914
776
932
811
768
863
767
829
762
856
863
900
808
813
886
819
979
768
856
784
950
0
0
0
0
0
0
0
0
0
0
0
0
0
0
0
0
0
0
0
0
938
992
815
808
800
778
793
875
806
750
819
973
764
794
894
861
967
907
910
999
893
872
817
854
761
760
921
757
936
880
887
911
846
816
913
854
869
809
937
783
992
838
969
882
822
785
900
997
963
868
939
781
982
779
957
965
765
900
925
777
954
777
918
858
943
991
846
964
810
862
904
871
867
926
893
984
924
855
825
843
0
0
0
0
0
0
0
0
0
0
0
0
0
0
0
0
0
0
0
0
906
871
959
982
909
837
937
932
978
993
807
958
848
942
922
873
890
752
919
866
776
805
991
932
905
811
858
894
838
929
985
982
850
927
877
848
751
982
846
886
825
755
936
897
874
858
855
993
918
765
815
966
775
859
939
854
990
989
800
823
761
962
990
987
978
861
952
792
751
816
779
935
842
813
924
903
820
859
808
806
0
0
0
0
0
0
0
0
0
0
0
0
0
0
0
0
0
0
0
0
980
859
975
867
913
990
803
937
857
932
938
970
921
777
834
820
860
783
869
845
993
962
890
821
949
899
850
760
985
970
950
991
871
885
765
990
959
928
990
984
970
755
974
982
800
946
802
997
770
937
797
942
769
980
812
987
922
811
802
929
901
813
854
895
977
896
867
914
864
757
886
872
853
824
868
789
896
969
912
991
0
0
0
0
0
0
0
0
0
0
0
0
0
0
0
0
0
0
0
0
934
844
858
970
890
793
870
947
995
915
769
814
779
919
974
872
761
892
990
904
867
783
977
899
824
896
869
804
896
841
752
791
866
948
762
843
766
776
920
810
776
958
895
764
751
990
826
767
769
837
887
834
940
864
958
918
879
765
956
764
935
973
925
901
795
798
951
797
964
779
808
752
890
916
890
947
791
847
969
948
0
0
0
0
0
0
0
0
0
0
0
0
0
0
0
0
0
0
0
0
761
992
916
1000
773
996
991
937
996
770
758
895
883
960
812
907
802
825
930
941
870
850
802
825
955
893
846
944
763
991
898
902
972
791
772
898
831
998
762
962
841
927
903
861
913
956
864
889
919
892
773
897
902
892
968
967
879
949
799
773
811
788
829
871
923
816
872
872
841
825
757
880
784
773
831
956
915
924
841
949
0
0
0
0
0
0
0
0
0
0
0
0
0
0
0
0
0
0
0
0
815
976
992
780
968
787
854
911
762
921
937
931
852
915
873
825
998
758
880
862
900
993
981
959
798
795
878
976
877
885
882
995
932
793
769
988
884
898
778
869
896
828
899
933
780
781
788
971
779
979
827
821
886
833
871
896
901
908
945
839
798
773
823
995
914
813
774
791
958
846
846
905
796
872
789
992
972
923
771
936
0
0
0
0
0
0
0
0
0
0
0
0
0
0
0
0
0
0
0
0
966
751
784
757
966
994
792
968
866
845
765
768
999
845
787
785
826
908
806
906
934
859
818
883
889
785
898
959
897
892
813
752
982
850
917
855
975
926
773
842
783
861
994
994
853
887
776
966
811
791
875
959
813
959
915
932
836
916
893
898
897
983
974
757
869
844
921
956
869
791
764
908
777
997
901
990
972
852
839
845
0
0
0
0
0
0
0
0
0
0
0
0
0
0
0
0
0
0
0
0
761
825
794
859
801
972
847
934
759
788
771
782
982
926
924
922
787
826
973
871
886
890
889
888
851
772
767
853
862
917
834
931
976
761
821
773
917
762
751
755
927
927
763
801
881
824
938
760
972
812
939
857
887
863
754
843
993
938
964
789
850
858
762
891
810
807
887
774
930
767
808
976
997
834
898
937
848
859
930
973
0
0
0
0
0
0
0
0
0
0
0
0
0
0
0
0
0
0
0
0
812
977
904
837
982
963
972
978
965
803
905
956
841
842
952
891
956
863
777
893
817
875
978
994
773
944
885
829
858
981
935
911
982
908
963
985
943
797
869
853
842
980
939
825
1000
984
874
959
919
927
933
817
939
941
904
919
853
831
981
822
946
943
932
878
839
966
977
997
879
989
849
910
893
806
807
851
850
999
790
818
0
0
0
0
0
0
0
0
0
0
0
0
0
0
0
0
0
0
0
0
817
949
857
1000
948
833
868
959
987
880
819
765
842
951
890
820
805
872
785
833
914
909
854
762
930
970
981
881
881
931
867
848
800
949
778
766
870
955
898
986
885
975
908
853
925
822
974
996
878
925
856
803
941
953
842
799
889
840
783
970
891
813
896
756
872
945
994
912
815
776
848
762
896
751
900
767
871
869
953
926
0
0
0
0
0
0
0
0
0
0
0
0
0
0
0
0
0
0
0
0
911
900
923
828
870
980
978
942
869
945
946
801
926
750
923
789
852
921
881
944
903
981
936
854
925
851
761
967
788
819
826
958
951
836
875
879
890
952
905
757
789
839
822
895
760
807
869
848
840
843
829
766
860
934
865
940
965
750
915
779
757
793
942
805
898
838
844
978
908
758
954
769
928
907
916
892
835
763
879
842
752
975
853
868
899
774
900
1000
912
938
906
980
934
761
815
966
761
812
817
911
0
0
0
0
0
0
0
0
0
0
0
0
0
0
0
0
0
0
0
0
784
768
792
957
906
768
904
878
891
850
847
847
956
771
822
792
988
838
980
768
978
876
796
812
864
947
775
810
960
989
956
960
762
894
811
921
868
765
864
897
915
794
978
932
774
898
805
875
796
805
838
991
977
907
801
798
972
873
829
856
893
904
993
966
863
899
938
754
770
992
871
859
844
992
976
751
825
977
949
900
0
0
0
0
0
0
0
0
0
0
0
0
0
0
0
0
0
0
0
0
876
889
847
968
805
858
986
836
916
890
896
796
902
832
775
880
985
862
827
865
881
986
863
898
915
891
946
980
841
873
953
883
950
943
754
961
878
813
889
993
780
766
776
935
866
987
987
782
809
765
760
799
924
903
871
818
783
946
936
757
816
753
872
963
967
862
799
876
798
815
959
975
858
916
992
784
794
904
857
923
0
0
0
0
0
0
0
0
0
0
0
0
0
0
0
0
0
0
0
0
913
861
855
936
763
857
802
836
915
992
815
900
955
956
795
796
976
790
971
864
910
983
871
807
984
809
796
957
942
925
975
855
759
863
829
877
837
907
953
994
844
872
845
792
855
865
991
896
841
828
962
945
955
763
804
998
908
844
953
805
879
914
951
817
865
1000
913
798
795
808
982
867
970
1000
780
757
859
837
1000
828
0
0
0
0
0
0
0
0
0
0
0
0
0
0
0
0
0
0
0
0
765
849
983
943
944
800
880
936
845
892
801
756
766
790
917
870
856
927
794
852
971
891
882
992
774
810
1000
779
751
760
800
903
901
958
968
824
833
908
832
983
827
814
911
950
799
972
890
814
810
779
917
848
800
816
852
972
919
851
870
816
868
781
775
805
884
971
973
837
917
800
909
913
890
773
968
966
801
982
948
870
0
0
0
0
0
0
0
0
0
0
0
0
0
0
0
0
0
0
0
0
930
998
818
876
920
965
973
980
991
850
979
828
810
751
811
951
950
852
794
947
925
885
935
907
980
792
969
858
779
757
875
769
997
854
933
972
895
982
970
779
838
887
926
996
879
789
988
977
914
836
795
867
931
792
850
961
901
795
926
882
788
877
928
972
840
895
973
964
919
778
837
990
793
996
787
994
972
963
833
980
0
0
0
0
0
0
0
0
0
0
0
0
0
0
0
0
0
0
0
0
843
791
918
915
975
816
781
934
891
894
957
795
840
870
940
921
812
795
945
787
855
792
930
790
751
766
985
892
978
820
894
974
996
835
981
948
888
961
969
987
985
879
865
915
952
768
861
794
884
756
923
750
758
992
945
934
846
867
996
982
991
854
822
829
904
887
901
991
844
793
937
803
870
991
854
792
847
972
868
978
0
0
0
0
0
0
0
0
0
0
0
0
0
0
0
0
0
0
0
0
828
839
875
974
935
844
852
758
807
817
771
750
915
810
852
976
958
833
927
910
788
872
894
770
889
952
758
974
786
812
792
913
934
882
957
797
808
811
971
959
810
875
789
851
760
852
984
913
972
774
791
952
940
901
963
841
907
985
888
859
887
941
964
883
833
752
869
861
866
875
932
937
947
937
911
968
934
978
959
942
0
0
0
0
0
0
0
0
0
0
0
0
0
0
0
0
0
0
0
0
850
976
961
959
936
976
997
813
986
929
784
931
999
815
901
787
755
906
827
893
894
791
794
873
755
907
895
814
886
862
755
884
862
798
973
887
957
981
999
819
839
881
845
880
789
982
959
956
842
786
750
753
785
763
953
995
840
999
939
833
783
990
935
974
762
857
948
931
908
806
978
857
995
996
762
866
759
965
987
869
0
0
0
0
0
0
0
0
0
0
0
0
0
0
0
0
0
0
0
0
980
869
880
911
954
901
849
941
756
976
948
811
807
928
799
995
839
995
968
863
788
985
801
761
801
873
887
832
991
828
974
770
817
880
866
795
755
910
862
957
858
755
976
813
907
967
996
755
857
806
905
875
829
755
759
971
813
969
987
884
941
881
861
867
781
814
828
878
845
750
993
932
915
770
921
845
788
803
880
945
0
0
0
0
0
0
0
0
0
0
0
0
0
0
0
0
0
0
0
0
753
980
866
832
880
964
954
878
999
761
836
930
942
995
850
940
835
750
761
905
914
791
790
899
902
883
860
855
896
772
762
888
857
912
836
842
964
822
962
906
942
788
769
948
778
961
920
842
958
976
898
902
847
751
923
919
867
882
895
932
896
971
880
966
859
940
927
750
849
819
807
938
769
758
937
765
771
905
819
946
0
0
0
0
0
0
0
0
0
0
0
0
0
0
0
0
0
0
0
0
968
810
983
904
939
975
947
965
821
1000
841
782
917
804
932
857
974
878
866
792
952
900
981
832
878
799
848
827
909
837
902
873
843
869
998
792
957
907
793
914
949
845
782
920
942
762
768
847
791
925
939
925
776
918
849
975
828
835
860
919
958
996
882
979
766
976
876
763
941
973
958
970
814
895
931
768
782
956
765
801
0
0
0
0
0
0
0
0
0
0
0
0
0
0
0
0
0
0
0
0
947
769
989
994
944
911
876
872
947
881
968
822
754
905
970
754
999
986
956
762
766
859
968
873
894
777
944
942
827
945
884
997
811
917
887
975
815
853
855
930
884
764
956
850
953
836
948
979
952
777
939
817
893
986
828
850
753
853
921
885
912
793
991
775
951
805
990
997
955
764
848
921
779
883
852
999
982
841
842
926
0
0
0
0
0
0
0
0
0
0
0
0
0
0
0
0
0
0
0
0
995
769
885
999
975
988
769
765
934
838
804
898
907
976
920
941
917
895
786
822
894
789
819
978
932
985
954
906
773
880
824
795
860
800
889
877
827
878
816
820
885
804
826
816
914
773
795
812
750
946
910
933
991
940
989
820
760
800
760
881
881
784
953
930
814
897
970
837
999
794
942
777
919
960
915
845
926
842
951
750
0
0
0
0
0
0
0
0
0
0
0
0
0
0
0
0
0
0
0
0
800
984
782
928
757
836
939
981
901
867
877
757
914
943
930
867
932
771
896
768
825
946
751
939
939
880
761
777
782
951
854
806
832
822
779
914
880
914
936
839
932
912
916
940
797
752
804
951
829
841
786
941
814
893
924
774
991
870
975
919
932
933
924
775
811
781
984
775
866
894
922
834
974
812
873
787
924
952
890
923
0
0
0
0
0
0
0
0
0
0
0
0
0
0
0
0
0
0
0
0
978
940
870
944
969
885
820
943
964
899
980
795
774
952
831
855
859
757
868
967
775
967
792
936
924
890
817
908
908
919
846
802
922
862
846
797
771
946
801
848
939
993
920
902
989
783
828
887
780
948
889
772
978
818
875
992
961
873
803
836
836
879
862
931
961
994
795
976
825
861
873
820
872
907
825
785
922
891
820
789
0
0
0
0
0
0
0
0
0
0
0
0
0
0
0
0
0
0
0
0
791
918
874
925
800
986
934
977
855
772
843
927
905
812
872
967
755
765
835
767
918
811
910
903
856
990
985
827
925
838
857
920
908
922
816
850
995
880
888
904
914
889
946
986
773
936
950
818
817
964
890
833
813
967
957
839
913
775
823
828
862
940
771
861
888
877
875
973
758
967
890
860
761
802
998
826
787
956
805
852
0
0
0
0
0
0
0
0
0
0
0
0
0
0
0
0
0
0
0
0
877
905
856
852
765
785
901
992
936
898
921
806
906
955
958
814
910
793
883
962
992
777
991
953
853
943
868
877
990
993
809
901
769
791
887
927
907
970
762
832
917
875
925
959
752
884
792
940
982
795
778
818
756
768
993
825
765
818
973
772
876
785
842
759
779
895
754
846
948
907
752
783
892
825
758
908
826
863
872
921
0
0
0
0
0
0
0
0
0
0
0
0
0
0
0
0
0
0
0
0
811
820
942
823
958
785
879
843
857
859
814
944
771
888
887
867
915
893
845
931
873
908
883
812
988
834
903
813
917
966
765
797
926
803
934
827
915
868
902
945
804
983
775
779
944
957
958
810
984
977
929
879
871
813
765
796
941
870
839
811
854
984
921
775
886
969
833
963
820
910
919
869
990
930
880
806
973
777
785
881
0
0
0
0
0
0
0
0
0
0
0
0
0
0
0
0
0
0
0
0
913
915
984
882
980
928
857
834
756
801
921
940
939
998
797
849
986
831
763
922
934
885
926
975
781
935
893
848
939
896
873
990
784
811
859
900
889
839
973
782
919
874
835
922
869
895
792
1000
820
820
769
980
792
765
796
992
768
973
956
795
980
807
830
928
800
769
808
762
910
999
866
845
904
941
862
906
871
893
833
944
0
0
0
0
0
0
0
0
0
0
0
0
0
0
0
0
0
0
0
0
980
758
934
937
803
923
990
833
972
783
819
916
950
847
849
882
799
876
993
920
869
952
754
983
990
994
950
956
865
878
917
946
956
978
858
887
790
896
832
828
997
971
974
852
791
944
922
883
773
964
798
827
835
826
808
858
780
872
874
867
779
907
816
884
877
852
906
762
974
893
776
993
867
870
900
934
886
817
914
903
784
876
913
765
930
843
828
850
980
753
968
947
995
800
978
791
877
811
913
980
0
0
0
0
0
0
0
0
0
0
0
0
0
0
0
0
0
0
0
0
773
850
770
947
842
821
907
881
998
806
826
925
904
857
892
971
852
813
980
962
863
760
960
826
820
880
816
791
761
855
887
773
987
946
803
953
939
930
877
834
811
897
892
835
819
884
985
931
903
872
805
962
783
850
993
859
890
875
909
981
768
889
861
849
998
791
839
976
869
980
810
769
769
984
940
918
905
820
915
758
0
0
0
0
0
0
0
0
0
0
0
0
0
0
0
0
0
0
0
0
904
834
932
890
929
994
761
759
884
976
876
864
768
752
981
920
829
962
824
884
909
756
786
858
784
882
1000
774
945
919
753
927
974
984
762
824
798
960
955
907
889
827
763
863
897
858
924
768
791
817
991
890
977
802
981
818
889
978
854
936
792
847
855
983
818
918
875
961
880
866
983
989
885
782
870
874
856
942
984
934
0
0
0
0
0
0
0
0
0
0
0
0
0
0
0
0
0
0
0
0
886
947
824
810
835
964
773
871
831
920
893
841
800
768
835
879
766
984
952
802
941
998
915
859
956
953
763
920
836
891
979
960
843
914
966
919
817
819
970
945
781
849
773
803
836
798
824
844
834
854
932
821
899
825
959
883
888
994
762
854
957
968
936
943
876
915
974
959
911
832
904
994
999
928
944
925
852
823
882
937
0
0
0
0
0
0
0
0
0
0
0
0
0
0
0
0
0
0
0
0
913
916
804
766
750
858
895
876
911
853
826
988
850
984
914
824
943
752
989
981
816
962
795
913
923
793
852
860
906
921
919
896
938
862
841
765
755
882
843
909
932
970
951
800
915
863
893
972
865
761
905
949
824
955
798
889
851
773
930
925
906
805
763
944
920
975
935
936
954
880
939
944
975
757
969
800
765
958
980
803
0
0
0
0
0
0
0
0
0
0
0
0
0
0
0
0
0
0
0
0
979
986
854
817
894
816
946
893
866
881
858
795
829
968
757
898
764
915
908
788
773
886
774
916
846
796
897
874
829
803
842
860
991
765
915
802
755
912
793
766
845
927
852
759
834
830
810
838
760
760
811
899
896
893
795
785
772
944
970
851
768
858
857
800
965
816
844
976
901
964
975
911
988
836
885
986
785
785
928
923
0
0
0
0
0
0
0
0
0
0
0
0
0
0
0
0
0
0
0
0
845
946
927
951
898
875
834
834
803
848
906
781
915
795
908
929
923
896
952
828
929
901
875
794
908
790
798
786
918
822
885
942
876
965
941
868
807
992
991
834
838
924
938
795
982
957
857
969
986
921
858
850
869
846
878
898
767
885
981
761
904
986
802
880
973
781
852
997
849
954
947
876
769
939
820
934
901
879
857
990
0
0
0
0
0
0
0
0
0
0
0
0
0
0
0
0
0
0
0
0
893
764
841
968
917
763
979
809
783
904
823
862
982
838
870
868
953
913
818
917
807
906
876
883
773
790
866
995
939
771
919
860
912
770
834
967
955
963
752
932
867
960
978
943
874
757
847
844
934
757
894
760
804
944
976
959
853
829
881
967
878
836
836
936
980
934
758
813
941
878
965
872
765
981
943
977
992
843
834
833
0
0
0
0
0
0
0
0
0
0
0
0
0
0
0
0
0
0
0
0
825
916
955
912
910
855
787
818
928
836
857
881
979
930
906
937
856
811
769
870
850
804
807
786
884
985
767
809
817
948
892
761
761
835
812
791
766
847
881
862
773
759
787
982
829
989
755
769
821
936
838
985
896
763
877
897
862
858
881
788
891
916
915
845
991
891
807
986
756
999
821
947
934
901
964
855
936
857
756
972
0
0
0
0
0
0
0
0
0
0
0
0
0
0
0
0
0
0
0
0
825
970
870
826
914
842
955
902
995
972
780
786
897
852
864
851
922
885
936
912
833
873
914
956
968
871
765
872
812
886
918
903
876
835
980
790
932
907
920
979
982
912
777
892
927
880
766
907
862
880
929
970
841
991
885
892
917
981
931
819
850
890
992
892
850
894
817
929
976
761
1000
881
838
867
899
772
898
859
801
783
0
0
0
0
0
0
0
0
0
0
0
0
0
0
0
0
0
0
0
0
886
750
882
935
892
996
841
765
986
943
980
954
761
761
844
911
993
967
893
785
940
783
789
966
947
764
953
856
781
779
776
783
963
798
942
942
893
824
784
949
855
983
772
980
959
766
947
970
864
887
985
950
752
898
882
813
834
935
867
826
847
896
815
801
979
957
771
784
948
836
841
968
804
877
980
843
921
814
921
819
0
0
0
0
0
0
0
0
0
0
0
0
0
0
0
0
0
0
0
0
953
796
788
885
877
931
982
968
818
816
814
886
762
803
755
980
876
960
883
832
990
896
769
753
803
833
857
993
971
765
823
836
829
791
822
850
993
877
943
774
892
904
841
798
978
753
937
881
880
911
982
991
791
902
995
752
931
911
848
958
847
796
900
756
828
795
750
931
811
930
782
822
898
757
795
927
806
944
940
916
0
0
0
0
0
0
0
0
0
0
0
0
0
0
0
0
0
0
0
0
865
905
838
964
909
818
813
938
772
901
980
899
938
965
774
908
882
979
793
925
860
834
777
817
981
814
923
835
799
777
753
893
869
841
815
831
986
752
919
840
889
922
840
791
784
931
830
905
874
846
850
871
866
972
932
982
976
982
800
951
956
902
955
766
810
840
915
999
807
942
917
754
907
914
774
905
906
771
939
950
0
0
0
0
0
0
0
0
0
0
0
0
0
0
0
0
0
0
0
0
750
964
779
881
767
772
993
968
975
785
773
899
764
951
874
884
789
858
763
858
842
762
774
960
948
888
934
904
847
951
866
904
755
857
988
898
909
998
998
887
900
925
784
837
887
751
864
859
752
816
927
885
948
791
793
850
761
908
949
836
771
832
956
790
751
870
810
815
928
995
804
905
976
943
952
812
955
888
998
847
0
0
0
0
0
0
0
0
0
0
0
0
0
0
0
0
0
0
0
0
891
755
865
933
771
792
939
858
761
785
972
819
852
776
939
891
826
914
954
954
918
792
987
801
914
995
953
764
875
980
868
771
870
941
784
886
767
984
916
800
777
827
756
773
967
918
855
945
936
913
877
765
762
772
769
917
821
963
778
875
822
775
795
917
811
940
852
901
799
850
932
970
920
930
831
872
958
887
797
849
0
0
0
0
0
0
0
0
0
0
0
0
0
0
0
0
0
0
0
0
810
845
876
786
830
886
827
866
869
924
899
779
871
971
827
933
851
966
792
800
839
950
989
835
876
864
866
886
808
959
939
824
777
912
939
851
751
867
836
778
968
946
978
882
923
895
833
826
835
854
848
990
843
898
988
855
773
985
766
879
792
880
796
870
951
921
976
787
995
940
857
754
941
867
855
967
814
867
849
882
0
0
0
0
0
0
0
0
0
0
0
0
0
0
0
0
0
0
0
0
950
819
922
832
802
756
970
770
820
806
950
999
880
810
883
898
777
910
979
795
846
1000
868
977
795
859
763
933
855
751
781
816
858
908
791
902
852
792
762
986
867
802
934
885
956
788
899
958
864
869
751
959
766
831
884
975
917
943
870
890
988
985
976
856
950
812
958
755
839
835
974
999
917
932
859
755
910
915
986
799
0
0
0
0
0
0
0
0
0
0
0
0
0
0
0
0
0
0
0
0
884
833
984
877
997
918
850
828
915
860
931
811
817
995
806
917
791
776
945
834
951
761
832
839
913
798
822
789
906
972
917
780
847
790
898
944
893
758
866
866
783
988
831
755
976
880
760
983
936
809
982
928
776
998
898
926
762
797
955
952
838
862
790
927
852
795
833
906
995
750
878
986
895
771
757
765
793
893
831
876
0
0
0
0
0
0
0
0
0
0
0
0
0
0
0
0
0
0
0
0
954
780
890
896
839
785
925
875
798
799
849
991
942
939
992
794
993
758
837
926
771
963
997
762
933
941
799
905
860
884
756
791
884
790
836
935
989
787
804
931
922
792
922
831
835
834
967
786
911
937
846
990
920
762
778
773
751
869
898
905
980
827
971
794
794
945
927
827
968
761
866
956
786
896
868
835
883
845
763
993
0
0
0
0
0
0
0
0
0
0
0
0
0
0
0
0
0
0
0
0
775
817
823
868
899
902
813
908
800
847
985
854
782
911
913
788
949
1000
942
927
845
911
823
827
898
935
922
928
986
771
901
846
866
958
755
932
798
967
837
949
987
875
976
892
866
841
852
999
793
783
886
984
810
962
869
842
755
853
986
757
768
865
864
852
947
787
910
893
863
905
792
762
822
768
967
767
962
931
922
920
0
0
0
0
0
0
0
0
0
0
0
0
0
0
0
0
0
0
0
0
918
927
811
944
942
828
895
906
894
769
993
967
855
760
858
750
888
821
853
872
877
829
938
754
900
918
920
774
787
765
915
765
956
936
956
910
914
917
853
872
900
751
939
755
787
950
859
831
821
992
825
970
776
841
896
783
927
842
885
789
978
881
910
971
925
855
788
894
788
914
952
766
894
825
775
918
992
873
934
869
773
904
886
913
979
845
893
825
825
886
953
865
750
891
810
950
884
954
775
918
0
0
0
0
0
0
0
0
0
0
0
0
0
0
0
0
0
0
0
0
825
830
877
875
917
999
850
943
996
784
857
878
895
883
782
936
800
773
874
776
922
890
958
970
839
906
969
972
794
838
755
755
958
927
828
861
927
980
975
839
876
986
983
891
885
792
872
791
985
791
900
859
789
946
967
811
777
908
885
952
850
834
947
916
986
946
764
916
970
750
796
905
964
755
845
819
833
780
817
927
0
0
0
0
0
0
0
0
0
0
0
0
0
0
0
0
0
0
0
0
928
797
938
902
879
843
817
854
923
811
932
924
756
858
891
814
778
850
796
985
954
990
753
959
917
828
978
921
908
969
936
974
895
903
899
994
763
939
908
822
796
863
871
882
935
930
894
794
801
790
981
968
819
751
792
910
991
883
926
754
770
932
824
804
854
927
841
955
870
882
788
838
779
865
876
922
984
890
823
811
0
0
0
0
0
0
0
0
0
0
0
0
0
0
0
0
0
0
0
0
891
911
899
911
907
973
798
983
854
974
820
828
896
816
987
804
895
886
780
912
819
868
966
797
996
783
798
894
869
882
897
982
764
861
933
994
801
825
853
895
812
898
807
992
907
790
770
873
761
899
832
873
978
939
936
903
953
812
975
983
947
890
810
766
817
951
968
912
826
935
885
964
881
933
786
832
877
896
868
944
0
0
0
0
0
0
0
0
0
0
0
0
0
0
0
0
0
0
0
0
860
954
871
938
823
870
770
866
900
980
816
808
814
849
841
817
895
802
888
808
936
994
798
767
834
827
863
999
914
822
874
800
751
913
780
853
881
1000
925
760
864
915
984
774
980
751
889
755
801
902
878
894
932
939
924
856
853
988
781
990
842
929
835
750
894
898
917
910
914
892
877
909
767
771
830
802
997
839
899
942
0
0
0
0
0
0
0
0
0
0
0
0
0
0
0
0
0
0
0
0
792
895
765
898
991
840
794
967
957
752
754
754
907
862
960
913
960
839
893
897
961
917
756
935
951
782
867
828
809
785
858
946
990
956
781
887
824
984
822
807
947
891
809
810
792
766
952
907
873
883
799
777
985
880
890
990
943
834
935
994
821
994
964
858
816
875
763
855
842
996
931
818
772
792
886
756
918
785
902
828
0
0
0
0
0
0
0
0
0
0
0
0
0
0
0
0
0
0
0
0
982
980
927
768
915
953
757
929
926
974
927
886
904
938
963
833
832
956
832
869
979
999
896
871
956
995
814
866
828
900
855
802
826
864
788
776
938
874
974
869
775
946
796
1000
969
985
758
895
887
860
848
944
954
761
817
985
868
903
893
950
907
761
773
895
946
834
979
787
955
841
982
813
993
939
827
970
850
925
813
895
0
0
0
0
0
0
0
0
0
0
0
0
0
0
0
0
0
0
0
0
961
900
816
755
982
832
944
891
753
806
908
976
780
872
1000
870
777
980
992
763
807
765
932
917
1000
998
972
871
976
997
993
997
767
889
971
966
760
959
996
848
810
980
957
779
858
892
974
814
832
855
827
942
906
777
908
827
877
813
848
956
881
759
871
876
893
834
809
818
902
765
968
938
968
858
866
770
828
875
908
906
0
0
0
0
0
0
0
0
0
0
0
0
0
0
0
0
0
0
0
0
881
959
971
980
983
862
897
883
879
822
982
961
891
882
854
872
794
962
826
862
784
929
976
750
969
804
963
800
991
963
918
770
769
919
779
811
972
919
878
840
960
841
942
751
779
978
786
886
991
896
909
827
773
782
908
925
990
917
939
865
998
884
831
911
866
803
783
928
995
986
818
772
975
761
869
820
915
798
800
894
0
0
0
0
0
0
0
0
0
0
0
0
0
0
0
0
0
0
0
0
906
860
815
887
927
851
757
959
962
796
924
937
1000
944
802
851
754
799
858
959
915
911
990
866
937
839
775
927
968
868
765
937
837
892
979
791
812
927
925
843
989
873
925
760
757
820
812
862
828
772
837
945
880
951
919
838
993
966
896
878
806
976
920
853
881
848
904
836
972
943
816
901
785
785
924
806
860
799
847
769
0
0
0
0
0
0
0
0
0
0
0
0
0
0
0
0
0
0
0
0
780
861
873
868
871
831
784
964
782
899
824
930
830
965
861
944
973
968
963
978
823
764
958
936
815
860
778
974
760
939
815
797
887
773
827
875
939
933
856
829
956
953
975
800
875
894
792
755
974
762
902
884
824
854
846
857
809
765
873
917
826
876
893
826
858
906
823
857
780
980
814
980
773
972
899
950
931
849
985
993
0
0
0
0
0
0
0
0
0
0
0
0
0
0
0
0
0
0
0
0
962
790
997
758
772
755
866
948
976
856
907
958
974
973
886
897
800
905
761
754
950
854
945
752
861
776
838
978
994
781
966
942
834
897
821
959
857
817
803
766
960
883
855
903
769
974
913
884
770
888
873
997
795
806
802
920
901
797
990
946
925
864
841
988
795
781
862
881
786
954
886
899
899
819
779
999
811
991
854
967
0
0
0
0
0
0
0
0
0
0
0
0
0
0
0
0
0
0
0
0
755
970
884
991
893
866
899
997
876
829
902
834
986
894
945
814
756
876
884
939
959
874
973
830
932
921
844
858
992
982
775
769
940
902
886
813
887
939
941
860
762
950
759
901
997
996
934
862
817
857
843
811
860
832
922
908
769
926
784
956
904
768
800
850
829
915
982
979
897
761
762
938
764
852
871
880
817
942
782
855
0
0
0
0
0
0
0
0
0
0
0
0
0
0
0
0
0
0
0
0
984
867
978
925
939
813
870
784
982
760
956
750
969
934
906
796
852
779
951
887
766
822
851
791
867
881
781
752
853
779
859
980
864
892
833
959
863
941
953
934
894
943
863
958
854
835
882
798
880
912
869
917
800
822
862
922
791
803
811
978
857
752
768
984
968
795
838
930
852
761
803
965
951
776
971
810
995
939
911
760
0
0
0
0
0
0
0
0
0
0
0
0
0
0
0
0
0
0
0
0
931
789
934
834
785
855
774
840
860
872
917
829
875
990
890
936
908
771
856
923
982
757
985
882
939
803
970
857
856
957
939
812
958
968
871
915
754
904
842
865
811
754
829
968
933
981
957
973
866
836
998
887
889
779
846
816
887
934
859
858
892
981
835
914
757
908
870
906
864
844
755
774
874
939
827
883
806
992
913
858
0
0
0
0
0
0
0
0
0
0
0
0
0
0
0
0
0
0
0
0
861
910
855
830
840
914
930
872
913
791
966
904
860
856
860
793
801
886
899
981
960
964
979
812
916
845
927
777
924
965
854
987
918
967
896
932
843
919
799
940
921
961
877
824
972
948
797
887
795
842
792
975
877
914
797
850
927
827
900
887
971
920
879
824
898
929
868
937
851
911
980
908
884
891
933
898
917
794
788
750
0
0
0
0
0
0
0
0
0
0
0
0
0
0
0
0
0
0
0
0
976
906
878
827
828
821
755
760
929
935
925
755
766
877
778
917
911
754
949
980
911
908
805
879
931
966
849
859
882
765
990
922
879
879
901
836
993
853
889
965
868
878
837
833
895
888
808
957
755
964
957
815
827
880
771
995
907
915
889
790
852
829
766
943
764
923
953
856
922
993
876
882
789
826
851
777
791
993
949
888
0
0
0
0
0
0
0
0
0
0
0
0
0
0
0
0
0
0
0
0
915
771
921
813
949
940
969
901
835
927
978
939
921
769
997
897
907
931
972
808
868
777
778
836
834
853
910
822
876
900
989
811
765
949
908
916
938
831
840
750
765
813
907
908
982
961
811
981
910
822
907
853
878
914
946
880
970
868
839
896
813
962
984
752
915
896
913
811
885
967
960
979
858
914
966
910
776
758
1000
821
0
0
0
0
0
0
0
0
0
0
0
0
0
0
0
0
0
0
0
0
767
917
930
971
793
810
918
909
773
878
834
993
891
751
810
970
989
856
750
872
997
767
983
811
948
922
988
993
937
925
800
802
956
799
945
893
964
981
783
915
864
889
953
832
970
969
971
999
862
962
793
855
816
936
801
888
762
902
973
832
980
824
952
989
908
952
818
769
936
893
883
793
763
954
792
979
945
837
942
853
0
0
0
0
0
0
0
0
0
0
0
0
0
0
0
0
0
0
0
0
869
958
771
821
799
837
838
841
859
766
756
864
970
800
885
932
961
768
919
848
823
834
767
791
929
966
753
831
914
777
823
929
764
773
839
898
789
822
970
779
897
993
994
983
779
987
959
819
957
906
914
930
820
839
848
904
832
945
782
828
962
884
802
981
788
828
917
870
912
785
832
925
858
954
800
795
834
926
927
872
0
0
0
0
0
0
0
0
0
0
0
0
0
0
0
0
0
0
0
0
979
756
939
885
903
839
832
820
814
815
867
775
864
900
869
937
870
973
991
850
760
990
938
908
876
919
898
844
776
954
761
901
935
811
798
897
850
946
891
757
915
780
844
827
838
985
810
839
858
942
949
884
885
932
939
914
917
804
919
997
863
909
941
816
773
929
807
850
833
940
990
860
842
918
839
846
951
771
845
877
825
928
891
860
792
982
961
881
906
780
962
755
984
931
861
976
915
767
869
979
0
0
0
0
0
0
0
0
0
0
0
0
0
0
0
0
0
0
0
0
766
975
935
819
771
989
983
931
932
777
962
813
973
788
773
983
858
943
813
793
794
766
872
814
887
879
875
881
755
788
845
764
804
912
993
889
875
983
874
971
760
756
998
962
886
901
906
804
873
783
896
834
762
792
950
1000
761
963
911
829
830
797
911
954
895
980
900
959
860
861
790
970
867
789
910
906
771
917
958
756
0
0
0
0
0
0
0
0
0
0
0
0
0
0
0
0
0
0
0
0
758
906
779
933
769
890
939
952
811
918
990
854
925
829
823
974
762
932
896
942
978
776
845
911
926
865
789
845
976
769
782
956
826
916
920
946
925
775
835
974
960
786
915
795
774
875
876
807
914
789
769
777
774
987
989
868
832
997
823
938
877
938
899
871
765
927
816
971
815
873
997
884
978
934
855
878
921
930
771
939
0
0
0
0
0
0
0
0
0
0
0
0
0
0
0
0
0
0
0
0
831
936
765
760
880
932
842
944
768
858
987
895
901
871
995
757
891
878
756
805
932
935
792
950
996
915
851
880
813
948
920
850
816
940
902
986
959
779
922
852
826
858
859
913
916
794
883
786
956
966
753
817
960
801
835
977
839
762
827
754
875
902
911
938
898
768
755
980
887
868
758
991
925
834
830
827
813
971
821
885
0
0
0
0
0
0
0
0
0
0
0
0
0
0
0
0
0
0
0
0
975
861
754
792
892
804
954
799
863
943
978
977
795
923
914
869
810
839
872
898
774
866
855
799
879
952
760
789
907
778
942
953
914
797
989
773
752
944
869
791
820
784
956
923
846
908
773
884
968
947
803
981
948
914
876
795
913
933
898
900
917
879
907
823
991
915
982
983
927
871
772
893
939
785
840
828
949
793
799
903
0
0
0
0
0
0
0
0
0
0
0
0
0
0
0
0
0
0
0
0
754
793
942
760
824
909
989
811
767
991
861
896
798
816
813
844
807
966
945
838
898
987
865
972
789
768
852
982
967
961
762
836
773
752
783
936
884
957
895
944
880
882
953
793
796
790
790
985
871
764
833
814
888
995
864
859
798
941
935
918
999
843
973
870
840
953
832
862
851
831
755
866
813
855
914
821
940
810
837
839
0
0
0
0
0
0
0
0
0
0
0
0
0
0
0
0
0
0
0
0
943
787
891
999
998
889
916
991
829
846
952
867
951
872
774
921
887
977
994
844
805
987
991
890
988
861
984
959
996
920
768
948
795
804
828
950
792
958
792
922
816
1000
763
852
897
798
866
767
765
953
857
923
934
953
866
763
822
799
922
920
850
817
798
770
794
757
944
897
757
784
866
899
870
774
930
755
969
918
838
832
0
0
0
0
0
0
0
0
0
0
0
0
0
0
0
0
0
0
0
0
753
880
929
778
852
814
866
884
762
964
792
914
797
872
791
956
774
997
912
978
875
782
896
814
977
794
913
956
755
842
847
979
812
951
887
818
940
810
1000
883
791
774
920
860
874
786
995
809
872
856
993
835
904
764
886
933
789
905
928
774
943
854
983
866
967
929
891
883
959
964
948
997
784
840
872
760
901
909
841
820
0
0
0
0
0
0
0
0
0
0
0
0
0
0
0
0
0
0
0
0
791
790
750
911
783
941
871
959
856
810
751
864
964
841
958
869
930
879
815
908
796
809
841
810
914
884
972
842
857
958
791
952
750
829
780
817
982
984
820
773
761
945
836
906
829
918
939
817
812
781
971
799
847
875
808
855
906
860
986
787
996
923
854
900
957
926
753
879
962
782
976
876
982
860
913
929
835
773
859
814
0
0
0
0
0
0
0
0
0
0
0
0
0
0
0
0
0
0
0
0
935
763
877
878
857
841
797
757
863
862
816
757
779
825
846
791
767
989
776
758
805
765
828
779
836
756
774
786
806
976
925
777
946
841
948
964
795
977
820
964
855
919
891
921
803
822
771
948
886
779
765
777
951
980
959
751
972
884
771
765
784
811
974
980
752
974
806
822
796
899
856
829
760
872
791
935
927
878
766
815
0
0
0
0
0
0
0
0
0
0
0
0
0
0
0
0
0
0
0
0
817
776
843
856
773
797
883
967
900
904
779
886
808
757
846
764
808
849
848
954
838
760
962
917
795
923
791
750
905
898
939
939
910
786
889
890
778
929
769
798
887
753
979
919
842
885
919
892
918
776
823
753
866
868
939
781
917
756
901
915
857
932
820
816
754
927
908
982
924
824
907
902
956
917
966
925
978
834
756
867
0
0
0
0
0
0
0
0
0
0
0
0
0
0
0
0
0
0
0
0
790
915
940
881
917
900
967
946
808
871
935
872
752
880
905
908
976
910
762
769
991
799
945
848
867
750
952
753
875
902
925
817
933
941
772
833
818
879
980
827
773
927
960
896
860
942
860
761
903
783
836
893
904
771
824
816
780
791
846
765
878
924
828
808
754
886
976
961
937
930
958
834
750
829
904
755
939
993
864
775
0
0
0
0
0
0
0
0
0
0
0
0
0
0
0
0
0
0
0
0
876
807
950
920
810
947
853
782
813
867
842
853
890
784
796
777
997
893
896
928
977
924
955
800
931
758
940
785
829
847
776
893
991
814
978
813
756
871
792
835
987
974
843
938
991
876
912
761
876
963
829
869
755
870
777
858
847
884
866
956
895
756
896
814
907
904
780
891
1000
830
974
986
969
875
860
766
921
891
970
864
0
0
0
0
0
0
0
0
0
0
0
0
0
0
0
0
0
0
0
0
996
942
902
978
867
963
810
861
886
926
813
824
916
773
872
997
834
806
751
907
907
903
763
816
792
992
901
763
755
751
918
986
940
893
818
967
768
813
765
826
946
984
914
862
765
965
770
835
835
798
791
841
857
941
912
908
790
790
958
936
883
858
816
849
862
938
872
882
944
965
973
894
934
990
856
877
769
751
800
900
0
0
0
0
0
0
0
0
0
0
0
0
0
0
0
0
0
0
0
0
791
980
903
977
932
934
814
821
819
893
924
868
890
831
789
901
898
807
900
916
801
871
804
852
850
945
963
953
759
923
849
828
989
924
875
957
993
765
796
808
803
762
966
841
915
941
834
812
980
942
822
815
988
784
939
791
898
836
755
956
782
891
987
841
960
963
1000
854
802
861
886
945
906
890
860
778
997
810
885
869
0
0
0
0
0
0
0
0
0
0
0
0
0
0
0
0
0
0
0
0
806
958
968
892
990
882
924
890
979
984
903
789
947
956
992
990
937
851
767
892
798
818
998
972
961
934
841
995
971
919
975
850
820
774
992
839
825
796
992
858
953
824
919
765
802
868
967
791
790
942
850
831
898
886
851
902
944
935
932
910
936
814
804
817
913
833
870
872
851
944
897
814
796
936
793
917
897
970
932
937
0
0
0
0
0
0
0
0
0
0
0
0
0
0
0
0
0
0
0
0
938
860
817
856
792
843
948
872
768
924
820
896
791
915
972
972
848
850
871
835
972
783
908
919
901
846
907
840
813
867
828
753
760
991
961
913
765
941
768
780
939
798
817
755
755
807
955
766
932
893
993
986
909
767
751
852
893
989
798
914
800
778
895
895
960
832
777
794
754
973
800
756
852
908
801
911
907
989
961
870
0
0
0
0
0
0
0
0
0
0
0
0
0
0
0
0
0
0
0
0
804
837
777
889
786
822
799
839
856
855
859
969
847
924
923
852
859
999
869
763
873
946
844
851
795
867
985
999
969
882
835
853
800
870
873
775
818
870
973
872
930
960
819
882
912
992
963
847
907
824
877
752
998
984
867
792
758
787
967
917
773
850
886
802
839
956
980
962
799
968
905
876
779
771
886
754
931
856
768
973
0
0
0
0
0
0
0
0
0
0
0
0
0
0
0
0
0
0
0
0
890
787
890
927
781
988
972
975
784
825
808
912
969
841
771
839
930
790
953
879
829
936
953
870
926
996
888
939
987
895
860
921
760
975
803
823
973
839
956
874
877
955
970
843
793
991
752
881
920
784
943
919
998
916
836
762
866
804
837
853
874
796
780
888
893
832
992
826
858
963
761
884
951
856
899
949
972
750
919
991
0
0
0
0
0
0
0
0
0
0
0
0
0
0
0
0
0
0
0
0
891
819
915
759
900
892
756
794
950
843
806
991
948
949
936
845
973
818
926
842
856
757
805
816
882
982
859
833
884
932
919
885
881
919
836
828
772
811
795
867
834
907
945
909
766
834
932
862
979
949
774
840
887
800
778
986
866
931
949
872
776
985
912
808
897
869
763
862
959
978
754
939
887
923
981
980
808
872
848
850
0
0
0
0
0
0
0
0
0
0
0
0
0
0
0
0
0
0
0
0
