0
621
355
150
4
0
0
59
347
0
0
0
235
0
0
0
0
0
0
0
0
0
0
119
0
195
0
314
337
0
0
0
0
0
0
145
0
385
0
978
352
0
0
0
0
700
121
230
0
0
0
0
78
670
0
0
235
0
0
313
0
60
54
60
0
936
0
0
143
0
0
0
0
0
73
54
0
0
0
0
0
0
0
312
0
0
0
0
73
0
0
0
0
0
991
0
0
0
0
317
621
0
985
0
646
647
0
0
0
0
5
0
0
0
44
159
0
0
187
0
0
0
254
0
0
161
0
0
0
757
24
147
14
0
0
0
338
0
0
0
0
0
0
0
0
178
216
0
0
221
0
0
0
266
176
0
0
149
245
603
301
171
0
94
0
0
39
0
651
0
101
705
0
0
0
0
259
0
369
0
0
0
0
0
0
0
0
0
0
187
0
0
0
0
0
0
0
0
0
173
355
985
0
771
44
0
946
0
63
0
0
0
0
0
0
0
0
0
0
0
10
0
0
773
0
0
0
0
0
0
0
0
0
0
150
866
0
0
0
170
0
0
10
958
0
0
0
392
26
0
0
0
0
0
284
0
0
0
0
347
0
0
0
0
0
714
377
0
0
0
0
0
249
0
77
0
0
37
0
0
0
0
0
0
0
0
0
0
0
0
0
387
154
756
0
0
47
0
0
0
150
0
771
0
631
0
0
914
0
320
0
31
0
0
0
0
0
0
0
963
0
0
375
223
0
209
0
0
0
0
220
0
327
0
0
238
0
0
0
0
0
0
0
0
0
0
0
0
0
0
0
0
0
0
289
0
0
125
0
0
0
0
0
0
0
87
0
0
0
0
222
6
223
0
0
79
0
0
0
0
0
0
0
0
0
944
268
0
0
0
0
0
0
734
0
0
347
0
0
0
4
646
44
631
0
0
0
0
884
0
0
0
814
0
289
225
378
626
0
0
0
0
0
0
0
174
0
0
83
395
817
0
0
0
0
48
226
0
0
204
0
263
0
0
0
0
848
378
0
0
0
0
0
0
200
0
0
0
0
159
0
0
0
0
0
0
192
0
0
0
93
380
0
0
0
0
0
200
310
0
0
0
0
0
709
721
0
0
0
0
0
0
0
796
0
0
0
394
785
0
0
647
0
0
0
0
346
100
362
785
0
823
0
0
0
0
0
0
302
63
746
0
0
0
0
0
0
0
888
0
213
0
0
0
0
0
623
0
0
0
0
0
0
0
288
0
380
0
0
0
11
225
0
185
0
0
0
0
0
0
325
0
0
0
0
0
0
20
0
164
0
0
0
0
0
810
38
0
263
0
250
623
0
0
0
0
0
0
392
0
0
76
86
0
111
0
0
0
646
0
0
0
946
0
0
346
0
727
36
0
780
0
0
0
0
0
134
132
0
0
88
0
350
212
0
0
623
706
0
243
0
0
207
732
0
0
0
0
0
0
0
859
0
0
0
36
0
0
172
0
0
0
0
0
0
0
0
0
869
51
0
0
177
0
0
0
0
238
0
0
0
0
0
351
205
0
0
0
0
235
0
168
0
0
0
0
875
0
112
0
0
355
0
631
0
906
0
0
0
76
59
0
0
914
0
100
727
0
811
0
942
875
0
314
0
0
0
12
0
0
0
0
0
0
0
0
0
0
0
0
0
0
0
167
317
0
0
0
0
302
0
329
0
0
0
0
0
37
0
84
0
0
0
855
272
0
379
385
0
0
0
297
861
0
0
0
0
0
0
0
0
0
0
0
0
0
0
0
0
45
0
0
0
0
207
666
0
0
932
205
0
78
0
0
0
882
0
382
0
0
347
0
63
0
884
362
36
811
0
0
253
0
980
0
0
0
0
0
0
0
0
0
0
0
0
0
0
0
0
0
0
0
0
0
0
0
0
0
0
0
0
0
324
182
0
365
0
323
395
0
0
0
0
0
136
0
119
989
0
0
0
0
0
112
0
614
0
0
0
0
0
0
44
0
0
0
240
0
0
0
0
0
0
0
0
0
0
0
175
971
0
178
0
0
0
0
374
0
0
0
0
0
0
320
0
785
0
0
0
0
803
0
659
242
0
285
378
0
294
0
0
632
0
0
0
0
0
0
0
0
0
0
0
0
0
0
0
0
0
223
276
0
0
0
366
0
97
0
924
17
0
0
0
0
0
0
0
0
0
0
0
0
0
0
0
0
944
0
0
0
0
0
0
18
0
758
0
0
0
22
0
0
348
0
0
0
0
0
0
0
0
0
0
0
0
0
624
0
335
0
0
5
0
0
0
0
780
942
253
803
0
851
0
0
774
126
0
150
0
722
0
216
0
0
0
610
0
79
51
314
0
0
0
0
0
709
131
0
0
45
0
0
0
0
0
0
0
81
0
0
0
0
0
0
869
0
0
908
0
0
177
0
0
0
0
0
0
0
12
37
0
63
0
0
0
0
0
0
0
0
0
0
0
185
257
288
0
0
46
987
0
0
0
0
296
301
0
0
0
672
0
0
0
31
0
823
0
875
0
0
851
0
912
37
0
663
0
173
335
0
0
34
258
0
0
0
0
0
0
0
0
0
0
0
0
0
0
0
0
0
695
0
0
799
0
0
0
0
0
0
0
0
0
0
0
275
0
0
0
0
0
0
392
0
0
0
0
0
0
0
822
0
684
0
0
0
0
0
0
0
0
949
0
0
253
0
207
0
217
273
0
339
252
0
0
0
343
914
0
600
235
0
0
0
814
0
0
0
980
659
0
912
0
196
0
0
808
70
0
221
247
201
0
839
0
0
0
0
63
0
0
0
327
0
0
0
0
0
0
152
0
0
151
103
0
338
0
0
0
0
0
725
290
0
0
0
364
0
0
0
0
0
324
207
0
0
0
0
0
791
0
0
0
0
0
0
356
0
0
0
0
0
0
245
3
0
0
0
0
0
0
0
302
0
241
179
0
0
56
0
0
0
0
0
0
0
0
314
0
242
0
37
196
0
894
31
318
941
0
0
0
0
0
169
0
210
340
0
0
64
0
0
319
0
758
730
984
826
63
0
0
807
0
0
0
287
0
0
304
0
0
0
0
243
175
0
0
0
0
0
0
0
109
221
0
0
0
750
0
0
0
0
0
697
310
0
0
0
0
872
0
0
0
972
0
0
934
0
0
168
0
0
0
0
0
40
0
0
0
30
0
44
0
0
289
0
0
0
0
0
774
0
0
894
0
659
0
0
353
0
394
0
39
0
0
0
231
0
701
387
0
0
706
0
836
0
0
171
0
734
0
0
214
0
226
0
0
260
0
248
84
2
359
0
0
0
0
109
0
0
0
0
0
0
0
0
0
320
0
795
0
0
0
0
0
802
0
0
821
0
932
110
181
0
0
0
916
0
0
0
0
0
72
0
73
279
0
0
0
0
0
159
0
0
225
0
0
0
0
285
126
663
0
31
659
0
652
650
0
639
0
0
889
0
815
0
0
0
0
0
0
0
0
0
0
0
0
0
0
0
0
0
0
0
136
0
0
282
0
0
0
794
0
0
0
102
0
0
0
247
82
0
0
0
879
0
0
0
0
0
0
112
73
0
0
0
185
196
0
269
198
0
0
0
0
0
294
255
0
0
0
0
0
0
0
0
0
0
0
0
0
0
0
0
378
0
134
0
0
378
0
0
808
318
0
652
0
0
0
0
800
287
0
0
0
877
0
317
0
0
333
240
0
0
0
0
0
0
0
0
0
0
0
0
172
0
0
0
0
0
0
192
0
8
91
0
0
0
0
394
0
0
0
0
0
0
0
0
0
0
184
0
0
0
43
367
0
0
0
257
0
0
0
226
0
0
0
36
0
0
176
29
0
0
0
0
0
0
0
0
0
0
0
0
626
0
132
12
0
0
150
173
70
941
0
650
0
0
778
0
916
397
0
607
999
0
0
0
0
0
0
0
252
0
0
8
0
0
789
0
0
0
0
0
981
0
0
0
0
0
935
0
0
0
342
0
52
997
0
0
0
126
0
0
0
0
0
0
0
0
0
0
0
0
0
940
0
0
0
0
40
114
0
0
0
0
0
0
0
0
0
0
391
0
0
0
0
0
0
158
0
187
0
0
0
302
0
0
0
294
0
335
0
0
353
0
0
778
0
262
0
0
658
219
0
788
167
0
0
0
378
312
0
0
0
0
0
0
0
0
334
1
0
216
0
0
241
221
0
0
89
0
0
0
0
0
324
0
0
254
0
0
0
234
0
0
0
0
24
0
0
0
0
0
0
0
0
0
0
0
363
0
0
0
0
0
102
158
0
282
81
202
0
0
0
0
282
0
252
226
0
0
0
963
0
63
0
0
0
0
722
0
221
0
0
639
0
0
262
0
849
0
979
604
0
0
0
91
0
0
0
0
0
0
0
244
0
0
132
0
0
0
294
0
0
63
0
0
0
0
0
0
283
0
0
982
0
0
375
0
0
0
0
988
0
0
0
941
0
0
0
152
0
390
0
0
0
0
0
0
0
0
0
0
0
0
0
0
0
277
130
0
0
0
0
380
0
0
0
383
0
0
10
0
0
746
88
0
0
0
0
0
247
0
394
0
800
916
0
849
0
126
0
14
952
29
0
203
0
839
0
0
0
22
0
181
384
0
0
0
662
798
0
0
607
0
0
302
208
0
0
0
0
0
749
0
363
0
0
0
389
0
0
0
0
0
0
0
0
0
0
392
0
0
0
326
0
0
255
277
0
5
127
0
304
900
0
0
0
0
0
0
0
0
0
0
0
0
0
342
0
0
0
0
0
0
0
0
0
632
216
34
201
0
0
0
287
397
0
0
126
0
970
940
896
307
0
0
0
0
0
0
0
0
851
0
0
0
0
0
332
71
603
0
0
741
0
0
92
0
384
0
0
0
301
0
0
0
0
0
0
0
0
0
0
0
0
0
941
0
0
955
380
0
175
0
0
0
0
0
0
731
227
0
0
0
0
0
0
0
0
0
0
0
0
368
0
4
0
234
0
254
0
375
0
0
350
0
0
0
0
258
0
0
39
889
0
0
658
979
0
970
0
691
0
0
763
7
113
0
0
381
88
950
0
0
0
119
0
0
0
0
0
246
0
0
0
0
0
631
0
0
0
0
0
0
115
0
0
0
833
0
0
0
0
0
0
919
0
0
0
0
0
0
0
0
116
0
0
0
0
0
0
0
0
0
267
0
0
0
25
0
0
0
0
925
131
0
0
0
119
0
773
223
0
0
212
0
0
0
0
0
839
169
0
0
0
607
219
604
14
940
691
0
823
0
213
842
0
0
0
0
0
0
645
0
271
176
0
0
0
171
352
172
0
0
98
0
71
0
0
0
783
0
0
0
323
0
0
0
0
0
124
390
338
0
0
0
0
376
0
354
9
0
143
0
95
0
0
0
390
675
0
0
281
0
0
938
0
0
0
0
0
301
0
0
0
0
104
942
0
0
0
0
0
0
0
0
0
0
0
0
0
0
0
815
0
999
0
0
952
896
0
823
0
0
118
0
952
0
0
0
11
97
0
193
0
0
0
0
0
932
0
261
0
0
0
0
0
0
0
56
978
0
0
354
0
0
0
103
0
0
283
833
325
331
0
121
0
970
0
193
0
0
0
0
0
119
0
0
0
0
0
57
0
0
0
687
0
10
0
0
180
0
324
0
0
96
267
0
195
161
0
209
174
0
0
0
0
0
610
0
0
210
0
0
877
0
788
0
29
307
0
0
0
0
725
0
647
859
0
0
388
0
0
0
785
372
0
307
0
48
0
0
0
0
0
0
0
0
0
0
0
0
0
0
784
0
0
0
0
0
162
0
0
0
134
0
231
0
739
0
209
0
0
0
0
0
0
0
225
0
0
0
40
0
39
198
0
256
0
290
57
0
952
0
299
0
0
0
0
0
0
0
0
0
623
0
0
0
0
0
0
340
231
0
0
0
167
0
0
0
763
213
118
725
0
688
0
700
972
0
0
0
0
247
0
0
0
0
0
0
0
141
0
0
0
672
0
270
0
274
0
0
0
903
59
45
0
0
0
890
0
28
0
0
0
765
0
378
0
0
0
0
0
0
925
0
0
324
0
0
848
0
0
177
0
343
214
0
0
232
0
252
0
621
0
0
22
0
314
0
0
0
0
0
706
0
0
0
79
0
0
0
0
0
317
0
0
91
203
0
7
842
0
0
688
0
784
0
73
879
0
0
0
205
732
0
0
0
0
201
0
0
53
0
0
0
0
0
0
0
0
0
0
179
0
0
0
394
856
245
0
0
0
900
0
0
0
0
286
0
0
322
0
964
255
339
0
0
0
337
0
155
0
0
346
0
0
0
0
0
0
970
0
0
0
0
0
273
337
0
0
0
83
888
0
0
0
0
51
0
63
0
701
0
0
0
0
0
0
0
113
0
952
647
0
784
0
41
0
396
630
0
0
0
0
0
0
0
0
333
0
0
0
0
0
750
0
0
0
0
661
0
12
833
0
0
0
0
0
0
0
0
0
0
12
0
0
0
0
0
0
0
0
301
0
265
0
0
0
306
0
0
60
0
0
0
0
0
0
174
0
0
0
0
0
0
0
604
0
757
0
0
395
0
243
0
0
0
314
0
0
64
387
0
0
0
0
0
839
0
0
0
0
859
700
0
41
0
863
0
780
701
148
6
0
0
0
674
907
146
0
0
0
0
166
235
0
25
0
772
0
0
54
0
91
0
0
0
0
0
0
136
0
0
660
0
0
0
0
0
929
0
0
7
0
0
0
0
6
0
0
169
37
0
0
0
0
228
0
0
0
0
0
0
79
0
0
0
0
24
0
220
817
213
0
0
0
0
0
0
0
0
0
0
333
0
378
0
0
0
0
0
0
0
972
73
0
863
0
680
0
107
318
22
0
160
0
777
0
0
0
0
0
0
0
0
0
0
0
0
696
0
0
0
0
0
0
0
0
0
0
717
0
0
0
369
41
0
0
0
0
0
242
129
0
0
0
0
0
0
789
0
0
0
0
0
0
0
119
0
0
0
225
0
72
0
909
690
0
147
0
0
0
0
0
0
0
0
0
0
0
0
0
0
240
0
312
0
0
0
381
0
0
0
0
879
396
0
680
0
646
0
0
912
0
0
0
151
0
0
14
0
0
0
0
0
672
0
40
0
366
0
0
0
70
0
0
0
0
0
0
0
311
218
39
187
0
79
0
0
89
0
0
0
0
0
0
0
997
0
0
0
816
0
0
100
206
0
0
333
0
0
0
0
0
239
0
379
0
14
0
327
0
0
207
0
0
0
0
0
327
319
706
0
0
252
0
0
0
0
88
0
11
388
0
0
630
780
0
646
0
0
0
0
828
0
0
0
0
4
0
0
984
329
0
0
713
0
0
0
0
0
0
0
0
0
0
0
0
0
0
249
0
0
0
0
0
755
0
0
0
0
392
0
0
0
0
380
0
0
0
0
771
0
0
0
0
0
0
0
0
800
274
0
0
0
355
0
0
0
0
0
0
0
732
167
0
0
0
0
0
0
0
0
0
0
0
0
22
0
950
0
97
0
0
0
0
701
107
0
0
0
750
0
111
387
0
613
0
268
99
0
0
0
0
0
0
0
0
0
252
0
302
95
892
0
0
0
0
208
0
0
0
0
0
72
0
0
677
0
47
0
0
365
272
0
0
0
158
0
0
0
0
0
668
314
0
0
0
317
71
650
348
0
0
0
0
203
0
0
150
0
0
0
0
317
0
0
0
0
0
758
836
0
0
0
0
0
0
851
0
645
0
0
0
0
0
148
318
0
0
750
0
662
0
0
365
65
0
0
0
777
0
0
330
0
0
0
0
373
0
175
0
354
0
0
0
0
0
0
0
0
0
0
316
0
0
0
0
0
0
0
0
86
677
0
212
0
898
0
134
0
0
136
227
94
0
384
0
0
0
700
273
0
60
0
0
120
145
0
866
238
48
0
0
0
0
0
709
0
0
730
0
0
0
8
0
244
181
0
0
0
193
0
247
205
0
6
22
912
0
0
662
0
970
0
0
866
0
0
0
0
709
0
124
0
0
0
0
0
0
0
0
0
0
34
641
0
0
0
0
0
9
381
0
0
0
0
0
12
0
212
939
0
0
0
0
0
69
0
0
112
0
0
0
0
0
255
808
0
0
0
0
0
339
119
347
0
0
338
0
0
226
623
0
0
0
0
131
0
0
984
0
0
0
0
0
0
384
0
0
271
0
785
0
732
0
0
0
0
828
111
0
970
0
0
0
0
627
0
0
305
0
0
0
0
0
0
343
351
0
793
981
174
0
0
0
0
0
985
0
0
0
635
0
0
600
0
0
0
0
0
281
0
0
0
0
0
0
0
0
0
0
0
0
66
0
0
0
0
17
0
0
217
0
49
0
950
385
0
0
0
0
0
0
0
0
0
0
0
0
826
171
0
0
0
0
0
0
0
119
176
0
372
0
0
0
0
160
0
0
387
0
0
0
0
70
854
25
931
293
0
0
127
0
366
341
90
0
0
0
0
253
0
0
0
0
0
0
0
0
0
0
0
0
0
0
134
617
0
0
0
0
10
0
787
173
0
133
0
0
0
0
0
0
128
0
0
0
0
0
0
0
0
0
0
123
615
0
0
0
0
0
0
0
0
0
0
0
0
0
63
0
0
0
789
0
132
0
0
0
0
0
0
0
0
0
0
0
0
0
0
365
0
0
70
0
323
0
0
638
0
0
910
717
0
0
0
0
0
0
95
0
0
175
366
0
56
0
0
0
78
0
0
0
0
39
763
0
0
0
210
0
0
206
0
0
0
0
0
0
0
0
0
0
686
239
0
88
0
0
0
91
0
363
0
0
0
978
0
170
0
204
0
0
302
0
223
45
0
152
0
734
0
0
0
0
0
0
0
0
0
0
307
0
0
0
674
777
151
0
613
65
866
0
854
323
0
846
0
0
877
0
0
0
0
199
0
0
0
0
0
0
0
0
0
0
0
0
35
0
39
355
0
954
0
0
97
0
0
382
0
0
0
386
744
0
0
0
0
0
0
0
25
271
856
365
0
0
20
0
358
0
0
795
0
0
60
352
0
0
0
0
0
0
0
0
276
0
695
0
0
0
0
0
0
334
0
662
332
0
0
0
0
0
0
0
907
0
0
0
0
0
0
627
25
0
846
0
0
0
0
765
0
0
0
0
0
0
957
0
0
161
356
219
384
0
0
0
0
0
0
0
705
0
0
0
0
0
819
0
373
0
0
0
0
933
0
0
0
147
0
0
0
0
0
0
0
0
0
0
0
0
0
0
0
0
0
0
0
0
0
263
0
859
329
0
0
0
0
0
807
0
0
0
0
1
0
798
71
0
171
932
48
0
201
333
146
0
0
4
268
0
0
0
931
0
0
0
0
99
0
285
763
0
0
90
257
359
382
987
344
82
0
226
0
0
0
107
971
0
0
5
0
0
0
0
645
0
0
396
0
0
906
258
0
0
0
186
0
0
0
0
306
0
0
0
966
0
0
152
0
0
0
0
0
0
0
0
0
10
0
0
0
0
0
324
0
0
0
151
0
214
0
0
0
0
294
0
603
0
352
0
0
0
0
0
0
0
14
0
99
0
0
0
293
638
0
0
99
0
616
0
0
990
0
0
0
0
0
66
198
0
833
851
0
0
0
87
0
0
0
0
0
284
0
0
0
0
0
0
0
0
0
0
0
0
0
0
275
0
0
875
0
0
808
0
313
0
0
0
0
0
0
0
0
0
0
0
0
958
0
0
0
0
0
182
0
0
799
103
0
0
0
0
0
216
0
0
0
246
172
261
0
141
0
0
0
0
0
0
0
777
0
305
0
0
877
0
0
616
0
880
0
322
687
0
0
0
717
0
0
0
719
0
0
0
658
0
0
340
0
730
0
0
0
0
0
0
0
0
0
0
0
373
0
0
252
0
381
0
697
0
0
0
0
221
0
845
70
0
0
0
0
0
93
0
137
0
0
0
0
0
288
0
0
0
366
0
0
0
0
226
136
172
981
0
0
607
0
0
0
0
0
0
53
0
0
0
0
984
0
0
709
0
0
0
0
765
285
0
880
0
0
0
0
742
0
0
872
0
0
0
869
182
932
825
0
0
0
0
91
0
20
0
228
0
97
0
0
0
0
0
0
0
0
41
0
0
0
268
699
0
148
14
43
0
0
0
0
0
0
0
0
0
0
0
36
700
178
0
0
0
0
36
0
365
0
0
0
338
287
0
0
0
0
0
63
0
741
0
0
0
0
0
0
0
0
0
0
329
0
0
0
0
127
910
0
0
763
0
0
0
0
802
0
884
765
309
0
0
0
250
0
0
0
0
0
0
0
160
0
0
181
0
360
0
0
927
0
69
0
234
0
268
0
0
0
230
0
0
0
0
0
0
0
0
0
0
0
0
0
130
67
0
0
0
0
121
216
0
0
848
380
0
0
0
97
0
0
0
0
0
0
0
0
241
0
0
0
0
98
0
0
0
0
0
166
0
0
0
0
330
124
0
0
717
0
0
0
990
322
0
802
0
902
680
0
664
0
0
0
0
176
0
850
0
211
0
388
0
0
0
0
0
0
0
0
0
0
0
0
0
0
0
0
0
22
0
0
0
0
0
0
253
895
0
0
0
0
0
0
313
0
0
0
0
824
230
0
392
0
378
0
0
37
323
0
81
0
0
0
260
282
0
0
221
0
302
0
0
0
0
0
672
0
750
235
0
0
0
0
0
0
0
366
0
0
0
0
0
687
0
0
902
0
795
374
0
54
0
0
0
352
0
0
0
0
0
0
0
0
0
129
0
0
0
0
0
0
138
245
0
0
0
239
335
0
0
0
0
0
37
0
384
0
0
0
0
0
0
0
0
0
0
295
876
0
0
0
26
0
0
0
172
0
395
924
0
0
0
304
0
0
0
0
0
0
208
92
0
71
0
0
0
0
0
0
0
672
713
0
0
0
0
341
0
199
0
90
0
0
742
884
680
795
0
0
687
841
735
0
0
0
132
904
0
0
0
0
0
0
0
0
964
0
0
37
906
296
158
0
0
0
0
0
0
0
0
0
0
0
0
37
0
0
0
113
243
0
0
182
0
0
0
0
113
0
0
221
0
0
0
0
0
84
0
17
0
0
0
0
248
0
0
0
0
0
0
0
631
0
0
0
270
0
0
25
0
0
0
0
0
0
0
90
0
0
0
257
0
0
0
765
0
374
0
0
71
0
689
674
0
167
0
0
0
0
0
0
0
0
248
0
0
332
0
0
721
0
384
0
45
0
0
0
0
212
0
319
0
0
0
0
1
246
0
223
0
0
0
3
0
0
0
0
0
832
0
0
0
0
0
11
0
0
0
0
0
0
0
0
84
0
0
935
89
0
0
384
0
0
0
0
0
0
0
0
0
40
0
0
0
0
343
0
0
0
0
359
0
0
0
309
664
0
687
71
0
780
0
0
174
0
0
0
0
0
0
0
0
10
357
0
291
986
54
253
0
187
0
0
0
0
0
0
0
0
0
0
0
0
213
0
0
0
0
0
0
0
0
0
0
183
339
0
0
0
0
0
0
0
0
225
0
0
0
0
0
0
725
0
2
794
192
0
0
0
0
0
0
0
56
0
274
0
0
772
0
0
0
0
373
0
351
0
0
0
957
382
0
717
872
0
0
54
841
0
780
0
630
700
0
362
28
654
0
0
0
992
0
0
11
0
52
0
0
0
0
0
0
0
0
0
0
0
183
0
99
757
0
0
73
0
0
697
300
628
973
0
0
188
0
142
0
0
0
842
78
0
0
0
0
0
0
0
0
0
0
0
290
0
359
0
0
0
0
283
0
0
0
783
978
0
0
0
661
0
696
366
0
252
0
0
0
0
0
0
0
987
66
0
0
0
0
0
735
689
0
630
0
765
0
29
871
182
0
289
796
0
0
0
0
0
0
67
0
695
0
0
0
0
155
0
967
0
0
0
0
0
0
0
0
0
0
0
0
0
188
0
0
0
127
0
286
0
0
0
670
266
0
0
0
185
0
855
0
0
0
0
0
243
0
0
8
0
0
0
0
0
0
0
0
0
0
0
0
0
0
0
0
0
175
0
793
0
95
0
0
344
198
0
0
0
0
0
0
674
0
700
765
0
624
15
734
605
307
0
3
0
160
225
0
0
0
0
0
0
0
0
0
0
0
203
0
0
0
0
0
200
0
0
0
0
0
0
323
315
0
301
0
0
0
0
0
0
0
0
0
176
284
289
200
0
0
272
136
0
869
0
0
175
0
0
91
342
0
0
749
301
0
0
0
0
0
0
12
54
0
0
0
302
0
0
981
253
0
0
161
82
0
0
0
250
0
0
0
0
174
0
0
624
0
934
25
398
710
0
0
774
0
0
0
0
0
342
0
61
0
0
0
0
147
134
0
0
156
0
0
0
0
0
0
0
0
0
0
0
0
0
0
0
225
0
0
0
106
0
0
0
0
0
0
0
0
0
0
0
0
275
0
0
0
102
0
0
0
982
0
0
0
0
354
0
903
179
833
0
0
0
0
95
354
0
174
0
0
0
356
0
833
719
869
0
176
352
0
167
0
362
29
15
934
0
704
0
0
951
0
0
0
0
0
0
0
134
0
0
41
351
127
333
297
0
826
0
0
0
0
0
213
0
0
0
0
714
6
0
0
0
0
0
0
0
0
0
0
0
235
0
0
0
0
0
0
379
119
0
0
0
364
0
0
0
0
52
324
0
363
0
115
323
0
784
59
0
0
91
0
70
0
892
0
0
0
0
175
0
219
226
851
0
182
0
0
0
132
0
0
28
871
734
25
704
0
0
0
743
746
0
373
0
84
0
0
258
283
0
0
0
272
0
177
0
0
0
0
0
0
0
0
163
0
0
270
0
131
0
0
0
0
397
0
231
0
0
0
0
0
149
0
125
0
0
0
385
989
0
908
0
0
0
109
0
0
997
0
0
0
0
0
0
0
0
45
0
0
0
0
0
0
0
0
34
0
0
366
0
384
0
0
0
932
0
850
0
904
0
0
654
182
605
398
0
0
0
671
0
67
698
0
0
0
0
0
0
0
0
0
0
0
0
0
0
916
0
0
0
0
215
0
0
104
0
936
0
316
0
360
0
0
0
173
0
262
0
258
0
0
245
0
0
0
0
869
0
0
0
0
0
0
0
0
0
0
0
0
375
0
0
0
0
0
0
0
0
0
0
0
0
0
0
0
641
0
0
0
0
0
0
0
0
825
0
0
0
0
0
0
0
0
307
710
0
0
671
0
200
0
0
603
0
0
0
0
0
0
0
0
0
0
71
0
740
0
0
0
0
0
0
0
0
0
209
960
0
0
238
0
0
826
0
0
81
0
0
0
0
313
603
347
0
159
0
51
0
0
0
0
0
0
0
0
247
394
0
254
0
0
0
0
0
103
0
0
394
0
0
0
0
0
0
0
0
0
0
56
0
0
0
0
658
0
0
211
0
0
0
0
0
289
0
0
951
743
0
200
0
187
0
0
957
19
0
0
0
0
0
0
0
602
0
0
0
0
0
0
0
892
0
354
0
0
0
0
0
0
133
0
0
0
0
133
0
0
0
333
388
0
301
0
0
0
325
0
0
0
0
177
0
0
0
0
82
0
0
0
0
389
0
833
0
0
0
0
856
0
0
0
0
0
0
0
0
0
0
0
0
0
107
87
0
0
0
0
0
0
0
0
0
796
3
0
0
746
67
0
187
0
82
0
955
822
0
0
223
33
0
0
0
0
0
0
0
0
0
606
867
0
0
0
626
267
12
0
0
0
734
0
0
0
0
161
0
0
0
0
0
60
171
0
0
0
0
0
297
0
0
0
0
0
0
0
0
0
126
0
0
0
0
0
0
0
0
890
245
0
0
0
0
0
208
0
0
985
0
0
35
0
971
0
0
0
0
388
0
0
0
0
992
0
0
774
0
0
698
0
0
82
0
605
0
944
873
775
0
0
127
286
0
227
0
0
0
658
0
120
0
0
0
0
0
0
0
0
0
0
81
0
187
0
0
0
0
0
130
0
291
54
0
0
0
0
0
177
861
0
0
0
392
324
109
0
0
0
0
0
0
0
0
0
124
283
162
0
0
0
0
0
0
0
0
0
0
0
0
0
0
0
0
0
340
0
160
0
0
0
0
0
0
0
160
0
0
373
0
603
0
0
605
0
891
0
0
795
263
0
0
0
0
64
0
15
0
0
0
723
0
211
7
631
683
0
256
17
0
95
0
0
240
0
0
0
0
0
0
0
0
60
94
0
0
0
0
0
0
112
0
0
0
207
221
0
0
0
0
234
988
0
0
0
390
833
0
28
0
0
136
717
0
249
0
0
0
0
0
78
39
0
0
0
0
91
0
0
0
0
0
10
0
0
225
0
0
0
0
0
957
955
0
891
0
123
0
0
103
686
0
0
0
0
327
0
0
359
249
687
314
0
0
0
0
0
111
0
0
0
0
267
0
0
0
0
0
0
0
383
0
0
0
0
0
0
0
0
0
0
0
0
0
0
0
0
879
0
0
0
0
0
0
0
338
325
0
0
0
0
0
0
311
0
0
0
9
0
0
0
355
0
5
0
730
0
0
0
0
0
248
357
11
0
0
0
0
84
0
0
19
822
944
0
123
0
0
0
0
608
0
125
0
0
0
16
0
213
0
607
0
0
0
0
0
373
0
0
0
151
0
793
0
0
0
0
854
0
0
772
0
936
0
714
87
0
0
0
0
614
0
0
0
0
0
0
0
0
0
0
0
0
0
0
0
331
0
0
900
0
0
0
218
0
0
0
381
635
0
0
0
705
0
0
0
20
181
0
129
0
0
0
0
0
0
0
0
0
0
0
0
0
873
0
0
0
0
687
0
630
828
0
0
783
200
0
0
0
0
0
0
0
77
0
0
0
0
922
0
86
0
0
0
0
0
0
0
63
0
322
0
0
39
377
0
192
0
0
0
0
944
0
0
0
0
0
0
0
0
0
0
0
0
0
0
0
134
0
0
12
660
0
39
0
0
316
0
0
0
0
954
0
0
284
0
0
0
0
0
964
0
291
52
0
0
0
0
0
0
0
0
0
775
795
0
0
687
0
626
0
0
726
0
0
682
776
181
224
0
0
0
133
0
0
192
0
0
0
941
0
0
0
0
0
305
0
0
290
0
0
0
0
0
0
0
0
20
238
0
0
0
0
0
0
750
320
0
0
0
0
941
0
0
919
0
121
0
765
0
0
0
369
187
0
72
0
0
0
0
0
0
0
0
0
0
228
360
0
0
0
332
986
0
67
0
342
134
258
0
0
0
223
0
263
103
0
0
626
0
648
0
0
929
0
0
915
0
0
0
0
0
0
0
684
0
0
0
0
0
69
358
0
0
0
0
0
0
208
0
0
0
143
651
0
0
0
0
0
0
0
0
12
0
0
0
0
0
0
0
24
0
0
941
0
0
0
231
0
0
0
0
41
0
0
0
0
0
600
0
39
0
0
0
0
0
0
0
0
0
0
0
54
0
0
0
0
0
283
0
0
0
33
0
0
686
608
630
0
648
0
0
0
837
984
938
90
0
0
0
370
867
0
0
0
0
0
0
0
0
0
951
0
0
324
0
0
0
111
0
0
0
0
0
0
0
0
164
0
0
0
0
37
0
791
0
795
0
0
0
0
0
0
0
0
376
970
0
378
0
0
0
0
79
755
0
0
0
0
134
763
97
0
645
0
0
97
0
0
0
37
0
253
0
695
0
61
0
0
0
0
0
0
127
0
0
0
828
0
0
0
0
826
0
289
876
0
0
793
0
0
163
0
878
0
0
0
634
0
656
394
840
0
0
0
0
272
0
0
864
0
0
0
101
0
222
93
0
0
0
0
0
0
822
0
0
0
0
184
0
0
0
0
0
0
0
0
739
0
286
0
0
0
0
0
677
0
0
0
617
0
0
0
0
0
0
0
927
0
0
906
721
0
0
0
0
0
41
0
0
0
0
0
286
0
0
125
0
726
0
0
826
0
653
952
0
891
150
0
0
775
0
0
0
0
0
93
134
0
0
0
0
0
0
0
0
0
0
0
0
0
152
0
705
0
6
380
0
0
0
0
0
63
0
0
0
0
112
0
0
0
152
392
955
0
354
193
0
0
0
0
0
0
0
0
0
0
12
0
0
0
0
819
0
0
0
0
0
0
0
296
0
187
0
0
0
0
351
0
0
0
0
0
0
0
0
0
0
0
929
837
0
653
0
785
0
0
696
0
0
0
203
0
0
27
0
30
793
0
0
0
0
315
0
0
0
884
0
0
0
0
91
0
0
249
223
0
0
0
0
44
0
0
684
0
0
0
73
0
0
0
0
0
380
0
9
0
209
0
0
0
929
0
89
0
47
0
0
0
0
0
382
0
396
0
0
0
69
0
138
158
384
0
0
0
0
0
127
272
0
0
602
0
227
64
0
0
783
0
0
984
289
952
785
0
0
0
0
365
0
14
915
0
0
0
333
0
803
0
116
35
0
380
0
0
288
0
0
0
0
319
935
0
0
0
0
0
0
351
0
0
18
0
0
0
697
0
0
0
0
0
390
0
0
0
0
0
0
0
322
0
0
0
0
0
0
0
212
0
0
210
0
373
0
0
0
0
0
0
245
0
0
0
0
0
0
0
333
0
0
71
0
0
0
0
327
0
200
682
0
938
876
0
0
0
0
761
85
297
612
92
0
0
218
0
0
0
0
6
0
0
0
0
0
0
23
0
0
0
232
112
0
73
0
77
0
0
0
205
0
0
0
0
0
0
310
0
0
43
0
0
0
0
175
0
143
0
0
0
0
0
0
242
0
392
0
0
939
281
0
0
0
0
0
0
0
0
234
0
0
0
45
0
0
155
0
147
297
177
0
0
0
0
0
15
0
16
0
776
915
90
0
891
0
0
761
0
980
0
0
896
0
0
0
0
0
0
0
274
129
0
0
0
0
0
0
0
18
0
350
0
692
54
0
0
79
0
810
0
0
0
758
0
0
0
0
802
0
367
940
0
0
326
0
0
0
0
0
0
964
301
7
129
0
0
365
86
0
0
10
0
0
0
906
0
0
0
0
0
0
0
0
0
0
0
203
134
0
0
0
740
0
0
0
0
0
0
0
181
0
0
0
150
696
0
85
980
0
719
0
0
135
0
186
0
0
0
0
0
109
192
339
0
95
329
0
0
0
0
0
0
324
0
259
0
0
0
38
0
0
240
0
0
0
356
0
0
185
0
0
0
0
0
0
116
95
0
0
925
255
0
0
0
0
0
272
677
0
0
0
206
386
0
258
0
373
0
268
0
0
0
0
0
0
967
0
0
826
0
916
0
0
0
658
0
359
213
0
224
0
0
793
0
0
365
297
0
719
0
0
237
0
690
0
0
0
271
0
193
337
0
0
0
251
0
231
0
0
0
190
0
0
0
0
37
0
200
0
0
0
0
0
0
0
0
0
0
196
0
0
0
0
0
0
0
0
119
0
0
339
265
0
0
0
0
0
0
0
0
787
0
744
0
0
0
0
0
0
0
239
0
0
0
0
0
0
0
0
0
0
0
0
0
0
0
249
0
0
0
0
0
0
0
0
0
612
0
0
0
0
909
0
969
679
0
0
0
0
0
67
0
0
774
0
0
0
210
0
0
0
0
0
0
369
0
0
310
263
0
0
0
0
0
0
0
0
821
0
0
0
0
0
255
0
0
0
0
0
0
0
0
0
0
0
0
0
212
0
0
173
0
0
933
0
0
0
41
0
0
335
0
0
0
183
0
0
156
0
0
0
0
0
606
120
723
687
607
0
0
0
370
0
775
0
14
92
896
0
237
909
0
723
0
0
958
73
0
0
0
652
0
0
0
0
78
0
0
0
0
0
971
0
0
0
0
0
0
0
235
45
0
22
0
0
0
872
0
269
257
0
0
0
277
0
0
0
0
0
324
0
0
0
0
0
380
0
0
0
0
0
0
0
0
0
0
252
0
0
22
0
0
212
0
0
0
0
0
0
0
0
0
0
867
0
0
314
0
0
0
0
867
163
0
203
915
0
0
135
0
0
723
0
687
0
0
992
0
0
0
0
0
0
0
0
0
0
45
0
0
0
0
0
0
0
0
0
0
250
0
0
0
0
0
0
0
0
932
198
0
40
363
0
0
0
0
390
0
225
0
0
0
6
0
997
0
158
898
69
0
133
0
0
0
186
0
0
0
230
0
0
0
0
0
99
0
0
0
0
0
0
0
892
0
0
211
0
0
0
133
0
0
0
0
0
0
0
0
0
690
969
0
687
0
310
0
0
848
305
0
0
0
0
912
0
0
0
0
246
0
344
0
0
0
0
0
0
0
623
168
0
0
0
0
949
0
0
110
0
0
114
0
0
5
731
0
675
0
0
0
337
306
0
0
0
0
0
0
0
0
0
0
0
0
0
275
381
0
0
0
0
0
319
0
757
0
200
0
0
0
215
0
0
0
0
7
0
0
77
0
0
0
878
0
0
0
218
0
186
0
679
0
0
310
0
41
309
605
740
0
839
0
0
323
0
0
69
0
0
0
0
0
0
0
0
0
0
0
0
0
0
0
348
0
0
0
0
181
0
0
0
0
0
127
227
0
0
0
0
848
0
0
0
789
0
0
0
134
0
0
0
0
0
147
0
0
0
268
0
0
0
0
0
0
0
0
0
0
213
0
0
0
354
0
0
631
0
0
0
0
684
0
0
0
27
0
0
0
0
0
0
958
0
0
41
0
663
0
156
768
0
0
0
0
0
943
0
0
0
354
156
0
156
312
0
0
0
0
0
0
0
0
0
185
0
245
972
0
0
226
0
0
0
0
0
0
0
57
0
0
155
0
169
0
0
0
0
0
112
0
0
0
0
0
0
0
697
699
0
0
0
0
0
0
0
0
0
0
0
163
0
0
0
626
0
683
0
0
0
192
0
0
0
0
0
333
0
0
0
0
0
73
992
0
309
663
0
912
224
154
978
0
124
14
0
653
349
0
0
0
187
0
0
0
0
0
0
709
0
0
207
0
0
257
253
3
0
0
0
0
0
0
0
304
0
0
281
0
40
0
0
60
37
0
816
771
0
0
0
0
0
0
0
0
0
875
0
0
0
0
37
0
0
213
73
0
0
0
0
0
104
0
0
267
0
0
0
373
0
0
0
0
0
93
30
0
0
0
0
271
0
0
0
848
605
0
912
0
0
0
0
730
0
789
0
0
323
0
0
0
214
0
0
0
0
0
944
721
0
0
666
0
0
288
0
0
0
0
0
0
0
0
0
900
0
0
0
0
0
177
0
0
0
0
0
0
0
136
0
0
0
0
25
0
306
0
0
148
0
0
0
37
0
0
0
0
0
0
0
0
0
209
0
12
0
256
111
0
0
0
0
0
634
134
793
803
0
0
0
0
0
0
0
305
740
156
224
0
0
845
0
839
979
0
0
0
0
0
0
0
630
0
116
0
0
0
268
0
0
875
0
0
0
0
207
0
934
916
294
0
0
102
0
0
0
267
0
0
39
0
346
0
0
0
0
0
668
227
0
0
0
0
271
0
0
0
0
14
0
253
384
0
1
0
0
0
0
0
0
270
936
960
0
0
0
17
0
0
922
0
0
0
0
0
0
0
6
274
0
193
0
0
0
0
0
768
154
0
845
0
143
0
0
815
0
0
334
0
0
0
0
0
207
0
0
0
0
0
0
0
0
0
0
0
0
0
0
0
255
36
0
158
0
0
0
0
938
687
198
343
0
0
0
0
100
0
314
94
0
66
128
686
856
0
0
808
0
43
0
895
0
0
246
0
697
0
0
0
714
0
0
0
0
0
0
0
0
0
0
941
0
0
656
0
0
116
0
129
109
337
67
652
0
0
839
0
978
0
0
143
0
745
335
0
724
0
339
0
0
0
0
0
183
73
0
0
0
0
392
112
932
175
0
46
217
0
0
0
0
0
0
0
0
0
0
0
0
0
0
214
0
0
0
0
206
0
0
0
0
0
0
239
365
0
0
0
221
0
0
0
0
0
0
0
300
0
323
0
6
131
316
0
0
0
0
95
0
151
86
0
69
0
394
0
0
35
0
0
192
0
0
0
0
0
0
0
0
730
839
0
745
0
0
0
840
905
0
204
0
0
0
0
0
0
187
0
0
0
0
0
205
971
0
987
273
0
168
0
0
0
0
282
277
0
0
0
0
10
256
0
0
0
228
0
0
0
0
384
255
0
0
0
0
0
966
313
0
0
0
0
0
113
223
0
628
0
315
0
0
0
0
238
133
734
81
0
0
0
0
0
358
951
840
0
0
0
0
0
339
0
0
0
0
0
0
0
124
0
979
0
335
0
0
609
0
349
603
0
0
0
0
232
0
0
0
0
0
0
0
0
0
0
0
0
0
0
0
0
0
176
0
81
130
0
0
25
0
0
0
0
0
0
0
119
0
0
0
0
808
0
0
88
0
0
0
0
845
0
0
0
0
243
0
0
973
188
0
0
0
0
360
0
0
0
0
0
267
793
0
0
0
0
0
0
315
380
0
0
0
0
774
0
0
912
323
0
14
789
0
815
0
0
609
0
714
0
706
927
0
0
0
0
0
0
0
387
0
0
76
355
78
178
0
0
339
0
0
0
0
29
0
202
0
0
0
0
0
0
290
232
0
174
0
0
333
0
317
0
0
0
0
0
20
0
0
0
70
0
0
0
0
0
0
0
0
0
301
0
0
0
0
0
0
0
187
240
0
0
0
0
0
0
0
0
0
0
0
0
95
251
0
0
0
0
0
0
0
0
0
0
724
840
0
714
0
895
0
0
624
0
0
0
0
0
0
154
0
0
86
0
0
0
0
0
252
302
0
72
0
0
391
0
0
0
0
0
0
180
57
0
0
0
0
0
0
0
71
0
0
17
0
0
0
0
152
0
0
0
0
0
0
0
0
0
0
0
0
0
0
0
0
826
0
0
0
0
0
0
0
0
0
324
0
0
0
0
0
0
329
0
0
78
0
0
0
943
653
0
0
0
0
905
349
0
895
0
0
308
0
733
740
0
868
0
0
756
734
796
0
631
0
0
0
0
0
0
0
0
0
0
0
0
0
0
0
0
301
0
0
252
970
0
0
0
0
800
650
700
0
0
0
0
358
0
0
0
0
0
0
0
0
182
3
0
188
0
0
0
0
397
0
0
0
0
0
0
0
0
0
305
0
0
0
0
0
288
23
0
0
231
0
0
0
0
69
0
349
323
0
334
339
0
603
706
0
0
0
206
889
205
832
0
0
991
0
0
0
0
111
0
0
0
0
296
0
241
0
73
0
0
0
0
0
0
0
0
0
324
952
0
0
0
0
225
0
274
348
273
0
0
0
91
0
0
0
0
0
0
130
313
0
0
0
0
0
127
0
225
0
0
173
0
133
161
0
0
0
0
0
0
0
0
272
0
884
0
0
0
0
0
210
0
45
0
0
0
0
0
0
0
0
204
0
927
0
308
206
0
931
0
374
791
0
0
0
0
0
0
0
906
882
0
0
301
0
179
40
279
0
0
0
0
380
0
368
925
0
0
0
621
0
0
0
0
0
0
0
0
0
217
0
0
0
0
0
0
0
0
67
0
0
0
0
183
142
0
0
0
0
231
0
81
0
0
0
0
0
854
0
0
0
0
0
0
0
0
0
18
0
0
0
0
0
246
0
0
0
0
0
0
0
0
0
0
624
0
889
931
0
997
0
0
173
0
0
47
347
0
0
0
0
374
624
0
343
0
0
0
0
0
0
282
0
0
0
131
0
0
299
0
0
0
79
72
0
0
0
60
339
0
0
363
795
0
0
0
0
0
0
0
0
0
0
339
0
286
0
0
0
0
262
0
0
0
0
0
0
0
63
290
208
111
0
0
0
0
0
0
0
0
0
0
0
0
0
354
0
0
0
0
0
0
0
0
0
733
205
0
997
0
637
352
695
0
0
0
0
394
0
0
382
0
0
0
914
0
0
0
0
0
0
0
0
0
4
0
0
96
0
0
0
0
0
0
239
0
0
0
119
49
0
0
0
0
0
0
93
0
0
0
295
0
0
0
0
0
0
0
0
0
0
0
0
0
130
0
0
0
0
0
0
0
864
0
0
0
232
350
0
190
0
0
0
344
0
156
187
214
630
0
0
0
0
0
0
740
832
374
0
637
0
821
845
0
0
0
0
785
646
0
0
0
335
0
0
56
0
0
0
0
0
252
0
0
0
0
104
267
0
22
0
0
0
909
0
355
0
0
347
0
123
0
0
0
0
0
0
0
0
0
876
113
0
0
0
0
0
106
0
0
258
0
333
0
0
0
383
772
322
0
0
0
0
0
0
319
112
0
0
0
0
971
0
0
0
0
0
0
0
0
0
0
232
0
0
0
0
791
0
352
821
0
765
317
173
0
0
0
0
76
0
0
0
672
600
0
30
0
0
0
158
226
383
342
234
0
942
0
0
0
273
604
0
690
379
0
203
120
0
950
615
0
60
0
0
0
137
36
0
824
0
0
832
0
842
0
0
0
0
0
0
0
388
0
291
0
0
0
0
0
0
0
0
152
91
935
0
692
324
0
0
0
0
0
0
156
0
0
116
207
183
0
0
0
0
868
0
0
173
695
845
765
0
