0
106
0
282
26
419
0
20
92
19
219
171
0
27
0
682
0
25
66
0
62
75
400
0
0
0
0
0
0
0
223
76
124
386
36
16
38
177
0
222
0
446
0
0
665
275
42
0
15
0
10
504
0
535
0
0
35
48
181
42
0
0
0
23
0
18
147
0
0
563
132
299
78
254
577
0
243
0
0
0
0
0
0
26
35
73
11
204
19
606
77
15
124
0
106
176
0
395
0
0
106
0
0
219
0
59
0
0
161
23
331
14
0
331
647
0
450
22
54
36
229
9
0
0
286
0
24
184
0
271
0
0
368
0
120
0
383
32
0
0
168
45
142
0
17
0
24
0
467
0
43
0
595
115
410
0
0
283
0
339
239
83
0
0
0
100
100
169
0
419
0
92
440
0
425
15
0
253
62
71
163
0
12
0
0
38
173
34
0
70
0
10
33
13
0
64
117
85
42
595
0
0
0
133
11
28
225
408
97
30
138
34
540
125
55
0
0
578
0
89
760
374
268
434
0
395
0
33
16
0
125
279
158
133
45
0
248
327
213
115
109
337
165
0
477
21
290
0
246
0
157
343
648
0
87
454
65
64
175
0
0
20
31
0
275
366
36
0
0
0
113
281
0
31
0
92
68
105
0
576
0
452
181
0
0
36
131
259
260
650
431
0
0
0
84
100
0
0
0
274
282
219
133
0
98
0
0
51
331
0
426
0
176
103
42
386
0
265
71
0
205
305
0
184
0
0
523
0
0
42
119
158
182
459
0
0
59
79
192
172
616
0
0
211
0
610
0
53
0
8
456
0
465
256
190
0
454
104
0
0
0
119
0
10
0
0
0
0
43
44
334
0
0
54
220
136
0
519
17
62
28
0
499
0
9
0
0
20
134
0
70
215
558
0
0
0
194
70
0
87
26
0
11
98
0
257
116
16
8
273
226
22
432
0
182
141
0
381
19
424
0
0
0
0
261
204
37
0
662
451
0
322
0
0
32
13
111
0
488
0
749
515
132
234
0
13
0
38
286
0
213
0
0
0
13
50
59
0
0
0
89
0
0
56
681
375
419
0
214
0
0
0
348
420
465
0
0
76
244
0
102
173
0
275
0
24
106
66
0
258
509
0
296
152
638
193
177
201
53
457
419
59
28
0
257
0
243
549
261
0
136
421
9
307
0
0
27
10
0
0
134
0
13
366
0
118
663
529
574
85
0
134
225
190
203
156
0
0
51
0
217
249
114
266
0
0
87
67
0
0
160
0
512
0
210
178
226
279
0
0
574
0
0
0
86
16
80
204
78
0
0
64
11
0
12
79
0
46
64
0
263
0
83
55
0
0
230
0
58
65
0
525
286
34
112
522
0
13
32
263
0
0
225
0
116
243
0
118
0
88
31
0
20
28
568
175
95
0
0
0
94
395
552
418
19
587
752
323
715
481
0
0
63
431
0
0
176
410
287
49
97
0
233
232
0
189
78
11
212
0
0
0
12
111
0
9
658
0
574
80
0
0
0
281
326
580
310
0
100
0
84
216
0
450
59
24
29
0
561
329
472
0
35
0
0
208
396
22
0
85
0
521
0
550
159
620
0
84
0
215
20
0
408
51
16
549
118
0
30
31
0
231
0
292
0
9
0
197
401
0
203
137
0
196
277
376
0
395
480
0
149
155
0
31
36
28
364
436
61
98
602
431
0
0
31
154
704
0
375
0
0
0
102
0
0
299
0
109
36
0
0
436
9
206
0
101
0
0
111
0
0
15
0
51
0
0
0
0
0
0
49
369
264
128
16
0
40
82
521
91
235
28
344
0
21
337
0
17
0
103
92
161
97
331
8
261
0
30
0
0
144
0
579
66
0
437
325
0
146
0
0
112
0
202
9
11
0
260
313
16
527
0
380
250
0
0
177
13
0
82
0
111
227
0
225
0
101
0
26
0
272
190
80
284
47
217
0
64
0
186
518
0
0
112
327
37
286
254
47
292
45
0
0
150
0
156
313
100
50
0
614
477
393
527
0
111
0
362
113
83
723
96
0
150
528
138
0
54
0
249
19
23
30
0
273
0
88
31
0
0
185
530
233
0
264
398
0
22
351
0
332
72
331
0
205
42
0
338
487
255
164
0
43
0
93
0
0
116
196
12
0
0
17
0
0
172
30
209
0
0
60
0
106
0
0
35
124
0
0
0
100
185
141
0
0
31
267
107
0
175
167
115
0
48
0
233
226
64
305
0
326
0
30
193
344
0
17
271
0
38
0
19
380
307
225
0
11
499
253
345
219
331
138
426
226
136
31
0
144
185
0
488
199
0
413
0
480
0
294
311
0
0
0
38
96
99
111
650
18
35
141
0
363
487
0
577
0
0
0
137
59
247
34
0
0
204
0
0
95
44
0
0
0
0
553
63
0
16
41
0
100
0
0
84
0
0
25
571
0
175
653
453
72
241
9
0
0
316
289
0
345
0
30
692
0
496
41
0
0
332
171
0
0
144
0
250
0
0
22
12
171
14
34
0
22
421
0
231
0
530
488
0
292
0
120
62
170
343
47
0
0
0
384
248
223
0
511
38
337
0
291
73
0
0
0
119
0
61
502
0
182
365
263
0
0
125
79
535
0
0
0
0
231
0
49
678
64
202
532
0
114
0
0
435
119
387
0
0
0
0
220
69
14
0
0
0
72
84
138
0
198
60
104
181
0
0
0
0
99
195
0
81
408
415
0
13
0
0
0
197
0
0
540
176
432
9
20
0
579
233
199
292
0
0
484
31
0
41
0
28
0
198
62
0
0
0
0
179
392
0
149
289
29
482
0
9
319
0
0
452
0
267
143
84
13
0
0
381
58
262
0
16
252
0
0
171
107
518
184
0
0
0
390
45
91
0
0
0
0
337
222
0
110
0
159
37
17
83
537
0
279
248
356
345
157
545
84
0
47
78
286
8
472
423
0
284
0
0
125
103
27
331
125
103
0
307
28
292
66
0
0
0
0
0
363
225
71
0
59
0
0
0
0
0
267
225
594
83
0
0
0
0
207
179
0
384
242
0
53
24
0
15
0
36
0
0
191
373
0
101
339
325
285
544
0
0
119
27
0
0
89
61
25
278
639
0
215
368
132
0
0
0
0
699
300
412
72
68
228
0
113
344
84
17
0
63
18
595
91
371
0
199
195
86
108
35
0
221
157
45
0
647
55
42
182
0
568
0
0
264
413
120
484
363
0
224
109
9
26
743
29
270
0
0
0
184
141
205
0
0
0
113
517
367
139
140
62
0
496
20
0
9
0
0
233
0
133
226
49
0
35
195
239
69
0
622
140
145
0
0
211
500
95
119
84
0
0
329
282
200
69
0
124
386
24
410
0
517
0
226
108
469
19
0
141
0
166
16
29
172
441
564
245
197
0
303
43
342
0
112
682
0
0
386
141
0
175
9
437
398
0
62
31
225
224
0
111
0
0
108
0
53
0
54
0
0
464
267
0
99
0
95
51
0
15
0
45
204
124
0
69
0
0
12
342
0
38
226
211
585
244
374
131
90
102
94
230
0
0
208
154
548
209
0
0
11
266
595
0
28
95
12
55
0
0
518
320
614
0
0
533
0
0
0
0
0
147
34
218
163
0
0
0
67
38
17
230
0
0
0
0
450
0
0
0
27
95
0
325
0
480
170
0
71
109
111
0
104
461
64
188
0
0
128
577
71
253
0
95
219
0
12
0
0
0
301
553
0
568
278
40
449
212
0
0
0
0
202
313
0
42
0
168
80
287
0
149
353
169
38
0
0
11
347
0
137
35
0
465
530
0
80
237
179
93
0
0
73
104
0
249
194
227
0
100
115
0
113
12
0
0
0
0
0
0
0
0
45
0
75
25
22
578
265
381
10
0
197
0
22
0
343
41
0
9
0
104
0
0
65
116
399
427
26
0
461
36
0
0
0
447
40
0
136
186
18
0
443
0
0
0
280
12
0
110
91
0
0
19
476
46
143
13
80
0
14
0
0
92
0
17
0
18
0
0
150
205
0
162
0
276
340
0
119
190
0
0
234
0
0
95
146
0
32
88
76
157
229
0
372
0
384
315
0
0
358
59
0
0
0
66
54
0
71
19
0
0
401
146
351
294
47
0
59
26
0
461
0
0
23
0
168
0
438
37
251
358
16
0
245
0
0
12
0
0
0
329
246
414
0
432
466
0
335
93
32
540
0
36
9
0
0
0
585
145
110
0
477
0
46
0
0
204
326
291
264
0
141
0
78
87
0
0
0
29
405
302
114
120
205
0
288
135
98
0
22
33
0
201
234
193
0
179
0
0
388
0
0
26
0
0
36
89
0
424
0
0
0
0
0
311
0
28
0
743
108
64
65
23
0
0
128
308
115
76
0
83
0
0
546
65
242
20
222
113
47
549
9
0
40
217
0
0
587
203
273
0
0
0
0
269
227
0
538
0
0
220
0
0
0
607
0
180
176
16
52
727
44
0
227
0
69
0
84
320
14
0
44
191
14
71
317
374
110
14
64
259
164
0
29
0
83
538
0
0
0
0
0
0
543
62
229
760
205
0
134
94
203
0
332
0
0
0
0
29
0
188
116
0
0
0
204
369
199
113
0
344
374
42
0
0
403
243
188
381
0
310
238
119
0
0
43
0
8
0
46
108
194
200
0
320
0
18
171
211
0
785
0
71
0
143
0
378
0
471
395
224
122
0
142
78
326
0
0
391
260
0
0
19
588
45
0
0
53
14
9
28
0
0
185
0
147
92
0
136
85
0
0
379
167
75
9
374
305
0
0
395
137
112
72
0
0
198
0
270
53
0
399
168
128
204
0
142
50
9
0
305
256
119
0
0
75
35
504
163
0
0
10
34
55
244
339
202
126
234
306
26
0
0
285
260
204
0
99
207
0
298
0
184
329
33
90
38
0
0
168
319
35
24
466
30
219
0
0
0
771
0
41
18
287
10
0
36
0
96
126
122
0
0
0
425
0
70
710
0
0
362
155
101
219
400
0
268
0
0
13
552
0
0
331
0
384
62
0
0
0
0
427
0
308
369
142
0
210
16
44
45
126
187
153
0
0
293
28
183
0
0
0
128
0
183
38
109
420
24
47
83
9
22
35
182
19
18
19
30
112
0
212
155
285
12
36
57
0
138
86
454
0
96
148
0
0
126
536
0
149
96
52
0
99
319
0
261
24
188
41
10
0
444
0
0
0
333
660
252
356
0
173
61
98
0
0
434
184
0
366
418
196
202
0
38
248
0
0
0
54
128
26
438
115
199
50
210
0
0
150
0
203
339
0
0
0
344
0
0
0
101
0
0
0
0
379
374
89
103
74
100
657
208
425
0
238
244
346
0
94
599
0
34
286
23
0
435
674
0
73
0
36
0
0
160
235
0
0
0
211
465
0
193
0
187
229
0
123
619
29
0
329
0
0
96
196
0
150
126
0
69
226
109
280
0
286
0
0
261
0
19
277
9
205
96
223
0
267
0
0
577
0
37
76
113
9
16
0
0
147
86
225
62
160
692
0
615
102
253
385
381
418
66
15
74
0
0
0
147
153
97
501
0
0
71
0
0
92
397
0
54
45
0
35
0
0
0
112
75
395
0
0
18
0
584
0
125
288
0
101
0
176
212
84
0
24
121
0
8
127
37
0
0
0
0
139
0
221
310
0
0
402
47
292
0
0
395
0
204
118
587
376
11
42
99
0
0
225
184
0
71
461
251
0
0
0
44
150
147
0
39
21
0
19
8
325
10
249
0
0
265
26
417
188
0
436
12
0
26
13
0
124
297
42
12
0
153
154
0
560
603
92
0
516
182
37
488
111
161
138
0
409
0
0
62
249
0
0
0
0
252
119
0
307
109
54
279
0
0
733
41
0
0
235
58
33
28
137
0
198
291
0
120
0
0
24
0
523
37
663
752
0
0
0
111
511
0
594
141
464
253
36
358
83
344
305
45
0
86
39
0
128
141
0
0
227
0
0
23
299
107
78
224
656
562
378
624
133
114
593
158
128
93
52
0
55
14
0
0
217
275
0
31
198
53
0
266
158
0
120
129
80
44
133
593
413
259
0
0
0
533
0
328
16
8
0
0
0
0
392
96
0
15
0
0
0
283
150
0
0
35
0
248
0
0
184
33
0
0
529
323
395
260
338
650
38
179
83
205
267
0
0
16
0
374
256
126
203
225
21
128
0
194
0
175
153
0
182
0
177
0
0
0
636
260
152
12
416
690
0
0
146
199
93
87
106
296
0
233
500
60
24
0
194
21
382
29
241
141
68
155
49
0
424
103
0
301
28
0
160
0
0
17
42
22
0
0
92
423
300
10
0
53
163
708
192
660
76
0
86
0
0
0
264
0
0
16
0
662
574
715
480
313
487
18
337
392
0
0
0
95
0
0
0
42
119
187
339
62
0
141
194
0
536
386
200
230
0
0
130
459
0
0
246
570
132
116
22
62
422
0
131
234
397
143
0
260
0
250
34
0
266
105
0
12
0
280
139
27
423
29
276
220
231
0
238
0
248
0
125
114
0
40
0
0
396
30
135
305
0
89
316
138
354
0
128
0
94
313
180
69
0
431
185
0
271
0
42
451
85
481
0
16
255
35
0
0
0
0
99
219
0
245
546
0
0
153
0
160
19
0
0
536
0
83
49
190
177
0
182
157
0
0
0
461
359
241
0
0
0
296
24
9
331
0
211
0
108
43
0
0
0
0
0
108
169
291
687
131
386
22
0
329
190
615
141
0
0
59
0
0
28
0
279
71
0
0
0
207
0
116
10
0
0
18
0
483
188
0
11
282
38
0
0
223
0
125
119
0
0
0
149
527
164
141
291
149
0
0
0
0
447
0
65
0
0
0
0
692
8
0
175
386
83
0
0
0
0
0
13
128
569
396
0
79
0
483
0
415
0
219
592
0
356
51
34
136
393
492
40
361
0
0
114
13
18
0
151
0
0
0
313
10
103
16
0
144
87
0
0
438
0
0
0
60
0
0
128
462
195
0
109
309
416
0
0
165
281
146
52
0
33
0
40
76
0
279
158
322
134
0
155
0
0
0
73
289
0
113
95
12
40
0
242
403
75
0
0
0
325
227
153
200
49
0
0
48
210
0
275
268
651
73
59
212
0
183
88
229
492
231
17
0
62
43
0
0
75
424
679
266
169
176
34
162
75
302
0
121
172
222
0
0
0
0
0
86
0
0
248
0
525
0
67
98
0
570
98
21
0
386
0
109
0
0
612
294
0
0
539
649
147
42
0
124
368
158
182
0
225
63
0
380
43
363
0
29
207
517
51
0
0
12
20
243
35
293
344
615
10
0
0
230
190
0
48
0
0
0
29
41
334
410
82
672
0
190
0
0
599
0
50
138
278
0
315
50
0
0
16
657
126
299
0
55
0
262
372
0
0
567
296
245
0
161
0
0
0
556
0
0
0
224
132
0
129
30
76
9
0
0
202
0
11
0
0
111
377
15
21
304
0
35
320
386
0
133
459
0
190
431
31
250
0
487
0
482
179
367
0
0
136
0
222
188
504
28
0
102
249
0
182
0
177
0
210
0
0
35
0
91
46
0
0
39
131
0
0
589
0
214
113
534
145
0
300
51
229
9
41
85
0
0
267
47
396
226
83
151
50
0
147
280
0
0
169
596
0
409
253
461
39
0
133
317
87
0
30
572
0
0
330
394
0
0
0
0
0
715
0
136
0
0
623
36
120
45
0
32
203
0
36
0
93
0
0
0
0
139
15
0
186
0
113
381
163
183
0
253
0
23
0
0
0
0
0
0
35
0
64
102
65
27
139
0
0
0
113
153
167
0
0
0
65
121
0
89
288
0
75
132
0
518
0
0
60
475
19
153
0
0
108
0
243
0
0
42
0
0
0
0
0
0
0
0
278
0
185
26
54
332
0
385
0
34
0
153
0
140
565
96
13
220
122
16
0
0
0
13
156
0
28
0
0
577
119
9
384
140
0
301
18
0
47
0
0
0
0
385
0
299
177
130
182
13
275
29
0
64
0
11
36
446
704
26
52
56
168
150
102
121
194
0
0
129
172
37
0
0
342
564
64
96
116
0
239
0
9
270
0
56
285
205
37
125
0
16
64
0
0
0
168
0
0
123
0
95
0
0
98
25
147
16
0
210
0
472
0
211
85
326
0
366
0
38
383
248
59
111
0
176
364
177
0
0
0
319
242
62
45
553
0
329
549
310
0
0
101
381
265
107
0
459
157
128
268
41
91
102
11
0
684
0
28
0
45
92
159
97
639
0
0
363
121
228
541
148
193
618
527
129
209
50
245
532
48
0
375
11
351
0
227
62
0
0
0
0
0
0
0
84
155
0
121
49
0
269
0
109
0
558
81
0
0
88
168
0
0
354
48
0
35
165
75
177
32
327
79
0
0
410
436
13
116
0
61
0
0
0
204
0
443
246
9
238
10
0
0
418
26
78
0
0
0
569
651
334
46
65
36
684
0
438
0
9
204
27
122
130
38
130
0
380
143
0
0
575
0
207
0
530
550
30
163
307
417
644
345
213
0
56
0
21
13
12
396
131
622
297
103
0
312
0
0
9
19
0
217
389
0
356
62
466
170
0
0
0
0
0
0
38
192
0
247
0
0
213
192
488
51
287
61
0
196
0
502
0
53
496
124
568
0
414
0
119
34
128
0
66
417
224
0
0
0
396
73
410
0
27
446
0
438
0
564
0
371
0
90
437
94
0
0
0
91
590
36
0
0
0
110
101
0
587
99
120
525
115
588
382
0
0
33
0
0
0
0
191
0
231
0
91
0
0
23
0
43
0
0
176
165
30
0
44
0
0
0
285
147
454
176
0
249
0
169
222
0
115
172
0
0
49
98
82
12
137
0
452
24
20
0
278
0
0
40
0
55
0
0
15
188
656
636
246
0
0
59
82
0
139
704
28
0
564
0
187
161
283
0
215
0
122
85
0
611
380
0
0
469
156
0
0
58
0
202
247
159
144
0
0
261
0
36
0
162
353
0
33
46
0
373
0
0
477
42
180
38
0
0
0
36
54
183
285
135
377
277
102
349
0
0
29
233
0
358
0
168
109
616
749
217
97
602
0
0
59
182
0
0
0
69
40
0
432
217
0
244
183
0
74
0
562
260
570
461
79
212
672
39
0
26
0
9
0
187
0
36
371
202
277
0
662
103
0
27
0
226
0
399
195
265
0
143
147
0
0
0
0
127
30
0
0
0
0
138
219
25
435
0
55
14
0
22
0
0
0
290
113
0
0
0
73
242
0
349
0
211
91
0
127
148
0
303
484
0
446
45
337
0
515
249
0
431
111
0
247
365
267
15
9
0
449
280
466
0
43
339
38
379
0
436
378
152
132
359
0
0
0
131
0
52
45
204
371
161
36
0
98
363
0
0
0
86
0
0
230
21
67
22
0
364
243
358
416
368
235
161
362
327
0
118
0
0
13
0
0
112
0
190
173
391
125
569
0
16
0
661
68
0
171
91
0
247
302
29
395
22
206
0
0
66
96
0
0
146
0
142
165
0
132
114
233
0
227
17
34
263
143
0
0
0
212
12
0
0
0
202
109
374
0
12
624
12
116
241
483
183
190
0
0
56
92
27
0
283
371
98
0
0
558
0
210
0
49
235
0
101
0
269
43
444
281
65
24
265
0
0
0
574
0
0
321
40
0
374
151
336
0
0
0
104
136
0
0
0
24
0
480
389
243
385
0
0
187
0
0
0
50
0
0
0
144
227
0
322
0
0
0
211
234
266
232
0
0
0
0
0
84
36
0
12
0
0
335
587
8
126
420
89
0
0
133
416
22
0
0
88
0
0
113
168
159
122
90
0
202
363
0
0
228
0
197
392
548
253
0
78
344
0
0
142
593
0
38
10
0
286
0
0
0
61
14
0
475
600
0
0
0
68
30
0
0
301
19
351
371
0
0
120
0
34
337
70
0
0
0
31
31
40
522
0
365
127
300
0
665
17
477
0
0
0
0
31
225
0
0
0
13
0
233
342
0
110
93
203
0
234
24
103
147
26
114
690
62
0
415
229
0
589
153
150
97
130
437
215
277
0
558
228
0
0
100
356
36
174
0
426
501
0
122
405
120
0
648
322
0
71
0
0
268
55
153
186
0
551
216
170
34
28
0
144
360
151
10
216
0
0
87
0
607
0
276
0
0
0
8
0
0
51
0
320
0
388
0
10
275
0
21
610
13
0
189
154
0
172
204
125
0
0
0
0
0
91
32
273
46
306
47
74
153
13
593
0
422
0
0
492
599
0
167
102
639
38
94
0
0
0
0
0
0
0
0
0
11
99
30
0
0
0
242
36
114
515
0
0
337
203
641
103
0
0
12
0
12
220
11
0
0
80
325
525
274
0
0
0
413
20
87
0
439
0
36
28
388
45
343
257
0
35
0
562
0
0
692
0
42
24
290
0
0
87
78
704
101
30
0
79
0
191
133
38
0
0
540
0
108
26
83
100
97
0
158
0
0
296
219
231
0
214
0
121
0
130
0
122
662
0
210
197
100
0
0
501
304
122
664
93
0
0
0
144
352
187
0
0
0
519
218
123
113
255
299
350
306
0
0
517
39
67
0
64
182
0
159
111
225
0
29
0
0
38
57
40
185
25
161
35
85
326
40
275
172
308
252
0
0
0
0
53
38
67
11
0
0
209
0
535
381
373
226
226
202
0
0
0
194
0
9
657
501
124
128
146
131
24
592
17
50
113
0
194
0
0
0
85
103
86
0
392
356
0
501
0
295
126
198
358
156
393
375
0
483
139
0
22
365
111
91
261
46
173
409
752
324
0
0
508
83
79
425
0
0
0
0
14
0
0
0
0
508
0
0
237
274
0
442
0
0
0
0
650
0
726
0
0
15
467
246
0
286
0
212
375
26
0
95
0
58
0
49
211
313
19
36
0
200
0
22
208
0
297
93
199
234
9
0
0
138
534
0
0
363
380
0
0
0
0
49
548
36
11
304
295
0
272
97
95
0
58
0
373
35
488
0
0
0
194
237
33
16
0
430
33
163
0
501
356
0
0
15
377
0
117
212
24
81
168
116
381
568
188
11
225
0
51
360
538
0
119
174
0
121
28
327
0
0
0
0
8
0
0
0
0
0
0
44
0
262
101
0
585
0
476
9
0
0
285
35
425
0
42
52
93
397
331
356
62
278
145
65
0
121
143
91
611
27
0
235
253
174
99
122
126
272
0
0
0
0
120
176
194
635
0
60
56
35
0
186
0
291
62
358
0
132
27
0
517
0
19
0
272
189
282
453
0
361
0
238
343
172
0
0
0
61
119
0
34
772
96
469
0
19
0
0
0
10
43
157
456
213
160
0
0
272
60
0
0
0
339
35
244
42
46
0
269
320
260
182
0
71
12
0
87
143
0
51
43
0
0
121
129
228
0
590
380
0
230
0
0
0
30
664
198
97
0
0
0
111
0
388
0
275
240
56
602
227
92
76
0
423
0
39
435
286
16
0
12
12
0
221
0
226
157
489
101
159
271
628
29
0
0
0
0
93
0
0
210
321
76
0
0
0
76
0
270
504
0
343
0
0
0
0
0
190
0
0
0
16
325
195
374
0
143
0
227
0
204
19
238
0
0
55
106
0
211
34
0
315
300
0
172
541
0
36
0
226
21
101
78
426
0
93
358
95
0
0
0
187
310
0
50
0
0
166
0
367
15
24
175
770
43
84
47
0
31
576
0
0
0
74
0
0
13
132
0
623
0
0
241
0
426
0
209
0
295
584
60
265
212
489
0
142
11
297
17
0
595
648
465
0
512
12
102
80
106
0
231
252
285
239
131
168
13
0
0
18
0
18
244
0
153
14
296
260
0
136
0
50
51
89
37
148
575
0
0
0
67
0
344
501
0
0
156
0
0
111
187
0
0
402
0
16
13
91
0
0
0
119
391
295
0
134
0
0
123
87
0
256
29
544
87
174
417
249
0
249
113
180
149
0
25
140
100
16
79
101
114
0
0
358
74
0
352
387
0
535
115
0
256
0
0
111
0
284
0
0
0
0
544
69
90
80
80
585
538
171
99
19
346
92
154
0
0
0
108
393
75
0
229
288
0
193
0
0
469
399
22
269
0
0
0
0
393
58
120
0
310
0
0
0
81
169
10
210
47
0
12
28
558
0
0
0
0
12
0
644
64
481
0
157
578
38
111
212
47
60
0
53
76
0
216
0
36
34
0
432
0
62
262
94
0
64
0
0
8
0
410
87
190
13
210
0
0
47
0
553
49
0
0
0
102
287
0
145
0
211
207
30
0
397
0
0
233
250
43
492
424
0
9
0
0
618
207
0
156
195
0
43
0
122
242
0
375
0
176
388
0
402
0
0
0
50
20
0
410
159
455
104
0
0
23
706
0
0
0
0
0
333
134
0
211
187
32
428
0
257
0
0
88
710
142
0
155
580
233
134
13
385
0
0
70
0
344
69
0
0
0
454
0
50
178
9
299
217
35
63
678
171
0
622
94
0
14
110
0
0
0
112
94
0
560
217
500
34
0
40
679
16
41
75
342
527
0
110
0
265
364
444
142
405
36
144
0
373
194
0
50
0
81
0
0
0
0
96
541
0
129
0
213
199
197
179
210
173
116
0
0
281
56
134
33
0
66
153
29
0
446
135
47
53
43
152
151
31
109
33
596
185
282
0
0
45
585
0
117
35
0
65
454
59
226
658
0
0
124
0
64
107
119
140
230
149
0
0
220
785
298
0
599
54
603
275
60
0
0
361
266
657
85
132
564
129
530
101
0
0
243
281
593
120
114
352
483
35
635
275
0
16
169
50
0
0
0
14
0
0
134
636
467
79
39
0
0
395
0
72
31
376
0
227
0
175
13
10
61
293
329
18
23
0
45
0
0
0
491
186
209
0
628
547
46
77
13
121
91
48
283
64
104
0
279
0
109
64
0
16
202
518
27
145
0
353
0
477
0
0
0
212
0
45
92
0
24
266
0
0
169
126
0
0
64
209
550
0
58
143
358
65
0
0
515
187
139
488
0
240
0
13
10
20
0
0
0
69
81
18
65
277
0
0
0
0
0
69
0
0
0
0
0
433
485
157
0
68
0
144
21
64
114
149
110
0
0
521
204
0
0
19
14
0
0
245
9
73
58
181
0
175
0
0
0
574
36
0
0
41
532
184
0
0
0
169
92
0
0
71
184
155
34
0
0
31
0
105
0
0
176
299
0
518
96
50
30
587
0
147
416
24
38
648
0
0
0
0
60
56
166
91
210
0
96
14
69
0
279
37
326
278
0
0
593
174
9
48
0
0
25
0
0
137
0
143
0
0
0
0
0
175
88
0
334
0
0
195
10
257
521
349
96
0
366
188
20
0
39
42
339
0
0
0
0
80
0
186
0
0
0
0
0
0
208
38
0
46
0
0
329
285
286
35
516
198
194
0
0
114
34
0
267
0
116
245
163
99
202
0
368
265
10
322
0
0
22
0
56
602
0
0
47
410
541
0
81
279
0
9
0
0
174
145
288
118
33
0
0
22
0
0
101
11
520
544
75
285
0
0
0
10
464
96
162
276
0
0
103
528
132
33
503
0
87
0
0
134
166
0
239
0
0
89
574
0
0
518
100
100
114
0
89
211
154
0
17
0
607
143
33
12
23
0
182
53
21
12
108
13
162
55
47
0
0
532
307
120
247
0
235
0
0
0
337
0
365
0
35
227
367
0
0
159
0
0
18
37
9
0
0
0
0
16
182
0
239
281
59
0
66
0
0
0
276
0
0
134
0
398
258
0
0
416
56
0
42
0
204
0
89
0
41
214
0
0
103
0
100
0
83
20
119
0
0
0
436
0
185
0
0
0
61
500
548
0
0
0
0
0
90
36
0
0
37
0
382
0
169
18
75
0
396
60
239
48
417
525
159
0
161
0
286
71
203
519
111
194
0
92
15
0
12
455
129
134
65
326
0
0
0
0
170
269
56
0
342
38
365
0
0
51
125
25
0
553
0
0
0
93
0
9
230
24
0
539
54
26
96
102
30
95
249
22
411
161
16
0
0
0
0
31
0
0
0
0
9
0
141
0
0
390
25
95
209
11
18
204
180
378
38
57
435
0
488
266
29
280
291
0
302
262
226
475
0
0
644
115
144
0
362
0
0
0
641
218
91
237
186
76
24
119
28
104
0
636
277
278
0
0
0
0
100
513
405
119
293
0
151
0
0
252
0
0
457
38
154
234
40
121
92
102
34
292
523
58
129
0
50
0
294
0
171
617
14
171
78
0
128
23
0
0
10
56
0
281
206
112
0
84
435
45
278
119
0
347
0
326
176
0
0
0
674
112
111
158
241
139
687
151
0
372
83
19
9
375
345
588
0
127
327
574
0
0
103
123
261
33
0
0
175
391
558
0
213
467
0
0
174
0
170
100
0
365
0
46
66
0
221
0
124
0
358
164
292
77
275
0
66
0
226
0
261
0
162
0
0
0
0
0
57
121
0
0
0
95
38
216
378
0
0
275
0
681
86
326
0
327
0
0
119
91
639
84
0
0
0
291
16
471
0
138
0
75
161
0
141
27
131
0
121
0
151
153
270
11
213
382
0
30
0
0
0
268
0
113
46
16
291
423
770
295
0
0
199
79
0
0
145
16
269
513
365
0
186
0
0
8
0
38
20
0
335
149
202
596
29
283
0
0
438
356
0
0
0
228
0
218
111
0
0
289
37
297
0
0
0
0
72
18
100
366
0
375
16
580
101
37
31
0
387
0
0
0
11
137
150
264
52
395
168
86
73
395
138
120
68
423
386
0
172
0
50
0
0
351
0
0
261
0
118
0
61
55
0
255
173
0
62
0
43
0
0
23
197
39
0
593
288
182
56
405
0
186
0
0
643
174
69
0
15
613
0
0
52
185
0
0
309
342
142
254
47
439
197
0
613
472
0
280
453
96
72
0
0
0
0
123
221
147
100
36
0
419
80
310
0
286
267
25
0
0
215
0
266
35
205
0
727
224
319
454
0
0
0
129
155
29
22
0
222
567
0
0
56
0
56
0
0
0
0
321
14
153
12
299
409
430
358
39
84
134
0
706
179
0
0
174
118
0
0
119
46
0
0
0
50
0
0
76
554
378
0
106
18
0
0
0
0
0
177
346
275
301
0
0
193
197
17
29
333
0
83
14
352
86
127
266
0
0
169
0
0
0
204
0
0
254
107
571
0
0
368
329
595
0
0
141
44
122
35
0
36
0
409
80
49
276
0
313
0
296
147
108
285
227
0
33
36
0
0
40
0
186
0
350
752
33
0
435
47
0
0
0
210
0
0
9
33
239
342
293
66
0
643
50
0
0
82
0
198
210
0
0
444
0
533
0
0
649
570
45
352
136
65
97
99
0
576
0
54
69
197
0
114
85
190
479
411
0
0
0
43
214
78
100
111
47
0
0
0
0
132
282
0
465
162
0
0
0
24
96
0
18
0
44
0
220
329
10
0
245
280
0
205
62
21
0
0
0
13
0
475
0
12
306
324
163
132
286
0
0
12
0
173
395
69
48
0
281
38
0
0
8
174
0
0
0
171
0
0
200
214
0
0
31
209
268
289
104
0
329
0
193
0
9
112
281
483
24
396
0
59
81
398
66
66
157
0
563
419
0
44
0
0
0
0
292
175
175
0
337
0
200
28
530
0
78
227
142
466
148
0
0
0
133
424
231
190
103
0
0
0
243
37
0
13
0
162
138
0
374
600
551
220
0
0
0
27
16
31
123
0
0
116
0
0
0
0
59
365
151
221
0
69
0
82
171
0
321
258
251
305
0
0
0
0
144
526
360
0
671
0
0
24
28
0
135
0
0
0
51
513
179
0
0
0
0
0
132
0
113
334
0
0
84
0
45
167
653
220
222
0
69
95
0
276
87
0
78
30
0
160
584
62
593
103
0
615
16
0
161
0
0
125
0
12
0
353
219
0
151
0
216
11
0
0
501
0
0
576
87
644
0
0
72
0
0
22
0
0
0
0
38
0
76
0
0
321
0
0
40
0
29
212
53
489
39
229
207
293
48
0
510
0
190
239
301
296
106
17
312
181
394
163
0
0
128
293
299
92
281
0
0
64
216
15
0
115
453
69
0
0
0
12
80
340
0
69
326
219
0
235
0
249
413
0
238
141
0
0
0
169
0
0
0
396
0
0
25
112
336
0
170
0
517
508
356
517
12
0
0
64
0
0
31
0
25
0
66
0
0
124
20
15
554
198
0
258
0
0
0
0
302
0
91
336
88
0
34
128
0
0
31
10
29
0
238
124
0
120
159
0
65
0
132
9
0
20
78
440
0
0
348
11
0
0
0
0
72
14
110
0
124
55
237
0
0
0
0
0
126
0
125
0
259
301
0
0
144
86
0
596
42
16
0
131
191
33
435
0
0
0
34
0
39
83
0
0
12
0
256
481
333
281
376
0
0
0
0
51
252
0
0
613
378
210
200
251
40
0
0
0
0
0
0
0
148
10
107
289
502
243
242
0
25
62
197
0
393
0
0
59
644
187
0
300
91
77
254
0
31
54
420
0
450
51
150
48
241
0
0
699
386
0
179
119
0
84
0
0
536
0
288
0
0
28
248
0
87
0
0
0
0
64
0
622
0
46
0
190
0
68
28
80
67
79
0
19
0
0
29
0
134
56
0
0
0
101
0
125
0
358
335
0
0
0
214
305
0
0
0
0
0
0
78
84
232
21
441
409
0
0
97
0
0
504
218
0
0
0
67
196
0
468
0
0
0
300
577
425
0
220
465
12
59
0
0
0
9
0
159
300
24
0
93
190
29
320
391
0
0
0
0
0
0
0
0
59
0
0
556
409
0
0
0
297
231
0
55
173
0
30
0
325
0
425
15
0
221
74
544
157
0
134
227
433
137
11
0
25
0
164
149
0
106
0
0
0
29
302
0
0
0
77
0
0
0
0
480
0
113
124
0
40
0
199
8
219
0
391
80
140
136
0
14
0
481
620
0
15
92
136
0
79
24
0
156
233
0
0
37
412
410
518
0
0
405
14
260
771
149
211
101
0
0
160
125
0
0
248
0
253
0
0
0
103
0
373
14
391
104
0
144
525
64
0
377
272
0
0
87
578
211
33
0
485
0
520
276
0
457
292
202
52
18
444
0
0
212
0
0
0
77
0
87
710
338
0
34
0
0
114
390
117
414
53
214
0
21
0
0
159
177
302
80
456
115
142
243
0
68
0
0
0
29
0
313
226
0
72
17
72
0
320
0
0
302
0
0
0
96
465
0
252
533
0
114
0
438
0
0
461
0
0
84
0
91
0
0
125
136
0
360
274
182
0
0
189
226
0
174
38
187
0
175
157
143
544
0
553
38
77
596
185
0
0
31
0
53
91
0
78
0
87
0
570
0
38
0
0
84
81
0
31
0
0
0
145
528
301
150
0
0
204
0
164
0
0
0
253
105
519
76
46
0
0
100
64
316
84
83
68
517
614
73
234
114
44
0
41
52
0
176
119
0
0
0
28
0
525
0
39
0
168
155
312
0
0
22
569
0
301
151
0
0
0
117
282
157
13
417
111
32
66
13
0
0
75
0
0
154
275
29
0
0
533
209
0
489
336
0
84
0
710
570
0
0
386
93
326
45
289
0
0
13
484
521
387
111
60
722
96
237
161
23
153
282
0
0
62
0
17
244
64
561
0
50
305
289
138
537
228
0
0
104
0
120
191
19
18
0
193
212
0
328
17
40
0
0
0
224
0
0
0
0
0
0
477
0
0
0
19
10
0
159
0
212
453
489
132
249
212
428
153
10
68
0
285
134
0
234
0
283
0
0
0
268
144
39
88
148
232
0
338
0
0
0
65
32
186
219
128
0
483
19
24
105
48
0
0
0
119
16
0
0
252
524
0
0
71
576
62
0
0
329
0
0
0
0
0
0
0
226
0
0
0
205
14
588
287
99
0
84
307
16
42
0
279
0
67
132
133
0
0
121
0
23
42
0
16
0
351
216
0
111
14
24
0
101
0
0
47
0
29
61
0
0
0
0
0
40
66
0
309
0
0
289
526
229
0
10
21
0
0
38
386
65
0
183
16
36
582
0
519
125
591
0
252
373
13
163
8
0
45
53
135
444
43
0
163
0
28
102
263
472
49
614
326
345
198
279
113
108
533
249
95
0
71
45
10
319
187
0
109
8
22
0
71
60
98
0
317
0
123
49
9
0
180
0
0
24
371
0
413
225
0
81
361
159
623
249
60
257
0
293
144
0
0
398
93
121
0
0
342
0
649
104
360
207
34
107
441
480
34
0
93
32
183
0
0
0
62
624
31
84
0
0
428
301
672
0
0
37
0
209
0
359
229
0
0
452
0
173
0
0
369
477
0
0
60
248
344
469
0
194
146
288
317
0
0
0
229
24
54
0
0
396
0
0
0
129
87
278
0
0
19
43
38
290
661
0
0
0
20
0
0
168
0
271
0
113
0
0
446
329
21
0
0
258
0
92
226
438
142
177
570
0
0
293
128
289
409
0
0
0
326
186
16
0
0
278
487
306
533
9
0
0
595
70
140
578
122
80
30
212
278
473
30
0
12
181
499
0
83
35
264
393
30
30
104
356
84
19
0
227
0
135
374
0
36
261
0
121
279
0
0
30
0
0
570
30
0
0
95
269
0
0
0
113
68
480
0
87
87
29
0
116
238
628
0
180
53
0
135
18
64
175
10
0
9
102
0
356
254
346
45
329
671
48
0
502
0
113
0
84
45
219
36
0
278
0
0
135
100
0
0
469
13
143
53
0
227
69
62
309
14
0
0
26
0
0
0
275
55
0
128
527
193
692
181
345
17
0
0
0
32
98
110
53
0
24
123
0
0
0
92
135
0
128
98
76
30
185
0
0
217
0
0
0
0
389
120
0
0
0
0
381
343
29
241
149
76
88
47
23
114
88
464
0
230
34
261
0
47
275
352
0
0
0
0
243
0
124
114
81
289
128
582
62
487
0
0
19
0
0
19
0
64
336
76
315
318
0
0
147
0
0
249
35
0
0
9
0
0
0
16
0
344
0
0
157
0
141
0
100
88
0
14
14
96
188
619
8
0
0
423
305
207
462
21
9
572
26
0
109
389
176
0
0
171
243
0
607
439
0
508
568
172
0
0
0
0
710
53
0
149
0
96
416
24
292
0
0
439
301
136
193
0
510
31
242
97
0
390
0
0
0
0
624
306
135
19
0
0
0
167
16
0
0
222
0
89
0
209
59
0
14
74
73
38
36
0
24
0
208
0
111
0
496
0
545
63
0
0
115
76
22
64
9
126
41
29
127
733
392
300
0
0
195
0
0
0
54
98
0
0
165
36
0
91
385
34
0
0
38
0
188
0
0
426
25
216
142
43
45
110
334
162
56
0
523
162
0
197
0
65
0
24
0
10
0
0
40
117
31
0
483
519
31
533
100
0
0
0
367
0
0
17
139
176
0
394
0
0
550
0
79
0
11
173
131
0
106
230
396
40
0
17
41
0
84
18
166
147
0
157
33
259
28
122
10
0
37
41
96
10
89
116
0
386
0
0
332
25
558
356
30
54
73
0
0
337
276
36
57
0
11
0
0
0
140
0
0
152
0
0
0
276
0
539
58
0
228
0
0
97
9
28
190
29
25
0
0
414
0
13
19
125
84
9
0
0
0
367
0
0
0
0
26
12
0
218
128
21
191
9
0
90
204
34
259
20
66
0
22
82
362
271
0
0
0
595
16
34
113
229
0
164
0
0
0
329
0
0
0
0
316
10
109
0
202
330
0
147
81
62
0
183
242
247
0
70
0
28
40
237
225
0
0
209
100
36
155
151
0
0
0
0
42
54
129
0
0
613
193
99
112
0
239
0
62
504
199
53
0
484
24
591
0
0
0
19
167
0
0
0
0
0
0
553
141
11
262
145
0
0
640
0
19
0
260
134
0
58
0
521
113
0
0
99
47
91
29
218
12
0
201
0
0
0
444
0
0
0
15
53
138
0
309
109
0
394
385
16
0
466
44
285
0
302
187
0
0
388
185
274
0
61
93
0
16
34
580
31
0
521
195
0
0
26
0
0
218
472
197
0
281
135
301
238
197
218
8
214
0
521
105
0
0
0
469
0
16
0
0
0
0
530
0
265
0
0
0
120
71
191
0
0
606
70
650
0
258
65
85
91
83
38
332
195
78
371
172
163
0
372
234
29
185
0
0
0
0
235
0
163
354
0
416
0
11
0
0
0
0
170
0
135
349
29
0
0
0
45
25
0
51
119
0
295
79
0
233
109
491
204
10
103
204
96
50
0
111
0
17
576
483
0
296
124
0
0
219
0
145
387
48
252
428
595
13
64
0
17
0
0
530
0
0
0
380
372
22
15
0
33
31
0
77
0
431
70
509
0
0
235
723
0
171
0
286
0
441
0
0
0
193
0
0
425
0
96
0
58
0
708
0
18
0
0
0
0
34
210
88
0
0
377
0
395
0
0
8
343
161
442
360
0
0
584
101
432
134
33
186
0
257
528
0
102
0
0
0
280
29
0
24
0
106
0
393
0
0
21
528
111
0
373
301
70
143
336
0
139
26
0
0
0
0
0
98
0
73
0
12
196
0
0
15
10
0
215
0
525
521
28
96
19
0
81
8
199
564
0
0
384
0
83
147
0
0
196
139
33
0
192
128
0
0
612
0
0
0
0
168
0
0
277
211
22
0
31
0
257
35
0
538
34
210
60
114
0
13
596
209
0
521
132
89
30
294
57
0
453
333
54
396
0
17
120
0
0
391
0
301
60
0
13
672
140
53
76
222
176
12
553
265
0
0
0
0
87
159
535
63
0
32
15
124
33
0
558
296
286
0
344
0
380
0
408
472
195
245
0
0
315
179
538
92
70
333
0
0
28
283
660
0
483
165
294
111
0
153
472
0
0
285
102
91
206
50
31
0
0
85
0
0
772
321
265
0
62
385
185
0
19
349
33
0
95
0
121
289
96
0
69
0
51
312
159
0
67
80
0
150
722
0
163
0
578
0
315
0
0
0
141
0
380
98
0
0
38
0
89
0
0
0
259
0
13
0
0
152
34
550
0
150
307
144
415
423
86
197
67
0
0
0
0
0
710
660
150
221
137
150
76
94
188
281
0
377
0
0
0
0
0
147
349
0
0
0
40
51
35
326
0
119
96
76
212
0
262
0
282
628
14
96
503
41
249
171
0
37
72
83
197
59
513
181
0
59
196
140
159
0
96
119
8
0
122
227
318
89
394
218
11
0
372
0
87
38
0
0
73
110
468
0
27
106
0
84
0
638
112
159
21
528
225
0
0
0
108
0
38
0
0
0
0
136
0
252
126
310
0
0
0
313
0
146
0
15
715
140
211
354
0
454
0
127
0
0
522
0
0
40
0
174
469
0
489
358
94
0
0
547
0
0
0
214
22
617
0
297
0
14
0
81
179
394
65
644
0
136
177
0
237
16
0
37
80
69
0
0
0
128
262
0
22
73
159
0
0
0
557
31
516
117
0
176
64
100
0
193
522
620
337
138
0
250
13
284
35
303
17
0
358
388
0
85
0
356
0
0
198
0
86
180
11
52
539
21
0
565
85
48
0
176
0
148
66
0
0
320
562
275
650
0
0
0
0
74
0
70
0
46
0
366
87
0
411
14
0
0
0
352
114
398
0
163
0
187
468
0
302
204
161
0
45
0
30
62
0
209
0
21
145
120
15
0
535
89
73
557
0
0
351
370
29
0
117
0
194
177
0
0
0
0
11
0
0
0
0
43
230
0
59
0
0
0
362
0
69
0
291
35
0
69
282
0
649
304
136
96
326
0
38
0
29
0
96
144
365
0
0
172
0
121
19
0
142
0
64
0
45
77
245
188
0
0
161
171
95
0
0
86
85
66
0
0
132
0
0
14
80
0
23
0
53
209
212
309
147
59
550
191
0
71
0
12
63
0
110
31
0
0
0
18
0
395
85
0
70
201
13
84
17
54
499
0
0
0
221
342
0
45
0
0
0
0
155
173
226
402
0
0
0
0
38
33
147
0
0
13
0
35
192
249
233
303
0
227
127
388
0
308
726
28
0
76
11
352
0
344
585
13
9
20
0
103
16
78
38
0
0
127
190
66
0
0
9
300
0
0
456
164
153
252
135
0
278
14
0
0
0
9
0
191
33
196
0
0
468
516
351
0
0
31
20
0
42
0
0
53
32
0
0
0
253
22
0
125
157
0
0
0
0
26
0
379
101
61
109
47
120
248
0
431
0
0
42
35
0
220
366
165
0
0
0
484
0
0
300
0
692
252
0
327
0
0
297
387
0
69
0
121
73
0
134
0
0
0
216
0
123
266
479
157
0
128
0
91
0
481
115
0
282
524
444
359
473
0
0
14
79
0
640
0
31
0
32
0
0
117
370
18
31
0
124
0
595
274
87
457
263
215
103
249
345
12
197
103
45
112
0
75
0
0
543
167
219
98
280
292
0
0
264
185
0
40
0
320
623
122
0
75
247
169
358
0
146
322
0
10
0
0
0
0
0
270
17
0
8
0
117
91
58
39
166
100
0
128
378
72
221
0
411
0
0
293
20
77
300
620
142
0
0
0
43
229
30
0
249
74
0
90
0
0
0
0
15
259
27
0
29
0
20
124
0
