0
197
805
749
287
578
180
727
190
415
708
892
334
787
430
713
399
966
747
185
968
681
296
406
687
618
598
402
436
564
580
642
216
453
399
467
693
179
654
251
392
597
789
471
963
364
584
428
696
787
867
658
900
761
419
147
876
536
781
869
522
600
981
264
689
678
964
738
259
685
399
307
359
763
705
141
490
840
292
419
882
904
776
574
862
710
320
190
451
757
944
233
648
795
388
331
966
494
764
785
197
0
716
377
931
114
899
990
860
677
884
401
360
642
959
761
434
393
658
342
626
683
396
433
850
355
806
997
872
192
338
322
852
548
528
274
164
311
468
289
918
998
289
460
477
725
293
332
179
760
165
257
380
455
514
643
146
797
708
712
397
404
489
227
282
345
582
439
854
152
512
373
193
105
643
435
858
224
921
521
358
711
836
645
951
602
532
434
361
456
517
728
973
279
954
580
940
106
987
914
805
716
0
498
208
703
790
965
267
913
309
303
807
670
835
392
947
678
911
716
449
264
248
941
173
168
499
316
456
625
265
330
835
876
163
632
366
124
322
755
140
642
362
151
886
793
857
552
910
715
513
281
112
869
354
796
912
355
538
853
379
501
479
878
168
637
394
719
492
315
317
652
582
652
362
853
531
861
888
817
963
550
161
393
280
377
624
157
588
489
323
106
591
144
957
357
145
271
292
351
749
377
498
0
672
107
178
255
258
880
953
323
628
606
293
233
991
676
798
137
280
662
587
387
538
790
871
907
497
794
181
126
371
203
897
284
830
946
313
114
174
335
459
894
904
520
358
382
485
386
755
793
566
164
700
473
417
920
647
774
471
780
368
764
687
806
532
539
666
261
353
508
176
842
709
829
761
835
791
582
427
672
108
198
797
183
325
682
251
875
788
284
345
122
935
571
269
649
377
470
287
931
208
672
0
709
635
674
381
204
543
876
792
841
768
303
984
390
308
193
392
173
645
719
416
329
749
359
784
416
668
197
541
967
747
516
885
288
124
290
660
921
485
905
444
909
641
989
337
322
722
820
676
201
936
187
111
938
566
603
177
475
606
731
658
692
335
127
805
808
708
341
114
799
104
321
611
434
509
143
648
600
590
148
310
239
794
265
282
928
835
386
856
302
505
835
735
325
921
991
578
114
703
107
709
0
705
169
893
167
626
648
472
687
919
512
677
646
621
811
505
221
435
159
400
123
929
684
595
274
250
966
913
280
767
376
462
107
741
500
430
371
576
406
490
794
257
586
208
421
155
455
645
431
838
404
634
694
790
428
251
907
1000
990
843
128
338
768
689
851
154
759
544
578
489
648
566
612
866
985
532
357
721
140
970
536
374
772
966
105
855
430
943
735
983
296
700
133
105
939
180
899
790
178
635
705
0
979
522
994
261
497
460
768
750
528
171
262
188
620
302
467
633
367
304
724
454
469
235
370
769
248
581
106
302
514
470
660
790
693
792
756
985
738
175
650
946
221
620
402
306
544
658
270
113
156
180
692
191
347
470
130
927
411
359
529
648
991
801
171
838
536
651
730
675
247
352
366
647
674
247
223
974
904
134
971
225
393
930
428
256
280
558
913
214
643
594
243
478
251
727
990
965
255
674
169
979
0
291
686
115
435
872
579
281
613
844
946
920
221
510
227
411
977
210
331
190
929
922
750
709
767
721
531
749
896
588
869
120
845
107
668
905
800
807
953
766
658
167
390
974
244
874
917
293
432
384
167
327
330
203
836
507
724
416
419
511
570
214
340
233
903
178
240
797
830
767
174
320
980
287
112
544
514
716
931
372
731
567
160
319
789
992
275
356
612
817
519
485
923
190
860
267
258
381
893
522
291
0
364
619
707
208
289
148
606
805
260
190
238
169
674
234
340
510
897
118
947
413
974
538
481
990
977
323
314
108
295
157
104
408
446
470
449
602
939
215
183
845
847
360
119
661
958
638
171
817
474
457
917
601
245
175
586
511
630
292
461
121
935
542
277
179
657
918
114
812
750
661
790
433
140
124
791
790
449
179
739
443
178
129
368
345
514
578
212
444
265
785
216
415
677
913
880
204
167
994
686
364
0
490
854
740
465
367
497
659
121
739
886
727
819
995
207
756
451
687
829
392
243
775
582
171
768
241
752
803
223
605
682
861
326
551
323
138
437
981
289
241
116
417
274
816
782
337
356
309
293
914
205
955
768
141
872
236
669
286
369
793
948
776
578
920
988
821
120
285
238
806
319
828
146
737
151
797
476
136
537
582
107
703
823
982
833
258
947
264
110
887
239
708
884
309
953
543
626
261
115
619
490
0
748
914
723
707
724
435
769
843
598
790
824
777
502
766
214
766
181
739
570
982
865
484
631
131
878
724
636
616
992
533
128
209
440
815
543
606
652
659
629
430
760
692
942
603
364
830
413
516
489
480
230
442
271
292
673
751
235
133
321
424
521
464
190
723
708
403
629
820
626
943
822
263
287
317
985
859
907
875
731
811
647
395
664
255
464
325
121
255
601
892
401
303
323
876
648
497
435
707
854
748
0
180
557
435
845
348
800
848
560
281
671
441
605
158
616
345
722
790
126
879
452
713
785
692
473
862
132
995
614
206
803
888
590
432
240
114
639
521
838
337
986
632
264
925
898
982
459
641
559
644
132
339
172
485
846
970
441
554
628
256
676
263
291
325
629
902
446
693
839
461
397
621
292
255
847
337
979
914
667
636
833
534
406
132
657
795
837
981
495
334
360
807
628
792
472
460
872
208
740
914
180
0
290
325
559
723
311
398
416
792
118
604
954
339
481
832
753
126
905
282
756
271
689
238
452
593
525
852
369
539
863
609
738
950
614
721
953
352
886
538
177
285
478
211
706
646
978
799
828
484
321
751
185
329
398
998
207
126
518
959
846
704
752
582
823
901
176
429
823
679
244
417
620
625
502
532
737
871
924
397
702
397
303
748
985
888
610
744
272
787
642
670
606
841
687
768
579
289
465
723
557
290
0
702
127
161
994
146
715
933
679
423
163
274
368
478
620
276
913
546
746
383
828
971
515
956
868
549
802
776
486
483
390
157
698
611
616
557
313
781
819
420
948
478
990
539
800
786
575
993
887
594
837
499
958
367
425
266
869
148
535
386
951
376
295
397
776
539
375
429
367
396
258
609
441
378
653
381
594
964
216
586
328
581
441
706
301
314
829
430
959
835
293
768
919
750
281
148
367
707
435
325
702
0
905
260
714
620
988
972
977
695
276
663
657
190
691
423
680
130
207
530
744
793
653
969
988
959
210
950
773
711
953
750
688
571
723
619
315
301
321
732
701
849
561
876
953
400
432
608
163
950
475
695
560
851
601
105
513
582
370
477
310
688
799
479
991
577
384
530
810
468
813
812
993
412
201
722
932
646
303
978
943
485
738
990
705
821
589
713
761
392
233
303
512
528
613
606
497
724
845
559
127
905
0
178
235
712
726
525
893
280
579
944
282
738
738
343
193
321
761
451
115
438
240
645
806
899
141
217
436
667
641
125
523
305
588
510
584
669
896
133
811
725
745
492
372
664
385
501
952
241
674
239
862
205
465
942
142
643
843
804
612
865
905
165
335
344
495
725
166
854
678
234
238
794
175
760
874
476
243
636
599
315
409
874
891
698
198
399
434
947
991
984
677
171
844
805
659
435
348
723
161
260
178
0
960
511
618
420
896
131
215
595
802
135
367
755
657
317
205
874
575
896
158
562
920
632
410
426
343
287
910
180
715
853
851
480
783
602
724
874
740
284
445
890
194
819
281
175
362
591
765
261
183
695
638
684
361
214
836
107
607
626
145
531
608
754
266
842
543
227
905
283
235
986
951
431
476
614
712
419
111
393
182
616
566
426
547
966
393
678
676
390
646
262
946
260
121
769
800
311
994
714
235
960
0
979
917
327
661
271
516
841
322
716
128
760
243
452
570
117
419
424
240
209
908
385
191
601
385
637
183
107
816
335
827
646
167
759
811
594
248
253
682
166
235
507
706
816
301
708
434
371
1000
415
149
553
726
339
269
389
836
960
637
939
272
609
289
813
733
843
167
881
362
459
473
103
218
347
812
599
252
196
137
326
276
404
586
747
658
911
798
308
621
188
920
190
739
843
848
398
146
620
712
511
979
0
455
513
794
362
503
735
513
868
664
678
157
496
902
338
397
906
211
810
625
758
318
866
409
172
767
352
472
259
130
688
119
203
978
799
469
236
761
750
149
458
189
312
815
817
751
344
461
941
643
416
535
328
215
826
847
809
190
812
279
270
297
206
803
316
253
508
363
338
876
355
401
594
866
102
338
781
666
300
691
245
777
185
342
716
137
193
811
620
221
238
886
598
560
416
715
988
726
618
917
455
0
440
505
126
933
927
183
556
555
504
799
998
583
676
954
819
130
439
785
326
379
607
541
916
940
289
638
314
357
663
865
122
295
857
615
107
993
332
146
498
115
186
897
613
563
117
372
493
842
144
489
642
286
128
211
386
515
830
670
741
657
464
403
689
727
624
681
597
115
322
272
845
623
817
984
686
742
705
179
450
799
968
626
449
280
392
505
302
510
169
727
790
281
792
933
972
525
420
327
513
440
0
670
796
504
275
691
367
779
411
614
196
991
384
822
557
366
911
156
491
155
111
344
482
150
143
106
469
982
486
645
242
669
248
609
183
554
548
502
268
679
486
605
187
252
560
604
183
584
990
568
766
896
697
288
256
171
814
907
795
836
264
680
216
343
502
270
517
470
858
373
768
292
651
678
469
656
202
170
374
861
681
683
264
662
173
221
467
227
674
819
824
671
118
679
977
893
896
661
794
505
670
0
716
970
794
504
808
908
321
583
691
923
232
125
769
511
121
266
404
337
581
798
570
998
592
309
995
459
760
935
510
782
264
159
272
169
502
392
703
997
410
891
461
857
367
381
858
125
949
418
430
619
532
122
960
756
296
199
607
886
922
191
333
617
909
955
650
852
613
319
866
742
480
789
450
372
883
634
321
684
296
396
248
587
645
435
633
411
234
995
777
441
604
423
695
280
131
271
362
126
796
716
0
178
331
605
930
644
795
396
699
305
846
549
170
599
798
944
157
811
622
898
339
863
920
687
665
914
455
182
701
152
719
508
822
474
611
596
457
433
740
394
501
436
134
351
478
183
251
272
105
900
963
959
210
398
656
314
787
225
107
471
887
480
466
126
930
922
288
636
811
792
203
374
688
678
640
197
233
952
406
433
941
387
719
159
367
977
340
207
502
605
954
163
276
579
215
516
503
933
504
970
178
0
540
655
377
467
872
254
655
475
273
200
303
382
948
431
346
863
368
905
109
433
634
433
212
853
870
862
416
578
521
600
951
482
913
299
348
696
255
585
788
345
716
693
565
840
701
357
767
729
439
552
692
818
688
407
896
216
538
584
500
780
536
378
700
687
201
336
334
501
230
629
571
991
567
465
810
476
687
850
173
538
416
400
304
210
510
756
766
158
339
274
663
944
595
841
735
927
275
794
331
540
0
402
923
590
305
815
219
834
761
659
917
413
425
897
953
560
703
590
170
201
145
387
511
314
577
328
305
586
759
535
303
278
315
241
672
171
482
707
758
714
937
473
685
279
132
418
822
881
760
802
721
796
293
812
596
909
203
294
503
404
876
111
762
978
909
698
239
954
382
287
749
585
912
769
688
461
618
355
168
790
329
123
724
331
897
451
214
616
481
368
657
282
802
322
513
183
691
504
605
655
402
0
310
262
695
952
189
901
634
796
636
958
454
579
932
314
179
254
206
784
610
576
601
506
895
123
253
771
316
782
929
271
184
883
832
695
928
258
358
691
715
344
941
257
507
918
801
696
189
319
372
663
675
528
527
659
137
311
250
853
877
839
736
814
878
669
693
729
636
133
264
254
780
469
501
876
598
806
499
871
749
929
454
190
118
687
766
345
832
478
190
738
135
716
868
556
367
808
930
377
923
310
0
580
358
793
830
917
258
447
392
256
990
748
421
559
220
564
127
171
811
631
243
708
887
592
782
653
130
738
962
358
960
301
368
168
831
897
471
514
904
613
673
350
546
266
896
605
694
179
294
953
238
775
745
701
698
369
839
586
571
534
554
516
999
566
440
295
314
585
968
107
582
679
126
607
402
997
316
907
359
684
469
929
947
829
181
722
753
620
691
738
367
128
664
555
779
908
644
467
590
262
580
0
955
264
567
883
888
662
884
395
599
137
495
190
738
190
382
651
238
731
598
695
118
640
245
935
339
952
325
324
400
564
261
970
844
288
328
508
512
309
532
542
479
407
136
968
549
309
661
769
643
950
475
558
631
911
142
758
648
277
929
837
345
577
915
117
288
248
439
629
204
660
596
322
436
872
456
497
784
595
235
922
413
392
739
790
126
276
423
343
755
760
678
504
411
321
795
872
305
695
358
955
0
512
474
355
869
577
482
355
125
217
555
829
945
432
744
280
276
397
356
113
572
482
663
646
541
496
769
111
369
684
202
813
619
648
944
714
924
111
673
228
980
144
642
332
714
212
736
960
710
116
294
907
548
488
302
938
240
345
302
928
292
470
356
139
241
116
907
402
704
255
135
991
564
192
625
794
416
274
370
750
974
243
570
126
905
913
680
193
657
243
157
799
614
583
396
254
815
952
793
264
512
0
583
729
477
905
327
459
667
510
899
199
181
720
830
924
225
310
448
253
614
994
707
255
186
860
114
337
595
571
525
659
238
775
166
881
174
772
649
917
662
845
510
495
660
103
915
751
740
149
726
820
198
677
391
545
223
708
390
200
423
309
322
229
545
534
955
960
919
867
364
920
580
338
265
181
668
250
769
709
538
775
982
879
282
546
130
321
317
452
496
998
196
691
699
655
219
189
830
567
474
583
0
275
210
144
868
460
791
244
525
705
683
259
474
144
460
892
111
553
457
706
336
339
431
898
657
189
460
257
678
245
219
289
269
557
501
862
367
387
890
574
347
696
418
838
312
676
633
289
115
114
771
731
999
783
173
655
792
789
730
927
917
437
664
979
684
742
455
174
373
596
642
322
330
126
197
966
248
767
481
582
865
452
756
746
207
761
205
570
902
583
991
923
305
475
834
901
917
883
355
729
275
0
172
888
772
387
921
239
952
896
153
699
131
289
678
801
751
338
525
323
832
253
887
985
444
829
945
256
454
658
992
713
926
744
249
982
974
694
476
165
150
198
927
494
845
122
769
885
867
862
726
709
754
822
209
687
949
508
233
557
668
914
789
213
187
753
992
255
532
530
216
852
835
371
541
913
581
721
990
171
484
713
271
383
530
451
874
117
338
676
384
232
846
273
761
634
258
888
869
477
210
172
0
619
777
909
753
897
647
167
817
640
451
412
244
216
668
449
683
878
658
923
226
130
140
249
333
103
631
140
238
621
685
135
656
302
255
375
927
369
222
879
816
520
227
368
330
707
331
646
309
161
203
320
404
217
632
267
391
204
265
502
641
875
916
813
993
780
163
651
453
548
876
203
967
280
106
531
977
768
631
785
689
828
744
115
575
419
397
954
822
125
549
200
659
796
447
662
577
905
144
888
619
0
743
844
281
140
871
709
375
238
636
645
927
260
954
651
396
385
300
687
569
870
312
280
651
191
301
831
498
970
288
925
634
192
937
884
838
999
485
583
538
935
742
237
897
608
177
155
937
718
523
428
949
636
900
776
428
972
264
366
435
784
922
646
577
682
109
156
399
528
163
897
747
767
302
749
323
241
131
692
238
971
793
438
896
424
906
819
557
769
170
303
917
636
392
884
482
327
868
772
777
743
0
755
760
388
523
279
190
471
465
860
952
214
302
695
528
905
487
634
333
554
363
641
950
388
481
807
505
864
124
203
459
969
329
904
158
506
438
736
742
928
576
897
305
911
123
901
462
573
520
584
497
309
855
457
473
754
135
862
964
580
452
730
779
967
629
386
467
274
632
284
516
376
514
896
314
752
878
473
452
515
653
240
158
240
211
130
366
511
599
382
413
958
256
395
355
459
460
387
909
844
755
0
377
109
318
599
868
506
838
739
572
703
151
973
265
186
848
489
862
488
301
189
138
995
417
579
883
880
297
683
377
813
308
672
265
147
187
650
925
262
497
576
110
953
658
448
755
322
176
839
517
243
161
244
869
330
185
118
370
914
699
523
142
783
790
498
693
164
366
830
885
462
470
588
108
803
724
862
593
956
969
645
562
209
810
439
911
121
798
948
425
454
990
599
125
667
791
921
753
281
760
377
0
901
620
587
873
462
550
831
314
997
649
318
820
305
413
266
489
944
729
999
257
999
282
755
190
243
116
434
709
260
432
482
472
868
361
735
461
817
128
773
831
388
950
581
126
771
220
414
125
831
696
437
512
212
670
295
616
361
138
846
795
901
527
112
179
311
124
946
288
107
660
869
295
223
636
132
525
868
988
806
920
908
625
785
156
266
944
431
897
579
748
137
217
510
244
239
897
140
388
109
901
0
555
794
578
952
950
397
581
178
423
270
676
686
401
214
804
534
730
835
706
587
495
601
220
425
104
215
460
423
656
767
208
627
780
204
591
128
600
537
624
472
490
143
912
115
629
377
916
598
870
273
680
840
930
431
366
676
854
935
681
213
792
182
654
468
322
313
124
741
790
120
157
605
616
995
852
549
959
899
632
385
758
326
491
404
157
346
953
932
421
495
555
899
525
952
647
871
523
318
620
555
0
553
437
997
519
814
546
830
554
776
903
558
154
666
304
948
431
781
382
758
562
430
780
823
746
963
289
665
577
872
255
878
969
732
500
416
381
223
561
562
578
683
675
367
396
471
351
532
253
360
674
369
697
632
996
903
749
226
960
847
206
575
251
289
755
114
290
500
693
845
104
682
992
614
369
802
210
141
410
191
318
379
155
337
811
863
560
314
559
190
829
199
705
896
167
709
279
599
587
794
553
0
317
630
285
109
843
228
440
907
383
319
105
918
723
719
958
687
831
445
483
158
553
831
454
637
708
250
727
609
902
349
653
306
377
999
951
817
711
209
247
274
617
273
102
492
823
320
926
580
890
781
691
746
228
812
940
741
875
635
750
419
392
918
140
174
660
430
792
107
408
861
533
206
539
776
950
217
426
601
866
607
111
581
622
368
703
179
220
738
945
181
683
153
817
375
190
868
873
578
437
317
0
305
150
639
243
113
756
744
666
674
204
561
547
469
611
921
115
256
234
567
433
541
335
454
564
573
990
907
264
760
619
925
302
649
947
464
830
144
142
350
789
592
561
971
622
446
200
624
879
753
360
111
433
718
437
505
882
457
260
450
597
998
642
335
921
371
756
668
446
326
128
803
863
486
773
436
343
385
409
541
344
798
898
905
590
254
564
190
432
720
259
699
640
238
471
506
462
952
997
630
305
0
379
895
658
531
217
417
332
726
502
738
360
309
320
824
606
171
438
755
658
506
191
627
798
929
439
928
536
394
377
730
423
825
924
178
722
558
926
507
935
233
175
360
792
815
365
212
135
269
132
272
161
573
161
914
620
813
146
643
789
289
362
459
485
576
985
905
470
551
209
888
609
483
711
667
287
637
172
916
482
570
339
109
170
206
127
382
744
830
474
131
451
636
465
838
550
950
519
285
150
379
0
747
865
567
567
419
166
511
810
306
353
572
723
656
510
619
808
280
663
592
960
860
471
883
448
405
676
701
215
417
314
910
756
151
575
905
599
688
500
261
706
860
600
243
201
233
845
740
993
639
743
133
436
508
575
659
551
941
471
460
151
894
905
406
738
800
449
323
440
590
738
390
953
641
910
183
767
940
150
998
863
433
201
784
171
651
280
924
144
289
412
645
860
739
831
397
814
109
639
895
747
0
804
873
187
479
904
123
495
407
613
881
221
185
352
788
390
836
954
125
298
843
976
476
272
896
178
440
374
892
582
520
783
802
891
817
834
232
990
784
492
429
873
824
607
942
902
346
594
588
402
966
929
533
688
612
126
149
963
477
886
904
444
490
175
807
602
138
815
432
950
157
750
125
180
107
352
289
143
592
920
634
145
610
811
238
276
225
460
678
244
927
952
572
314
581
546
843
243
658
865
804
0
696
809
345
862
272
494
236
535
498
497
402
799
236
719
111
723
919
535
875
284
332
896
726
945
578
558
454
112
986
894
556
485
385
880
137
741
660
865
200
369
720
172
566
859
621
703
822
601
963
540
968
506
310
580
483
364
725
793
520
909
794
650
953
939
437
543
240
614
698
688
523
715
816
472
638
106
309
687
433
387
576
631
731
397
310
892
801
216
260
214
703
997
178
830
228
113
531
567
873
696
0
730
618
1000
380
752
411
917
684
479
235
800
712
343
611
650
656
235
548
567
629
462
916
897
314
777
322
941
278
547
873
417
133
653
205
955
545
206
796
693
624
778
341
324
989
1000
389
192
772
760
578
538
877
553
146
584
293
857
358
641
257
946
766
215
981
606
114
721
611
571
305
853
335
259
314
469
995
665
212
511
601
243
598
356
448
111
751
668
954
302
151
649
423
554
440
756
217
567
187
809
730
0
905
151
301
287
315
735
647
313
854
659
597
573
700
611
208
390
452
584
410
920
896
171
254
654
687
357
801
578
711
938
873
636
578
908
128
163
945
222
982
947
607
598
319
736
614
357
652
632
514
609
445
430
582
428
332
552
382
989
586
221
658
183
289
652
639
953
616
723
588
851
827
130
357
982
459
914
853
314
506
708
695
113
253
553
338
449
651
695
973
318
270
776
907
744
417
419
479
345
618
905
0
167
917
177
750
856
125
169
103
580
503
859
570
491
159
805
652
360
924
744
733
124
933
600
502
678
305
111
224
551
871
305
523
280
487
872
724
365
535
147
746
456
962
210
981
816
557
939
207
485
358
163
745
696
179
910
485
337
208
620
167
845
241
659
521
352
557
619
510
480
646
688
663
486
760
455
870
577
895
887
118
572
614
457
525
683
396
528
265
820
676
903
383
666
332
166
904
862
1000
151
167
0
814
805
262
774
383
194
383
111
298
766
225
240
164
760
205
130
914
245
462
105
807
755
432
378
437
849
434
450
254
458
382
403
298
523
118
148
987
637
912
758
688
775
487
172
646
944
385
427
507
230
345
787
760
715
386
322
421
402
390
847
116
629
838
886
313
315
584
783
167
119
865
645
935
182
862
328
123
592
640
482
994
706
323
878
385
905
186
305
686
558
319
674
726
511
123
272
380
301
917
814
0
825
133
587
366
331
921
118
799
215
506
898
657
144
158
204
616
871
516
865
300
848
426
881
334
994
403
764
423
580
103
129
224
499
797
533
884
702
139
390
311
858
123
928
901
490
910
263
484
896
976
867
165
513
755
722
155
306
974
360
417
430
337
538
781
301
669
602
759
203
122
242
510
701
416
305
253
782
245
663
707
336
832
658
300
487
848
413
401
154
105
204
502
810
495
494
752
287
177
805
825
0
888
784
382
362
691
591
756
112
681
601
526
294
752
655
502
370
372
415
810
300
644
105
722
367
606
480
1000
415
461
171
283
285
593
190
102
305
134
356
755
281
683
173
261
363
160
596
413
667
271
658
257
281
793
820
455
544
244
119
274
760
986
177
819
321
896
724
811
978
295
669
782
152
578
586
771
653
935
646
255
339
253
923
687
634
489
266
214
666
918
561
738
306
407
236
411
315
750
262
133
888
0
442
639
513
270
898
370
303
217
358
409
990
323
979
995
762
799
787
462
597
799
932
137
535
783
654
719
397
867
313
226
825
507
274
451
834
798
141
470
927
724
618
836
544
274
924
348
196
520
900
380
112
566
676
645
658
874
661
816
692
632
285
420
732
133
874
594
799
857
248
264
719
521
759
316
130
339
541
186
431
887
226
569
333
862
489
804
304
723
547
360
353
613
535
917
735
856
774
587
784
442
0
565
750
685
318
904
932
973
135
173
571
683
111
291
153
215
422
444
178
659
955
736
744
274
796
831
882
830
933
176
501
538
930
554
172
565
512
931
427
741
716
701
900
812
194
753
527
349
761
455
869
164
201
431
270
917
958
782
942
264
478
948
701
811
740
248
469
615
609
159
508
600
535
782
738
952
496
860
898
985
130
870
554
488
944
534
948
719
469
309
572
881
498
684
647
125
383
366
382
639
565
0
725
835
766
713
470
462
625
117
772
545
943
231
683
985
832
757
451
795
528
156
847
739
201
116
957
249
251
216
929
634
731
790
243
761
839
811
559
780
899
610
982
601
246
348
289
472
419
514
354
700
936
838
113
293
638
337
603
925
211
478
849
725
284
253
236
107
183
272
822
951
303
929
962
325
769
114
657
444
140
312
363
301
729
730
431
958
611
320
723
221
497
479
313
169
194
331
362
513
750
725
0
626
827
447
337
880
901
115
434
926
814
873
515
309
299
314
588
285
586
911
891
220
126
713
113
888
505
228
140
943
583
148
589
619
930
855
503
302
865
543
432
780
987
130
826
818
147
643
796
473
187
404
156
432
171
356
364
898
706
990
561
745
445
682
761
993
554
169
474
482
278
271
358
324
111
337
189
829
249
280
641
189
999
835
781
687
921
824
656
185
402
235
854
103
383
921
691
270
685
835
626
0
222
587
576
948
361
591
443
613
523
954
439
133
964
316
814
734
886
772
797
186
249
279
189
320
161
226
157
891
777
255
963
788
222
754
103
735
740
741
220
741
586
433
474
999
876
146
912
417
111
634
180
384
817
309
830
982
646
539
876
492
890
166
750
332
548
502
611
913
315
184
960
400
369
595
460
945
333
651
950
138
257
706
382
831
115
606
510
352
799
800
659
580
111
118
591
898
318
766
827
222
0
776
851
608
186
467
609
379
147
626
194
825
801
939
184
116
353
548
407
405
512
881
994
509
763
738
680
905
586
764
366
249
330
938
257
660
641
777
422
172
172
439
775
377
536
797
355
920
938
694
692
167
474
293
413
459
978
800
953
372
194
235
149
146
502
392
596
299
241
883
301
564
684
571
257
256
103
191
388
995
999
587
758
445
256
171
619
788
236
712
597
503
298
799
756
370
904
713
447
587
776
0
313
377
689
549
254
367
562
300
258
839
221
985
760
276
586
718
539
354
289
253
791
283
975
331
991
326
381
811
105
257
363
395
264
260
759
788
515
294
911
266
596
826
781
708
538
647
566
790
191
327
457
914
516
641
799
786
400
664
819
507
458
498
268
703
457
348
672
832
368
261
202
525
678
454
631
301
481
417
282
495
562
483
234
438
808
390
719
343
573
859
766
215
112
303
932
470
337
576
851
313
0
626
379
351
492
433
411
117
864
610
606
202
932
803
466
421
726
663
299
820
355
815
663
447
610
934
807
305
841
885
222
115
591
811
787
583
970
210
955
145
716
945
869
712
853
774
603
428
347
330
917
205
489
559
828
575
432
385
281
706
189
115
679
997
433
696
171
695
168
970
813
659
245
658
140
831
807
579
755
601
430
158
567
755
280
836
111
611
700
570
225
506
681
217
973
462
880
948
608
377
626
0
904
978
798
672
875
579
124
648
312
469
201
438
989
486
795
726
335
941
926
688
679
387
280
748
669
756
310
742
335
717
449
733
647
308
322
574
963
626
782
959
522
397
379
471
177
251
470
203
601
955
480
644
484
993
608
501
175
816
312
186
486
410
740
255
482
928
831
844
619
238
219
992
238
498
505
883
190
220
780
553
433
658
663
954
723
650
611
491
240
898
601
358
135
625
901
361
186
689
379
904
0
761
502
356
350
906
436
105
676
664
329
603
301
786
168
907
365
901
472
725
131
273
490
197
521
638
263
578
732
821
892
333
272
772
537
349
369
883
153
583
600
404
501
780
475
907
130
836
245
768
230
132
321
887
163
952
362
301
815
897
605
891
394
585
707
258
897
288
648
775
289
713
621
970
864
880
243
425
823
831
541
506
592
125
919
656
208
159
164
657
526
409
173
117
115
591
467
549
351
978
761
0
385
411
715
745
851
636
341
508
575
369
929
211
325
689
882
240
411
278
978
720
374
299
947
915
601
720
426
577
734
578
977
599
800
882
803
961
547
649
981
489
479
368
606
1000
927
507
175
141
442
339
751
594
950
241
591
708
817
613
187
461
501
788
758
358
471
328
944
166
269
926
685
288
124
297
116
104
746
454
335
191
960
298
535
235
390
805
760
144
294
990
571
772
434
443
609
254
492
798
502
385
0
783
801
125
347
825
386
443
851
639
228
730
338
501
222
928
278
209
924
396
176
597
129
709
408
551
839
352
175
268
190
636
702
748
625
106
306
203
264
227
878
764
731
990
411
724
586
872
271
172
185
837
475
674
765
434
751
563
252
857
436
345
714
691
514
508
714
881
557
744
135
925
203
683
434
215
963
637
454
627
860
843
875
548
452
652
205
158
752
323
683
545
926
613
379
367
433
672
356
411
783
0
332
404
151
317
702
632
941
894
845
395
976
389
395
343
105
933
578
623
995
135
174
552
352
876
1000
199
742
149
907
820
397
266
870
974
788
384
689
282
168
687
658
843
359
416
511
236
292
485
329
499
695
239
261
371
344
117
560
367
134
716
937
715
904
512
924
174
501
249
656
634
459
377
709
460
289
708
564
798
471
976
284
567
584
360
130
204
655
979
111
943
814
523
147
562
411
875
350
715
801
332
0
230
932
527
276
285
330
204
842
847
785
355
245
803
842
133
401
598
168
172
918
442
155
130
878
377
233
977
698
149
610
966
897
602
287
967
678
345
637
806
692
128
529
419
630
669
673
846
398
958
560
862
183
1000
461
372
604
381
351
693
473
344
613
309
111
772
862
982
302
192
969
813
260
423
665
250
573
929
883
476
332
629
410
924
914
616
502
995
291
231
873
954
626
300
117
579
906
745
125
404
230
0
456
313
170
434
523
225
851
197
159
921
772
598
859
565
689
853
471
899
448
826
824
300
581
460
742
589
621
731
788
786
389
217
367
273
964
582
394
532
335
338
648
511
292
286
751
970
998
367
851
205
695
415
941
493
183
858
478
565
685
941
673
532
673
649
367
974
255
937
329
308
432
656
577
727
990
439
448
272
896
462
920
744
245
871
370
762
153
683
515
439
194
258
864
124
436
851
347
151
932
456
0
171
349
500
935
909
282
604
283
277
266
650
300
425
235
859
880
799
480
577
842
182
617
544
840
872
825
988
754
997
684
489
334
497
738
439
719
539
127
768
991
570
461
369
235
441
207
425
601
465
638
149
643
842
584
125
183
840
279
257
350
542
228
917
387
694
375
884
904
672
482
767
872
609
907
928
405
896
726
916
896
733
462
516
372
799
215
985
309
133
825
839
610
648
105
636
825
317
527
313
171
0
991
519
392
633
161
379
706
892
787
209
816
453
133
734
351
417
966
680
570
475
344
882
715
919
489
899
140
494
643
215
481
526
259
854
492
666
805
689
801
214
121
793
133
554
126
266
105
942
684
553
416
144
990
949
251
701
132
507
546
479
980
662
890
476
927
838
158
265
472
208
255
902
264
536
676
178
945
897
171
124
105
865
415
787
422
832
299
964
801
221
606
312
676
341
386
702
276
170
349
991
0
764
330
929
339
526
625
802
358
360
102
358
608
550
649
827
855
133
739
787
479
168
640
531
498
367
878
281
923
746
426
145
685
152
315
261
808
851
171
340
935
948
321
628
518
869
513
142
361
726
535
489
568
418
272
357
418
918
266
407
144
845
574
165
369
999
506
147
868
627
878
349
760
394
701
440
578
314
254
933
807
300
810
462
444
757
314
316
939
985
202
469
664
508
443
632
285
434
500
519
764
0
974
207
788
879
295
303
824
205
492
204
579
388
365
338
464
661
207
430
491
405
465
214
736
683
108
647
631
773
516
103
399
512
317
353
708
154
838
233
542
776
424
256
959
148
582
643
214
339
328
642
766
430
105
767
822
801
896
136
642
510
347
150
222
485
438
187
361
780
969
653
619
377
215
374
558
777
654
600
755
848
300
597
178
451
588
814
184
760
932
201
329
575
851
941
330
523
935
392
330
974
0
606
367
752
359
285
508
881
679
426
730
361
717
567
948
844
575
530
698
709
298
347
332
275
550
956
778
644
184
721
307
373
652
508
341
759
536
903
277
578
521
676
846
535
370
843
836
269
215
286
896
619
900
729
881
696
605
968
332
495
696
198
879
583
736
650
735
204
732
306
925
730
417
892
454
322
687
502
432
426
644
799
659
795
285
734
116
276
803
438
603
369
639
894
204
225
909
633
929
207
606
0
709
328
257
570
836
706
506
641
200
693
856
543
737
119
191
621
475
246
429
662
403
271
181
453
383
678
879
252
359
193
582
176
114
544
651
178
179
920
464
263
704
386
477
804
107
389
826
128
697
532
963
439
760
189
694
549
714
660
418
927
816
538
742
925
461
591
500
377
302
423
314
582
112
941
357
678
378
881
105
932
955
528
586
886
353
586
466
989
301
929
228
845
842
851
282
161
339
788
367
709
0
497
961
684
878
257
213
682
735
179
469
503
592
300
483
897
509
809
457
210
779
441
214
607
222
787
473
294
763
105
652
842
799
578
730
240
657
988
190
291
752
951
310
612
607
836
847
211
288
122
959
552
802
319
179
309
212
103
838
494
520
935
928
262
817
128
416
999
649
825
910
520
986
278
801
305
437
334
722
137
736
156
911
772
548
718
421
486
786
211
730
395
847
197
604
379
526
879
752
328
497
0
252
294
847
660
720
193
320
985
899
160
787
327
902
148
487
800
229
133
537
831
171
976
342
187
695
565
705
643
362
709
104
489
675
797
918
821
723
325
582
376
688
865
626
960
809
386
256
960
210
692
721
372
294
661
736
915
312
845
227
742
576
497
128
600
381
951
947
924
756
783
894
547
578
111
849
994
367
535
744
847
891
797
407
539
726
795
168
325
338
976
785
159
283
706
625
295
359
257
961
252
0
638
402
903
918
693
889
611
952
323
830
868
212
527
171
331
115
536
220
520
588
821
159
907
790
868
141
435
853
829
321
648
247
830
114
120
708
629
823
295
799
905
145
637
190
515
171
756
398
818
796
663
953
769
960
751
676
122
368
237
897
576
773
537
223
817
464
178
151
802
556
873
711
224
434
403
606
783
274
739
220
186
405
354
663
726
907
689
501
389
355
921
277
892
802
303
285
570
684
294
638
0
864
968
933
237
704
197
254
453
467
975
472
186
868
548
794
940
358
261
807
900
273
957
459
443
490
858
531
761
611
566
352
767
812
285
403
902
901
397
479
165
531
939
812
830
814
296
656
688
293
675
238
643
710
740
633
769
330
897
305
110
831
624
561
711
830
722
575
891
485
417
938
551
450
764
480
654
796
201
126
249
512
289
299
335
365
882
222
395
245
772
266
787
358
824
508
836
878
847
402
864
0
156
288
202
124
207
930
394
887
279
634
299
409
606
977
444
986
787
246
119
679
186
687
330
840
224
861
835
434
612
366
174
750
238
629
446
176
776
991
335
608
272
279
670
907
199
314
407
812
528
775
950
116
149
289
885
707
608
911
953
388
472
562
209
144
558
905
817
385
133
873
871
254
423
1000
719
831
116
713
279
881
253
820
941
901
240
928
343
803
598
650
209
360
205
881
706
257
660
903
968
156
0
816
601
493
987
374
427
286
641
319
673
910
312
230
888
421
223
237
167
520
590
723
693
292
921
888
791
509
866
647
320
661
806
820
693
429
539
577
344
754
609
270
741
795
607
787
896
596
527
745
475
294
726
115
867
331
177
123
658
950
490
578
247
142
926
599
834
880
653
636
305
458
580
415
397
882
957
113
189
994
791
355
926
472
411
278
105
842
859
300
816
102
492
679
506
213
720
918
933
288
816
0
628
385
302
664
805
199
132
202
795
631
453
162
353
400
755
442
753
259
617
467
377
419
521
817
582
143
985
674
980
790
319
626
839
823
375
384
495
266
289
297
657
836
886
225
216
909
659
701
558
907
820
114
862
646
155
901
448
581
143
683
274
350
507
688
232
137
205
578
523
382
103
461
867
830
249
888
320
509
283
815
688
725
278
209
933
133
565
425
453
358
204
426
641
682
193
693
237
202
601
628
0
673
369
712
916
493
813
458
190
905
666
689
524
550
683
864
476
283
457
812
405
882
358
963
427
648
532
247
287
433
828
943
461
679
429
530
725
842
813
206
464
264
922
107
538
203
137
698
631
548
198
771
726
309
937
462
755
126
912
675
617
789
935
500
990
741
955
908
280
403
129
171
313
933
251
505
161
763
975
663
679
131
978
924
578
401
689
235
133
608
579
730
200
735
320
889
704
124
493
385
673
0
360
519
269
200
256
502
666
224
816
780
236
853
138
462
376
637
119
595
737
904
711
550
672
600
357
223
112
140
146
822
397
244
367
810
166
543
733
803
403
680
191
471
584
294
311
369
911
488
677
731
709
161
718
573
322
771
115
367
273
592
233
261
784
660
545
128
487
298
224
283
226
176
216
228
226
738
331
447
387
273
720
396
623
598
853
859
734
550
388
361
693
179
985
611
197
207
987
302
369
360
0
267
748
207
972
539
749
274
438
678
997
258
486
431
183
790
991
952
127
776
836
161
108
590
721
974
544
124
737
263
621
417
396
468
854
227
843
316
689
216
333
887
500
503
250
839
142
302
391
999
754
203
523
520
176
220
629
396
102
561
175
706
492
865
206
163
872
523
499
285
825
501
929
140
157
680
991
610
280
490
374
176
995
168
471
880
351
649
365
717
856
469
899
952
254
930
374
664
712
519
267
0
205
472
993
341
879
808
227
780
643
576
611
513
356
851
920
675
575
574
645
393
198
148
140
904
514
791
151
287
292
620
258
813
678
905
167
253
727
343
617
480
780
404
853
586
758
938
545
783
822
320
428
584
839
414
377
471
492
971
360
860
429
200
796
945
724
118
797
593
507
538
634
943
891
905
326
934
748
197
299
597
135
172
899
799
417
827
338
567
543
503
160
323
453
394
427
805
916
269
748
205
0
732
672
434
579
383
146
120
233
922
327
487
997
352
196
753
992
862
951
280
797
310
970
134
716
790
797
317
255
625
609
812
234
283
881
508
624
502
909
466
536
876
877
571
648
240
223
173
209
404
949
497
517
125
916
351
823
622
792
600
873
369
693
222
365
148
533
190
274
930
731
583
777
586
381
807
669
521
947
129
174
918
448
480
966
855
464
948
737
592
787
830
467
887
286
199
493
200
207
472
732
0
566
442
865
196
314
539
826
941
954
165
737
525
122
581
517
710
602
377
183
239
536
971
931
449
476
985
847
502
441
993
238
235
362
363
681
270
955
126
378
111
839
534
277
345
708
655
687
217
636
309
243
831
598
532
320
446
815
243
824
720
624
982
535
987
884
102
451
554
790
148
255
764
811
305
756
638
915
709
552
442
826
577
680
133
661
844
119
300
327
868
975
279
641
132
813
256
972
993
672
566
0
821
628
179
846
669
884
676
391
282
129
729
408
733
832
320
532
624
325
794
374
225
372
179
136
859
337
532
378
412
794
986
459
338
597
517
650
930
700
762
736
554
929
302
390
792
949
632
900
855
161
696
870
253
926
200
365
201
607
172
778
947
147
637
702
305
834
172
243
589
963
366
105
841
310
263
601
408
352
155
824
842
570
739
207
575
191
483
902
212
472
634
319
202
458
502
539
341
434
442
821
0
346
297
673
878
843
794
357
927
402
224
614
461
458
190
434
157
682
265
772
393
731
739
537
907
979
737
653
201
175
951
473
876
115
470
852
922
687
978
814
516
837
928
200
789
508
267
776
457
244
437
273
360
580
624
212
233
942
566
341
607
746
912
139
134
798
565
761
619
788
249
257
885
742
578
720
551
876
130
300
182
475
787
430
530
621
897
148
527
186
299
673
795
190
666
749
879
579
865
628
346
0
663
357
423
358
149
788
937
815
375
412
809
999
451
361
588
251
282
966
930
567
443
582
875
914
871
381
722
760
431
103
355
322
858
613
288
201
909
878
999
345
292
423
730
233
391
428
473
869
512
680
674
890
879
135
845
902
859
324
598
456
758
390
356
141
512
839
930
222
330
363
222
335
732
426
839
1000
878
581
617
344
479
491
698
475
509
487
171
868
409
910
631
905
224
274
808
383
196
179
297
663
0
689
849
816
806
415
915
463
903
364
403
638
757
456
489
875
928
105
428
160
178
107
731
667
924
594
932
874
476
218
401
272
373
319
636
336
698
669
566
577
470
309
927
557
204
972
754
330
212
840
369
781
753
269
740
346
621
989
319
962
688
311
755
470
931
811
855
754
938
395
115
717
821
577
352
199
377
460
544
882
168
405
709
246
809
800
331
548
606
312
453
666
816
438
227
146
314
846
673
357
689
0
630
813
879
628
538
963
696
160
432
955
944
517
323
788
835
855
256
319
129
703
811
636
397
964
646
476
614
347
594
845
768
866
811
334
239
693
440
915
356
322
917
668
265
264
135
185
670
930
697
691
360
132
993
594
703
1000
736
210
775
858
281
927
427
559
503
103
257
264
591
449
892
734
175
742
233
742
840
715
640
465
298
429
457
229
115
794
977
230
162
689
780
678
780
120
539
669
878
423
849
630
0
523
318
467
313
720
407
711
991
405
233
728
106
284
386
430
280
789
368
823
647
833
702
216
303
243
712
812
866
623
292
742
792
501
954
729
295
117
139
229
437
914
502
366
862
118
295
431
632
746
111
272
639
588
822
389
614
981
487
123
683
724
741
780
302
735
660
260
811
733
333
578
268
149
977
589
872
919
531
214
347
662
210
133
536
940
444
888
353
524
236
997
643
233
826
884
843
358
816
813
523
0
297
180
621
522
441
441
848
538
648
973
591
345
856
943
558
992
345
982
395
534
397
586
978
636
419
599
102
817
651
480
203
230
382
636
314
288
241
545
664
789
641
435
964
370
616
366
996
228
433
161
743
402
601
192
357
816
172
928
173
618
716
899
865
740
641
759
787
647
272
977
190
907
698
621
825
489
498
736
332
403
779
537
220
358
986
421
400
550
853
258
576
922
941
676
794
149
806
879
318
297
0
174
511
538
388
348
319
164
795
279
144
122
302
735
913
275
514
833
664
406
303
328
943
599
111
252
338
984
678
789
374
629
287
133
585
248
116
534
979
213
875
784
580
914
361
676
903
812
718
573
133
966
963
772
652
557
646
901
261
836
701
610
543
741
777
788
583
308
772
599
636
820
149
731
988
899
367
683
275
271
441
831
520
261
787
223
755
683
138
486
611
327
954
391
357
788
415
628
467
180
174
0
598
842
524
993
713
509
388
954
957
935
505
983
214
356
578
258
255
132
748
581
485
315
393
196
781
686
469
450
688
571
749
264
968
439
907
955
684
187
916
922
452
699
138
854
749
940
437
161
436
929
540
760
632
939
944
490
363
544
900
982
432
220
422
515
970
322
537
800
702
397
610
788
754
140
878
108
550
181
214
171
588
807
246
237
442
864
462
431
513
487
165
282
927
937
915
538
313
621
511
598
0
924
436
770
251
546
331
580
357
571
835
296
643
612
212
947
464
657
985
441
738
409
182
137
666
742
656
372
678
991
585
254
107
629
402
960
742
753
813
646
730
523
846
935
226
741
505
914
508
533
968
578
514
207
385
910
160
274
812
601
780
741
172
294
210
574
349
882
748
266
966
786
997
494
281
647
956
453
607
976
821
900
119
167
753
476
376
183
356
997
737
129
402
815
463
963
720
522
538
842
924
0
410
876
409
315
966
940
145
269
735
700
594
817
444
264
325
795
888
706
990
874
616
326
300
705
202
883
640
567
912
780
582
204
704
919
455
992
993
577
779
142
795
681
960
875
882
620
575
688
506
538
609
485
427
263
596
924
194
246
987
586
172
911
955
963
369
803
625
870
897
389
684
643
923
631
778
383
222
342
159
273
679
520
259
283
637
790
851
352
525
729
224
375
903
696
407
441
388
524
436
410
0
590
173
169
494
106
271
649
325
133
243
519
265
110
121
837
610
301
705
891
566
276
691
179
170
634
197
465
769
469
679
660
255
867
174
255
780
682
967
783
901
213
847
635
457
813
659
612
310
877
445
358
507
484
413
348
753
348
130
433
439
266
145
626
883
961
106
974
602
217
489
215
746
773
644
678
787
187
907
957
186
590
617
457
119
991
920
196
122
408
614
412
364
160
711
441
348
993
770
876
590
0
751
751
764
987
292
377
921
105
478
485
785
887
255
981
744
314
821
698
426
404
245
450
374
321
233
810
688
501
126
596
135
364
373
532
163
109
629
790
527
792
206
750
260
146
551
126
580
553
430
163
230
896
667
196
527
289
826
474
775
596
716
782
153
547
306
788
287
367
334
481
426
516
184
879
473
695
790
459
687
723
467
812
595
952
675
753
581
733
461
809
403
432
991
848
319
713
251
409
173
751
0
920
785
914
351
470
991
939
251
923
216
239
601
495
272
829
589
198
547
586
777
799
861
684
952
476
461
876
607
322
991
920
596
530
651
156
386
498
112
182
575
419
450
643
941
149
483
146
582
745
345
976
271
520
349
472
818
999
377
826
945
959
583
649
203
384
967
273
497
526
145
103
721
252
294
565
868
443
330
693
377
405
737
127
575
992
517
832
458
999
638
955
405
538
164
509
546
315
169
751
920
0
