0
0
0
0
721
0
0
0
0
0
154
0
0
901
502
0
0
564
0
0
0
0
815
0
0
67
64
75
0
0
0
0
944
894
0
0
0
0
0
0
862
0
0
0
0
0
0
0
0
0
0
0
0
741
0
0
0
0
0
226
849
0
0
0
0
0
0
0
0
0
0
0
0
0
741
0
0
0
0
958
0
0
0
0
0
865
0
0
0
0
517
0
0
0
431
0
0
0
0
777
0
0
609
0
754
0
131
0
649
0
0
759
214
0
740
0
879
621
511
0
69
0
0
0
0
0
0
0
0
0
0
0
0
0
841
0
0
0
0
437
0
0
308
448
497
0
910
14
0
963
0
0
0
0
67
721
0
0
0
0
810
0
46
0
0
0
0
707
966
0
0
806
0
0
0
0
0
0
735
0
596
0
0
227
280
0
0
222
0
0
0
0
0
0
0
819
37
0
0
0
0
609
0
0
633
0
0
0
0
0
0
0
246
0
171
0
0
532
0
0
0
0
375
0
0
397
0
0
0
0
0
0
0
316
0
0
0
0
0
0
813
0
0
0
0
799
0
298
0
0
477
0
0
0
919
0
0
99
0
0
0
0
388
421
0
0
0
0
0
0
528
0
0
837
356
0
0
0
0
0
0
0
0
625
284
24
71
0
0
0
0
0
523
101
0
934
457
0
0
728
0
0
0
0
908
0
0
0
0
0
0
248
358
0
0
55
0
0
0
0
0
0
0
0
634
0
46
0
0
0
0
0
784
0
303
82
624
0
0
0
0
0
0
0
0
0
437
0
0
128
832
0
0
0
832
0
0
0
0
0
0
0
0
855
0
0
0
538
0
0
0
0
0
0
0
0
829
0
660
772
0
0
0
66
0
0
0
0
0
0
305
0
0
0
0
0
19
0
0
0
721
754
633
908
0
794
0
0
0
146
0
0
0
0
0
119
0
661
0
0
0
388
487
0
364
0
0
0
0
0
0
537
0
552
0
526
0
0
0
0
0
0
181
0
0
989
501
0
0
258
0
0
0
0
0
0
0
0
0
0
608
729
0
0
0
0
0
0
0
0
0
0
0
0
797
0
467
322
0
0
0
0
0
434
0
0
0
0
0
0
868
837
0
531
11
61
0
0
0
562
0
0
0
0
794
0
0
561
0
0
0
0
0
553
0
199
0
752
0
0
0
0
0
818
0
0
319
0
742
0
816
0
0
486
941
0
306
0
0
0
0
0
0
0
0
712
655
0
791
0
0
0
0
0
0
0
126
490
0
0
0
0
0
352
511
979
0
826
0
431
0
877
977
0
988
0
0
717
0
874
0
340
15
0
0
0
0
0
0
393
343
0
0
0
0
0
0
878
0
0
0
131
0
0
0
0
0
0
0
0
0
0
0
0
0
0
0
0
0
0
0
0
687
0
0
0
0
0
0
0
0
0
0
0
0
321
0
0
0
0
0
0
0
0
0
0
0
0
0
45
0
0
0
0
0
0
248
0
0
0
0
0
0
0
384
0
0
0
0
0
0
0
0
0
0
0
0
0
0
0
0
0
0
694
0
0
0
0
0
0
0
0
0
0
0
0
0
411
689
73
0
0
0
0
0
561
0
0
0
0
0
0
810
0
0
0
0
0
0
0
478
0
0
833
893
348
357
823
0
0
0
0
61
0
434
0
792
0
0
329
0
784
0
0
0
0
0
0
0
0
0
0
670
853
0
0
0
0
221
0
0
0
0
0
0
583
604
782
0
0
0
987
0
970
0
0
0
827
0
0
0
0
0
169
0
0
184
0
0
0
0
730
0
0
0
921
0
963
0
0
0
649
0
0
0
0
0
0
0
0
0
0
763
277
0
0
0
0
0
0
0
0
0
0
4
0
0
0
0
0
535
0
0
0
0
0
0
485
473
0
542
0
0
0
0
346
0
0
0
0
0
0
0
0
0
0
433
0
0
0
0
0
742
0
0
0
0
126
0
0
0
646
0
0
0
0
0
0
452
0
0
0
0
0
0
0
0
693
0
657
430
0
0
191
0
0
0
0
0
0
0
0
0
0
146
0
0
0
0
0
0
0
0
540
447
0
119
0
0
0
0
0
749
0
128
0
0
0
0
478
0
0
0
0
0
109
0
0
0
0
0
0
749
49
0
0
0
516
0
0
0
0
179
0
0
0
0
0
0
338
0
40
0
266
0
0
0
0
0
0
381
284
0
0
0
0
887
760
0
158
0
156
0
0
0
0
0
0
0
0
0
0
0
0
0
0
0
0
393
201
154
0
0
0
0
0
0
0
0
0
0
0
0
0
0
990
0
0
0
0
0
0
209
0
0
0
0
0
0
0
0
0
0
0
0
0
0
0
0
0
0
0
0
0
0
0
0
791
0
0
0
0
0
940
0
0
0
0
0
679
547
0
0
774
0
0
0
774
56
0
821
0
0
294
461
0
0
0
438
0
0
0
0
0
0
0
0
0
0
0
0
0
619
950
348
0
0
606
0
0
0
759
0
248
0
0
0
0
0
0
0
0
0
0
0
0
0
0
0
0
0
620
0
0
0
0
743
0
682
0
0
0
0
0
595
0
0
0
0
0
0
0
0
754
0
0
0
0
601
844
0
407
209
0
0
0
0
0
0
0
0
0
0
0
470
662
0
0
0
0
631
0
0
0
0
0
0
0
0
426
0
0
0
0
859
0
0
0
0
196
0
0
0
437
117
0
346
489
0
0
0
214
246
358
0
0
0
810
763
0
0
0
0
0
0
0
0
0
0
0
0
0
56
0
60
739
198
0
0
0
660
0
0
0
264
0
0
0
0
0
554
0
179
0
0
694
0
0
956
219
0
781
0
0
10
0
0
143
750
0
0
0
730
177
0
210
0
0
884
0
253
0
0
0
957
0
0
84
743
0
672
0
0
814
0
0
0
0
0
0
0
0
0
973
0
0
310
385
0
582
901
0
0
0
0
553
0
0
277
540
0
0
0
0
0
0
0
0
0
0
572
0
0
0
0
0
89
0
0
0
0
0
0
0
0
0
0
0
0
0
207
632
0
0
0
0
0
0
0
44
0
0
0
926
0
0
0
0
0
0
988
566
0
419
0
553
752
479
0
0
0
0
0
788
0
0
0
0
0
0
8
0
0
0
324
0
0
540
450
0
0
0
0
376
722
0
0
0
0
0
502
740
171
0
0
0
0
0
0
447
0
0
0
0
0
499
650
0
0
0
0
0
0
0
0
0
843
0
921
636
0
0
0
0
0
812
0
0
901
0
0
0
562
0
459
961
959
0
0
0
0
0
0
152
759
280
0
0
0
0
0
0
424
0
0
0
0
0
469
0
0
0
0
0
0
0
0
747
0
0
0
0
0
228
0
0
0
0
0
0
826
0
0
0
0
0
260
0
0
34
0
0
0
55
119
199
0
0
0
0
990
0
0
0
499
0
371
0
0
0
0
0
632
0
0
635
0
0
0
0
0
0
0
0
427
938
618
0
0
0
608
0
0
0
0
918
0
773
116
0
0
173
423
667
168
655
0
0
0
0
0
0
0
0
0
0
995
435
0
0
886
0
0
771
0
0
653
286
0
901
0
0
0
654
149
0
0
0
0
0
51
0
0
0
0
0
0
0
0
197
0
879
0
0
0
0
0
0
0
119
0
0
0
0
650
371
0
47
0
0
0
0
0
998
568
0
0
69
0
0
0
0
0
0
0
280
0
0
438
49
226
0
246
0
0
0
215
0
0
0
0
0
0
0
174
0
0
0
0
0
0
0
672
0
961
0
0
0
0
0
0
0
806
229
0
0
847
0
0
0
0
955
0
0
0
0
0
0
0
0
0
0
0
0
0
0
0
0
0
122
564
621
532
0
661
752
0
0
0
0
0
0
0
0
0
0
47
0
0
0
611
0
0
0
0
611
0
577
108
0
0
0
0
0
0
0
0
0
0
0
0
0
0
0
0
0
817
0
0
176
0
167
0
451
276
0
0
864
0
0
0
0
0
0
0
0
0
0
0
0
887
353
0
0
838
218
0
0
0
0
0
0
0
0
0
0
0
0
0
0
139
0
414
0
0
0
0
0
0
0
0
511
0
0
0
0
0
0
0
0
0
0
0
0
0
0
0
0
0
0
441
0
0
0
0
0
0
237
0
0
0
0
0
0
0
0
0
0
0
0
0
0
0
0
0
0
0
0
490
735
0
0
0
0
0
0
130
0
0
0
0
0
0
0
0
115
0
0
0
199
0
0
0
149
0
0
0
118
0
0
0
0
0
0
564
512
0
0
0
0
0
0
0
0
0
0
934
0
0
0
0
0
0
0
0
0
0
0
0
0
0
0
0
0
0
0
0
0
0
0
0
0
0
429
0
0
814
0
0
0
0
0
371
0
0
0
0
0
0
0
0
0
0
0
0
0
0
0
0
0
0
0
20
76
0
0
0
0
0
0
0
0
0
0
0
0
0
0
0
0
0
0
0
0
0
0
0
0
748
0
0
0
804
0
0
436
0
0
0
0
0
812
919
0
0
0
0
775
0
0
0
69
0
0
0
0
0
478
0
0
0
0
0
572
0
0
0
611
441
0
0
341
0
0
0
0
0
19
0
0
0
0
0
409
0
0
0
313
0
0
0
0
0
0
0
0
0
837
0
0
0
833
83
0
0
0
0
150
0
483
0
413
0
0
0
0
0
0
0
0
0
269
0
0
0
0
0
0
0
0
0
0
0
0
0
234
99
205
0
0
0
0
0
332
708
0
0
0
0
0
0
0
0
0
388
0
0
0
0
0
0
620
0
0
0
0
0
0
0
0
341
0
0
0
0
309
0
0
0
0
920
0
774
0
709
0
0
0
0
0
0
0
0
0
0
0
0
952
911
0
0
0
0
0
0
0
0
0
0
0
0
0
0
0
0
0
0
0
0
0
0
0
0
0
0
0
0
0
696
0
0
0
0
0
0
0
0
0
0
0
0
0
0
0
806
0
0
0
0
0
815
0
375
0
487
0
687
0
0
749
209
0
56
0
0
632
0
0
0
0
0
0
0
0
38
0
200
0
0
0
0
0
0
136
657
0
0
351
0
0
0
0
0
0
0
718
0
0
838
0
0
0
0
0
0
0
0
642
0
457
0
0
0
0
0
0
0
0
0
0
0
884
0
0
910
26
659
0
0
740
0
560
288
174
0
0
424
0
0
0
238
0
392
671
386
657
0
231
0
850
0
0
0
0
0
818
0
833
0
0
0
0
0
0
0
0
998
0
0
429
0
0
0
0
0
867
0
0
0
0
0
340
0
0
0
0
0
0
829
731
0
620
0
0
0
48
0
0
726
955
0
0
0
0
0
931
0
0
0
0
0
0
0
0
0
0
0
372
0
0
0
0
0
0
0
0
745
0
0
0
0
819
0
0
0
0
0
0
0
0
0
0
0
0
0
0
0
0
0
0
0
0
0
634
364
0
0
893
4
128
0
0
60
0
0
0
568
0
0
0
0
0
38
0
0
0
0
0
745
0
0
0
0
462
880
217
0
0
565
115
0
0
0
0
174
0
0
0
0
0
0
671
0
0
0
0
0
0
0
0
0
0
71
0
355
0
0
894
693
0
0
0
0
0
0
0
7
0
0
0
442
0
0
0
0
309
0
412
931
0
0
0
890
0
0
0
770
62
0
0
67
0
397
0
0
0
0
348
0
0
0
0
739
0
0
635
0
611
0
0
0
309
0
867
0
0
787
0
0
916
367
0
450
0
0
0
686
438
0
0
0
0
0
763
0
0
600
724
0
0
0
0
983
0
0
0
0
983
0
0
0
0
0
80
0
868
631
0
850
0
0
0
0
0
721
255
870
977
0
0
0
0
0
848
209
0
0
0
0
0
0
0
0
84
289
272
0
0
505
0
64
0
0
46
0
319
0
357
0
0
0
743
198
89
843
0
0
0
0
814
0
0
200
0
0
787
0
0
0
0
684
35
0
824
0
76
496
0
0
0
0
0
632
219
0
693
298
832
36
0
0
0
779
0
0
710
0
0
116
883
0
0
0
0
98
817
0
714
0
0
0
0
584
100
0
0
0
0
31
0
803
0
36
0
0
34
0
0
825
530
0
0
550
117
0
0
273
0
0
0
75
0
0
0
0
0
0
823
0
0
0
0
0
0
0
0
69
577
237
0
19
0
0
0
0
0
0
0
676
0
208
0
0
371
0
0
0
0
0
0
0
597
0
0
0
0
0
0
0
0
0
476
0
382
0
502
0
0
0
0
0
0
75
0
0
0
970
0
0
0
0
0
0
709
0
0
210
0
0
0
0
0
139
0
627
0
0
706
0
0
0
0
0
0
0
0
0
0
0
155
0
0
0
0
0
742
0
0
0
0
0
682
0
0
921
0
0
108
0
0
0
0
0
0
745
0
0
676
0
710
0
0
247
0
0
0
237
0
0
0
391
0
688
0
0
0
0
320
0
0
0
0
0
0
0
713
0
0
441
0
0
0
811
0
0
0
0
0
0
0
0
0
0
591
0
0
149
0
0
0
836
0
0
0
0
888
0
0
0
0
0
0
0
0
929
0
0
0
0
436
0
0
0
0
0
0
0
0
0
478
0
0
0
0
636
0
0
0
0
0
0
0
0
0
0
916
0
0
710
0
0
154
0
0
0
0
0
0
975
0
0
0
0
0
0
0
0
0
0
0
208
659
0
0
0
0
0
0
0
0
337
0
0
0
0
0
0
597
0
0
0
0
0
0
0
0
0
0
0
0
0
0
0
0
0
0
0
0
0
0
0
0
846
0
0
0
0
0
0
836
0
0
0
0
0
816
0
0
535
0
0
0
660
0
0
0
0
0
0
0
0
920
0
0
0
367
684
208
0
0
0
589
261
0
0
0
0
830
0
0
0
0
0
0
0
0
135
0
46
0
0
152
0
0
0
308
367
0
0
0
955
0
0
0
813
0
0
0
527
0
0
0
0
0
280
532
0
0
0
0
0
0
0
0
0
474
611
0
0
0
0
0
0
0
0
0
0
0
0
122
0
0
0
0
537
0
0
0
0
0
0
0
0
0
0
0
0
0
0
0
0
0
0
340
0
0
35
0
0
154
589
0
537
0
0
0
0
0
0
0
0
0
0
0
0
0
0
0
891
0
0
0
0
63
0
0
0
0
0
0
0
0
0
0
0
29
0
0
0
0
0
0
866
0
0
0
0
0
79
639
0
0
150
0
0
46
0
0
0
0
0
864
0
23
0
0
0
0
656
0
944
0
0
784
0
0
0
61
0
0
0
0
0
0
0
0
0
0
0
371
0
774
0
0
0
450
0
0
247
0
261
537
0
0
0
772
0
0
0
0
606
0
0
0
848
218
452
0
0
0
0
0
0
0
108
622
0
0
0
0
0
0
0
0
162
0
0
0
0
0
0
0
0
402
434
838
0
0
0
0
0
0
0
0
0
0
0
136
0
0
0
0
0
0
0
0
292
0
0
211
894
0
316
0
552
486
0
0
0
0
0
0
0
0
0
0
0
0
0
0
409
0
136
0
462
0
824
371
0
0
0
0
0
0
0
997
0
0
0
0
0
0
0
584
0
0
0
0
225
987
0
0
366
703
0
0
0
0
0
782
0
0
12
396
628
353
0
0
0
0
0
0
0
0
825
991
0
0
0
0
0
0
0
0
0
404
0
0
0
980
893
0
0
539
0
129
0
0
0
355
0
841
0
303
0
941
0
434
0
0
0
595
264
0
0
427
0
0
0
0
0
709
657
0
880
0
0
0
0
0
0
0
0
0
0
531
0
0
0
0
0
0
0
0
0
0
0
353
0
0
0
722
0
0
0
0
0
0
0
0
0
0
0
383
0
0
0
0
0
0
0
434
979
0
0
0
0
0
0
0
852
0
0
0
260
518
0
0
76
0
0
968
0
0
548
17
0
0
0
0
0
0
0
82
526
0
321
0
0
109
0
0
0
0
812
938
280
0
0
0
0
0
0
0
217
0
76
0
0
0
0
0
772
997
531
0
712
0
0
0
0
0
759
0
34
0
0
638
0
0
0
0
0
0
0
0
72
0
0
0
387
0
0
0
0
285
0
0
0
0
0
0
948
0
0
0
210
0
888
0
0
0
530
0
45
0
824
0
0
0
0
0
0
0
0
698
474
0
0
0
0
0
0
624
0
306
0
792
0
0
0
0
0
0
0
618
0
0
0
0
0
0
0
0
0
686
496
0
237
0
0
0
0
0
0
712
0
0
0
640
0
0
0
21
0
0
0
0
0
0
0
0
0
0
96
0
0
0
0
1
0
487
0
2
0
0
0
0
0
50
0
0
769
0
0
0
0
0
0
0
544
0
0
0
111
0
0
0
0
0
0
0
0
0
0
448
0
862
0
0
0
0
0
0
0
0
0
0
485
0
0
0
0
0
0
0
0
0
0
0
313
0
351
0
0
438
0
0
0
0
830
0
0
0
0
0
0
0
0
0
0
0
0
0
0
0
0
0
940
0
0
0
0
0
0
756
0
0
368
0
0
0
600
266
0
0
0
0
0
0
0
0
0
503
0
0
582
1000
0
0
965
0
0
0
803
0
0
0
0
0
0
0
0
0
927
0
0
0
0
0
0
0
0
0
0
0
0
0
473
0
0
0
0
0
901
0
438
0
0
0
0
0
0
829
565
0
0
0
0
975
0
0
0
0
0
0
0
0
0
76
0
0
122
0
0
0
0
0
769
344
0
182
0
0
0
242
0
0
0
0
0
851
0
0
0
0
0
0
515
0
0
0
0
0
0
766
0
0
588
0
0
0
847
0
0
0
0
0
0
0
762
0
0
0
0
641
0
0
665
0
0
437
0
0
0
0
0
329
0
0
0
0
0
0
0
0
49
0
0
0
0
0
0
731
115
0
0
0
0
0
0
0
0
0
0
0
640
0
76
0
0
0
0
0
0
0
0
0
0
612
0
0
0
0
0
0
0
0
0
0
0
0
0
0
0
722
0
0
0
0
0
0
0
0
0
0
0
0
947
0
0
297
0
0
0
0
5
0
0
0
0
0
0
0
0
0
43
0
0
781
862
0
813
0
0
0
0
0
542
0
0
0
554
207
0
608
226
0
0
0
0
0
0
0
0
0
0
0
391
0
0
0
606
0
0
0
0
0
0
0
0
0
0
0
0
0
0
0
0
0
190
0
0
0
3
0
516
0
0
0
782
283
0
0
0
0
0
0
0
0
0
413
472
0
0
895
0
0
563
0
0
0
0
0
956
0
154
0
0
0
0
0
0
0
0
880
0
0
0
0
0
0
0
0
0
0
0
784
0
0
0
0
0
632
0
0
0
0
0
0
0
0
0
620
0
0
0
597
0
0
0
0
0
0
0
0
0
0
0
0
0
0
0
0
0
290
291
861
0
202
0
0
0
337
0
90
0
0
0
0
0
0
0
0
0
0
0
0
0
0
0
0
0
303
0
0
13
0
0
0
0
0
0
413
0
142
0
0
714
0
794
0
0
448
0
0
0
0
0
0
0
308
0
0
181
0
0
0
0
749
0
0
179
0
562
0
246
0
0
0
0
0
0
0
0
0
632
0
688
0
0
0
0
0
0
759
0
0
122
0
0
0
0
0
0
0
268
547
0
0
0
0
0
0
0
0
0
0
0
0
0
0
0
358
0
0
0
0
0
0
0
0
0
0
129
880
0
656
0
0
0
0
0
0
251
0
140
0
0
0
0
569
0
0
0
0
0
0
232
0
0
448
0
0
0
0
0
0
0
49
0
754
0
0
0
0
0
0
0
0
0
0
0
0
0
763
219
0
0
0
0
0
0
584
0
0
21
0
0
0
0
0
0
0
0
266
0
349
0
904
0
0
0
0
0
31
0
0
0
0
648
0
0
0
0
0
0
683
0
0
0
0
0
0
0
82
0
0
0
467
128
0
0
220
0
968
0
879
0
0
0
0
0
777
0
0
0
0
0
0
0
497
0
0
0
0
0
0
0
0
0
0
0
0
459
0
0
0
0
0
0
0
0
0
174
0
0
0
0
0
0
0
848
0
0
34
0
0
0
0
0
0
0
0
0
641
0
0
0
0
0
0
0
0
0
0
0
832
0
0
0
0
0
0
195
0
0
0
0
0
0
0
0
546
0
0
272
0
419
0
0
0
0
0
0
0
0
0
0
0
0
0
0
0
0
0
0
0
0
0
0
0
799
0
989
712
0
0
346
0
0
0
694
0
961
918
0
0
0
0
0
0
718
48
0
0
693
0
0
0
0
0
218
0
0
0
0
0
0
0
0
290
0
266
641
0
0
170
0
0
0
0
0
351
0
538
0
0
0
0
0
0
0
0
0
0
0
673
0
0
0
0
0
125
0
0
521
0
0
178
0
0
0
0
0
950
0
0
0
0
0
380
0
0
303
0
0
0
0
0
0
910
0
437
501
655
0
0
0
0
0
0
0
0
959
0
215
817
0
0
0
0
0
0
0
600
298
0
0
0
135
0
452
0
0
0
0
0
0
0
0
291
268
0
0
0
0
0
455
0
257
0
0
0
295
0
0
0
0
0
0
447
0
0
0
0
0
0
0
0
0
0
104
0
0
0
0
0
150
0
0
921
0
0
809
481
513
0
0
0
781
0
228
0
0
0
0
0
0
0
0
14
298
0
0
0
0
0
0
516
791
0
0
0
0
773
0
0
0
0
837
952
0
0
0
724
832
0
320
0
0
0
0
0
353
638
0
0
0
0
0
861
547
349
0
170
0
0
59
0
0
0
0
304
0
863
0
0
0
0
0
0
0
0
0
932
0
0
0
0
64
0
0
450
422
79
0
0
0
0
0
0
0
937
663
440
0
0
0
0
777
0
0
0
0
0
928
0
0
0
0
0
0
0
0
791
0
0
0
0
0
601
956
0
0
116
0
0
490
0
0
911
838
726
0
0
36
0
0
0
46
891
0
225
0
0
0
940
769
0
0
0
0
0
0
0
455
59
0
554
0
0
0
0
0
0
0
0
0
0
145
0
0
0
0
959
0
0
0
0
0
0
736
0
0
423
0
0
0
0
0
0
277
549
0
162
0
0
0
0
171
341
0
0
0
0
178
0
348
0
0
963
0
128
258
0
45
0
0
0
0
844
219
44
0
0
0
176
735
0
0
0
0
955
0
0
0
0
0
0
0
0
0
987
0
0
0
0
344
612
0
202
0
904
0
0
0
0
554
0
0
0
756
0
0
0
0
0
0
998
0
0
0
0
0
0
0
927
0
0
0
0
211
0
0
0
0
717
875
0
0
0
774
818
0
0
0
0
0
0
0
0
0
0
0
0
0
0
0
0
0
0
477
832
0
0
0
0
0
0
0
0
0
0
0
0
0
0
0
0
0
0
0
0
0
0
0
0
0
208
0
0
0
0
0
0
0
0
0
0
190
0
0
0
0
0
257
0
0
0
0
0
0
0
0
0
0
0
0
0
0
863
420
0
0
209
0
0
0
0
0
0
0
606
0
690
828
166
0
100
512
0
0
0
0
0
0
486
0
0
0
0
0
0
0
127
0
0
0
0
0
0
0
0
0
0
0
0
0
0
0
407
781
0
0
173
0
167
0
0
833
0
0
0
671
0
0
476
0
659
152
0
0
0
722
0
0
0
182
0
0
0
0
0
0
0
0
0
0
0
0
0
0
0
0
0
580
0
8
299
0
0
401
970
0
0
638
0
0
0
0
0
0
0
0
0
0
0
0
753
0
0
0
0
0
646
0
0
0
0
0
397
0
175
0
0
0
0
0
0
0
0
0
0
0
0
0
670
0
179
0
209
0
0
0
423
0
0
0
20
83
0
0
0
0
983
779
0
0
0
0
0
0
366
0
0
0
0
0
0
0
0
0
0
0
0
0
0
0
756
0
0
0
0
0
0
0
0
0
0
0
0
322
0
0
0
689
0
0
0
0
0
0
0
0
0
0
0
0
0
0
0
0
0
45
0
0
0
0
749
0
0
0
0
943
362
0
0
0
0
741
0
0
0
0
0
0
853
0
0
940
0
0
926
152
667
0
451
0
76
0
0
0
0
0
0
0
382
0
0
0
63
0
703
0
0
0
0
0
0
0
337
0
0
0
351
0
304
0
0
0
0
0
0
0
512
502
0
7
0
143
846
0
0
0
0
699
678
0
0
0
0
0
0
0
0
0
0
0
0
520
0
837
0
0
0
0
0
0
0
0
0
0
277
0
0
204
0
0
0
0
67
919
832
0
0
0
0
0
0
0
0
10
0
759
168
174
276
0
0
0
0
0
0
0
0
0
0
0
0
0
0
108
0
0
0
96
0
0
0
3
0
0
0
0
0
295
0
0
0
0
0
0
0
0
0
0
0
0
0
0
0
0
0
0
0
0
346
0
0
0
0
606
0
0
0
0
0
0
0
0
97
0
500
0
0
671
360
0
0
0
0
0
502
0
759
0
0
0
0
0
721
0
0
0
0
0
0
0
0
0
0
0
0
280
655
0
0
0
0
0
0
0
931
0
0
710
502
713
0
308
0
622
0
0
0
0
756
242
0
0
90
0
31
0
538
0
863
0
0
0
0
0
512
0
0
0
0
282
0
0
0
176
0
0
0
0
0
0
0
0
81
0
0
593
0
397
0
752
0
0
0
0
0
0
0
0
0
0
264
0
0
0
0
0
991
0
0
0
0
0
0
0
0
0
126
248
0
433
0
0
0
0
0
0
0
0
0
130
0
0
0
0
0
0
0
0
0
0
0
367
0
0
0
0
72
0
0
0
0
516
0
0
0
0
0
0
0
0
0
0
580
0
502
0
0
0
337
0
0
0
0
12
805
0
0
0
0
0
0
0
171
0
0
0
0
0
654
0
0
0
0
0
0
0
553
0
0
612
0
0
0
0
0
0
0
0
167
0
0
0
0
99
0
0
490
0
0
0
0
0
0
143
0
0
0
0
864
0
0
150
0
642
0
0
983
0
0
0
0
0
0
0
0
0
0
0
0
0
0
0
0
0
0
832
0
0
0
0
0
0
0
0
0
0
0
337
0
346
0
0
0
655
761
0
0
0
0
547
0
0
0
0
0
437
87
0
0
0
0
0
0
376
0
0
0
0
0
476
0
0
0
922
786
0
0
63
520
0
0
0
0
0
0
0
0
0
221
0
0
0
0
750
0
0
0
0
0
0
0
0
0
0
0
0
0
116
0
441
0
0
0
0
0
0
0
0
368
0
0
0
0
0
0
0
0
0
0
0
0
0
8
0
7
0
282
0
346
0
0
0
0
0
0
672
0
0
0
0
0
0
863
518
0
0
0
836
0
0
0
215
0
0
0
0
0
0
0
0
881
0
0
0
0
0
0
0
0
0
0
226
0
0
0
0
0
0
0
0
338
679
0
0
0
0
0
0
0
0
0
483
0
457
0
0
0
883
0
0
0
0
0
0
782
0
0
1
0
0
0
0
0
0
0
0
0
0
0
0
998
0
299
0
0
0
0
0
0
0
0
0
0
0
149
0
0
0
0
0
0
0
0
0
0
0
0
0
0
911
0
0
0
0
0
0
0
0
0
0
0
0
0
0
0
0
0
0
0
0
0
849
810
0
0
608
0
0
0
0
0
547
0
0
988
0
0
0
0
0
0
0
0
0
0
0
0
0
0
0
337
955
0
0
0
0
387
0
0
0
0
782
0
0
648
0
0
0
0
145
0
0
0
0
143
0
0
0
0
0
0
0
113
405
429
0
0
0
0
0
0
0
0
510
0
0
0
0
0
645
0
0
0
0
0
0
248
0
0
0
0
0
0
0
0
0
591
0
0
0
0
0
0
0
0
729
0
0
0
0
40
0
0
0
566
0
0
0
0
0
0
413
0
0
0
0
0
0
0
0
0
0
0
0
0
0
0
487
0
851
0
283
0
0
0
0
0
447
0
0
0
863
0
0
846
0
0
0
0
0
0
113
0
0
0
0
0
0
0
496
0
0
0
929
0
0
0
0
711
0
396
750
640
0
0
0
0
0
0
0
0
0
0
0
0
0
97
211
0
0
0
0
46
388
0
0
0
0
0
742
0
0
0
730
0
424
0
672
0
0
0
0
0
0
0
71
0
0
75
811
0
0
0
0
12
0
0
0
600
0
0
0
0
0
0
0
0
0
0
0
0
420
401
322
0
0
176
12
655
0
0
405
0
0
0
0
0
0
0
0
851
0
924
0
0
0
0
0
0
0
585
804
0
0
0
0
38
0
37
0
0
0
0
0
0
0
249
0
868
0
0
0
0
421
855
0
352
0
0
0
266
774
0
177
419
0
0
0
0
0
0
0
0
0
0
0
80
0
0
0
0
0
0
0
396
383
0
2
266
0
0
0
0
358
0
0
0
0
0
0
0
0
970
0
0
0
0
805
761
0
149
429
0
0
0
0
0
0
0
0
0
157
0
0
0
0
0
0
59
0
0
0
0
0
0
0
0
0
0
0
0
0
0
0
0
0
0
0
0
0
0
0
0
0
0
0
511
384
0
0
0
0
470
0
0
0
0
961
0
0
0
0
0
0
0
355
0
98
0
0
0
813
0
162
628
0
0
0
0
0
0
0
0
0
0
195
0
0
0
0
0
0
0
0
0
0
0
0
0
672
0
0
0
0
0
0
0
0
393
0
107
0
0
504
312
0
0
0
0
427
0
345
0
0
851
0
0
0
0
0
0
0
0
0
0
0
0
0
0
259
519
0
0
0
0
0
979
0
583
0
0
0
662
210
553
0
0
0
0
115
0
0
0
0
0
0
868
817
0
0
0
0
29
0
353
0
285
0
0
0
722
0
0
0
0
0
0
0
932
959
0
209
0
0
0
0
0
0
0
0
0
0
0
0
0
0
0
0
99
0
0
0
0
0
0
0
53
0
0
34
0
0
86
0
0
987
0
529
544
0
0
0
0
63
0
0
914
0
0
803
0
0
0
0
0
0
0
0
604
0
0
0
0
0
752
0
995
0
0
0
0
0
0
0
0
0
631
0
970
0
0
0
0
0
0
0
0
0
0
0
0
0
0
0
0
0
0
0
0
0
0
0
638
689
699
0
0
0
0
0
0
0
0
0
0
0
0
0
0
0
667
0
0
0
0
504
0
499
0
0
0
171
0
0
0
745
0
0
0
0
0
0
0
0
0
174
0
816
926
0
0
0
707
0
538
0
826
0
782
126
0
774
0
0
479
0
435
0
0
0
0
0
0
0
372
894
0
714
0
0
597
0
0
0
0
0
0
0
0
0
0
0
0
0
683
0
673
0
0
0
927
0
0
0
678
346
0
0
0
0
0
0
0
0
0
393
99
0
0
285
0
0
0
0
225
0
0
0
0
0
0
366
0
0
0
0
0
0
661
0
54
0
127
0
0
0
0
0
0
0
0
0
966
0
0
0
0
0
0
0
0
56
0
884
0
469
0
0
0
0
0
0
0
0
0
693
850
0
0
0
0
527
0
0
0
0
0
0
0
515
0
0
0
0
0
0
0
0
0
0
0
0
0
0
0
0
0
0
547
0
0
0
496
0
0
0
0
0
285
0
0
0
0
0
0
0
0
395
0
320
222
920
0
0
0
0
0
0
0
0
0
0
0
340
0
0
0
0
0
0
0
0
0
0
0
0
431
0
0
0
0
0
0
0
0
0
0
0
0
199
0
0
0
0
0
0
0
0
0
0
0
0
0
0
0
0
0
50
0
0
0
0
0
0
0
0
0
0
0
0
0
0
0
0
0
0
0
0
0
0
0
0
0
851
0
107
0
667
0
0
0
0
0
0
162
0
0
0
0
0
0
702
0
0
0
0
21
0
0
0
813
0
0
0
0
0
0
382
0
224
0
0
0
528
0
0
0
0
0
0
381
821
631
253
0
0
886
0
887
0
0
0
0
0
0
0
0
0
0
0
0
0
0
0
0
0
0
0
0
0
0
0
0
0
0
0
0
0
64
0
0
0
0
0
0
0
0
0
0
0
0
0
0
0
157
0
0
0
0
0
0
0
0
0
0
0
521
0
0
766
0
0
0
0
0
0
0
0
0
0
0
0
225
0
0
0
0
0
0
0
0
0
806
0
0
0
877
0
987
646
284
0
0
0
0
0
0
0
353
0
0
269
0
884
0
0
0
0
0
0
0
0
0
0
0
434
0
0
0
0
0
413
0
0
0
0
0
0
0
0
0
0
0
0
0
0
81
171
0
863
0
0
0
924
0
0
0
0
0
0
0
0
0
0
0
0
0
167
0
0
0
0
538
0
0
0
109
0
0
0
532
0
0
7
0
0
0
0
0
0
0
0
0
0
0
0
977
0
0
0
0
0
0
0
0
0
0
806
0
0
0
0
0
0
0
0
0
584
0
0
0
0
866
0
0
979
948
769
0
0
0
472
0
0
0
0
0
104
0
736
211
0
0
0
0
606
0
0
0
518
0
510
929
0
0
504
0
0
0
0
0
0
0
0
0
0
0
22
0
0
893
0
0
0
0
464
0
0
0
0
0
0
0
815
0
976
0
0
0
0
0
0
0
837
0
0
0
0
970
0
0
294
0
0
788
0
771
229
0
149
0
0
0
0
0
0
0
100
709
591
0
0
0
402
0
0
0
0
503
0
0
0
303
0
0
546
125
0
450
0
0
606
0
0
0
0
0
0
0
0
0
0
0
0
0
312
0
0
225
0
162
0
0
0
0
0
0
890
0
0
249
0
0
0
247
0
0
0
0
0
0
0
993
0
0
0
0
0
0
0
320
741
0
356
0
797
988
0
0
0
0
461
0
957
0
0
0
0
838
0
0
0
0
910
0
0
721
0
0
0
0
280
0
434
825
0
0
0
0
0
0
0
0
129
0
0
0
0
422
0
0
0
0
0
0
0
593
0
437
0
0
0
0
0
0
0
0
504
0
0
0
0
0
0
0
0
0
346
0
64
0
364
0
0
0
0
0
294
514
0
0
0
0
0
0
0
0
0
0
0
0
0
0
0
0
0
0
0
0
0
0
0
0
0
0
0
0
0
218
0
0
0
0
26
0
0
255
0
0
0
0
532
0
838
991
0
0
0
0
766
0
895
0
880
82
0
0
0
79
423
0
690
0
0
0
0
0
0
87
0
0
0
0
0
0
0
53
0
0
0
0
521
0
0
0
0
0
0
0
65
258
0
0
0
0
284
0
0
0
0
0
0
0
0
0
0
0
0
0
0
0
0
0
0
829
467
0
0
0
0
887
0
0
0
0
0
653
847
0
0
0
0
0
659
745
7
870
0
210
149
0
0
0
0
0
0
210
0
582
0
0
0
13
0
0
272
521
0
0
0
0
828
0
0
0
0
397
0
0
836
0
0
0
0
0
0
0
499
0
395
0
0
167
22
890
346
0
0
0
54
623
0
0
0
0
740
0
0
0
770
410
0
602
0
54
0
0
992
252
0
0
0
0
0
0
322
717
0
827
0
760
0
0
84
0
747
286
0
0
118
0
0
0
0
0
0
977
0
0
0
0
0
0
0
0
0
0
0
1000
0
0
0
0
656
0
0
0
0
0
0
717
166
0
0
0
0
0
654
0
0
0
0
711
0
59
0
0
0
0
0
0
0
0
0
0
0
0
0
0
0
0
0
0
0
0
60
0
0
0
0
0
0
0
974
0
0
0
0
126
0
0
0
735
0
660
0
0
0
0
452
0
438
0
743
0
0
0
0
0
0
748
0
696
0
0
0
0
31
0
0
0
0
79
0
0
0
888
0
0
588
947
563
0
0
0
419
0
150
0
0
875
0
0
0
0
0
752
0
0
0
911
645
0
0
0
427
34
0
0
320
0
766
0
0
0
64
65
54
0
0
558
0
0
0
0
0
182
0
296
0
0
697
0
716
0
0
990
0
656
0
0
958
0
0
772
0
874
0
0
0
158
0
426
0
0
0
901
0
0
0
0
0
0
740
0
0
0
0
0
0
0
0
639
0
0
0
0
0
0
0
0
0
0
0
467
0
178
0
0
0
0
100
753
0
0
0
0
0
0
0
0
0
396
585
0
0
0
0
0
222
0
0
0
893
249
0
258
623
0
558
0
0
0
228
0
0
0
0
0
98
854
0
722
0
0
0
0
0
0
0
0
0
596
0
0
0
0
0
0
0
0
0
0
672
8
0
0
0
0
0
0
0
0
0
0
442
0
803
0
836
0
0
0
0
0
852
0
544
965
0
0
0
0
0
128
0
0
0
0
0
0
512
0
0
520
0
0
0
0
215
0
0
750
804
0
345
0
171
366
920
702
0
0
0
0
364
0
0
0
0
0
0
0
0
0
0
0
0
0
60
0
0
0
0
0
0
0
0
0
0
666
0
0
0
0
0
340
0
0
0
156
0
0
0
0
0
0
955
0
0
0
0
0
560
819
0
0
0
0
0
0
0
0
0
0
0
0
0
0
0
297
0
0
0
0
0
0
921
0
0
0
0
0
0
0
97
0
0
0
0
0
0
640
0
0
0
86
0
0
0
0
0
538
0
0
0
0
0
0
0
0
0
0
0
0
0
0
0
0
0
0
0
0
0
237
0
0
218
0
0
520
0
0
0
0
0
15
0
0
0
0
0
0
0
0
0
0
0
0
0
804
0
0
288
0
0
0
36
139
0
0
0
150
0
0
0
530
0
0
847
0
0
0
0
0
0
0
0
0
277
774
0
0
0
837
0
0
0
376
0
0
0
0
0
0
0
0
0
0
0
0
0
0
0
0
0
0
0
0
0
228
0
0
0
0
0
0
0
0
0
0
32
355
0
0
0
0
0
0
0
0
0
227
625
66
434
0
694
169
0
0
0
0
814
0
228
654
0
0
0
0
0
0
174
0
0
848
0
0
0
0
0
0
0
0
0
0
0
0
0
0
0
413
0
220
0
0
0
937
549
818
0
0
0
0
500
0
0
0
0
0
0
0
0
0
851
0
0
0
0
0
0
0
0
247
0
0
0
0
0
0
0
0
0
0
0
0
0
0
0
0
0
0
0
0
0
0
0
0
0
0
0
280
284
0
0
0
0
0
0
0
0
859
0
324
0
149
0
0
564
0
0
0
0
0
0
209
0
627
0
0
0
0
0
0
260
45
111
803
0
0
956
0
251
0
0
0
809
663
0
0
0
0
45
0
0
0
0
0
0
0
0
0
0
0
0
987
745
0
0
0
0
0
464
0
0
284
740
60
0
0
0
0
0
0
0
0
0
0
170
0
0
0
0
843
0
0
0
0
0
0
865
0
24
0
0
0
0
0
0
0
0
0
0
0
0
0
0
0
512
436
234
0
0
0
309
0
34
0
888
0
474
46
0
404
518
0
0
0
0
0
0
142
0
968
0
950
481
440
162
0
0
646
0
0
0
0
553
0
0
0
248
0
38
0
0
0
0
0
0
21
0
109
0
0
0
0
0
0
182
0
0
0
0
0
0
0
580
0
0
200
0
771
0
0
497
0
542
0
0
0
0
0
71
0
0
0
0
184
0
0
0
0
0
0
0
0
0
0
0
0
99
0
424
0
0
0
0
0
0
0
611
0
0
0
0
824
0
0
0
5
154
0
140
0
0
0
513
0
0
0
0
0
0
0
671
0
0
0
0
0
0
0
0
0
0
529
0
0
0
0
0
0
0
0
294
0
0
0
0
0
0
0
0
0
0
580
0
0
0
49
0
0
0
0
0
0
0
0
0
0
0
222
0
0
0
0
0
0
693
0
0
0
0
540
0
0
0
0
0
0
205
0
0
0
412
0
0
706
0
0
0
0
136
0
0
0
0
0
0
0
0
0
0
879
0
0
0
0
0
0
486
0
0
0
360
0
0
0
0
0
0
0
37
0
0
544
0
661
0
0
0
0
0
0
514
0
0
0
296
0
0
0
0
0
0
0
0
0
0
0
0
0
418
0
0
990
799
0
0
0
0
0
0
0
0
0
0
0
0
0
0
0
0
450
0
0
0
0
0
0
0
0
0
0
931
0
825
0
0
0
0
0
0
0
76
0
0
0
0
0
0
714
0
0
0
0
0
0
0
0
0
0
0
0
0
0
612
476
0
0
0
0
0
0
0
0
0
0
0
0
0
0
0
0
0
0
770
0
0
98
60
0
0
0
170
0
0
0
0
869
0
0
0
0
0
809
0
0
0
0
0
0
0
0
0
393
0
0
657
0
0
196
0
0
0
0
0
0
0
0
0
0
0
0
0
0
530
0
0
0
0
0
0
980
0
0
0
0
0
0
0
0
0
0
0
0
0
0
0
0
0
0
749
0
0
264
0
0
881
0
0
0
0
0
0
0
0
54
0
813
0
532
0
0
0
0
410
0
0
854
0
0
0
0
0
200
49
0
869
0
0
0
0
0
0
0
0
500
0
840
517
0
0
305
868
343
0
0
430
0
0
0
0
0
826
51
0
139
0
0
0
0
238
0
0
0
0
0
0
0
0
0
0
893
0
0
0
0
762
0
0
794
0
0
0
0
781
777
171
0
0
0
0
0
0
0
0
0
0
0
0
0
0
0
0
0
0
0
0
0
0
0
0
0
0
0
0
0
697
0
0
0
32
0
0
0
0
0
0
0
0
0
0
0
0
0
0
0
0
0
0
0
0
0
837
0
0
730
0
0
0
0
0
0
0
0
0
0
0
812
0
0
0
0
0
0
0
0
0
0
0
864
0
0
968
0
0
0
0
0
0
0
569
0
0
380
0
0
341
0
0
397
0
0
0
0
0
0
0
0
0
0
0
0
0
0
0
127
0
0
225
0
0
993
0
0
602
0
0
722
0
0
355
0
0
771
0
0
0
0
0
0
0
0
0
0
0
0
0
610
0
0
523
0
0
0
0
0
0
0
619
0
0
0
0
0
0
414
0
919
0
0
392
0
890
0
550
0
0
846
0
0
0
0
0
0
0
0
0
0
0
0
0
0
0
0
228
0
0
0
0
0
0
0
0
0
0
922
0
0
0
0
0
0
0
63
0
0
340
0
0
7
815
0
0
0
0
974
716
0
0
0
0
0
0
0
0
418
0
0
0
0
0
0
0
0
0
0
0
610
0
0
101
0
531
0
0
0
191
0
950
437
973
376
0
0
0
0
0
0
332
0
671
0
0
84
117
0
0
0
0
23
0
539
0
0
0
0
0
0
0
448
0
777
0
0
0
0
0
0
0
175
0
277
502
0
0
786
0
0
0
0
0
0
0
0
0
0
0
0
0
0
0
0
0
0
54
0
0
0
0
237
0
0
843
0
0
0
0
0
0
0
0
0
0
0
0
0
0
0
431
0
0
0
11
0
0
0
0
0
348
117
0
722
0
0
0
0
0
0
708
806
386
0
0
289
0
0
929
0
0
0
0
0
548
0
0
927
0
0
0
0
0
0
0
303
0
0
0
0
0
0
943
0
0
0
0
0
0
0
0
0
0
0
0
0
174
0
0
0
0
0
976
0
0
0
0
0
0
0
0
0
0
0
0
497
0
0
0
0
0
0
0
0
0
906
0
0
0
0
0
819
934
0
61
0
0
921
0
0
0
0
0
0
0
0
0
0
0
0
0
0
657
0
0
272
0
0
0
0
0
0
0
129
17
698
448
0
641
0
880
0
0
0
0
0
0
0
0
0
127
0
362
0
759
991
0
0
0
0
591
97
249
0
0
914
0
0
0
0
0
0
0
0
0
0
0
0
990
0
0
0
0
0
0
0
0
990
809
0
0
0
0
0
906
0
0
0
0
0
0
37
457
19
0
0
0
0
0
0
0
346
310
0
260
0
0
0
934
0
0
0
0
0
770
0
273
0
0
0
0
0
292
0
0
474
0
0
0
43
0
0
0
0
0
0
0
928
178
0
0
0
0
204
0
0
0
63
0
0
0
211
0
0
0
0
816
0
0
382
0
0
0
0
0
0
992
0
0
0
0
218
0
0
0
542
0
799
0
0
0
0
0
0
0
0
0
0
0
0
0
0
0
0
0
878
411
963
0
0
606
489
385
0
0
0
0
0
0
775
0
0
231
0
62
0
0
0
0
0
0
0
0
0
0
0
862
0
0
0
0
0
0
0
0
0
0
0
0
0
0
0
0
0
0
0
167
520
0
0
0
0
868
0
0
0
926
0
0
0
0
0
0
0
0
0
252
126
656
0
0
0
0
0
0
0
0
0
0
500
0
0
0
0
0
0
0
0
0
0
0
0
0
0
0
0
689
0
0
393
0
0
0
0
0
0
0
0
0
0
0
0
0
0
0
505
0
0
0
0
0
656
0
0
0
0
0
0
665
0
0
0
232
0
0
0
0
0
348
0
0
0
0
0
0
0
0
0
0
0
0
0
0
0
259
803
0
0
0
224
0
0
0
0
0
0
0
0
0
0
0
0
0
0
0
0
0
0
0
0
0
0
0
0
0
0
0
0
0
58
777
0
728
0
562
0
73
0
0
201
0
0
582
0
34
197
122
0
0
0
0
0
850
0
0
0
0
155
436
836
122
0
211
355
0
0
0
0
0
781
0
0
0
0
0
0
0
0
0
0
0
0
0
0
0
0
0
0
0
0
0
0
0
0
519
0
0
0
0
0
0
0
0
320
0
0
0
0
0
0
666
520
0
0
0
0
0
0
0
840
0
610
610
0
0
0
0
0
58
0
