0
792
520
86
472
635
663
0
225
729
0
0
382
841
564
806
175
632
564
825
700
808
656
247
317
703
525
0
915
778
578
175
259
678
457
0
923
124
484
834
471
227
715
255
900
613
0
0
638
331
0
727
559
791
616
227
0
572
880
380
227
609
837
287
0
497
806
523
959
297
0
210
534
743
519
805
823
765
696
808
420
543
792
543
998
905
823
708
788
879
959
790
649
0
572
926
853
880
376
874
792
0
629
805
532
929
986
0
0
312
691
0
547
0
854
222
203
580
152
0
753
714
0
837
191
0
480
374
0
522
784
94
345
476
561
0
481
609
851
0
514
944
0
306
407
798
0
743
629
436
384
0
557
635
950
842
746
205
459
344
363
0
997
748
472
720
0
0
0
599
538
895
426
420
710
824
545
429
676
947
764
366
0
730
593
391
721
528
983
387
550
675
989
367
479
675
705
550
0
951
520
629
0
524
780
943
123
0
429
559
374
759
550
896
375
349
283
665
311
742
399
628
643
234
216
866
516
0
310
587
287
633
539
442
424
626
703
0
536
86
0
352
644
556
0
0
601
703
504
90
0
401
746
916
0
0
414
104
592
0
500
897
603
197
959
48
967
601
684
668
149
618
798
195
815
0
418
865
891
0
717
859
954
815
95
469
585
639
692
994
0
388
993
385
939
497
397
0
0
784
86
805
524
0
914
117
0
655
231
0
492
822
246
257
702
702
434
242
488
0
415
377
603
0
818
471
2
475
0
368
456
0
967
671
438
5
618
593
949
533
0
822
120
678
956
0
413
834
763
604
0
474
331
361
648
633
0
371
836
252
537
917
55
371
0
0
0
338
472
0
501
840
0
975
769
942
879
838
827
342
775
0
672
0
371
207
508
641
197
544
585
0
671
673
206
63
938
583
623
544
472
532
780
914
0
0
348
713
477
647
669
0
413
660
916
0
0
0
758
260
830
759
603
791
408
0
0
623
0
284
728
879
0
960
797
584
491
707
440
0
716
953
788
135
969
677
614
299
601
222
348
944
311
0
0
511
0
824
977
0
658
739
334
823
778
74
415
849
576
331
611
913
849
756
0
255
0
779
0
261
349
383
0
619
441
0
630
684
768
0
647
438
282
755
273
432
684
716
914
920
635
929
943
117
0
0
919
806
318
317
544
535
321
648
0
973
852
0
645
592
207
914
823
98
0
963
593
809
323
312
175
0
304
647
687
722
762
0
0
770
940
0
494
723
807
0
222
676
540
682
520
221
742
697
636
456
534
424
0
0
879
710
454
593
405
819
385
619
508
203
0
397
437
0
533
490
890
836
377
568
0
585
778
731
191
0
0
459
796
517
0
737
258
0
246
823
502
720
0
685
663
986
123
0
348
919
0
291
647
850
417
749
565
835
739
837
13
578
573
906
792
636
816
450
695
0
620
554
868
753
892
901
133
686
595
773
0
350
674
477
361
916
522
890
326
820
236
978
818
0
518
472
0
0
995
123
635
822
446
432
313
489
281
434
199
550
287
189
567
312
458
337
923
0
651
0
0
730
0
670
260
855
577
0
0
358
699
791
771
264
573
352
0
421
438
496
489
727
773
432
0
0
0
655
713
806
291
0
935
0
513
399
349
366
95
471
854
228
270
675
980
802
589
474
93
0
335
835
76
0
562
527
647
0
397
553
599
885
376
120
667
694
675
0
531
756
517
220
317
0
534
0
0
190
476
265
671
197
877
0
62
506
316
266
296
719
469
405
444
805
643
212
658
932
648
760
932
387
792
777
0
637
653
777
593
627
618
586
772
215
859
895
363
492
0
205
385
471
401
0
225
0
429
231
477
318
647
935
0
232
126
623
781
0
473
269
467
0
592
843
959
0
0
641
906
809
645
254
637
406
0
326
0
344
0
0
966
480
0
634
412
525
337
200
460
419
887
391
750
472
0
136
0
775
254
852
704
363
465
476
140
0
779
809
310
0
141
676
777
188
0
279
879
932
795
755
662
654
0
778
948
65
508
476
642
989
663
0
169
493
772
889
0
663
0
127
313
717
407
464
729
312
559
0
647
317
850
0
232
0
0
886
498
705
711
493
360
680
603
478
696
0
967
391
0
575
490
528
532
426
415
837
774
337
0
787
370
984
0
0
0
935
460
779
80
0
0
219
639
777
0
497
368
601
0
288
209
348
878
831
971
0
709
393
284
102
664
825
503
588
289
52
676
839
403
602
0
207
375
0
402
535
826
725
800
578
411
312
983
917
565
946
639
40
597
939
427
253
940
237
0
691
374
492
669
544
417
513
126
0
0
0
517
516
637
964
0
992
949
578
683
237
435
547
693
497
718
395
190
387
690
703
0
518
612
388
447
423
848
736
565
333
697
687
495
303
0
350
495
813
497
696
809
945
0
187
519
968
332
837
980
506
734
0
527
0
230
575
788
567
826
158
386
770
191
847
0
354
306
626
657
189
830
0
0
841
966
782
0
0
0
905
416
572
474
85
675
851
267
734
0
0
759
822
0
535
749
399
623
886
0
0
489
555
680
592
590
646
743
944
223
212
0
797
800
81
0
827
981
509
348
830
478
578
0
0
112
599
557
0
31
612
741
197
379
0
824
840
785
228
842
918
216
208
719
521
677
304
471
188
275
633
0
84
730
878
531
0
416
285
0
914
890
368
928
765
829
382
681
464
561
797
0
277
204
767
485
506
980
201
532
699
0
862
0
518
0
527
224
249
382
547
550
246
413
321
565
349
781
498
517
489
0
307
390
0
694
0
404
504
817
0
611
691
820
0
805
599
656
0
635
447
770
972
558
393
718
35
882
305
961
541
610
273
0
182
137
683
579
543
717
785
519
0
757
402
335
0
0
239
503
458
778
59
0
0
0
876
665
468
719
585
594
877
0
609
722
790
193
0
886
643
673
0
987
609
616
540
669
683
713
152
604
506
346
433
900
327
385
0
841
0
896
257
660
648
835
366
0
705
516
555
307
0
421
700
305
437
941
557
0
939
0
428
722
0
0
0
0
707
814
558
922
341
966
0
534
546
975
511
661
475
295
576
626
0
852
609
567
207
616
315
988
0
448
354
885
432
860
647
278
178
835
833
715
915
925
720
258
0
825
921
80
559
981
815
0
779
50
876
559
378
0
454
909
698
766
879
515
564
0
695
794
0
447
259
565
558
537
325
564
854
375
702
916
0
739
95
473
711
637
680
390
421
0
309
864
0
0
766
385
398
477
398
958
243
126
420
0
512
0
784
0
979
537
0
781
0
0
413
0
576
712
623
327
753
774
718
122
693
384
395
768
232
899
305
0
366
0
382
847
220
511
394
499
422
254
0
699
888
74
420
677
594
886
695
725
452
612
530
367
0
163
780
847
0
266
189
431
0
264
490
694
537
465
508
676
693
440
397
806
222
349
702
0
973
837
471
269
493
964
592
0
700
309
0
450
717
627
699
659
790
652
633
788
39
285
166
0
936
489
882
699
540
742
639
451
478
0
873
465
685
666
882
952
691
33
664
802
440
792
864
588
0
422
0
322
416
566
609
839
679
903
322
0
767
157
0
0
360
789
661
0
138
750
886
482
0
342
187
125
963
219
0
0
414
433
444
928
800
562
726
492
376
895
722
442
861
225
712
175
203
283
434
0
852
13
854
467
360
0
590
694
305
864
450
0
0
443
533
798
467
399
0
913
521
348
602
742
364
261
482
34
745
65
681
604
931
780
229
95
884
261
395
394
790
705
536
562
0
100
727
669
798
389
0
366
13
584
992
234
578
909
632
231
689
118
859
0
0
718
933
381
433
0
0
704
312
779
0
58
0
827
0
703
577
642
855
765
0
236
504
320
166
516
706
891
738
658
414
632
580
665
242
0
0
578
228
0
680
992
646
0
437
0
717
0
0
0
587
0
240
0
944
789
0
428
0
383
548
746
0
564
761
483
600
741
599
610
645
0
468
808
515
243
0
301
429
390
341
323
650
0
0
507
849
517
691
0
926
601
558
690
511
392
0
867
364
925
76
740
914
424
927
0
890
536
564
431
201
0
570
683
922
476
0
465
889
435
361
861
624
569
907
312
810
819
0
736
581
564
152
311
488
758
645
573
270
592
603
949
743
404
941
0
627
443
0
0
554
325
906
0
505
0
640
862
0
335
566
967
722
0
427
0
172
593
735
922
674
0
0
443
0
845
544
685
0
215
640
173
90
607
856
553
996
903
367
727
841
307
468
675
0
249
22
738
563
443
265
287
462
618
185
514
779
289
557
511
704
0
0
636
432
542
572
0
0
903
756
615
520
317
952
782
727
718
412
884
0
825
0
742
0
260
592
906
675
843
478
578
944
504
557
766
699
533
587
554
0
664
531
881
0
415
764
610
764
466
988
908
665
0
804
454
614
707
528
724
918
867
307
510
711
0
729
281
0
760
175
714
230
566
582
901
555
434
342
423
0
0
877
868
512
276
895
0
746
494
456
0
351
874
559
952
0
727
656
0
268
860
363
458
39
644
745
0
507
431
532
798
542
391
832
0
45
925
297
0
501
700
753
399
415
830
207
792
980
959
696
683
223
817
0
385
659
798
0
325
664
0
602
880
310
0
344
423
349
594
631
944
511
838
711
780
0
611
386
742
384
730
0
800
919
0
0
520
283
591
558
367
495
892
854
312
798
630
0
571
769
256
0
0
450
194
207
459
0
866
0
0
228
938
661
836
522
0
630
943
472
417
466
525
711
136
0
377
725
370
932
505
688
521
0
607
752
0
0
980
396
808
714
628
377
759
914
636
802
0
0
237
212
0
939
398
790
467
240
906
531
602
0
786
735
554
405
0
318
710
734
872
0
827
705
619
213
448
550
599
0
0
589
850
73
872
525
791
627
888
874
603
614
0
142
647
381
20
976
0
0
656
908
671
958
695
771
477
758
538
285
71
751
0
0
913
848
450
933
320
504
836
846
99
328
716
856
987
402
685
930
525
373
865
519
709
0
340
779
870
557
656
0
643
603
603
823
816
589
0
967
435
0
611
0
477
652
399
0
0
881
880
786
0
804
359
0
651
904
421
0
684
768
753
0
459
506
846
422
59
0
838
569
507
953
466
617
712
833
798
424
299
548
403
191
362
0
658
929
430
0
154
512
804
723
0
383
233
606
691
379
0
697
811
559
706
850
362
532
581
487
566
269
256
232
0
550
163
140
344
617
295
418
817
472
264
759
789
445
62
811
247
837
234
0
791
98
450
474
641
391
547
797
691
428
398
633
0
944
505
0
310
735
804
0
806
886
673
887
932
743
853
0
654
544
792
538
343
905
0
789
830
0
183
0
762
0
770
470
0
1000
917
565
183
187
177
722
635
0
833
627
0
165
0
443
926
613
0
557
817
791
708
497
895
621
517
0
748
939
760
303
526
316
608
0
247
465
0
0
978
996
681
584
613
0
0
503
845
599
41
220
317
191
216
818
408
0
695
93
906
0
693
800
820
722
958
788
913
789
0
415
0
554
359
806
0
240
0
669
465
806
649
583
0
820
293
859
695
797
375
0
352
499
0
907
325
867
725
0
675
317
0
286
927
20
0
963
0
788
0
981
583
211
569
775
312
676
849
26
290
842
680
408
735
609
981
0
843
927
329
826
613
655
771
219
731
937
443
653
802
376
0
927
592
525
0
546
447
447
852
0
703
0
866
471
0
963
0
0
809
575
497
81
0
0
243
39
521
0
640
764
344
405
0
886
240
0
983
0
0
728
410
0
876
744
468
345
830
841
495
285
827
53
0
629
647
0
447
703
0
613
779
867
392
712
598
888
295
915
788
0
587
754
618
527
694
639
917
0
607
25
587
0
317
149
460
701
469
773
603
934
0
0
702
778
773
755
885
0
363
368
826
0
549
733
0
678
593
436
457
379
525
480
516
2
0
593
620
335
645
490
718
0
805
0
126
285
348
428
862
610
423
0
651
673
0
983
0
541
533
669
754
802
0
579
325
851
537
603
664
348
433
597
639
889
491
503
243
503
0
328
286
907
727
313
370
114
0
448
764
633
260
147
0
592
761
225
448
549
638
694
645
807
492
939
0
0
0
380
276
119
810
880
303
536
781
223
578
0
399
0
914
694
409
899
872
516
85
499
760
475
0
374
0
475
623
809
554
835
254
528
395
827
599
0
420
166
602
0
0
764
349
318
904
887
669
0
541
0
0
419
647
787
596
0
614
812
501
809
605
571
906
892
369
0
475
651
852
992
730
509
0
0
753
635
312
593
888
562
761
688
958
642
656
628
652
459
0
578
514
0
583
624
988
643
871
911
273
263
696
414
0
855
233
420
534
239
655
934
799
429
0
0
610
703
495
616
0
865
0
437
915
0
310
0
0
323
868
76
637
532
190
981
656
0
0
0
742
383
335
466
594
710
421
932
465
0
533
0
0
958
695
414
595
351
600
891
815
0
852
328
469
710
792
995
776
426
976
0
7
403
525
0
325
311
443
810
200
805
833
0
530
743
677
921
998
475
235
741
284
525
828
0
503
893
958
922
0
0
914
340
502
206
364
685
137
461
472
826
716
671
192
0
854
373
682
447
255
0
648
630
778
522
587
368
284
312
753
0
406
426
387
509
0
707
512
936
364
548
566
988
631
734
0
743
806
728
669
419
958
0
916
871
552
809
249
769
0
999
679
903
0
0
23
205
974
746
495
362
212
675
678
67
0
775
739
474
350
606
842
870
870
549
391
420
494
441
531
0
760
0
710
0
203
956
0
877
643
471
715
805
718
792
562
569
735
562
0
867
130
365
241
109
804
681
0
271
409
399
982
799
578
784
287
456
728
175
892
562
0
415
690
348
635
814
0
489
261
746
967
908
944
872
684
853
649
410
754
647
695
916
0
470
325
324
546
690
0
316
730
594
0
826
281
665
684
400
841
973
0
637
0
0
560
711
732
386
625
387
95
923
325
920
0
0
584
819
0
0
0
610
812
505
223
630
517
639
558
373
0
0
388
734
676
765
34
0
815
632
441
795
857
138
0
595
348
714
238
231
0
0
175
94
633
0
879
0
901
527
326
837
703
830
447
558
784
882
482
0
722
665
511
0
768
0
583
0
802
787
414
871
470
0
417
0
0
0
633
855
696
86
551
515
383
636
515
474
620
417
0
0
844
898
592
645
345
705
665
418
600
790
469
794
549
919
584
911
0
592
0
806
877
951
355
659
590
774
436
889
610
596
306
859
986
887
442
700
796
0
114
149
584
338
995
715
0
0
402
0
951
0
259
345
539
967
0
304
133
647
0
774
0
478
770
922
0
699
34
564
0
0
838
827
753
654
0
876
0
596
595
552
325
417
0
0
407
912
977
860
615
958
599
0
117
408
997
804
504
888
0
0
706
723
753
343
306
0
790
749
606
616
587
394
363
0
295
662
362
952
815
449
553
599
709
524
0
437
421
611
785
0
0
0
321
565
607
0
830
401
289
51
69
388
437
358
0
661
0
521
632
586
678
476
442
671
960
647
686
0
344
337
518
578
972
341
979
540
745
761
427
804
711
705
0
544
820
744
579
0
351
809
324
0
0
0
991
372
914
649
877
460
754
426
0
396
540
352
463
702
311
450
646
988
0
217
747
298
998
738
191
668
386
238
749
571
688
944
0
719
718
0
0
752
434
158
0
544
407
0
416
814
0
0
583
663
801
0
741
872
0
0
240
671
757
498
391
947
677
460
777
398
457
561
424
438
797
687
595
397
0
0
612
0
558
966
537
742
65
483
0
454
780
619
459
792
293
468
325
614
600
249
546
0
407
991
0
412
892
0
512
612
485
76
269
353
0
0
966
875
874
479
386
936
365
298
528
869
907
339
8
513
300
0
0
64
0
0
716
888
542
626
419
561
451
170
692
467
0
948
827
0
806
0
829
244
383
206
393
678
0
860
123
41
849
250
762
397
651
450
320
345
0
0
626
5
584
722
773
553
0
787
388
0
393
0
0
639
681
600
172
614
0
213
506
538
859
345
851
812
891
769
690
0
912
372
412
0
361
796
0
74
0
0
738
0
0
868
742
264
131
758
916
598
326
446
439
546
608
353
842
100
516
0
486
0
72
682
576
431
706
666
0
287
0
682
25
579
945
846
612
771
572
662
884
835
187
899
619
729
912
816
0
636
504
667
364
452
619
892
734
821
923
481
703
618
491
762
0
599
966
370
447
112
718
534
781
451
604
741
593
707
611
448
846
343
695
830
537
501
815
0
0
633
977
914
892
361
0
0
978
782
0
601
680
542
700
843
845
389
0
804
423
279
965
172
720
556
501
571
0
112
676
942
0
0
434
847
622
482
766
733
0
770
891
0
521
506
387
644
919
757
489
626
896
777
103
531
707
490
473
0
556
548
762
241
900
529
829
0
0
824
124
609
0
593
707
0
350
885
480
984
423
599
35
546
0
478
931
599
735
528
386
550
422
905
797
841
603
809
0
999
316
855
860
649
0
796
0
0
586
862
0
487
859
899
403
732
496
3
681
593
0
91
583
438
580
447
865
0
901
0
0
0
527
367
170
0
720
856
582
939
452
956
0
601
0
405
310
0
469
329
669
515
0
592
249
0
532
768
547
155
0
0
527
456
529
430
899
984
372
480
484
851
536
949
440
0
674
376
0
0
848
557
882
975
0
0
780
610
922
724
742
599
59
0
375
495
664
605
852
679
730
696
615
877
512
0
978
586
0
670
226
884
753
292
0
468
556
660
936
146
827
847
0
650
0
591
0
512
765
773
960
721
627
756
337
0
175
271
339
0
783
375
583
357
585
397
443
801
835
0
0
721
0
825
565
767
341
916
527
482
606
209
0
312
981
474
263
402
518
588
834
0
86
533
0
770
477
120
634
0
736
0
305
511
413
873
229
645
674
918
384
0
0
789
0
285
348
571
328
903
594
86
958
460
612
74
782
862
670
0
876
0
526
592
550
0
210
492
606
264
913
144
904
614
849
911
942
626
827
874
413
0
607
575
543
355
486
0
484
293
776
86
723
846
28
193
701
592
309
764
0
726
594
123
844
437
555
0
0
604
975
474
0
0
866
440
621
534
946
4
471
514
0
0
716
940
361
667
412
0
565
31
961
661
0
465
95
0
0
867
730
0
838
830
352
827
433
906
469
0
0
551
599
754
485
0
0
0
226
876
0
316
505
0
445
929
700
520
304
25
404
162
95
537
0
381
761
520
521
913
703
0
975
631
528
323
555
525
505
654
338
657
563
644
533
233
276
533
335
0
567
757
810
315
874
788
556
0
0
895
0
360
0
400
386
94
482
439
476
798
227
944
352
822
953
0
916
694
525
935
333
612
541
475
576
685
884
468
0
307
0
589
569
0
499
53
597
892
710
0
826
515
0
426
76
0
601
487
884
0
316
0
288
544
221
510
324
518
507
823
867
999
635
609
360
0
331
509
0
899
166
0
786
753
685
994
651
505
616
693
790
428
0
108
93
0
934
319
139
282
704
572
0
377
470
0
964
0
0
875
727
902
820
288
434
911
531
772
159
0
715
0
644
120
788
494
522
675
337
460
697
741
610
295
712
666
261
808
443
510
800
850
507
183
0
0
639
369
792
23
281
383
117
0
269
738
680
859
753
526
505
288
0
325
807
78
357
359
658
0
370
478
220
530
956
716
0
458
0
179
470
801
150
611
0
819
584
696
528
842
0
692
792
0
680
727
759
748
410
533
257
646
248
293
127
396
524
616
681
674
904
783
624
501
325
631
0
165
802
0
255
306
556
678
135
723
890
0
200
779
687
197
273
576
623
882
395
515
0
711
919
73
953
0
907
629
889
0
995
205
665
636
408
396
353
0
542
899
292
592
0
544
325
0
418
657
780
392
617
455
665
450
77
254
0
963
757
416
0
539
594
662
655
0
643
894
337
514
580
972
667
634
756
361
174
77
784
0
713
561
0
237
718
613
595
901
147
207
499
384
172
614
0
757
0
199
250
486
757
710
900
407
0
956
969
807
326
531
460
80
495
379
0
626
327
952
394
243
845
0
0
872
466
762
325
647
491
475
776
974
684
515
997
540
0
0
700
403
0
550
445
221
807
418
0
264
0
397
227
186
316
629
213
652
0
0
749
0
484
450
382
577
933
274
389
779
656
390
366
701
643
786
799
0
413
347
927
726
960
488
0
0
522
312
433
779
441
685
829
979
823
603
0
479
579
784
362
0
700
834
613
798
0
0
677
0
820
756
419
0
303
0
182
0
753
691
790
0
544
729
0
525
617
0
867
0
503
651
426
746
400
474
804
352
0
868
843
732
468
0
929
510
78
657
264
0
479
669
487
477
143
790
693
682
551
974
675
565
897
438
223
804
779
916
665
843
675
698
469
501
573
796
387
712
445
0
826
364
109
277
950
982
497
631
749
893
0
570
296
469
0
822
198
786
75
556
712
0
629
970
0
0
601
413
614
222
236
517
887
0
0
824
137
852
774
33
705
301
685
281
520
791
712
770
725
447
243
852
976
495
841
620
504
463
966
742
845
496
556
210
700
324
357
780
0
479
0
453
454
0
954
617
152
690
488
358
689
545
832
797
277
0
383
406
0
705
0
628
0
651
454
540
0
214
843
855
402
628
653
507
341
564
0
300
687
386
153
984
0
2
938
367
772
761
678
332
929
575
382
0
0
743
703
834
299
676
978
220
391
219
350
840
683
609
718
664
536
429
0
0
283
627
833
470
0
703
503
992
0
362
973
417
888
702
875
264
389
3
660
492
520
518
359
392
397
669
453
0
830
0
126
378
811
0
930
180
614
0
637
645
481
455
764
520
0
572
218
811
695
345
490
789
820
536
0
810
271
640
234
211
62
621
647
473
566
439
0
95
513
202
445
0
706
485
516
408
0
617
843
369
638
629
504
763
601
540
818
317
750
639
495
785
579
567
122
802
562
390
215
760
591
888
798
0
675
0
0
730
7
212
0
0
0
311
874
131
0
681
936
606
304
507
658
617
227
487
454
830
0
0
590
0
583
462
489
284
489
0
274
540
0
600
417
487
932
808
0
638
804
956
272
0
740
848
367
0
845
110
572
592
922
429
0
389
0
544
649
609
776
612
741
215
594
689
0
820
569
0
752
642
331
436
90
604
222
682
0
0
472
777
813
228
543
207
693
440
0
341
640
175
558
874
424
1000
317
613
328
509
403
675
637
0
0
450
479
758
804
593
146
264
25
823
0
455
186
477
0
0
0
0
0
813
174
0
781
871
513
653
0
710
0
520
376
245
951
535
576
810
397
858
0
337
603
360
576
790
0
611
966
886
951
0
0
914
624
0
371
0
898
221
665
534
247
0
267
403
347
666
826
362
0
384
0
0
348
520
518
534
0
0
497
842
717
616
384
792
100
323
173
714
367
603
299
917
0
779
286
0
525
678
0
844
706
646
386
916
423
0
827
913
404
867
370
665
316
143
954
126
590
0
0
531
270
642
867
655
384
754
353
304
202
12
275
567
124
705
762
234
429
259
200
615
786
737
452
678
63
761
0
0
951
557
607
981
482
401
606
0
0
697
459
320
31
755
576
819
600
681
681
0
727
0
401
474
944
221
472
0
136
497
696
918
785
315
395
864
727
650
90
230
495
614
548
565
286
867
907
0
0
67
0
898
723
988
936
598
279
91
847
144
162
999
478
450
629
790
617
378
0
813
531
0
537
705
645
612
0
137
0
561
372
0
252
686
785
301
354
17
903
788
0
0
0
903
0
640
856
262
644
526
471
592
977
674
401
742
376
184
984
132
903
0
0
564
981
0
810
827
927
454
559
557
746
331
311
742
0
0
0
368
809
216
519
988
768
588
669
0
607
566
892
0
403
183
927
392
727
753
325
0
560
592
753
0
365
326
965
583
0
904
95
635
220
77
213
693
152
811
583
174
270
537
0
875
746
0
861
0
375
328
628
683
868
475
682
531
0
763
628
564
0
358
858
733
442
51
956
0
690
944
0
173
0
792
0
610
373
714
974
200
804
0
657
450
0
795
460
860
474
944
791
635
916
361
0
697
0
190
775
601
945
208
0
0
232
0
798
0
856
582
854
142
191
187
20
712
313
635
311
775
711
645
343
217
298
446
172
438
650
614
537
609
530
254
652
682
690
0
462
0
642
705
875
0
297
804
902
248
426
0
744
850
514
767
449
0
630
136
948
0
0
726
548
487
0
536
362
978
840
724
419
902
780
752
488
776
935
232
768
445
624
326
284
399
505
612
0
728
54
0
616
950
0
648
0
636
995
476
254
0
0
719
757
448
899
422
389
507
553
901
312
647
362
177
0
598
370
312
443
739
732
345
306
747
528
439
720
580
0
849
0
360
956
0
0
551
488
930
489
781
867
645
746
297
0
291
743
954
909
816
759
562
585
371
451
793
516
216
322
753
558
0
912
0
666
611
0
374
175
116
504
415
287
795
413
521
0
623
0
529
0
589
493
772
632
236
219
417
715
0
227
842
0
633
511
456
123
265
852
288
187
521
402
354
305
0
0
849
996
555
798
381
0
722
963
888
114
593
810
474
386
705
0
298
869
546
556
447
591
911
381
0
716
963
0
974
358
180
284
871
655
612
0
804
291
0
200
669
491
833
846
609
736
961
459
543
467
466
372
420
717
341
242
680
324
324
371
266
502
307
448
425
266
687
783
489
754
376
0
613
0
423
757
407
642
924
453
0
518
836
0
746
414
0
0
534
635
671
704
209
519
677
335
885
0
322
366
517
903
434
630
20
658
635
0
295
0
888
200
350
625
665
790
998
907
608
501
865
0
942
761
331
0
757
749
675
689
614
489
513
384
0
861
902
743
200
0
602
0
843
814
623
0
517
0
0
710
954
482
0
572
655
657
499
388
715
167
638
512
208
859
748
109
716
299
290
326
874
644
301
0
391
918
0
0
224
777
253
0
0
572
205
104
371
824
424
822
197
363
348
968
304
0
432
366
416
13
691
367
342
0
976
929
0
788
915
448
562
805
606
387
418
749
738
339
353
571
0
512
626
520
509
458
416
0
565
545
0
0
653
754
137
0
248
954
669
602
0
532
0
99
0
137
266
520
812
495
878
731
470
895
670
899
868
422
980
528
310
657
215
627
556
320
281
809
847
469
537
262
346
721
891
0
0
0
632
729
723
81
468
880
459
592
836
977
0
446
877
465
878
332
471
0
860
0
566
584
0
727
423
571
0
430
833
0
788
764
761
833
842
95
600
606
191
8
842
0
901
765
827
521
0
0
0
484
897
832
637
274
0
353
0
375
426
909
491
0
532
0
475
68
538
789
761
0
963
326
142
316
168
842
905
576
553
309
751
793
406
651
965
251
0
675
661
0
0
386
737
544
0
540
560
414
612
411
90
0
117
539
373
380
344
0
252
0
0
432
0
476
831
837
188
239
647
382
609
992
926
841
0
769
0
0
627
981
0
633
688
0
870
923
790
616
668
513
100
112
0
773
874
913
899
179
539
450
438
797
645
540
710
304
561
328
0
816
833
843
0
475
0
747
519
433
946
986
626
0
0
405
875
527
0
796
0
350
800
477
0
193
559
656
706
942
342
672
863
0
651
608
788
505
669
428
695
622
536
0
830
448
0
227
363
500
537
658
879
313
62
140
971
980
275
503
278
847
839
234
601
307
0
256
656
154
0
583
587
260
958
530
870
325
469
587
386
300
516
676
0
960
413
703
166
470
594
382
223
277
481
0
0
202
372
628
744
759
846
814
99
68
747
0
545
332
577
0
798
553
651
428
650
934
103
927
0
699
885
200
0
642
929
663
115
695
622
711
0
473
579
977
543
608
393
292
728
398
686
590
0
630
0
609
0
897
917
739
710
489
506
0
0
506
633
458
178
220
679
578
558
468
877
0
908
512
165
211
754
147
642
743
549
920
794
394
238
0
0
942
0
721
0
0
0
801
662
577
804
0
455
600
520
12
0
683
850
562
609
623
0
538
519
545
0
848
0
837
179
344
137
331
360
399
343
674
513
716
461
635
473
987
735
0
891
658
0
240
256
0
605
289
362
325
200
501
666
737
310
514
662
888
939
837
997
603
55
334
454
281
316
779
709
734
0
778
835
511
903
909
690
675
868
0
671
804
0
569
618
0
656
677
391
0
549
363
749
0
486
0
527
627
607
975
786
150
655
933
779
383
764
417
376
275
252
868
514
585
736
0
137
789
433
332
848
0
302
0
127
968
866
179
0
268
505
702
913
641
859
528
491
725
425
357
169
184
414
524
0
0
94
677
909
580
783
910
132
196
0
0
601
494
913
287
748
197
371
823
593
434
266
809
393
0
84
59
833
394
322
632
511
0
512
450
958
723
443
775
527
592
628
921
420
0
919
0
571
64
0
0
367
756
575
631
753
611
0
274
916
406
520
487
245
567
686
475
767
371
961
517
266
761
946
577
0
302
0
0
938
203
933
310
971
362
660
465
436
0
959
667
924
760
554
966
595
696
69
469
576
902
0
385
576
457
526
39
484
0
783
300
507
866
555
0
472
959
0
778
405
199
296
310
284
527
730
0
715
499
0
231
392
249
276
194
695
0
926
312
694
761
652
998
494
584
584
295
688
0
72
434
170
337
543
528
685
0
643
389
665
0
0
932
951
124
785
682
449
451
459
0
520
0
986
0
837
0
0
0
445
764
944
328
576
893
0
507
647
303
703
508
0
681
529
223
541
0
257
416
585
0
713
609
0
627
849
827
356
98
557
977
733
651
893
497
720
48
0
74
819
550
719
0
102
0
878
0
915
422
767
689
0
22
895
207
771
383
613
676
639
225
459
475
441
819
911
662
944
0
682
847
0
0
355
323
994
819
894
779
843
705
572
808
535
705
301
531
0
793
543
0
812
963
626
798
179
127
938
445
0
0
0
397
0
222
997
215
0
532
633
360
615
861
508
119
596
657
120
563
588
757
377
555
392
672
660
110
530
417
813
130
0
720
0
806
0
967
0
415
385
287
469
141
664
230
531
0
925
254
157
118
867
738
0
459
477
233
0
849
917
448
0
235
531
0
0
362
0
716
576
622
720
175
486
555
651
584
337
656
675
0
218
0
576
762
354
0
630
516
467
710
495
326
0
553
344
968
203
764
0
0
881
566
0
560
264
624
344
731
418
465
854
543
0
829
555
462
0
0
487
242
719
711
176
226
941
932
685
770
879
875
445
466
591
523
0
601
338
849
619
189
405
676
825
575
0
876
720
0
0
859
364
563
746
0
758
606
557
26
0
549
578
741
0
0
592
952
719
888
431
482
856
271
0
525
505
696
514
390
698
628
811
638
810
234
17
763
136
216
466
954
878
142
0
651
137
866
933
944
0
881
0
424
641
0
0
304
670
419
992
370
521
398
375
884
945
248
442
466
258
748
598
527
625
775
0
587
625
0
353
217
407
0
163
959
0
684
472
576
508
567
444
777
503
788
416
665
258
699
0
0
925
443
494
866
538
691
817
290
607
638
514
284
760
0
0
815
718
542
706
766
582
339
484
505
616
528
580
366
469
0
695
804
397
429
903
628
948
322
372
482
731
316
405
428
331
179
310
328
397
566
424
0
972
257
548
719
827
0
370
435
335
48
470
845
15
560
692
253
510
541
341
393
415
651
473
566
201
374
539
678
838
742
514
297
599
668
0
331
203
312
805
188
588
567
285
468
0
888
360
0
76
265
456
0
285
379
791
842
25
694
0
525
0
610
806
449
0
626
666
733
939
0
293
654
693
842
972
701
501
651
345
956
858
259
788
564
0
753
420
0
470
168
875
650
360
0
971
576
0
0
641
972
0
0
898
803
840
866
455
768
933
240
859
321
864
492
282
0
407
602
713
209
843
388
998
832
360
548
375
117
221
0
53
0
538
149
501
611
0
458
643
0
289
826
0
719
825
74
789
718
740
287
0
0
71
0
708
680
587
645
583
828
710
812
877
553
0
419
0
0
452
783
776
338
790
0
667
643
573
454
490
272
0
200
0
0
0
558
717
572
895
842
527
934
399
268
362
893
222
560
0
257
0
0
631
0
760
0
0
619
157
500
532
0
965
89
895
944
357
0
804
335
296
0
201
310
616
876
435
857
255
601
377
210
895
618
840
913
397
337
212
279
52
158
914
585
921
420
661
933
914
462
351
228
751
697
497
408
0
807
624
0
0
505
951
599
752
561
287
770
956
375
86
657
428
692
634
786
796
540
789
0
337
615
0
358
726
0
341
655
670
905
0
103
343
505
660
0
997
264
0
548
898
631
0
712
688
0
0
312
739
0
572
982
109
484
517
563
424
0
0
989
515
592
709
897
458
0
727
450
290
253
0
534
426
798
0
849
437
923
658
879
676
386
890
594
80
677
0
381
424
618
874
938
0
811
895
735
317
492
988
503
203
223
355
709
434
451
0
891
0
583
723
563
0
792
756
799
387
0
820
740
603
786
0
858
548
912
242
657
899
576
796
927
674
702
465
507
215
624
304
719
803
0
712
0
499
0
422
857
0
662
585
591
676
0
476
977
341
580
619
0
62
701
231
445
861
598
274
941
954
556
0
743
420
195
975
756
0
0
932
932
839
770
368
877
559
594
138
433
927
185
559
661
0
559
621
609
149
939
643
893
956
630
659
524
158
170
682
0
601
357
846
644
108
0
361
0
712
214
536
848
360
737
903
733
487
0
680
499
868
553
0
0
513
913
436
647
0
344
670
827
840
760
688
499
0
633
859
210
428
0
765
693
885
504
63
827
0
756
661
846
404
769
0
750
907
510
690
0
191
456
669
519
710
815
769
0
533
651
648
795
403
191
928
0
981
886
750
0
0
514
952
836
913
706
517
981
460
0
871
958
0
517
590
0
0
692
25
521
0
585
28
533
93
680
174
413
445
843
0
367
576
452
0
442
0
666
324
388
422
309
350
699
716
641
0
303
532
731
419
0
866
0
0
0
633
0
271
298
230
943
583
316
571
885
0
649
621
683
943
291
0
0
163
687
786
882
892
699
441
700
924
805
824
0
942
255
490
0
760
755
602
847
765
609
815
695
886
0
890
779
0
522
848
850
0
0
701
0
911
922
877
639
774
437
544
467
579
506
405
397
193
233
0
727
77
347
0
855
810
0
790
678
640
51
536
611
324
715
980
751
800
885
461
859
959
703
633
418
992
370
455
0
0
422
859
271
0
300
473
517
546
965
718
875
538
962
0
623
893
623
665
774
300
0
682
588
0
633
542
284
590
823
545
418
879
0
890
0
932
662
0
0
829
722
0
725
482
704
536
289
727
0
450
362
748
843
469
0
273
0
643
558
436
421
407
0
945
387
310
443
701
276
934
759
784
927
826
402
271
845
0
63
856
956
362
0
371
167
528
793
477
200
635
528
667
508
360
465
370
435
768
619
312
857
210
298
300
0
740
28
839
986
946
552
870
800
612
460
361
417
701
445
643
0
717
536
694
603
393
0
566
765
429
865
838
779
836
730
387
654
207
354
382
790
779
452
0
312
564
557
656
630
933
532
939
927
773
380
263
0
471
373
889
611
0
948
846
644
0
801
592
533
319
748
0
726
364
628
640
110
611
761
262
0
978
374
266
638
310
406
0
0
473
491
924
0
615
854
521
335
933
157
739
0
428
230
473
740
0
262
852
500
910
766
0
0
0
677
602
597
705
726
815
772
164
688
925
369
914
327
948
696
676
891
827
0
377
0
792
0
375
306
681
193
50
612
342
779
431
511
0
943
320
581
760
329
603
276
696
914
715
0
610
785
416
827
612
919
469
835
309
335
139
410
713
960
109
653
234
572
966
0
644
690
840
175
502
512
657
651
193
642
987
725
760
681
861
543
398
48
240
500
0
662
0
943
517
28
262
0
862
488
0
963
179
0
551
0
566
897
0
0
856
803
672
521
403
191
427
788
299
808
947
0
342
261
568
670
777
778
0
626
464
0
876
530
187
0
201
704
268
472
504
487
303
826
934
119
414
340
805
0
596
0
814
0
771
757
329
0
764
0
282
533
561
488
277
507
211
592
886
0
526
944
724
116
307
208
215
965
559
929
735
425
554
529
508
0
375
470
859
532
572
585
765
583
546
839
852
862
0
158
601
486
516
431
640
318
382
710
656
537
0
654
807
374
188
379
268
943
925
420
764
717
775
349
0
260
0
948
402
657
561
886
559
367
125
58
0
0
860
417
836
566
526
613
0
810
0
502
718
388
306
0
0
806
572
489
669
0
0
567
704
257
0
0
950
341
62
922
951
951
471
0
419
504
448
859
627
251
656
663
0
357
966
223
119
829
884
845
321
0
982
591
693
316
965
986
500
488
158
0
0
526
306
218
0
794
415
891
714
842
594
775
616
774
286
616
616
723
922
543
366
859
0
383
585
855
637
65
535
189
797
643
378
0
963
0
570
0
363
466
846
269
316
655
0
880
855
206
792
734
859
0
0
0
662
626
515
721
726
757
572
646
237
0
982
564
621
429
0
557
592
173
902
415
425
748
556
0
706
115
891
169
595
541
596
555
945
15
864
965
109
676
885
571
718
946
910
0
601
0
0
0
490
688
438
709
852
1000
331
733
908
744
937
895
657
419
696
0
423
792
0
954
672
0
778
577
653
508
826
830
0
673
0
163
219
827
683
636
458
525
99
256
608
771
702
303
233
364
562
676
986
321
583
829
884
896
0
0
594
810
0
248
718
522
497
0
647
0
0
607
977
0
780
287
266
109
320
675
942
695
658
184
696
0
657
462
248
560
492
89
484
0
504
885
875
552
766
963
486
526
0
0
764
685
0
761
932
205
485
0
907
0
297
609
452
632
512
553
506
543
730
815
0
619
731
0
777
476
725
0
277
0
454
780
0
0
922
432
39
711
328
232
0
219
778
536
420
685
569
765
887
565
663
244
835
777
592
825
123
315
377
293
613
312
631
300
473
389
914
981
674
792
752
795
687
716
281
661
342
622
0
414
69
257
120
0
442
692
282
895
517
476
63
0
538
870
0
179
516
306
490
764
0
681
914
828
579
473
263
749
554
0
728
884
387
765
348
351
773
998
593
95
371
441
191
0
593
642
800
0
204
987
909
847
0
703
476
542
644
136
716
0
247
731
773
781
534
137
735
34
442
607
801
383
187
103
249
565
844
874
470
127
595
433
749
687
566
0
624
482
401
0
488
413
783
299
809
0
672
711
240
524
469
416
563
0
466
253
0
944
563
977
827
649
962
800
0
0
431
218
688
685
681
0
438
915
758
701
465
0
424
552
923
927
313
0
679
496
741
905
391
469
207
0
0
358
627
989
578
841
767
609
698
0
414
577
0
572
745
0
856
550
465
937
755
223
239
461
562
0
700
0
0
206
899
531
0
767
437
788
0
396
901
779
893
386
439
544
0
401
742
610
776
521
489
290
847
0
863
0
256
0
576
585
588
487
258
510
407
357
424
341
0
621
0
612
0
551
640
0
438
0
914
438
0
0
398
712
528
307
476
577
0
690
775
519
727
935
695
823
721
585
508
630
0
699
618
663
411
966
485
616
766
266
433
642
465
0
0
377
987
163
0
443
885
578
655
472
0
815
796
830
741
393
619
707
532
341
555
556
964
524
147
441
0
153
0
649
371
606
376
373
935
0
754
326
469
386
0
473
0
0
902
0
757
242
748
541
602
0
0
580
756
683
623
460
677
0
318
794
709
761
828
915
0
0
818
427
973
0
524
855
704
417
567
125
0
754
681
708
528
639
641
684
459
791
586
0
312
782
506
540
879
189
444
855
889
0
507
725
402
140
0
653
0
0
934
826
867
632
0
401
872
678
729
490
768
916
0
0
0
616
207
685
570
984
95
609
0
0
184
714
232
623
376
874
537
737
651
579
605
94
0
713
377
719
598
341
713
804
0
619
661
943
893
361
602
566
382
415
852
932
579
758
398
818
0
403
923
531
0
377
881
488
862
874
945
801
645
788
983
692
197
768
796
771
772
169
983
0
980
669
515
431
928
765
435
903
431
370
685
344
978
802
363
399
799
716
130
441
114
289
0
0
912
473
547
527
0
0
0
681
499
829
296
0
513
776
898
0
984
974
768
0
0
644
262
544
608
977
289
677
385
609
555
711
527
393
209
335
989
0
846
291
623
417
597
897
710
891
1000
205
473
701
712
427
403
0
585
754
330
0
877
628
0
804
0
0
671
879
387
994
544
0
517
264
215
493
917
0
201
683
564
0
800
0
361
756
532
932
930
617
996
376
368
0
429
671
365
795
149
51
0
860
816
0
155
482
604
895
875
674
384
979
469
2
202
612
221
697
132
200
445
529
613
301
346
0
788
543
362
909
576
0
392
176
625
415
843
296
515
62
404
0
665
701
705
0
656
714
331
485
263
465
528
973
923
585
0
715
414
820
931
0
863
695
876
0
668
959
550
0
585
647
0
573
859
772
565
0
532
713
0
264
562
236
861
615
798
505
525
295
681
0
826
914
0
192
241
857
584
69
240
123
0
556
0
606
975
0
727
904
172
823
0
938
445
741
665
459
903
804
624
0
0
0
721
540
505
608
325
580
457
627
672
226
775
651
388
0
592
701
769
0
774
445
726
0
537
842
733
0
749
0
307
0
531
754
715
0
434
205
0
820
0
705
0
262
0
790
675
388
0
438
737
352
895
889
946
905
699
152
695
490
726
504
624
520
542
688
373
418
584
927
0
694
0
0
109
138
338
388
671
41
636
548
0
209
474
360
902
783
614
603
822
367
0
215
534
320
0
0
326
589
423
391
891
560
669
393
200
783
526
849
660
941
0
473
998
201
709
231
0
163
300
643
815
856
0
594
908
907
554
424
476
524
0
330
414
434
0
908
558
697
0
0
0
633
0
649
989
993
671
282
258
0
363
0
639
416
0
604
794
694
492
320
569
317
391
521
865
817
613
592
549
409
610
854
804
0
995
437
757
849
504
762
527
0
0
0
820
624
0
0
198
772
706
594
247
31
0
657
284
493
757
918
0
414
428
292
501
910
39
827
110
932
587
566
832
310
897
445
750
687
0
0
772
803
654
775
744
0
0
552
577
855
377
0
820
205
908
0
582
422
0
798
714
398
0
0
367
385
673
755
0
421
492
663
40
572
862
506
0
537
376
166
907
952
832
0
519
472
0
525
733
899
703
373
681
595
715
358
498
250
667
241
456
312
0
400
288
501
757
479
786
761
485
689
0
755
564
450
399
772
407
0
0
612
695
728
666
132
484
356
530
685
625
201
360
616
458
861
907
786
682
717
164
672
807
616
937
297
728
923
0
704
881
877
931
0
558
582
0
801
837
737
573
414
685
572
479
939
206
273
246
438
0
0
597
474
0
346
447
465
895
516
312
782
0
607
709
264
0
0
0
872
495
682
0
348
0
0
391
762
364
900
529
981
866
386
434
325
0
579
75
678
516
0
267
576
981
0
505
632
642
0
0
411
622
398
737
196
0
98
417
770
0
374
548
876
0
598
510
882
588
536
688
521
374
774
895
609
884
927
690
417
488
628
0
820
697
422
801
0
111
813
352
0
0
926
675
497
63
432
823
496
205
127
939
85
518
433
259
508
722
706
810
727
45
752
0
759
503
546
678
516
616
447
271
714
0
661
947
397
452
529
430
474
440
94
911
631
199
784
556
332
408
820
403
819
0
795
612
236
924
224
632
90
536
686
310
0
783
557
813
879
353
539
375
435
727
274
690
892
0
694
925
403
188
286
657
452
387
313
775
567
862
0
863
0
0
0
837
111
0
797
58
897
347
853
705
397
938
684
502
489
385
313
427
675
0
900
565
676
442
891
819
718
925
0
340
789
845
447
593
85
0
255
409
238
402
0
677
651
619
829
899
263
621
482
531
0
250
362
712
929
0
569
347
600
810
460
0
219
453
777
729
0
0
590
514
0
300
977
130
875
217
678
117
857
450
941
0
699
633
603
369
191
379
616
419
632
765
0
519
125
874
804
695
705
0
798
737
813
797
0
741
498
757
880
550
0
583
716
720
727
471
717
253
851
527
327
558
693
861
738
0
412
297
0
779
445
599
447
436
499
865
0
399
231
0
521
460
450
892
0
984
402
534
439
772
165
486
0
0
575
617
0
666
681
827
860
728
417
0
253
723
117
830
0
662
601
507
733
0
445
407
838
221
255
290
954
191
441
542
393
914
427
268
616
696
512
348
679
727
0
945
0
876
0
0
714
573
352
58
741
0
916
696
376
0
0
623
914
0
773
401
407
940
267
224
385
537
440
225
658
736
884
0
980
870
62
41
852
457
760
0
648
982
0
951
632
777
320
734
0
372
518
946
476
159
802
757
700
629
382
843
752
826
681
927
474
54
715
518
0
81
539
448
630
888
494
866
651
720
466
0
742
0
601
253
556
456
700
284
0
327
788
943
723
0
553
351
496
935
754
801
0
0
262
633
398
414
0
897
498
916
0
713
874
951
784
544
920
685
432
0
464
237
734
249
0
325
397
712
414
581
0
501
396
557
811
220
0
379
475
437
630
799
0
0
586
398
345
821
824
480
588
4
798
0
0
710
834
970
0
369
642
362
0
454
944
0
0
836
0
468
373
0
0
939
913
555
893
0
591
163
514
53
377
0
0
669
924
590
566
948
299
925
922
423
506
773
741
695
681
645
671
668
0
0
0
685
0
347
757
696
713
0
