0
655
864
909
778
432
921
679
274
458
574
525
698
230
429
773
381
523
668
904
218
869
833
560
528
144
619
319
551
417
860
233
214
772
952
794
197
934
657
585
670
969
810
191
885
662
282
643
772
451
775
993
357
461
716
612
404
239
893
316
190
287
797
949
669
653
222
677
400
587
337
376
697
552
711
405
682
461
974
729
937
795
596
109
718
154
441
314
534
410
956
513
127
362
607
245
313
649
179
557
655
0
483
556
552
150
686
491
521
634
223
420
902
847
994
313
329
713
141
548
140
390
175
275
266
293
269
531
995
150
892
799
244
121
388
708
795
469
875
740
287
564
826
331
453
527
917
744
861
107
797
463
142
242
854
545
888
364
636
287
198
670
722
551
434
697
953
725
133
985
395
387
145
140
672
850
331
512
411
613
554
200
770
616
142
587
447
294
132
663
189
545
359
671
628
276
959
780
936
102
864
483
0
897
748
763
812
382
796
168
594
523
435
977
655
926
821
471
294
436
286
910
300
656
753
250
648
213
160
428
164
181
631
759
169
735
959
798
192
561
847
110
492
660
372
338
313
802
423
481
135
327
628
559
765
391
412
113
899
325
114
864
826
232
274
183
201
608
728
251
700
285
542
777
286
898
308
856
279
233
691
475
596
484
528
286
680
272
147
104
377
606
725
235
999
749
947
749
216
510
909
556
897
0
999
711
365
571
450
590
250
745
618
702
131
454
660
634
880
142
232
103
844
286
601
672
618
152
896
412
473
269
508
257
385
108
547
708
481
791
602
429
811
945
615
190
218
168
291
369
431
126
160
690
622
785
857
831
997
489
798
205
950
361
677
235
741
360
941
737
328
286
129
819
443
417
281
835
296
895
490
941
514
895
872
639
479
459
793
844
851
675
626
888
409
426
197
468
108
371
778
552
748
999
0
202
410
995
545
220
801
700
166
702
924
710
527
771
793
726
504
371
573
484
634
475
130
581
196
441
287
812
985
680
899
716
702
582
911
351
618
189
413
543
537
791
462
993
274
940
971
260
762
498
160
792
684
450
963
383
402
855
424
257
602
371
534
236
366
720
331
215
378
841
315
783
964
207
296
491
736
437
912
275
571
235
371
484
197
489
250
771
547
875
750
639
928
387
696
375
432
150
763
711
202
0
935
366
211
475
210
467
147
960
145
199
547
250
562
840
715
578
656
695
283
642
971
163
437
553
402
599
186
169
361
986
341
125
707
432
211
697
784
848
374
979
595
876
888
891
178
872
900
949
900
762
690
901
983
392
145
659
680
414
930
388
339
248
294
458
102
225
548
729
329
155
170
728
348
214
262
680
896
206
120
840
353
953
704
305
573
577
454
574
280
297
407
953
924
635
921
686
812
365
410
935
0
340
579
416
526
124
652
364
939
563
414
472
567
670
324
878
348
504
779
318
409
961
965
691
202
693
476
444
935
579
899
183
242
562
990
198
927
709
937
717
878
477
396
518
619
247
109
880
337
440
825
453
423
231
986
304
195
292
944
485
365
637
329
314
556
247
175
641
871
501
489
247
983
436
613
994
345
724
278
529
417
873
959
159
360
290
159
995
630
323
313
416
444
467
679
491
382
571
995
366
340
0
501
324
658
333
756
464
553
388
617
888
800
123
886
523
969
659
448
268
542
953
481
535
196
147
959
726
101
693
476
168
141
155
973
719
875
778
226
726
120
403
531
879
548
780
147
110
416
703
900
896
987
793
770
916
627
838
146
317
778
214
340
918
297
744
404
231
766
522
159
566
496
905
399
731
872
326
468
185
491
346
177
811
734
916
205
995
658
722
780
140
583
556
274
521
796
450
545
211
579
501
0
395
458
562
563
289
924
485
146
987
168
642
123
765
609
431
529
823
563
212
317
756
317
830
561
235
712
526
753
549
834
247
531
663
773
537
721
359
967
474
422
422
989
691
640
270
651
935
818
860
384
844
196
614
170
854
909
807
734
857
163
880
477
795
885
175
351
255
159
481
897
539
882
602
661
996
698
559
512
368
783
460
295
641
364
746
869
563
435
416
585
867
458
634
168
590
220
475
416
324
395
0
441
845
934
946
519
741
907
811
410
912
154
786
329
926
769
477
286
251
763
795
637
321
114
345
444
662
444
912
706
916
680
189
876
783
105
871
514
877
968
548
255
234
243
983
620
211
653
701
272
598
447
791
599
752
115
542
526
862
968
763
843
649
307
988
643
889
832
569
731
775
778
598
947
194
467
256
842
875
704
912
739
321
865
195
486
501
697
463
399
529
574
223
594
250
801
210
526
658
458
441
0
567
402
479
318
890
413
866
388
455
254
128
994
175
579
803
806
878
612
759
289
691
993
526
491
815
807
503
718
162
973
499
629
879
933
466
176
188
560
387
858
774
135
364
568
114
706
889
230
716
593
755
175
108
669
865
165
951
735
854
673
821
114
969
949
221
444
488
443
964
796
335
664
245
551
580
194
805
152
434
212
396
217
177
505
685
809
414
321
399
525
420
523
745
700
467
124
333
562
845
567
0
100
359
882
396
667
319
675
919
764
583
587
903
993
710
655
606
868
160
134
485
694
880
815
160
406
660
826
273
543
885
993
288
723
322
554
987
254
542
218
251
878
679
343
708
361
157
587
255
259
907
909
740
109
854
502
668
885
100
449
531
813
213
871
940
846
704
465
981
483
842
713
349
664
166
622
722
250
557
825
279
483
654
858
602
369
648
219
801
698
902
435
618
166
147
652
756
563
934
402
100
0
565
755
925
943
606
419
602
188
173
971
599
118
521
849
726
387
236
655
871
233
898
778
669
934
223
349
208
334
949
637
601
826
325
627
465
227
290
756
575
666
996
736
365
312
679
829
774
918
398
213
661
782
815
812
743
723
788
232
353
870
534
266
726
115
169
967
111
628
983
812
635
736
704
266
302
153
212
895
193
633
297
352
452
453
892
565
283
230
847
977
702
702
960
364
464
289
946
479
359
565
0
441
574
839
148
461
901
509
728
505
735
549
691
751
895
756
651
555
904
120
222
691
306
795
837
875
274
344
550
272
440
953
199
763
711
105
125
249
945
137
165
580
710
823
242
670
759
787
644
473
592
136
456
478
797
320
668
730
733
516
843
166
415
785
893
838
625
791
436
795
318
346
158
965
656
959
995
196
636
997
376
297
594
645
849
115
663
429
994
655
131
924
145
939
553
924
519
318
882
755
441
0
748
442
937
790
354
949
979
945
603
685
591
253
806
536
774
193
511
603
106
991
941
974
947
185
965
407
512
677
510
991
938
368
943
616
632
752
536
453
709
250
211
889
775
642
424
859
271
799
214
724
605
639
323
911
194
895
564
705
600
544
614
908
838
814
159
742
101
788
682
634
607
515
158
788
182
659
214
694
468
864
522
848
145
517
516
773
313
926
454
710
199
563
388
485
741
890
396
925
574
748
0
875
348
550
900
798
930
691
793
455
243
446
615
973
643
195
959
598
238
363
904
879
642
530
699
250
880
680
802
806
425
413
774
920
450
494
177
810
659
944
698
696
447
563
847
568
215
662
750
999
274
101
597
878
816
928
602
549
662
291
905
445
453
341
174
476
468
200
960
826
459
447
201
684
331
667
153
383
363
624
895
211
741
707
942
381
329
821
660
527
547
414
617
146
907
413
667
943
839
442
875
0
751
895
345
631
831
455
124
633
816
170
690
198
734
199
894
513
746
511
781
374
425
820
532
225
203
263
137
504
282
280
546
405
334
143
585
262
239
834
392
345
621
170
933
428
885
996
163
251
470
388
228
543
832
517
224
473
171
161
932
470
755
782
763
458
416
476
861
785
468
587
801
168
350
216
983
220
513
125
390
967
676
336
927
523
713
471
634
771
250
472
888
987
811
866
319
606
148
937
348
751
0
449
821
319
169
139
154
956
849
875
327
334
873
465
652
652
847
629
824
413
159
190
852
538
375
940
823
712
912
576
690
101
721
630
972
386
206
888
630
942
163
511
637
489
572
212
971
425
586
864
476
409
862
312
814
331
807
551
412
454
966
626
867
710
107
555
934
756
640
197
180
648
638
337
703
509
791
456
908
156
258
558
832
668
141
294
880
793
562
567
800
168
410
388
675
419
461
790
550
895
449
0
314
573
466
555
834
679
344
829
262
260
263
617
454
348
966
441
484
242
211
556
855
526
252
800
334
673
332
976
920
831
544
343
242
989
681
273
639
216
831
128
783
860
630
746
802
758
891
237
285
164
438
989
465
794
854
399
680
272
491
939
444
328
289
525
108
522
192
656
266
547
448
551
578
729
739
902
312
220
410
352
117
904
548
436
142
726
840
670
123
642
912
455
919
602
901
354
900
345
821
314
0
594
474
263
297
610
352
149
411
627
173
900
268
281
414
381
724
192
118
463
153
158
788
636
385
845
371
392
118
856
782
964
706
483
129
671
123
105
439
756
335
548
850
242
773
206
254
424
140
459
590
757
500
488
589
219
352
667
964
922
892
121
519
247
819
973
640
896
524
317
499
870
845
293
963
398
812
494
122
603
128
218
140
286
232
504
715
324
886
123
154
254
764
188
509
949
798
631
319
573
594
0
959
905
561
908
481
615
969
738
572
110
878
446
296
894
356
595
565
115
113
924
438
742
758
137
280
853
703
822
578
605
682
762
903
272
775
967
811
623
316
545
759
230
719
598
789
946
216
294
668
978
702
223
669
160
252
542
667
730
494
720
548
839
594
130
676
845
523
813
318
959
913
998
965
386
224
729
810
603
647
869
390
910
103
371
578
878
523
765
786
128
583
173
728
979
930
831
169
466
474
959
0
826
227
507
693
136
968
630
542
836
933
472
192
529
575
214
581
399
645
686
732
480
149
697
657
622
945
847
516
479
451
812
295
322
668
685
285
726
986
980
316
511
220
936
920
123
205
943
838
224
982
525
145
855
120
245
123
561
539
817
483
247
833
125
566
720
909
541
909
944
777
513
296
594
918
463
339
122
774
833
175
300
844
573
656
348
969
609
329
994
587
971
505
945
691
455
139
555
263
905
826
0
736
441
521
924
472
174
431
261
747
398
991
254
829
614
611
708
290
322
510
431
244
385
240
492
766
229
298
656
685
505
570
172
463
305
778
331
796
959
782
868
411
450
281
436
526
793
911
775
721
558
537
359
588
448
434
300
540
760
905
496
494
698
255
399
712
192
336
456
307
805
222
946
523
678
744
136
101
560
275
656
286
484
695
504
659
431
926
175
903
599
735
603
793
124
154
834
297
561
227
736
0
468
842
952
430
737
415
130
274
924
541
101
932
750
545
566
508
437
284
354
187
769
236
676
616
626
439
309
148
381
144
246
182
284
933
461
418
393
281
554
365
795
958
726
990
281
497
301
304
462
824
832
977
750
746
387
689
517
445
753
746
406
490
394
844
554
134
894
277
982
528
492
153
220
139
381
222
528
266
753
601
634
283
779
448
529
769
579
993
118
549
685
455
633
956
679
610
908
507
441
468
0
853
692
989
521
129
315
161
773
325
140
952
510
122
465
743
983
353
726
788
634
653
820
777
678
266
433
885
960
539
635
362
303
427
181
143
277
184
182
457
892
916
799
911
106
452
523
998
924
341
360
588
590
369
722
433
126
153
432
484
837
560
972
282
209
227
773
907
966
297
632
940
996
678
974
283
144
293
250
672
475
642
318
268
823
477
803
710
521
691
591
243
816
849
344
352
481
693
521
842
853
0
482
964
486
512
703
500
219
197
555
362
451
491
843
425
367
585
477
280
954
967
769
795
279
260
147
516
806
546
401
517
240
385
786
210
553
365
828
942
110
183
666
718
746
149
588
157
396
755
915
450
987
423
900
906
711
694
967
578
211
472
797
231
581
659
268
743
334
472
323
599
225
571
901
587
619
269
648
618
130
971
409
542
563
286
806
655
849
751
253
446
170
875
829
149
615
136
924
952
692
482
0
275
519
346
881
810
983
443
843
368
140
862
588
510
866
503
519
588
813
458
807
887
107
568
144
315
630
902
572
838
795
976
864
209
910
749
379
556
333
185
532
719
467
794
226
516
867
289
410
447
389
740
693
567
948
699
575
737
326
407
175
279
830
709
679
869
990
408
554
597
272
587
995
916
319
531
213
152
581
163
961
953
212
251
878
606
726
895
806
615
690
327
262
411
969
968
472
430
989
964
275
0
929
799
897
694
334
665
578
920
401
952
961
349
320
164
163
147
416
941
123
677
326
800
104
185
399
803
362
811
118
161
859
818
771
816
663
945
344
428
923
885
331
230
837
521
316
227
581
356
743
855
516
332
764
167
865
436
694
920
370
955
307
871
795
569
554
792
774
532
574
623
543
319
551
995
160
896
196
437
965
481
317
763
612
868
387
756
536
973
198
334
260
627
738
630
174
737
521
486
519
929
0
851
204
809
770
428
918
142
905
806
305
381
220
339
825
645
748
230
173
128
562
555
479
494
515
953
383
201
739
338
199
846
219
406
102
625
223
241
458
167
538
682
113
889
214
898
735
447
681
796
412
546
133
271
199
527
121
960
279
414
737
721
924
144
577
975
819
753
623
189
898
548
417
150
428
412
441
553
691
535
756
795
759
160
236
651
774
643
734
873
263
173
572
542
431
415
129
512
346
799
851
0
736
694
250
466
434
827
572
165
955
437
289
713
615
539
984
133
284
255
249
449
936
777
508
205
951
587
423
856
822
905
972
565
192
309
502
179
710
232
211
737
878
726
559
662
960
531
700
536
853
892
136
690
309
791
660
134
634
163
902
197
251
106
601
657
680
469
972
935
543
287
860
892
164
473
287
402
202
196
317
637
289
134
655
555
193
195
199
465
617
900
110
836
261
130
315
703
881
897
204
736
0
965
264
858
793
928
277
560
177
595
977
752
380
640
495
113
180
218
444
114
887
525
986
383
307
575
480
433
854
324
533
317
605
447
199
487
400
112
352
260
446
342
807
984
983
299
897
313
140
920
459
340
361
805
445
889
404
215
753
133
456
212
796
373
884
468
352
691
277
252
233
799
181
269
812
599
693
147
830
321
691
485
871
904
511
959
894
652
454
268
878
933
747
274
161
500
810
694
809
694
965
0
653
381
249
150
399
332
422
583
648
299
382
452
698
925
935
112
492
189
846
591
564
465
764
404
379
196
162
382
317
847
549
102
477
804
125
724
871
941
491
833
385
509
314
567
520
685
571
368
629
264
636
897
775
224
146
744
528
680
574
971
273
532
901
450
692
422
323
628
214
244
631
508
985
186
476
959
561
114
993
694
233
120
603
598
513
652
348
281
446
472
398
924
773
219
983
334
770
250
264
653
0
619
536
641
478
245
121
589
156
629
704
392
247
486
926
282
438
628
264
586
872
456
561
860
904
542
129
657
131
106
959
293
558
430
462
671
634
897
286
415
673
863
682
710
871
660
921
576
410
180
414
432
273
283
991
968
936
439
364
147
278
844
451
985
596
293
423
620
772
121
759
257
680
169
444
726
235
345
526
880
898
222
106
238
746
847
966
414
296
192
991
541
325
197
443
665
428
466
858
381
619
0
536
825
388
744
324
400
843
778
538
977
247
333
571
744
634
612
344
181
542
164
825
451
635
970
973
935
446
461
414
551
640
425
857
122
489
950
415
605
488
179
157
320
683
236
490
135
991
892
500
701
625
562
111
556
477
231
835
908
351
298
465
910
675
146
820
917
952
388
169
385
899
361
935
101
712
444
491
815
778
691
991
363
511
629
441
381
894
529
254
101
140
555
843
578
918
434
793
249
536
536
0
202
660
528
472
396
199
991
490
736
112
342
110
747
515
368
457
150
432
738
368
778
334
278
774
667
745
996
341
758
775
920
687
584
222
121
937
300
650
777
539
805
196
913
696
834
892
337
258
641
977
791
378
774
254
447
838
615
537
819
549
485
288
331
617
702
794
708
735
108
716
986
579
693
526
662
815
160
669
306
941
904
781
824
484
724
356
575
829
932
952
362
368
920
142
827
928
150
641
825
202
0
364
547
967
796
887
300
564
352
699
494
386
189
137
774
980
280
355
460
859
933
608
129
380
533
718
505
198
324
284
869
919
129
790
208
460
528
622
194
273
719
842
793
185
502
895
237
544
934
267
897
420
309
247
216
818
281
866
248
101
120
774
303
834
341
197
795
959
547
702
341
899
476
753
444
807
406
934
795
974
879
374
413
242
192
595
214
614
750
510
451
140
401
905
572
277
399
478
388
660
364
0
102
960
747
439
366
654
231
445
129
295
671
862
285
893
361
990
645
976
967
207
920
980
556
166
868
894
882
439
595
298
242
585
782
138
673
193
844
279
808
812
556
366
860
295
716
517
539
280
393
591
303
693
539
931
343
788
124
258
170
397
778
449
991
934
469
798
708
582
125
183
168
549
912
503
660
223
837
947
642
425
159
211
118
565
581
611
545
122
491
862
952
806
165
560
332
245
744
528
547
102
0
656
297
213
604
213
884
620
486
383
833
588
346
627
110
160
285
999
253
918
615
540
955
275
215
381
166
992
122
996
736
570
122
219
424
665
415
753
283
882
773
676
820
218
505
826
760
679
953
497
850
853
380
838
938
974
841
163
536
301
272
407
470
657
875
192
481
911
707
242
141
834
706
718
826
349
875
185
530
820
190
556
463
115
399
708
566
465
843
588
961
305
955
177
422
121
324
472
967
960
656
0
944
612
929
569
479
289
390
614
471
383
682
964
202
853
407
665
471
736
901
438
628
608
978
194
692
975
913
571
695
608
647
126
703
366
688
863
257
673
402
918
968
442
596
145
926
500
865
152
782
327
165
652
986
810
567
157
387
122
193
991
933
585
740
561
791
351
432
562
155
247
916
162
273
208
274
965
699
532
852
855
153
113
645
290
508
743
425
510
349
381
437
595
583
589
400
396
796
747
297
944
0
355
649
296
978
859
154
768
738
437
283
269
585
116
911
745
690
139
861
397
528
429
212
912
870
618
483
676
603
180
405
829
448
110
548
202
383
342
626
495
535
369
801
222
424
324
235
386
565
971
274
725
591
682
442
717
760
675
245
891
512
670
287
847
602
618
211
990
973
531
680
973
543
334
344
407
250
225
538
526
158
924
686
322
437
983
367
866
320
220
289
977
648
156
843
199
887
439
213
612
355
0
756
110
224
260
233
520
681
248
310
569
662
470
211
201
198
675
673
430
818
362
514
746
939
376
148
324
398
221
446
167
494
142
237
195
497
388
111
345
690
547
802
491
693
318
560
654
220
485
623
683
423
357
362
981
647
348
121
151
169
969
564
110
429
189
697
198
719
663
189
499
885
949
550
512
880
203
375
252
788
438
732
510
284
353
585
503
164
339
713
752
299
629
778
991
300
366
604
929
649
756
0
764
368
222
336
863
386
383
531
756
166
147
609
862
784
768
640
430
682
604
758
631
270
894
989
618
825
112
746
798
971
642
216
974
974
824
493
680
923
985
325
909
134
257
195
922
696
930
383
190
598
379
115
935
602
186
108
485
243
810
826
492
811
413
784
927
875
773
876
629
993
637
272
677
680
263
940
800
636
742
480
431
354
726
477
519
163
825
615
380
382
704
538
490
564
654
213
569
296
110
764
0
245
907
281
321
552
495
863
611
996
734
771
987
983
582
848
471
637
155
154
190
483
491
467
969
771
893
979
107
914
913
341
453
151
517
844
168
118
962
472
973
843
568
604
540
536
320
911
735
692
226
170
153
213
361
194
283
674
191
331
660
945
543
848
709
778
537
783
879
288
601
440
510
802
137
823
334
385
758
149
244
187
788
280
588
147
645
539
640
452
392
977
736
352
231
884
479
978
224
368
245
0
728
680
285
748
571
276
659
667
389
811
804
237
850
921
152
658
570
988
597
840
642
291
149
761
510
941
538
599
429
884
597
179
156
659
381
765
906
826
931
682
390
705
539
976
257
306
853
704
639
272
350
342
971
360
632
962
885
453
372
615
537
374
937
226
721
105
933
723
826
953
991
806
504
712
673
845
137
697
385
769
634
954
813
416
748
984
495
698
247
247
112
699
445
620
289
859
260
222
907
728
0
620
311
145
969
180
313
379
377
623
266
190
289
580
811
418
981
870
680
396
606
479
225
846
528
902
414
238
963
635
540
236
909
184
877
540
613
567
965
690
186
361
221
702
287
236
333
507
528
509
600
987
751
735
649
141
662
527
338
190
791
979
717
726
359
871
466
322
325
199
938
425
282
912
332
371
280
657
240
236
653
967
458
941
230
133
113
925
486
333
342
494
129
486
390
154
233
336
281
680
620
0
104
628
969
655
808
914
996
353
119
834
483
574
881
386
651
117
237
143
734
135
793
439
445
211
771
671
810
859
654
208
698
139
825
911
967
654
602
773
344
930
433
395
601
978
341
251
374
799
701
695
366
825
541
565
282
917
313
218
462
595
878
120
967
514
176
554
627
763
368
413
280
576
976
392
853
622
492
676
820
769
807
123
173
284
180
935
926
571
110
386
295
383
614
768
520
863
321
285
311
104
0
843
293
738
288
284
163
813
887
578
341
556
576
505
347
877
590
585
530
392
597
289
634
608
288
585
281
700
598
804
257
667
534
493
872
789
639
839
756
805
714
775
808
962
947
749
833
679
874
195
205
226
497
774
643
744
802
168
993
876
477
403
474
877
188
987
465
711
943
774
546
690
920
118
703
945
766
616
777
795
887
677
128
255
218
112
282
744
747
189
671
833
471
738
681
386
552
748
145
628
843
0
640
457
827
667
249
419
521
362
877
973
960
566
730
706
164
924
757
872
931
798
448
961
273
518
576
239
174
891
393
113
724
934
177
270
558
749
620
226
165
819
947
214
487
691
886
149
697
164
896
913
114
327
772
861
423
291
274
888
396
531
422
968
560
254
227
105
616
920
405
101
831
856
822
847
229
626
678
279
107
326
562
249
444
492
438
634
515
137
862
588
383
437
248
383
495
571
969
969
293
640
0
864
197
236
737
680
504
932
357
849
224
411
139
234
299
946
504
847
583
467
413
850
934
656
710
111
977
243
598
922
584
671
754
869
611
790
449
811
452
524
283
892
357
682
207
744
466
833
677
229
701
513
451
107
481
369
940
891
518
879
422
548
387
542
290
125
632
450
334
721
544
782
578
516
298
439
266
260
568
800
555
449
114
189
628
612
368
774
285
346
682
283
310
531
863
276
180
655
738
457
864
0
122
803
885
425
199
351
105
214
805
688
197
595
922
525
457
105
162
825
659
853
815
890
606
594
450
743
843
708
980
786
628
464
169
578
971
472
682
253
370
466
334
130
517
935
985
833
547
621
751
333
775
797
135
431
971
178
619
548
989
255
858
218
756
249
752
494
143
630
343
964
605
479
656
309
433
147
144
104
479
936
887
846
264
344
457
980
893
627
964
269
569
756
611
659
313
808
288
827
197
122
0
538
906
229
140
754
309
963
717
615
716
536
931
773
100
106
387
664
243
557
237
148
855
537
396
489
271
781
554
932
495
893
389
673
977
757
701
276
281
647
516
670
715
278
306
602
247
616
770
794
993
463
327
126
260
872
247
780
691
234
774
251
575
945
536
177
585
972
242
706
682
451
685
148
885
516
315
185
494
777
525
591
586
181
150
280
361
110
202
585
662
166
996
667
379
914
284
667
236
803
538
0
502
497
336
203
841
954
299
162
459
590
759
643
124
206
522
143
227
323
802
601
733
544
928
874
277
471
965
496
767
259
602
382
538
149
957
572
363
158
782
389
903
323
951
288
782
700
810
343
357
142
628
160
762
900
109
147
640
243
135
878
666
137
453
810
262
386
989
483
762
812
505
381
960
806
630
399
515
508
986
564
872
542
432
355
990
160
853
116
470
147
734
389
377
996
163
249
737
885
906
502
0
326
293
111
471
639
915
853
215
982
132
613
933
280
921
173
686
307
997
539
684
715
676
475
607
122
358
145
525
695
738
523
966
195
765
702
968
174
275
341
760
983
992
206
325
300
778
575
461
242
559
690
498
949
880
110
270
983
364
679
996
165
709
659
239
206
681
129
903
295
570
144
539
546
902
803
953
205
383
465
456
164
738
460
645
285
407
911
211
609
771
811
623
353
813
419
680
425
229
497
326
0
491
332
720
838
587
897
243
512
759
656
603
619
834
583
917
755
414
323
260
421
379
533
216
692
809
545
743
326
581
138
642
411
738
599
769
840
639
753
525
371
380
218
967
776
454
364
716
854
765
622
160
900
337
416
651
620
568
343
736
580
250
944
834
888
273
671
272
322
172
246
635
401
572
362
383
951
307
764
561
825
368
859
976
999
665
745
201
862
987
804
266
119
887
521
504
199
140
336
293
491
0
373
977
803
824
587
118
823
927
462
296
818
851
745
891
361
621
990
143
337
612
614
828
442
919
478
476
218
690
687
511
901
513
795
116
794
984
875
571
122
898
679
875
663
766
798
612
545
391
785
792
762
440
703
935
211
114
708
365
710
211
698
392
630
639
123
775
668
463
182
362
517
838
811
201
587
575
404
860
451
778
933
967
253
471
690
198
784
983
237
190
834
578
362
932
351
754
203
111
332
373
0
704
775
662
253
760
860
757
498
245
388
965
620
498
534
653
757
878
792
340
790
873
866
929
181
130
494
725
617
721
461
417
707
712
506
331
259
661
983
878
908
121
600
638
268
404
888
412
857
684
690
825
900
818
653
706
361
312
823
889
696
345
942
216
105
967
685
305
284
303
240
795
118
739
423
480
379
904
635
334
608
207
918
736
139
675
768
582
850
289
483
341
877
357
105
309
841
471
720
977
704
0
315
342
919
945
452
989
694
886
892
664
882
332
195
355
133
422
583
488
584
628
883
724
679
196
868
742
756
710
240
123
214
632
877
829
727
396
633
573
398
416
701
354
977
239
364
113
831
450
901
453
896
860
701
889
157
679
242
775
447
621
163
831
439
811
285
778
933
427
385
976
161
338
856
433
196
542
970
278
129
920
615
901
861
673
640
848
921
580
574
556
973
849
214
963
954
639
838
803
775
315
0
541
560
935
898
689
733
962
116
558
732
447
278
453
313
887
516
390
890
439
479
906
545
802
519
730
420
709
258
546
857
620
407
667
608
664
476
682
979
669
747
625
637
893
636
899
997
963
983
423
987
384
272
230
587
829
670
642
563
170
511
128
756
623
726
331
461
181
786
864
859
199
822
854
162
129
973
774
380
980
540
438
397
430
430
471
152
811
881
576
960
224
805
717
299
915
587
824
662
342
541
0
897
702
993
889
312
832
366
842
182
324
886
411
258
284
240
982
625
400
524
809
885
561
622
862
318
270
402
836
896
479
332
262
870
351
921
940
662
222
501
465
869
316
287
325
489
383
392
231
793
844
598
716
255
774
759
424
847
933
637
783
335
316
986
796
418
143
210
209
818
846
905
324
382
657
935
667
533
556
955
628
528
818
682
637
658
418
386
505
566
411
688
615
162
853
897
587
253
919
560
897
0
333
786
291
245
535
201
589
170
672
296
479
154
290
456
272
673
507
871
804
610
772
496
382
984
802
502
506
325
103
594
575
527
435
468
542
504
976
211
954
136
190
198
114
798
402
145
986
770
196
447
593
259
918
787
859
568
428
489
860
548
545
980
959
393
277
553
910
771
219
972
533
317
131
446
745
718
166
275
608
429
362
604
155
570
981
651
347
730
139
197
716
459
215
243
118
760
945
935
702
333
0
573
236
785
717
227
337
496
620
372
759
505
753
346
491
710
827
697
416
193
788
652
442
431
318
680
133
666
325
183
814
229
368
698
684
301
333
791
864
256
287
670
864
205
855
659
304
916
614
791
755
907
398
644
271
215
885
572
630
850
759
316
782
281
184
365
749
816
406
565
317
847
106
461
996
505
868
215
978
212
514
758
154
988
870
117
877
706
234
595
536
590
982
512
823
860
452
898
993
786
573
0
827
609
666
972
746
991
594
675
800
809
242
843
671
838
484
473
984
845
231
738
653
337
595
664
141
932
797
714
240
481
837
147
985
116
115
293
267
655
797
722
826
950
424
680
195
627
170
599
175
909
213
473
799
662
996
212
746
242
230
511
868
554
182
828
379
663
102
192
605
549
959
414
341
198
894
381
194
912
746
631
190
597
680
237
590
164
299
922
931
759
132
759
927
757
989
689
889
291
236
827
0
271
930
654
940
952
928
561
698
728
946
545
148
323
383
325
192
222
680
642
478
485
214
251
312
159
703
970
733
571
423
970
539
357
256
388
267
273
949
551
232
361
257
414
292
838
854
752
108
740
661
592
214
750
163
971
802
773
719
220
411
365
457
942
556
945
625
309
447
102
293
551
758
324
882
166
692
870
939
270
483
840
396
143
585
924
946
525
773
643
613
656
462
498
694
733
312
245
785
609
271
0
410
876
467
571
286
201
878
598
868
306
170
283
335
533
722
257
730
582
594
264
925
598
498
769
257
516
578
849
809
310
802
415
767
873
194
878
669
434
274
677
602
930
944
146
909
115
669
109
782
136
724
999
251
425
758
206
598
936
450
795
892
110
333
344
223
502
199
477
558
640
775
284
439
992
975
618
376
894
491
642
606
734
530
757
504
457
100
124
933
603
296
245
886
962
832
535
717
666
930
410
0
778
972
726
958
116
431
606
338
806
492
834
721
931
552
554
927
154
669
878
870
830
672
729
238
179
101
987
363
582
276
184
374
905
441
561
653
697
183
235
371
388
485
317
807
542
865
854
815
456
605
274
470
586
891
254
789
920
281
958
916
183
185
428
241
179
487
804
430
425
920
869
595
122
913
483
148
989
467
291
479
135
392
872
847
105
106
206
280
619
818
388
892
116
366
201
227
972
654
876
778
0
680
547
847
968
759
566
192
727
439
889
338
626
966
264
365
547
682
481
788
931
360
795
506
633
870
902
702
906
555
648
331
649
377
294
222
953
201
741
534
339
365
778
734
526
165
502
812
478
639
101
388
864
237
424
946
123
436
726
799
666
532
923
458
710
400
125
462
857
687
919
298
996
571
676
324
618
969
149
225
793
597
931
583
162
387
522
921
834
851
965
664
558
842
589
337
746
940
467
972
680
0
330
464
893
867
551
341
652
948
975
393
894
571
274
824
582
160
996
113
378
450
578
622
496
993
560
522
767
779
491
290
192
135
845
677
725
608
360
236
248
637
214
857
862
951
668
743
797
323
597
228
476
285
140
216
205
526
990
911
718
719
885
167
232
112
724
671
122
584
129
242
736
695
603
398
825
771
761
846
439
289
798
467
825
664
143
173
583
745
620
882
732
182
170
496
991
952
571
726
547
330
0
597
884
428
794
693
397
709
866
827
840
338
120
398
106
611
110
929
914
337
919
591
946
222
627
146
265
922
827
671
124
280
848
400
133
728
941
366
294
329
340
163
968
735
885
723
320
911
878
543
409
164
459
294
943
793
281
106
746
467
331
538
211
352
871
634
489
222
790
585
570
608
180
221
112
893
510
528
445
634
448
413
659
243
227
686
917
891
498
332
447
324
672
620
594
928
286
958
847
464
597
0
899
526
757
658
412
739
607
582
780
486
377
276
359
371
302
729
449
583
617
765
886
135
897
234
479
997
669
502
894
115
435
587
985
251
737
720
458
314
918
880
763
854
100
788
668
194
816
832
862
438
590
668
838
911
497
452
149
794
230
682
737
260
941
897
950
121
208
782
122
647
405
446
746
979
941
902
211
608
961
850
853
557
323
307
755
361
534
195
278
886
296
372
675
561
201
116
968
893
884
899
0
164
161
799
755
685
714
987
578
722
611
255
726
691
586
109
268
745
931
986
851
960
418
437
422
193
905
684
739
746
509
337
395
700
328
331
102
556
297
477
843
673
449
232
730
895
928
517
312
989
757
978
224
775
301
523
588
226
837
113
878
446
491
286
415
937
460
138
219
126
829
167
798
107
538
414
771
288
273
934
815
237
802
997
414
621
653
355
453
411
479
759
800
698
878
431
759
867
428
526
164
0
692
399
847
312
845
456
376
951
445
979
554
566
479
673
760
790
919
971
248
957
954
409
192
835
920
851
859
887
184
376
387
285
286
215
225
247
744
795
649
821
531
353
733
564
602
224
814
465
500
702
982
721
304
998
157
516
521
889
726
342
833
415
605
300
528
673
424
703
448
494
971
914
599
238
671
585
518
656
890
148
601
539
323
990
757
133
313
258
154
505
809
728
598
606
566
551
794
757
161
692
0
646
496
544
485
869
437
934
209
484
394
697
804
801
952
893
964
504
615
719
420
627
889
271
423
696
169
340
474
697
145
542
129
378
548
175
404
885
307
114
813
870
516
705
549
473
331
794
488
223
525
558
462
924
396
867
316
214
559
807
385
673
488
650
622
193
665
366
110
142
642
913
429
963
810
281
576
710
606
855
733
684
260
143
878
422
887
284
290
753
242
946
868
338
192
341
693
658
799
399
646
0
656
382
135
260
359
513
351
560
334
367
271
156
636
238
752
118
206
237
559
180
270
905
695
199
592
891
499
552
140
777
819
841
729
641
231
175
988
969
213
534
843
600
662
171
807
854
589
669
145
537
824
341
755
289
227
898
662
984
509
863
179
777
194
844
415
688
548
237
216
341
884
635
859
700
239
111
594
537
544
715
421
337
792
583
516
240
456
346
843
545
306
806
727
652
397
412
755
847
496
656
0
101
444
806
830
207
435
264
637
870
516
121
949
511
425
141
941
264
210
833
460
314
706
465
801
870
913
711
672
286
443
315
329
871
766
351
643
949
871
266
166
544
291
161
551
399
219
160
855
359
832
360
915
410
581
735
960
983
314
682
157
539
273
279
753
863
202
195
974
453
597
540
654
598
174
977
450
396
928
676
379
612
340
488
390
982
272
491
671
148
170
492
439
948
709
739
685
312
544
382
101
0
884
528
711
681
216
763
186
943
193
557
286
930
736
361
781
765
167
840
370
963
441
440
156
385
500
405
850
898
417
783
155
501
522
255
889
221
940
726
415
614
905
932
412
680
352
252
120
588
977
588
450
447
356
447
531
299
567
710
320
805
719
808
283
257
383
497
974
151
179
236
208
804
891
243
743
489
874
475
533
614
790
584
890
625
673
710
838
323
283
834
889
975
866
607
714
845
485
135
444
884
0
435
529
743
711
513
695
292
541
505
650
385
240
348
623
836
540
209
726
616
640
702
165
112
231
682
331
308
281
964
170
489
159
159
832
444
846
115
785
908
445
470
454
272
667
542
245
448
750
590
987
389
743
681
700
897
520
871
683
196
842
812
882
673
342
388
824
517
156
909
698
257
393
598
843
271
277
607
216
828
873
628
439
400
507
827
484
383
335
721
338
393
827
582
987
456
869
260
806
528
435
0
953
342
809
573
755
298
534
397
146
692
190
959
115
373
674
879
347
150
509
208
988
573
570
461
512
856
835
207
728
247
566
481
569
488
704
169
893
838
453
755
966
491
964
667
123
434
746
369
423
740
855
796
536
313
685
660
236
913
793
556
773
402
626
111
493
844
659
184
139
667
113
922
708
781
471
122
692
442
866
883
479
524
871
697
473
325
533
931
626
894
840
780
578
376
437
359
830
711
529
953
0
871
625
937
654
469
633
104
779
631
270
433
820
730
198
582
976
884
325
867
346
462
597
974
411
279
296
296
348
983
496
897
731
443
465
967
838
814
341
782
626
939
922
730
561
300
387
722
900
693
516
412
853
140
571
921
490
696
185
366
676
918
495
345
680
168
381
877
825
534
724
584
980
554
965
358
809
919
929
724
906
809
804
416
984
192
722
552
966
571
338
486
722
951
934
513
207
681
743
342
871
0
491
152
400
546
367
991
999
717
393
519
326
587
634
975
360
718
764
307
677
875
473
729
613
233
895
491
214
436
905
539
775
964
981
111
625
159
174
763
867
444
892
494
539
540
689
433
906
567
332
546
892
920
368
576
135
834
502
860
820
968
535
690
923
118
765
540
911
493
934
671
786
932
496
145
545
478
181
679
545
885
610
193
845
222
257
554
264
274
120
377
611
445
209
351
435
216
711
809
625
491
0
757
681
473
535
390
410
748
445
460
647
934
388
348
235
334
460
355
285
960
320
937
554
691
490
736
262
613
399
882
778
796
483
628
791
742
476
458
710
328
121
720
817
760
517
126
711
948
764
133
136
459
629
410
991
892
895
295
218
442
369
547
985
962
906
613
967
872
177
754
628
495
767
525
743
476
130
196
802
561
772
788
231
680
730
927
365
824
398
276
255
979
484
560
264
763
513
573
937
152
757
0
840
151
660
287
166
195
526
738
987
305
693
257
988
543
984
379
143
522
623
795
200
475
941
437
680
994
731
602
598
335
842
983
436
101
468
416
107
289
519
548
483
905
445
153
694
699
167
271
690
340
264
180
892
337
237
716
505
596
801
802
325
472
826
567
654
789
270
869
464
893
259
695
326
218
494
868
519
622
496
652
738
642
582
154
547
582
106
359
726
554
394
334
637
186
695
755
654
400
681
840
0
368
591
437
741
857
887
834
247
355
910
430
610
957
587
240
484
913
197
596
770
596
514
912
896
345
872
661
947
664
713
812
795
788
200
476
555
525
247
839
247
496
753
432
967
575
865
199
309
361
636
414
500
258
544
517
826
145
222
491
909
973
931
965
602
639
558
611
169
389
602
738
581
690
725
742
730
862
382
442
653
478
594
669
682
160
611
371
691
566
697
367
870
943
292
298
469
546
473
151
368
0
429
660
861
273
695
786
193
336
438
974
816
349
407
365
954
749
510
109
616
484
895
275
206
724
326
996
194
245
349
635
318
682
960
861
934
108
819
594
833
494
746
484
578
737
436
527
791
805
897
432
701
641
934
539
760
926
424
693
134
843
682
690
773
839
749
790
578
673
382
523
138
687
617
756
420
318
984
431
337
485
264
878
481
996
110
302
586
479
804
271
516
193
541
534
633
367
535
660
591
429
0
458
449
212
324
451
968
844
763
445
142
854
618
663
530
965
374
718
142
528
872
571
120
278
468
698
467
551
664
736
346
634
826
785
756
522
973
130
125
698
406
837
211
326
694
121
660
445
775
273
625
977
267
280
679
500
324
318
257
568
390
186
344
756
620
449
971
977
538
966
642
511
721
710
709
270
802
318
595
214
925
870
788
113
929
729
109
673
801
156
121
557
505
397
104
991
390
287
437
660
458
0
793
826
540
178
728
883
909
497
134
166
492
275
507
189
525
154
587
286
639
235
840
529
185
559
256
580
166
704
158
607
459
468
640
192
640
676
566
255
490
560
472
407
920
960
134
889
224
283
562
791
897
393
953
865
235
560
195
604
705
361
930
805
226
811
472
757
149
195
411
901
461
240
258
402
502
680
664
251
598
830
931
378
914
449
268
760
952
636
949
286
650
146
779
999
410
166
741
861
449
793
0
981
715
215
148
335
390
427
619
394
561
979
657
319
331
441
447
680
479
371
353
417
491
512
842
194
622
266
965
515
447
587
197
656
896
845
720
399
394
972
797
175
370
279
634
404
146
991
111
378
420
591
497
152
386
654
922
540
539
221
433
714
165
452
682
701
957
765
738
513
417
123
546
836
506
133
141
312
498
672
360
450
337
583
745
790
893
238
511
930
385
692
631
717
748
195
857
273
212
826
981
0
994
728
122
359
938
679
132
746
486
560
900
567
487
314
294
272
459
484
953
873
346
368
875
805
722
302
656
158
201
801
180
266
524
523
909
712
844
282
231
279
955
414
163
215
744
968
556
774
309
303
850
782
565
220
696
536
976
702
395
775
819
524
253
276
572
702
599
795
707
214
857
896
325
666
932
159
769
729
795
578
919
617
931
919
964
752
425
736
240
190
270
393
445
526
887
695
324
540
715
994
0
656
298
617
532
363
838
690
867
979
537
269
792
534
132
147
793
197
704
959
177
783
704
152
250
153
959
788
684
168
648
547
317
813
541
192
554
209
581
830
307
737
902
753
528
936
477
254
247
693
853
327
971
485
930
320
257
287
601
808
947
283
370
281
363
968
769
116
712
632
620
479
103
325
797
703
257
238
506
622
591
765
986
971
504
118
141
361
348
959
433
519
460
738
834
786
451
178
215
728
656
0
290
796
330
180
243
660
768
674
951
739
433
410
663
104
844
489
305
159
811
460
912
434
557
212
995
182
331
350
638
448
499
318
909
336
134
227
659
709
871
721
197
133
680
439
231
447
216
539
380
165
274
623
383
911
306
236
978
962
214
892
466
647
158
174
840
794
506
877
407
332
594
183
714
970
516
179
633
496
946
886
851
248
615
206
941
781
623
115
820
326
647
987
247
193
968
728
148
122
298
290
0
406
121
192
230
220
904
403
816
277
656
956
189
377
851
250
573
360
734
295
739
212
825
895
196
659
667
216
337
551
870
959
944
456
894
773
268
679
795
924
251
456
574
364
835
838
818
931
838
652
725
683
190
735
853
333
341
947
487
357
334
516
782
275
639
984
331
829
667
262
575
814
240
733
578
101
870
993
222
135
960
957
719
237
264
765
836
373
730
587
934
305
355
336
844
883
335
359
617
796
406
0
685
943
897
292
168
328
523
162
728
513
545
606
675
771
577
290
916
641
321
396
279
193
636
214
153
983
703
578
845
913
777
307
277
907
743
869
569
144
106
212
971
147
908
615
281
343
938
986
591
423
598
692
704
507
251
749
691
682
130
670
389
341
753
875
259
727
608
870
527
229
481
571
849
987
902
560
627
897
418
954
420
559
210
167
540
674
198
634
388
693
910
438
763
909
390
938
532
330
121
685
0
816
168
655
963
421
151
489
450
127
359
725
626
547
454
159
205
364
865
217
483
633
997
694
383
220
509
729
293
998
513
805
982
966
334
990
554
577
601
796
273
278
351
537
866
788
974
810
682
357
379
226
639
528
374
833
886
207
517
715
903
760
525
571
661
396
664
351
435
368
837
423
809
363
702
522
146
234
437
409
627
180
833
840
209
879
582
975
348
257
430
974
445
497
427
679
363
180
192
943
816
0
854
960
504
287
656
890
318
362
671
235
888
875
574
995
995
746
195
177
654
297
376
468
363
513
791
739
963
965
296
222
528
297
472
408
792
975
657
373
532
844
298
819
248
124
841
567
442
362
115
170
272
509
799
679
149
744
935
278
323
983
371
122
983
633
476
921
468
698
147
970
310
582
906
767
265
479
422
192
889
270
460
370
726
347
976
360
235
988
610
816
142
134
619
132
838
243
230
897
168
854
0
499
327
374
800
472
851
607
628
999
409
750
280
630
658
869
486
505
858
352
297
864
624
125
456
902
398
386
594
946
492
632
323
554
774
819
680
884
901
451
465
549
101
258
163
157
717
981
935
153
350
600
701
874
697
466
985
306
951
992
380
898
878
573
682
940
542
684
985
539
802
276
555
779
922
997
193
835
271
905
314
963
616
150
884
718
334
543
957
349
854
166
394
746
690
660
220
292
655
960
499
0
170
757
927
906
731
245
276
749
426
639
297
323
722
563
501
685
602
452
594
522
895
390
908
312
812
224
918
523
153
940
599
597
532
753
469
468
450
985
910
485
120
170
536
387
760
647
602
213
342
987
695
195
164
833
833
602
288
206
218
679
908
398
979
662
504
301
116
357
415
184
648
491
827
669
905
920
423
695
706
441
640
509
325
764
460
984
587
407
618
492
561
486
867
768
904
168
963
504
327
170
0
264
856
268
225
313
959
947
197
928
407
313
780
435
697
809
369
453
645
848
211
967
156
220
494
729
463
678
220
996
225
272
574
623
972
352
692
596
675
288
774
397
301
122
675
348
186
361
971
751
366
205
896
677
547
247
782
325
967
875
121
416
669
222
976
333
115
256
767
374
331
290
671
502
684
851
696
199
465
440
702
208
867
307
355
379
240
365
663
275
979
560
979
674
403
328
421
287
374
757
264
0
335
420
336
649
780
749
468
387
953
416
140
416
463
414
648
892
849
145
741
676
258
410
122
810
339
744
139
678
571
587
623
189
935
691
422
293
146
331
303
778
272
193
245
121
108
194
360
735
825
226
913
229
621
616
700
300
776
663
600
701
747
501
211
791
293
388
873
905
649
192
124
894
739
859
169
592
801
156
165
988
346
677
285
143
484
954
530
507
657
900
537
951
816
523
151
656
800
927
856
335
0
609
176
179
936
216
108
696
924
444
583
585
399
321
219
565
115
517
707
336
558
352
603
603
122
136
381
974
901
995
543
898
543
277
323
423
820
617
834
449
407
991
891
151
485
283
632
649
541
497
114
701
751
770
810
778
454
766
638
354
625
465
954
864
267
267
194
441
377
135
280
115
746
887
340
891
870
385
112
573
462
875
960
522
913
749
965
189
319
567
269
739
277
162
489
890
472
906
268
420
609
0
140
557
102
510
371
375
635
467
556
867
529
399
801
283
663
516
942
927
832
117
128
647
774
101
222
283
587
916
319
548
287
252
628
620
917
702
341
991
470
933
512
169
243
674
962
141
565
774
327
513
333
794
343
575
364
798
268
977
637
869
136
256
655
273
878
561
294
845
848
435
509
184
474
499
913
500
231
570
597
473
320
623
197
510
374
525
331
487
792
433
656
728
450
318
851
731
225
336
176
140
0
