0
607
713
1000
744
907
987
135
145
598
600
239
524
552
531
318
681
163
408
996
538
578
720
222
577
300
657
656
834
404
163
643
724
599
847
267
737
825
301
682
186
716
210
503
951
915
131
803
345
962
483
778
594
199
451
459
837
716
457
790
494
116
422
358
612
569
730
902
169
985
612
982
270
380
122
507
764
991
132
537
134
922
936
569
871
340
272
528
315
669
854
112
433
602
252
387
487
818
956
468
607
0
117
917
600
225
974
631
821
551
556
503
216
607
735
147
923
431
727
854
317
500
179
584
191
383
885
187
437
600
529
216
760
302
634
564
236
969
906
375
592
800
184
224
774
970
332
938
756
331
759
209
337
755
880
203
636
684
219
550
531
222
424
243
759
494
883
214
129
519
583
499
317
546
913
608
403
999
457
650
759
868
144
997
720
297
841
491
596
248
479
774
917
670
238
331
827
191
148
930
713
117
0
450
527
641
660
187
113
761
429
830
776
306
935
487
610
352
117
144
254
925
475
371
482
625
716
659
465
576
813
847
288
208
543
391
150
980
763
983
218
148
114
499
112
427
466
947
355
529
141
555
516
691
145
138
303
209
720
231
381
208
800
711
771
341
598
469
529
489
492
618
784
730
346
961
621
320
859
900
942
632
846
405
957
467
941
148
183
798
577
184
723
484
414
608
743
257
411
467
1000
917
450
0
887
514
873
623
453
950
374
420
181
178
179
917
932
772
402
195
685
907
760
505
864
752
672
136
676
845
702
947
807
576
295
309
984
398
827
405
950
968
168
383
711
484
408
601
200
113
774
570
847
440
759
444
194
961
750
573
115
760
976
388
488
469
646
634
898
533
972
878
121
384
130
830
350
295
734
543
458
448
897
813
868
749
486
160
751
928
703
250
592
829
660
445
693
380
564
646
744
600
527
887
0
946
247
477
605
629
255
398
858
460
226
960
315
820
812
747
661
659
172
465
425
326
677
808
750
334
531
572
609
659
993
817
259
824
864
717
928
410
497
652
655
995
260
650
580
743
177
321
828
388
783
460
166
406
642
383
480
178
728
631
938
364
345
366
801
415
947
432
648
525
554
494
625
507
545
764
423
869
769
530
725
362
461
367
790
773
951
617
874
870
910
319
221
573
860
396
907
225
641
514
946
0
861
531
701
286
289
150
903
527
547
683
757
122
306
890
996
543
781
320
330
662
672
324
120
394
912
322
488
489
435
747
412
677
965
561
135
272
930
428
334
759
190
328
283
354
605
684
639
664
269
757
941
860
425
592
541
197
727
118
387
524
663
551
804
783
280
453
831
750
532
792
195
576
827
213
857
204
673
767
277
492
398
349
753
516
773
161
348
526
212
813
143
259
171
181
987
974
660
873
247
861
0
650
742
490
238
844
132
672
738
731
700
565
313
633
165
679
501
664
936
724
130
179
275
326
280
921
171
314
384
493
938
227
846
725
854
859
790
918
941
307
181
733
934
197
941
901
344
601
759
378
242
637
442
228
979
906
576
726
961
412
483
141
362
351
370
843
968
670
493
784
338
313
193
694
630
980
361
522
950
673
845
971
119
648
326
548
309
383
376
347
639
667
132
538
135
631
187
623
477
531
650
0
755
920
961
344
965
836
112
979
830
162
744
220
744
287
455
569
600
765
926
538
840
778
373
971
506
643
684
414
923
686
793
128
853
635
640
672
692
544
394
965
164
768
852
829
902
152
592
189
183
301
875
914
237
267
182
958
840
957
331
357
750
747
590
277
647
398
883
299
593
615
800
547
814
842
838
609
828
352
369
951
214
459
438
492
286
658
355
852
651
922
217
680
145
821
113
453
605
701
742
755
0
476
540
917
972
913
991
286
768
402
599
577
445
877
791
933
360
916
260
263
588
601
729
497
252
589
783
975
425
883
775
654
546
628
687
787
111
749
278
199
802
890
276
255
234
592
946
996
877
499
528
748
879
240
945
995
909
785
200
670
555
441
720
330
855
656
691
867
767
207
130
696
409
814
777
702
285
435
984
799
492
191
640
652
759
608
725
481
590
1000
290
545
598
551
761
950
629
286
490
920
476
0
940
903
197
244
959
184
878
418
148
428
768
334
608
596
201
589
391
673
166
357
645
460
946
345
768
953
138
906
212
408
474
534
554
403
256
686
761
661
317
763
446
398
725
792
575
126
369
528
870
922
440
861
805
293
641
476
233
725
197
349
895
603
234
501
503
582
622
839
608
952
649
175
215
232
757
822
582
205
137
983
945
477
532
690
919
899
504
497
876
541
600
556
429
374
255
289
238
961
540
940
0
779
702
600
429
120
579
439
394
765
336
811
148
141
599
687
765
566
884
621
126
723
459
799
802
860
152
148
596
713
422
854
499
215
308
638
372
463
754
743
115
465
391
279
767
291
666
716
360
243
642
381
384
587
671
533
419
243
135
602
612
861
269
846
373
804
279
643
577
245
853
814
584
658
931
527
819
153
313
789
976
953
726
523
484
890
405
699
354
172
239
503
830
420
398
150
844
344
917
903
779
0
326
900
390
718
440
437
339
824
675
862
653
867
461
304
131
942
665
390
850
534
300
619
535
372
825
220
284
300
348
755
464
256
766
324
370
951
246
118
906
448
257
224
234
660
410
451
162
353
685
989
341
817
276
785
674
763
775
420
620
859
369
481
725
435
703
530
205
309
136
269
614
882
418
212
249
853
719
307
218
277
407
644
242
818
704
128
774
844
524
216
776
181
858
903
132
965
972
197
702
326
0
932
982
440
372
356
469
216
461
528
197
722
528
176
429
218
566
306
479
790
386
471
224
249
459
854
940
893
733
189
492
846
419
448
722
881
932
713
341
339
497
225
484
557
369
778
370
152
960
509
537
480
974
454
691
354
395
471
706
534
922
875
581
923
337
948
676
198
397
819
886
746
950
514
312
467
727
129
895
574
812
573
901
119
453
114
200
915
552
607
306
178
460
527
672
836
913
244
600
900
932
0
157
836
738
170
562
722
456
422
942
133
285
986
495
657
861
532
545
426
256
252
648
297
560
499
459
721
225
529
604
619
394
621
355
831
393
465
816
611
858
998
262
816
770
780
437
448
179
386
628
946
754
232
833
884
776
884
261
411
123
872
329
261
858
881
116
717
389
896
954
158
516
857
347
585
774
835
601
171
749
713
808
862
993
416
619
196
531
735
935
179
226
547
738
112
991
959
429
390
982
157
0
701
718
409
856
747
588
394
646
563
845
671
469
584
916
115
498
453
526
552
441
126
499
512
815
933
436
870
456
632
681
323
440
970
680
805
226
574
391
988
120
259
426
786
836
619
513
236
899
356
164
288
115
703
530
496
976
569
310
652
928
398
763
709
828
918
201
131
889
868
354
700
558
954
175
662
646
468
143
177
640
760
529
309
866
485
318
147
487
917
960
683
731
979
286
184
120
718
440
836
701
0
822
998
213
563
131
997
541
533
499
291
192
423
526
860
468
466
998
745
139
830
611
910
563
818
848
850
603
413
771
139
815
883
877
966
952
564
898
422
799
557
805
808
565
758
782
795
723
630
639
857
806
152
963
633
304
661
683
922
966
484
956
304
672
406
730
648
210
317
566
534
780
885
515
151
229
626
498
770
467
457
889
138
767
417
681
923
610
932
315
757
700
830
768
878
579
440
372
738
718
822
0
255
558
734
297
562
604
416
582
466
267
785
555
729
979
496
880
491
706
436
275
269
986
879
509
443
170
988
721
980
502
289
548
542
554
659
285
185
717
403
814
952
514
136
873
529
833
231
599
594
463
325
409
649
463
815
231
813
627
245
237
416
758
232
333
131
472
885
450
169
832
703
817
584
641
387
636
881
998
945
821
268
204
658
163
431
352
772
820
122
565
162
402
418
439
437
356
170
409
998
255
0
345
604
731
441
556
583
379
111
726
291
761
307
923
556
579
361
637
503
877
426
894
640
838
117
920
988
269
862
862
729
736
679
844
126
619
158
648
775
540
492
928
411
202
569
878
512
562
320
661
125
755
935
711
835
794
187
344
230
495
797
601
425
547
547
159
841
569
876
484
585
669
922
691
437
664
784
246
395
534
368
167
488
408
727
117
402
812
306
313
744
599
148
394
339
469
562
856
213
558
345
0
611
393
972
715
475
377
261
731
747
658
821
993
716
349
683
248
459
584
573
482
786
231
889
811
401
467
642
574
801
994
823
583
271
210
344
763
484
991
160
711
435
803
402
903
399
289
721
323
164
968
549
439
287
116
816
370
128
458
470
574
285
510
450
412
469
969
345
298
709
548
413
177
741
640
182
864
592
138
813
935
784
996
854
144
195
747
890
633
220
577
428
765
824
216
722
747
563
734
604
611
0
576
118
265
299
660
952
415
839
855
139
379
726
872
619
665
296
840
628
788
343
719
230
635
138
659
532
224
303
949
546
676
377
509
850
414
740
975
803
788
713
554
216
423
263
679
116
160
160
941
875
347
242
920
297
449
889
715
118
154
691
212
694
970
975
517
887
303
592
716
246
658
302
727
943
223
903
237
340
497
739
538
317
254
685
661
996
165
744
445
768
336
675
461
456
588
131
297
731
393
576
0
178
183
639
992
608
436
632
614
273
970
307
494
674
367
253
388
546
224
569
435
674
314
569
445
294
780
671
639
626
852
520
668
505
286
981
264
440
239
762
265
298
779
362
454
261
272
838
301
494
447
899
585
633
869
559
912
739
726
821
708
262
724
877
547
386
198
414
334
639
514
531
986
402
132
418
517
639
999
459
578
500
925
907
659
543
679
287
877
334
811
862
528
422
394
997
562
441
972
118
178
0
655
379
440
743
440
875
997
164
763
369
339
141
465
253
178
686
830
988
237
376
714
481
559
539
696
325
973
582
248
523
761
809
988
298
640
999
185
949
913
131
597
957
591
975
381
593
434
175
373
605
757
296
949
323
689
288
254
395
520
888
928
913
913
978
612
373
940
893
893
638
585
513
333
660
688
210
208
964
720
179
475
760
172
781
501
455
791
608
148
653
197
942
646
541
604
556
715
265
183
655
0
869
313
889
442
681
119
807
805
552
289
518
995
690
721
226
500
989
685
472
423
946
889
413
706
379
113
553
327
874
759
838
616
784
884
740
996
376
742
575
513
326
475
146
642
268
161
403
675
411
822
135
466
426
133
921
467
877
114
415
590
844
776
496
541
621
948
329
393
137
899
821
914
529
608
381
252
367
222
584
371
505
465
320
664
569
933
596
141
867
722
133
563
533
416
583
475
299
639
379
869
0
784
169
880
675
111
804
722
502
703
520
452
766
804
561
409
602
362
470
156
795
850
201
898
301
452
982
897
143
766
253
165
469
902
218
771
239
419
188
763
358
726
152
137
538
552
371
124
358
261
576
865
373
298
368
561
432
765
642
132
647
727
742
896
231
470
642
602
135
422
151
815
822
755
494
151
679
577
191
482
864
425
330
936
600
360
201
599
461
528
285
845
499
582
379
377
660
992
440
313
784
0
629
287
619
710
283
943
526
111
275
370
180
974
786
648
244
570
806
397
893
490
760
347
268
934
928
742
442
721
658
322
112
877
812
933
482
234
730
973
488
351
986
769
680
181
558
263
520
372
613
866
967
353
497
131
874
551
674
161
721
170
553
133
646
539
905
284
945
520
768
998
911
965
481
657
295
300
383
625
752
326
662
724
765
916
589
687
304
176
986
671
291
466
111
261
952
608
743
889
169
629
0
861
621
269
959
745
554
816
879
119
463
540
854
946
112
673
289
623
529
783
249
773
845
908
782
729
752
496
808
526
763
891
618
192
878
395
441
453
818
355
854
329
549
782
978
226
445
212
951
447
433
523
298
225
232
457
695
868
974
210
824
453
455
375
736
856
397
487
613
235
469
601
283
852
734
657
885
716
672
677
672
130
926
260
391
765
131
429
495
469
192
267
726
731
415
436
440
442
880
287
861
0
503
285
662
152
337
993
780
267
576
320
283
174
211
500
300
274
494
526
855
172
407
144
343
130
447
358
565
241
953
330
662
364
971
987
652
827
763
165
145
564
673
900
335
464
368
548
678
913
564
924
149
684
497
554
334
527
731
241
924
880
489
244
293
951
730
997
189
817
965
396
963
870
869
656
187
659
136
808
324
179
538
263
673
566
942
218
657
584
423
785
291
747
839
632
875
681
675
619
621
503
0
240
789
784
199
450
336
548
313
847
631
298
872
762
499
960
800
963
798
839
292
776
995
527
587
318
386
604
214
667
248
470
119
448
279
241
169
735
885
535
293
245
787
622
440
474
281
745
898
334
221
986
919
593
684
453
610
136
144
457
495
776
928
592
910
352
846
404
907
247
520
816
898
834
437
465
676
750
120
275
840
588
166
884
665
566
861
916
526
555
761
658
855
614
997
119
111
710
269
285
240
0
971
744
730
281
292
672
933
169
268
198
948
357
913
639
448
257
769
389
116
851
588
754
662
370
494
731
948
362
315
710
327
484
962
239
738
923
682
413
761
462
410
430
549
753
650
854
697
211
880
938
202
881
694
199
190
276
211
464
640
613
124
486
651
751
225
851
653
789
311
474
211
404
600
576
845
334
394
326
778
601
357
621
390
306
532
115
860
729
307
821
139
273
164
807
804
283
959
662
789
971
0
336
378
849
288
889
768
945
850
998
568
374
856
760
415
260
235
927
897
418
843
834
347
449
242
246
284
871
302
499
319
384
646
860
544
242
425
525
421
130
211
901
773
398
254
989
464
522
927
320
631
390
494
147
154
885
683
324
791
995
569
589
898
925
863
354
362
910
339
265
190
163
529
813
702
531
912
280
373
729
645
126
850
479
545
498
468
979
923
993
379
970
763
805
722
943
745
152
784
744
336
0
835
331
502
240
857
917
647
452
494
168
733
256
262
998
158
730
213
784
908
504
817
207
487
393
278
545
498
687
326
464
589
691
935
859
588
186
779
767
585
673
341
894
863
579
989
275
985
453
611
428
227
325
458
213
694
637
667
192
466
259
374
914
500
986
755
449
565
535
400
643
216
847
947
572
322
921
971
497
460
723
534
790
426
453
466
496
556
716
726
307
369
552
502
526
554
337
199
730
378
835
0
934
649
177
740
799
427
996
360
815
944
753
773
469
593
659
492
448
934
543
385
359
190
423
508
670
574
597
694
586
888
434
309
226
583
673
978
431
875
277
140
276
302
347
387
337
133
809
417
847
903
607
558
786
380
974
869
780
632
348
207
961
152
589
821
446
453
549
465
724
760
288
807
609
488
171
506
252
946
459
300
386
256
526
998
880
579
349
872
494
339
289
703
111
816
993
450
281
849
331
934
0
429
791
167
471
654
999
814
568
220
715
119
186
396
186
471
394
133
246
941
905
131
391
980
176
958
247
136
949
701
343
505
798
597
440
761
733
119
378
955
732
334
624
908
991
122
860
864
435
568
346
160
970
113
203
656
345
344
747
884
438
700
515
997
654
940
169
267
599
302
208
576
659
489
314
643
589
345
799
619
471
252
552
745
491
361
683
619
674
141
518
520
275
879
780
336
292
288
502
649
429
0
660
522
129
854
524
956
293
111
268
939
896
892
509
455
565
236
996
640
937
474
781
386
467
606
523
864
496
118
467
615
655
566
840
767
687
190
141
626
629
976
533
976
728
719
215
850
330
374
627
493
516
918
126
656
934
850
795
222
382
394
152
848
856
542
243
201
847
634
543
295
993
435
384
684
783
768
802
535
224
648
441
139
706
637
248
665
367
465
995
452
370
119
267
548
672
889
240
177
791
660
0
907
246
454
841
305
643
298
571
342
322
123
227
972
692
579
488
625
791
311
332
594
401
272
249
310
452
823
807
916
444
923
405
298
723
318
344
729
937
302
709
147
462
473
807
239
695
983
611
525
989
698
971
951
708
807
580
240
481
910
232
710
175
314
339
518
267
564
391
309
817
747
493
414
975
953
860
372
249
297
126
830
436
503
459
296
253
253
690
766
180
463
576
313
933
768
857
740
167
522
907
0
179
330
993
851
163
301
326
384
834
505
844
700
771
287
771
702
980
932
548
805
323
297
956
142
555
275
541
439
657
521
979
432
269
493
887
223
208
319
898
895
542
112
611
776
765
605
534
710
446
428
546
659
362
600
838
256
139
581
343
758
633
795
910
328
737
236
150
984
259
412
938
923
425
138
152
825
459
560
499
611
275
877
584
840
388
178
721
804
974
540
320
847
169
945
917
799
471
129
246
179
0
160
253
675
647
715
486
671
911
814
296
868
156
652
878
345
614
139
800
668
869
837
124
524
930
732
157
561
768
182
158
773
570
547
624
215
772
384
794
237
723
647
251
811
527
586
864
417
864
947
537
410
283
824
359
231
568
866
968
822
834
893
526
678
825
969
980
398
824
677
227
686
883
906
148
220
854
499
512
910
269
426
573
628
546
686
226
561
786
854
283
631
268
850
647
427
654
854
454
330
160
0
696
625
619
140
553
575
349
228
921
591
272
916
576
268
994
208
908
300
616
252
325
883
370
126
724
391
768
465
605
311
232
216
427
760
870
251
451
334
398
300
936
868
741
183
564
915
415
983
558
720
905
967
213
115
904
163
173
402
613
684
649
956
301
906
763
827
864
965
846
793
775
212
596
284
940
459
815
563
986
894
482
788
224
830
500
409
648
946
174
298
198
998
452
996
999
524
841
993
253
696
0
675
854
899
968
224
955
241
304
878
637
845
866
621
587
169
232
611
503
183
733
253
572
504
312
993
894
669
869
712
684
718
457
372
261
145
183
840
828
421
210
142
215
284
785
119
570
516
890
250
821
573
384
661
646
485
440
747
640
567
853
698
682
375
983
405
717
561
725
128
654
408
713
300
893
721
933
818
879
640
786
343
569
988
989
602
244
112
211
872
948
568
494
360
814
956
305
851
675
625
675
0
989
788
952
641
937
417
479
488
611
146
663
935
553
286
464
768
412
856
548
756
711
363
801
467
896
674
890
522
294
802
407
901
944
913
218
153
717
809
221
639
524
179
578
667
859
922
133
381
964
998
679
897
879
504
966
292
764
781
707
850
186
592
218
950
928
135
854
853
546
474
422
348
733
225
436
848
509
838
231
719
435
237
685
362
570
673
500
762
357
374
168
815
568
293
643
163
647
619
854
989
0
940
626
611
759
345
847
556
573
590
273
317
468
802
672
473
894
360
683
120
487
150
975
585
323
776
127
197
665
646
399
696
294
325
336
497
882
201
137
692
468
250
797
603
451
761
921
175
808
512
685
920
346
636
577
806
126
525
920
302
716
800
148
968
410
272
859
635
628
534
854
755
189
529
870
850
443
117
889
230
674
376
472
470
806
289
300
499
913
856
733
944
220
111
298
301
715
140
899
788
940
0
518
824
609
865
633
906
291
548
608
279
304
192
669
410
973
116
762
331
984
490
216
893
121
970
901
435
661
330
520
247
201
945
317
850
143
645
217
330
150
257
927
796
535
254
918
731
363
713
880
690
317
408
666
444
741
414
280
723
210
184
114
168
497
930
790
640
687
554
499
464
492
604
456
603
170
920
811
635
314
714
423
156
397
623
274
960
639
760
256
753
715
268
571
326
486
553
968
952
626
518
0
724
910
390
177
717
320
904
410
268
626
224
391
276
873
233
802
342
319
427
846
999
241
894
659
844
634
379
485
406
112
879
684
678
708
140
997
518
518
392
525
761
887
635
428
154
217
622
904
579
752
731
186
872
691
385
656
356
503
224
499
383
652
428
918
672
787
403
215
256
846
619
632
413
988
988
401
138
569
481
946
795
893
529
494
800
448
415
262
773
119
939
342
384
671
575
224
641
611
824
724
0
354
117
870
260
752
695
988
300
175
133
587
768
293
301
430
257
291
883
132
972
807
464
572
855
116
814
357
236
776
474
605
843
627
591
697
872
520
756
639
261
850
590
621
601
616
547
388
461
185
714
359
219
754
707
635
798
951
774
112
711
655
334
941
692
111
256
308
766
419
394
681
771
721
269
467
659
445
559
889
850
490
783
526
963
257
260
998
469
186
896
322
834
911
349
955
937
759
609
910
354
0
517
981
526
732
148
556
254
904
180
587
203
741
157
389
961
897
457
763
175
553
401
569
740
310
152
496
551
478
822
730
711
882
338
681
909
957
942
804
401
508
735
368
145
827
381
658
431
268
234
323
226
452
726
764
183
915
970
427
484
995
759
307
544
749
686
638
324
448
621
323
139
980
862
642
532
294
539
413
201
760
249
855
798
769
235
158
593
396
892
123
505
814
228
241
417
345
865
390
117
517
0
383
941
829
312
165
900
920
889
364
253
238
589
406
881
460
111
376
818
818
160
914
969
329
742
118
249
728
385
657
586
622
584
907
640
422
268
581
773
151
268
902
792
116
900
908
999
456
758
415
889
307
156
540
842
131
332
466
408
260
190
181
394
278
761
372
370
722
355
440
815
502
862
574
224
780
696
706
898
347
773
172
839
389
927
730
659
186
509
227
844
296
921
304
479
847
633
177
870
981
383
0
532
761
347
239
148
425
693
692
586
624
856
184
346
698
490
316
924
201
297
437
675
600
968
747
168
231
799
813
598
662
205
641
896
597
437
621
839
468
333
388
804
118
211
224
641
874
649
549
161
516
958
682
835
803
938
947
601
650
328
733
965
199
661
463
951
881
831
970
883
289
729
801
303
671
325
379
301
268
845
407
292
116
897
213
492
471
455
972
700
868
591
878
488
556
906
717
260
526
941
532
0
208
161
860
121
506
137
296
961
299
309
713
401
689
605
990
709
612
910
209
992
808
636
667
758
999
261
995
783
816
396
579
255
159
153
162
950
110
882
333
594
902
774
559
611
318
190
792
540
780
685
833
781
345
756
355
200
580
283
934
164
802
317
754
246
932
393
680
877
548
736
994
949
639
973
113
452
934
908
144
776
851
418
784
448
394
565
692
771
156
272
637
611
573
291
320
752
732
829
761
208
0
828
370
304
426
645
334
447
684
355
154
861
676
575
922
133
382
445
274
895
150
925
789
660
933
951
898
302
250
441
916
844
302
288
321
320
630
184
219
563
783
742
768
837
252
890
678
905
174
973
265
823
962
331
529
113
743
354
197
768
890
763
743
118
713
465
805
966
542
679
823
546
626
582
553
982
928
782
343
995
588
843
908
934
133
236
579
287
652
916
845
146
590
548
904
695
148
312
347
161
828
0
292
514
276
762
711
814
818
889
701
956
436
159
479
656
401
674
307
549
207
860
193
993
693
751
841
120
820
624
628
967
679
903
471
637
793
357
719
895
336
403
757
404
533
632
832
746
281
803
553
534
483
759
141
774
177
605
941
852
276
446
115
906
341
816
226
952
554
844
583
676
852
248
327
897
742
729
130
527
754
834
504
543
246
996
488
771
878
576
866
663
273
608
410
988
556
165
239
860
370
292
0
735
872
705
665
716
666
429
513
387
957
560
437
316
875
835
374
542
665
401
648
329
567
540
510
693
837
191
760
369
790
844
833
211
355
919
666
948
634
461
285
847
244
748
808
604
606
668
460
982
778
209
555
570
321
684
901
829
255
398
465
448
339
611
574
564
659
126
271
377
520
523
874
143
442
752
447
587
662
347
817
385
941
640
625
702
345
268
621
935
317
279
268
300
254
900
148
121
304
514
735
0
700
955
278
440
523
392
822
367
478
593
208
529
131
178
731
809
401
375
823
833
440
793
600
507
531
876
308
454
662
849
231
817
413
117
699
452
170
495
588
444
475
848
446
719
193
246
779
924
594
337
516
847
828
639
344
902
234
725
391
257
497
858
391
898
285
619
210
509
668
761
759
766
721
496
358
318
370
449
207
359
905
937
791
980
614
994
587
553
468
304
626
175
904
920
425
506
426
276
872
700
0
897
342
733
730
826
733
832
641
657
209
136
852
277
249
275
139
528
935
930
282
882
396
929
817
778
459
570
717
605
193
333
524
386
320
887
477
634
269
739
734
932
586
395
721
184
877
696
199
755
691
440
388
664
601
152
592
792
279
224
225
998
988
422
185
158
344
850
505
809
838
253
658
808
565
386
494
242
487
190
131
474
311
932
139
208
169
286
802
192
224
133
180
889
693
137
645
762
705
955
897
0
386
276
189
141
504
163
218
986
287
444
558
241
249
816
257
348
466
861
412
814
606
518
295
208
165
613
840
531
231
552
866
174
443
712
240
558
545
644
567
841
424
571
985
647
122
627
451
880
145
759
783
269
759
592
946
575
767
234
484
262
120
799
717
648
763
414
286
988
616
165
322
526
241
604
731
246
393
423
391
781
332
548
800
908
232
464
672
669
391
587
587
364
692
296
334
711
665
278
342
386
0
583
576
986
342
456
435
129
283
620
916
893
827
335
900
180
240
643
358
1000
700
789
656
843
233
354
989
657
434
769
589
705
300
814
737
759
760
176
990
845
178
855
241
923
730
432
459
203
138
444
460
757
378
189
996
126
291
660
557
816
259
557
403
775
484
740
981
298
784
469
112
763
953
214
948
284
278
508
980
386
594
805
668
300
611
768
473
410
276
768
203
253
586
961
447
814
716
440
733
276
583
0
186
510
510
737
138
245
541
564
338
770
338
529
227
461
341
737
687
882
805
139
778
743
266
606
140
341
383
188
730
307
908
182
202
888
356
829
816
791
415
484
143
248
396
785
837
636
303
194
166
941
242
183
877
369
666
410
369
770
426
805
814
540
991
975
264
640
884
902
877
891
330
667
362
871
545
670
176
467
401
323
869
616
503
412
894
973
873
293
741
238
624
299
684
818
666
523
730
189
576
186
0
375
777
834
644
899
293
534
538
513
756
833
461
604
339
658
965
936
213
174
823
444
698
912
930
689
151
898
564
945
980
968
404
235
567
242
212
804
839
293
835
132
375
640
716
684
209
961
406
860
637
301
499
528
716
451
778
780
786
808
952
492
160
803
440
999
740
218
812
618
662
248
315
302
498
574
958
606
272
297
837
252
183
856
360
116
233
301
157
589
856
309
355
889
429
392
826
141
986
510
375
0
365
678
216
426
219
503
834
575
209
497
498
352
657
803
480
477
127
453
791
230
226
763
874
542
498
749
677
127
476
455
335
400
746
600
936
782
671
891
154
486
871
271
457
219
720
750
642
425
442
875
528
870
360
162
370
437
836
565
514
928
711
788
239
185
996
771
933
192
364
470
710
499
687
597
247
523
249
956
124
325
733
548
683
762
802
430
389
406
184
713
154
701
513
822
733
504
342
510
777
365
0
207
666
502
885
412
273
456
651
599
346
433
880
423
270
311
560
215
963
487
318
641
248
432
801
284
112
902
384
772
963
595
672
439
973
533
215
481
625
283
712
429
790
550
231
573
383
592
228
914
748
922
243
353
152
448
619
758
136
411
435
713
762
949
376
239
482
878
971
119
327
319
326
694
136
864
310
142
524
883
253
756
120
331
342
257
961
881
346
401
861
956
387
367
832
163
456
737
834
678
207
0
230
933
429
349
781
668
215
830
673
346
674
288
176
587
761
814
753
143
982
804
895
755
673
821
965
419
898
554
278
382
859
408
344
979
222
515
939
158
233
998
494
531
381
115
480
541
979
237
879
440
642
685
960
179
513
782
873
202
803
554
265
913
742
419
234
395
987
448
484
384
464
586
949
496
452
555
930
370
572
711
487
984
319
291
897
460
698
689
676
436
957
478
641
218
435
138
644
216
666
230
0
927
983
914
278
539
124
446
320
434
881
626
962
807
971
483
150
659
370
300
167
585
125
757
674
489
857
637
756
783
330
151
893
440
981
833
264
453
776
634
116
222
208
760
178
197
906
267
240
861
381
989
509
386
236
795
529
569
402
216
298
131
575
188
730
441
652
279
962
646
589
888
701
118
823
275
732
126
504
363
150
490
427
883
457
111
490
605
575
159
560
593
657
986
129
245
899
426
502
933
927
0
805
846
745
758
519
793
221
118
127
843
273
704
658
836
935
754
851
543
131
926
662
765
232
165
250
513
265
134
738
427
353
708
932
677
164
272
737
187
422
424
800
976
728
727
576
182
945
805
384
341
537
628
899
723
833
878
903
423
779
597
513
763
973
453
827
241
239
860
691
434
343
467
807
541
157
724
312
801
975
216
846
132
763
376
316
990
922
479
437
208
209
287
283
541
293
219
885
429
983
805
0
684
406
976
469
410
250
830
269
498
132
209
898
716
577
792
858
896
840
860
925
473
700
291
362
559
827
699
737
403
766
841
388
268
440
233
214
408
358
243
711
388
631
118
726
958
995
293
587
817
480
946
356
630
231
512
399
263
362
957
326
358
488
818
763
169
738
544
935
309
505
615
916
439
561
391
993
467
585
893
999
972
175
818
924
709
133
656
316
529
136
444
620
564
534
503
412
349
914
846
684
0
589
155
312
909
651
322
845
981
851
981
531
939
794
914
591
661
307
503
227
276
875
595
216
346
781
801
551
947
355
936
568
292
404
708
758
872
612
759
771
488
938
387
961
840
909
641
671
276
974
754
164
639
599
562
289
679
454
591
475
726
351
355
165
735
923
242
859
226
798
655
444
657
768
768
894
896
323
121
241
807
553
818
201
612
382
401
875
131
852
558
916
338
538
834
273
781
278
745
406
589
0
229
335
638
724
429
760
711
725
280
749
747
171
750
816
876
454
118
508
578
472
857
631
820
586
959
751
963
706
855
407
580
981
268
564
148
569
494
341
469
364
524
412
957
785
476
533
785
454
232
288
857
594
320
721
116
261
975
146
152
986
854
145
885
682
425
588
583
597
566
923
521
182
465
669
674
776
970
894
464
401
160
297
910
445
674
835
178
277
241
893
770
513
575
456
668
539
758
976
155
229
0
525
349
453
252
382
888
120
292
231
111
912
240
179
455
871
632
437
505
602
191
402
642
260
126
123
449
238
515
239
489
588
394
838
869
730
883
598
646
345
663
483
331
200
233
419
674
691
833
115
806
463
661
323
160
272
381
642
137
769
329
564
535
413
525
186
673
440
840
405
979
158
605
869
890
127
901
659
572
569
914
437
209
274
307
374
731
249
249
827
338
756
209
651
215
124
519
469
312
335
525
0
933
112
621
989
756
627
619
466
844
801
656
757
850
218
307
242
396
438
668
810
757
412
682
147
998
877
542
674
762
988
613
298
982
902
214
469
634
366
551
141
357
670
725
243
763
354
884
703
152
325
125
164
160
838
593
268
538
680
549
673
293
761
421
779
978
761
767
298
432
773
311
712
522
197
435
844
855
740
969
675
992
895
549
542
809
275
816
335
529
833
497
599
830
446
793
410
909
638
349
933
0
203
324
294
443
437
665
397
557
148
554
413
305
935
358
854
844
116
410
598
871
425
652
292
885
141
289
184
814
366
745
919
758
169
129
529
898
801
804
362
750
555
197
135
775
395
776
530
963
409
755
968
941
301
434
161
552
181
782
900
245
462
130
767
431
733
687
723
269
570
232
684
294
665
661
634
116
310
329
600
808
150
207
665
401
139
257
900
227
461
498
346
673
320
221
250
651
724
453
112
203
0
736
714
531
267
949
629
288
320
839
207
370
514
437
945
933
721
876
288
168
258
960
490
466
218
472
146
147
398
295
422
460
985
519
489
533
415
783
351
747
441
349
602
420
471
884
496
633
649
935
549
875
494
175
403
371
558
978
335
787
410
211
585
875
119
190
318
493
547
216
718
802
646
330
379
814
152
742
968
636
925
860
401
375
528
348
180
461
604
352
433
346
434
118
830
322
429
252
621
324
736
0
449
284
310
130
445
639
774
226
557
771
345
697
724
164
343
439
990
303
918
299
830
895
193
181
782
789
516
931
968
965
612
583
492
972
947
280
370
590
720
895
612
620
706
261
976
304
463
711
439
347
447
373
675
124
263
226
464
622
430
901
673
277
378
141
344
887
624
427
457
407
399
520
485
357
496
118
747
667
789
193
648
823
935
466
240
341
339
657
880
674
881
127
269
845
760
382
989
294
714
449
0
462
636
202
473
160
559
722
507
989
560
462
890
730
886
355
126
319
373
830
123
479
378
346
485
256
913
752
757
358
982
499
618
878
432
453
843
277
330
603
861
859
534
411
569
661
815
835
287
242
899
605
411
358
520
445
368
440
549
773
341
140
955
626
729
223
215
760
372
901
696
247
406
236
551
249
168
758
660
993
329
833
930
861
643
737
658
803
423
288
626
843
498
981
711
888
756
443
531
284
462
0
449
509
855
765
989
183
772
826
819
264
754
856
696
569
804
379
129
662
191
555
210
769
509
717
158
779
212
566
270
317
784
121
648
831
968
647
855
234
269
369
922
123
310
683
231
794
116
920
585
757
822
261
372
212
548
474
753
398
894
276
732
629
937
208
772
870
261
944
294
201
112
776
478
728
231
999
933
693
567
440
282
412
358
687
965
480
270
176
962
273
132
851
725
120
627
437
267
310
636
449
0
513
347
976
585
431
658
656
298
530
425
951
526
496
515
358
601
516
446
166
432
477
584
807
204
855
791
538
380
546
730
384
525
750
670
398
656
501
846
481
875
872
652
922
813
187
816
297
633
296
135
576
613
951
678
281
650
254
863
302
334
976
302
319
384
251
145
913
325
945
879
474
822
385
799
261
951
751
540
793
882
814
1000
882
936
477
311
587
807
704
209
981
280
292
619
665
949
130
202
509
513
0
411
520
156
114
586
880
598
801
345
651
329
368
397
115
220
346
446
811
255
781
947
619
159
748
935
147
122
913
346
130
554
532
493
883
691
503
373
725
581
329
928
966
627
344
370
449
869
949
466
865
866
447
913
745
854
989
579
347
624
533
709
898
794
451
183
218
336
317
684
605
730
657
813
995
898
841
510
600
396
606
700
805
213
127
560
761
971
658
898
531
749
231
466
397
629
445
473
855
347
411
0
196
734
865
570
771
566
557
300
810
455
957
125
579
935
439
438
902
958
582
640
573
531
143
509
547
507
608
961
830
494
792
784
299
867
582
804
435
923
261
398
484
245
230
128
889
559
323
426
373
967
433
564
898
697
464
989
387
908
976
147
895
237
334
840
153
497
850
678
843
711
586
598
783
302
120
693
507
929
518
789
139
174
453
215
814
483
836
716
939
747
111
844
557
288
639
160
765
976
520
196
0
788
968
902
442
688
859
135
989
744
291
457
653
494
127
347
831
182
140
381
460
696
662
867
765
764
403
621
350
625
195
338
593
767
622
279
703
337
858
763
956
237
495
458
715
912
689
133
298
353
523
924
334
211
522
275
337
991
728
462
542
723
398
828
717
882
143
708
627
882
622
662
816
250
820
837
531
817
295
656
778
823
791
963
753
150
935
577
794
171
912
801
148
320
774
559
989
585
156
734
788
0
246
855
924
138
577
657
727
296
628
383
635
840
215
646
275
318
289
752
670
757
476
812
919
991
999
320
295
507
576
313
615
207
839
643
530
948
881
709
304
416
797
470
118
739
288
921
368
497
298
149
221
880
927
985
133
122
719
473
112
647
300
421
809
201
645
140
591
338
584
205
396
441
624
191
876
778
208
843
743
444
230
487
143
659
754
792
914
750
240
656
554
839
226
722
183
431
114
865
968
246
0
174
730
231
413
206
692
798
271
923
402
139
137
255
987
991
127
612
356
991
381
237
379
132
457
859
734
545
827
193
800
130
608
577
205
676
116
828
672
758
601
574
154
726
254
467
561
131
225
684
986
938
320
453
809
860
215
807
611
251
936
210
221
137
217
997
697
681
907
641
579
916
628
760
308
459
165
233
266
698
226
318
982
370
851
858
591
816
179
757
413
207
557
507
772
658
586
570
902
855
174
0
158
904
427
281
877
387
940
361
553
896
750
335
756
536
753
538
654
158
723
966
941
537
650
900
543
764
213
694
547
696
952
245
309
198
717
918
406
232
425
285
691
821
395
877
432
874
232
497
919
202
631
611
417
864
850
239
776
811
868
142
639
692
330
518
872
909
640
896
255
844
967
369
454
570
613
354
606
912
763
641
804
300
543
896
661
876
455
850
305
370
771
989
826
656
880
771
442
924
730
158
0
578
342
901
171
854
694
146
242
496
571
554
397
844
181
364
602
909
431
434
679
134
759
942
458
423
857
630
814
409
649
853
136
397
389
201
730
333
547
510
212
708
520
114
765
551
457
554
593
881
390
428
847
435
330
695
765
527
741
215
524
468
150
518
520
957
422
597
159
302
679
790
662
717
840
989
140
930
874
248
895
167
131
840
307
454
871
218
935
514
345
560
819
298
598
566
688
138
231
904
578
0
641
597
123
478
971
688
617
506
609
327
898
289
793
613
246
433
439
168
213
922
868
632
448
869
204
980
842
814
175
814
269
819
896
131
648
131
547
450
694
262
888
415
642
674
695
334
684
694
494
227
903
568
374
983
605
586
183
284
179
250
257
392
756
942
268
437
153
288
903
844
849
605
531
657
341
689
542
432
755
585
926
860
503
118
632
307
358
437
697
462
264
530
801
557
859
577
413
427
342
641
0
854
296
507
795
241
557
967
528
289
258
463
827
609
727
900
432
242
509
936
144
846
897
769
673
361
838
777
215
584
614
886
954
889
210
472
159
412
970
724
928
590
132
161
868
527
453
199
147
325
607
346
627
611
534
864
564
785
578
797
927
525
639
804
581
621
162
321
471
833
231
193
231
434
383
151
498
801
673
125
662
925
227
508
437
242
854
945
724
890
754
425
345
300
135
657
206
281
901
597
854
0
996
413
464
123
916
235
207
505
880
435
512
556
496
739
530
880
371
569
997
405
813
530
767
522
609
702
232
658
882
746
158
868
317
885
841
469
975
877
913
844
647
721
974
731
610
190
154
458
558
160
493
525
710
417
915
119
667
603
796
761
261
401
773
839
950
320
637
211
817
333
552
769
188
898
749
284
821
757
765
473
276
578
505
396
844
933
164
730
856
951
651
810
989
727
692
877
171
123
296
996
0
172
341
262
504
789
970
688
734
669
626
252
649
750
547
747
142
871
720
957
868
725
277
950
828
285
757
931
418
950
516
354
566
450
569
969
517
547
913
776
727
170
210
241
136
276
885
213
786
970
516
989
446
864
415
570
859
451
535
887
850
508
151
468
110
630
793
355
413
524
866
589
730
564
677
112
965
674
232
700
875
472
602
438
116
721
343
886
696
526
329
455
744
296
798
387
854
478
507
413
172
0
764
835
182
336
755
255
570
433
148
964
191
141
198
274
310
340
297
467
749
362
492
673
352
435
822
527
212
514
857
700
534
169
876
345
887
386
978
496
742
553
824
924
144
211
683
694
380
113
918
698
428
947
983
516
922
761
254
635
590
735
268
333
882
184
357
919
117
386
174
705
307
945
127
902
419
489
165
291
595
857
191
668
410
876
439
355
569
496
368
957
291
628
271
940
694
971
795
464
341
764
0
665
448
515
511
122
916
964
341
491
202
883
518
693
295
272
841
941
486
461
398
845
369
984
582
819
249
312
347
558
780
832
484
298
303
198
612
541
896
133
453
880
457
464
324
637
974
203
126
971
546
537
558
890
133
921
918
428
621
368
902
388
333
219
719
666
699
320
443
300
908
980
476
384
898
857
250
362
216
631
402
810
598
288
990
126
804
515
397
125
457
383
923
361
146
688
241
123
262
835
665
0
749
536
219
918
329
257
459
920
577
158
581
930
957
528
491
148
160
367
349
971
951
799
205
153
853
467
585
954
885
703
585
709
592
414
373
621
231
646
455
489
495
640
791
667
869
656
656
951
659
410
720
250
381
175
731
154
601
145
792
804
594
563
895
948
452
887
712
814
182
968
455
772
554
637
513
559
346
820
642
757
871
168
303
319
379
358
115
579
653
635
402
553
242
617
557
916
504
182
448
749
0
629
864
990
146
416
732
124
639
220
315
952
254
315
596
183
751
790
753
119
214
492
137
313
719
727
774
175
515
817
669
548
716
334
940
948
470
539
375
244
776
613
995
192
780
345
934
708
362
283
905
821
964
808
363
217
616
827
116
118
902
783
336
634
170
477
240
737
202
404
335
963
278
756
265
827
781
586
260
412
425
258
918
373
129
601
220
935
494
840
139
896
496
506
967
235
789
336
515
536
629
0
330
680
509
391
984
288
256
218
788
659
850
669
248
798
928
773
516
648
459
191
983
789
307
129
835
662
151
584
922
413
246
639
893
329
642
905
736
293
928
124
569
466
632
344
850
807
600
824
967
573
998
512
713
622
547
381
900
211
774
742
403
461
495
634
558
759
888
235
400
595
382
783
134
699
801
959
126
682
652
960
299
830
662
516
346
439
127
215
137
750
571
609
528
207
970
755
511
219
864
330
0
877
356
234
875
175
896
838
668
382
412
854
479
577
703
951
773
326
438
640
945
976
218
895
601
646
229
641
691
177
658
514
893
393
602
284
856
951
592
486
589
259
348
747
795
580
838
359
213
384
679
685
880
904
388
658
908
224
559
768
757
285
588
269
545
760
356
567
746
672
859
330
738
737
551
751
123
147
292
490
830
123
191
446
446
438
347
646
255
335
554
327
289
505
688
255
122
918
990
680
877
0
861
610
599
942
881
767
317
586
893
112
774
184
250
617
161
548
492
652
477
953
277
574
171
468
626
387
437
741
302
531
638
137
135
945
397
730
910
651
898
374
207
884
222
240
256
231
115
661
897
920
690
579
461
431
999
641
611
837
404
847
444
739
644
176
829
242
600
439
408
151
427
403
947
963
449
998
885
466
895
479
555
166
811
902
831
275
987
756
397
898
258
880
734
570
916
329
146
509
356
861
0
478
939
548
994
843
235
970
114
433
917
723
592
874
348
309
286
759
532
726
407
812
749
143
498
636
664
640
727
986
585
899
422
520
487
997
352
751
925
914
961
438
382
481
139
568
904
646
879
346
317
752
185
268
456
874
318
252
533
244
475
734
567
990
816
212
936
973
344
893
353
766
355
706
238
877
141
218
193
378
210
432
255
958
182
318
991
536
844
289
463
435
669
433
964
257
416
391
234
610
478
0
937
889
338
129
871
564
686
602
670
484
829
870
526
383
658
608
690
523
644
573
713
177
770
881
784
182
943
402
513
821
151
768
613
189
846
225
863
500
152
700
394
910
581
866
163
485
504
636
408
731
714
234
758
649
190
890
632
748
848
932
841
845
791
804
782
533
979
440
708
841
936
855
515
542
289
472
181
346
769
477
781
582
140
289
127
753
181
793
827
512
626
148
341
459
732
984
875
599
939
937
0
669
461
957
591
887
817
252
238
414
660
910
212
376
355
725
919
484
242
901
808
640
467
998
246
864
223
132
333
914
815
998
235
817
404
851
354
986
589
515
152
232
343
968
173
440
966
577
666
186
359
323
415
549
792
678
832
808
446
586
424
178
415
839
671
215
222
981
932
388
568
407
239
674
184
146
782
485
509
584
947
640
381
752
612
538
364
613
609
556
252
964
491
920
124
288
175
942
548
889
669
0
381
746
205
327
147
387
331
608
445
319
813
347
852
481
899
890
818
119
862
760
457
945
395
592
903
418
660
529
822
911
469
965
907
653
362
755
821
997
848
710
758
822
402
747
292
806
444
872
219
226
889
161
540
905
746
604
719
395
571
855
484
293
891
481
515
833
677
268
292
580
489
762
814
147
789
256
717
807
619
573
460
670
356
654
602
246
727
496
649
191
202
577
639
256
896
881
994
338
461
381
0
841
605
966
797
487
827
743
693
221
143
639
651
590
504
405
704
453
993
529
889
821
534
138
237
517
688
608
755
965
601
396
247
789
910
449
446
654
856
175
633
834
613
640
764
126
741
691
754
452
307
516
780
174
281
606
193
721
985
241
143
835
154
625
939
264
164
440
404
981
588
988
366
398
516
913
158
204
159
531
696
757
991
158
909
433
900
739
750
141
883
158
220
218
838
767
843
129
957
746
841
0
423
419
969
818
191
257
380
573
259
667
922
1000
497
699
128
114
416
309
138
268
368
813
340
639
210
381
494
481
283
963
520
311
339
565
453
940
542
314
795
893
684
567
781
525
414
385
707
726
156
958
685
973
803
668
246
184
647
923
248
132
486
283
158
453
272
233
708
268
394
613
745
295
931
752
779
855
748
143
662
476
381
723
431
439
432
530
547
198
518
581
315
788
668
317
235
871
591
205
605
423
0
596
551
956
148
411
564
860
171
132
217
290
876
354
774
200
619
866
767
204
167
935
497
999
208
252
151
657
852
870
816
474
265
535
549
169
243
339
910
526
649
853
707
920
280
656
635
764
540
682
833
265
553
460
779
877
122
730
396
375
871
712
233
776
737
214
758
564
838
298
919
422
968
757
212
791
935
509
867
812
237
966
434
168
242
880
747
274
693
930
952
659
382
586
970
564
887
327
966
419
596
0
244
468
930
467
646
396
181
538
680
545
541
172
844
915
196
485
417
658
488
784
739
459
964
367
679
295
734
869
898
211
190
400
465
267
201
518
328
678
956
698
850
302
723
356
798
183
842
835
781
823
534
982
924
696
627
432
785
640
271
429
998
634
187
408
872
148
869
982
758
460
965
358
566
538
147
547
765
919
379
941
679
213
509
371
142
310
295
957
254
850
412
893
114
686
817
147
797
969
551
244
0
