0
992
540
437
188
508
667
542
0
683
397
965
729
527
965
955
981
513
284
0
135
806
609
261
635
701
750
234
458
846
446
609
955
597
736
126
167
104
650
958
201
410
994
781
381
954
678
662
841
512
592
294
370
121
287
737
662
357
606
668
565
923
750
246
358
399
693
522
105
606
371
181
855
694
313
385
454
215
343
243
154
765
891
350
542
246
113
201
571
582
313
979
894
717
0
811
416
351
214
862
992
0
695
525
939
644
998
624
667
676
422
932
669
395
487
648
899
606
603
236
828
919
611
351
156
539
588
546
994
935
441
318
143
155
453
709
680
845
854
106
610
746
864
747
498
593
416
731
167
645
791
826
174
787
905
199
100
597
239
350
661
582
367
383
499
646
200
553
525
809
158
167
168
713
619
869
588
760
304
362
796
900
464
654
979
618
678
644
232
618
254
866
618
863
237
301
971
730
953
207
540
695
0
953
647
502
318
897
196
232
390
512
166
735
387
152
868
494
699
339
577
607
973
420
661
568
344
794
928
478
461
704
245
996
861
765
256
568
794
918
497
431
206
182
984
679
607
692
138
848
602
462
0
572
763
597
433
167
964
829
935
733
919
348
113
667
287
592
188
224
512
762
294
464
920
460
167
619
909
711
154
831
491
189
297
778
433
613
775
672
542
618
425
717
959
211
634
370
399
464
437
525
953
0
662
335
602
198
935
270
0
294
652
200
497
150
0
965
887
675
663
567
982
964
732
394
426
848
173
397
964
412
160
0
451
200
889
479
215
696
132
670
101
644
0
538
708
509
761
531
383
406
308
755
847
794
615
250
865
173
547
766
0
873
711
711
729
620
353
946
270
0
627
506
805
225
527
968
165
863
733
632
426
903
870
553
612
573
567
808
630
340
517
986
475
591
790
0
221
878
188
939
647
662
0
938
829
693
627
873
433
0
802
759
272
799
0
748
173
109
261
979
163
467
153
931
0
374
762
500
195
460
331
0
516
514
935
539
474
900
456
386
831
952
326
195
282
672
958
596
253
669
909
225
206
807
163
744
0
435
896
162
153
932
980
354
682
568
711
737
548
266
123
745
698
459
495
814
639
653
138
939
365
537
812
279
584
798
280
611
552
463
485
157
514
506
473
996
154
813
508
644
502
335
938
0
255
383
959
317
0
967
937
780
666
272
672
113
641
425
816
0
0
852
780
436
721
987
0
675
966
226
869
928
136
133
0
103
846
545
255
595
978
656
634
225
444
544
944
655
0
751
303
152
195
433
358
914
0
509
767
304
188
125
552
479
623
546
284
261
168
294
569
247
513
0
812
431
333
844
437
781
254
324
696
880
989
0
302
0
698
651
558
147
580
210
915
597
577
355
667
998
318
602
829
255
0
115
171
255
875
480
784
0
412
816
661
671
537
798
849
544
552
578
763
936
685
301
873
593
734
871
802
687
0
0
421
490
945
0
672
734
0
157
215
445
196
358
602
848
817
685
802
189
649
753
554
203
474
746
739
460
0
913
966
326
368
974
964
101
890
214
226
737
277
640
734
561
112
831
751
305
650
157
541
944
0
183
893
143
890
208
822
328
940
288
232
919
513
209
542
624
897
198
693
383
115
0
196
522
705
732
238
565
144
934
840
819
970
351
0
500
682
664
775
179
203
138
629
886
347
965
162
869
795
942
702
586
546
983
309
232
182
166
204
960
186
138
134
585
647
510
919
834
486
492
981
623
414
384
325
996
877
825
776
129
672
658
366
723
464
624
219
443
494
438
647
260
942
656
692
250
933
477
315
926
317
764
219
122
189
248
587
133
746
183
517
338
738
604
0
667
196
935
627
959
171
196
0
677
0
794
159
0
477
430
809
343
111
936
966
928
952
786
324
573
232
956
517
850
510
768
248
895
338
528
547
239
978
209
538
437
963
838
628
941
518
493
730
628
295
219
0
818
659
342
0
388
627
430
798
116
948
275
364
333
185
0
653
0
324
283
241
925
257
215
263
144
249
262
638
521
848
196
859
944
756
454
886
711
865
0
616
161
851
228
187
981
297
632
683
676
232
270
873
317
255
522
677
0
336
597
130
274
796
632
214
551
213
496
684
574
562
261
714
979
598
380
556
395
989
319
941
767
749
858
845
750
352
195
692
270
925
504
495
373
285
686
268
941
0
981
182
394
396
115
174
188
452
452
637
396
879
519
913
963
894
875
139
556
365
208
281
522
123
401
914
170
348
845
859
925
346
501
543
959
738
612
658
741
657
646
709
274
721
653
768
0
125
804
397
422
390
0
433
0
875
705
0
336
0
305
852
572
328
757
978
654
0
435
567
817
920
876
0
239
524
621
0
756
724
544
834
817
337
830
812
803
715
337
848
191
962
572
160
447
172
945
662
334
315
678
270
449
501
274
824
231
832
0
992
0
0
311
399
185
287
0
434
390
934
890
521
0
786
862
107
774
419
671
489
477
0
786
914
687
200
693
893
415
454
434
199
302
577
129
677
455
402
378
965
932
512
294
0
967
480
732
794
597
305
0
752
362
773
673
125
379
179
790
693
560
634
248
486
907
845
225
128
559
328
796
939
244
612
559
146
320
879
929
336
471
477
731
415
447
903
127
986
428
460
314
422
183
822
476
410
984
789
733
780
131
495
568
887
545
234
224
746
136
375
294
463
292
840
327
533
967
585
503
617
334
731
153
742
514
176
576
704
152
162
541
342
723
341
750
428
479
351
699
729
669
166
652
802
937
784
238
159
130
852
752
0
729
963
537
799
591
594
484
156
320
821
254
814
971
723
968
631
653
650
995
706
959
924
160
413
519
865
509
127
0
474
336
491
218
844
744
709
0
456
138
309
951
613
381
350
481
931
351
971
727
461
898
556
628
289
499
755
854
277
913
0
738
223
538
271
637
776
550
215
0
0
898
961
268
161
818
852
176
0
340
615
441
563
877
100
274
134
865
527
395
735
200
759
780
0
565
0
274
572
362
729
0
531
753
616
336
401
970
427
655
945
372
969
565
239
848
871
777
624
961
572
966
581
545
454
466
596
363
250
431
544
845
844
427
343
256
503
795
453
586
848
664
473
949
564
681
898
690
653
445
797
876
208
569
0
0
504
198
508
594
783
381
856
838
106
203
373
965
0
654
522
998
646
332
510
619
0
469
0
811
0
828
854
767
316
252
306
117
965
487
387
497
272
666
412
144
477
796
328
773
963
531
0
382
587
919
699
597
203
571
895
512
156
530
488
466
243
761
849
221
987
563
566
180
638
382
989
661
712
789
154
951
573
249
582
564
411
315
128
572
402
831
298
319
463
799
807
587
794
147
973
715
345
911
942
460
820
122
739
859
878
375
311
746
358
664
712
359
680
947
635
295
769
288
103
982
858
839
455
729
471
212
452
533
650
915
260
694
955
648
152
150
799
272
816
934
430
632
757
673
537
753
382
0
920
178
204
231
688
176
963
114
312
659
0
942
112
833
829
198
609
904
982
339
960
856
985
869
538
846
386
603
865
270
603
896
253
456
268
415
422
189
257
381
335
303
104
591
624
108
693
236
187
497
397
738
104
984
541
732
857
713
849
819
831
632
313
311
600
438
296
941
757
0
436
896
391
816
0
967
401
547
118
277
173
156
461
854
981
899
868
0
0
672
661
840
809
214
978
125
799
616
587
920
0
267
146
479
978
789
749
602
0
0
314
867
758
515
696
787
631
225
628
105
361
132
380
434
855
890
562
944
523
732
449
958
810
604
0
602
459
862
393
630
749
493
228
296
971
509
0
611
514
233
0
675
866
445
851
882
905
698
612
577
0
499
761
447
481
953
671
658
603
507
660
139
928
987
0
150
674
628
0
297
819
0
260
537
513
606
494
965
748
113
671
819
343
551
654
379
591
336
919
178
267
0
483
952
630
909
851
258
930
318
286
461
431
459
213
994
730
602
546
296
638
589
531
561
543
616
452
147
101
797
476
606
964
697
138
552
982
154
108
104
394
426
992
422
453
235
853
547
248
782
148
596
543
592
306
860
316
191
975
300
839
193
908
185
785
950
850
470
147
240
383
463
994
410
534
840
738
147
152
116
676
362
804
202
284
603
699
887
173
641
537
970
111
213
0
179
594
401
699
204
146
483
0
970
0
325
148
133
599
0
679
944
299
606
255
699
903
464
959
209
847
352
207
974
213
639
490
146
619
164
811
120
778
185
876
344
754
703
964
629
735
962
975
321
538
354
0
449
304
747
246
494
0
754
132
632
522
931
873
726
561
0
240
289
450
988
549
336
196
954
0
0
333
105
867
998
914
277
0
653
890
238
0
498
0
236
339
675
109
425
798
351
936
496
435
790
484
970
597
231
479
952
970
0
763
248
302
946
157
607
234
110
614
899
805
568
911
327
598
306
0
939
590
238
896
460
823
0
583
723
910
224
236
637
882
194
870
261
800
807
309
526
416
459
483
782
124
918
225
685
340
462
372
568
978
578
860
128
699
573
731
581
118
588
831
750
637
373
835
843
0
411
532
115
443
854
162
658
957
216
974
602
934
865
135
828
577
663
261
816
849
0
966
684
567
693
156
427
203
688
978
630
0
763
0
341
163
202
607
122
0
681
823
677
506
107
541
705
131
628
139
555
825
155
139
280
823
155
549
771
254
566
613
309
226
537
764
758
640
650
485
103
991
576
165
149
711
231
557
192
819
297
649
454
272
822
241
839
474
656
799
534
907
317
278
583
500
845
657
981
536
557
191
470
428
0
846
741
761
546
0
625
479
989
806
919
607
567
979
0
544
500
928
574
817
560
320
655
571
176
789
909
325
248
341
0
427
203
0
708
733
783
815
919
274
569
0
679
472
616
617
412
874
266
289
920
323
327
630
599
364
760
438
646
247
475
163
518
205
554
690
911
444
182
335
604
851
0
235
203
863
884
168
334
406
614
915
667
702
580
727
130
882
962
868
459
965
315
218
799
613
206
744
736
421
817
612
747
230
975
352
392
679
354
609
611
973
982
163
0
552
682
952
562
920
634
821
945
895
963
749
851
148
302
163
427
0
299
273
351
259
646
183
132
820
747
203
0
683
448
677
219
970
445
258
872
263
566
663
885
814
223
603
999
0
0
829
803
378
902
501
911
908
602
308
439
0
440
812
110
836
481
291
0
677
871
549
648
874
898
0
863
449
921
553
587
826
173
584
958
471
371
800
961
740
575
614
842
592
127
125
538
476
770
261
351
420
964
467
852
578
664
786
261
876
248
254
372
512
114
602
258
133
946
202
203
299
0
909
633
874
857
861
846
208
770
174
809
781
235
994
984
476
306
290
883
819
100
312
726
545
585
790
462
219
318
600
588
415
983
869
435
550
390
465
812
759
860
332
258
555
331
317
170
483
263
757
642
184
947
346
743
608
650
704
438
409
881
511
210
279
231
170
475
634
635
911
1000
754
489
475
596
553
720
635
156
661
732
153
780
763
775
324
714
0
486
814
969
156
312
0
930
599
157
607
0
273
909
0
264
0
371
868
850
399
772
480
750
916
386
0
539
997
587
148
0
273
869
763
665
221
914
354
521
530
540
620
751
846
532
552
170
694
0
504
0
788
517
658
815
511
905
189
567
468
398
692
698
257
705
0
999
950
0
271
938
855
0
950
768
452
179
544
568
922
896
371
730
670
426
768
403
594
132
701
539
568
394
931
436
936
179
573
979
239
907
971
565
530
659
0
318
0
607
122
708
351
633
264
0
658
615
593
301
828
458
661
659
879
506
204
248
637
980
370
209
352
197
489
737
0
987
487
629
689
212
558
112
190
183
0
651
623
366
465
433
368
901
661
795
236
747
351
830
0
873
497
824
832
866
253
215
512
966
283
163
706
343
878
390
598
849
723
760
869
301
362
319
975
945
738
553
115
881
750
588
344
426
0
721
685
203
232
598
524
845
723
239
488
0
314
286
679
234
0
733
259
874
0
658
0
180
703
327
838
973
900
158
855
932
244
109
0
942
475
642
278
584
207
410
138
440
125
554
619
290
864
265
440
0
0
769
0
402
321
378
620
135
281
635
244
310
659
573
156
491
230
0
572
289
774
116
234
989
263
535
863
508
657
436
936
0
649
262
369
526
0
924
624
958
0
863
472
621
234
546
794
848
374
987
301
138
956
380
621
225
968
848
466
942
867
461
944
110
681
783
646
857
371
615
180
0
476
387
347
511
606
916
802
347
823
582
693
752
998
945
747
431
215
990
596
334
656
183
553
884
801
386
775
940
875
523
480
992
527
558
277
957
144
278
565
295
109
821
353
599
880
504
452
447
337
0
805
323
724
677
286
153
717
734
688
482
216
917
203
566
255
128
769
662
979
892
0
0
458
994
928
173
762
0
873
629
517
556
0
128
631
871
243
112
758
431
299
614
823
815
183
861
868
593
703
476
0
1000
519
388
851
0
169
908
296
126
0
621
928
254
969
454
841
0
395
857
591
421
272
131
230
492
372
695
879
826
370
359
851
440
487
775
314
199
448
774
0
236
817
457
166
879
144
447
733
994
945
404
746
218
873
158
472
453
903
0
166
0
416
178
795
177
824
584
895
448
900
313
846
935
478
397
500
675
593
886
850
395
756
559
653
777
761
833
515
459
606
899
677
919
132
846
850
301
327
387
1000
0
110
135
568
0
832
873
0
844
149
678
764
882
804
432
199
527
0
747
658
810
410
608
906
644
237
126
377
273
0
787
728
671
829
845
263
0
117
691
730
530
953
700
389
171
0
213
198
186
980
140
382
154
671
440
318
859
579
281
990
851
749
607
286
943
305
620
810
852
0
173
446
441
461
964
195
966
734
347
510
989
724
328
650
624
849
829
696
213
255
805
506
274
820
208
399
828
838
347
519
110
0
958
928
939
386
681
176
762
151
816
180
198
0
129
980
243
630
448
176
329
450
995
858
109
236
636
284
744
221
987
269
440
279
164
395
478
282
697
171
301
154
590
436
134
248
343
718
194
570
441
631
345
338
178
803
724
425
267
210
491
757
912
816
643
320
136
274
377
322
780
609
318
704
412
460
226
871
965
768
319
544
796
995
961
221
198
787
994
699
568
107
569
747
770
772
458
973
511
388
135
958
0
849
965
753
904
522
856
841
450
562
356
274
940
239
265
322
258
612
188
767
688
350
182
645
606
843
380
231
790
991
383
601
779
908
779
799
599
138
244
371
141
241
992
344
284
271
781
451
145
717
749
978
532
935
735
802
298
276
895
556
957
879
581
290
156
360
375
896
489
955
143
245
160
331
869
802
162
248
941
834
939
706
572
987
609
631
730
903
911
541
0
203
174
480
661
900
606
851
568
928
849
0
754
618
669
0
774
618
747
727
870
858
197
975
520
780
991
776
161
186
767
606
384
731
481
831
383
872
322
111
227
466
463
891
633
273
855
332
700
687
155
480
741
474
776
751
249
354
609
806
954
867
280
851
412
659
629
941
940
196
235
658
235
148
490
148
758
519
332
597
155
996
0
0
928
687
869
895
767
817
244
959
966
563
904
225
602
464
327
705
679
0
809
750
659
158
916
0
0
939
965
754
0
0
772
271
585
586
222
0
678
101
141
546
583
899
925
567
905
977
0
647
564
795
311
468
181
959
721
289
334
756
955
771
833
457
670
802
565
566
488
578
0
321
285
0
181
271
669
655
646
350
0
882
0
0
123
653
417
233
897
445
451
146
892
613
838
155
646
736
453
861
451
516
136
0
795
338
749
337
612
924
581
566
982
628
546
959
598
131
472
683
781
916
879
855
802
169
832
386
753
618
0
0
745
222
205
808
709
417
766
996
194
288
662
431
759
748
0
203
349
0
431
558
775
462
633
738
0
126
315
0
553
974
471
810
874
0
156
159
337
661
774
665
915
473
304
924
810
728
589
844
328
404
517
920
466
276
866
852
996
648
829
0
197
644
461
387
126
126
709
765
200
514
133
0
942
528
858
830
559
160
545
180
339
105
296
209
306
628
616
448
235
386
506
932
347
908
873
681
904
669
772
745
0
0
810
208
697
987
709
790
439
313
266
341
880
904
471
0
102
400
569
637
302
617
0
231
298
315
616
106
428
237
0
656
839
762
238
755
964
0
0
872
517
777
919
854
172
280
522
998
238
781
176
824
575
374
0
537
481
249
966
604
762
345
927
276
242
167
680
256
889
935
0
421
702
547
845
812
146
413
454
638
960
361
638
847
0
139
617
677
994
0
204
244
823
296
0
176
522
0
271
222
0
0
579
0
832
751
194
493
694
103
143
473
903
439
659
391
245
901
406
790
989
0
812
715
506
168
136
660
919
434
509
0
798
0
164
995
540
965
851
0
0
996
301
385
0
755
800
406
447
100
821
862
876
0
838
0
653
847
653
776
567
943
669
0
445
104
845
568
479
539
103
490
586
239
750
803
320
519
466
382
856
132
589
352
939
555
412
219
984
539
248
109
582
126
844
762
856
774
585
205
810
579
0
695
315
374
914
286
587
208
131
786
255
630
800
0
0
409
791
795
337
774
271
151
475
936
628
758
768
168
628
842
738
336
694
234
211
189
939
772
290
943
664
293
139
208
174
383
404
733
318
753
366
864
502
363
917
590
961
370
829
0
0
641
619
650
854
794
215
474
846
945
546
978
352
715
879
865
596
989
985
380
531
207
590
825
874
970
476
997
637
0
693
0
149
151
841
618
586
808
208
0
695
0
508
722
434
659
879
0
186
967
156
134
503
710
0
569
149
398
299
519
0
690
239
145
908
0
0
444
897
110
632
0
738
839
845
555
116
564
964
649
650
660
110
997
236
943
197
321
891
0
428
263
698
238
722
284
451
892
116
810
0
0
391
958
106
918
696
900
545
0
983
209
195
337
929
509
363
661
869
434
561
974
238
155
266
445
306
587
980
942
752
621
678
816
450
747
222
709
697
832
315
508
0
889
255
204
823
516
474
168
405
291
578
808
540
570
309
399
574
407
629
283
109
305
348
921
881
560
242
315
986
630
727
141
191
240
844
894
948
875
392
403
0
490
483
100
336
600
728
0
227
292
147
257
716
195
383
887
213
259
956
103
785
201
610
497
132
456
255
672
309
538
692
848
336
127
250
712
538
855
543
213
896
139
289
258
290
148
370
475
998
928
764
180
562
727
0
417
987
751
374
722
889
0
806
613
564
935
204
440
667
469
551
206
525
574
673
447
353
183
118
382
813
684
203
127
709
240
1000
798
611
376
372
284
985
262
721
818
788
202
269
451
164
935
713
531
119
119
283
113
320
583
696
514
226
257
995
733
550
266
465
665
217
410
746
431
670
386
595
734
232
437
270
191
471
0
431
789
846
890
616
639
460
280
920
872
883
0
209
642
945
254
882
198
356
870
678
766
709
194
914
434
255
806
0
922
0
650
0
471
271
643
754
830
509
681
756
485
453
291
0
726
0
888
913
757
461
0
521
210
0
907
491
267
658
888
550
342
876
946
740
580
488
860
969
285
405
256
451
0
897
871
716
934
0
478
927
989
970
405
725
951
612
994
864
206
101
831
978
0
182
963
925
962
477
474
544
154
386
562
452
490
823
823
323
263
819
273
352
278
747
969
804
0
274
858
101
996
790
493
286
659
204
613
922
0
515
406
544
154
651
562
253
879
0
547
774
970
987
104
136
0
717
520
184
0
964
679
486
868
882
0
0
670
909
105
240
201
918
868
941
377
553
100
209
618
0
850
459
265
516
585
863
0
155
470
390
718
245
428
158
187
536
781
747
182
644
952
656
157
166
838
504
572
731
336
845
951
603
944
147
146
0
155
327
566
100
869
197
584
431
454
432
129
940
197
141
194
439
694
587
879
823
564
0
515
0
190
862
644
830
134
241
0
272
547
112
346
503
484
373
559
318
100
208
885
241
663
949
323
928
218
299
108
191
907
959
465
917
530
207
560
146
621
593
507
180
134
531
165
489
371
767
178
0
567
509
521
0
566
0
507
194
381
498
984
0
326
634
215
204
628
495
160
415
491
844
573
865
523
101
619
583
549
630
663
312
763
489
207
215
841
199
980
239
975
546
288
313
103
208
0
516
935
650
406
190
0
529
910
750
563
180
604
910
961
180
778
303
869
0
277
718
677
0
453
644
905
511
594
953
0
993
591
259
938
360
799
775
839
0
979
524
806
0
665
437
259
422
122
696
399
808
385
551
396
108
425
129
898
979
435
405
954
593
679
538
195
225
445
960
941
373
447
447
218
427
249
270
732
797
164
723
771
599
885
726
665
737
410
990
0
527
243
265
520
583
662
266
143
131
186
474
204
0
544
862
529
0
790
868
502
841
423
573
159
604
660
179
0
0
932
697
269
771
774
788
297
966
287
344
232
434
246
157
298
588
633
924
899
806
979
820
281
852
756
932
946
253
366
957
474
345
226
0
999
405
101
678
623
253
698
896
678
416
607
708
282
444
196
186
518
285
172
903
844
343
582
603
449
476
811
910
254
364
814
545
221
0
138
596
395
0
630
322
780
899
431
341
473
786
967
168
440
471
154
644
910
790
0
297
577
684
370
767
896
134
312
112
388
459
530
874
129
684
350
774
185
218
592
726
915
298
863
625
728
341
795
721
429
889
595
938
624
802
802
902
597
620
889
997
290
644
914
812
110
716
475
723
252
556
148
379
662
731
692
509
672
544
358
138
493
686
945
127
744
256
564
896
958
606
120
224
566
760
223
585
914
987
440
334
857
747
448
258
991
925
759
880
903
255
156
405
667
271
651
830
750
868
297
0
796
500
316
385
501
971
353
862
203
913
608
0
996
824
897
572
181
984
643
0
909
313
837
785
649
682
140
754
997
844
662
637
145
561
238
327
413
620
472
274
476
905
994
776
274
304
555
0
265
980
669
234
841
167
138
761
958
944
602
134
730
268
662
986
709
503
411
253
810
964
778
236
613
438
603
790
354
487
125
656
591
658
176
612
776
567
748
904
439
630
134
291
469
643
562
134
563
502
577
796
0
855
650
394
263
689
332
487
122
131
653
860
601
317
283
364
987
777
257
873
141
136
362
669
905
337
940
358
820
785
235
929
981
877
527
845
849
654
699
786
701
641
279
678
142
529
483
384
971
696
900
858
512
645
848
531
596
655
848
585
628
941
334
428
0
795
315
456
604
697
185
637
309
646
999
462
521
629
554
183
421
810
329
188
161
905
0
471
659
800
503
578
551
754
253
241
180
841
684
500
855
0
334
663
818
739
685
667
959
412
437
599
313
375
0
880
756
452
763
195
515
868
942
540
941
368
676
745
224
426
593
243
935
598
903
628
443
188
822
361
758
0
847
340
0
367
626
187
187
956
590
769
592
791
602
383
253
0
817
647
295
0
315
460
456
453
128
268
0
138
876
882
226
247
0
219
530
689
619
553
272
410
450
767
186
977
203
0
391
0
710
808
206
830
879
0
604
423
370
316
650
334
0
742
954
541
975
314
396
0
733
664
450
351
769
654
187
833
985
497
242
527
872
422
677
196
100
973
516
592
253
917
933
690
709
836
767
822
360
883
586
834
566
992
335
833
791
571
546
426
386
858
294
826
462
406
669
751
685
510
219
981
678
314
138
586
572
415
602
552
344
194
537
475
0
318
540
212
290
884
131
608
995
688
767
0
349
102
245
0
0
540
525
509
0
272
910
573
767
385
394
663
742
0
809
801
576
865
338
267
790
396
545
712
0
371
0
386
524
516
142
533
312
801
251
921
401
232
628
935
299
949
632
820
335
577
990
601
0
830
164
597
763
236
269
639
974
838
0
411
789
180
370
174
0
308
909
303
802
919
0
182
270
422
309
848
402
422
459
982
754
870
764
163
829
600
620
558
864
801
230
906
858
350
606
647
0
400
901
409
569
570
574
681
547
547
961
159
896
501
263
818
954
809
0
746
265
916
764
559
804
603
647
320
542
668
822
751
432
0
303
564
305
473
222
904
0
824
197
0
114
223
608
0
613
669
767
395
0
680
136
622
0
616
663
882
375
306
853
696
949
412
121
787
572
755
225
152
189
834
818
394
449
183
951
664
831
189
862
154
703
261
758
518
803
588
751
112
265
386
492
644
109
182
384
564
431
569
406
791
149
309
673
756
774
112
180
604
134
971
689
739
541
801
746
0
390
0
800
518
472
0
645
549
990
503
132
854
772
527
225
486
595
579
699
981
101
801
799
966
527
337
105
690
462
945
803
784
660
902
449
859
192
746
1000
246
245
292
230
467
488
188
287
905
763
847
206
195
649
486
659
396
501
822
613
473
298
257
393
108
964
800
640
205
378
415
846
190
440
775
372
237
236
645
731
795
558
637
790
795
398
399
447
485
970
346
778
660
312
353
332
685
975
576
265
390
0
209
626
470
361
545
912
547
453
950
845
332
150
428
348
298
342
219
814
634
867
814
463
431
912
669
422
219
780
391
353
436
357
500
610
272
354
153
493
893
323
723
812
436
511
274
737
199
597
794
807
433
753
492
342
115
274
476
381
949
319
381
630
104
629
807
650
554
902
983
532
183
0
940
695
126
636
606
481
311
775
302
989
337
299
574
353
453
987
503
303
179
112
862
487
667
314
865
916
0
209
0
652
984
261
0
731
385
145
833
349
770
891
830
425
404
555
877
308
880
775
142
173
842
691
769
576
692
716
607
660
458
343
353
332
487
205
476
173
647
984
363
351
277
600
893
662
100
433
615
163
358
554
981
0
174
824
410
350
564
463
335
749
394
735
309
485
690
501
869
552
0
0
875
879
377
284
843
831
468
462
617
0
774
519
407
183
291
104
484
869
0
388
203
122
959
396
338
764
800
626
652
0
0
844
523
244
732
337
768
490
670
261
492
964
214
842
838
565
364
0
232
150
499
571
0
872
590
467
453
411
492
0
477
854
391
850
170
0
422
0
379
422
504
667
540
357
597
167
250
744
914
203
623
388
188
231
984
481
681
799
303
493
426
962
526
103
911
911
435
170
651
769
523
826
273
744
380
383
181
633
0
812
271
0
629
118
0
136
373
0
0
459
913
131
412
0
267
559
518
470
984
0
0
824
892
900
268
920
290
266
553
181
293
307
677
0
296
347
695
252
628
257
0
114
0
199
263
793
612
700
629
231
0
265
273
0
933
336
769
567
174
653
920
883
311
606
239
964
865
0
0
474
414
627
452
832
789
931
898
807
104
228
992
975
416
991
444
908
550
694
623
0
480
370
0
221
231
872
959
738
231
715
151
690
283
382
726
0
559
277
932
530
608
653
437
733
790
804
472
361
261
844
824
0
420
865
893
905
559
383
525
858
119
331
517
418
506
902
206
305
804
141
914
442
411
210
504
672
178
666
172
640
786
866
448
472
632
268
653
615
220
651
207
794
216
668
350
829
173
435
509
746
384
430
452
0
733
351
690
587
591
296
422
321
459
576
182
602
390
0
366
402
992
359
787
987
790
322
721
0
298
506
475
239
109
813
0
717
318
718
697
874
0
860
599
664
396
603
0
545
0
523
892
420
0
469
646
0
717
494
186
784
678
262
313
418
595
582
670
0
883
609
190
857
866
0
114
909
531
921
115
451
287
673
0
839
381
674
765
750
497
592
594
653
373
565
661
935
547
896
767
739
325
798
637
992
780
971
653
794
624
971
453
538
483
165
335
308
465
504
465
321
527
851
728
269
991
111
289
126
315
168
936
145
305
684
888
520
100
677
269
129
996
601
313
450
545
647
645
912
731
244
900
865
469
0
923
0
563
113
229
703
288
921
746
455
769
133
283
366
337
634
907
435
509
339
825
612
668
785
738
891
893
0
569
639
867
330
517
732
415
513
259
733
858
923
582
733
766
162
304
460
996
116
396
0
131
727
445
147
108
509
235
354
782
149
604
439
812
0
433
378
558
440
671
440
383
227
334
315
616
136
628
908
348
203
913
184
208
0
771
684
824
317
375
351
712
320
549
547
385
732
268
893
646
923
0
285
526
947
552
875
236
443
117
282
821
157
224
596
353
243
844
137
0
229
263
235
0
815
974
0
843
298
807
164
103
825
891
233
211
812
392
654
832
750
367
919
0
153
188
0
877
948
879
0
495
461
797
973
693
0
853
0
124
711
851
0
759
788
368
620
277
487
829
279
601
466
756
0
106
660
758
0
921
127
757
0
885
453
774
350
897
283
0
769
0
542
990
453
145
337
920
905
0
0
285
0
621
0
883
434
675
497
521
0
989
360
927
740
0
642
315
373
226
574
101
183
820
691
497
988
537
417
787
203
147
806
192
797
210
992
618
620
629
246
383
348
873
932
125
913
825
275
519
311
568
898
876
715
236
611
547
449
918
231
0
440
860
517
901
135
957
775
845
164
779
463
955
553
428
919
768
0
881
709
461
964
241
644
788
774
572
364
880
654
371
668
503
950
833
768
290
559
717
563
526
621
0
585
486
798
394
913
116
761
969
651
803
852
984
916
971
482
825
222
402
738
906
782
846
874
469
607
658
760
225
240
984
480
211
607
744
640
939
358
499
113
711
980
552
966
776
364
913
399
887
556
208
345
187
514
248
304
225
557
235
812
332
658
661
281
144
314
263
395
908
891
771
974
237
434
168
444
560
240
0
679
663
905
297
185
181
987
756
187
0
822
132
845
349
490
266
383
494
113
947
0
585
0
116
654
0
219
977
584
825
110
878
716
376
506
543
0
0
981
280
527
262
307
236
674
547
353
433
525
275
922
916
411
313
571
637
0
605
399
646
667
711
354
479
326
129
333
963
185
545
628
569
911
497
233
782
747
685
192
203
110
258
815
795
635
278
199
0
478
779
633
833
471
0
509
628
897
242
1000
521
486
949
511
966
218
984
777
452
833
386
751
854
332
770
670
553
525
186
229
552
883
486
116
0
201
584
163
252
605
231
562
579
753
0
872
205
962
460
783
315
625
956
113
335
679
703
867
305
796
967
972
873
890
713
683
988
0
160
693
200
287
729
682
623
368
672
185
894
287
234
289
0
942
397
0
148
246
340
819
863
836
555
511
236
244
565
448
117
282
799
273
457
810
656
0
842
110
315
798
210
868
323
594
287
592
643
257
763
985
524
432
772
150
891
261
181
858
784
703
875
434
798
654
201
0
751
991
665
901
789
225
287
374
693
392
307
713
610
621
212
212
502
755
576
257
262
790
0
0
433
220
838
192
555
171
205
956
743
522
553
592
620
568
546
974
658
0
875
0
224
499
0
460
738
675
596
494
462
297
884
481
331
905
747
310
295
774
691
697
599
855
670
874
839
798
738
632
986
611
0
882
928
953
344
726
0
873
195
497
516
0
527
428
830
492
293
119
678
288
236
675
394
0
584
751
0
884
771
470
765
859
747
991
0
519
835
390
908
690
587
218
846
705
0
888
785
343
929
878
493
341
611
584
654
971
152
269
0
105
525
188
353
711
284
964
366
653
139
434
746
755
504
820
104
866
543
0
372
649
168
291
317
189
351
659
109
0
730
171
138
332
802
0
762
0
336
0
630
376
907
0
218
0
232
915
909
141
515
242
142
303
225
348
425
964
307
331
262
921
443
497
913
219
163
991
884
0
379
943
655
931
758
587
685
202
929
177
467
706
260
681
496
888
599
529
518
0
748
151
835
962
621
471
683
878
228
978
344
606
809
224
946
737
261
101
723
0
556
390
136
854
198
122
984
445
592
754
568
454
334
0
170
567
830
573
821
236
530
301
244
700
565
156
238
164
694
738
727
372
491
0
299
993
434
298
313
136
868
527
533
564
486
298
404
214
677
517
313
746
117
521
116
977
252
665
771
379
0
339
615
945
666
995
477
0
0
521
880
300
116
0
655
509
753
332
945
962
743
0
852
614
237
729
0
653
209
703
328
371
158
512
270
548
168
890
464
324
365
934
375
277
508
739
541
851
306
132
978
272
406
677
483
468
0
156
353
817
953
154
371
687
566
159
755
995
234
839
141
284
267
670
108
591
246
863
837
362
942
872
312
305
595
342
555
842
0
418
418
455
282
0
761
584
605
901
470
943
339
0
321
851
301
144
471
380
817
965
480
568
639
397
216
861
378
267
267
242
119
643
668
421
530
105
578
203
586
446
369
181
167
762
0
266
294
214
624
283
208
890
294
913
594
859
732
882
860
632
578
822
614
871
263
398
873
491
599
457
700
590
141
155
488
337
964
540
211
845
191
985
658
909
191
259
157
625
785
669
540
422
801
473
579
219
877
838
296
506
595
769
821
989
969
825
231
789
765
655
615
321
0
258
843
322
747
826
185
624
270
466
918
295
925
140
172
851
807
242
420
309
949
219
547
176
863
467
980
935
580
855
168
294
627
123
569
226
219
241
281
521
463
0
783
878
857
905
316
522
860
241
915
549
757
692
497
230
880
166
389
436
241
480
578
661
0
965
189
555
240
262
888
105
907
938
298
728
649
905
941
677
251
222
699
814
308
565
347
902
582
133
157
360
651
110
562
225
859
931
945
851
258
0
0
696
462
761
294
705
716
371
845
797
943
922
363
0
0
599
704
895
846
390
557
962
901
391
184
519
825
694
713
464
506
745
247
737
443
925
522
0
292
738
381
375
713
698
191
931
128
839
667
648
642
698
824
0
504
879
171
134
992
741
0
774
0
851
939
116
844
721
550
240
959
360
588
341
682
337
368
196
921
904
981
634
880
364
695
206
670
283
224
927
803
878
579
287
747
758
666
301
843
0
0
333
715
0
650
731
347
866
172
986
0
528
966
146
792
674
480
984
667
394
246
0
766
394
872
144
762
313
619
920
805
698
513
277
494
257
123
786
840
223
856
311
849
612
975
873
699
474
702
874
184
257
832
572
452
144
0
248
344
474
321
665
872
0
772
564
894
818
342
201
465
799
633
795
140
940
676
100
401
0
101
867
775
0
252
305
0
366
596
740
852
716
753
374
991
587
995
144
322
696
333
0
605
413
529
804
848
347
984
700
615
120
727
184
0
793
368
138
970
592
135
683
640
0
0
144
674
385
869
460
225
459
0
640
438
215
401
862
327
538
838
746
819
577
300
726
573
656
580
898
947
705
866
289
447
447
213
343
284
776
285
915
517
0
290
964
948
788
876
918
917
775
924
721
754
358
745
973
232
824
801
814
142
232
628
804
883
337
353
0
984
376
0
693
0
685
477
471
747
462
715
605
0
0
758
183
0
450
786
429
404
954
0
852
922
144
228
345
680
297
191
244
115
382
985
185
987
454
588
167
527
495
812
734
647
263
914
107
533
271
106
358
831
0
839
561
731
799
727
0
346
0
253
774
337
733
198
718
271
751
0
473
777
996
943
649
875
202
946
868
530
839
899
429
997
820
224
516
628
197
799
463
173
150
257
141
609
634
243
642
916
506
872
392
519
202
0
380
826
761
0
413
0
0
158
697
550
832
0
750
294
233
263
658
568
997
591
888
783
157
402
0
323
556
870
421
987
215
760
619
968
814
431
561
260
144
170
774
967
637
203
664
632
499
193
0
581
534
130
863
743
999
215
116
0
994
186
194
781
249
181
304
919
301
664
650
392
269
740
941
207
0
806
889
844
785
426
592
935
0
966
431
842
499
0
914
190
907
844
315
971
543
205
307
835
929
0
817
185
294
650
529
758
158
0
187
417
0
361
765
646
538
129
540
965
639
487
739
479
753
469
326
191
0
412
991
210
343
304
909
165
639
333
112
942
249
348
419
585
776
373
712
313
761
908
240
118
907
882
449
608
950
512
234
805
945
980
570
451
354
271
924
854
385
293
660
403
451
580
377
560
979
979
595
662
235
593
253
299
114
527
912
691
571
114
442
857
435
137
373
482
0
962
713
390
177
521
965
624
705
731
804
183
697
187
0
853
897
488
428
724
297
894
231
880
619
210
565
605
0
0
851
338
190
625
202
922
243
362
711
863
653
844
831
656
262
845
671
503
550
965
359
311
447
185
289
588
317
962
921
650
0
966
989
323
404
140
441
145
609
669
810
172
0
139
110
0
164
488
553
146
524
820
938
637
929
243
917
949
223
337
669
769
0
0
411
866
509
0
226
825
0
460
610
908
467
880
480
270
716
347
848
0
550
417
853
0
378
425
916
0
199
897
186
361
973
528
997
263
707
445
704
737
819
896
135
865
154
796
154
733
138
437
751
692
638
859
489
617
215
0
680
600
481
785
450
831
278
868
553
704
271
283
263
724
746
382
631
717
806
655
728
280
755
208
997
490
935
860
100
621
806
281
624
145
981
935
933
632
608
105
422
576
872
199
210
0
339
229
574
222
981
783
621
690
706
300
568
466
371
866
347
450
832
0
897
378
0
728
879
405
279
710
751
493
271
130
993
773
204
417
361
808
400
399
581
403
765
900
831
632
939
781
305
250
521
925
477
334
0
654
947
438
953
950
988
750
583
459
587
438
938
163
535
677
218
154
345
749
954
646
589
522
800
174
236
483
713
969
209
593
0
852
802
561
877
598
690
820
0
690
219
692
590
263
504
114
825
263
101
402
280
315
212
587
260
116
639
918
845
172
984
786
0
361
488
425
728
0
542
115
266
656
809
0
743
767
890
465
489
572
995
641
0
776
630
525
891
464
491
426
365
254
650
933
848
346
0
731
0
522
635
296
671
850
549
637
500
965
826
409
855
706
863
286
873
671
338
978
867
350
844
998
406
383
943
100
531
285
618
507
665
756
802
238
527
903
709
335
613
462
780
716
467
793
672
909
612
235
183
738
527
625
212
218
681
0
397
295
797
986
700
429
750
765
428
916
879
542
0
995
137
764
575
895
167
719
787
641
166
724
673
602
213
922
791
231
350
654
189
903
537
324
157
477
196
501
786
153
898
998
295
941
658
470
336
373
845
315
173
881
0
343
508
153
158
440
178
532
280
0
328
238
447
404
197
336
119
405
0
180
437
932
902
327
845
628
836
577
669
945
391
607
453
612
178
531
668
0
820
906
262
956
502
846
496
655
216
925
943
0
615
404
294
646
724
0
405
115
995
0
760
610
483
411
915
140
570
597
394
753
0
734
263
201
691
331
542
979
297
870
812
696
541
315
859
543
914
742
961
646
769
757
603
147
196
835
657
218
584
511
950
878
657
717
472
318
803
935
851
882
404
781
100
733
321
600
119
256
850
134
259
946
597
413
849
443
767
990
767
803
353
660
411
700
666
921
785
815
691
782
307
113
755
705
888
509
861
140
922
528
120
954
233
538
297
199
279
266
137
760
0
424
193
547
927
803
223
681
749
954
832
626
356
654
372
904
246
618
778
553
279
880
944
926
944
959
687
514
268
332
288
0
507
240
954
843
981
799
958
210
768
390
436
734
453
859
724
735
412
0
517
176
821
318
891
728
283
451
459
531
422
253
620
620
654
188
822
601
395
784
436
458
492
629
172
115
738
974
497
846
236
335
576
0
599
753
378
172
363
966
727
0
263
129
894
897
710
656
764
610
424
0
543
423
387
466
131
741
593
630
308
649
278
508
926
410
113
678
433
612
584
989
0
317
756
738
200
176
161
510
103
436
660
383
0
0
536
613
471
279
452
598
936
688
903
579
425
802
659
0
920
824
862
753
0
0
113
0
265
165
122
366
889
472
699
822
360
0
0
660
357
343
0
231
640
451
891
0
988
874
674
679
257
888
529
332
267
851
0
146
184
852
658
540
231
186
751
809
575
483
193
543
0
534
160
520
120
462
0
236
707
896
234
497
0
943
201
644
613
573
798
0
183
764
454
612
693
576
818
619
982
896
139
463
0
411
557
206
371
231
179
849
0
482
0
281
267
298
629
123
466
575
876
366
428
227
320
897
516
489
696
957
997
274
786
361
883
830
680
902
500
353
477
0
786
287
893
843
537
469
547
703
262
785
518
945
267
807
0
792
0
922
568
965
880
361
493
0
895
411
547
423
534
0
0
806
0
112
265
509
0
716
992
936
0
997
571
232
775
567
280
302
893
219
886
658
893
704
852
0
858
391
928
994
333
532
191
744
800
170
544
723
649
216
166
990
210
276
941
653
276
374
0
864
263
292
583
871
585
371
399
474
290
476
701
758
586
164
136
449
610
332
854
265
866
673
0
298
417
607
353
867
790
343
0
962
242
242
599
674
793
144
997
639
619
973
271
743
167
915
927
387
160
0
0
0
275
236
372
804
961
260
771
217
906
208
582
618
672
808
611
0
143
122
711
741
415
152
176
469
839
816
987
410
105
115
470
736
961
475
568
760
262
917
0
851
491
895
940
417
866
0
838
502
698
147
696
716
863
767
808
345
644
905
641
0
834
597
622
859
272
487
391
273
448
0
569
807
787
658
433
305
0
929
748
743
119
420
704
480
368
228
591
487
210
528
130
767
719
140
803
466
520
806
0
0
466
921
592
693
467
598
230
919
447
380
313
254
542
630
552
698
890
189
865
657
454
162
0
0
455
0
0
534
867
443
428
421
740
634
922
869
369
203
416
749
757
556
196
233
852
537
0
363
238
257
514
934
0
178
385
226
914
994
279
847
566
763
0
192
354
205
850
0
472
839
639
164
203
760
525
796
0
878
151
0
643
309
895
984
138
345
888
739
565
997
993
890
787
570
223
131
120
0
275
466
0
947
457
298
598
607
561
995
527
901
979
866
618
340
463
651
208
248
0
646
434
541
340
811
729
967
150
840
998
854
0
817
575
635
896
301
526
566
178
607
912
957
235
897
996
481
653
917
722
716
226
0
155
0
551
0
812
776
678
340
992
236
616
746
153
476
170
933
632
381
867
103
147
225
275
967
433
493
835
852
668
949
846
667
970
680
783
479
605
263
773
465
641
597
681
741
462
112
236
921
947
0
0
443
240
459
0
897
992
599
894
618
425
517
485
558
822
587
616
709
199
342
615
0
471
401
674
738
914
162
846
612
614
911
371
362
0
255
795
286
816
879
658
445
648
249
847
590
284
195
257
478
470
567
396
999
110
274
142
0
335
269
663
1000
493
173
0
336
268
674
330
825
806
240
922
972
220
341
962
614
421
219
390
394
592
297
157
753
0
707
204
489
166
394
749
593
0
265
372
592
457
0
0
684
978
392
977
0
780
764
717
863
717
986
157
147
328
133
161
274
302
723
441
828
212
547
628
147
277
658
741
747
842
1000
730
319
924
128
177
943
643
581
235
451
829
966
653
961
451
383
995
927
390
509
108
405
716
304
529
367
833
639
882
246
893
647
422
769
653
765
517
891
192
984
916
873
838
611
621
237
530
547
557
246
135
191
402
469
0
445
417
572
724
753
954
630
236
509
804
693
298
443
684
0
377
106
556
941
613
552
0
237
959
475
514
580
940
746
851
721
577
341
563
854
452
118
0
152
0
957
761
230
592
754
670
975
624
769
824
305
320
290
148
146
0
604
776
370
892
887
733
989
718
521
425
101
475
555
483
626
791
974
375
245
323
984
0
567
615
750
732
233
797
480
411
890
192
584
471
729
105
176
962
0
683
244
0
326
851
704
361
995
673
0
832
308
707
0
961
467
598
240
978
377
0
941
801
356
204
902
811
301
211
591
506
210
288
183
228
653
129
750
877
767
533
277
297
116
653
216
546
975
127
489
426
945
958
662
584
620
136
156
490
892
197
762
567
829
116
213
550
970
245
0
129
678
723
0
384
187
571
838
306
292
723
363
379
174
220
497
415
211
210
211
313
713
555
654
683
0
578
863
901
766
640
115
323
191
338
737
808
641
602
734
626
649
896
716
260
598
607
459
392
106
941
0
208
587
143
438
416
971
634
790
473
915
232
517
187
768
677
428
100
316
650
173
819
676
890
974
0
352
125
475
768
738
0
979
895
810
274
360
148
613
644
345
943
0
810
259
266
405
428
566
898
623
252
265
971
187
546
0
853
230
812
351
422
653
651
592
513
812
992
607
571
683
171
971
878
653
203
467
391
394
0
382
556
0
190
819
400
0
213
263
356
278
234
992
771
230
561
0
977
556
801
208
0
292
765
244
351
730
370
0
996
597
919
338
981
0
455
479
274
252
915
156
0
362
238
602
625
392
538
596
403
553
863
892
448
852
377
375
758
838
461
927
669
0
0
956
465
725
158
0
979
253
556
980
696
956
426
411
696
467
436
277
504
920
207
594
259
392
618
744
637
988
205
152
228
209
586
980
184
872
0
985
870
412
625
896
399
776
922
201
654
508
497
936
217
919
995
897
0
941
356
587
292
0
418
879
214
953
399
221
154
577
513
738
297
125
402
351
134
306
260
461
260
804
0
934
479
679
476
553
594
115
472
0
900
0
322
896
519
155
387
276
0
641
0
103
665
951
187
507
435
698
148
669
900
590
386
789
949
488
511
600
667
883
794
653
733
654
620
640
0
0
956
269
978
703
446
935
519
144
144
185
421
991
202
135
581
630
791
691
372
926
0
0
906
447
527
992
780
613
204
143
765
418
0
677
862
207
464
878
813
355
209
604
632
804
378
699
865
117
694
854
537
202
498
865
989
354
770
720
132
881
621
0
313
173
780
489
332
646
126
242
445
619
391
785
217
612
536
194
405
896
379
234
858
769
858
180
412
188
274
893
540
311
216
373
858
832
629
939
605
160
743
0
344
328
369
580
825
762
674
987
987
210
922
865
403
525
231
331
904
410
943
997
208
380
901
599
764
552
902
438
244
879
677
0
