0
0
1
0
1
0
1
0
1
0
1
0
1
0
1
0
1
0
1
0
1
0
1
0
1
0
1
0
1
0
1
0
1
0
1
0
1
0
1
0
1
0
1
0
1
0
1
0
1
0
1
0
1
0
1
0
1
0
1
0
1
0
1
0
1
0
1
0
1
0
1
0
1
0
1
0
1
0
1
0
1
0
1
0
1
0
1
0
1
0
1
0
1
0
1
0
1
0
1
0
0
0
0
1
0
1
0
1
0
1
0
2
0
2
0
2
0
2
0
2
0
3
0
3
0
3
0
3
0
3
0
4
0
4
0
4
0
4
0
4
0
5
0
5
0
5
0
5
0
5
0
6
0
6
0
6
0
6
0
6
0
7
0
7
0
7
0
7
0
7
0
8
0
8
0
8
0
8
0
8
0
9
0
9
0
9
0
9
0
9
0
10
0
10
0
10
0
10
0
10
1
0
0
0
1
0
2
0
2
0
3
0
3
0
3
0
4
0
4
0
5
0
5
0
5
0
6
0
6
0
7
0
7
0
7
0
8
0
8
0
9
0
9
0
9
0
10
0
10
0
11
0
11
0
11
0
12
0
12
0
13
0
13
0
13
0
14
0
14
0
15
0
15
0
15
0
16
0
16
0
17
0
17
0
17
0
18
0
18
0
19
0
19
0
19
0
20
0
20
0
0
1
0
0
0
2
0
3
0
3
0
4
0
4
0
5
0
6
0
6
0
7
0
7
0
8
0
9
0
9
0
10
0
10
0
11
0
12
0
12
0
13
0
13
0
14
0
15
0
15
0
16
0
16
0
17
0
18
0
18
0
19
0
19
0
20
0
21
0
21
0
22
0
22
0
23
0
24
0
24
0
25
0
25
0
26
0
27
0
27
0
28
0
28
0
29
0
30
0
30
1
0
1
0
0
0
3
0
4
0
5
0
5
0
6
0
7
0
8
0
9
0
9
0
10
0
11
0
12
0
13
0
13
0
14
0
15
0
16
0
17
0
17
0
18
0
19
0
20
0
21
0
21
0
22
0
23
0
24
0
25
0
25
0
26
0
27
0
28
0
29
0
29
0
30
0
31
0
32
0
33
0
33
0
34
0
35
0
36
0
37
0
37
0
38
0
39
0
40
0
0
1
0
2
0
0
0
4
0
5
0
6
0
7
0
8
0
9
0
10
0
11
0
12
0
13
0
14
0
15
0
16
0
17
0
18
0
19
0
20
0
21
0
22
0
23
0
24
0
25
0
26
0
27
0
28
0
29
0
30
0
31
0
32
0
33
0
34
0
35
0
36
0
37
0
38
0
39
0
40
0
41
0
42
0
43
0
44
0
45
0
46
0
47
0
48
0
49
0
50
1
0
2
0
3
0
0
0
5
0
7
0
8
0
9
0
10
0
11
0
13
0
14
0
15
0
16
0
17
0
19
0
20
0
21
0
22
0
23
0
25
0
26
0
27
0
28
0
29
0
31
0
32
0
33
0
34
0
35
0
37
0
38
0
39
0
40
0
41
0
43
0
44
0
45
0
46
0
47
0
49
0
50
0
51
0
52
0
53
0
55
0
56
0
57
0
58
0
59
0
0
1
0
3
0
4
0
0
0
7
0
8
0
10
0
11
0
12
0
14
0
15
0
17
0
18
0
19
0
21
0
22
0
24
0
25
0
26
0
28
0
29
0
31
0
32
0
33
0
35
0
36
0
38
0
39
0
40
0
42
0
43
0
45
0
46
0
47
0
49
0
50
0
52
0
53
0
54
0
56
0
57
0
59
0
60
0
61
0
63
0
64
0
66
0
67
0
68
0
70
1
0
2
0
4
0
5
0
0
0
9
0
10
0
12
0
13
0
15
0
17
0
18
0
20
0
21
0
23
0
25
0
26
0
28
0
29
0
31
0
33
0
34
0
36
0
37
0
39
0
41
0
42
0
44
0
45
0
47
0
49
0
50
0
52
0
53
0
55
0
57
0
58
0
60
0
61
0
63
0
65
0
66
0
68
0
69
0
71
0
73
0
74
0
76
0
77
0
79
0
0
1
0
3
0
5
0
7
0
0
0
10
0
12
0
14
0
16
0
18
0
19
0
21
0
23
0
25
0
27
0
28
0
30
0
32
0
34
0
36
0
37
0
39
0
41
0
43
0
45
0
46
0
48
0
50
0
52
0
54
0
55
0
57
0
59
0
61
0
63
0
64
0
66
0
68
0
70
0
72
0
73
0
75
0
77
0
79
0
81
0
82
0
84
0
86
0
88
0
90
1
0
3
0
5
0
7
0
9
0
0
0
13
0
15
0
17
0
19
0
21
0
23
0
25
0
27
0
29
0
31
0
33
0
35
0
37
0
39
0
41
0
43
0
45
0
47
0
49
0
51
0
53
0
55
0
57
0
59
0
61
0
63
0
65
0
67
0
69
0
71
0
73
0
75
0
77
0
79
0
81
0
83
0
85
0
87
0
89
0
91
0
93
0
95
0
97
0
99
0
0
2
0
4
0
6
0
8
0
10
0
0
0
15
0
17
0
19
0
21
0
24
0
26
0
28
0
30
0
32
0
35
0
37
0
39
0
41
0
43
0
46
0
48
0
50
0
52
0
54
0
57
0
59
0
61
0
63
0
65
0
68
0
70
0
72
0
74
0
76
0
79
0
81
0
83
0
85
0
87
0
90
0
92
0
94
0
96
0
98
0
101
0
103
0
105
0
107
0
109
1
0
3
0
5
0
8
0
10
0
13
0
0
0
17
0
20
0
22
0
25
0
27
0
29
0
32
0
34
0
37
0
39
0
41
0
44
0
46
0
49
0
51
0
53
0
56
0
58
0
61
0
63
0
65
0
68
0
70
0
73
0
75
0
77
0
80
0
82
0
85
0
87
0
89
0
92
0
94
0
97
0
99
0
101
0
104
0
106
0
109
0
111
0
113
0
116
0
118
0
0
2
0
4
0
7
0
10
0
12
0
15
0
0
0
20
0
23
0
25
0
28
0
30
0
33
0
36
0
38
0
41
0
43
0
46
0
49
0
51
0
54
0
56
0
59
0
62
0
64
0
67
0
69
0
72
0
75
0
77
0
80
0
82
0
85
0
88
0
90
0
93
0
95
0
98
0
101
0
103
0
106
0
108
0
111
0
114
0
116
0
119
0
121
0
124
0
127
0
129
1
0
3
0
6
0
9
0
12
0
15
0
17
0
0
0
23
0
26
0
29
0
31
0
34
0
37
0
40
0
43
0
45
0
48
0
51
0
54
0
57
0
59
0
62
0
65
0
68
0
71
0
73
0
76
0
79
0
82
0
85
0
87
0
90
0
93
0
96
0
99
0
101
0
104
0
107
0
110
0
113
0
115
0
118
0
121
0
124
0
127
0
129
0
132
0
135
0
138
0
0
2
0
5
0
8
0
11
0
14
0
17
0
20
0
0
0
26
0
29
0
32
0
35
0
38
0
41
0
44
0
47
0
50
0
53
0
56
0
59
0
62
0
65
0
68
0
71
0
74
0
77
0
80
0
83
0
86
0
89
0
92
0
95
0
98
0
101
0
104
0
107
0
110
0
113
0
116
0
119
0
122
0
125
0
128
0
131
0
134
0
137
0
140
0
143
0
146
0
149
1
0
4
0
7
0
10
0
13
0
17
0
20
0
23
0
0
0
29
0
33
0
36
0
39
0
42
0
45
0
49
0
52
0
55
0
58
0
61
0
65
0
68
0
71
0
74
0
77
0
81
0
84
0
87
0
90
0
93
0
97
0
100
0
103
0
106
0
109
0
113
0
116
0
119
0
122
0
125
0
129
0
132
0
135
0
138
0
141
0
145
0
148
0
151
0
154
0
157
0
0
2
0
6
0
9
0
12
0
16
0
19
0
23
0
26
0
0
0
33
0
36
0
40
0
43
0
46
0
50
0
53
0
57
0
60
0
63
0
67
0
70
0
74
0
77
0
80
0
84
0
87
0
91
0
94
0
97
0
101
0
104
0
108
0
111
0
114
0
118
0
121
0
125
0
128
0
131
0
135
0
138
0
142
0
145
0
148
0
152
0
155
0
159
0
162
0
165
0
169
1
0
4
0
8
0
11
0
15
0
19
0
22
0
26
0
29
0
0
0
37
0
40
0
44
0
47
0
51
0
55
0
58
0
62
0
65
0
69
0
73
0
76
0
80
0
83
0
87
0
91
0
94
0
98
0
101
0
105
0
109
0
112
0
116
0
119
0
123
0
127
0
130
0
134
0
137
0
141
0
145
0
148
0
152
0
155
0
159
0
163
0
166
0
170
0
173
0
177
0
0
2
0
6
0
10
0
14
0
18
0
21
0
25
0
29
0
33
0
0
0
40
0
44
0
48
0
52
0
56
0
59
0
63
0
67
0
71
0
75
0
78
0
82
0
86
0
90
0
94
0
97
0
101
0
105
0
109
0
113
0
116
0
120
0
124
0
128
0
132
0
135
0
139
0
143
0
147
0
151
0
154
0
158
0
162
0
166
0
170
0
173
0
177
0
181
0
185
0
189
1
0
5
0
9
0
13
0
17
0
21
0
25
0
29
0
33
0
37
0
0
0
45
0
49
0
53
0
57
0
61
0
65
0
69
0
73
0
77
0
81
0
85
0
89
0
93
0
97
0
101
0
105
0
109
0
113
0
117
0
121
0
125
0
129
0
133
0
137
0
141
0
145
0
149
0
153
0
157
0
161
0
165
0
169
0
173
0
177
0
181
0
185
0
189
0
193
0
197
0
0
3
0
7
0
11
0
15
0
19
0
24
0
28
0
32
0
36
0
40
0
0
0
49
0
53
0
57
0
61
0
66
0
70
0
74
0
78
0
82
0
87
0
91
0
95
0
99
0
103
0
108
0
112
0
116
0
120
0
124
0
129
0
133
0
137
0
141
0
145
0
150
0
154
0
158
0
162
0
166
0
171
0
175
0
179
0
183
0
187
0
192
0
196
0
200
0
204
0
208
1
0
5
0
9
0
14
0
18
0
23
0
27
0
31
0
36
0
40
0
45
0
0
0
53
0
58
0
62
0
67
0
71
0
75
0
80
0
84
0
89
0
93
0
97
0
102
0
106
0
111
0
115
0
119
0
124
0
128
0
133
0
137
0
141
0
146
0
150
0
155
0
159
0
163
0
168
0
172
0
177
0
181
0
185
0
190
0
194
0
199
0
203
0
207
0
212
0
216
0
0
3
0
7
0
12
0
17
0
21
0
26
0
30
0
35
0
40
0
44
0
49
0
0
0
58
0
63
0
67
0
72
0
76
0
81
0
86
0
90
0
95
0
99
0
104
0
109
0
113
0
118
0
122
0
127
0
132
0
136
0
141
0
145
0
150
0
155
0
159
0
164
0
168
0
173
0
178
0
182
0
187
0
191
0
196
0
201
0
205
0
210
0
214
0
219
0
224
0
228
1
0
5
0
10
0
15
0
20
0
25
0
29
0
34
0
39
0
44
0
49
0
53
0
0
0
63
0
68
0
73
0
77
0
82
0
87
0
92
0
97
0
101
0
106
0
111
0
116
0
121
0
125
0
130
0
135
0
140
0
145
0
149
0
154
0
159
0
164
0
169
0
173
0
178
0
183
0
188
0
193
0
197
0
202
0
207
0
212
0
217
0
221
0
226
0
231
0
236
0
0
3
0
8
0
13
0
18
0
23
0
28
0
33
0
38
0
43
0
48
0
53
0
58
0
0
0
68
0
73
0
78
0
83
0
88
0
93
0
98
0
103
0
108
0
113
0
118
0
123
0
128
0
133
0
138
0
143
0
148
0
153
0
158
0
163
0
168
0
173
0
178
0
183
0
188
0
193
0
198
0
203
0
208
0
213
0
218
0
223
0
228
0
233
0
238
0
243
0
248
1
0
6
0
11
0
16
0
21
0
27
0
32
0
37
0
42
0
47
0
53
0
58
0
63
0
0
0
73
0
79
0
84
0
89
0
94
0
99
0
105
0
110
0
115
0
120
0
125
0
131
0
136
0
141
0
146
0
151
0
157
0
162
0
167
0
172
0
177
0
183
0
188
0
193
0
198
0
203
0
209
0
214
0
219
0
224
0
229
0
235
0
240
0
245
0
250
0
255
0
0
3
0
9
0
14
0
19
0
25
0
30
0
36
0
41
0
46
0
52
0
57
0
63
0
68
0
0
0
79
0
84
0
90
0
95
0
100
0
106
0
111
0
117
0
122
0
127
0
133
0
138
0
144
0
149
0
154
0
160
0
165
0
171
0
176
0
181
0
187
0
192
0
198
0
203
0
208
0
214
0
219
0
225
0
230
0
235
0
241
0
246
0
252
0
257
0
262
0
268
1
0
6
0
12
0
17
0
23
0
29
0
34
0
40
0
45
0
51
0
57
0
62
0
68
0
73
0
0
0
85
0
90
0
96
0
101
0
107
0
113
0
118
0
124
0
129
0
135
0
141
0
146
0
152
0
157
0
163
0
169
0
174
0
180
0
185
0
191
0
197
0
202
0
208
0
213
0
219
0
225
0
230
0
236
0
241
0
247
0
253
0
258
0
264
0
269
0
275
0
0
3
0
9
0
15
0
21
0
27
0
32
0
38
0
44
0
50
0
56
0
61
0
67
0
73
0
79
0
0
0
90
0
96
0
102
0
108
0
114
0
119
0
125
0
131
0
137
0
143
0
148
0
154
0
160
0
166
0
172
0
177
0
183
0
189
0
195
0
201
0
206
0
212
0
218
0
224
0
230
0
235
0
241
0
247
0
253
0
259
0
264
0
270
0
276
0
282
0
288
1
0
7
0
13
0
19
0
25
0
31
0
37
0
43
0
49
0
55
0
61
0
67
0
73
0
79
0
85
0
0
0
97
0
103
0
109
0
115
0
121
0
127
0
133
0
139
0
145
0
151
0
157
0
163
0
169
0
175
0
181
0
187
0
193
0
199
0
205
0
211
0
217
0
223
0
229
0
235
0
241
0
247
0
253
0
259
0
265
0
271
0
277
0
283
0
289
0
295
0
0
4
0
10
0
16
0
22
0
28
0
35
0
41
0
47
0
53
0
59
0
66
0
72
0
78
0
84
0
90
0
0
0
103
0
109
0
115
0
121
0
128
0
134
0
140
0
146
0
152
0
159
0
165
0
171
0
177
0
183
0
190
0
196
0
202
0
208
0
214
0
221
0
227
0
233
0
239
0
245
0
252
0
258
0
264
0
270
0
276
0
283
0
289
0
295
0
301
0
307
1
0
7
0
13
0
20
0
26
0
33
0
39
0
45
0
52
0
58
0
65
0
71
0
77
0
84
0
90
0
97
0
0
0
109
0
116
0
122
0
129
0
135
0
141
0
148
0
154
0
161
0
167
0
173
0
180
0
186
0
193
0
199
0
205
0
212
0
218
0
225
0
231
0
237
0
244
0
250
0
257
0
263
0
269
0
276
0
282
0
289
0
295
0
301
0
308
0
314
0
0
4
0
10
0
17
0
24
0
30
0
37
0
43
0
50
0
57
0
63
0
70
0
76
0
83
0
90
0
96
0
103
0
0
0
116
0
123
0
129
0
136
0
142
0
149
0
156
0
162
0
169
0
175
0
182
0
189
0
195
0
202
0
208
0
215
0
222
0
228
0
235
0
241
0
248
0
255
0
261
0
268
0
274
0
281
0
288
0
294
0
301
0
307
0
314
0
321
0
327
1
0
7
0
14
0
21
0
28
0
35
0
41
0
48
0
55
0
62
0
69
0
75
0
82
0
89
0
96
0
103
0
109
0
0
0
123
0
130
0
137
0
143
0
150
0
157
0
164
0
171
0
177
0
184
0
191
0
198
0
205
0
211
0
218
0
225
0
232
0
239
0
245
0
252
0
259
0
266
0
273
0
279
0
286
0
293
0
300
0
307
0
313
0
320
0
327
0
334
0
0
4
0
11
0
18
0
25
0
32
0
39
0
46
0
53
0
60
0
67
0
74
0
81
0
88
0
95
0
102
0
109
0
116
0
0
0
130
0
137
0
144
0
151
0
158
0
165
0
172
0
179
0
186
0
193
0
200
0
207
0
214
0
221
0
228
0
235
0
242
0
249
0
256
0
263
0
270
0
277
0
284
0
291
0
298
0
305
0
312
0
319
0
326
0
333
0
340
0
347
1
0
8
0
15
0
22
0
29
0
37
0
44
0
51
0
58
0
65
0
73
0
80
0
87
0
94
0
101
0
109
0
116
0
123
0
0
0
137
0
145
0
152
0
159
0
166
0
173
0
181
0
188
0
195
0
202
0
209
0
217
0
224
0
231
0
238
0
245
0
253
0
260
0
267
0
274
0
281
0
289
0
296
0
303
0
310
0
317
0
325
0
332
0
339
0
346
0
353
0
0
4
0
12
0
19
0
26
0
34
0
41
0
49
0
56
0
63
0
71
0
78
0
86
0
93
0
100
0
108
0
115
0
123
0
130
0
0
0
145
0
152
0
160
0
167
0
174
0
182
0
189
0
197
0
204
0
211
0
219
0
226
0
234
0
241
0
248
0
256
0
263
0
271
0
278
0
285
0
293
0
300
0
308
0
315
0
322
0
330
0
337
0
345
0
352
0
359
0
367
1
0
8
0
16
0
23
0
31
0
39
0
46
0
54
0
61
0
69
0
77
0
84
0
92
0
99
0
107
0
115
0
122
0
130
0
137
0
0
0
153
0
160
0
168
0
175
0
183
0
191
0
198
0
206
0
213
0
221
0
229
0
236
0
244
0
251
0
259
0
267
0
274
0
282
0
289
0
297
0
305
0
312
0
320
0
327
0
335
0
343
0
350
0
358
0
365
0
373
0
0
4
0
12
0
20
0
28
0
36
0
43
0
51
0
59
0
67
0
75
0
82
0
90
0
98
0
106
0
114
0
121
0
129
0
137
0
145
0
0
0
160
0
168
0
176
0
184
0
192
0
199
0
207
0
215
0
223
0
231
0
238
0
246
0
254
0
262
0
270
0
277
0
285
0
293
0
301
0
309
0
316
0
324
0
332
0
340
0
348
0
355
0
363
0
371
0
379
0
387
1
0
9
0
17
0
25
0
33
0
41
0
49
0
57
0
65
0
73
0
81
0
89
0
97
0
105
0
113
0
121
0
129
0
137
0
145
0
153
0
0
0
169
0
177
0
185
0
193
0
201
0
209
0
217
0
225
0
233
0
241
0
249
0
257
0
265
0
273
0
281
0
289
0
297
0
305
0
313
0
321
0
329
0
337
0
345
0
353
0
361
0
369
0
377
0
385
0
393
0
0
5
0
13
0
21
0
29
0
37
0
46
0
54
0
62
0
70
0
78
0
87
0
95
0
103
0
111
0
119
0
128
0
136
0
144
0
152
0
160
0
0
0
177
0
185
0
193
0
201
0
210
0
218
0
226
0
234
0
242
0
251
0
259
0
267
0
275
0
283
0
292
0
300
0
308
0
316
0
324
0
333
0
341
0
349
0
357
0
365
0
374
0
382
0
390
0
398
0
406
1
0
9
0
17
0
26
0
34
0
43
0
51
0
59
0
68
0
76
0
85
0
93
0
101
0
110
0
118
0
127
0
135
0
143
0
152
0
160
0
169
0
0
0
185
0
194
0
202
0
211
0
219
0
227
0
236
0
244
0
253
0
261
0
269
0
278
0
286
0
295
0
303
0
311
0
320
0
328
0
337
0
345
0
353
0
362
0
370
0
379
0
387
0
395
0
404
0
412
0
0
5
0
13
0
22
0
31
0
39
0
48
0
56
0
65
0
74
0
82
0
91
0
99
0
108
0
117
0
125
0
134
0
142
0
151
0
160
0
168
0
177
0
0
0
194
0
203
0
211
0
220
0
228
0
237
0
246
0
254
0
263
0
271
0
280
0
289
0
297
0
306
0
314
0
323
0
332
0
340
0
349
0
357
0
366
0
375
0
383
0
392
0
400
0
409
0
418
0
426
1
0
9
0
18
0
27
0
36
0
45
0
53
0
62
0
71
0
80
0
89
0
97
0
106
0
115
0
124
0
133
0
141
0
150
0
159
0
168
0
177
0
185
0
0
0
203
0
212
0
221
0
229
0
238
0
247
0
256
0
265
0
273
0
282
0
291
0
300
0
309
0
317
0
326
0
335
0
344
0
353
0
361
0
370
0
379
0
388
0
397
0
405
0
414
0
423
0
432
0
0
5
0
14
0
23
0
32
0
41
0
50
0
59
0
68
0
77
0
86
0
95
0
104
0
113
0
122
0
131
0
140
0
149
0
158
0
167
0
176
0
185
0
194
0
0
0
212
0
221
0
230
0
239
0
248
0
257
0
266
0
275
0
284
0
293
0
302
0
311
0
320
0
329
0
338
0
347
0
356
0
365
0
374
0
383
0
392
0
401
0
410
0
419
0
428
0
437
0
446
1
0
10
0
19
0
28
0
37
0
47
0
56
0
65
0
74
0
83
0
93
0
102
0
111
0
120
0
129
0
139
0
148
0
157
0
166
0
175
0
185
0
194
0
203
0
0
0
221
0
231
0
240
0
249
0
258
0
267
0
277
0
286
0
295
0
304
0
313
0
323
0
332
0
341
0
350
0
359
0
369
0
378
0
387
0
396
0
405
0
415
0
424
0
433
0
442
0
451
0
0
5
0
15
0
24
0
33
0
43
0
52
0
62
0
71
0
80
0
90
0
99
0
109
0
118
0
127
0
137
0
146
0
156
0
165
0
174
0
184
0
193
0
203
0
212
0
0
0
231
0
240
0
250
0
259
0
268
0
278
0
287
0
297
0
306
0
315
0
325
0
334
0
344
0
353
0
362
0
372
0
381
0
391
0
400
0
409
0
419
0
428
0
438
0
447
0
456
0
466
1
0
10
0
20
0
29
0
39
0
49
0
58
0
68
0
77
0
87
0
97
0
106
0
116
0
125
0
135
0
145
0
154
0
164
0
173
0
183
0
193
0
202
0
212
0
221
0
0
0
241
0
250
0
260
0
269
0
279
0
289
0
298
0
308
0
317
0
327
0
337
0
346
0
356
0
365
0
375
0
385
0
394
0
404
0
413
0
423
0
433
0
442
0
452
0
461
0
471
0
0
5
0
15
0
25
0
35
0
45
0
54
0
64
0
74
0
84
0
94
0
103
0
113
0
123
0
133
0
143
0
152
0
162
0
172
0
182
0
192
0
201
0
211
0
221
0
231
0
0
0
250
0
260
0
270
0
280
0
290
0
299
0
309
0
319
0
329
0
339
0
348
0
358
0
368
0
378
0
388
0
397
0
407
0
417
0
427
0
437
0
446
0
456
0
466
0
476
0
486
1
0
11
0
21
0
31
0
41
0
51
0
61
0
71
0
81
0
91
0
101
0
111
0
121
0
131
0
141
0
151
0
161
0
171
0
181
0
191
0
201
0
211
0
221
0
231
0
241
0
0
0
261
0
271
0
281
0
291
0
301
0
311
0
321
0
331
0
341
0
351
0
361
0
371
0
381
0
391
0
401
0
411
0
421
0
431
0
441
0
451
0
461
0
471
0
481
0
491
0
0
6
0
16
0
26
0
36
0
46
0
57
0
67
0
77
0
87
0
97
0
108
0
118
0
128
0
138
0
148
0
159
0
169
0
179
0
189
0
199
0
210
0
220
0
230
0
240
0
250
0
0
0
271
0
281
0
291
0
301
0
312
0
322
0
332
0
342
0
352
0
363
0
373
0
383
0
393
0
403
0
414
0
424
0
434
0
444
0
454
0
465
0
475
0
485
0
495
0
505
1
0
11
0
21
0
32
0
42
0
53
0
63
0
73
0
84
0
94
0
105
0
115
0
125
0
136
0
146
0
157
0
167
0
177
0
188
0
198
0
209
0
219
0
229
0
240
0
250
0
261
0
0
0
281
0
292
0
302
0
313
0
323
0
333
0
344
0
354
0
365
0
375
0
385
0
396
0
406
0
417
0
427
0
437
0
448
0
458
0
469
0
479
0
489
0
500
0
510
0
0
6
0
16
0
27
0
38
0
48
0
59
0
69
0
80
0
91
0
101
0
112
0
122
0
133
0
144
0
154
0
165
0
175
0
186
0
197
0
207
0
218
0
228
0
239
0
250
0
260
0
271
0
0
0
292
0
303
0
313
0
324
0
334
0
345
0
356
0
366
0
377
0
387
0
398
0
409
0
419
0
430
0
440
0
451
0
462
0
472
0
483
0
493
0
504
0
515
0
525
1
0
11
0
22
0
33
0
44
0
55
0
65
0
76
0
87
0
98
0
109
0
119
0
130
0
141
0
152
0
163
0
173
0
184
0
195
0
206
0
217
0
227
0
238
0
249
0
260
0
271
0
281
0
0
0
303
0
314
0
325
0
335
0
346
0
357
0
368
0
379
0
389
0
400
0
411
0
422
0
433
0
443
0
454
0
465
0
476
0
487
0
497
0
508
0
519
0
530
0
0
6
0
17
0
28
0
39
0
50
0
61
0
72
0
83
0
94
0
105
0
116
0
127
0
138
0
149
0
160
0
171
0
182
0
193
0
204
0
215
0
226
0
237
0
248
0
259
0
270
0
281
0
292
0
0
0
314
0
325
0
336
0
347
0
358
0
369
0
380
0
391
0
402
0
413
0
424
0
435
0
446
0
457
0
468
0
479
0
490
0
501
0
512
0
523
0
534
0
545
1
0
12
0
23
0
34
0
45
0
57
0
68
0
79
0
90
0
101
0
113
0
124
0
135
0
146
0
157
0
169
0
180
0
191
0
202
0
213
0
225
0
236
0
247
0
258
0
269
0
281
0
292
0
303
0
0
0
325
0
337
0
348
0
359
0
370
0
381
0
393
0
404
0
415
0
426
0
437
0
449
0
460
0
471
0
482
0
493
0
505
0
516
0
527
0
538
0
549
0
0
6
0
18
0
29
0
40
0
52
0
63
0
75
0
86
0
97
0
109
0
120
0
132
0
143
0
154
0
166
0
177
0
189
0
200
0
211
0
223
0
234
0
246
0
257
0
268
0
280
0
291
0
303
0
314
0
0
0
337
0
348
0
360
0
371
0
382
0
394
0
405
0
417
0
428
0
439
0
451
0
462
0
474
0
485
0
496
0
508
0
519
0
531
0
542
0
553
0
565
1
0
12
0
24
0
35
0
47
0
59
0
70
0
82
0
93
0
105
0
117
0
128
0
140
0
151
0
163
0
175
0
186
0
198
0
209
0
221
0
233
0
244
0
256
0
267
0
279
0
291
0
302
0
314
0
325
0
0
0
349
0
360
0
372
0
383
0
395
0
407
0
418
0
430
0
441
0
453
0
465
0
476
0
488
0
499
0
511
0
523
0
534
0
546
0
557
0
569
0
0
6
0
18
0
30
0
42
0
54
0
65
0
77
0
89
0
101
0
113
0
124
0
136
0
148
0
160
0
172
0
183
0
195
0
207
0
219
0
231
0
242
0
254
0
266
0
278
0
290
0
301
0
313
0
325
0
337
0
0
0
360
0
372
0
384
0
396
0
408
0
419
0
431
0
443
0
455
0
467
0
478
0
490
0
502
0
514
0
526
0
537
0
549
0
561
0
573
0
585
1
0
13
0
25
0
37
0
49
0
61
0
73
0
85
0
97
0
109
0
121
0
133
0
145
0
157
0
169
0
181
0
193
0
205
0
217
0
229
0
241
0
253
0
265
0
277
0
289
0
301
0
313
0
325
0
337
0
349
0
0
0
373
0
385
0
397
0
409
0
421
0
433
0
445
0
457
0
469
0
481
0
493
0
505
0
517
0
529
0
541
0
553
0
565
0
577
0
589
0
0
7
0
19
0
31
0
43
0
55
0
68
0
80
0
92
0
104
0
116
0
129
0
141
0
153
0
165
0
177
0
190
0
202
0
214
0
226
0
238
0
251
0
263
0
275
0
287
0
299
0
312
0
324
0
336
0
348
0
360
0
0
0
385
0
397
0
409
0
421
0
434
0
446
0
458
0
470
0
482
0
495
0
507
0
519
0
531
0
543
0
556
0
568
0
580
0
592
0
604
1
0
13
0
25
0
38
0
50
0
63
0
75
0
87
0
100
0
112
0
125
0
137
0
149
0
162
0
174
0
187
0
199
0
211
0
224
0
236
0
249
0
261
0
273
0
286
0
298
0
311
0
323
0
335
0
348
0
360
0
373
0
0
0
397
0
410
0
422
0
435
0
447
0
459
0
472
0
484
0
497
0
509
0
521
0
534
0
546
0
559
0
571
0
583
0
596
0
608
0
0
7
0
19
0
32
0
45
0
57
0
70
0
82
0
95
0
108
0
120
0
133
0
145
0
158
0
171
0
183
0
196
0
208
0
221
0
234
0
246
0
259
0
271
0
284
0
297
0
309
0
322
0
334
0
347
0
360
0
372
0
385
0
0
0
410
0
423
0
435
0
448
0
460
0
473
0
486
0
498
0
511
0
523
0
536
0
549
0
561
0
574
0
586
0
599
0
612
0
624
1
0
13
0
26
0
39
0
52
0
65
0
77
0
90
0
103
0
116
0
129
0
141
0
154
0
167
0
180
0
193
0
205
0
218
0
231
0
244
0
257
0
269
0
282
0
295
0
308
0
321
0
333
0
346
0
359
0
372
0
385
0
397
0
0
0
423
0
436
0
449
0
461
0
474
0
487
0
500
0
513
0
525
0
538
0
551
0
564
0
577
0
589
0
602
0
615
0
628
0
0
7
0
20
0
33
0
46
0
59
0
72
0
85
0
98
0
111
0
124
0
137
0
150
0
163
0
176
0
189
0
202
0
215
0
228
0
241
0
254
0
267
0
280
0
293
0
306
0
319
0
332
0
345
0
358
0
371
0
384
0
397
0
410
0
0
0
436
0
449
0
462
0
475
0
488
0
501
0
514
0
527
0
540
0
553
0
566
0
579
0
592
0
605
0
618
0
631
0
644
1
0
14
0
27
0
40
0
53
0
67
0
80
0
93
0
106
0
119
0
133
0
146
0
159
0
172
0
185
0
199
0
212
0
225
0
238
0
251
0
265
0
278
0
291
0
304
0
317
0
331
0
344
0
357
0
370
0
383
0
397
0
410
0
423
0
0
0
449
0
463
0
476
0
489
0
502
0
515
0
529
0
542
0
555
0
568
0
581
0
595
0
608
0
621
0
634
0
647
0
0
7
0
21
0
34
0
47
0
61
0
74
0
88
0
101
0
114
0
128
0
141
0
155
0
168
0
181
0
195
0
208
0
222
0
235
0
248
0
262
0
275
0
289
0
302
0
315
0
329
0
342
0
356
0
369
0
382
0
396
0
409
0
423
0
436
0
0
0
463
0
476
0
490
0
503
0
516
0
530
0
543
0
557
0
570
0
583
0
597
0
610
0
624
0
637
0
650
0
664
1
0
14
0
28
0
41
0
55
0
69
0
82
0
96
0
109
0
123
0
137
0
150
0
164
0
177
0
191
0
205
0
218
0
232
0
245
0
259
0
273
0
286
0
300
0
313
0
327
0
341
0
354
0
368
0
381
0
395
0
409
0
422
0
436
0
449
0
0
0
477
0
490
0
504
0
517
0
531
0
545
0
558
0
572
0
585
0
599
0
613
0
626
0
640
0
653
0
667
0
0
7
0
21
0
35
0
49
0
63
0
76
0
90
0
104
0
118
0
132
0
145
0
159
0
173
0
187
0
201
0
214
0
228
0
242
0
256
0
270
0
283
0
297
0
311
0
325
0
339
0
352
0
366
0
380
0
394
0
408
0
421
0
435
0
449
0
463
0
0
0
490
0
504
0
518
0
532
0
546
0
559
0
573
0
587
0
601
0
615
0
628
0
642
0
656
0
670
0
684
1
0
15
0
29
0
43
0
57
0
71
0
85
0
99
0
113
0
127
0
141
0
155
0
169
0
183
0
197
0
211
0
225
0
239
0
253
0
267
0
281
0
295
0
309
0
323
0
337
0
351
0
365
0
379
0
393
0
407
0
421
0
435
0
449
0
463
0
477
0
0
0
505
0
519
0
533
0
547
0
561
0
575
0
589
0
603
0
617
0
631
0
645
0
659
0
673
0
687
0
0
8
0
22
0
36
0
50
0
64
0
79
0
93
0
107
0
121
0
135
0
150
0
164
0
178
0
192
0
206
0
221
0
235
0
249
0
263
0
277
0
292
0
306
0
320
0
334
0
348
0
363
0
377
0
391
0
405
0
419
0
434
0
448
0
462
0
476
0
490
0
0
0
519
0
533
0
547
0
561
0
576
0
590
0
604
0
618
0
632
0
647
0
661
0
675
0
689
0
703
1
0
15
0
29
0
44
0
58
0
73
0
87
0
101
0
116
0
130
0
145
0
159
0
173
0
188
0
202
0
217
0
231
0
245
0
260
0
274
0
289
0
303
0
317
0
332
0
346
0
361
0
375
0
389
0
404
0
418
0
433
0
447
0
461
0
476
0
490
0
505
0
0
0
533
0
548
0
562
0
577
0
591
0
605
0
620
0
634
0
649
0
663
0
677
0
692
0
706
0
0
8
0
22
0
37
0
52
0
66
0
81
0
95
0
110
0
125
0
139
0
154
0
168
0
183
0
198
0
212
0
227
0
241
0
256
0
271
0
285
0
300
0
314
0
329
0
344
0
358
0
373
0
387
0
402
0
417
0
431
0
446
0
460
0
475
0
490
0
504
0
519
0
0
0
548
0
563
0
577
0
592
0
606
0
621
0
636
0
650
0
665
0
679
0
694
0
709
0
723
1
0
15
0
30
0
45
0
60
0
75
0
89
0
104
0
119
0
134
0
149
0
163
0
178
0
193
0
208
0
223
0
237
0
252
0
267
0
282
0
297
0
311
0
326
0
341
0
356
0
371
0
385
0
400
0
415
0
430
0
445
0
459
0
474
0
489
0
504
0
519
0
533
0
0
0
563
0
578
0
593
0
607
0
622
0
637
0
652
0
667
0
681
0
696
0
711
0
726
0
0
8
0
23
0
38
0
53
0
68
0
83
0
98
0
113
0
128
0
143
0
158
0
173
0
188
0
203
0
218
0
233
0
248
0
263
0
278
0
293
0
308
0
323
0
338
0
353
0
368
0
383
0
398
0
413
0
428
0
443
0
458
0
473
0
488
0
503
0
518
0
533
0
548
0
0
0
578
0
593
0
608
0
623
0
638
0
653
0
668
0
683
0
698
0
713
0
728
0
743
1
0
16
0
31
0
46
0
61
0
77
0
92
0
107
0
122
0
137
0
153
0
168
0
183
0
198
0
213
0
229
0
244
0
259
0
274
0
289
0
305
0
320
0
335
0
350
0
365
0
381
0
396
0
411
0
426
0
441
0
457
0
472
0
487
0
502
0
517
0
533
0
548
0
563
0
0
0
593
0
609
0
624
0
639
0
654
0
669
0
685
0
700
0
715
0
730
0
745
0
0
8
0
24
0
39
0
54
0
70
0
85
0
101
0
116
0
131
0
147
0
162
0
178
0
193
0
208
0
224
0
239
0
255
0
270
0
285
0
301
0
316
0
332
0
347
0
362
0
378
0
393
0
409
0
424
0
439
0
455
0
470
0
486
0
501
0
516
0
532
0
547
0
563
0
578
0
0
0
609
0
624
0
640
0
655
0
670
0
686
0
701
0
717
0
732
0
747
0
763
1
0
16
0
32
0
47
0
63
0
79
0
94
0
110
0
125
0
141
0
157
0
172
0
188
0
203
0
219
0
235
0
250
0
266
0
281
0
297
0
313
0
328
0
344
0
359
0
375
0
391
0
406
0
422
0
437
0
453
0
469
0
484
0
500
0
515
0
531
0
547
0
562
0
578
0
593
0
0
0
625
0
640
0
656
0
671
0
687
0
703
0
718
0
734
0
749
0
765
0
0
8
0
24
0
40
0
56
0
72
0
87
0
103
0
119
0
135
0
151
0
166
0
182
0
198
0
214
0
230
0
245
0
261
0
277
0
293
0
309
0
324
0
340
0
356
0
372
0
388
0
403
0
419
0
435
0
451
0
467
0
482
0
498
0
514
0
530
0
546
0
561
0
577
0
593
0
609
0
0
0
640
0
656
0
672
0
688
0
704
0
719
0
735
0
751
0
767
0
783
1
0
17
0
33
0
49
0
65
0
81
0
97
0
113
0
129
0
145
0
161
0
177
0
193
0
209
0
225
0
241
0
257
0
273
0
289
0
305
0
321
0
337
0
353
0
369
0
385
0
401
0
417
0
433
0
449
0
465
0
481
0
497
0
513
0
529
0
545
0
561
0
577
0
593
0
609
0
625
0
0
0
657
0
673
0
689
0
705
0
721
0
737
0
753
0
769
0
785
0
0
9
0
25
0
41
0
57
0
73
0
90
0
106
0
122
0
138
0
154
0
171
0
187
0
203
0
219
0
235
0
252
0
268
0
284
0
300
0
316
0
333
0
349
0
365
0
381
0
397
0
414
0
430
0
446
0
462
0
478
0
495
0
511
0
527
0
543
0
559
0
576
0
592
0
608
0
624
0
640
0
0
0
673
0
689
0
705
0
721
0
738
0
754
0
770
0
786
0
802
1
0
17
0
33
0
50
0
66
0
83
0
99
0
115
0
132
0
148
0
165
0
181
0
197
0
214
0
230
0
247
0
263
0
279
0
296
0
312
0
329
0
345
0
361
0
378
0
394
0
411
0
427
0
443
0
460
0
476
0
493
0
509
0
525
0
542
0
558
0
575
0
591
0
607
0
624
0
640
0
657
0
0
0
689
0
706
0
722
0
739
0
755
0
771
0
788
0
804
0
0
9
0
25
0
42
0
59
0
75
0
92
0
108
0
125
0
142
0
158
0
175
0
191
0
208
0
225
0
241
0
258
0
274
0
291
0
308
0
324
0
341
0
357
0
374
0
391
0
407
0
424
0
440
0
457
0
474
0
490
0
507
0
523
0
540
0
557
0
573
0
590
0
606
0
623
0
640
0
656
0
673
0
0
0
706
0
723
0
739
0
756
0
772
0
789
0
806
0
822
1
0
17
0
34
0
51
0
68
0
85
0
101
0
118
0
135
0
152
0
169
0
185
0
202
0
219
0
236
0
253
0
269
0
286
0
303
0
320
0
337
0
353
0
370
0
387
0
404
0
421
0
437
0
454
0
471
0
488
0
505
0
521
0
538
0
555
0
572
0
589
0
605
0
622
0
639
0
656
0
673
0
689
0
0
0
723
0
740
0
757
0
773
0
790
0
807
0
824
0
0
9
0
26
0
43
0
60
0
77
0
94
0
111
0
128
0
145
0
162
0
179
0
196
0
213
0
230
0
247
0
264
0
281
0
298
0
315
0
332
0
349
0
366
0
383
0
400
0
417
0
434
0
451
0
468
0
485
0
502
0
519
0
536
0
553
0
570
0
587
0
604
0
621
0
638
0
655
0
672
0
689
0
706
0
0
0
740
0
757
0
774
0
791
0
808
0
825
0
842
1
0
18
0
35
0
52
0
69
0
87
0
104
0
121
0
138
0
155
0
173
0
190
0
207
0
224
0
241
0
259
0
276
0
293
0
310
0
327
0
345
0
362
0
379
0
396
0
413
0
431
0
448
0
465
0
482
0
499
0
517
0
534
0
551
0
568
0
585
0
603
0
620
0
637
0
654
0
671
0
689
0
706
0
723
0
0
0
757
0
775
0
792
0
809
0
826
0
843
0
0
9
0
27
0
44
0
61
0
79
0
96
0
114
0
131
0
148
0
166
0
183
0
201
0
218
0
235
0
253
0
270
0
288
0
305
0
322
0
340
0
357
0
375
0
392
0
409
0
427
0
444
0
462
0
479
0
496
0
514
0
531
0
549
0
566
0
583
0
601
0
618
0
636
0
653
0
670
0
688
0
705
0
723
0
740
0
0
0
775
0
792
0
810
0
827
0
844
0
862
1
0
18
0
36
0
53
0
71
0
89
0
106
0
124
0
141
0
159
0
177
0
194
0
212
0
229
0
247
0
265
0
282
0
300
0
317
0
335
0
353
0
370
0
388
0
405
0
423
0
441
0
458
0
476
0
493
0
511
0
529
0
546
0
564
0
581
0
599
0
617
0
634
0
652
0
669
0
687
0
705
0
722
0
740
0
757
0
0
0
793
0
810
0
828
0
845
0
863
0
0
9
0
27
0
45
0
63
0
81
0
98
0
116
0
134
0
152
0
170
0
187
0
205
0
223
0
241
0
259
0
276
0
294
0
312
0
330
0
348
0
365
0
383
0
401
0
419
0
437
0
454
0
472
0
490
0
508
0
526
0
543
0
561
0
579
0
597
0
615
0
632
0
650
0
668
0
686
0
704
0
721
0
739
0
757
0
775
0
0
0
810
0
828
0
846
0
864
0
882
1
0
19
0
37
0
55
0
73
0
91
0
109
0
127
0
145
0
163
0
181
0
199
0
217
0
235
0
253
0
271
0
289
0
307
0
325
0
343
0
361
0
379
0
397
0
415
0
433
0
451
0
469
0
487
0
505
0
523
0
541
0
559
0
577
0
595
0
613
0
631
0
649
0
667
0
685
0
703
0
721
0
739
0
757
0
775
0
793
0
0
0
829
0
847
0
865
0
883
0
0
10
0
28
0
46
0
64
0
82
0
101
0
119
0
137
0
155
0
173
0
192
0
210
0
228
0
246
0
264
0
283
0
301
0
319
0
337
0
355
0
374
0
392
0
410
0
428
0
446
0
465
0
483
0
501
0
519
0
537
0
556
0
574
0
592
0
610
0
628
0
647
0
665
0
683
0
701
0
719
0
738
0
756
0
774
0
792
0
810
0
0
0
847
0
865
0
883
0
901
1
0
19
0
37
0
56
0
74
0
93
0
111
0
129
0
148
0
166
0
185
0
203
0
221
0
240
0
258
0
277
0
295
0
313
0
332
0
350
0
369
0
387
0
405
0
424
0
442
0
461
0
479
0
497
0
516
0
534
0
553
0
571
0
589
0
608
0
626
0
645
0
663
0
681
0
700
0
718
0
737
0
755
0
773
0
792
0
810
0
829
0
0
0
865
0
884
0
902
0
0
10
0
28
0
47
0
66
0
84
0
103
0
121
0
140
0
159
0
177
0
196
0
214
0
233
0
252
0
270
0
289
0
307
0
326
0
345
0
363
0
382
0
400
0
419
0
438
0
456
0
475
0
493
0
512
0
531
0
549
0
568
0
586
0
605
0
624
0
642
0
661
0
679
0
698
0
717
0
735
0
754
0
772
0
791
0
810
0
828
0
847
0
0
0
884
0
903
0
921
1
0
19
0
38
0
57
0
76
0
95
0
113
0
132
0
151
0
170
0
189
0
207
0
226
0
245
0
264
0
283
0
301
0
320
0
339
0
358
0
377
0
395
0
414
0
433
0
452
0
471
0
489
0
508
0
527
0
546
0
565
0
583
0
602
0
621
0
640
0
659
0
677
0
696
0
715
0
734
0
753
0
771
0
790
0
809
0
828
0
847
0
865
0
0
0
903
0
922
0
0
10
0
29
0
48
0
67
0
86
0
105
0
124
0
143
0
162
0
181
0
200
0
219
0
238
0
257
0
276
0
295
0
314
0
333
0
352
0
371
0
390
0
409
0
428
0
447
0
466
0
485
0
504
0
523
0
542
0
561
0
580
0
599
0
618
0
637
0
656
0
675
0
694
0
713
0
732
0
751
0
770
0
789
0
808
0
827
0
846
0
865
0
884
0
0
0
922
0
941
1
0
20
0
39
0
58
0
77
0
97
0
116
0
135
0
154
0
173
0
193
0
212
0
231
0
250
0
269
0
289
0
308
0
327
0
346
0
365
0
385
0
404
0
423
0
442
0
461
0
481
0
500
0
519
0
538
0
557
0
577
0
596
0
615
0
634
0
653
0
673
0
692
0
711
0
730
0
749
0
769
0
788
0
807
0
826
0
845
0
865
0
884
0
903
0
0
0
941
0
0
10
0
30
0
49
0
68
0
88
0
107
0
127
0
146
0
165
0
185
0
204
0
224
0
243
0
262
0
282
0
301
0
321
0
340
0
359
0
379
0
398
0
418
0
437
0
456
0
476
0
495
0
515
0
534
0
553
0
573
0
592
0
612
0
631
0
650
0
670
0
689
0
709
0
728
0
747
0
767
0
786
0
806
0
825
0
844
0
864
0
883
0
903
0
922
0
0
0
961
1
0
20
0
40
0
59
0
79
0
99
0
118
0
138
0
157
0
177
0
197
0
216
0
236
0
255
0
275
0
295
0
314
0
334
0
353
0
373
0
393
0
412
0
432
0
451
0
471
0
491
0
510
0
530
0
549
0
569
0
589
0
608
0
628
0
647
0
667
0
687
0
706
0
726
0
745
0
765
0
785
0
804
0
824
0
843
0
863
0
883
0
902
0
922
0
941
0
0
0
0
10
0
30
0
50
0
70
0
90
0
109
0
129
0
149
0
169
0
189
0
208
0
228
0
248
0
268
0
288
0
307
0
327
0
347
0
367
0
387
0
406
0
426
0
446
0
466
0
486
0
505
0
525
0
545
0
565
0
585
0
604
0
624
0
644
0
664
0
684
0
703
0
723
0
743
0
763
0
783
0
802
0
822
0
842
0
862
0
882
0
901
0
921
0
941
0
961
0
0
