0
896
948
942
811
842
0
824
836
972
957
971
861
870
946
948
961
950
848
894
870
0
851
0
854
0
906
957
0
843
844
856
941
0
818
843
861
860
879
893
835
928
0
868
833
945
951
872
878
931
803
933
982
802
0
840
0
0
0
850
879
872
956
864
986
886
0
980
0
809
909
948
863
853
968
951
0
875
827
982
876
860
0
864
929
800
813
831
994
915
940
0
950
820
0
822
996
962
818
997
896
0
985
873
863
854
861
995
884
817
881
827
949
992
982
865
830
0
895
0
981
0
925
0
924
890
0
920
852
919
0
0
0
0
952
803
886
883
0
854
0
0
958
878
868
855
935
807
962
967
0
992
885
971
810
933
842
0
0
0
926
835
808
909
0
0
922
808
925
885
952
829
975
845
874
846
918
862
878
0
847
898
937
829
924
908
0
835
0
958
836
991
811
939
990
892
938
997
904
0
948
985
0
898
899
0
914
865
824
893
995
843
0
985
0
835
918
875
957
967
809
0
860
0
847
933
0
985
888
843
929
0
852
842
875
850
0
0
0
905
0
861
834
808
0
970
988
984
888
821
939
0
888
0
907
892
863
845
967
851
813
926
802
0
997
909
802
900
963
995
996
0
0
958
811
0
815
879
952
0
930
838
953
0
0
0
0
0
979
948
937
833
966
0
901
0
816
930
0
0
942
873
898
0
864
968
942
964
844
802
918
906
895
914
0
951
860
0
0
802
989
975
900
923
932
867
992
881
921
971
982
929
941
900
0
848
982
813
0
869
996
0
810
961
826
0
0
960
965
833
992
917
864
0
0
0
0
877
942
856
974
970
827
852
831
918
0
846
949
829
996
0
821
956
807
887
849
893
816
818
0
0
0
0
993
0
838
0
916
0
0
866
960
803
944
996
946
0
892
937
811
863
899
864
0
0
948
982
942
907
872
850
0
0
812
898
0
0
870
984
979
0
0
824
805
986
0
951
821
903
832
969
982
876
0
977
944
941
929
0
856
0
0
0
0
0
978
869
0
837
945
855
894
931
0
940
0
976
984
884
0
909
956
950
0
824
817
944
836
907
986
928
920
844
0
919
818
846
816
952
879
0
956
985
0
994
824
0
958
843
931
872
0
994
0
955
883
875
909
908
842
854
0
968
0
0
989
0
917
0
926
0
918
986
0
855
808
989
825
0
0
0
873
841
897
840
844
824
0
937
915
875
820
908
835
861
814
948
0
0
976
847
0
0
869
998
980
898
0
0
862
840
838
0
869
922
886
0
877
0
0
941
986
909
946
818
909
977
0
861
841
896
953
859
966
0
975
0
917
830
815
845
841
830
889
829
816
810
0
873
835
993
962
0
819
0
0
975
0
855
0
861
914
942
948
989
0
0
0
873
0
0
0
0
907
0
0
803
0
983
0
0
998
826
894
868
0
0
843
846
953
922
903
871
0
804
998
860
906
0
977
848
0
911
933
882
901
0
955
0
951
878
809
940
0
825
950
843
971
0
896
0
0
965
886
816
0
0
875
981
0
960
844
931
866
812
950
841
916
929
966
0
912
817
811
962
0
827
887
899
852
932
941
808
913
826
835
888
813
0
824
995
865
964
982
0
0
0
864
936
992
873
957
822
904
924
832
970
0
884
898
821
824
985
917
0
942
0
962
913
958
997
0
991
0
0
892
909
973
933
839
807
825
965
992
918
898
925
0
993
967
813
807
976
939
886
967
0
850
940
914
906
0
930
832
896
803
908
942
0
827
926
0
905
881
880
849
977
0
888
999
976
900
982
850
986
0
0
0
0
956
901
853
917
979
944
945
823
925
856
836
884
824
844
942
917
0
864
0
808
998
840
995
0
0
0
0
959
854
910
815
0
894
0
938
0
923
986
953
933
976
870
866
834
0
889
996
914
948
946
881
988
0
991
825
949
865
909
832
854
844
886
862
823
897
940
835
941
847
885
0
993
997
960
887
982
0
959
816
945
905
981
863
981
976
837
961
879
996
912
861
899
898
0
823
0
957
937
838
850
875
909
0
969
839
831
839
983
953
929
972
817
893
802
907
0
873
936
808
0
993
905
920
947
964
801
962
920
942
990
850
862
0
0
833
0
929
928
907
900
988
813
878
892
953
987
883
888
0
0
934
918
927
895
930
859
957
932
969
842
912
0
0
899
895
977
800
863
896
0
925
953
830
911
946
0
944
935
963
0
0
999
957
925
935
0
867
863
873
879
904
916
869
0
991
968
900
0
993
824
847
890
876
0
819
956
953
857
834
0
957
881
995
918
872
926
0
992
998
993
0
0
961
977
826
802
930
846
0
891
952
0
952
926
948
843
0
975
803
818
0
929
950
928
887
882
825
993
839
926
884
982
968
814
814
0
949
826
818
965
865
0
831
994
837
920
884
804
938
984
940
0
938
0
0
904
865
897
867
0
995
805
869
923
856
978
890
0
861
0
0
934
908
831
928
876
882
976
873
852
0
925
976
856
837
976
963
871
0
0
971
827
843
906
850
0
0
873
840
905
0
0
895
988
963
934
840
912
929
971
854
978
983
0
852
800
908
890
977
0
931
0
930
970
838
958
0
0
931
0
843
929
0
0
980
992
883
855
933
963
918
988
959
0
956
865
971
803
894
824
937
858
945
913
883
950
0
844
809
870
989
843
917
930
0
880
0
804
884
957
826
937
875
0
953
973
893
0
858
922
826
829
806
804
932
0
806
987
891
834
861
949
0
895
0
918
0
957
995
920
961
895
0
927
839
898
927
0
921
968
0
862
0
885
881
985
814
846
810
0
0
820
840
0
958
983
888
826
0
824
0
929
970
965
970
897
896
995
966
0
885
958
982
821
915
818
889
0
806
0
965
858
0
881
946
904
977
952
880
0
970
0
0
0
899
961
0
872
990
870
973
950
0
845
930
806
863
885
815
803
938
815
843
986
875
856
832
912
880
817
870
992
985
914
0
986
0
822
0
947
977
988
927
0
827
894
0
977
845
921
874
830
938
965
984
0
926
865
941
0
975
808
948
936
962
899
946
978
0
906
0
872
805
0
996
905
862
867
897
940
820
958
900
919
810
964
901
873
839
862
920
0
954
0
918
874
0
800
923
847
810
923
892
943
846
0
852
0
0
867
892
0
992
932
0
861
991
0
906
0
0
970
825
811
897
921
0
926
802
864
946
982
0
0
812
0
907
904
0
964
826
963
839
827
0
995
843
960
0
982
897
809
857
830
903
994
917
939
984
962
0
846
803
897
810
974
987
0
912
868
967
940
872
858
974
811
0
0
833
919
954
872
887
928
971
814
852
0
906
995
910
919
0
0
884
905
849
839
0
0
866
957
818
808
967
857
841
996
0
910
915
842
954
0
895
994
0
905
987
0
913
988
812
888
0
898
991
811
0
995
948
865
835
951
898
855
0
924
0
801
802
934
898
894
995
0
850
921
855
0
983
859
891
952
0
936
0
959
813
930
0
954
960
833
911
0
946
949
925
886
805
927
993
919
838
0
810
833
996
947
836
941
951
900
808
814
923
976
0
993
0
801
895
805
920
0
868
949
907
870
964
822
951
999
0
0
895
930
997
0
843
928
953
917
923
996
947
947
989
965
0
0
0
893
848
0
879
0
0
0
961
830
918
860
0
808
0
832
0
962
930
840
927
0
843
850
0
874
836
980
0
930
0
0
961
913
0
825
840
992
843
960
869
968
961
949
0
829
892
822
896
0
0
984
0
845
958
857
923
957
888
936
850
0
871
972
984
820
913
819
829
896
0
0
814
915
943
0
0
0
0
961
946
0
0
928
868
902
0
840
0
818
905
830
828
893
851
906
927
0
993
944
804
0
986
0
822
0
849
892
950
0
875
0
0
989
803
970
959
920
846
912
0
977
960
921
874
0
969
805
878
804
909
940
0
947
922
824
968
887
972
882
844
943
873
840
801
813
0
0
0
836
0
0
0
973
898
0
933
995
905
976
867
920
832
900
828
993
848
823
831
970
853
950
872
981
908
812
854
982
895
887
857
833
0
0
0
929
932
0
860
872
855
861
940
0
827
0
0
921
856
974
0
930
896
827
942
0
859
840
848
895
957
0
870
825
0
0
854
942
0
929
921
845
0
855
836
969
0
885
962
923
807
971
977
992
0
925
934
845
947
838
955
923
837
993
949
883
847
0
0
955
943
806
0
881
956
981
867
862
987
822
0
973
887
981
971
852
921
971
897
899
0
978
801
831
992
884
806
842
984
838
967
0
0
932
0
812
862
921
861
912
813
877
933
945
839
831
918
0
971
825
909
0
0
0
902
973
915
0
894
0
967
802
984
0
983
884
910
990
891
971
968
921
982
0
980
805
885
0
987
918
867
0
0
0
951
979
822
825
843
973
962
940
913
997
859
917
0
974
804
831
981
925
0
0
969
802
882
846
812
844
949
927
867
0
0
0
992
917
856
919
844
930
894
990
813
894
880
804
884
881
818
905
888
0
870
950
0
889
981
900
953
829
960
819
957
897
962
971
868
0
938
818
819
0
984
982
861
800
870
981
809
989
979
0
0
898
815
850
952
854
0
874
897
983
0
878
962
987
0
857
914
998
986
989
886
813
948
933
874
975
995
866
925
908
879
855
0
885
972
941
803
0
960
929
999
0
855
975
930
810
891
821
0
861
0
998
0
955
805
960
835
942
897
885
830
934
0
946
0
850
818
988
845
986
819
895
909
0
890
838
907
937
893
970
0
862
892
923
855
908
889
953
847
0
927
0
919
812
0
0
0
975
0
0
0
821
0
862
0
978
862
830
809
859
930
804
923
918
857
0
0
987
949
830
0
935
986
874
868
950
825
0
809
822
827
943
849
958
892
908
979
872
0
915
839
0
889
889
0
0
899
888
844
819
0
895
872
939
815
995
953
803
854
0
997
0
886
865
0
951
0
977
0
833
875
888
0
973
810
897
0
945
952
967
980
873
922
927
0
0
814
0
984
860
0
0
808
884
851
925
860
900
0
873
998
824
894
0
952
983
0
938
857
891
0
909
807
867
914
0
0
964
993
950
841
959
830
872
0
983
0
893
946
0
0
887
807
871
859
987
977
0
0
931
883
914
971
0
945
819
875
972
974
0
806
855
0
827
878
880
932
912
0
0
853
878
840
888
904
0
851
884
821
936
993
852
920
851
0
865
845
871
900
974
909
903
950
875
964
845
859
810
897
820
940
802
825
0
0
0
0
923
824
841
826
985
0
0
926
0
885
965
830
952
0
940
971
0
998
987
964
0
875
978
900
943
875
886
0
935
815
883
0
811
917
801
811
824
0
903
877
880
0
922
897
969
888
933
934
917
977
0
872
943
0
925
0
0
984
905
990
827
0
998
0
975
902
900
805
839
0
0
804
0
802
919
812
978
909
923
966
0
868
993
943
901
901
834
973
937
974
0
0
0
983
0
944
0
854
924
847
932
805
897
894
917
938
833
948
852
881
984
903
0
961
0
977
0
986
949
993
875
0
912
912
907
882
0
986
870
0
842
946
866
949
993
983
0
903
967
897
848
988
930
0
0
961
0
866
0
913
0
0
0
938
971
973
822
0
922
845
824
853
970
911
881
0
816
913
998
804
915
844
852
0
900
0
820
832
909
824
814
990
959
965
822
940
892
811
985
966
0
865
918
0
973
0
937
0
890
933
867
986
840
868
0
0
0
843
800
985
0
994
936
913
947
992
0
989
830
950
978
912
0
930
873
987
986
968
863
997
0
925
960
0
854
855
981
964
818
0
819
925
813
994
950
923
834
867
0
0
896
824
937
842
985
0
911
866
885
0
817
806
889
821
952
820
866
921
912
0
0
928
871
836
0
992
952
959
836
0
956
863
940
884
898
969
878
901
918
847
980
0
926
856
0
847
924
906
0
0
992
0
844
0
942
923
929
0
908
814
926
917
0
0
922
0
951
886
0
841
900
912
930
0
0
902
852
919
998
848
902
847
0
863
958
878
884
951
0
0
849
892
927
930
904
944
0
924
831
971
0
0
0
813
854
0
812
983
849
945
923
957
887
927
938
867
811
916
886
967
951
0
968
941
0
860
0
0
994
892
816
905
975
872
0
989
0
0
0
952
831
863
918
826
932
902
827
957
920
985
881
951
824
0
0
986
928
975
890
846
865
939
959
825
824
925
979
813
935
959
943
907
873
0
0
928
0
851
0
942
842
819
973
830
0
877
853
807
963
860
803
956
894
852
0
876
0
821
802
804
873
908
949
855
814
0
950
918
0
0
0
883
876
990
0
0
0
972
903
804
811
926
847
823
903
808
959
0
825
0
889
918
862
0
0
984
0
977
977
819
0
811
800
928
933
875
816
0
852
888
921
821
0
843
962
953
907
803
977
810
941
984
813
840
968
934
822
948
986
830
875
882
987
902
928
0
0
828
811
862
830
852
964
919
915
893
816
0
821
972
994
946
877
821
842
967
975
924
906
983
931
849
868
966
831
0
803
924
929
940
926
829
0
827
890
0
907
918
837
0
883
999
842
818
802
945
968
944
938
985
860
887
847
982
878
879
867
0
804
0
860
0
932
801
976
829
844
843
919
843
971
903
937
846
913
933
900
818
0
0
0
962
930
992
887
845
825
933
874
872
886
0
986
852
0
0
0
988
871
871
0
0
841
0
0
0
858
858
0
0
875
932
824
995
935
806
931
920
975
960
999
818
978
970
857
888
847
854
942
949
911
939
838
0
901
970
912
858
952
0
0
923
0
0
0
0
947
0
852
968
970
981
962
0
860
832
962
936
859
953
954
846
0
0
801
923
910
844
0
929
982
832
915
953
958
976
988
0
931
0
975
0
0
843
972
947
843
874
868
0
0
986
968
919
851
828
988
0
903
872
909
860
814
972
0
869
0
0
945
0
868
802
959
901
923
840
935
839
0
974
890
990
992
908
962
980
889
863
860
902
917
834
961
980
0
0
927
970
914
854
841
866
821
854
966
0
922
896
937
0
0
966
852
992
985
962
0
0
0
962
0
973
858
881
0
995
933
856
0
0
929
969
875
922
997
870
813
929
0
820
808
846
954
960
882
838
973
975
950
983
935
870
863
998
0
811
871
903
0
822
893
946
947
920
973
823
848
942
914
822
962
0
931
0
0
980
963
876
811
825
0
800
929
955
0
831
898
879
0
881
903
825
0
881
0
936
984
971
846
940
920
882
936
891
908
822
882
908
0
814
849
811
823
813
836
950
853
0
854
865
802
0
921
807
894
869
937
941
0
852
941
982
820
903
0
866
878
950
930
840
948
803
960
869
844
955
962
995
825
0
815
0
997
848
942
862
871
872
822
0
809
909
900
899
870
893
0
932
0
0
969
972
823
0
886
839
879
0
969
924
995
0
801
982
915
991
937
942
826
910
998
860
928
0
844
832
812
917
844
881
802
805
834
986
946
0
867
0
908
0
888
0
0
805
890
915
843
0
885
972
960
963
871
944
966
905
902
0
0
842
900
876
908
871
991
834
892
928
970
0
936
897
833
968
943
923
940
866
0
893
883
842
0
902
842
830
0
909
893
809
0
909
0
0
973
0
890
0
997
906
990
873
898
994
0
850
981
951
964
0
859
976
0
909
902
916
850
993
933
839
800
871
812
802
855
937
0
0
952
846
862
905
834
867
876
919
814
948
0
870
901
865
0
926
977
900
928
996
818
0
0
865
981
0
858
882
0
818
952
875
0
0
835
0
0
0
953
887
838
958
962
810
911
961
873
837
913
925
809
946
0
946
925
847
819
852
0
860
946
909
909
0
0
0
991
912
923
877
940
842
951
0
929
863
817
829
951
0
986
0
0
928
903
983
877
932
0
872
815
832
0
845
914
841
986
0
978
978
867
0
0
897
0
859
998
0
955
877
875
0
833
813
0
925
856
886
922
903
967
868
0
872
852
900
858
830
835
843
803
850
848
977
861
804
0
889
987
882
958
983
899
974
0
949
840
993
997
908
822
0
811
866
960
0
973
964
841
814
947
900
0
0
0
0
944
983
908
843
867
898
830
904
972
832
837
891
0
838
974
972
914
971
0
0
898
0
0
999
828
830
983
949
822
848
981
806
840
892
976
0
807
857
906
0
0
935
0
931
831
897
821
979
995
846
858
856
941
890
887
907
0
842
957
846
987
812
0
861
886
0
982
944
814
998
892
996
883
825
0
888
946
987
946
0
801
949
859
879
827
0
917
949
0
863
830
919
0
972
920
899
0
0
0
0
976
814
843
888
875
920
910
830
965
814
902
857
864
906
872
934
840
833
810
920
894
863
873
977
805
936
945
0
985
0
946
806
0
989
950
930
841
0
815
0
921
972
0
0
882
851
826
876
0
0
0
986
923
0
826
834
874
959
856
866
987
0
975
860
883
0
813
941
948
860
909
914
888
993
0
826
978
0
949
829
813
883
917
855
943
887
801
993
854
958
0
915
0
0
973
870
973
991
944
976
0
971
0
853
955
904
0
0
867
0
0
0
0
981
936
873
881
959
897
985
0
870
0
940
982
0
951
0
970
812
895
966
908
0
871
843
819
996
957
0
897
815
0
895
903
0
939
907
0
932
0
0
889
0
979
925
877
0
820
902
989
896
804
879
0
0
0
929
0
906
973
948
0
839
931
0
0
912
925
892
0
847
0
0
849
807
811
983
855
878
877
893
0
869
823
893
0
912
983
814
971
0
901
0
899
916
809
986
984
871
805
938
0
974
825
996
931
889
973
964
0
926
994
903
0
885
848
872
917
826
0
979
0
0
0
0
0
0
804
978
875
849
882
870
835
0
0
800
0
956
826
0
894
832
860
909
821
875
823
802
951
958
857
893
854
905
869
0
0
0
933
946
0
926
0
824
906
868
886
822
0
0
974
885
958
871
824
0
981
884
853
816
858
0
848
0
890
923
908
843
0
901
0
0
839
0
872
816
0
878
0
908
809
958
0
888
889
978
0
0
823
0
0
839
836
897
969
905
910
855
949
993
0
909
805
0
0
884
884
806
845
903
928
863
0
962
816
811
802
975
925
980
813
876
816
960
0
0
989
910
815
846
867
835
0
0
996
856
976
977
839
881
934
884
843
0
0
967
805
896
0
0
804
972
892
859
0
903
964
951
807
0
858
0
942
932
0
877
843
888
853
0
0
0
970
888
824
0
0
900
831
972
946
869
946
0
835
860
0
842
924
0
865
886
951
983
852
870
988
962
904
920
846
0
981
915
0
839
827
909
959
935
811
977
879
832
867
944
0
0
812
831
849
910
899
810
995
0
936
878
837
0
872
928
0
861
0
0
847
848
807
988
918
982
929
929
872
940
927
0
836
955
831
941
908
987
903
967
818
0
963
821
0
945
914
0
997
940
867
875
955
899
839
970
0
0
866
828
936
806
814
863
989
943
998
841
949
809
963
911
0
987
985
800
832
0
805
958
918
946
949
966
946
0
828
832
829
911
856
0
969
846
0
825
803
804
885
961
947
0
855
849
871
0
0
860
947
823
880
920
821
937
873
0
958
834
810
0
0
0
825
0
927
968
0
970
805
872
993
0
0
943
981
803
979
977
877
897
0
0
860
972
0
0
822
0
906
842
898
920
904
916
0
888
0
0
0
869
854
952
0
905
976
956
972
901
841
0
0
955
843
990
858
985
962
974
966
961
956
0
909
868
0
909
902
968
0
806
989
920
950
835
937
917
877
0
968
944
855
0
889
829
918
957
838
973
801
854
987
892
952
867
888
868
878
808
961
0
0
911
965
991
895
814
0
965
0
858
919
984
0
806
925
0
872
0
880
848
819
849
803
994
875
868
962
969
990
951
830
910
0
809
872
824
866
0
0
0
0
823
807
0
947
916
802
0
978
0
957
802
852
828
932
0
855
926
981
864
976
968
880
846
908
842
0
995
984
838
961
888
838
946
998
0
857
883
915
996
988
868
0
992
985
924
852
988
912
922
0
967
0
971
919
833
868
0
826
0
869
933
992
825
930
814
980
970
996
974
838
0
0
0
0
960
0
0
0
988
925
892
956
946
932
802
0
972
873
0
904
830
0
986
816
0
828
869
0
0
902
829
845
976
933
834
937
854
937
0
0
0
963
862
887
988
871
0
856
932
844
844
910
0
0
876
886
888
880
803
991
824
822
961
808
912
835
969
901
958
891
943
0
849
837
931
876
937
888
968
853
0
904
0
920
945
855
970
0
0
998
882
918
949
859
0
992
897
905
811
0
845
973
881
0
929
915
931
922
930
813
927
894
877
824
959
931
823
898
929
972
965
867
984
0
0
936
854
0
902
0
820
976
0
844
0
0
841
0
969
871
917
895
881
897
941
812
0
915
891
806
986
889
892
0
816
847
0
970
925
871
926
877
973
831
891
837
849
880
987
914
801
815
993
929
827
958
855
0
803
0
954
925
0
894
951
935
988
0
978
980
901
898
865
957
949
883
896
862
0
810
958
898
956
969
999
839
883
897
0
994
930
852
821
995
901
0
0
994
863
832
814
0
871
878
900
806
952
823
829
820
0
970
0
953
0
0
924
861
996
981
989
831
819
0
943
0
805
924
0
905
944
906
0
982
990
824
891
0
887
940
835
0
853
972
894
909
0
943
950
963
876
0
0
0
858
986
888
843
950
0
890
0
0
985
872
807
984
960
869
898
0
925
909
932
826
855
995
867
0
833
857
0
981
802
0
0
914
969
0
950
904
0
842
935
923
0
886
0
817
837
902
0
805
0
831
814
0
807
845
976
970
0
807
985
0
978
0
966
861
917
993
819
907
0
951
0
827
0
838
833
927
935
901
0
978
0
0
905
885
980
804
0
855
974
971
907
904
984
849
964
983
983
977
837
912
961
885
839
903
848
877
912
943
902
878
962
888
965
0
0
955
0
832
969
818
933
966
897
833
996
923
933
867
882
855
889
971
888
961
923
944
876
967
806
840
980
839
850
829
891
857
0
938
908
972
863
905
0
976
0
0
807
0
918
0
0
860
0
901
971
995
830
922
969
996
0
890
995
935
862
870
817
972
966
876
907
968
905
962
808
941
918
838
946
875
948
806
841
847
862
0
918
0
843
941
984
864
954
946
991
947
994
876
929
931
967
821
833
837
0
0
993
854
842
965
963
0
940
919
947
957
995
862
846
975
889
0
933
0
834
0
0
975
931
935
963
879
981
951
0
864
0
0
809
946
989
976
947
933
844
953
985
918
0
945
930
0
808
0
828
829
834
827
818
0
996
969
0
967
0
0
0
823
919
988
874
0
924
800
814
809
934
978
868
959
891
951
892
858
922
0
865
0
853
848
865
0
878
873
942
926
861
0
0
803
0
939
992
945
862
951
967
844
912
865
918
885
820
954
836
888
905
987
812
930
0
945
934
866
867
924
821
924
920
839
876
0
951
0
838
906
981
974
958
869
943
956
916
834
0
0
0
0
945
0
803
927
954
877
0
881
863
978
801
992
0
978
817
920
889
999
990
0
893
849
883
930
998
889
832
828
947
925
970
882
0
879
848
0
841
968
807
809
873
866
856
894
977
0
865
885
834
981
829
933
992
0
917
855
840
878
813
886
0
0
988
958
958
872
941
936
976
822
844
810
0
819
917
0
0
831
802
906
975
0
811
969
964
986
974
872
936
825
0
946
998
972
802
937
0
0
978
0
930
803
0
972
869
920
871
838
931
889
888
0
956
880
880
923
950
0
899
895
978
937
952
991
983
804
842
803
0
800
918
973
897
0
827
885
931
801
807
859
0
937
806
0
941
0
0
0
991
854
893
982
885
888
864
894
838
809
807
862
0
831
959
982
900
887
951
850
867
0
949
891
899
875
977
913
0
971
804
983
960
974
825
924
0
0
972
934
873
996
888
0
841
901
0
854
841
924
0
860
0
927
972
0
0
995
816
893
977
845
0
877
832
828
822
955
967
938
976
879
964
975
0
997
969
808
0
892
808
975
843
852
953
979
961
936
806
881
914
991
965
860
931
807
0
890
857
981
851
835
0
802
971
0
0
931
0
940
976
823
899
994
0
821
919
928
900
0
920
973
927
821
888
972
0
0
896
0
873
931
999
890
0
995
859
0
914
840
881
931
889
835
949
841
978
937
0
861
966
0
808
954
869
0
0
927
880
0
870
845
0
966
994
866
834
984
841
847
984
0
997
0
958
827
811
850
0
0
825
0
894
997
813
873
909
0
965
908
0
883
816
843
822
0
841
870
941
859
889
950
0
0
810
907
0
0
869
0
939
897
895
837
956
915
810
971
808
871
832
887
867
0
844
974
872
0
824
0
908
849
818
990
800
0
976
928
971
833
959
889
978
860
809
0
0
0
969
996
861
901
0
877
920
995
927
0
0
0
945
935
878
803
0
992
947
869
917
0
830
820
0
815
0
0
934
967
928
892
892
862
0
945
837
930
958
922
904
916
886
932
912
883
978
0
0
915
0
932
0
987
0
840
933
892
0
940
922
825
886
940
977
920
865
818
964
814
814
972
900
981
0
861
819
0
943
0
937
0
949
868
978
992
929
801
0
903
0
810
897
973
0
0
963
0
957
0
871
981
917
971
828
0
871
816
880
0
0
887
853
802
866
961
950
895
857
919
916
0
0
850
901
955
890
847
0
0
996
807
812
909
864
0
0
942
889
927
987
806
852
831
0
856
0
933
813
814
855
0
985
908
0
0
842
863
0
0
886
950
967
835
800
884
971
889
901
852
923
984
828
971
0
0
0
806
0
938
842
813
855
966
970
908
955
982
909
983
0
920
985
964
0
842
911
955
802
0
917
989
993
995
829
881
838
893
0
0
887
0
0
991
0
0
812
0
923
855
901
960
0
861
912
908
816
0
924
896
0
800
891
814
0
0
865
979
842
916
877
922
865
883
920
904
845
0
892
813
922
0
816
0
841
0
0
845
877
976
0
843
0
941
863
804
803
0
873
0
976
820
993
852
0
998
895
855
925
971
985
854
814
831
857
962
0
915
902
877
898
894
0
0
823
924
0
843
852
963
895
831
819
830
834
863
931
977
870
945
853
0
0
935
966
960
846
877
988
884
0
962
938
0
824
989
0
886
946
906
0
0
994
0
863
997
936
845
854
965
0
944
844
884
906
905
883
0
810
823
962
931
872
0
978
0
0
967
942
984
877
971
850
847
896
938
894
806
839
906
0
913
848
921
992
0
872
0
0
973
0
0
0
0
888
980
831
991
916
932
0
863
870
926
0
0
987
990
828
862
881
819
907
922
827
978
889
845
845
935
802
991
935
0
962
953
840
961
877
0
803
0
910
894
902
982
0
818
856
948
896
0
937
953
959
871
0
977
0
0
998
828
907
891
0
918
0
939
0
901
879
953
909
800
0
850
0
851
856
884
0
0
940
885
0
984
824
0
862
995
993
819
823
971
917
955
939
827
0
822
911
812
950
803
847
889
898
937
850
0
0
873
0
994
0
865
985
858
932
887
897
0
0
969
818
801
888
0
0
878
866
0
966
962
0
814
0
813
940
917
0
905
910
0
823
0
974
880
930
0
930
944
825
933
858
848
0
867
802
990
954
840
0
895
962
0
0
967
945
0
822
927
883
979
0
879
926
813
974
0
0
896
914
0
925
940
937
965
920
910
0
829
831
897
856
805
815
878
984
0
866
983
918
924
854
863
879
942
993
872
999
977
940
903
839
886
800
985
0
988
941
943
951
996
0
992
0
877
966
803
961
0
960
953
814
0
0
930
853
975
947
0
804
0
816
0
901
931
0
964
947
0
897
0
993
826
845
994
0
851
907
0
940
841
932
909
884
962
902
0
0
0
893
827
875
872
835
926
970
909
941
0
906
993
953
0
858
858
0
919
801
896
970
899
919
960
995
880
905
922
885
849
0
929
942
860
0
826
933
815
828
805
982
0
836
951
832
962
855
871
812
0
0
0
996
0
956
832
994
0
950
812
846
840
0
0
0
850
836
923
903
0
828
854
807
0
987
889
933
0
0
974
0
863
816
812
836
0
956
0
938
902
802
817
900
993
0
948
0
848
0
929
903
835
895
956
808
802
827
956
986
0
0
997
830
938
945
0
954
0
895
0
853
0
844
835
953
932
990
845
0
945
0
940
949
902
881
910
839
832
830
936
0
885
897
983
0
974
926
0
0
805
827
890
969
978
880
828
866
992
895
0
877
961
813
930
850
0
953
891
849
924
834
0
825
814
0
845
927
885
842
998
0
0
804
947
851
0
845
0
828
902
0
991
0
917
0
916
992
823
884
989
922
957
0
864
909
0
852
950
909
965
930
960
911
0
913
881
0
0
805
0
950
978
930
942
803
912
827
824
817
923
0
926
911
917
903
998
800
0
983
945
951
848
969
852
805
966
981
856
915
924
0
995
0
817
880
822
834
947
857
923
988
877
940
853
836
953
0
887
846
0
868
826
859
0
920
0
962
0
0
0
804
814
0
0
956
905
943
812
973
996
987
940
850
962
0
0
930
988
876
906
980
970
898
986
0
997
831
0
946
886
832
887
946
0
883
946
918
884
920
814
872
801
894
897
854
0
0
853
806
957
883
829
939
834
825
860
871
845
949
0
0
872
905
870
958
961
864
932
891
0
838
935
967
920
923
955
984
869
919
855
884
0
917
975
923
891
887
0
986
829
958
862
956
873
996
0
939
802
0
0
881
907
813
962
0
914
0
0
890
914
965
0
880
964
0
0
870
858
816
878
937
944
851
886
0
909
918
824
818
816
896
982
0
904
950
904
874
905
0
915
981
831
990
885
0
0
998
970
889
887
876
0
838
961
0
928
812
914
822
985
970
917
910
988
918
956
976
844
806
905
833
862
0
889
950
967
841
917
916
901
0
803
0
947
903
849
846
986
0
887
0
0
854
0
807
886
978
824
957
912
0
917
0
998
931
915
964
855
895
916
980
872
954
948
830
895
822
995
928
986
971
978
953
0
922
802
0
817
909
0
803
0
944
865
0
977
0
849
868
943
908
992
813
830
997
853
0
911
821
927
990
827
0
980
881
0
802
841
848
0
812
826
855
962
946
0
968
844
986
944
927
870
0
999
0
938
847
0
0
960
962
0
905
0
0
924
0
829
887
0
863
0
855
920
818
885
993
967
934
812
0
865
0
0
0
990
973
875
919
819
993
811
0
958
851
937
0
848
962
932
931
842
925
980
808
900
846
944
977
0
908
959
935
897
844
952
800
839
949
0
812
884
894
934
0
878
975
881
952
938
0
890
901
0
0
844
855
986
981
946
895
0
949
904
949
909
880
910
889
906
935
817
0
990
899
976
984
830
0
0
938
910
910
804
828
834
868
958
0
863
0
894
0
920
896
861
969
0
847
997
953
933
885
908
893
919
810
842
842
826
886
977
905
888
942
846
838
0
877
953
860
0
914
0
925
963
949
836
0
875
942
816
963
867
809
880
923
0
907
0
854
806
880
0
886
840
902
0
820
867
0
0
970
0
936
832
937
0
806
806
966
979
993
920
966
868
846
0
892
0
901
972
823
0
895
879
0
820
850
861
0
894
0
0
854
0
826
862
0
0
894
0
0
806
964
801
0
889
811
0
911
0
892
954
863
884
874
818
980
855
0
946
901
830
847
968
906
954
0
823
932
947
860
809
885
995
829
907
861
981
0
945
0
0
870
0
847
0
870
0
982
842
804
946
865
888
900
816
866
811
0
907
912
927
984
812
0
978
840
0
908
0
0
846
946
0
908
0
0
982
0
966
919
893
978
964
997
0
901
912
824
902
823
816
807
825
859
956
854
855
0
0
0
952
951
904
814
964
898
979
949
958
804
0
877
862
922
961
933
886
888
992
956
0
907
969
927
885
906
866
0
928
912
909
952
996
996
986
841
0
827
905
0
995
989
970
810
866
964
0
895
984
884
0
0
904
805
913
921
916
972
918
858
970
971
917
0
978
892
989
0
0
909
0
0
909
842
876
816
990
978
876
988
849
937
975
0
815
955
908
989
982
0
0
0
814
0
873
0
920
920
806
952
0
865
944
0
881
0
840
939
830
877
917
813
880
956
948
859
952
969
836
0
0
0
878
985
972
858
938
824
874
921
948
829
0
0
928
896
960
926
981
999
805
843
0
923
957
822
961
887
838
881
850
951
0
839
998
912
886
903
837
952
914
846
844
952
867
976
950
871
0
805
981
828
902
0
886
847
824
0
907
874
883
952
0
958
0
890
816
0
0
974
901
987
0
920
996
807
818
896
964
951
865
0
902
898
958
823
970
915
935
0
870
926
985
936
917
0
909
920
873
858
843
998
986
878
0
878
982
989
0
861
863
975
0
821
920
953
844
0
863
957
869
917
0
892
818
951
946
857
967
818
818
0
851
0
804
0
967
804
0
0
854
940
881
846
0
0
930
843
0
0
915
832
968
995
888
0
891
0
968
0
930
991
997
827
0
847
0
886
818
880
931
889
845
0
0
886
885
861
801
904
944
902
0
871
865
913
951
0
816
820
812
0
925
998
839
855
0
953
964
975
904
813
860
998
944
984
884
900
973
814
853
845
958
956
844
859
931
905
981
925
923
930
0
943
808
999
0
833
0
905
988
977
884
0
915
0
951
811
883
0
841
920
802
862
0
807
841
819
0
0
0
829
0
984
880
970
0
905
905
924
998
983
969
811
934
0
924
946
856
930
0
933
927
962
939
978
993
969
0
814
0
898
871
0
819
853
807
830
948
0
832
829
0
850
944
953
899
0
962
0
837
930
905
953
801
888
981
916
0
973
968
874
811
807
0
966
866
881
976
935
856
0
899
846
967
0
0
0
0
888
845
0
821
804
844
928
0
926
999
923
866
882
805
905
897
857
0
996
0
884
839
911
806
838
803
925
887
885
962
800
889
804
808
850
967
0
896
906
948
0
964
0
885
0
802
824
967
0
889
964
881
958
865
819
0
844
870
912
821
0
918
807
0
0
830
0
928
828
902
874
0
926
913
994
904
830
930
803
955
841
951
846
0
887
919
0
812
880
837
0
978
880
961
0
857
0
928
0
932
0
986
833
936
0
852
871
968
847
842
0
821
936
834
834
0
906
815
957
804
884
827
856
989
961
991
871
940
980
808
814
832
842
0
0
928
996
0
0
896
930
947
0
842
0
0
957
934
847
811
898
0
823
913
853
844
0
834
0
0
979
0
0
943
994
828
837
0
825
967
866
0
0
896
846
916
944
953
821
802
980
0
918
815
849
818
975
950
849
961
867
890
0
0
852
841
895
868
0
0
870
819
875
993
802
0
836
941
823
818
0
854
891
986
867
859
0
0
0
978
806
909
0
920
888
824
926
835
804
941
809
828
803
892
0
892
807
800
0
0
944
0
974
998
0
0
912
812
997
0
979
840
970
951
807
870
834
0
831
0
996
942
897
889
947
973
882
983
837
0
873
0
942
985
893
0
0
983
924
861
0
875
862
879
893
846
0
841
977
879
863
0
804
872
0
996
930
902
929
812
950
895
888
852
919
900
0
0
903
802
0
966
908
946
876
998
0
921
897
875
845
959
969
950
838
822
877
0
0
918
934
947
0
808
825
892
812
891
994
937
825
897
0
0
804
881
0
0
953
911
949
939
915
0
830
912
0
831
0
921
0
957
898
0
892
0
925
818
0
847
955
914
922
936
986
877
964
886
950
837
957
827
878
952
816
816
917
916
0
996
873
861
884
990
0
0
997
0
932
862
0
909
0
920
812
0
992
860
808
945
0
0
822
0
919
0
935
972
815
849
903
935
846
835
946
961
973
853
855
838
978
925
800
975
0
862
909
814
0
953
933
0
863
0
814
907
917
865
933
0
958
830
935
816
948
821
0
0
921
0
804
800
0
0
835
847
844
806
0
991
992
0
903
0
825
816
831
924
942
873
931
982
0
0
818
952
830
929
888
912
879
0
957
870
867
910
0
840
0
921
889
0
973
851
978
820
952
0
959
968
947
922
882
867
814
955
0
0
0
882
928
811
0
937
998
808
831
972
974
946
868
970
918
843
894
0
864
0
863
959
858
993
816
804
0
813
0
0
885
892
804
877
0
820
0
0
979
996
0
804
0
0
897
0
851
911
864
0
915
805
838
889
959
982
914
860
980
808
0
873
873
876
847
930
0
879
815
966
999
861
904
0
826
973
892
915
843
0
860
861
981
890
810
0
909
832
959
0
0
944
0
896
908
0
948
877
931
0
895
870
863
977
825
917
0
912
891
894
971
875
959
882
973
852
997
945
0
0
997
871
848
826
812
947
0
962
998
0
908
954
0
917
870
812
832
918
0
942
957
800
0
0
922
805
976
970
0
994
819
980
971
979
916
959
902
988
826
857
909
880
985
860
898
838
0
0
845
0
976
899
916
934
937
950
0
842
928
818
872
912
900
838
897
865
923
909
836
994
825
938
852
937
0
908
0
875
831
882
903
835
0
879
803
877
857
835
837
909
907
948
891
0
897
953
813
837
0
865
936
0
0
845
836
851
956
0
931
0
893
863
877
813
926
0
829
807
0
897
898
0
897
922
0
0
975
959
995
834
940
873
827
982
870
967
0
884
0
847
856
0
891
0
937
953
0
956
841
912
900
898
869
908
875
0
992
954
953
905
855
813
953
907
0
845
966
824
0
892
0
985
968
0
814
0
870
0
897
851
0
0
962
832
804
0
883
969
849
0
904
806
951
879
0
979
873
930
942
979
845
977
867
994
0
0
905
914
915
990
919
884
862
880
985
925
0
0
943
889
0
0
0
805
0
0
883
938
880
0
880
857
0
964
0
802
995
815
908
813
973
907
834
864
829
0
0
985
830
817
982
0
0
831
0
845
932
0
917
830
861
877
829
937
945
871
0
814
956
816
889
860
970
0
849
888
901
833
821
826
939
0
816
867
885
968
915
901
880
943
984
841
892
848
827
961
909
958
889
842
854
0
802
0
956
845
943
0
964
973
810
874
922
956
936
998
850
0
994
947
892
835
851
976
975
883
0
815
838
895
839
851
919
0
972
893
0
859
957
994
0
960
0
929
924
0
993
0
889
811
850
823
991
928
953
930
0
895
923
828
940
933
960
893
952
900
868
990
863
905
918
887
981
966
811
0
865
813
979
876
907
800
811
944
961
944
996
958
987
950
849
847
858
0
885
936
0
922
927
916
965
0
990
851
0
0
812
0
855
875
842
818
961
948
917
839
944
830
828
973
0
847
911
970
959
938
815
0
877
813
912
980
889
984
0
0
873
979
902
942
806
893
810
800
908
0
0
994
829
962
986
0
968
876
973
806
861
994
996
893
0
945
819
970
967
974
993
959
940
975
862
847
962
852
823
0
0
0
995
0
0
0
802
0
947
855
988
891
914
963
964
862
922
841
931
806
965
904
987
877
0
998
954
907
938
828
973
890
895
919
842
980
933
859
0
855
953
0
837
882
925
844
864
0
995
880
838
877
0
982
845
839
979
957
933
870
906
949
914
913
923
890
820
813
0
0
838
824
816
0
0
957
900
882
893
863
991
0
947
851
827
839
957
0
980
909
943
965
884
872
0
982
0
992
813
805
926
925
846
0
932
956
975
0
0
0
868
943
801
876
983
0
0
968
801
881
908
916
806
922
944
828
840
0
902
902
996
914
916
819
826
855
886
952
909
0
899
928
0
983
818
806
0
994
834
0
895
813
982
0
832
898
993
816
809
0
0
875
0
942
882
908
818
831
835
0
0
0
810
827
0
937
0
976
0
885
0
905
947
906
0
831
897
862
873
903
901
822
898
0
0
878
860
985
836
890
977
856
858
0
0
826
925
812
855
889
0
0
815
0
983
918
865
807
807
914
0
886
852
865
844
907
0
940
802
0
987
965
980
993
886
0
888
969
920
953
0
828
825
837
0
0
915
819
940
880
839
912
845
832
0
992
927
827
958
824
988
993
946
912
895
997
808
994
0
979
916
958
0
887
0
838
993
873
858
815
906
987
989
927
0
918
962
892
922
950
901
940
969
989
984
879
832
962
950
915
900
886
856
986
0
0
980
831
849
829
992
849
993
0
977
0
0
809
859
991
883
932
831
883
884
891
895
841
817
991
940
0
872
811
977
946
992
836
873
964
962
902
967
0
847
991
805
980
873
857
851
980
839
898
992
0
893
975
885
0
936
886
931
987
815
0
913
915
958
948
0
843
873
899
0
850
824
852
922
803
0
0
965
0
921
0
971
923
927
875
834
892
878
0
0
867
962
0
853
843
928
922
941
923
889
894
813
849
871
918
985
837
929
0
837
843
853
873
0
965
816
912
0
920
906
0
962
932
900
0
850
880
954
0
905
901
956
0
858
975
0
874
866
873
955
992
838
971
827
0
919
889
979
993
927
893
0
865
822
976
0
868
825
995
908
842
969
940
836
937
0
931
835
852
956
875
847
0
826
938
0
913
0
993
856
971
868
855
0
964
973
811
901
0
977
0
936
0
0
0
996
903
890
0
0
832
876
910
0
957
924
931
827
858
912
941
848
866
937
860
843
883
856
904
905
918
0
909
993
917
962
964
948
958
888
830
0
0
843
904
837
0
0
0
914
0
889
979
982
964
0
984
957
816
827
975
865
0
952
0
986
870
0
0
979
0
822
0
991
833
866
872
993
932
901
909
890
925
829
815
970
988
0
944
974
825
0
908
0
845
937
985
918
0
977
804
859
0
854
885
818
967
887
826
979
860
816
899
0
838
852
876
958
986
961
984
865
856
806
931
822
978
0
845
883
0
0
884
0
0
0
0
830
851
942
847
907
0
998
813
930
926
0
942
922
903
959
916
870
0
972
0
933
809
958
885
822
952
0
891
0
963
848
982
856
0
956
950
811
966
960
0
962
941
853
0
876
976
806
843
825
812
0
804
0
909
938
889
814
859
974
966
847
952
819
0
953
962
865
972
0
868
907
834
925
909
960
810
860
973
988
937
855
888
885
864
0
894
0
807
0
0
933
0
0
939
967
962
948
916
0
0
895
937
846
968
969
878
986
860
905
913
896
985
936
0
982
959
967
802
893
0
870
0
824
0
976
0
891
0
845
989
891
801
829
0
860
820
939
0
803
994
0
808
917
969
0
856
804
986
811
888
893
0
930
0
818
953
0
810
0
0
980
831
0
860
954
0
802
960
0
0
0
874
877
821
0
995
947
801
912
888
0
843
839
954
878
977
941
0
841
0
813
892
810
0
945
902
0
992
930
870
822
0
838
906
927
985
878
998
953
994
846
893
986
825
914
902
0
995
0
873
906
0
988
936
0
986
0
845
0
870
812
872
0
811
987
0
990
901
944
0
819
913
979
839
819
837
932
875
897
0
848
986
896
0
819
847
984
897
0
865
0
863
811
0
846
973
0
963
865
872
842
959
0
875
0
0
823
854
922
968
803
950
903
946
873
0
0
890
870
915
814
813
823
901
0
0
848
823
988
858
995
848
0
954
885
972
0
944
801
904
916
0
877
816
860
988
884
815
859
979
949
875
993
886
868
870
963
989
870
0
809
872
852
971
857
822
892
0
996
955
0
826
944
831
956
976
0
856
921
898
0
0
827
0
0
0
860
820
0
918
926
918
800
932
0
858
921
871
981
852
957
856
820
823
989
936
880
987
0
853
0
0
848
991
942
865
0
857
941
0
855
922
962
879
822
0
0
884
876
816
928
962
877
0
906
858
878
984
888
830
944
0
964
831
980
826
0
908
957
902
914
0
946
931
825
0
848
891
812
809
0
984
964
884
897
996
938
816
946
883
0
835
945
839
953
963
806
832
0
991
879
822
942
902
984
927
0
940
983
0
856
826
928
801
0
881
807
944
0
900
846
866
902
802
910
878
920
892
967
0
954
890
877
947
926
885
0
981
859
932
0
0
931
953
927
0
929
989
906
878
986
932
953
823
866
938
982
884
981
930
953
983
886
924
808
857
847
813
994
942
913
942
912
987
995
0
982
801
872
872
984
0
820
849
906
962
997
930
0
875
975
888
823
983
857
871
987
912
926
811
0
0
0
973
982
0
0
802
0
973
0
932
933
976
801
0
894
966
858
858
987
987
989
951
815
837
821
952
0
904
925
0
912
994
861
834
991
851
889
0
985
816
872
909
883
893
903
922
980
937
971
931
860
932
0
824
989
900
916
803
821
924
950
942
0
909
856
973
0
806
923
882
895
815
908
979
856
829
0
852
964
820
0
873
910
818
904
0
892
909
0
813
925
953
834
0
891
880
802
0
0
849
859
915
861
919
808
825
944
0
847
902
875
829
923
995
869
905
882
830
812
0
896
958
846
0
937
867
971
0
0
0
943
876
0
981
854
835
950
987
908
0
0
800
979
827
835
957
970
944
978
842
0
947
928
874
0
973
0
955
802
861
837
873
873
880
0
907
960
893
890
908
997
0
842
0
0
0
811
971
884
849
873
0
935
997
0
0
937
908
855
0
856
929
0
0
834
817
864
995
0
892
840
0
800
812
884
0
0
937
924
827
816
844
910
933
937
902
0
835
0
975
804
857
867
872
873
888
919
920
894
985
902
929
0
829
893
0
0
0
0
841
978
0
0
875
895
0
898
851
953
925
914
860
912
921
861
814
973
841
980
0
957
931
873
985
891
834
0
810
820
818
808
913
969
822
956
860
987
857
897
906
910
935
0
