0
605
797
0
500
412
0
114
569
27
859
144
0
472
94
0
30
812
809
18
492
799
58
752
68
777
621
198
52
601
0
748
277
123
33
900
261
715
970
61
0
461
990
218
916
774
559
928
101
316
631
761
519
828
21
260
823
754
684
161
539
386
705
725
319
91
181
266
367
689
418
0
655
441
490
177
236
0
492
631
209
0
673
131
145
276
474
721
634
923
649
617
835
158
0
289
177
116
572
7
605
0
894
106
232
706
453
0
126
276
0
348
169
68
199
0
115
247
907
447
699
177
487
655
445
398
409
329
281
349
643
222
0
487
604
866
964
773
967
540
135
640
812
806
424
27
338
807
484
777
409
364
925
172
616
800
256
689
471
475
522
638
319
276
493
368
817
0
433
759
331
421
0
521
829
144
13
920
408
326
366
688
836
25
773
0
990
921
465
646
304
203
0
63
633
139
190
515
147
529
797
894
0
36
394
323
252
997
91
0
498
47
676
0
845
186
187
431
674
513
541
358
358
290
36
517
0
68
662
0
703
185
0
481
563
438
0
391
939
38
403
322
36
664
0
0
823
338
629
729
236
864
495
626
192
544
135
343
565
435
556
613
854
97
939
600
540
314
149
111
847
867
35
282
888
431
384
538
2
463
273
619
807
317
754
381
826
932
267
842
903
889
252
816
485
731
0
235
860
832
0
106
36
0
966
374
486
96
997
164
484
356
423
846
0
539
791
592
10
298
296
989
325
0
464
379
142
909
0
820
22
63
79
179
0
0
464
967
39
58
322
0
37
697
539
32
0
0
737
383
623
582
303
0
862
232
431
756
346
0
465
0
0
562
505
386
521
510
745
484
178
82
581
0
0
230
911
846
0
152
541
492
301
465
940
488
428
477
207
43
387
750
503
166
884
326
205
210
551
376
500
232
394
966
0
0
99
831
245
346
220
0
0
942
568
72
0
368
574
305
857
0
859
621
143
282
364
209
253
895
596
475
480
0
0
910
114
332
0
795
469
753
835
241
14
38
182
0
96
0
0
837
0
732
182
195
627
991
836
641
609
18
0
0
0
814
400
0
470
888
799
769
123
851
241
0
761
787
331
393
0
291
380
0
50
860
647
728
780
608
762
128
937
840
818
0
476
933
152
33
412
706
323
374
0
0
946
345
409
129
835
115
926
471
469
430
858
903
993
296
0
903
92
245
20
508
545
963
655
334
430
821
738
756
780
56
937
711
321
305
719
174
686
800
749
467
268
453
203
56
654
0
77
991
770
130
873
160
142
0
354
0
327
912
444
327
940
510
461
889
573
796
770
0
0
0
615
169
0
610
103
778
156
0
666
677
162
0
281
489
4
866
165
366
991
125
0
155
0
359
0
453
252
486
99
946
0
0
538
347
911
0
689
573
955
857
512
50
122
471
209
863
407
56
856
773
14
704
406
8
0
43
0
572
33
552
0
871
947
0
34
489
625
395
319
32
194
502
928
0
787
0
407
0
838
106
0
925
0
0
84
456
260
756
229
981
636
163
393
665
263
277
467
0
321
382
740
642
165
163
418
106
10
170
308
761
900
639
55
0
308
0
998
912
835
910
676
163
245
561
114
0
997
96
831
345
0
0
699
401
360
111
0
95
486
688
878
912
981
809
0
666
351
73
34
35
583
328
777
171
719
414
458
816
149
641
186
369
452
0
361
78
73
200
469
0
935
0
29
72
136
0
905
815
62
520
123
839
0
715
241
358
515
0
606
552
227
0
905
267
247
663
604
574
746
637
0
0
0
2
657
0
840
0
0
698
0
379
397
732
803
374
614
459
669
676
820
678
705
532
569
126
91
997
245
409
538
699
0
17
801
574
245
787
0
461
0
403
778
765
306
575
463
0
842
222
74
0
118
401
207
678
403
505
386
351
566
803
970
451
310
477
0
326
804
464
543
739
607
0
30
967
384
316
0
813
67
74
228
503
0
0
400
635
3
779
608
172
791
0
119
961
14
323
0
0
251
720
403
756
0
70
977
449
760
564
740
765
113
529
488
49
0
574
267
201
359
117
80
0
27
276
0
164
346
129
347
401
17
0
536
542
796
326
784
309
510
856
327
326
245
108
0
570
985
976
0
822
609
626
0
951
551
682
236
423
503
817
0
31
204
0
0
664
675
212
48
78
320
308
577
561
478
672
800
941
668
66
728
147
0
819
0
0
65
955
701
0
768
971
348
243
23
40
337
0
279
160
959
517
24
220
248
455
811
33
698
695
166
941
805
651
242
941
302
806
442
0
194
102
859
0
498
484
220
835
911
360
801
536
0
296
182
738
215
511
763
151
362
376
454
903
378
594
198
880
270
0
316
298
133
0
0
602
770
57
805
779
577
36
833
388
482
346
727
226
554
320
676
889
412
723
0
717
643
195
388
757
385
0
426
557
987
334
578
728
855
582
620
564
640
691
873
134
971
820
619
383
12
953
947
276
820
943
659
683
958
861
0
661
348
160
329
598
649
185
639
52
927
22
144
348
47
356
0
115
0
111
574
542
296
0
323
985
841
372
782
671
535
0
0
67
580
275
203
303
147
0
904
564
477
988
443
802
617
504
742
0
300
298
164
24
795
986
836
333
687
535
562
401
523
142
359
777
0
865
613
209
835
457
594
727
940
0
0
0
0
694
523
449
749
646
961
809
271
839
143
372
748
966
21
0
424
791
509
12
101
530
474
0
922
552
539
767
422
616
994
38
220
598
0
169
676
423
0
926
689
0
245
796
182
323
0
913
939
809
896
119
705
320
650
741
921
0
690
924
0
305
0
987
193
931
0
362
657
995
461
498
818
0
0
119
403
739
248
623
45
890
370
890
129
0
0
502
678
189
803
624
27
339
290
237
925
0
617
629
531
568
465
253
975
0
913
813
925
116
784
283
0
482
213
623
910
686
162
205
908
504
407
728
659
672
2
944
215
0
536
640
182
651
472
68
0
846
942
471
573
95
787
326
738
985
913
0
396
0
690
797
812
967
94
464
354
902
0
362
332
946
715
186
644
689
586
76
18
700
906
0
425
349
902
0
427
0
592
898
718
462
0
217
951
216
842
40
344
175
141
422
417
113
0
946
0
862
369
333
0
101
959
388
27
0
36
174
641
178
825
741
124
157
86
335
586
736
243
270
457
0
0
598
456
556
372
785
673
898
303
792
0
95
94
199
845
0
568
469
955
486
0
784
215
841
939
396
0
247
458
206
868
38
66
544
544
459
689
144
0
992
398
169
15
178
642
0
188
251
964
865
386
932
770
104
891
199
98
235
673
341
981
75
0
593
636
609
677
52
486
90
566
34
0
291
386
252
412
0
664
803
257
931
119
0
580
25
550
0
349
498
905
872
437
551
533
64
0
240
395
721
488
637
236
304
305
26
0
686
955
402
534
0
0
0
186
539
72
430
857
688
461
309
511
372
809
0
247
0
476
565
83
50
0
985
822
240
0
0
843
880
762
482
0
141
0
727
579
0
450
0
779
996
957
203
66
657
656
655
0
872
549
449
714
939
413
868
512
702
395
663
580
636
276
874
244
407
529
399
708
0
132
918
0
39
427
0
312
763
601
147
425
428
0
0
307
394
480
664
493
775
0
513
371
347
381
751
268
522
818
0
679
498
30
115
187
791
0
858
512
878
0
510
763
782
896
690
458
476
0
0
137
968
516
502
985
81
631
582
809
685
413
907
950
0
153
587
811
569
295
0
170
232
80
0
906
466
244
280
380
919
856
691
909
118
365
0
911
639
127
0
945
273
774
370
0
993
135
0
733
0
723
68
379
646
91
597
527
529
872
879
563
428
452
566
958
804
872
195
214
705
775
366
0
638
433
0
471
763
780
905
892
859
812
247
431
592
368
903
50
912
403
856
151
671
119
797
206
565
0
0
107
948
768
216
155
39
349
763
629
754
987
664
856
675
233
0
0
210
31
0
534
0
194
41
939
290
905
947
185
511
304
906
429
895
198
312
591
144
680
926
84
147
168
620
0
0
930
161
41
0
110
320
414
848
0
0
766
759
876
517
667
0
989
708
973
308
325
854
312
71
897
314
210
708
865
227
724
301
715
444
972
962
809
907
674
10
574
993
122
981
778
327
362
535
705
812
868
83
137
107
0
322
154
474
181
893
707
705
472
518
286
830
911
496
918
0
214
126
436
467
161
514
400
501
101
193
355
978
0
0
0
599
991
0
87
38
360
503
71
0
450
237
77
488
265
0
947
911
145
723
569
956
242
690
424
47
5
501
166
903
212
164
624
979
772
336
736
121
419
519
560
329
238
868
641
401
835
304
69
662
252
766
18
447
513
298
305
296
471
809
765
326
376
0
320
967
38
50
968
948
322
0
539
691
230
72
260
202
0
479
68
340
288
420
873
65
420
0
265
240
111
210
0
0
175
366
617
0
601
129
152
139
513
0
789
0
845
307
517
481
269
235
0
598
520
332
0
213
0
846
344
163
441
34
468
755
818
421
368
694
486
789
90
0
162
203
147
198
537
183
468
0
961
719
385
597
5
542
9
316
798
0
492
699
541
296
857
0
209
0
306
245
454
0
650
94
66
0
516
768
154
539
0
305
648
740
5
337
975
0
0
0
716
899
383
325
0
836
158
0
469
627
356
55
375
103
336
555
604
687
90
547
636
566
0
347
0
857
56
915
523
3
111
257
387
878
953
152
545
699
160
256
272
110
0
0
963
496
624
931
789
307
464
0
874
88
145
35
53
0
365
0
307
210
630
415
465
778
0
744
799
297
799
177
358
989
0
903
863
666
575
108
903
67
741
464
544
985
502
216
474
691
305
0
516
295
516
943
0
228
221
668
893
435
992
0
709
897
930
664
185
286
424
889
531
360
462
75
0
563
411
126
251
852
285
726
403
546
144
947
872
978
75
966
174
336
379
145
0
104
325
929
83
901
25
559
509
522
254
867
694
550
57
743
316
0
698
0
316
864
662
388
132
148
315
416
274
878
938
632
415
260
58
487
358
325
859
92
407
351
463
0
378
580
921
354
544
822
985
155
181
230
648
516
0
861
749
813
0
687
0
536
216
4
293
600
153
940
0
465
8
456
0
797
342
199
509
345
970
376
858
246
607
227
302
669
0
639
49
685
851
590
0
285
105
833
541
928
719
32
724
398
77
508
942
253
0
517
328
956
648
315
897
340
771
0
0
579
0
749
624
0
565
849
531
0
980
965
780
951
104
127
752
655
290
0
621
245
56
73
0
570
594
275
0
902
459
240
81
39
893
72
740
295
861
0
0
378
669
669
302
243
190
942
383
463
88
993
0
0
433
582
831
773
285
519
866
969
891
500
141
80
0
501
772
549
289
821
0
40
0
930
922
60
559
997
579
626
558
281
706
745
911
273
484
651
0
350
0
378
273
0
166
0
74
744
138
720
108
153
318
906
339
0
754
0
304
220
648
0
708
0
68
445
36
464
143
20
856
34
842
985
198
203
690
0
689
0
631
349
707
260
5
516
749
0
0
927
169
378
127
902
749
299
763
915
185
26
627
415
496
46
825
0
806
194
474
957
925
183
54
656
379
919
472
0
959
329
824
53
139
0
348
918
174
882
484
193
439
649
952
506
129
841
151
412
170
292
998
682
96
435
804
352
268
722
0
927
590
522
119
915
519
371
938
199
438
90
632
972
164
321
777
398
517
379
282
508
773
35
222
976
880
303
924
362
144
0
582
763
705
202
337
943
813
378
927
0
530
0
244
271
880
916
610
24
0
911
415
778
649
205
953
922
162
0
922
263
0
118
800
372
677
104
0
140
981
443
890
697
240
424
394
899
549
226
659
196
896
275
630
454
598
454
302
722
0
384
423
946
802
526
244
0
500
963
827
14
531
801
665
710
304
471
878
60
740
624
854
753
0
303
621
409
0
142
364
545
14
583
74
0
270
147
0
332
0
843
809
629
472
0
975
0
0
669
169
530
0
497
699
635
904
82
3
113
718
508
297
808
39
174
309
0
173
503
597
28
307
0
994
804
614
823
98
940
421
438
918
567
499
0
0
423
235
382
366
115
772
912
383
247
328
50
93
0
170
593
929
728
487
568
239
580
0
55
841
332
259
450
911
163
632
641
0
153
85
447
872
765
47
243
198
329
68
909
209
963
704
328
0
822
0
0
305
946
992
880
685
754
518
479
0
228
687
669
378
0
497
0
451
322
193
0
501
24
592
402
0
997
101
737
416
485
855
296
546
655
913
825
229
19
637
421
891
59
581
226
596
381
499
18
592
527
0
399
0
325
543
683
567
951
0
983
50
25
274
241
143
0
525
251
329
198
798
263
401
972
419
271
562
843
381
325
801
380
69
281
387
877
794
425
52
281
662
0
253
655
406
777
118
609
316
904
0
715
398
762
413
987
286
68
0
221
0
302
127
244
699
451
0
362
613
302
472
917
341
555
978
931
0
260
0
410
761
833
295
678
699
487
326
703
280
409
100
594
428
470
0
0
583
0
205
888
406
372
646
494
269
0
247
0
316
0
900
410
0
663
0
0
611
222
769
247
412
971
416
688
25
63
875
659
345
217
464
912
511
3
606
760
471
950
601
349
0
820
895
334
8
171
401
626
298
564
987
186
169
482
907
664
830
340
0
668
536
243
902
271
635
322
362
0
810
188
967
0
880
820
271
175
320
65
660
366
95
274
134
365
820
612
163
547
140
724
725
0
605
45
724
671
349
363
461
328
238
0
70
638
234
851
407
707
628
0
549
422
268
145
290
343
860
552
0
723
878
581
281
130
191
4
708
849
546
825
538
878
332
314
812
183
0
294
0
643
703
22
596
430
0
719
207
0
133
477
193
644
15
0
950
856
911
288
716
893
216
190
749
880
904
193
613
810
0
380
0
519
417
204
333
440
426
808
525
847
0
876
605
191
0
5
518
856
414
999
453
980
139
249
422
57
343
925
864
491
778
17
0
390
867
180
858
0
554
0
629
587
357
381
0
44
443
412
349
9
539
204
278
522
749
637
895
0
500
670
888
848
0
294
591
0
365
472
748
222
185
63
475
821
43
414
678
951
0
988
931
689
178
141
0
675
496
420
899
435
4
942
299
916
82
0
302
188
380
0
174
0
114
865
491
382
141
0
42
296
757
669
808
552
879
587
61
0
220
317
738
169
877
460
996
904
151
0
993
715
348
285
384
576
794
35
765
349
221
207
0
102
0
758
191
0
534
424
93
288
645
139
530
231
0
317
709
814
0
187
563
466
317
548
568
168
82
280
277
0
0
79
480
738
0
458
403
551
0
443
0
586
642
0
153
233
918
873
383
992
293
383
763
610
3
501
472
967
0
174
0
42
138
608
0
0
79
679
631
112
379
599
291
956
338
473
726
160
306
568
379
745
674
891
46
248
576
989
914
871
211
571
617
3
298
792
470
720
438
747
378
752
18
763
522
846
0
352
941
939
478
653
688
539
328
0
149
641
824
0
311
48
254
268
792
0
598
715
123
487
481
179
0
756
572
816
505
682
602
802
362
76
0
727
587
0
0
65
325
0
600
463
915
24
113
24
917
0
519
0
42
0
299
462
0
896
639
486
650
123
738
962
222
956
479
0
926
99
537
87
753
532
0
909
157
234
373
0
62
584
692
704
528
554
705
0
174
536
88
0
441
316
895
978
995
368
248
579
0
125
89
579
62
559
459
710
31
154
55
272
92
0
0
640
0
761
555
678
33
604
563
0
0
780
33
149
386
236
770
617
657
18
188
579
811
0
214
420
0
709
153
88
185
0
718
592
341
880
417
114
138
299
0
65
691
592
664
839
665
522
0
541
682
228
705
644
350
806
43
155
0
0
240
23
706
950
563
574
657
394
0
623
872
130
247
582
940
235
960
914
957
294
808
23
469
0
905
826
569
934
308
740
163
728
566
435
426
512
591
276
703
719
0
643
745
0
928
583
900
866
438
0
910
56
552
641
351
423
57
504
995
700
251
0
569
210
126
0
836
897
940
993
26
911
508
402
555
820
204
865
608
462
65
0
99
582
56
864
545
325
184
914
593
718
316
271
255
0
201
479
656
0
586
607
659
39
838
972
582
739
0
420
337
493
682
439
0
398
940
657
420
881
0
827
96
0
519
410
843
483
166
414
622
521
574
244
309
514
243
421
495
846
566
13
856
211
935
297
261
964
0
464
114
937
0
186
566
503
805
742
461
906
964
450
295
31
436
265
158
930
0
0
627
415
297
0
978
271
333
491
0
0
691
99
0
789
333
911
106
885
0
0
87
757
990
184
946
895
498
177
895
38
464
875
679
740
773
0
0
0
811
855
0
210
862
612
32
655
18
933
342
33
590
745
830
802
902
520
231
697
699
197
0
535
620
582
116
720
0
0
490
696
536
862
736
600
894
0
715
773
391
967
332
711
871
369
803
817
779
0
498
0
865
0
0
0
467
240
0
664
465
0
415
778
808
997
931
175
440
382
0
896
592
582
789
0
126
198
0
498
543
0
445
809
846
0
464
119
747
0
495
459
722
2
874
343
343
644
576
31
0
708
830
17
501
766
0
193
322
998
67
988
27
932
184
587
0
722
520
360
99
989
602
624
917
805
493
162
0
946
521
257
122
317
88
888
949
456
970
967
939
39
0
321
947
452
970
0
577
300
818
425
386
779
170
534
161
111
469
185
8
433
496
649
39
101
0
320
426
141
79
639
664
56
333
126
0
230
633
788
0
10
452
0
428
0
0
0
893
727
985
187
977
712
771
456
102
258
661
303
0
990
840
0
332
810
461
467
739
53
348
646
127
377
320
755
0
474
909
0
823
218
11
989
544
471
159
581
204
578
510
648
966
189
797
327
0
304
61
540
38
58
795
305
0
0
451
31
36
298
0
349
932
996
232
0
514
210
627
286
456
582
46
205
174
737
260
65
808
0
679
486
839
864
911
198
230
0
275
0
666
199
0
802
66
0
142
526
792
680
397
351
634
0
0
888
0
900
314
414
674
480
398
661
971
0
0
650
408
0
800
100
718
171
605
73
16
297
373
278
499
966
228
306
562
151
324
207
68
572
62
174
305
0
69
0
157
442
0
135
403
322
469
719
34
361
310
204
833
164
0
902
770
957
80
194
400
0
356
424
0
831
825
953
309
416
0
660
525
42
631
650
665
545
106
0
633
275
0
591
949
175
53
879
0
211
345
109
18
247
239
474
634
358
145
503
190
691
404
330
677
884
758
0
416
756
410
106
298
899
862
0
888
0
783
0
774
31
973
832
0
224
310
620
0
953
892
192
943
286
448
0
983
293
489
882
730
254
461
640
322
0
753
174
489
78
477
0
388
24
119
0
104
203
0
41
501
0
55
889
797
773
0
922
0
485
410
366
847
296
112
123
522
325
885
498
788
0
591
0
166
467
233
950
138
282
0
806
887
133
699
290
110
557
89
869
610
284
26
269
326
180
789
983
802
0
0
131
233
845
0
0
517
110
0
800
94
973
775
461
547
485
639
819
897
965
380
91
264
744
668
387
340
458
71
908
708
23
990
812
36
37
835
686
625
73
0
0
482
795
403
427
891
66
906
939
101
175
375
531
342
285
806
162
173
855
761
95
0
757
379
738
0
184
0
543
0
666
949
166
0
0
409
0
0
855
463
899
598
449
251
618
801
84
392
866
277
0
834
367
708
757
974
963
49
448
388
687
0
40
985
526
504
905
602
121
367
912
350
644
194
100
356
174
784
743
883
423
55
372
598
905
0
794
556
802
153
952
218
806
664
697
241
800
395
200
326
664
346
986
739
0
199
657
466
290
193
366
103
360
199
519
194
0
503
296
833
274
876
669
599
962
541
914
0
0
10
199
175
467
0
0
942
337
191
113
124
0
207
0
644
679
227
0
13
419
350
817
909
134
103
516
0
215
0
0
0
950
476
295
124
712
650
85
479
134
0
115
627
531
0
928
586
540
151
771
482
534
826
240
472
865
900
772
169
876
350
437
916
424
0
539
14
749
319
469
804
675
727
836
248
592
98
656
244
905
355
617
336
462
509
866
474
922
597
546
295
134
605
808
291
222
682
593
87
445
452
0
53
233
409
942
0
961
212
0
178
233
809
865
35
460
500
474
111
911
136
511
705
983
0
604
610
328
586
322
0
374
968
200
855
906
730
603
839
287
656
612
0
0
152
0
235
346
331
999
557
271
229
767
400
397
718
349
884
881
91
43
774
27
0
32
38
467
32
0
464
212
226
333
623
898
235
655
280
947
978
0
555
75
345
969
957
263
28
655
678
365
191
552
956
956
228
718
757
809
0
802
879
950
0
337
961
0
806
28
168
510
142
306
192
322
0
200
50
549
783
661
303
575
208
215
817
917
454
948
240
0
896
820
0
175
415
580
995
898
0
405
0
727
529
918
221
78
197
0
514
29
453
987
83
743
573
323
59
0
478
598
559
338
823
0
182
268
194
935
543
48
554
687
45
718
673
0
380
185
0
601
604
0
970
891
925
0
307
913
699
820
0
879
338
479
705
316
990
846
428
66
0
138
0
191
212
806
0
98
731
859
0
444
111
794
0
100
439
424
0
297
301
538
327
986
514
959
0
307
566
294
740
946
921
900
486
0
0
576
0
139
700
81
710
814
111
928
167
300
416
0
873
548
0
568
809
738
0
242
479
625
928
807
338
0
0
453
502
0
739
78
320
535
890
462
341
872
919
511
0
129
687
563
376
500
183
118
0
825
487
612
5
587
473
0
644
271
184
0
0
0
211
282
855
113
0
28
98
0
829
453
523
613
0
780
30
367
766
945
63
179
15
926
0
460
0
498
72
703
82
515
119
575
337
706
39
0
149
0
362
735
0
652
38
458
0
0
226
77
661
557
948
491
936
734
802
492
27
355
484
0
101
484
629
737
96
203
928
29
607
320
676
562
370
0
981
549
856
304
0
152
90
411
858
141
54
800
994
229
326
163
518
61
726
926
350
255
946
464
0
142
345
0
463
124
178
168
731
829
0
745
0
0
364
140
355
0
234
207
105
967
617
456
104
0
771
602
177
639
191
306
894
197
414
278
567
0
396
248
1
0
542
749
562
65
619
608
531
0
900
0
311
179
0
0
0
477
828
616
637
513
316
777
729
383
0
56
0
72
0
308
889
401
890
217
75
449
691
906
599
139
547
126
246
80
656
372
804
19
703
547
856
0
160
99
806
0
895
119
0
526
109
806
899
0
233
510
859
453
745
0
0
374
80
0
903
542
830
152
314
0
0
282
958
97
200
752
0
482
537
463
944
167
398
903
246
889
307
109
147
0
0
837
0
706
520
361
905
555
0
35
612
0
151
420
64
0
156
667
494
706
631
409
236
623
0
654
787
136
30
577
412
523
129
951
0
714
909
429
991
513
636
251
607
0
379
677
614
637
280
140
414
220
306
537
43
201
498
747
893
792
18
887
598
207
809
142
0
523
0
0
0
142
699
264
641
585
279
829
939
408
537
815
345
335
885
663
234
992
583
27
0
194
326
871
0
797
280
825
502
560
708
853
32
685
0
304
50
963
565
0
688
792
619
0
281
538
845
36
612
0
761
364
864
582
837
0
0
0
967
561
723
142
0
216
593
939
118
895
0
0
566
852
227
501
919
104
823
421
409
724
999
317
568
87
155
479
177
0
727
680
247
133
449
0
865
306
444
613
0
374
142
0
0
792
0
64
0
0
985
893
96
135
790
12
488
45
486
85
484
121
40
601
753
120
39
61
587
22
734
341
604
487
0
0
848
246
262
732
736
145
634
458
640
652
0
147
539
684
0
0
519
925
495
303
0
77
407
905
384
478
0
359
0
842
636
413
365
198
87
789
0
285
302
772
472
0
98
891
100
725
453
738
379
753
0
656
895
495
985
397
239
699
251
644
35
192
111
0
364
80
699
0
0
529
33
265
700
0
890
421
977
600
7
0
952
627
674
594
865
399
812
658
248
229
976
854
846
518
596
0
0
648
220
20
889
54
0
531
496
0
933
76
223
459
75
330
453
0
0
276
828
172
626
0
732
991
0
815
316
672
717
777
502
40
609
868
0
312
38
0
347
726
669
549
0
140
940
59
594
0
980
169
745
532
0
0
38
459
187
351
474
290
618
679
460
322
794
780
140
0
264
792
529
0
829
4
459
865
536
530
0
0
899
426
701
367
675
988
217
982
113
98
96
675
56
693
146
857
571
999
120
0
0
871
793
0
300
839
259
600
918
0
28
366
501
0
21
0
399
853
21
616
192
862
182
770
838
62
0
800
643
0
678
344
677
512
911
591
360
845
0
403
0
289
959
981
421
581
428
605
139
877
674
0
240
586
464
722
977
634
634
110
801
227
500
0
0
30
355
903
641
0
33
829
0
154
950
573
759
249
291
0
797
878
349
416
331
708
877
893
527
725
601
681
27
281
173
800
783
503
852
902
692
0
280
842
179
671
0
642
776
47
535
342
272
154
39
457
694
583
260
800
544
232
195
130
106
520
813
941
195
865
189
175
52
702
639
144
503
307
857
546
639
821
329
443
438
226
470
45
249
460
891
909
23
607
875
2
712
0
358
557
84
0
474
200
100
367
0
542
585
64
265
4
154
0
486
876
605
596
0
934
607
931
347
354
65
146
0
944
161
42
316
774
812
478
642
185
0
938
259
0
633
614
122
192
661
288
421
189
106
979
765
354
536
483
812
48
0
0
823
256
135
431
627
873
0
123
67
668
388
613
803
141
486
395
127
680
71
517
56
144
49
0
824
890
918
596
0
724
422
996
46
157
706
659
679
874
771
0
145
89
392
13
111
50
439
766
234
830
279
0
700
459
950
486
0
545
59
503
0
513
743
0
0
367
363
0
527
873
307
206
123
0
232
314
608
665
87
151
563
834
670
625
977
660
962
99
520
663
957
844
280
651
91
981
103
830
0
928
754
689
343
756
991
160
925
839
74
66
757
209
624
422
90
663
0
926
0
481
915
947
685
40
53
697
567
381
0
671
57
904
248
234
950
39
740
343
456
888
503
869
866
419
911
549
424
945
207
152
829
0
0
865
573
876
545
0
298
0
775
751
841
0
731
530
854
718
911
271
211
823
829
725
185
567
810
71
799
636
196
834
484
121
249
88
70
306
908
623
383
121
797
396
550
615
348
606
972
749
684
471
565
346
836
142
0
0
228
728
385
835
27
417
566
580
945
84
450
269
523
872
851
0
139
240
499
499
583
349
343
151
576
373
563
838
773
343
102
0
190
610
277
350
136
783
0
63
105
314
939
985
890
536
759
605
59
298
0
991
556
372
407
707
747
128
959
213
360
823
259
0
208
14
663
0
338
189
466
86
292
906
798
573
900
687
986
295
106
681
575
331
123
0
301
980
133
933
375
607
161
475
435
0
641
0
0
715
503
147
0
457
339
113
34
636
273
147
237
235
3
978
590
930
0
424
0
18
0
363
925
0
989
0
574
972
0
644
258
900
691
284
0
817
511
661
297
179
967
0
408
893
421
530
249
596
503
0
991
0
766
395
362
867
860
800
936
232
658
653
26
796
755
0
298
991
0
628
912
942
246
475
851
333
117
0
0
725
383
270
355
631
901
456
262
573
137
25
104
186
539
522
556
465
609
354
84
241
0
0
426
594
290
0
0
276
774
168
77
0
111
75
0
922
348
394
0
592
205
461
864
993
914
62
657
582
0
576
661
314
404
26
834
909
705
303
301
15
617
0
537
96
977
0
291
0
0
775
556
766
0
836
0
0
668
241
307
3
361
180
871
233
505
624
626
872
710
666
345
274
452
323
384
688
299
0
0
535
0
442
197
0
806
962
520
915
831
683
17
470
386
638
613
0
18
0
456
358
0
819
557
727
237
946
291
874
370
620
488
598
257
966
285
60
918
899
423
527
888
328
491
715
871
584
394
739
0
31
303
414
330
269
367
134
983
575
538
926
456
282
815
135
600
0
0
934
513
751
372
395
836
0
968
768
405
197
20
894
292
689
373
902
457
942
553
228
0
354
796
765
338
596
553
933
269
0
582
355
843
352
813
746
0
380
0
782
294
677
990
545
705
319
854
0
0
327
260
515
400
0
987
940
925
0
386
244
0
0
265
520
387
174
105
559
174
549
235
0
406
238
778
348
211
692
0
0
811
0
0
674
677
326
708
103
0
208
327
0
104
958
345
790
7
899
797
607
743
841
407
362
0
968
0
785
350
953
757
85
891
813
146
23
583
575
208
987
266
971
723
811
493
613
638
568
682
647
711
849
360
0
701
657
404
629
0
573
110
456
427
651
725
276
97
562
0
912
756
0
635
0
334
0
0
862
252
407
993
0
0
332
878
336
833
997
882
226
382
399
372
0
17
285
571
704
623
420
855
708
990
480
884
180
757
516
604
215
986
460
0
97
335
12
0
426
878
931
0
0
707
867
0
768
785
0
0
41
5
430
569
0
16
254
396
504
825
926
269
703
155
325
264
0
277
812
572
898
0
64
416
507
726
0
619
668
805
588
117
40
770
612
319
493
939
505
0
444
229
606
3
65
578
0
617
369
412
529
135
930
947
0
953
379
541
579
484
659
366
0
646
70
0
384
617
528
872
337
0
830
840
398
758
789
974
0
610
817
514
0
771
200
885
488
952
701
349
347
0
731
747
860
668
405
350
0
0
0
588
129
277
224
861
481
963
450
273
756
238
518
696
86
824
423
98
424
463
779
526
893
936
641
0
0
339
0
277
463
466
980
0
129
91
368
600
386
814
327
981
552
779
955
728
0
629
333
0
399
0
161
911
213
152
145
928
626
193
196
115
325
494
638
390
576
3
554
130
493
210
17
0
661
0
983
963
215
328
917
959
498
602
752
663
45
627
367
416
354
367
530
128
800
241
197
953
41
0
0
347
855
101
219
526
631
827
49
988
0
820
268
940
0
128
558
244
625
966
377
0
678
865
218
478
672
249
40
0
492
256
0
511
0
181
817
540
521
400
940
636
227
608
701
855
0
531
0
664
708
733
41
145
0
545
0
719
558
439
896
772
543
269
234
867
794
298
705
247
682
862
501
332
971
416
802
49
0
586
454
0
72
177
0
234
486
674
675
331
65
363
854
959
936
307
20
757
5
588
347
0
781
816
0
654
186
28
398
18
416
182
850
195
965
954
873
0
377
472
695
230
0
511
874
873
543
0
331
782
4
909
810
756
748
266
0
314
510
0
510
163
0
172
0
582
694
568
101
803
0
0
0
723
846
699
104
32
281
649
275
912
683
0
851
180
35
792
0
582
439
612
766
810
0
756
0
448
0
322
948
307
703
639
482
992
85
594
988
708
146
0
718
213
232
3
894
85
430
129
855
781
0
82
0
728
0
629
559
165
0
303
868
0
845
369
0
123
838
303
663
8
113
36
667
295
962
321
188
267
999
141
764
288
0
367
433
149
745
470
461
393
905
791
768
620
523
465
959
257
132
723
110
569
344
160
325
724
706
952
630
383
567
247
407
858
765
470
174
940
0
32
0
461
0
410
0
388
0
0
240
566
82
191
537
583
484
865
217
877
0
527
911
360
658
361
292
891
569
277
101
816
82
0
0
987
137
629
0
655
0
0
463
812
761
834
108
170
718
912
803
105
566
669
424
261
25
529
132
475
350
515
181
825
92
689
759
111
484
888
889
665
267
0
971
564
449
253
388
931
918
68
320
956
163
256
929
398
745
506
454
247
951
0
707
0
349
720
536
235
398
655
193
467
650
106
131
687
950
374
0
294
515
306
463
27
121
399
982
893
944
873
271
823
653
180
689
813
0
224
219
0
0
0
0
409
738
24
629
887
737
0
557
248
556
579
312
0
354
0
553
397
465
534
184
857
505
665
290
0
746
728
930
781
0
418
331
847
178
799
573
263
247
119
348
640
749
975
27
119
0
379
414
242
441
272
83
77
911
129
598
328
0
316
628
554
221
438
88
960
940
18
322
739
408
298
233
0
476
968
896
740
119
894
944
0
40
812
113
527
161
307
211
259
26
871
373
146
16
861
526
654
728
987
409
0
891
278
532
482
623
0
879
485
214
541
875
625
0
668
527
728
199
40
751
0
813
186
400
145
442
671
975
1
0
0
421
867
82
769
796
277
663
961
243
691
646
0
0
0
39
646
848
690
34
110
901
508
273
841
454
50
983
0
0
0
207
747
0
914
657
933
998
53
0
899
845
40
295
200
820
946
575
197
167
194
601
658
98
725
42
206
823
0
796
233
902
23
254
481
631
186
0
137
738
891
0
987
188
390
904
556
499
637
587
271
947
233
591
398
375
384
256
623
443
460
0
192
25
0
164
190
302
176
107
655
0
35
581
123
770
467
604
14
23
873
961
913
36
580
427
91
0
424
468
0
25
942
484
151
302
93
50
900
549
629
0
378
441
957
420
342
67
348
800
862
0
985
124
855
0
921
337
414
398
326
753
248
96
601
316
123
829
208
755
505
457
583
396
963
827
28
629
629
24
278
987
0
20
0
472
149
709
565
925
786
469
314
418
961
516
585
261
1
147
538
801
707
411
0
0
483
144
670
577
441
521
282
0
851
0
0
574
323
40
134
809
813
174
25
0
597
0
47
755
0
559
253
651
412
722
0
25
410
422
587
102
752
316
294
881
33
988
646
100
0
0
526
712
906
175
900
706
278
903
871
120
229
675
681
774
0
725
14
0
624
942
575
504
450
49
398
559
0
629
532
188
20
0
82
0
0
0
561
499
430
802
45
309
323
960
0
476
517
0
0
679
518
126
32
694
859
366
119
74
490
829
888
0
241
0
321
746
0
337
971
271
925
641
550
312
527
766
5
818
963
509
0
0
170
0
170
274
0
268
357
0
18
895
808
0
590
27
127
718
888
517
504
650
730
415
486
39
567
246
0
39
976
56
27
812
232
185
663
298
626
553
208
825
273
988
18
165
655
887
482
390
0
82
0
365
390
0
188
90
0
339
512
0
234
746
910
130
348
214
0
857
235
413
465
833
493
876
446
5
177
144
431
230
0
0
382
637
0
0
820
839
116
178
0
763
529
759
501
421
496
522
517
350
292
384
593
241
663
145
381
758
763
978
23
827
745
932
377
171
0
110
905
85
603
580
0
0
0
889
797
61
854
693
281
478
314
567
0
991
872
228
987
926
756
0
416
0
0
737
623
904
472
0
365
0
189
336
0
777
495
0
924
635
906
590
648
653
188
0
433
853
652
155
0
830
30
334
569
617
236
13
384
911
761
615
740
0
251
279
619
143
784
825
349
601
872
876
166
368
624
254
328
0
998
423
929
143
0
290
0
191
522
995
469
96
830
184
320
605
783
0
602
479
839
995
0
149
396
307
280
587
846
146
173
642
608
810
338
0
710
0
266
269
238
820
182
303
0
0
0
556
149
0
390
189
0
664
702
87
69
0
134
206
402
0
427
826
862
623
183
10
39
306
348
677
127
0
331
936
0
920
538
846
787
169
642
0
720
160
383
372
283
741
498
147
879
517
903
694
931
867
956
378
682
946
728
0
0
343
44
0
846
368
0
0
802
587
755
73
0
800
121
134
287
898
576
0
248
109
825
22
518
857
800
185
665
71
189
628
666
354
971
703
518
268
850
868
463
557
879
499
709
0
0
336
664
0
789
830
310
0
226
224
748
55
413
263
730
0
801
935
122
514
0
508
0
96
0
568
492
408
2
0
331
0
165
0
403
959
12
748
0
124
905
425
563
667
212
486
789
694
648
273
96
802
487
525
611
860
443
534
0
248
905
519
902
0
0
16
774
94
367
0
656
0
0
362
1
147
502
734
596
571
783
0
87
799
466
912
345
796
723
155
696
940
195
0
812
248
485
637
565
561
188
0
702
789
0
26
986
569
919
647
636
0
804
68
514
0
360
80
66
898
544
322
620
8
43
817
631
326
463
152
393
610
163
2
756
517
953
966
482
157
872
428
428
0
164
789
307
550
315
0
435
526
568
251
222
552
412
424
352
579
826
410
520
722
474
297
31
973
912
115
612
405
139
735
0
0
560
341
0
999
503
938
151
636
86
942
274
765
811
325
86
0
965
845
761
556
214
587
925
499
90
777
87
830
26
0
916
923
770
919
725
571
482
971
0
0
62
382
85
671
196
36
892
0
861
746
209
366
273
541
0
103
418
657
0
24
947
21
213
86
437
0
452
989
624
90
464
57
897
166
804
244
239
329
769
0
349
93
941
0
569
843
231
520
909
373
973
775
350
627
0
0
700
0
542
0
708
604
0
120
852
259
563
196
292
246
452
338
493
264
824
128
954
369
834
579
541
271
786
430
0
495
69
310
986
916
0
947
544
8
243
378
748
567
195
0
358
933
418
516
427
222
544
154
241
754
0
688
619
492
291
778
106
0
70
220
276
0
623
335
551
0
566
708
979
0
0
743
340
0
352
0
580
198
247
723
9
288
939
125
934
483
697
360
0
278
832
461
644
531
0
727
81
652
749
837
853
487
648
0
902
0
834
834
906
475
323
596
613
0
423
558
873
0
108
312
875
947
469
802
339
0
0
0
569
923
947
0
976
606
62
523
863
522
0
22
0
980
708
367
117
0
954
529
713
729
673
836
807
301
380
156
10
840
977
248
820
424
910
586
533
307
958
973
772
162
874
316
771
74
268
500
0
798
412
878
539
645
478
89
308
166
699
99
823
499
0
547
194
0
152
529
710
38
562
0
32
0
220
0
692
633
670
484
798
851
384
553
638
277
98
244
0
123
170
0
625
233
314
45
512
924
134
226
919
770
544
976
0
0
504
444
379
55
703
681
366
683
64
20
224
964
547
113
570
525
131
25
317
465
0
0
170
0
449
455
943
791
686
736
64
394
804
308
336
203
88
0
0
744
722
963
55
263
971
581
204
139
653
579
740
414
197
989
218
966
224
485
100
928
0
918
814
458
65
706
685
0
20
871
0
614
625
121
573
333
688
933
568
812
424
625
377
838
718
354
0
591
418
309
0
635
206
224
647
919
8
606
0
0
737
0
783
289
71
767
49
730
827
81
189
981
804
120
449
406
145
773
754
940
50
666
308
0
760
811
659
509
162
243
0
480
872
325
736
147
145
698
0
138
0
827
841
401
416
281
278
530
688
62
163
622
0
602
11
228
310
639
356
586
235
221
111
0
619
520
0
848
889
793
280
122
977
249
900
117
299
269
682
572
463
966
472
303
912
0
668
398
961
323
234
906
402
748
636
725
243
62
504
737
0
0
107
220
189
0
0
0
89
738
864
293
884
717
0
17
276
0
381
488
860
677
761
698
564
33
683
12
205
270
240
664
195
854
121
198
35
0
579
720
927
14
332
972
688
130
522
231
539
559
728
521
535
624
989
306
620
819
174
540
346
78
928
0
608
361
304
246
54
0
842
192
660
88
687
0
0
0
647
898
779
377
695
663
803
553
527
375
516
960
746
590
0
55
0
571
378
523
444
0
0
0
403
148
459
314
322
252
508
889
136
360
229
0
981
320
474
990
826
428
647
162
900
0
740
698
958
101
908
457
395
493
214
312
419
537
53
316
0
108
590
531
259
419
25
191
749
0
328
459
566
574
620
917
544
562
0
897
784
151
331
197
167
226
531
905
50
262
0
300
179
661
962
70
986
0
0
582
711
0
526
0
230
8
105
397
728
384
585
0
910
648
427
413
804
482
748
863
379
783
107
403
0
962
164
0
269
686
802
523
608
181
858
370
743
118
721
921
932
477
728
0
639
379
765
695
861
530
504
0
721
775
705
71
519
183
0
864
749
153
522
801
450
271
63
4
637
317
0
710
435
244
582
805
471
151
953
965
743
771
999
0
300
77
0
555
963
732
531
839
671
288
99
306
295
725
535
355
849
64
893
678
0
113
566
465
199
256
261
476
130
653
826
263
68
971
567
522
55
289
220
148
962
0
698
0
491
970
0
847
736
860
223
29
0
393
634
465
267
207
780
281
55
397
113
166
0
474
407
0
488
0
775
897
560
468
365
662
624
318
119
665
911
562
875
708
895
709
149
31
426
309
116
493
159
324
892
380
883
482
557
514
416
661
900
0
565
736
496
259
0
421
520
908
106
383
0
843
360
416
936
865
511
36
669
534
40
623
1
517
348
188
862
730
514
0
195
0
703
71
189
459
164
698
0
788
613
479
990
492
665
124
489
0
72
442
923
646
842
43
608
489
0
732
529
941
661
0
728
598
637
513
366
314
329
0
0
388
0
906
915
710
163
843
659
849
0
814
641
154
512
514
720
162
581
207
192
91
423
534
271
29
0
557
0
35
0
145
0
600
642
189
663
623
681
270
442
352
0
507
641
218
874
667
424
184
751
443
147
0
214
0
623
0
0
0
0
22
681
767
0
314
0
0
788
0
782
777
929
0
430
0
562
920
0
396
649
304
903
387
762
4
308
803
488
805
348
922
659
456
236
371
0
210
238
961
307
132
565
339
519
304
632
381
345
546
500
0
824
55
591
243
0
0
204
68
943
264
55
826
229
453
873
948
311
612
688
634
933
918
776
106
957
383
575
355
197
813
701
726
0
478
873
295
261
857
0
460
538
0
0
433
183
801
360
62
358
0
366
49
0
322
269
491
613
782
0
829
262
106
132
293
0
141
248
0
617
203
889
750
128
866
0
374
49
651
160
552
672
556
304
347
638
708
868
719
210
148
849
0
371
471
641
325
217
825
670
187
0
272
276
421
0
946
578
572
286
744
372
240
767
987
548
491
179
0
792
458
76
0
47
979
844
121
331
631
0
746
657
0
0
672
543
962
25
505
813
0
801
679
857
853
10
935
80
382
933
980
683
730
0
252
686
970
479
777
829
0
935
359
723
310
354
624
0
779
835
0
252
503
937
165
998
614
0
242
329
539
2
372
305
381
433
865
641
385
630
315
531
754
938
878
0
801
464
538
888
563
311
92
703
495
490
521
510
62
448
668
598
472
400
83
0
936
0
151
619
640
223
28
535
765
280
797
123
901
806
0
404
619
339
249
0
321
529
665
186
192
707
518
235
652
39
122
66
85
418
708
64
827
89
508
802
0
990
929
262
935
0
0
462
897
232
467
467
586
158
63
816
166
840
366
912
459
574
941
598
767
944
785
26
751
0
227
401
597
415
416
0
0
199
60
153
380
912
878
848
466
48
0
719
846
696
257
648
174
0
387
905
865
397
743
568
734
0
420
0
652
459
366
342
354
651
396
0
456
962
380
629
668
0
40
331
188
132
290
400
25
411
126
413
155
306
514
898
671
516
367
20
81
738
889
523
847
492
0
106
359
0
0
0
7
748
116
229
723
0
633
485
884
818
991
835
669
267
302
649
422
215
673
0
268
471
724
835
5
465
274
980
304
438
740
85
69
511
332
0
317
254
0
0
566
536
122
966
305
983
340
0
900
718
573
809
802
0
64
281
0
75
501
272
536
91
550
301
262
520
0
0
805
277
0
782
267
475
0
145
0
0
32
465
0
348
0
544
196
427
117
224
189
864
136
608
736
665
430
132
723
462
0
0
38
194
998
686
656
289
139
731
326
0
125
910
676
201
806
185
616
0
898
686
522
763
301
304
542
778
878
965
220
90
624
447
281
3
314
294
548
268
640
643
13
862
317
189
0
293
458
794
772
349
323
738
492
477
0
538
147
330
0
154
483
981
615
980
573
915
782
573
588
463
492
4
999
350
746
442
164
0
694
833
830
677
508
322
36
222
0
964
981
293
360
181
860
124
0
293
310
897
7
38
0
441
0
269
410
177
190
0
205
476
0
676
820
359
442
639
994
536
303
955
818
780
715
69
9
0
938
780
648
632
854
872
387
606
812
591
568
792
0
745
856
736
88
797
69
489
71
556
169
884
59
0
27
828
156
845
539
453
21
39
812
103
348
133
137
831
294
110
117
466
256
909
141
515
728
671
190
483
859
493
30
127
0
620
892
544
954
547
804
884
229
858
223
489
562
0
354
232
748
194
441
0
66
414
246
116
515
235
210
933
155
163
678
117
0
52
38
640
792
402
0
905
444
662
316
744
632
951
0
972
753
765
877
760
183
0
168
0
761
0
211
600
888
327
0
882
908
802
876
881
0
242
355
616
667
36
684
0
0
457
48
830
606
933
25
683
677
456
40
980
0
810
764
181
930
975
302
144
366
876
334
0
96
8
0
154
529
113
120
717
0
370
29
0
920
141
624
467
116
998
0
66
0
170
996
572
147
860
551
152
0
245
705
80
194
927
220
182
0
534
679
892
972
252
798
799
415
104
708
164
0
47
794
471
0
365
82
598
555
928
935
894
949
0
157
730
708
153
350
91
478
479
484
637
494
612
0
0
399
694
0
0
972
375
104
17
990
427
770
0
511
756
288
825
781
1
176
670
119
446
569
331
0
43
861
241
713
570
449
0
981
743
0
72
0
248
0
467
229
686
269
414
170
0
365
7
529
832
376
33
359
561
532
0
102
22
598
651
95
0
498
859
962
766
0
297
260
127
0
321
303
243
425
950
294
472
280
715
678
583
297
0
456
304
442
254
23
952
437
43
598
625
0
513
706
0
0
276
853
583
0
928
749
607
186
470
545
651
612
129
0
748
0
92
0
0
107
577
74
5
617
936
568
817
746
754
729
525
406
17
320
118
393
442
396
0
779
586
723
656
410
246
996
365
0
