0
0
0
0
502
0
0
0
0
263
0
0
0
932
0
0
0
735
0
682
0
0
0
0
709
0
0
0
0
765
0
0
0
0
0
818
0
0
0
0
0
0
0
0
344
0
0
0
0
0
0
0
0
269
0
0
0
0
0
0
0
0
0
0
0
0
0
0
530
0
0
0
0
0
0
0
0
0
0
0
662
757
0
0
0
0
572
937
0
0
0
0
0
0
0
0
0
0
148
13
0
0
0
0
805
0
0
0
0
794
0
0
0
0
0
0
0
0
474
0
0
0
0
0
0
0
0
0
0
0
0
0
0
843
0
0
0
0
0
0
942
0
1000
0
0
0
0
582
0
0
0
0
782
483
0
0
754
0
0
0
0
0
0
0
0
0
706
0
0
0
0
823
0
0
0
0
0
0
1000
0
0
0
0
0
0
0
873
0
34
0
0
0
0
0
0
0
944
0
0
414
0
0
0
0
377
530
0
0
0
0
999
292
0
976
0
0
0
0
0
0
0
0
0
0
0
0
0
355
0
0
0
437
0
0
0
0
0
0
0
0
0
534
0
0
262
606
0
0
0
0
0
0
0
992
236
0
0
0
0
0
0
0
0
0
0
0
1000
0
706
0
0
0
754
0
0
0
0
784
0
0
0
203
0
0
0
0
122
0
0
739
886
0
145
0
88
0
0
532
722
0
0
0
0
0
31
0
0
0
0
0
0
0
0
0
0
0
0
966
324
0
0
0
0
753
0
0
0
0
0
0
0
855
0
0
0
0
0
0
420
0
0
0
0
0
0
0
0
0
0
0
0
0
0
0
0
0
0
0
0
902
0
575
0
0
0
0
0
0
591
0
323
0
946
0
170
751
0
0
0
0
0
993
0
0
0
0
0
0
0
0
0
0
0
0
0
607
0
742
0
0
502
805
377
31
0
0
0
0
0
0
0
199
0
0
0
0
0
0
0
0
0
0
0
0
0
0
0
0
686
0
0
976
0
0
801
0
135
565
696
781
927
0
0
0
0
0
0
0
0
0
0
0
0
0
941
0
0
0
0
200
0
0
0
0
0
946
0
0
0
0
0
0
0
0
0
0
0
0
0
0
0
0
0
164
685
0
222
0
0
0
0
0
0
0
0
0
0
0
0
928
0
0
530
0
0
0
1000
0
0
0
0
0
0
0
0
0
1000
0
459
0
0
0
0
0
0
0
831
1000
0
0
0
0
0
745
0
434
0
0
0
0
0
0
0
0
523
182
0
0
0
0
0
265
0
0
0
0
0
653
0
0
0
0
0
0
0
0
340
0
0
0
0
0
252
0
0
0
0
0
0
0
0
83
0
0
971
0
70
79
0
0
298
0
0
0
0
0
0
0
0
882
0
0
0
0
0
1000
0
0
0
0
0
0
0
0
0
0
0
0
0
0
0
0
0
0
0
0
0
0
0
0
0
0
0
0
0
0
0
916
0
31
0
0
0
0
0
0
996
0
426
0
879
377
0
727
259
0
0
0
0
930
0
0
0
0
0
0
0
0
0
0
0
0
0
764
0
752
0
0
1000
1000
0
0
987
0
0
0
0
0
613
0
0
678
0
0
0
0
0
0
0
0
0
0
0
0
0
0
0
0
0
314
0
0
0
0
525
0
0
0
0
637
0
0
0
0
780
375
0
0
0
0
0
0
0
0
0
0
0
0
0
0
1000
472
0
0
278
0
0
0
1000
0
0
0
0
0
0
852
496
0
0
0
0
0
0
0
0
0
0
0
0
0
0
440
889
717
968
0
0
0
832
924
0
0
0
0
0
0
636
0
0
0
1000
0
516
45
0
0
0
0
732
0
0
0
0
0
0
0
0
0
0
548
0
0
0
0
0
0
0
0
0
831
0
0
0
666
0
0
0
0
0
0
0
0
0
0
0
902
0
0
0
0
0
0
170
0
731
82
0
0
0
0
0
0
0
0
0
0
0
0
0
0
0
568
0
0
0
0
64
0
0
319
0
0
0
205
0
0
0
0
0
0
914
0
21
0
0
0
0
943
0
1000
0
0
0
0
789
790
0
427
0
0
263
794
0
0
0
0
0
314
548
0
0
0
0
0
0
0
0
1000
0
0
0
0
0
0
0
421
0
0
0
0
1000
0
0
0
0
0
0
0
594
0
0
0
0
0
0
0
0
0
0
0
0
0
7
0
0
0
0
0
108
0
0
0
0
0
0
0
0
0
0
0
0
0
0
0
0
0
81
0
0
0
0
0
0
0
0
1000
0
0
629
0
0
0
0
0
0
0
0
0
237
930
0
0
999
0
0
0
0
0
0
0
0
0
527
0
0
0
0
0
0
766
0
0
0
0
0
0
0
0
252
0
0
0
782
0
0
900
0
352
0
0
853
694
0
0
0
0
0
0
159
0
0
0
0
0
0
0
0
0
917
778
0
649
1000
0
0
0
0
822
0
0
0
0
0
885
0
0
0
0
0
0
0
0
0
0
0
456
0
283
0
0
0
600
0
586
0
0
0
0
0
0
0
0
292
0
199
0
0
0
0
0
0
0
0
0
629
0
0
627
0
666
0
0
0
0
0
0
0
0
0
0
0
0
0
0
0
0
0
1000
0
0
0
0
0
688
0
0
890
0
0
0
0
0
0
0
0
0
707
0
0
0
0
0
0
0
0
148
0
1000
0
189
0
860
0
495
0
0
0
0
0
0
0
0
0
0
0
0
0
0
0
0
0
0
0
0
0
0
117
0
0
0
0
0
0
0
0
0
0
0
0
0
527
0
0
0
638
1000
0
417
514
0
0
0
0
0
0
0
0
0
0
0
230
0
844
148
0
0
0
0
0
0
0
0
510
0
0
632
0
113
0
0
921
0
0
0
315
0
0
1000
0
0
812
319
7
0
0
40
0
0
0
0
0
0
0
1000
948
0
0
401
0
0
0
0
0
0
0
0
0
0
0
0
0
556
0
0
0
8
630
0
0
144
932
0
976
0
0
0
0
0
0
0
0
0
0
0
0
0
0
85
0
0
0
0
0
0
0
0
0
0
0
0
0
232
0
0
0
0
0
0
0
0
0
0
94
0
0
0
0
378
234
120
0
0
762
0
763
0
0
0
0
0
0
0
0
0
0
237
0
0
0
74
0
0
0
0
0
968
0
0
0
0
0
0
0
0
0
0
0
31
0
242
737
273
0
0
0
0
0
0
0
0
0
0
0
0
0
0
0
525
0
0
0
629
638
0
0
0
815
0
0
0
0
0
0
0
44
0
0
0
964
0
0
0
0
0
750
0
0
0
0
0
0
0
0
0
0
151
0
0
0
0
0
380
0
0
0
677
0
0
0
0
0
0
0
0
0
878
0
0
0
0
0
0
565
0
0
0
0
0
0
0
0
0
250
0
0
779
0
0
384
0
0
0
0
0
554
0
0
611
0
152
0
0
0
0
0
0
0
0
0
0
0
0
1000
0
0
0
174
29
217
1000
0
0
0
826
721
131
0
0
0
0
0
1000
0
0
0
0
0
0
0
0
0
0
440
274
840
0
0
0
0
0
0
0
0
0
362
0
798
0
0
0
0
0
0
0
0
0
0
0
0
84
0
0
0
219
0
0
339
0
0
0
0
0
0
0
0
0
0
0
0
0
850
0
463
0
0
0
0
0
0
0
0
0
0
0
0
1000
0
0
0
0
0
0
0
0
815
174
0
922
0
0
0
0
0
0
0
0
478
0
0
0
0
0
0
0
0
372
0
591
945
0
0
524
0
0
0
941
296
0
0
0
0
418
0
0
0
0
0
1000
0
0
0
0
503
0
0
0
0
0
0
0
871
0
733
0
0
1000
0
0
0
580
0
0
0
647
0
0
0
0
0
0
0
0
0
0
0
0
0
1000
0
0
735
0
0
966
0
0
0
0
0
1000
0
627
417
85
0
29
922
0
0
0
0
0
0
0
0
0
0
6
0
0
0
0
0
442
537
0
0
0
0
0
0
0
0
0
0
0
95
0
0
0
0
0
782
0
0
253
0
0
0
0
0
0
0
0
846
0
0
0
0
0
0
0
0
0
0
0
0
0
0
0
0
0
0
0
0
0
0
0
0
0
0
0
0
0
0
0
0
0
0
0
0
474
0
324
0
459
0
0
0
0
0
0
514
0
0
217
0
0
0
0
0
0
0
0
0
0
0
0
686
0
635
0
301
0
807
324
0
815
0
758
0
0
0
0
0
0
0
0
0
0
0
30
0
0
0
0
0
0
0
151
0
0
0
0
747
0
0
0
979
0
0
0
0
0
0
0
0
0
0
504
0
0
312
290
711
0
0
0
0
1000
0
0
0
0
796
182
0
0
668
357
682
0
0
0
0
0
0
637
831
0
766
666
0
0
0
1000
0
0
0
0
0
0
0
403
0
0
0
0
0
0
0
0
0
749
811
504
0
0
0
0
0
0
0
0
0
0
0
0
0
0
0
0
0
277
450
0
0
0
0
0
0
415
0
0
0
238
617
0
0
0
0
0
0
0
751
0
0
0
927
750
0
0
564
0
0
0
0
0
0
394
0
0
5
0
0
0
0
0
0
0
0
0
0
0
0
0
0
0
0
0
0
0
0
0
0
0
0
0
0
0
0
0
0
0
0
0
0
0
0
0
0
0
0
0
0
0
0
0
0
0
0
0
0
0
0
0
0
0
0
0
0
0
0
0
0
0
0
0
0
0
0
0
0
0
0
0
0
0
0
0
0
0
0
0
0
0
0
0
0
0
0
0
0
0
0
0
0
0
0
0
0
0
0
0
0
0
0
0
0
0
0
0
0
0
0
0
0
0
0
0
0
0
0
0
0
0
0
0
0
0
0
0
0
0
0
0
0
0
0
0
0
0
0
0
0
0
0
0
0
0
0
0
0
0
0
0
0
0
0
0
0
0
0
0
0
0
0
0
0
0
0
0
0
0
0
0
0
0
0
0
0
0
0
0
0
0
0
0
0
0
0
0
0
0
0
0
0
0
0
0
0
0
0
0
0
0
0
0
0
0
0
0
0
0
0
0
0
0
0
0
0
0
0
0
0
0
0
0
0
0
0
0
0
0
0
0
0
0
0
0
0
0
0
0
0
0
0
0
0
0
0
0
0
0
0
0
0
0
0
0
0
0
0
0
0
0
0
0
0
0
0
0
0
0
0
0
0
0
0
0
0
0
0
0
0
0
0
0
0
0
0
0
0
0
0
0
0
0
0
0
0
0
0
0
0
0
0
0
0
0
0
0
0
753
0
0
0
0
666
0
0
0
0
0
0
826
0
0
0
403
0
0
0
0
0
504
0
0
0
0
0
0
0
0
391
877
0
0
0
0
0
0
0
0
0
0
732
0
0
0
0
0
0
0
0
0
0
0
0
0
0
0
0
292
0
0
0
0
0
0
0
0
0
0
891
0
0
0
0
0
0
0
0
0
0
0
139
0
0
0
0
1000
0
0
0
0
0
0
0
183
709
0
0
0
0
0
0
780
0
0
0
0
0
0
44
721
0
0
0
0
0
0
0
0
0
495
0
0
0
0
0
937
0
0
964
0
280
1000
0
0
0
0
0
0
0
845
0
0
0
0
0
0
517
0
0
0
0
0
0
798
0
0
0
0
0
0
0
757
746
0
0
0
579
0
0
0
0
0
0
0
0
0
0
0
0
0
0
720
1000
0
0
0
0
1000
573
0
503
0
0
0
0
0
0
0
0
0
0
375
0
421
0
0
0
0
0
131
0
0
0
0
0
0
0
504
495
0
0
0
0
0
0
1000
0
0
0
819
0
0
0
0
0
347
0
0
0
118
0
860
0
0
640
0
0
0
768
1000
0
0
0
910
0
0
290
0
0
0
0
0
0
0
237
365
0
0
0
0
472
0
0
0
0
0
0
0
0
0
0
0
0
0
0
42
0
0
0
0
1000
364
391
0
0
0
0
0
0
831
0
0
0
0
0
0
0
0
0
0
478
0
0
0
0
0
0
0
0
0
0
968
0
0
0
0
0
0
0
0
459
782
0
0
0
0
0
115
0
0
0
0
0
0
0
0
0
522
0
475
0
1000
626
0
423
0
0
0
0
0
797
0
0
0
0
0
0
0
0
0
177
0
0
0
206
0
0
0
0
0
0
0
0
0
0
66
0
0
0
0
0
0
0
0
0
0
355
0
0
1000
0
0
0
0
0
0
0
0
0
0
0
6
0
0
0
0
0
0
0
0
968
0
304
0
0
0
0
0
0
0
0
0
0
0
0
0
0
0
0
753
0
948
0
0
0
0
180
885
132
0
0
715
0
397
1000
0
0
0
0
0
0
0
254
0
0
0
0
0
0
0
0
0
584
149
0
0
0
888
0
710
0
0
0
0
212
0
0
140
0
0
0
0
0
0
0
0
0
0
686
0
0
0
0
0
252
0
0
0
964
0
0
0
686
0
0
0
0
0
0
0
0
304
0
0
0
0
892
0
0
0
0
0
0
0
872
0
0
0
0
1000
676
0
0
0
0
1000
0
0
0
0
0
0
0
0
0
0
0
0
0
230
0
0
0
757
0
0
0
0
444
0
0
0
0
0
0
0
0
0
0
202
0
0
0
0
0
55
872
0
0
0
0
0
0
296
765
0
0
0
0
0
0
0
0
0
0
0
0
0
0
0
0
0
0
0
0
0
0
0
0
0
0
0
0
0
0
0
144
0
0
0
0
0
0
722
0
0
0
0
0
0
0
0
0
0
0
716
0
0
0
0
953
0
0
0
0
0
0
0
0
0
0
0
0
0
25
0
0
0
878
0
0
0
0
0
0
0
0
0
0
0
0
0
0
0
0
0
0
0
0
0
0
0
0
0
0
0
0
0
0
0
0
0
0
1000
0
0
230
0
0
0
0
0
635
0
0
0
0
0
0
0
0
0
0
0
0
0
0
0
499
0
674
0
0
0
0
0
0
0
850
0
0
0
0
0
0
0
0
0
0
0
0
0
0
0
870
0
0
0
0
0
0
785
0
0
0
0
0
0
50
0
0
0
0
0
0
0
0
577
0
0
0
0
0
0
0
0
0
0
0
0
0
0
999
0
0
0
437
855
976
0
0
0
0
0
0
0
0
232
0
1000
0
0
0
0
0
0
0
0
937
1000
0
0
0
0
0
0
0
0
4
0
0
0
168
0
0
960
0
0
0
0
247
0
0
0
0
0
0
0
929
0
0
0
887
0
0
565
0
0
0
0
916
0
0
0
311
0
0
0
880
0
0
0
0
0
213
0
0
0
0
0
0
0
0
0
0
0
0
0
0
0
0
980
0
0
0
0
0
0
0
0
0
0
0
0
782
0
844
0
0
0
0
0
301
0
0
0
0
0
0
0
0
0
892
144
0
0
0
880
0
0
733
725
1000
0
486
461
0
0
702
711
0
0
880
0
0
0
693
0
517
681
0
0
892
0
0
689
0
0
0
0
0
143
0
0
0
0
0
81
0
0
0
0
0
0
0
0
0
631
0
893
0
0
888
235
269
0
0
0
0
1000
0
0
0
0
0
843
0
0
0
745
0
0
0
0
0
0
148
0
0
0
0
442
0
749
0
0
0
0
0
0
0
0
0
0
0
0
880
0
0
0
0
0
0
268
0
338
0
0
0
0
0
0
1000
0
671
0
0
10
0
0
501
0
0
0
0
0
0
0
0
0
291
0
0
0
0
0
0
0
75
0
0
0
0
0
0
0
0
0
0
0
0
0
0
0
0
0
0
0
0
0
0
998
349
0
0
0
0
0
801
0
0
0
0
0
0
0
0
0
750
0
0
537
807
811
0
0
0
391
964
0
0
0
0
0
499
4
0
0
0
229
0
0
586
815
0
0
0
0
0
0
0
0
0
0
0
0
0
0
0
0
0
208
0
0
0
1000
0
0
0
996
0
0
0
0
0
0
101
0
0
0
338
0
471
0
0
0
0
0
23
0
0
0
297
0
0
0
609
0
0
0
0
929
0
0
818
0
0
0
0
434
0
0
902
0
900
0
0
0
0
0
372
0
324
504
0
0
0
877
0
819
0
0
0
0
0
0
0
0
229
0
0
0
0
0
0
0
0
0
0
0
924
0
813
177
0
0
0
1000
0
0
0
0
925
0
691
840
0
0
0
0
0
0
0
0
0
0
0
690
0
0
0
0
0
0
0
0
0
0
0
0
0
82
453
522
0
0
0
630
0
0
0
0
0
0
0
0
0
0
135
0
0
0
0
0
0
0
0
0
0
0
0
0
0
0
0
0
0
0
280
0
459
0
0
0
674
0
733
0
0
0
0
0
680
0
0
48
0
0
0
0
0
0
0
0
0
0
0
0
0
0
0
0
339
0
0
0
883
331
0
0
0
0
0
0
0
0
0
0
880
0
885
0
0
0
0
0
0
0
0
0
827
36
0
0
0
0
0
0
0
0
0
592
973
0
0
0
0
0
565
0
916
0
0
0
352
1000
0
0
0
0
591
0
815
0
0
0
0
0
1000
0
782
0
0
0
0
0
725
0
0
0
0
0
0
0
0
0
0
0
0
65
734
0
972
0
0
0
0
363
0
0
0
0
587
0
0
0
0
524
0
0
0
0
142
754
0
0
0
0
0
0
0
0
0
0
0
0
0
0
0
754
0
0
0
0
0
0
0
0
0
0
0
0
0
0
0
0
0
420
696
0
0
0
0
594
0
0
0
0
0
0
945
0
0
0
0
0
0
0
0
0
0
0
0
0
0
168
1000
0
586
0
680
0
0
0
0
0
0
267
0
0
0
0
0
0
0
0
0
0
0
0
0
0
0
0
0
520
0
0
796
787
0
0
0
0
0
0
0
0
0
0
612
0
0
0
0
0
0
0
0
1000
0
0
0
0
0
0
0
0
0
0
0
0
0
0
0
0
0
0
781
0
31
0
0
0
0
0
0
0
0
0
0
0
758
0
0
0
0
0
0
0
0
0
0
722
0
0
0
268
815
0
0
0
0
0
0
0
897
696
0
0
0
0
0
659
0
0
0
0
0
0
0
0
194
0
0
0
0
0
0
0
0
0
0
0
0
0
0
406
0
0
0
0
0
0
990
0
0
163
0
0
0
0
0
0
592
0
0
0
827
0
0
0
0
41
0
942
0
0
927
0
0
1000
0
0
853
0
0
0
0
0
0
0
0
0
0
0
0
0
0
0
0
0
872
0
0
0
486
0
0
0
0
0
0
0
0
0
0
231
0
731
0
0
0
0
951
0
0
0
0
0
0
553
678
0
0
0
0
0
1000
0
0
0
0
0
0
1000
0
201
821
0
0
0
0
0
0
0
1000
0
0
0
0
306
0
0
0
921
284
0
670
0
0
0
0
0
0
0
534
0
0
0
0
472
0
0
694
0
0
0
0
0
524
0
0
0
0
0
0
0
0
347
0
0
0
0
0
960
461
338
0
0
48
0
0
0
0
0
446
0
935
0
0
0
0
0
346
0
0
76
0
0
0
0
0
607
0
0
478
0
0
0
0
0
0
0
0
0
0
0
0
0
323
0
0
0
0
0
0
0
0
574
0
683
0
0
0
0
0
0
0
0
0
620
0
0
0
1000
0
0
0
0
0
0
170
0
0
0
510
94
0
440
0
0
0
0
0
0
0
0
0
0
0
0
0
0
0
0
0
0
0
0
0
0
0
897
0
446
0
0
0
261
0
0
0
0
0
973
404
0
0
0
0
0
0
0
0
794
0
0
931
0
0
0
604
866
0
753
0
0
0
0
0
448
0
552
790
0
0
0
0
1000
0
0
0
212
0
0
0
0
0
0
0
0
745
0
0
0
0
0
0
0
0
0
0
0
0
688
0
0
0
274
0
0
0
0
0
0
0
0
0
0
115
0
0
0
0
0
0
0
0
0
0
0
267
696
231
0
0
0
0
0
0
0
957
0
0
0
0
0
0
0
0
576
0
0
0
0
0
0
0
0
0
481
486
0
0
0
288
0
0
0
0
0
0
0
0
0
0
0
0
0
0
79
0
0
300
620
0
0
0
829
0
0
0
0
344
0
262
0
0
523
0
278
731
0
0
0
0
0
0
840
0
0
0
0
0
0
0
0
0
0
0
0
0
0
850
0
702
0
0
0
0
0
0
0
0
935
0
0
0
387
812
0
0
885
0
0
0
0
0
0
0
533
0
0
0
0
0
0
768
0
0
0
0
0
0
0
0
0
0
0
0
0
0
535
0
0
0
156
0
0
0
0
0
756
0
0
0
514
0
103
930
428
0
0
0
0
606
0
0
182
0
0
82
0
0
0
632
0
151
0
941
0
0
0
0
0
0
0
845
118
0
753
1000
0
0
0
711
0
0
0
0
65
0
0
731
0
261
0
387
0
0
0
0
0
0
0
0
0
856
0
0
451
696
0
0
0
0
0
0
0
0
0
0
0
441
0
0
0
0
0
0
0
0
348
0
0
0
0
0
1000
0
0
0
0
0
0
0
611
0
120
0
0
740
0
0
0
0
0
0
0
996
0
0
0
0
890
0
0
0
0
296
95
0
0
0
0
0
732
0
0
0
0
676
0
0
247
0
0
0
924
0
734
0
0
0
0
0
0
812
0
0
0
0
0
656
0
0
0
0
0
0
0
0
0
0
0
0
0
0
634
0
0
0
0
0
49
896
151
0
1000
0
0
0
0
0
0
0
0
0
937
0
0
0
0
0
0
0
636
0
0
0
0
0
0
0
582
0
0
0
0
0
0
0
0
0
0
113
378
0
0
0
0
0
0
0
0
0
0
0
860
0
948
0
0
0
0
0
0
0
0
0
0
0
0
0
0
0
0
0
0
0
0
0
0
0
0
0
0
0
0
455
0
876
0
867
0
0
675
0
0
0
0
0
0
0
801
0
0
0
854
0
0
764
0
0
0
0
685
0
0
0
0
0
0
0
0
0
0
0
0
784
0
0
0
0
0
0
0
0
0
426
1000
0
0
159
0
0
234
0
0
0
0
0
0
0
0
0
0
0
0
0
0
0
0
0
0
880
1000
0
813
0
972
0
0
0
0
0
957
0
0
0
0
0
0
0
0
0
0
0
942
645
0
59
0
0
0
0
0
0
0
763
1000
0
0
0
0
0
486
0
0
997
0
0
0
0
0
0
0
0
0
0
0
0
0
0
0
0
0
390
0
73
0
0
0
0
0
0
0
0
0
0
0
0
0
0
0
0
120
0
0
0
0
0
0
0
0
0
0
0
0
0
0
0
0
0
0
0
0
0
177
0
0
0
659
0
0
0
0
885
0
0
0
0
0
0
0
0
0
0
482
153
0
0
0
0
0
932
967
0
0
0
910
0
0
105
0
0
0
0
0
363
0
0
0
0
0
0
0
0
578
0
0
0
0
0
0
0
0
0
1000
0
0
0
0
0
0
0
0
0
0
879
0
0
0
0
0
921
0
0
0
0
0
0
0
0
0
0
0
0
640
0
0
0
0
0
0
0
671
0
0
0
0
0
0
951
346
0
0
0
0
656
0
0
0
0
0
0
0
0
0
0
0
0
0
0
0
0
0
0
0
305
0
0
0
486
0
0
0
0
0
77
0
0
0
0
0
0
0
46
0
548
0
0
903
827
0
0
0
830
0
0
0
622
0
0
0
0
0
0
265
377
0
0
0
0
0
0
0
380
0
418
0
30
0
0
0
0
0
0
0
0
0
1000
716
0
0
0
0
0
0
0
0
0
0
0
0
973
0
0
0
0
0
0
0
0
0
0
0
623
0
0
0
0
698
0
0
0
0
0
0
0
451
0
0
550
0
0
0
0
0
0
0
0
554
0
0
1000
388
0
0
0
986
0
0
0
965
0
0
26
0
781
0
0
0
0
782
0
0
0
0
0
0
0
7
0
0
0
762
0
0
0
782
0
0
0
0
0
0
517
0
0
180
0
0
0
0
693
0
0
0
0
0
0
0
0
0
404
0
0
0
0
0
0
0
0
0
0
0
0
0
0
0
0
0
0
0
0
0
0
0
0
0
0
0
0
971
0
0
89
593
0
0
0
0
0
0
226
0
0
0
0
0
0
0
0
141
0
0
555
0
0
0
0
261
269
483
992
0
0
0
727
0
0
0
0
0
0
0
0
0
0
0
0
277
0
0
0
0
0
0
522
885
0
0
0
0
0
10
0
1000
0
363
0
0
0
76
0
0
0
0
0
0
0
0
0
0
0
0
0
0
0
190
429
0
0
0
0
147
0
0
0
0
206
759
0
0
0
0
40
0
0
0
0
0
0
0
0
0
0
906
0
492
0
0
0
0
0
0
0
0
0
0
0
0
0
0
236
0
941
0
259
0
0
0
0
0
315
763
0
362
0
0
0
450
0
0
0
0
0
768
0
132
0
0
0
929
517
0
0
0
0
0
0
0
0
0
0
0
0
856
0
0
0
0
0
623
0
0
0
0
0
0
609
0
0
0
127
0
0
0
0
283
0
0
0
0
0
0
0
0
0
0
0
0
0
0
0
0
0
49
952
0
0
0
0
0
0
386
0
0
0
414
0
0
0
0
0
0
0
0
0
852
0
0
0
0
0
0
677
0
0
253
0
0
0
0
0
0
0
1000
475
0
0
0
0
0
681
0
0
0
0
0
0
0
0
0
0
0
0
0
0
0
942
482
0
0
0
0
0
0
0
370
0
0
518
0
0
0
0
257
0
0
0
0
0
0
0
0
772
0
70
0
0
0
0
0
0
0
0
0
0
0
0
0
0
862
0
0
0
0
0
0
263
825
0
754
0
0
0
0
0
496
0
0
0
707
0
0
0
798
0
0
0
0
0
0
0
0
0
0
0
0
0
953
0
0
0
501
0
0
0
0
0
0
0
0
0
0
0
0
0
455
645
153
0
0
0
0
0
0
0
0
0
0
0
387
0
0
0
0
0
0
712
0
0
0
0
0
0
0
0
0
0
0
947
0
396
0
0
0
0
0
0
0
0
948
0
0
0
0
0
0
617
0
0
0
0
0
0
653
0
0
0
0
0
0
1000
0
0
0
1000
0
0
0
0
0
0
0
0
0
1000
715
0
0
0
0
0
0
208
0
0
0
0
0
553
0
0
576
533
451
0
0
0
0
0
0
0
190
0
370
0
0
0
0
0
961
0
0
0
1000
0
0
0
0
0
0
0
0
0
0
529
60
0
0
0
0
400
0
0
0
0
941
956
0
0
0
0
0
0
0
17
0
0
0
0
0
0
0
0
0
0
0
0
108
917
0
0
0
0
0
0
0
0
0
0
0
0
0
0
0
626
0
0
0
0
887
892
0
0
925
339
587
0
194
678
0
0
0
0
696
0
876
59
0
0
0
0
429
609
0
0
0
0
0
0
0
0
0
31
0
0
0
586
0
0
0
0
0
0
532
0
400
0
0
0
0
0
0
0
930
0
851
918
974
0
0
0
0
0
0
0
0
0
688
0
0
0
902
200
0
930
0
0
0
778
0
0
0
0
0
0
0
151
0
0
0
0
0
798
910
0
397
0
0
0
0
0
0
0
0
0
0
0
0
0
607
0
0
0
0
0
0
0
0
0
698
0
0
0
0
0
0
0
0
0
0
0
0
0
0
0
0
0
0
731
0
851
0
0
0
128
0
0
0
825
0
995
0
0
0
0
0
0
0
0
0
0
791
767
0
0
0
0
0
0
0
0
0
0
0
0
0
0
0
0
0
812
0
0
0
0
0
0
0
0
0
0
0
0
0
423
1000
0
0
870
0
0
0
0
691
0
0
0
0
0
0
0
0
0
0
0
867
0
0
0
0
0
0
0
518
0
0
0
0
0
633
0
0
0
0
0
0
995
0
0
0
0
0
0
191
4
0
0
0
0
0
240
0
606
0
0
0
0
93
0
0
0
0
0
0
0
914
0
757
0
0
0
575
0
0
0
0
568
0
649
0
319
0
0
0
0
0
0
415
0
0
0
0
0
0
0
0
0
0
0
565
689
0
1000
840
0
0
520
0
0
0
794
0
0
0
0
0
0
0
0
0
0
0
0
0
387
961
0
0
633
0
0
0
0
0
723
0
0
0
0
0
0
138
0
296
0
0
405
0
0
0
0
0
0
977
0
0
0
0
0
0
0
0
233
0
624
0
0
0
0
0
0
0
0
0
0
0
0
0
1000
0
7
0
0
0
503
0
0
0
0
0
0
0
0
290
0
0
0
0
0
0
0
0
0
0
883
0
0
0
0
478
0
0
0
0
0
0
0
932
0
0
0
0
127
0
0
0
0
0
0
0
0
0
0
294
0
0
0
0
0
0
0
0
0
0
732
0
0
0
0
0
0
853
0
0
0
0
0
0
0
0
0
458
0
0
717
0
414
0
0
0
0
0
0
0
0
0
0
0
0
0
0
0
0
0
0
0
0
0
0
0
0
292
0
0
0
0
0
0
0
0
0
0
0
0
331
524
0
0
0
0
0
0
0
0
0
675
0
967
0
0
0
147
0
0
0
0
0
0
0
0
0
0
717
0
0
0
0
0
41
0
0
0
0
0
0
0
0
0
739
0
0
347
0
0
0
0
0
0
0
0
0
0
0
0
0
0
0
0
0
0
0
0
0
0
0
0
0
0
0
0
0
0
0
0
0
846
747
0
0
0
0
0
0
0
0
0
0
0
0
0
0
0
0
0
0
0
796
0
1000
0
931
0
768
0
0
0
0
0
0
0
0
0
0
0
0
0
31
0
0
0
0
717
0
0
0
0
0
0
0
0
0
0
0
0
0
0
0
0
0
0
0
0
0
0
260
1000
0
0
0
0
0
0
454
0
0
0
819
0
0
0
0
0
946
0
0
0
0
0
0
148
40
237
878
0
0
0
0
238
0
0
0
0
0
0
0
0
230
0
0
0
0
0
996
0
0
0
787
0
0
0
0
0
0
0
634
0
0
0
0
0
0
0
0
257
0
1000
0
0
0
0
294
0
0
0
0
0
0
0
0
0
0
0
0
0
0
0
0
0
0
340
667
0
824
0
0
0
0
0
929
0
0
451
0
0
1000
0
0
0
0
706
1000
0
0
340
0
0
64
0
0
0
0
0
0
0
0
0
0
617
0
0
0
0
0
0
797
0
0
0
0
916
0
291
0
0
0
0
0
0
0
0
0
0
0
0
0
0
763
0
305
0
0
0
0
0
0
0
0
0
0
723
0
0
0
0
0
0
390
467
0
0
0
0
0
691
0
519
578
0
493
0
0
0
660
0
838
823
456
0
0
0
0
998
0
244
0
0
0
0
0
0
0
0
0
0
0
0
0
0
822
1000
0
0
0
0
0
0
0
0
0
0
0
0
757
0
0
0
0
0
785
0
143
0
0
0
0
0
0
0
0
0
0
481
0
0
0
0
1000
910
0
451
0
0
283
0
0
0
0
0
0
0
0
0
0
0
0
0
0
0
0
0
0
1000
0
0
1000
0
0
0
0
0
0
0
0
0
0
0
329
0
522
0
0
0
0
0
0
0
0
981
530
0
706
591
0
0
0
0
0
0
0
0
0
0
0
0
0
0
979
0
0
0
0
0
746
0
0
254
0
0
0
0
0
0
0
0
0
142
0
0
0
0
604
486
0
0
0
0
0
0
0
0
0
206
0
0
712
0
586
0
995
0
0
0
0
0
390
0
0
0
0
0
0
0
0
0
0
0
0
0
0
0
0
0
0
0
0
0
0
0
278
0
0
729
0
0
0
0
0
674
0
0
0
0
0
0
0
0
319
0
0
189
0
74
0
84
0
0
0
0
0
0
0
0
0
0
0
0
757
0
0
0
0
0
0
0
0
754
0
0
0
0
866
0
0
0
0
0
0
0
0
0
0
759
0
0
0
0
0
0
0
0
0
0
0
0
467
0
0
0
0
0
972
0
0
0
0
514
0
0
0
0
0
0
0
944
0
0
0
0
0
0
0
1000
0
0
0
0
0
0
0
0
0
323
0
0
0
0
0
0
0
0
0
0
0
0
871
0
0
0
0
0
0
0
0
237
0
0
0
25
0
311
0
0
0
0
0
0
0
0
0
0
0
0
0
441
0
0
0
105
486
550
0
0
0
0
0
0
0
731
0
0
0
41
0
0
0
0
0
0
0
0
0
343
0
0
0
620
0
0
0
0
0
0
900
0
0
0
0
0
542
0
0
0
0
0
0
0
0
0
0
823
0
0
0
0
0
440
0
0
0
860
0
0
0
0
0
0
0
0
0
0
0
0
0
365
0
0
0
0
0
0
0
0
0
0
0
0
0
0
1000
0
753
0
0
0
49
801
0
0
0
0
971
0
0
0
0
0
0
0
0
0
0
0
0
0
0
0
0
0
0
0
0
0
958
0
0
0
0
0
0
0
0
0
465
0
801
0
0
0
0
0
0
0
0
0
0
0
0
0
0
0
754
946
0
252
0
889
0
0
0
0
0
0
565
0
733
0
0
0
0
0
0
0
579
0
0
0
0
0
0
0
0
0
101
0
0
0
0
0
0
0
0
288
0
0
896
0
0
0
0
0
0
0
0
0
0
0
0
851
0
0
0
0
0
0
0
0
0
972
0
0
0
153
0
0
0
92
0
0
0
0
0
0
385
0
0
0
605
0
0
749
0
0
816
458
0
0
0
0
0
0
0
0
0
0
764
717
205
0
885
495
1000
0
0
219
0
0
0
0
0
0
0
0
0
0
0
0
0
0
0
0
81
0
0
690
0
0
0
406
201
0
0
0
0
0
151
0
486
0
0
0
0
0
0
0
0
0
0
0
0
138
0
0
0
0
0
1000
0
0
343
0
153
0
0
665
0
573
0
0
0
0
0
0
0
0
0
0
0
0
0
0
982
0
0
0
0
296
0
0
0
0
0
170
0
0
0
968
0
0
0
0
948
0
0
0
0
0
0
751
0
0
0
891
0
0
0
0
444
878
50
880
0
75
0
0
880
0
0
0
821
0
0
0
0
0
0
0
0
0
0
0
89
40
0
772
0
0
0
0
0
0
0
0
0
0
0
0
0
0
0
958
0
0
0
0
0
820
0
0
0
0
0
0
0
0
0
0
617
0
0
1000
0
0
0
0
0
0
0
0
0
0
0
751
0
0
752
0
0
0
0
0
0
968
0
0
1000
0
0
0
0
0
0
0
0
0
0
0
0
0
0
0
0
0
0
0
0
0
0
0
0
0
0
0
0
0
1000
854
0
0
0
0
593
0
0
0
0
0
532
0
191
296
0
0
0
0
691
0
0
0
0
0
0
665
0
0
217
0
0
0
0
0
703
469
0
0
90
0
0
0
0
676
292
0
0
878
0
0
695
0
0
0
0
0
0
0
0
0
0
81
0
0
0
0
0
339
0
0
0
0
0
0
0
0
0
472
177
0
0
0
0
0
0
0
338
0
885
0
612
0
0
323
0
0
0
0
0
0
997
363
77
0
0
0
0
70
0
529
0
128
4
0
732
0
0
0
0
1000
0
0
0
0
0
0
0
217
0
0
0
0
0
0
0
0
0
0
416
0
0
0
0
113
0
0
0
0
200
0
0
0
0
0
784
0
0
0
0
0
0
0
0
0
401
0
0
0
0
0
0
0
0
0
0
0
0
0
0
0
0
0
0
0
0
0
0
0
0
0
0
0
0
0
448
0
0
0
0
0
0
0
0
0
0
0
0
0
0
60
400
0
0
0
0
0
0
0
519
0
0
514
620
0
92
573
820
0
0
0
0
0
0
0
0
993
0
681
0
0
0
0
0
0
383
646
0
0
0
0
0
0
0
1000
0
0
0
0
1000
832
0
0
0
0
0
0
0
0
0
0
0
927
0
0
0
0
0
0
0
584
0
0
0
0
0
0
471
0
0
0
0
0
0
0
0
0
0
0
0
764
0
0
0
0
0
0
0
0
0
0
0
0
0
405
0
0
0
0
578
0
0
0
0
0
0
0
0
0
0
0
0
0
0
0
0
0
362
0
0
0
0
0
0
0
0
0
0
0
0
0
0
0
0
0
0
0
0
0
1000
924
0
0
0
0
0
0
0
0
580
0
504
750
0
0
0
0
0
0
0
149
0
0
0
0
0
0
0
0
0
0
0
0
0
0
552
0
535
348
0
0
0
0
0
554
0
0
0
0
0
0
0
0
0
0
0
0
0
0
0
0
0
0
0
0
0
0
0
0
0
0
0
0
83
0
0
0
0
0
0
0
0
0
0
0
0
0
428
0
0
0
0
0
662
0
0
0
0
0
0
0
914
0
0
0
0
0
0
0
0
0
0
0
0
0
0
0
0
0
206
0
0
0
0
213
0
0
0
0
0
0
0
990
0
0
790
0
0
0
0
0
0
0
0
0
0
0
0
0
947
0
0
825
0
0
0
739
0
0
493
0
0
0
0
0
0
0
0
0
0
0
0
83
0
0
0
0
178
0
0
0
0
0
0
0
0
0
0
0
0
868
0
0
757
0
203
993
0
83
0
0
0
0
0
0
0
0
0
0
0
0
0
0
0
0
0
0
0
0
0
0
0
0
0
0
0
0
0
0
0
0
0
0
0
0
0
0
0
0
0
0
0
0
0
0
0
0
0
0
0
0
0
0
0
0
0
0
0
340
0
0
0
0
0
0
0
0
0
0
0
0
0
0
0
0
0
0
0
0
336
0
825
0
0
0
0
0
0
0
318
0
0
0
0
0
0
0
0
0
987
0
21
0
0
0
0
0
250
0
0
0
312
564
0
0
0
0
0
0
0
0
0
0
0
0
0
0
0
0
0
0
0
0
1000
0
0
0
0
0
0
0
0
0
0
1000
226
0
0
0
396
400
0
995
240
0
0
0
0
667
0
0
0
0
0
0
0
0
0
703
0
0
0
0
0
0
0
746
0
0
423
339
0
623
0
0
0
0
909
0
263
0
0
0
0
0
0
0
164
0
0
0
0
0
0
0
0
0
0
0
647
0
290
0
0
0
0
0
0
0
0
888
0
0
577
0
631
0
0
0
0
0
0
163
0
0
0
0
156
0
0
685
0
0
0
388
0
0
0
0
0
0
0
0
0
0
853
347
0
0
0
0
0
0
0
0
0
0
0
469
0
993
0
0
0
0
746
0
0
0
0
0
0
656
492
0
169
479
0
490
0
0
0
0
0
0
0
0
685
971
0
0
0
0
0
0
0
0
0
0
0
0
711
0
0
0
0
0
0
0
0
0
0
0
0
0
0
0
23
0
0
0
0
0
0
0
0
0
0
0
0
0
0
0
46
0
0
0
0
0
0
0
0
0
606
0
0
0
0
824
660
0
0
0
900
465
385
0
0
0
0
0
362
0
178
0
0
0
0
715
215
0
0
0
0
980
0
0
750
0
0
0
0
77
0
0
0
0
0
0
0
0
0
1000
456
0
0
0
779
0
0
0
0
0
0
0
0
0
0
0
0
710
202
0
0
0
893
0
0
0
0
754
1000
0
0
574
1000
0
0
1000
937
0
0
578
0
0
0
906
49
0
0
0
930
0
0
977
0
0
0
0
0
0
0
944
0
0
0
0
0
0
0
681
0
0
0
0
0
0
715
0
0
0
480
0
950
0
0
0
91
992
808
0
0
0
572
873
122
0
222
70
0
636
0
0
0
0
0
0
0
0
0
0
0
0
0
0
0
139
0
0
0
0
0
0
0
0
0
0
0
0
827
0
0
0
0
0
0
0
0
0
0
0
0
0
548
0
0
0
952
0
0
0
0
0
0
0
0
0
260
0
838
0
0
0
0
801
0
0
0
90
416
0
0
0
0
336
423
0
215
0
0
0
0
0
640
829
0
0
0
0
0
0
0
0
937
0
0
0
0
79
0
0
943
0
283
0
0
31
0
0
0
0
0
0
0
0
0
0
720
0
0
0
0
0
0
0
0
0
0
82
36
0
0
0
306
683
0
79
0
0
0
0
0
0
0
986
0
492
0
0
0
941
851
0
0
0
0
0
1000
0
823
0
0
0
0
0
0
0
0
0
0
0
0
0
0
0
339
0
0
0
0
0
0
0
0
631
0
0
219
0
0
0
430
0
0
34
0
0
0
0
613
0
0
629
0
0
0
0
384
0
0
0
0
0
0
0
0
0
1000
0
0
0
0
0
0
0
888
0
297
453
0
0
0
0
0
0
0
0
0
0
0
0
0
0
0
0
0
0
0
0
0
956
918
0
0
0
0
0
0
0
456
329
0
0
0
0
605
0
617
0
0
0
0
0
0
825
0
0
0
480
0
0
0
0
0
0
0
0
0
0
0
0
634
0
0
0
739
0
0
0
0
0
1000
0
0
0
0
242
0
0
0
0
1000
394
0
0
0
0
0
0
0
0
0
0
0
0
235
0
0
522
0
0
0
0
0
0
212
0
756
0
0
0
0
0
903
0
0
0
0
0
0
0
974
0
93
0
0
0
0
0
0
0
0
0
0
0
0
0
0
0
0
0
0
0
0
0
623
656
0
0
0
0
0
0
0
0
0
705
0
0
0
0
0
0
0
0
886
0
0
298
0
1000
0
0
0
0
0
737
0
850
0
0
0
0
0
0
0
0
0
0
0
212
0
0
0
0
269
0
0
0
0
0
0
592
0
0
0
300
0
0
0
0
0
0
827
0
0
0
0
0
0
0
0
0
0
0
0
0
0
929
0
522
278
0
542
0
0
0
0
0
0
0
0
0
0
0
0
492
0
950
640
0
0
0
0
0
0
720
0
0
0
0
829
492
0
0
0
0
0
0
678
0
0
0
600
0
556
273
0
0
0
0
0
0
0
0
0
1000
0
42
66
0
55
0
0
0
0
0
0
0
0
0
0
0
921
0
0
620
0
0
0
0
0
0
0
965
141
0
0
862
948
0
0
0
0
0
0
0
0
0
0
0
0
0
0
0
749
0
1000
676
113
0
0
0
0
0
0
0
980
0
829
631
0
0
0
0
0
0
0
0
0
0
339
0
0
0
145
0
0
0
0
516
0
0
0
0
0
0
0
463
0
0
0
5
0
0
0
0
0
0
0
0
872
0
0
0
0
0
609
0
0
0
0
0
284
0
0
0
0
0
0
0
0
0
0
0
0
0
0
0
0
0
0
0
0
0
0
0
0
0
0
0
0
0
0
0
0
982
0
292
0
383
0
0
0
0
0
169
0
0
0
0
0
0
0
0
0
0
0
0
0
0
0
0
0
0
0
0
0
0
0
45
0
0
586
0
0
0
0
0
0
0
0
0
0
0
0
0
1000
0
0
140
0
0
0
0
0
0
0
630
0
0
0
0
0
0
0
0
514
611
636
0
0
0
0
0
0
0
386
0
0
0
0
791
0
0
458
0
0
451
998
0
729
1000
0
0
0
0
0
0
0
646
0
0
0
0
0
479
0
0
0
0
0
705
720
0
0
0
0
0
0
0
0
0
0
0
88
0
0
0
0
0
789
0
0
0
0
0
554
0
0
0
796
0
0
0
0
0
573
0
0
0
0
0
0
0
0
0
0
0
0
0
0
827
670
0
0
0
0
0
0
0
390
0
830
26
555
0
0
0
0
0
0
767
0
233
0
0
454
0
0
0
0
0
0
0
816
0
0
0
0
0
0
428
0
0
909
0
750
91
0
219
0
0
0
0
0
0
0
867
0
0
0
0
0
0
0
607
0
0
0
0
790
0
0
0
8
0
0
0
0
0
182
0
0
0
0
0
0
0
0
0
0
0
0
0
1000
0
0
0
0
0
0
0
0
0
0
829
103
120
0
0
0
1000
0
0
0
0
0
0
0
0
0
0
0
0
0
0
0
0
244
0
0
0
0
0
458
0
0
878
0
0
0
0
0
0
0
490
0
992
0
0
0
0
0
0
0
0
867
0
0
0
0
0
0
944
0
0
0
0
0
0
0
0
0
117
630
0
0
0
0
0
0
0
0
0
0
0
503
1000
0
0
0
0
0
0
0
0
0
0
0
0
0
0
0
0
0
0
930
0
0
784
73
0
0
781
0
0
0
0
0
17
0
0
0
624
717
0
0
1000
0
0
0
0
0
0
0
0
0
0
200
0
0
0
0
318
263
0
0
808
0
0
0
0
0
0
0
0
0
0
0
0
0
0
0
0
532
742
0
0
0
0
427
0
0
0
0
0
611
0
1000
0
0
0
0
0
0
0
0
364
0
0
0
0
0
980
0
998
929
0
592
0
0
0
0
620
0
0
428
0
0
0
0
0
0
0
0
0
414
0
0
0
0
0
914
0
0
0
0
0
0
0
0
0
0
0
0
296
0
0
0
0
0
0
868
0
0
0
0
0
0
0
0
0
0
0
0
0
0
0
0
0
0
564
148
0
722
0
0
0
0
732
0
237
0
0
0
0
0
0
0
0
668
0
0
0
0
0
0
391
0
0
0
0
999
0
0
349
0
0
973
0
0
0
0
0
745
0
0
740
0
0
0
0
622
0
0
0
0
263
617
0
0
0
0
0
414
0
819
0
0
0
0
0
0
0
0
0
0
695
0
0
0
0
0
0
0
0
0
0
0
430
634
0
829
339
0
0
0
0
0
0
0
478
13
414
0
0
928
882
0
0
0
930
0
0
144
0
152
0
0
0
357
0
0
0
0
183
0
0
0
0
296
0
0
0
0
0
0
0
0
0
0
41
0
0
0
0
0
0
0
0
0
0
0
0
261
0
0
825
0
0
688
0
757
0
0
0
0
0
0
981
674
0
0
0
0
0
0
0
0
0
0
0
0
0
0
0
77
0
0
0
0
0
492
0
0
0
0
0
0
564
478
0
