0
2
3
4
5
6
7
8
9
10
11
12
13
14
15
16
17
18
19
20
21
22
23
24
25
26
27
28
29
30
31
32
33
34
35
36
37
38
39
40
41
42
43
44
45
46
47
48
49
50
51
52
53
54
55
56
57
58
59
60
61
62
63
64
65
66
67
68
69
70
71
72
73
74
75
76
77
78
79
80
81
82
83
84
85
86
87
88
89
90
91
92
93
94
95
96
97
98
99
100
2
0
6
8
10
12
14
16
18
20
22
24
26
28
30
32
34
36
38
40
42
44
46
48
50
52
54
56
58
60
62
64
66
68
70
72
74
76
78
80
82
84
86
88
90
92
94
96
98
100
102
104
106
108
110
112
114
116
118
120
122
124
126
128
130
132
134
136
138
140
142
144
146
148
150
152
154
156
158
160
162
164
166
168
170
172
174
176
178
180
182
184
186
188
190
192
194
196
198
200
3
6
0
12
15
18
21
24
27
30
33
36
39
42
45
48
51
54
57
60
63
66
69
72
75
78
81
84
87
90
93
96
99
102
105
108
111
114
117
120
123
126
129
132
135
138
141
144
147
150
153
156
159
162
165
168
171
174
177
180
183
186
189
192
195
198
201
204
207
210
213
216
219
222
225
228
231
234
237
240
243
246
249
252
255
258
261
264
267
270
273
276
279
282
285
288
291
294
297
300
4
8
12
0
20
24
28
32
36
40
44
48
52
56
60
64
68
72
76
80
84
88
92
96
100
104
108
112
116
120
124
128
132
136
140
144
148
152
156
160
164
168
172
176
180
184
188
192
196
200
204
208
212
216
220
224
228
232
236
240
244
248
252
256
260
264
268
272
276
280
284
288
292
296
300
304
308
312
316
320
324
328
332
336
340
344
348
352
356
360
364
368
372
376
380
384
388
392
396
400
5
10
15
20
0
30
35
40
45
50
55
60
65
70
75
80
85
90
95
100
105
110
115
120
125
130
135
140
145
150
155
160
165
170
175
180
185
190
195
200
205
210
215
220
225
230
235
240
245
250
255
260
265
270
275
280
285
290
295
300
305
310
315
320
325
330
335
340
345
350
355
360
365
370
375
380
385
390
395
400
405
410
415
420
425
430
435
440
445
450
455
460
465
470
475
480
485
490
495
500
6
12
18
24
30
0
42
48
54
60
66
72
78
84
90
96
102
108
114
120
126
132
138
144
150
156
162
168
174
180
186
192
198
204
210
216
222
228
234
240
246
252
258
264
270
276
282
288
294
300
306
312
318
324
330
336
342
348
354
360
366
372
378
384
390
396
402
408
414
420
426
432
438
444
450
456
462
468
474
480
486
492
498
504
510
516
522
528
534
540
546
552
558
564
570
576
582
588
594
600
7
14
21
28
35
42
0
56
63
70
77
84
91
98
105
112
119
126
133
140
147
154
161
168
175
182
189
196
203
210
217
224
231
238
245
252
259
266
273
280
287
294
301
308
315
322
329
336
343
350
357
364
371
378
385
392
399
406
413
420
427
434
441
448
455
462
469
476
483
490
497
504
511
518
525
532
539
546
553
560
567
574
581
588
595
602
609
616
623
630
637
644
651
658
665
672
679
686
693
700
8
16
24
32
40
48
56
0
72
80
88
96
104
112
120
128
136
144
152
160
168
176
184
192
200
208
216
224
232
240
248
256
264
272
280
288
296
304
312
320
328
336
344
352
360
368
376
384
392
400
408
416
424
432
440
448
456
464
472
480
488
496
504
512
520
528
536
544
552
560
568
576
584
592
600
608
616
624
632
640
648
656
664
672
680
688
696
704
712
720
728
736
744
752
760
768
776
784
792
800
9
18
27
36
45
54
63
72
0
90
99
108
117
126
135
144
153
162
171
180
189
198
207
216
225
234
243
252
261
270
279
288
297
306
315
324
333
342
351
360
369
378
387
396
405
414
423
432
441
450
459
468
477
486
495
504
513
522
531
540
549
558
567
576
585
594
603
612
621
630
639
648
657
666
675
684
693
702
711
720
729
738
747
756
765
774
783
792
801
810
819
828
837
846
855
864
873
882
891
900
10
20
30
40
50
60
70
80
90
0
110
120
130
140
150
160
170
180
190
200
210
220
230
240
250
260
270
280
290
300
310
320
330
340
350
360
370
380
390
400
410
420
430
440
450
460
470
480
490
500
510
520
530
540
550
560
570
580
590
600
610
620
630
640
650
660
670
680
690
700
710
720
730
740
750
760
770
780
790
800
810
820
830
840
850
860
870
880
890
900
910
920
930
940
950
960
970
980
990
0
11
22
33
44
55
66
77
88
99
110
0
132
143
154
165
176
187
198
209
220
231
242
253
264
275
286
297
308
319
330
341
352
363
374
385
396
407
418
429
440
451
462
473
484
495
506
517
528
539
550
561
572
583
594
605
616
627
638
649
660
671
682
693
704
715
726
737
748
759
770
781
792
803
814
825
836
847
858
869
880
891
902
913
924
935
946
957
968
979
990
1
12
23
34
45
56
67
78
89
100
12
24
36
48
60
72
84
96
108
120
132
0
156
168
180
192
204
216
228
240
252
264
276
288
300
312
324
336
348
360
372
384
396
408
420
432
444
456
468
480
492
504
516
528
540
552
564
576
588
600
612
624
636
648
660
672
684
696
708
720
732
744
756
768
780
792
804
816
828
840
852
864
876
888
900
912
924
936
948
960
972
984
996
8
20
32
44
56
68
80
92
104
116
128
140
152
164
176
188
200
13
26
39
52
65
78
91
104
117
130
143
156
0
182
195
208
221
234
247
260
273
286
299
312
325
338
351
364
377
390
403
416
429
442
455
468
481
494
507
520
533
546
559
572
585
598
611
624
637
650
663
676
689
702
715
728
741
754
767
780
793
806
819
832
845
858
871
884
897
910
923
936
949
962
975
988
1
14
27
40
53
66
79
92
105
118
131
144
157
170
183
196
209
222
235
248
261
274
287
300
14
28
42
56
70
84
98
112
126
140
154
168
182
0
210
224
238
252
266
280
294
308
322
336
350
364
378
392
406
420
434
448
462
476
490
504
518
532
546
560
574
588
602
616
630
644
658
672
686
700
714
728
742
756
770
784
798
812
826
840
854
868
882
896
910
924
938
952
966
980
994
8
22
36
50
64
78
92
106
120
134
148
162
176
190
204
218
232
246
260
274
288
302
316
330
344
358
372
386
400
15
30
45
60
75
90
105
120
135
150
165
180
195
210
0
240
255
270
285
300
315
330
345
360
375
390
405
420
435
450
465
480
495
510
525
540
555
570
585
600
615
630
645
660
675
690
705
720
735
750
765
780
795
810
825
840
855
870
885
900
915
930
945
960
975
990
5
20
35
50
65
80
95
110
125
140
155
170
185
200
215
230
245
260
275
290
305
320
335
350
365
380
395
410
425
440
455
470
485
500
16
32
48
64
80
96
112
128
144
160
176
192
208
224
240
0
272
288
304
320
336
352
368
384
400
416
432
448
464
480
496
512
528
544
560
576
592
608
624
640
656
672
688
704
720
736
752
768
784
800
816
832
848
864
880
896
912
928
944
960
976
992
8
24
40
56
72
88
104
120
136
152
168
184
200
216
232
248
264
280
296
312
328
344
360
376
392
408
424
440
456
472
488
504
520
536
552
568
584
600
17
34
51
68
85
102
119
136
153
170
187
204
221
238
255
272
0
306
323
340
357
374
391
408
425
442
459
476
493
510
527
544
561
578
595
612
629
646
663
680
697
714
731
748
765
782
799
816
833
850
867
884
901
918
935
952
969
986
3
20
37
54
71
88
105
122
139
156
173
190
207
224
241
258
275
292
309
326
343
360
377
394
411
428
445
462
479
496
513
530
547
564
581
598
615
632
649
666
683
700
18
36
54
72
90
108
126
144
162
180
198
216
234
252
270
288
306
0
342
360
378
396
414
432
450
468
486
504
522
540
558
576
594
612
630
648
666
684
702
720
738
756
774
792
810
828
846
864
882
900
918
936
954
972
990
8
26
44
62
80
98
116
134
152
170
188
206
224
242
260
278
296
314
332
350
368
386
404
422
440
458
476
494
512
530
548
566
584
602
620
638
656
674
692
710
728
746
764
782
800
19
38
57
76
95
114
133
152
171
190
209
228
247
266
285
304
323
342
0
380
399
418
437
456
475
494
513
532
551
570
589
608
627
646
665
684
703
722
741
760
779
798
817
836
855
874
893
912
931
950
969
988
7
26
45
64
83
102
121
140
159
178
197
216
235
254
273
292
311
330
349
368
387
406
425
444
463
482
501
520
539
558
577
596
615
634
653
672
691
710
729
748
767
786
805
824
843
862
881
900
20
40
60
80
100
120
140
160
180
200
220
240
260
280
300
320
340
360
380
0
420
440
460
480
500
520
540
560
580
600
620
640
660
680
700
720
740
760
780
800
820
840
860
880
900
920
940
960
980
0
20
40
60
80
100
120
140
160
180
200
220
240
260
280
300
320
340
360
380
400
420
440
460
480
500
520
540
560
580
600
620
640
660
680
700
720
740
760
780
800
820
840
860
880
900
920
940
960
980
0
21
42
63
84
105
126
147
168
189
210
231
252
273
294
315
336
357
378
399
420
0
462
483
504
525
546
567
588
609
630
651
672
693
714
735
756
777
798
819
840
861
882
903
924
945
966
987
8
29
50
71
92
113
134
155
176
197
218
239
260
281
302
323
344
365
386
407
428
449
470
491
512
533
554
575
596
617
638
659
680
701
722
743
764
785
806
827
848
869
890
911
932
953
974
995
16
37
58
79
100
22
44
66
88
110
132
154
176
198
220
242
264
286
308
330
352
374
396
418
440
462
0
506
528
550
572
594
616
638
660
682
704
726
748
770
792
814
836
858
880
902
924
946
968
990
12
34
56
78
100
122
144
166
188
210
232
254
276
298
320
342
364
386
408
430
452
474
496
518
540
562
584
606
628
650
672
694
716
738
760
782
804
826
848
870
892
914
936
958
980
2
24
46
68
90
112
134
156
178
200
23
46
69
92
115
138
161
184
207
230
253
276
299
322
345
368
391
414
437
460
483
506
0
552
575
598
621
644
667
690
713
736
759
782
805
828
851
874
897
920
943
966
989
12
35
58
81
104
127
150
173
196
219
242
265
288
311
334
357
380
403
426
449
472
495
518
541
564
587
610
633
656
679
702
725
748
771
794
817
840
863
886
909
932
955
978
1
24
47
70
93
116
139
162
185
208
231
254
277
300
24
48
72
96
120
144
168
192
216
240
264
288
312
336
360
384
408
432
456
480
504
528
552
0
600
624
648
672
696
720
744
768
792
816
840
864
888
912
936
960
984
8
32
56
80
104
128
152
176
200
224
248
272
296
320
344
368
392
416
440
464
488
512
536
560
584
608
632
656
680
704
728
752
776
800
824
848
872
896
920
944
968
992
16
40
64
88
112
136
160
184
208
232
256
280
304
328
352
376
400
25
50
75
100
125
150
175
200
225
250
275
300
325
350
375
400
425
450
475
500
525
550
575
600
0
650
675
700
725
750
775
800
825
850
875
900
925
950
975
0
25
50
75
100
125
150
175
200
225
250
275
300
325
350
375
400
425
450
475
500
525
550
575
600
625
650
675
700
725
750
775
800
825
850
875
900
925
950
975
0
25
50
75
100
125
150
175
200
225
250
275
300
325
350
375
400
425
450
475
500
26
52
78
104
130
156
182
208
234
260
286
312
338
364
390
416
442
468
494
520
546
572
598
624
650
0
702
728
754
780
806
832
858
884
910
936
962
988
14
40
66
92
118
144
170
196
222
248
274
300
326
352
378
404
430
456
482
508
534
560
586
612
638
664
690
716
742
768
794
820
846
872
898
924
950
976
2
28
54
80
106
132
158
184
210
236
262
288
314
340
366
392
418
444
470
496
522
548
574
600
27
54
81
108
135
162
189
216
243
270
297
324
351
378
405
432
459
486
513
540
567
594
621
648
675
702
0
756
783
810
837
864
891
918
945
972
999
26
53
80
107
134
161
188
215
242
269
296
323
350
377
404
431
458
485
512
539
566
593
620
647
674
701
728
755
782
809
836
863
890
917
944
971
998
25
52
79
106
133
160
187
214
241
268
295
322
349
376
403
430
457
484
511
538
565
592
619
646
673
700
28
56
84
112
140
168
196
224
252
280
308
336
364
392
420
448
476
504
532
560
588
616
644
672
700
728
756
0
812
840
868
896
924
952
980
8
36
64
92
120
148
176
204
232
260
288
316
344
372
400
428
456
484
512
540
568
596
624
652
680
708
736
764
792
820
848
876
904
932
960
988
16
44
72
100
128
156
184
212
240
268
296
324
352
380
408
436
464
492
520
548
576
604
632
660
688
716
744
772
800
29
58
87
116
145
174
203
232
261
290
319
348
377
406
435
464
493
522
551
580
609
638
667
696
725
754
783
812
0
870
899
928
957
986
15
44
73
102
131
160
189
218
247
276
305
334
363
392
421
450
479
508
537
566
595
624
653
682
711
740
769
798
827
856
885
914
943
972
1
30
59
88
117
146
175
204
233
262
291
320
349
378
407
436
465
494
523
552
581
610
639
668
697
726
755
784
813
842
871
900
30
60
90
120
150
180
210
240
270
300
330
360
390
420
450
480
510
540
570
600
630
660
690
720
750
780
810
840
870
0
930
960
990
20
50
80
110
140
170
200
230
260
290
320
350
380
410
440
470
500
530
560
590
620
650
680
710
740
770
800
830
860
890
920
950
980
10
40
70
100
130
160
190
220
250
280
310
340
370
400
430
460
490
520
550
580
610
640
670
700
730
760
790
820
850
880
910
940
970
0
31
62
93
124
155
186
217
248
279
310
341
372
403
434
465
496
527
558
589
620
651
682
713
744
775
806
837
868
899
930
0
992
23
54
85
116
147
178
209
240
271
302
333
364
395
426
457
488
519
550
581
612
643
674
705
736
767
798
829
860
891
922
953
984
15
46
77
108
139
170
201
232
263
294
325
356
387
418
449
480
511
542
573
604
635
666
697
728
759
790
821
852
883
914
945
976
7
38
69
100
32
64
96
128
160
192
224
256
288
320
352
384
416
448
480
512
544
576
608
640
672
704
736
768
800
832
864
896
928
960
992
0
56
88
120
152
184
216
248
280
312
344
376
408
440
472
504
536
568
600
632
664
696
728
760
792
824
856
888
920
952
984
16
48
80
112
144
176
208
240
272
304
336
368
400
432
464
496
528
560
592
624
656
688
720
752
784
816
848
880
912
944
976
8
40
72
104
136
168
200
33
66
99
132
165
198
231
264
297
330
363
396
429
462
495
528
561
594
627
660
693
726
759
792
825
858
891
924
957
990
23
56
0
122
155
188
221
254
287
320
353
386
419
452
485
518
551
584
617
650
683
716
749
782
815
848
881
914
947
980
13
46
79
112
145
178
211
244
277
310
343
376
409
442
475
508
541
574
607
640
673
706
739
772
805
838
871
904
937
970
3
36
69
102
135
168
201
234
267
300
34
68
102
136
170
204
238
272
306
340
374
408
442
476
510
544
578
612
646
680
714
748
782
816
850
884
918
952
986
20
54
88
122
0
190
224
258
292
326
360
394
428
462
496
530
564
598
632
666
700
734
768
802
836
870
904
938
972
6
40
74
108
142
176
210
244
278
312
346
380
414
448
482
516
550
584
618
652
686
720
754
788
822
856
890
924
958
992
26
60
94
128
162
196
230
264
298
332
366
400
35
70
105
140
175
210
245
280
315
350
385
420
455
490
525
560
595
630
665
700
735
770
805
840
875
910
945
980
15
50
85
120
155
190
0
260
295
330
365
400
435
470
505
540
575
610
645
680
715
750
785
820
855
890
925
960
995
30
65
100
135
170
205
240
275
310
345
380
415
450
485
520
555
590
625
660
695
730
765
800
835
870
905
940
975
10
45
80
115
150
185
220
255
290
325
360
395
430
465
500
36
72
108
144
180
216
252
288
324
360
396
432
468
504
540
576
612
648
684
720
756
792
828
864
900
936
972
8
44
80
116
152
188
224
260
0
332
368
404
440
476
512
548
584
620
656
692
728
764
800
836
872
908
944
980
16
52
88
124
160
196
232
268
304
340
376
412
448
484
520
556
592
628
664
700
736
772
808
844
880
916
952
988
24
60
96
132
168
204
240
276
312
348
384
420
456
492
528
564
600
37
74
111
148
185
222
259
296
333
370
407
444
481
518
555
592
629
666
703
740
777
814
851
888
925
962
999
36
73
110
147
184
221
258
295
332
0
406
443
480
517
554
591
628
665
702
739
776
813
850
887
924
961
998
35
72
109
146
183
220
257
294
331
368
405
442
479
516
553
590
627
664
701
738
775
812
849
886
923
960
997
34
71
108
145
182
219
256
293
330
367
404
441
478
515
552
589
626
663
700
38
76
114
152
190
228
266
304
342
380
418
456
494
532
570
608
646
684
722
760
798
836
874
912
950
988
26
64
102
140
178
216
254
292
330
368
406
0
482
520
558
596
634
672
710
748
786
824
862
900
938
976
14
52
90
128
166
204
242
280
318
356
394
432
470
508
546
584
622
660
698
736
774
812
850
888
926
964
2
40
78
116
154
192
230
268
306
344
382
420
458
496
534
572
610
648
686
724
762
800
39
78
117
156
195
234
273
312
351
390
429
468
507
546
585
624
663
702
741
780
819
858
897
936
975
14
53
92
131
170
209
248
287
326
365
404
443
482
0
560
599
638
677
716
755
794
833
872
911
950
989
28
67
106
145
184
223
262
301
340
379
418
457
496
535
574
613
652
691
730
769
808
847
886
925
964
3
42
81
120
159
198
237
276
315
354
393
432
471
510
549
588
627
666
705
744
783
822
861
900
40
80
120
160
200
240
280
320
360
400
440
480
520
560
600
640
680
720
760
800
840
880
920
960
0
40
80
120
160
200
240
280
320
360
400
440
480
520
560
0
640
680
720
760
800
840
880
920
960
0
40
80
120
160
200
240
280
320
360
400
440
480
520
560
600
640
680
720
760
800
840
880
920
960
0
40
80
120
160
200
240
280
320
360
400
440
480
520
560
600
640
680
720
760
800
840
880
920
960
0
41
82
123
164
205
246
287
328
369
410
451
492
533
574
615
656
697
738
779
820
861
902
943
984
25
66
107
148
189
230
271
312
353
394
435
476
517
558
599
640
0
722
763
804
845
886
927
968
9
50
91
132
173
214
255
296
337
378
419
460
501
542
583
624
665
706
747
788
829
870
911
952
993
34
75
116
157
198
239
280
321
362
403
444
485
526
567
608
649
690
731
772
813
854
895
936
977
18
59
100
42
84
126
168
210
252
294
336
378
420
462
504
546
588
630
672
714
756
798
840
882
924
966
8
50
92
134
176
218
260
302
344
386
428
470
512
554
596
638
680
722
0
806
848
890
932
974
16
58
100
142
184
226
268
310
352
394
436
478
520
562
604
646
688
730
772
814
856
898
940
982
24
66
108
150
192
234
276
318
360
402
444
486
528
570
612
654
696
738
780
822
864
906
948
990
32
74
116
158
200
43
86
129
172
215
258
301
344
387
430
473
516
559
602
645
688
731
774
817
860
903
946
989
32
75
118
161
204
247
290
333
376
419
462
505
548
591
634
677
720
763
806
0
892
935
978
21
64
107
150
193
236
279
322
365
408
451
494
537
580
623
666
709
752
795
838
881
924
967
10
53
96
139
182
225
268
311
354
397
440
483
526
569
612
655
698
741
784
827
870
913
956
999
42
85
128
171
214
257
300
44
88
132
176
220
264
308
352
396
440
484
528
572
616
660
704
748
792
836
880
924
968
12
56
100
144
188
232
276
320
364
408
452
496
540
584
628
672
716
760
804
848
892
0
980
24
68
112
156
200
244
288
332
376
420
464
508
552
596
640
684
728
772
816
860
904
948
992
36
80
124
168
212
256
300
344
388
432
476
520
564
608
652
696
740
784
828
872
916
960
4
48
92
136
180
224
268
312
356
400
45
90
135
180
225
270
315
360
405
450
495
540
585
630
675
720
765
810
855
900
945
990
35
80
125
170
215
260
305
350
395
440
485
530
575
620
665
710
755
800
845
890
935
980
0
70
115
160
205
250
295
340
385
430
475
520
565
610
655
700
745
790
835
880
925
970
15
60
105
150
195
240
285
330
375
420
465
510
555
600
645
690
735
780
825
870
915
960
5
50
95
140
185
230
275
320
365
410
455
500
46
92
138
184
230
276
322
368
414
460
506
552
598
644
690
736
782
828
874
920
966
12
58
104
150
196
242
288
334
380
426
472
518
564
610
656
702
748
794
840
886
932
978
24
70
0
162
208
254
300
346
392
438
484
530
576
622
668
714
760
806
852
898
944
990
36
82
128
174
220
266
312
358
404
450
496
542
588
634
680
726
772
818
864
910
956
2
48
94
140
186
232
278
324
370
416
462
508
554
600
47
94
141
188
235
282
329
376
423
470
517
564
611
658
705
752
799
846
893
940
987
34
81
128
175
222
269
316
363
410
457
504
551
598
645
692
739
786
833
880
927
974
21
68
115
162
0
256
303
350
397
444
491
538
585
632
679
726
773
820
867
914
961
8
55
102
149
196
243
290
337
384
431
478
525
572
619
666
713
760
807
854
901
948
995
42
89
136
183
230
277
324
371
418
465
512
559
606
653
700
48
96
144
192
240
288
336
384
432
480
528
576
624
672
720
768
816
864
912
960
8
56
104
152
200
248
296
344
392
440
488
536
584
632
680
728
776
824
872
920
968
16
64
112
160
208
256
0
352
400
448
496
544
592
640
688
736
784
832
880
928
976
24
72
120
168
216
264
312
360
408
456
504
552
600
648
696
744
792
840
888
936
984
32
80
128
176
224
272
320
368
416
464
512
560
608
656
704
752
800
49
98
147
196
245
294
343
392
441
490
539
588
637
686
735
784
833
882
931
980
29
78
127
176
225
274
323
372
421
470
519
568
617
666
715
764
813
862
911
960
9
58
107
156
205
254
303
352
0
450
499
548
597
646
695
744
793
842
891
940
989
38
87
136
185
234
283
332
381
430
479
528
577
626
675
724
773
822
871
920
969
18
67
116
165
214
263
312
361
410
459
508
557
606
655
704
753
802
851
900
50
100
150
200
250
300
350
400
450
500
550
600
650
700
750
800
850
900
950
0
50
100
150
200
250
300
350
400
450
500
550
600
650
700
750
800
850
900
950
0
50
100
150
200
250
300
350
400
450
0
550
600
650
700
750
800
850
900
950
0
50
100
150
200
250
300
350
400
450
500
550
600
650
700
750
800
850
900
950
0
50
100
150
200
250
300
350
400
450
500
550
600
650
700
750
800
850
900
950
0
51
102
153
204
255
306
357
408
459
510
561
612
663
714
765
816
867
918
969
20
71
122
173
224
275
326
377
428
479
530
581
632
683
734
785
836
887
938
989
40
91
142
193
244
295
346
397
448
499
550
0
652
703
754
805
856
907
958
9
60
111
162
213
264
315
366
417
468
519
570
621
672
723
774
825
876
927
978
29
80
131
182
233
284
335
386
437
488
539
590
641
692
743
794
845
896
947
998
49
100
52
104
156
208
260
312
364
416
468
520
572
624
676
728
780
832
884
936
988
40
92
144
196
248
300
352
404
456
508
560
612
664
716
768
820
872
924
976
28
80
132
184
236
288
340
392
444
496
548
600
652
0
756
808
860
912
964
16
68
120
172
224
276
328
380
432
484
536
588
640
692
744
796
848
900
952
4
56
108
160
212
264
316
368
420
472
524
576
628
680
732
784
836
888
940
992
44
96
148
200
53
106
159
212
265
318
371
424
477
530
583
636
689
742
795
848
901
954
7
60
113
166
219
272
325
378
431
484
537
590
643
696
749
802
855
908
961
14
67
120
173
226
279
332
385
438
491
544
597
650
703
756
0
862
915
968
21
74
127
180
233
286
339
392
445
498
551
604
657
710
763
816
869
922
975
28
81
134
187
240
293
346
399
452
505
558
611
664
717
770
823
876
929
982
35
88
141
194
247
300
54
108
162
216
270
324
378
432
486
540
594
648
702
756
810
864
918
972
26
80
134
188
242
296
350
404
458
512
566
620
674
728
782
836
890
944
998
52
106
160
214
268
322
376
430
484
538
592
646
700
754
808
862
0
970
24
78
132
186
240
294
348
402
456
510
564
618
672
726
780
834
888
942
996
50
104
158
212
266
320
374
428
482
536
590
644
698
752
806
860
914
968
22
76
130
184
238
292
346
400
55
110
165
220
275
330
385
440
495
550
605
660
715
770
825
880
935
990
45
100
155
210
265
320
375
430
485
540
595
650
705
760
815
870
925
980
35
90
145
200
255
310
365
420
475
530
585
640
695
750
805
860
915
970
0
80
135
190
245
300
355
410
465
520
575
630
685
740
795
850
905
960
15
70
125
180
235
290
345
400
455
510
565
620
675
730
785
840
895
950
5
60
115
170
225
280
335
390
445
500
56
112
168
224
280
336
392
448
504
560
616
672
728
784
840
896
952
8
64
120
176
232
288
344
400
456
512
568
624
680
736
792
848
904
960
16
72
128
184
240
296
352
408
464
520
576
632
688
744
800
856
912
968
24
80
0
192
248
304
360
416
472
528
584
640
696
752
808
864
920
976
32
88
144
200
256
312
368
424
480
536
592
648
704
760
816
872
928
984
40
96
152
208
264
320
376
432
488
544
600
57
114
171
228
285
342
399
456
513
570
627
684
741
798
855
912
969
26
83
140
197
254
311
368
425
482
539
596
653
710
767
824
881
938
995
52
109
166
223
280
337
394
451
508
565
622
679
736
793
850
907
964
21
78
135
192
0
306
363
420
477
534
591
648
705
762
819
876
933
990
47
104
161
218
275
332
389
446
503
560
617
674
731
788
845
902
959
16
73
130
187
244
301
358
415
472
529
586
643
700
58
116
174
232
290
348
406
464
522
580
638
696
754
812
870
928
986
44
102
160
218
276
334
392
450
508
566
624
682
740
798
856
914
972
30
88
146
204
262
320
378
436
494
552
610
668
726
784
842
900
958
16
74
132
190
248
306
0
422
480
538
596
654
712
770
828
886
944
2
60
118
176
234
292
350
408
466
524
582
640
698
756
814
872
930
988
46
104
162
220
278
336
394
452
510
568
626
684
742
800
59
118
177
236
295
354
413
472
531
590
649
708
767
826
885
944
3
62
121
180
239
298
357
416
475
534
593
652
711
770
829
888
947
6
65
124
183
242
301
360
419
478
537
596
655
714
773
832
891
950
9
68
127
186
245
304
363
422
0
540
599
658
717
776
835
894
953
12
71
130
189
248
307
366
425
484
543
602
661
720
779
838
897
956
15
74
133
192
251
310
369
428
487
546
605
664
723
782
841
900
60
120
180
240
300
360
420
480
540
600
660
720
780
840
900
960
20
80
140
200
260
320
380
440
500
560
620
680
740
800
860
920
980
40
100
160
220
280
340
400
460
520
580
640
700
760
820
880
940
0
60
120
180
240
300
360
420
480
540
0
660
720
780
840
900
960
20
80
140
200
260
320
380
440
500
560
620
680
740
800
860
920
980
40
100
160
220
280
340
400
460
520
580
640
700
760
820
880
940
0
61
122
183
244
305
366
427
488
549
610
671
732
793
854
915
976
37
98
159
220
281
342
403
464
525
586
647
708
769
830
891
952
13
74
135
196
257
318
379
440
501
562
623
684
745
806
867
928
989
50
111
172
233
294
355
416
477
538
599
660
0
782
843
904
965
26
87
148
209
270
331
392
453
514
575
636
697
758
819
880
941
2
63
124
185
246
307
368
429
490
551
612
673
734
795
856
917
978
39
100
62
124
186
248
310
372
434
496
558
620
682
744
806
868
930
992
54
116
178
240
302
364
426
488
550
612
674
736
798
860
922
984
46
108
170
232
294
356
418
480
542
604
666
728
790
852
914
976
38
100
162
224
286
348
410
472
534
596
658
720
782
0
906
968
30
92
154
216
278
340
402
464
526
588
650
712
774
836
898
960
22
84
146
208
270
332
394
456
518
580
642
704
766
828
890
952
14
76
138
200
63
126
189
252
315
378
441
504
567
630
693
756
819
882
945
8
71
134
197
260
323
386
449
512
575
638
701
764
827
890
953
16
79
142
205
268
331
394
457
520
583
646
709
772
835
898
961
24
87
150
213
276
339
402
465
528
591
654
717
780
843
906
0
32
95
158
221
284
347
410
473
536
599
662
725
788
851
914
977
40
103
166
229
292
355
418
481
544
607
670
733
796
859
922
985
48
111
174
237
300
64
128
192
256
320
384
448
512
576
640
704
768
832
896
960
24
88
152
216
280
344
408
472
536
600
664
728
792
856
920
984
48
112
176
240
304
368
432
496
560
624
688
752
816
880
944
8
72
136
200
264
328
392
456
520
584
648
712
776
840
904
968
32
0
160
224
288
352
416
480
544
608
672
736
800
864
928
992
56
120
184
248
312
376
440
504
568
632
696
760
824
888
952
16
80
144
208
272
336
400
65
130
195
260
325
390
455
520
585
650
715
780
845
910
975
40
105
170
235
300
365
430
495
560
625
690
755
820
885
950
15
80
145
210
275
340
405
470
535
600
665
730
795
860
925
990
55
120
185
250
315
380
445
510
575
640
705
770
835
900
965
30
95
160
0
290
355
420
485
550
615
680
745
810
875
940
5
70
135
200
265
330
395
460
525
590
655
720
785
850
915
980
45
110
175
240
305
370
435
500
66
132
198
264
330
396
462
528
594
660
726
792
858
924
990
56
122
188
254
320
386
452
518
584
650
716
782
848
914
980
46
112
178
244
310
376
442
508
574
640
706
772
838
904
970
36
102
168
234
300
366
432
498
564
630
696
762
828
894
960
26
92
158
224
290
0
422
488
554
620
686
752
818
884
950
16
82
148
214
280
346
412
478
544
610
676
742
808
874
940
6
72
138
204
270
336
402
468
534
600
67
134
201
268
335
402
469
536
603
670
737
804
871
938
5
72
139
206
273
340
407
474
541
608
675
742
809
876
943
10
77
144
211
278
345
412
479
546
613
680
747
814
881
948
15
82
149
216
283
350
417
484
551
618
685
752
819
886
953
20
87
154
221
288
355
422
0
556
623
690
757
824
891
958
25
92
159
226
293
360
427
494
561
628
695
762
829
896
963
30
97
164
231
298
365
432
499
566
633
700
68
136
204
272
340
408
476
544
612
680
748
816
884
952
20
88
156
224
292
360
428
496
564
632
700
768
836
904
972
40
108
176
244
312
380
448
516
584
652
720
788
856
924
992
60
128
196
264
332
400
468
536
604
672
740
808
876
944
12
80
148
216
284
352
420
488
556
0
692
760
828
896
964
32
100
168
236
304
372
440
508
576
644
712
780
848
916
984
52
120
188
256
324
392
460
528
596
664
732
800
69
138
207
276
345
414
483
552
621
690
759
828
897
966
35
104
173
242
311
380
449
518
587
656
725
794
863
932
1
70
139
208
277
346
415
484
553
622
691
760
829
898
967
36
105
174
243
312
381
450
519
588
657
726
795
864
933
2
71
140
209
278
347
416
485
554
623
692
0
830
899
968
37
106
175
244
313
382
451
520
589
658
727
796
865
934
3
72
141
210
279
348
417
486
555
624
693
762
831
900
70
140
210
280
350
420
490
560
630
700
770
840
910
980
50
120
190
260
330
400
470
540
610
680
750
820
890
960
30
100
170
240
310
380
450
520
590
660
730
800
870
940
10
80
150
220
290
360
430
500
570
640
710
780
850
920
990
60
130
200
270
340
410
480
550
620
690
760
830
0
970
40
110
180
250
320
390
460
530
600
670
740
810
880
950
20
90
160
230
300
370
440
510
580
650
720
790
860
930
0
71
142
213
284
355
426
497
568
639
710
781
852
923
994
65
136
207
278
349
420
491
562
633
704
775
846
917
988
59
130
201
272
343
414
485
556
627
698
769
840
911
982
53
124
195
266
337
408
479
550
621
692
763
834
905
976
47
118
189
260
331
402
473
544
615
686
757
828
899
970
0
112
183
254
325
396
467
538
609
680
751
822
893
964
35
106
177
248
319
390
461
532
603
674
745
816
887
958
29
100
72
144
216
288
360
432
504
576
648
720
792
864
936
8
80
152
224
296
368
440
512
584
656
728
800
872
944
16
88
160
232
304
376
448
520
592
664
736
808
880
952
24
96
168
240
312
384
456
528
600
672
744
816
888
960
32
104
176
248
320
392
464
536
608
680
752
824
896
968
40
112
0
256
328
400
472
544
616
688
760
832
904
976
48
120
192
264
336
408
480
552
624
696
768
840
912
984
56
128
200
73
146
219
292
365
438
511
584
657
730
803
876
949
22
95
168
241
314
387
460
533
606
679
752
825
898
971
44
117
190
263
336
409
482
555
628
701
774
847
920
993
66
139
212
285
358
431
504
577
650
723
796
869
942
15
88
161
234
307
380
453
526
599
672
745
818
891
964
37
110
183
256
0
402
475
548
621
694
767
840
913
986
59
132
205
278
351
424
497
570
643
716
789
862
935
8
81
154
227
300
74
148
222
296
370
444
518
592
666
740
814
888
962
36
110
184
258
332
406
480
554
628
702
776
850
924
998
72
146
220
294
368
442
516
590
664
738
812
886
960
34
108
182
256
330
404
478
552
626
700
774
848
922
996
70
144
218
292
366
440
514
588
662
736
810
884
958
32
106
180
254
328
402
0
550
624
698
772
846
920
994
68
142
216
290
364
438
512
586
660
734
808
882
956
30
104
178
252
326
400
75
150
225
300
375
450
525
600
675
750
825
900
975
50
125
200
275
350
425
500
575
650
725
800
875
950
25
100
175
250
325
400
475
550
625
700
775
850
925
0
75
150
225
300
375
450
525
600
675
750
825
900
975
50
125
200
275
350
425
500
575
650
725
800
875
950
25
100
175
250
325
400
475
550
0
700
775
850
925
0
75
150
225
300
375
450
525
600
675
750
825
900
975
50
125
200
275
350
425
500
76
152
228
304
380
456
532
608
684
760
836
912
988
64
140
216
292
368
444
520
596
672
748
824
900
976
52
128
204
280
356
432
508
584
660
736
812
888
964
40
116
192
268
344
420
496
572
648
724
800
876
952
28
104
180
256
332
408
484
560
636
712
788
864
940
16
92
168
244
320
396
472
548
624
700
0
852
928
4
80
156
232
308
384
460
536
612
688
764
840
916
992
68
144
220
296
372
448
524
600
77
154
231
308
385
462
539
616
693
770
847
924
1
78
155
232
309
386
463
540
617
694
771
848
925
2
79
156
233
310
387
464
541
618
695
772
849
926
3
80
157
234
311
388
465
542
619
696
773
850
927
4
81
158
235
312
389
466
543
620
697
774
851
928
5
82
159
236
313
390
467
544
621
698
775
852
0
6
83
160
237
314
391
468
545
622
699
776
853
930
7
84
161
238
315
392
469
546
623
700
78
156
234
312
390
468
546
624
702
780
858
936
14
92
170
248
326
404
482
560
638
716
794
872
950
28
106
184
262
340
418
496
574
652
730
808
886
964
42
120
198
276
354
432
510
588
666
744
822
900
978
56
134
212
290
368
446
524
602
680
758
836
914
992
70
148
226
304
382
460
538
616
694
772
850
928
6
0
162
240
318
396
474
552
630
708
786
864
942
20
98
176
254
332
410
488
566
644
722
800
79
158
237
316
395
474
553
632
711
790
869
948
27
106
185
264
343
422
501
580
659
738
817
896
975
54
133
212
291
370
449
528
607
686
765
844
923
2
81
160
239
318
397
476
555
634
713
792
871
950
29
108
187
266
345
424
503
582
661
740
819
898
977
56
135
214
293
372
451
530
609
688
767
846
925
4
83
162
0
320
399
478
557
636
715
794
873
952
31
110
189
268
347
426
505
584
663
742
821
900
80
160
240
320
400
480
560
640
720
800
880
960
40
120
200
280
360
440
520
600
680
760
840
920
0
80
160
240
320
400
480
560
640
720
800
880
960
40
120
200
280
360
440
520
600
680
760
840
920
0
80
160
240
320
400
480
560
640
720
800
880
960
40
120
200
280
360
440
520
600
680
760
840
920
0
80
160
240
320
0
480
560
640
720
800
880
960
40
120
200
280
360
440
520
600
680
760
840
920
0
81
162
243
324
405
486
567
648
729
810
891
972
53
134
215
296
377
458
539
620
701
782
863
944
25
106
187
268
349
430
511
592
673
754
835
916
997
78
159
240
321
402
483
564
645
726
807
888
969
50
131
212
293
374
455
536
617
698
779
860
941
22
103
184
265
346
427
508
589
670
751
832
913
994
75
156
237
318
399
480
0
642
723
804
885
966
47
128
209
290
371
452
533
614
695
776
857
938
19
100
82
164
246
328
410
492
574
656
738
820
902
984
66
148
230
312
394
476
558
640
722
804
886
968
50
132
214
296
378
460
542
624
706
788
870
952
34
116
198
280
362
444
526
608
690
772
854
936
18
100
182
264
346
428
510
592
674
756
838
920
2
84
166
248
330
412
494
576
658
740
822
904
986
68
150
232
314
396
478
560
642
0
806
888
970
52
134
216
298
380
462
544
626
708
790
872
954
36
118
200
83
166
249
332
415
498
581
664
747
830
913
996
79
162
245
328
411
494
577
660
743
826
909
992
75
158
241
324
407
490
573
656
739
822
905
988
71
154
237
320
403
486
569
652
735
818
901
984
67
150
233
316
399
482
565
648
731
814
897
980
63
146
229
312
395
478
561
644
727
810
893
976
59
142
225
308
391
474
557
640
723
806
0
972
55
138
221
304
387
470
553
636
719
802
885
968
51
134
217
300
84
168
252
336
420
504
588
672
756
840
924
8
92
176
260
344
428
512
596
680
764
848
932
16
100
184
268
352
436
520
604
688
772
856
940
24
108
192
276
360
444
528
612
696
780
864
948
32
116
200
284
368
452
536
620
704
788
872
956
40
124
208
292
376
460
544
628
712
796
880
964
48
132
216
300
384
468
552
636
720
804
888
972
0
140
224
308
392
476
560
644
728
812
896
980
64
148
232
316
400
85
170
255
340
425
510
595
680
765
850
935
20
105
190
275
360
445
530
615
700
785
870
955
40
125
210
295
380
465
550
635
720
805
890
975
60
145
230
315
400
485
570
655
740
825
910
995
80
165
250
335
420
505
590
675
760
845
930
15
100
185
270
355
440
525
610
695
780
865
950
35
120
205
290
375
460
545
630
715
800
885
970
55
140
0
310
395
480
565
650
735
820
905
990
75
160
245
330
415
500
86
172
258
344
430
516
602
688
774
860
946
32
118
204
290
376
462
548
634
720
806
892
978
64
150
236
322
408
494
580
666
752
838
924
10
96
182
268
354
440
526
612
698
784
870
956
42
128
214
300
386
472
558
644
730
816
902
988
74
160
246
332
418
504
590
676
762
848
934
20
106
192
278
364
450
536
622
708
794
880
966
52
138
224
310
0
482
568
654
740
826
912
998
84
170
256
342
428
514
600
87
174
261
348
435
522
609
696
783
870
957
44
131
218
305
392
479
566
653
740
827
914
1
88
175
262
349
436
523
610
697
784
871
958
45
132
219
306
393
480
567
654
741
828
915
2
89
176
263
350
437
524
611
698
785
872
959
46
133
220
307
394
481
568
655
742
829
916
3
90
177
264
351
438
525
612
699
786
873
960
47
134
221
308
395
482
0
656
743
830
917
4
91
178
265
352
439
526
613
700
88
176
264
352
440
528
616
704
792
880
968
56
144
232
320
408
496
584
672
760
848
936
24
112
200
288
376
464
552
640
728
816
904
992
80
168
256
344
432
520
608
696
784
872
960
48
136
224
312
400
488
576
664
752
840
928
16
104
192
280
368
456
544
632
720
808
896
984
72
160
248
336
424
512
600
688
776
864
952
40
128
216
304
392
480
568
656
0
832
920
8
96
184
272
360
448
536
624
712
800
89
178
267
356
445
534
623
712
801
890
979
68
157
246
335
424
513
602
691
780
869
958
47
136
225
314
403
492
581
670
759
848
937
26
115
204
293
382
471
560
649
738
827
916
5
94
183
272
361
450
539
628
717
806
895
984
73
162
251
340
429
518
607
696
785
874
963
52
141
230
319
408
497
586
675
764
853
942
31
120
209
298
387
476
565
654
743
832
0
10
99
188
277
366
455
544
633
722
811
900
90
180
270
360
450
540
630
720
810
900
990
80
170
260
350
440
530
620
710
800
890
980
70
160
250
340
430
520
610
700
790
880
970
60
150
240
330
420
510
600
690
780
870
960
50
140
230
320
410
500
590
680
770
860
950
40
130
220
310
400
490
580
670
760
850
940
30
120
210
300
390
480
570
660
750
840
930
20
110
200
290
380
470
560
650
740
830
920
10
0
190
280
370
460
550
640
730
820
910
0
91
182
273
364
455
546
637
728
819
910
1
92
183
274
365
456
547
638
729
820
911
2
93
184
275
366
457
548
639
730
821
912
3
94
185
276
367
458
549
640
731
822
913
4
95
186
277
368
459
550
641
732
823
914
5
96
187
278
369
460
551
642
733
824
915
6
97
188
279
370
461
552
643
734
825
916
7
98
189
280
371
462
553
644
735
826
917
8
99
190
0
372
463
554
645
736
827
918
9
100
92
184
276
368
460
552
644
736
828
920
12
104
196
288
380
472
564
656
748
840
932
24
116
208
300
392
484
576
668
760
852
944
36
128
220
312
404
496
588
680
772
864
956
48
140
232
324
416
508
600
692
784
876
968
60
152
244
336
428
520
612
704
796
888
980
72
164
256
348
440
532
624
716
808
900
992
84
176
268
360
452
544
636
728
820
912
4
96
188
280
372
0
556
648
740
832
924
16
108
200
93
186
279
372
465
558
651
744
837
930
23
116
209
302
395
488
581
674
767
860
953
46
139
232
325
418
511
604
697
790
883
976
69
162
255
348
441
534
627
720
813
906
999
92
185
278
371
464
557
650
743
836
929
22
115
208
301
394
487
580
673
766
859
952
45
138
231
324
417
510
603
696
789
882
975
68
161
254
347
440
533
626
719
812
905
998
91
184
277
370
463
556
0
742
835
928
21
114
207
300
94
188
282
376
470
564
658
752
846
940
34
128
222
316
410
504
598
692
786
880
974
68
162
256
350
444
538
632
726
820
914
8
102
196
290
384
478
572
666
760
854
948
42
136
230
324
418
512
606
700
794
888
982
76
170
264
358
452
546
640
734
828
922
16
110
204
298
392
486
580
674
768
862
956
50
144
238
332
426
520
614
708
802
896
990
84
178
272
366
460
554
648
742
0
930
24
118
212
306
400
95
190
285
380
475
570
665
760
855
950
45
140
235
330
425
520
615
710
805
900
995
90
185
280
375
470
565
660
755
850
945
40
135
230
325
420
515
610
705
800
895
990
85
180
275
370
465
560
655
750
845
940
35
130
225
320
415
510
605
700
795
890
985
80
175
270
365
460
555
650
745
840
935
30
125
220
315
410
505
600
695
790
885
980
75
170
265
360
455
550
645
740
835
930
0
120
215
310
405
500
96
192
288
384
480
576
672
768
864
960
56
152
248
344
440
536
632
728
824
920
16
112
208
304
400
496
592
688
784
880
976
72
168
264
360
456
552
648
744
840
936
32
128
224
320
416
512
608
704
800
896
992
88
184
280
376
472
568
664
760
856
952
48
144
240
336
432
528
624
720
816
912
8
104
200
296
392
488
584
680
776
872
968
64
160
256
352
448
544
640
736
832
928
24
120
0
312
408
504
600
97
194
291
388
485
582
679
776
873
970
67
164
261
358
455
552
649
746
843
940
37
134
231
328
425
522
619
716
813
910
7
104
201
298
395
492
589
686
783
880
977
74
171
268
365
462
559
656
753
850
947
44
141
238
335
432
529
626
723
820
917
14
111
208
305
402
499
596
693
790
887
984
81
178
275
372
469
566
663
760
857
954
51
148
245
342
439
536
633
730
827
924
21
118
215
312
0
506
603
700
98
196
294
392
490
588
686
784
882
980
78
176
274
372
470
568
666
764
862
960
58
156
254
352
450
548
646
744
842
940
38
136
234
332
430
528
626
724
822
920
18
116
214
312
410
508
606
704
802
900
998
96
194
292
390
488
586
684
782
880
978
76
174
272
370
468
566
664
762
860
958
56
154
252
350
448
546
644
742
840
938
36
134
232
330
428
526
624
722
820
918
16
114
212
310
408
506
0
702
800
99
198
297
396
495
594
693
792
891
990
89
188
287
386
485
584
683
782
881
980
79
178
277
376
475
574
673
772
871
970
69
168
267
366
465
564
663
762
861
960
59
158
257
356
455
554
653
752
851
950
49
148
247
346
445
544
643
742
841
940
39
138
237
336
435
534
633
732
831
930
29
128
227
326
425
524
623
722
821
920
19
118
217
316
415
514
613
712
811
910
9
108
207
306
405
504
603
702
0
900
100
200
300
400
500
600
700
800
900
0
100
200
300
400
500
600
700
800
900
0
100
200
300
400
500
600
700
800
900
0
100
200
300
400
500
600
700
800
900
0
100
200
300
400
500
600
700
800
900
0
100
200
300
400
500
600
700
800
900
0
100
200
300
400
500
600
700
800
900
0
100
200
300
400
500
600
700
800
900
0
100
200
300
400
500
600
700
800
900
0
100
200
300
400
500
600
700
800
900
0
