0
450
580
249
0
313
531
409
0
134
465
329
340
641
587
209
317
441
580
0
345
353
512
182
272
0
153
0
583
0
199
0
181
306
346
370
0
485
539
630
136
613
0
240
0
417
343
624
514
374
376
0
575
0
577
240
480
255
0
207
0
180
221
601
0
165
178
394
0
389
437
0
279
226
366
253
279
0
0
168
179
472
241
0
237
0
571
0
148
129
354
270
467
298
0
453
544
605
588
560
450
0
131
0
619
265
241
558
312
0
546
416
200
453
433
156
527
0
0
631
511
217
376
448
338
297
376
0
535
0
442
165
136
530
265
420
0
205
184
575
633
443
530
0
624
190
350
539
232
553
412
578
478
466
371
0
568
295
407
458
0
194
0
621
460
257
563
447
605
572
0
0
214
491
143
189
441
299
633
0
0
175
443
601
506
0
407
589
337
382
444
343
175
483
273
532
285
452
511
621
580
131
0
0
227
0
578
263
432
623
0
292
280
270
0
0
0
183
0
473
140
0
246
0
544
320
340
619
0
215
480
591
485
160
0
489
0
0
289
0
200
0
0
379
523
0
0
458
488
309
0
170
566
187
292
273
300
607
581
620
193
581
450
591
535
337
223
438
131
549
183
143
384
510
130
0
319
252
306
0
509
0
393
0
0
580
0
603
223
0
0
199
618
338
0
566
244
569
463
632
249
0
0
0
0
346
0
612
204
434
0
149
586
0
194
445
0
264
609
0
381
206
317
400
0
570
301
149
0
599
307
0
0
336
298
303
318
523
247
539
460
0
250
308
548
417
559
0
432
0
565
0
351
136
431
386
215
506
261
599
0
0
424
625
578
152
463
577
172
442
347
569
0
247
460
537
370
613
481
0
454
331
484
145
409
548
192
502
0
523
423
253
0
0
499
365
263
0
556
0
0
619
227
0
0
0
233
393
0
545
299
627
354
280
258
559
189
289
639
0
472
393
340
0
459
0
0
642
527
0
577
0
410
534
386
597
411
553
511
0
226
0
0
445
467
0
387
0
566
567
372
0
476
567
328
0
634
0
325
487
128
503
350
0
242
617
321
0
0
320
0
504
492
0
192
184
421
228
246
0
363
192
291
416
286
421
0
389
0
560
491
278
347
397
534
394
390
546
262
384
313
265
0
346
0
0
313
500
172
0
512
0
0
0
0
0
325
573
598
192
636
161
468
595
239
428
234
592
512
484
297
306
490
416
323
0
274
196
226
527
0
0
515
0
576
0
425
0
0
185
447
269
202
0
0
494
418
0
443
0
522
0
0
571
173
482
527
0
585
0
0
518
538
295
0
0
600
0
169
449
431
531
0
194
209
207
299
511
0
375
247
370
487
553
0
215
369
614
0
239
531
241
578
0
233
313
0
318
0
481
284
189
405
342
295
199
461
0
0
216
578
147
576
0
177
361
231
236
628
342
0
0
0
453
475
227
295
385
0
0
453
0
0
156
476
468
245
0
314
0
307
636
516
622
0
534
486
493
608
483
598
255
0
0
0
0
0
0
609
153
513
313
337
554
419
218
0
217
544
266
0
397
498
0
532
412
525
515
147
0
301
194
352
490
368
355
0
213
371
369
409
558
263
612
393
500
318
0
153
434
150
0
577
607
386
0
457
566
612
0
136
297
480
207
532
637
478
596
553
339
566
132
539
607
539
391
0
450
206
574
0
569
405
0
309
375
546
357
503
505
0
406
0
530
183
0
623
547
0
136
330
193
160
0
0
625
0
361
168
0
493
353
506
498
326
239
426
327
613
556
0
194
572
213
467
467
296
309
632
264
530
624
223
508
0
0
0
0
544
247
0
312
432
204
0
172
0
153
0
566
134
552
350
591
297
0
297
302
0
590
128
281
467
364
268
0
438
598
462
481
263
197
0
332
612
323
436
345
186
472
0
550
362
155
246
326
293
0
586
0
294
282
388
322
291
272
0
136
402
0
0
572
462
0
593
400
458
167
409
343
482
399
0
313
0
334
496
0
374
456
580
0
216
138
0
455
187
443
637
402
179
296
0
440
638
432
329
451
175
397
134
0
623
434
545
0
481
434
566
0
497
501
518
0
358
167
569
0
0
273
416
394
0
234
453
147
595
226
0
173
490
183
0
345
219
363
263
400
288
0
297
143
299
206
0
130
233
258
318
509
316
0
225
538
632
322
527
284
286
159
207
587
355
420
389
185
238
0
0
585
592
402
400
576
527
175
156
285
387
187
361
336
225
507
0
254
378
624
138
415
564
0
487
469
0
501
338
0
0
0
465
546
0
0
299
512
284
150
134
497
0
625
306
279
555
227
520
170
0
591
257
0
512
480
549
367
352
467
348
604
132
0
244
135
157
511
536
329
541
217
471
0
299
407
465
391
194
537
534
246
281
539
0
0
371
231
581
411
523
180
570
138
297
204
202
632
275
292
295
257
411
0
0
627
502
0
227
0
182
226
326
299
399
237
353
143
585
143
490
413
325
614
292
533
242
287
133
0
361
457
329
416
292
149
627
0
189
0
552
501
625
0
412
601
140
289
309
577
249
406
556
0
545
348
335
332
515
256
397
0
509
519
0
383
417
169
131
0
520
362
157
0
136
239
0
0
398
386
193
386
0
330
636
303
335
421
356
405
128
0
219
0
168
464
178
387
534
586
573
531
546
421
311
0
475
157
241
155
575
444
607
467
530
588
0
0
275
194
367
266
561
368
0
203
320
388
252
626
482
533
340
200
280
586
354
0
405
577
350
518
306
412
0
365
492
315
0
290
403
152
156
0
0
0
510
594
128
0
639
311
589
0
215
474
400
0
361
515
189
585
535
332
211
0
296
462
0
298
429
169
553
262
0
441
618
393
280
568
615
440
0
522
597
146
509
190
235
0
328
237
204
285
0
515
0
612
195
395
0
355
401
163
538
541
602
613
476
0
255
498
0
578
244
171
596
289
628
362
0
0
641
453
270
0
280
0
342
607
591
0
279
601
365
0
329
501
260
356
439
585
0
556
0
626
357
0
403
366
301
568
0
351
272
0
283
434
447
134
168
198
317
0
195
183
0
351
0
599
180
0
469
554
340
584
298
629
0
208
409
345
330
292
316
308
584
297
590
268
141
556
150
228
147
0
584
179
558
0
0
331
0
0
628
0
518
285
323
586
0
586
138
417
0
241
472
565
526
0
138
401
587
433
0
194
258
0
295
386
297
358
555
140
492
329
0
280
437
563
0
0
521
130
168
487
519
0
482
250
389
254
0
0
579
425
580
459
0
468
0
286
128
239
502
0
512
407
214
281
168
537
513
151
128
310
577
626
444
236
232
549
228
322
464
277
612
0
175
435
147
0
238
199
392
216
410
566
182
268
427
327
172
389
0
238
515
192
506
612
0
369
464
153
0
204
291
252
256
234
165
172
209
156
0
445
559
0
199
0
0
167
227
289
315
501
280
0
570
251
0
274
639
234
290
208
192
422
473
221
0
0
154
359
403
0
0
0
594
601
314
344
614
474
0
448
543
487
275
518
555
0
361
0
570
0
594
261
242
595
510
576
401
499
0
245
152
167
0
474
0
0
636
347
638
179
153
445
582
397
360
357
552
363
0
432
581
510
306
491
462
467
454
0
0
324
571
384
183
200
159
479
317
527
0
0
189
325
461
457
297
569
520
309
0
260
437
570
0
352
167
231
143
0
158
313
428
153
0
254
477
136
323
317
485
572
213
469
327
503
525
362
613
549
260
266
0
634
461
413
151
0
259
0
535
196
577
0
478
264
0
0
566
243
172
0
257
330
600
471
306
394
0
378
342
343
270
223
273
276
486
475
195
0
226
144
479
235
138
210
503
475
0
202
441
190
296
257
0
545
0
446
441
0
183
264
289
573
0
566
302
0
170
577
290
356
563
251
352
0
0
270
0
0
0
137
0
0
152
198
0
0
219
272
247
304
388
163
282
476
602
545
349
0
449
621
637
524
180
555
0
286
492
328
612
253
225
146
129
0
192
467
629
440
0
305
0
232
224
0
514
224
150
351
185
321
0
383
315
212
0
253
268
245
569
218
311
616
561
505
425
539
0
550
449
0
538
358
489
584
237
0
580
0
0
609
639
598
0
612
0
0
0
249
403
439
0
0
167
0
0
262
365
0
264
381
549
0
0
0
554
139
0
185
0
0
404
0
590
0
0
604
0
0
386
264
0
246
433
609
128
0
625
563
505
0
170
515
639
250
471
0
375
322
638
170
194
259
186
624
232
530
0
375
0
335
491
165
451
148
0
496
355
135
403
389
205
308
480
539
0
600
579
166
0
557
197
305
349
232
251
302
0
631
473
0
0
192
216
0
590
273
591
406
152
585
0
274
231
270
262
0
536
430
168
140
614
199
328
187
268
302
254
511
514
0
436
617
164
593
552
0
0
611
244
0
614
442
281
400
138
148
272
570
200
588
158
623
0
630
0
198
224
0
479
551
460
166
392
0
412
0
417
358
0
420
0
0
185
205
241
464
430
522
0
347
142
188
0
405
184
0
155
314
247
308
0
368
174
628
295
218
345
511
140
381
472
636
578
136
128
416
257
556
156
0
521
639
143
0
365
536
0
216
596
0
608
485
574
196
223
540
505
540
390
204
0
355
633
544
272
0
628
329
0
466
379
224
0
0
346
348
539
392
243
358
442
460
565
465
290
543
370
295
139
325
599
216
572
490
323
161
415
0
176
288
0
0
432
296
373
309
387
620
0
431
196
630
569
608
345
445
544
589
412
239
228
627
0
445
590
264
353
217
0
206
393
161
147
297
281
394
0
0
0
556
130
234
0
0
0
430
216
0
553
194
187
166
455
563
480
633
599
450
615
218
297
449
0
309
0
371
150
0
533
436
200
144
421
304
228
543
0
0
0
620
0
488
223
0
317
335
399
0
328
285
217
435
0
374
268
0
0
149
557
361
194
612
198
0
315
640
232
163
227
445
531
496
288
148
0
581
281
0
287
0
391
136
563
456
195
309
512
376
246
317
340
468
576
480
467
0
512
545
0
0
168
290
158
0
264
168
596
553
0
346
264
0
563
360
170
495
626
556
0
225
495
486
268
294
296
301
223
335
311
362
540
537
137
519
232
0
422
482
138
138
498
142
626
275
367
0
163
534
191
194
457
239
602
313
0
0
430
207
326
242
632
0
328
0
625
442
541
577
566
0
0
0
617
0
378
310
614
169
0
243
0
255
369
619
178
310
182
448
0
400
0
595
0
207
364
234
480
348
0
626
487
208
313
137
381
140
0
194
346
0
0
476
160
222
307
183
505
254
547
0
150
335
256
317
166
633
0
0
445
455
407
182
216
245
476
128
538
0
0
0
506
315
272
306
589
260
600
378
159
452
573
513
0
275
201
574
487
497
185
367
339
274
260
314
295
371
320
156
609
0
612
319
269
594
0
636
366
0
609
419
422
392
213
352
610
423
272
338
544
0
459
239
177
532
268
453
549
335
510
357
519
192
428
0
549
614
608
187
264
0
0
325
427
161
525
194
235
499
424
0
200
603
0
583
487
481
292
464
291
0
141
374
572
0
498
413
408
636
444
388
619
0
0
285
0
550
626
0
528
633
635
324
0
374
468
0
470
131
0
497
0
0
0
526
395
453
423
381
157
386
0
0
538
314
170
416
0
572
290
318
0
517
303
449
0
143
0
297
320
570
0
428
361
637
0
147
367
332
594
0
0
422
153
0
0
199
485
166
0
476
325
0
543
508
334
0
342
0
0
405
604
0
489
0
334
449
0
320
0
453
266
0
375
640
132
0
437
178
328
357
222
135
212
466
514
156
283
0
241
544
550
495
520
427
285
322
223
0
428
0
235
314
514
387
339
510
0
158
141
181
270
481
0
567
186
218
570
317
376
0
460
236
131
262
441
331
153
376
340
301
0
234
231
478
438
595
352
515
128
403
482
473
0
152
0
328
574
455
563
160
427
543
0
444
414
0
500
0
187
0
586
506
197
0
131
0
427
176
567
514
0
450
234
0
545
492
202
552
584
359
182
389
546
406
0
361
562
223
630
299
405
340
0
0
395
545
464
0
160
446
322
0
144
0
414
0
471
0
154
531
552
513
431
388
637
293
0
196
443
0
271
361
0
624
309
237
0
0
619
149
642
592
236
596
598
226
467
256
0
366
250
221
254
198
0
187
196
563
360
222
161
508
444
0
378
0
0
407
144
332
0
498
0
0
368
577
523
541
246
378
0
367
471
296
229
0
0
619
0
131
352
439
283
0
582
521
225
596
154
0
261
0
227
0
384
351
232
295
149
0
405
226
0
0
0
304
0
305
0
332
233
225
270
209
312
401
421
348
208
226
0
260
504
613
546
235
583
535
0
0
527
512
628
553
462
0
348
397
639
301
389
0
477
0
554
268
223
480
170
307
525
334
414
378
0
308
417
337
517
0
0
0
179
391
499
0
0
491
134
613
609
149
506
0
335
356
488
0
512
229
371
265
641
187
376
163
309
491
0
0
583
266
528
448
576
476
438
281
562
182
384
557
0
486
149
257
0
294
0
319
207
593
319
0
562
624
343
343
0
510
0
478
0
128
554
309
0
0
215
599
0
484
342
339
481
173
604
0
311
568
254
0
136
0
139
302
540
633
495
183
194
0
0
0
308
0
145
0
458
573
229
213
159
271
313
416
0
131
360
425
250
0
287
517
580
0
497
564
642
156
603
0
586
139
402
0
338
323
566
451
395
0
0
481
0
0
382
536
0
544
523
509
578
181
191
401
150
306
331
250
0
0
227
545
446
520
0
618
143
186
0
410
452
148
297
496
199
442
480
307
577
297
0
566
263
490
132
509
589
0
0
154
323
219
0
254
505
599
626
505
235
342
500
0
417
145
0
338
466
511
0
529
0
166
419
519
497
504
423
184
141
409
491
373
0
224
322
599
0
563
246
418
438
333
332
221
525
329
458
421
618
0
418
378
226
632
190
379
247
294
211
0
240
628
208
0
0
326
0
289
179
467
368
623
399
306
613
168
497
0
274
358
163
0
576
0
0
165
591
0
0
306
0
132
197
183
0
519
0
351
0
359
317
272
185
511
540
450
556
254
499
0
0
407
337
0
338
0
0
0
394
343
0
0
422
183
0
260
0
0
493
391
387
0
563
0
337
0
368
374
492
487
431
0
590
0
0
200
437
0
0
542
422
0
258
336
217
513
159
603
381
151
347
0
468
0
238
0
418
409
352
0
224
185
156
521
451
392
561
555
0
167
372
0
274
527
181
136
485
0
410
490
0
539
0
0
244
0
215
272
579
403
485
247
0
514
390
615
0
547
424
0
187
144
517
458
466
0
0
373
408
0
265
0
193
0
238
0
381
269
0
573
484
290
0
0
0
130
203
394
450
0
0
337
566
0
510
254
640
503
0
244
0
319
506
264
383
0
293
0
0
0
499
0
526
0
578
589
633
238
399
282
540
613
134
428
0
314
0
275
0
0
245
354
632
0
306
530
160
336
534
416
453
607
332
345
135
383
474
0
425
0
572
304
0
0
204
218
225
0
0
405
0
332
0
573
511
0
373
0
276
496
192
554
268
506
449
206
0
551
216
162
589
542
440
599
284
0
317
270
255
197
359
490
0
0
324
128
480
324
154
415
0
173
355
378
394
632
307
276
319
325
400
451
320
362
353
0
592
500
174
602
203
0
293
325
233
0
353
385
0
0
0
569
507
220
346
265
0
298
386
323
475
539
612
219
157
417
400
283
580
0
213
388
404
436
0
297
495
150
200
604
586
0
0
229
0
394
408
276
0
0
380
523
0
265
0
221
324
135
374
390
411
157
422
492
484
613
349
463
621
408
0
520
615
467
188
158
0
259
363
555
486
494
0
471
466
543
198
0
493
505
381
350
188
396
131
166
366
402
367
463
407
0
425
592
133
0
390
454
320
297
477
564
0
313
370
420
489
303
597
0
227
391
323
363
511
169
0
434
459
0
469
163
0
617
355
449
486
335
603
0
506
498
0
213
529
343
0
496
0
0
129
304
580
182
279
167
180
251
0
0
0
388
475
371
181
322
561
0
436
0
0
547
364
334
373
432
221
248
637
0
224
0
230
136
375
136
619
511
164
232
158
373
618
375
0
0
0
586
560
148
191
0
0
508
195
617
409
387
543
0
208
611
442
285
0
0
0
318
411
274
295
0
436
263
536
131
361
447
0
594
327
282
590
164
633
0
268
256
0
489
197
0
179
159
0
0
265
192
380
129
0
135
290
509
0
143
498
569
309
412
308
638
398
300
152
513
630
535
0
182
326
242
0
529
636
273
0
323
593
333
139
304
0
179
331
526
134
0
502
459
0
0
559
591
0
353
160
243
567
0
504
0
486
0
0
603
508
375
0
410
0
140
421
444
485
205
0
523
553
196
385
450
345
400
329
0
515
134
468
601
503
476
0
593
544
309
294
317
583
0
0
0
391
271
166
0
0
554
523
304
135
0
611
441
238
592
614
424
411
537
308
0
480
614
217
195
0
429
0
402
629
0
0
0
479
0
0
393
439
308
525
476
535
136
407
0
191
347
501
128
0
384
0
134
0
514
350
370
202
0
623
0
284
250
227
283
0
187
304
386
194
0
0
319
539
184
289
247
511
226
0
206
186
288
541
520
189
168
0
314
525
602
0
552
272
0
296
166
487
334
131
368
499
313
419
422
193
268
0
580
290
611
0
371
638
184
188
472
224
282
146
0
531
0
0
0
316
326
201
615
181
592
405
174
519
329
383
408
148
392
420
596
528
479
394
0
148
622
594
521
601
410
197
0
448
516
177
389
0
367
0
326
297
448
132
0
0
544
628
158
307
291
574
504
630
575
0
539
0
527
0
574
472
0
217
362
585
198
286
344
362
545
604
0
0
371
301
633
481
449
0
577
0
416
519
183
0
506
265
182
509
441
371
0
149
329
0
291
0
433
283
380
551
280
345
402
307
339
489
0
572
0
352
0
143
532
0
641
201
270
278
573
277
0
555
0
218
232
353
594
159
588
344
131
0
0
602
0
597
283
639
356
329
491
245
406
565
0
562
367
0
267
305
0
136
633
200
460
226
0
453
0
0
297
471
157
535
317
128
614
613
349
0
0
628
150
223
0
292
0
427
523
0
0
497
0
238
449
0
279
0
238
638
149
0
490
136
578
0
613
0
469
0
0
0
375
227
0
533
463
387
372
591
518
240
491
411
331
261
346
583
398
0
455
377
484
583
0
200
0
199
180
209
286
318
518
532
233
527
361
0
158
237
450
555
0
405
181
0
442
414
254
0
139
613
443
0
0
0
0
0
569
550
143
0
0
332
0
239
474
549
0
0
611
329
0
335
0
464
320
176
541
491
131
504
260
0
206
221
167
143
592
184
329
490
0
288
178
601
0
202
0
311
564
532
203
611
443
267
407
530
489
129
524
551
0
359
490
0
351
390
312
0
0
0
305
0
403
0
0
146
351
0
181
140
0
569
144
590
0
136
301
262
427
382
0
0
0
414
221
639
136
449
587
0
530
0
250
0
515
0
405
362
299
299
136
211
195
502
0
260
449
386
244
0
533
311
445
291
0
567
246
134
360
423
0
381
0
324
180
498
614
188
0
136
288
0
443
0
492
300
150
444
527
0
283
0
359
302
395
0
259
574
631
0
424
499
481
162
603
254
150
0
583
0
0
356
440
0
311
497
203
631
634
465
641
635
0
513
182
535
452
377
277
363
299
0
283
277
396
250
451
310
474
240
0
379
308
445
0
156
0
155
206
407
239
0
183
0
448
266
621
264
0
466
436
362
455
0
453
514
378
613
425
184
0
269
551
135
251
569
424
472
291
578
178
443
0
314
283
370
175
585
161
509
0
0
167
175
229
612
465
0
453
191
610
564
423
0
340
306
180
152
295
0
0
486
213
0
482
632
402
602
215
186
250
628
627
0
459
554
152
325
352
140
552
615
152
389
602
523
579
0
0
0
624
523
548
467
576
476
309
246
0
465
0
296
0
512
543
0
637
0
614
379
200
540
407
141
266
0
0
609
250
141
493
0
216
374
0
309
411
224
0
0
601
0
314
0
0
327
284
292
520
595
574
0
0
200
333
546
0
221
0
348
312
339
218
210
443
0
0
415
0
303
548
613
575
621
466
202
618
208
0
173
358
394
271
139
257
409
0
0
621
420
0
364
375
0
0
249
202
183
580
417
190
0
417
0
0
468
375
326
130
391
0
462
351
407
487
634
524
246
442
224
144
537
182
374
0
450
367
149
0
409
391
573
162
390
0
412
537
282
433
613
0
492
283
0
0
593
266
234
561
148
311
294
181
400
0
276
246
343
221
250
309
402
0
411
366
232
567
374
156
505
188
510
456
282
225
478
231
565
172
203
491
443
499
324
448
468
326
0
140
412
600
515
550
0
286
504
302
0
478
343
350
0
559
387
425
245
546
293
233
194
398
0
0
214
275
461
180
433
281
0
421
137
216
572
375
234
471
506
287
491
387
484
589
411
0
308
308
146
283
0
202
300
370
327
593
0
381
639
0
436
0
577
408
501
236
219
269
0
523
180
164
244
184
205
0
432
0
162
0
0
473
316
637
557
446
564
555
530
0
0
535
345
0
320
128
0
515
407
551
293
630
0
0
277
358
0
136
304
0
624
539
458
0
0
0
0
357
0
258
537
386
298
599
281
518
413
555
609
400
0
304
519
245
0
640
0
296
0
517
373
0
290
542
157
388
638
0
0
380
469
0
150
175
284
266
381
0
534
589
0
170
287
459
507
0
433
625
381
0
622
525
495
388
0
0
176
361
264
369
614
339
321
602
259
194
434
0
225
0
630
0
250
483
445
634
159
377
309
556
285
314
375
331
349
249
0
151
582
156
514
232
488
432
566
0
314
503
586
318
534
193
429
180
168
555
151
0
128
138
346
228
232
476
498
132
545
229
335
580
0
563
0
440
422
475
398
480
531
551
0
311
444
585
292
234
639
534
0
415
244
230
0
532
229
143
395
622
238
616
311
420
561
166
444
338
281
478
0
597
209
233
413
563
0
135
372
559
186
195
413
599
512
149
0
499
578
397
462
310
151
602
576
0
0
441
152
635
0
0
374
553
309
0
567
185
0
505
0
509
246
386
169
0
537
0
0
286
0
148
348
543
0
128
413
0
492
0
356
0
224
0
0
599
492
371
300
614
0
280
0
564
527
161
520
561
0
589
415
0
507
406
337
421
234
146
555
306
456
293
342
219
584
321
434
418
0
0
0
0
593
0
155
617
153
0
271
0
204
236
487
0
0
422
425
262
0
436
326
406
0
243
447
498
445
247
625
0
0
0
376
412
0
565
372
447
307
0
294
316
281
0
553
469
513
361
259
492
625
272
539
0
422
538
408
437
202
0
488
497
322
337
0
284
484
181
152
217
0
345
0
532
0
509
595
148
436
0
244
507
0
420
251
505
617
0
202
392
388
0
422
0
319
0
0
397
0
614
546
301
340
515
0
405
272
171
0
504
496
243
595
248
327
296
416
447
534
0
551
202
483
0
0
375
0
298
517
223
343
236
0
578
170
0
0
269
636
406
282
0
539
330
262
554
151
0
0
328
563
570
392
0
482
0
636
178
552
619
0
564
599
0
130
0
613
322
513
195
0
402
375
203
283
0
574
311
0
170
230
406
420
0
149
580
0
618
292
0
609
0
540
0
631
414
268
210
589
180
0
598
0
534
299
317
215
445
353
347
564
234
0
206
313
228
336
0
458
0
484
511
301
493
212
0
0
0
411
392
178
333
575
478
566
351
476
202
516
0
388
225
0
636
0
340
128
570
535
612
505
200
243
0
138
0
444
328
584
0
512
642
0
368
203
317
349
561
630
0
316
307
227
611
0
0
0
294
577
287
0
337
251
149
0
475
275
348
180
549
588
352
280
290
241
304
0
514
316
271
608
208
165
589
151
440
438
626
618
338
182
0
0
0
349
159
206
159
216
584
207
608
0
0
526
509
552
0
0
160
153
328
0
466
187
136
567
0
622
530
322
538
0
303
441
584
310
0
196
253
0
588
358
620
138
0
388
357
359
131
229
156
563
374
394
270
463
0
535
429
326
339
0
443
359
167
0
181
408
459
532
421
505
580
475
0
157
0
0
319
318
333
343
525
191
193
142
418
0
588
352
0
493
271
0
238
464
507
524
633
407
596
151
444
637
0
130
372
607
301
199
533
479
418
203
0
0
0
0
0
0
560
577
371
292
431
328
0
0
183
291
632
371
335
618
298
577
594
577
225
170
158
442
0
498
506
619
222
182
352
371
603
246
492
450
255
621
436
0
0
201
489
533
267
302
175
200
400
501
507
229
234
617
0
275
157
0
564
400
0
192
300
540
374
420
418
576
546
256
0
381
415
242
0
405
132
582
131
152
390
0
630
321
519
318
592
401
130
454
319
343
334
534
474
630
0
280
521
0
345
403
232
240
0
273
386
0
494
534
0
272
322
231
421
393
629
626
261
0
146
515
623
460
488
142
315
0
135
389
439
265
0
418
487
0
197
408
0
182
402
615
0
463
407
395
229
333
0
236
0
143
146
0
618
348
0
564
0
553
271
355
373
564
348
207
465
485
0
0
603
0
275
578
562
176
344
624
135
0
401
209
0
0
291
0
430
399
520
336
282
0
260
573
185
0
301
520
167
0
0
289
365
480
568
300
215
634
418
486
623
0
527
581
356
280
0
444
242
478
129
639
0
565
223
626
272
0
212
546
283
641
586
438
431
0
359
0
0
326
629
181
572
387
530
0
612
546
276
219
433
395
555
202
292
180
0
400
553
0
182
232
422
238
0
418
557
0
235
186
176
187
586
188
515
185
426
0
165
474
622
441
209
559
376
328
404
0
0
166
0
439
212
365
585
228
293
601
284
368
618
249
0
255
295
607
506
0
0
493
547
136
284
411
405
568
208
236
595
264
0
250
630
465
0
275
306
285
466
406
0
187
139
333
0
337
490
520
547
242
0
592
0
372
489
259
465
0
246
269
625
622
306
392
0
549
319
0
271
182
0
615
327
0
392
278
0
0
0
173
149
168
0
420
0
493
170
328
539
486
583
532
288
241
272
368
0
0
131
0
347
0
565
609
321
496
249
350
249
137
0
193
430
0
407
581
261
325
443
608
0
402
286
523
128
615
409
232
510
0
192
471
0
290
317
367
589
0
514
0
582
376
402
332
590
566
0
615
364
0
0
405
352
591
129
574
0
221
343
0
381
238
456
388
609
588
318
192
355
232
615
0
0
0
308
481
454
300
278
466
396
232
203
232
169
502
168
314
298
147
0
209
424
247
205
194
314
396
521
251
159
184
574
603
0
256
587
0
625
0
445
367
0
207
458
620
599
487
0
483
136
0
159
180
0
440
345
549
576
0
467
0
198
543
335
0
260
550
156
361
521
163
0
221
0
0
0
467
334
529
0
174
0
518
524
631
453
0
221
523
0
616
293
0
0
352
333
300
373
422
327
0
0
0
0
0
237
327
243
408
0
0
0
422
401
459
0
0
174
323
200
298
311
262
0
389
592
0
359
0
0
0
128
396
0
270
0
136
436
246
345
0
338
0
0
193
0
128
522
598
330
0
207
570
219
0
330
228
401
566
629
375
224
370
399
163
600
626
283
562
225
309
338
525
0
510
324
188
373
636
479
519
143
240
551
0
191
348
250
180
622
311
342
422
540
280
343
540
564
238
0
0
0
0
0
610
197
0
337
508
301
460
224
379
0
0
158
400
194
0
0
570
610
300
129
523
530
629
411
541
436
565
246
0
0
278
0
484
456
600
629
620
0
180
194
581
0
503
0
255
193
572
587
138
0
522
292
322
499
243
440
322
0
295
0
534
378
0
0
223
596
491
323
329
200
254
128
158
432
273
0
329
532
491
0
424
610
312
309
164
525
420
219
0
0
290
525
374
348
0
392
308
0
0
0
256
581
422
294
414
0
619
400
146
507
556
357
397
0
0
638
377
149
357
495
0
196
593
555
363
0
538
435
298
160
455
0
338
0
307
171
0
406
221
0
450
424
350
0
0
160
462
355
297
168
597
316
464
0
172
0
638
479
139
328
191
159
528
241
630
154
0
566
458
437
640
480
0
221
0
0
383
0
411
359
499
564
339
402
244
495
561
584
319
631
241
191
420
207
418
278
481
0
610
256
0
312
317
622
530
428
0
273
527
0
210
354
0
246
483
517
0
428
138
500
0
561
251
300
209
0
237
546
190
0
142
270
301
266
0
253
640
355
601
621
591
625
0
571
0
0
0
420
204
464
146
308
277
245
0
305
170
551
325
285
194
452
633
544
299
0
0
451
421
0
503
324
259
248
323
393
408
641
331
490
481
423
218
0
184
388
166
321
0
414
304
193
418
465
557
0
454
237
197
581
312
0
278
0
0
0
350
168
183
511
211
175
568
541
360
538
0
0
430
561
161
346
473
0
0
625
353
373
524
223
188
223
583
0
369
0
497
0
0
460
535
578
242
173
0
0
593
389
202
178
509
584
612
152
257
0
194
460
599
217
457
573
635
550
405
261
583
395
618
0
0
154
363
637
593
439
148
201
261
0
162
0
210
411
205
0
444
434
0
268
0
142
576
485
0
0
300
327
0
422
317
278
0
631
0
450
274
180
0
262
414
162
523
426
499
236
621
563
181
301
563
0
0
491
384
603
507
0
488
187
190
456
457
238
345
582
406
298
165
257
337
152
617
482
0
625
400
185
632
387
190
297
0
167
330
232
259
166
216
435
239
513
324
495
340
0
266
0
0
542
244
415
555
0
333
308
392
270
346
351
603
340
443
366
0
0
338
418
397
210
514
418
546
0
235
0
278
243
337
294
622
0
631
0
595
382
200
0
578
0
244
0
137
434
380
572
0
252
0
559
173
140
435
198
0
574
0
446
512
138
0
0
582
0
570
484
512
302
178
563
223
463
321
527
0
0
458
238
275
534
235
590
175
0
600
224
186
392
572
0
602
0
0
520
0
227
528
0
418
422
0
0
486
224
139
525
420
278
583
390
254
306
0
232
432
176
281
0
0
589
316
0
256
0
186
173
466
408
508
414
530
0
0
595
0
269
298
0
584
169
0
504
0
484
251
504
254
593
188
414
523
632
397
360
190
435
0
367
424
359
520
311
169
244
279
0
199
243
394
447
438
577
0
0
0
361
167
0
292
586
0
268
435
474
471
0
624
0
490
374
313
275
374
427
0
0
448
481
378
0
319
173
494
0
304
476
596
573
398
312
150
180
0
567
0
361
478
0
614
180
271
588
0
603
176
149
396
0
301
0
428
0
450
382
269
0
437
303
0
284
631
405
0
356
592
269
331
433
402
550
233
183
472
512
312
600
273
463
481
167
0
354
0
460
210
254
305
199
0
605
131
172
0
585
609
168
409
0
295
573
328
141
147
0
306
514
232
412
323
268
0
201
468
285
395
384
576
0
226
258
506
355
0
230
0
535
528
277
0
0
0
152
415
374
162
264
0
0
546
0
608
352
381
0
187
168
232
0
460
619
0
350
274
200
298
437
0
193
0
381
253
155
145
397
396
338
458
0
340
0
210
612
482
306
635
468
480
551
166
586
343
416
427
318
315
0
197
181
389
572
549
442
320
0
153
0
343
585
257
531
237
556
0
0
394
224
530
0
161
0
0
574
0
322
545
351
476
0
632
336
264
378
471
136
179
136
479
0
455
0
583
295
0
156
0
369
597
0
301
598
208
0
415
275
586
0
203
0
224
400
273
168
180
0
0
303
193
0
190
0
249
188
263
491
0
307
323
357
0
208
0
312
470
0
257
0
278
407
325
302
266
0
0
298
627
0
366
407
437
0
183
347
0
0
513
493
482
592
411
546
204
150
238
636
0
150
0
417
415
0
430
487
470
223
464
232
438
382
190
217
383
394
466
375
331
407
394
555
377
0
0
0
303
505
0
614
209
593
340
0
165
493
242
578
188
420
232
422
379
146
527
183
0
578
584
0
0
190
0
179
128
370
430
177
454
247
0
406
411
625
285
0
486
584
286
463
375
572
485
0
436
0
635
547
0
561
253
602
0
0
143
569
504
518
313
353
399
402
0
421
285
228
199
347
378
351
375
358
0
149
207
497
131
0
0
295
281
536
379
513
0
632
543
136
526
0
0
0
484
305
0
0
548
188
473
339
233
0
515
534
589
271
0
562
515
0
169
401
0
507
0
511
262
0
169
284
381
0
179
0
0
268
517
423
450
623
205
227
356
169
467
286
553
130
445
541
211
155
273
355
206
619
0
0
469
636
636
307
279
214
384
0
492
538
337
506
0
400
0
311
0
147
392
638
342
185
0
0
176
557
326
185
0
428
160
149
562
0
247
159
293
307
198
619
134
191
148
218
583
0
356
486
613
510
316
321
413
155
0
299
151
0
405
176
185
493
502
459
0
556
210
211
414
244
0
631
253
249
128
0
0
487
188
466
0
416
279
510
547
0
142
194
381
308
485
381
527
238
475
351
209
0
0
511
461
467
477
0
226
491
510
247
0
295
554
498
313
576
627
0
515
0
216
179
343
321
335
420
288
361
242
367
497
0
446
0
182
544
294
603
0
276
0
511
0
347
622
232
0
403
440
213
575
456
637
602
563
617
405
317
440
238
132
344
426
170
168
0
158
357
354
175
162
0
504
405
155
188
370
268
487
0
553
429
261
396
317
594
596
260
254
0
359
569
314
189
402
567
584
442
481
246
367
232
413
468
0
310
366
143
130
460
192
0
419
326
0
527
502
475
0
584
410
153
270
0
491
0
0
194
632
339
0
235
322
405
384
523
211
381
0
319
493
164
502
501
594
353
200
0
0
0
621
282
557
259
0
153
272
215
438
464
582
624
0
328
314
0
400
397
0
568
523
137
0
0
145
263
430
517
188
553
0
490
630
274
194
281
0
289
151
209
167
128
303
360
496
0
0
0
186
224
430
244
0
0
0
415
253
189
0
537
184
0
218
239
334
175
0
157
612
179
566
445
223
383
165
0
0
612
0
274
0
314
0
226
557
509
0
151
0
325
505
232
459
128
521
594
0
0
311
482
466
225
446
194
135
0
171
445
626
507
131
135
165
539
298
174
194
0
246
541
426
434
484
356
397
491
177
423
466
429
490
0
0
0
588
514
0
0
407
334
0
574
261
551
221
278
0
338
0
465
615
174
0
0
539
0
279
441
319
370
421
600
0
426
496
156
227
241
195
558
182
582
273
315
451
185
432
198
328
260
0
514
144
0
0
578
240
347
499
400
381
158
0
0
601
159
199
146
497
632
202
478
564
434
372
271
0
353
618
524
152
0
474
486
147
323
0
0
483
360
499
380
251
592
396
0
454
450
0
261
630
0
0
139
0
0
460
0
0
0
332
144
317
318
148
148
510
282
350
515
619
294
172
520
490
195
0
299
252
613
228
0
217
327
0
285
0
155
395
0
268
397
276
212
148
205
296
0
0
314
526
387
0
0
486
181
628
0
0
451
350
373
0
384
410
588
180
351
203
402
618
231
555
0
559
0
504
347
338
633
390
401
622
583
0
200
0
638
517
538
236
572
504
269
338
307
247
623
416
396
274
0
139
0
0
247
0
172
0
0
133
319
0
636
141
233
196
0
201
0
0
391
0
161
0
0
0
633
306
481
246
169
544
613
374
387
182
575
0
0
427
360
486
0
0
241
373
315
625
295
395
339
414
0
149
191
208
468
526
320
188
618
559
0
197
344
209
0
631
602
208
565
530
225
186
204
496
564
182
407
0
209
441
532
209
298
570
377
0
0
621
0
254
331
458
323
0
205
279
317
194
588
0
0
0
270
274
198
0
639
488
218
480
480
238
276
160
241
0
323
0
0
349
283
382
165
168
0
0
0
0
449
266
556
456
187
226
444
355
331
327
357
475
253
496
464
309
640
442
371
453
510
0
304
257
401
0
0
0
362
396
375
591
134
0
131
286
181
634
215
0
172
0
0
195
236
243
234
0
596
630
0
209
288
424
311
610
149
428
0
563
252
593
433
0
357
406
227
510
594
281
514
0
247
270
0
479
206
484
241
464
600
481
541
283
367
0
487
408
471
0
547
471
0
472
0
179
0
509
454
363
431
0
0
580
361
326
607
401
0
172
552
195
268
355
430
387
232
541
320
423
0
471
0
0
150
0
238
578
353
131
0
0
0
448
0
318
140
465
186
173
203
0
630
413
487
595
0
0
151
321
0
559
241
247
262
300
357
138
430
181
0
188
402
340
0
411
356
547
596
0
0
460
0
274
479
0
330
0
0
219
0
168
531
0
172
280
262
0
143
0
130
233
258
630
413
472
175
0
331
192
531
397
194
0
336
299
467
163
0
389
363
0
245
135
522
620
163
577
156
381
158
0
305
294
306
326
0
589
0
166
0
353
514
516
0
518
0
641
250
358
491
535
0
599
0
248
206
0
444
519
291
376
272
205
0
129
495
500
561
301
559
414
550
0
208
625
169
0
260
289
0
0
172
198
206
330
0
157
198
0
393
433
427
271
0
469
268
596
0
233
228
153
139
0
387
241
443
393
484
291
0
498
572
216
225
399
530
538
628
0
0
226
569
403
0
0
227
566
609
157
141
154
0
0
331
0
418
633
592
366
0
160
350
177
602
532
569
635
628
394
443
345
250
512
0
327
313
349
637
318
0
328
368
194
389
523
0
0
161
563
173
523
233
210
0
285
467
142
254
151
407
0
0
0
484
0
157
0
360
331
199
256
459
0
231
263
447
596
447
422
0
167
294
198
302
0
601
0
145
416
194
0
213
138
507
237
588
541
0
238
432
144
218
389
347
431
445
0
0
386
181
531
332
319
250
289
409
238
500
402
586
243
370
389
0
233
144
0
627
271
499
0
483
149
422
296
228
159
0
592
430
404
0
314
592
530
196
561
346
0
140
632
183
612
312
0
286
194
0
209
334
0
0
639
241
0
198
360
0
420
525
0
128
0
440
393
251
439
0
527
305
0
168
551
154
237
506
0
409
286
209
532
467
0
0
353
0
602
518
515
581
479
311
205
142
196
531
0
612
0
270
552
233
207
0
179
352
399
174
367
560
567
202
0
597
527
590
513
0
139
324
320
445
0
425
416
336
206
130
401
399
0
0
396
0
629
593
251
473
0
435
397
472
482
470
486
553
381
359
167
0
332
133
488
464
219
0
331
420
0
261
0
294
234
0
576
291
465
224
461
0
311
317
635
501
0
0
580
548
421
207
412
467
455
254
143
0
613
285
192
510
235
616
308
188
630
496
0
319
0
481
513
225
593
0
467
0
282
602
463
148
0
0
367
283
361
0
182
459
257
448
128
634
499
262
447
0
159
372
130
520
0
131
521
359
411
555
300
0
491
198
360
512
306
0
584
130
308
569
128
574
144
319
218
600
0
393
199
525
261
0
333
0
143
272
477
545
348
291
345
0
263
619
550
508
571
407
0
192
0
299
525
296
187
378
585
275
476
323
506
306
138
561
480
0
569
288
617
269
538
0
431
270
319
227
368
224
540
203
407
191
504
623
0
639
0
136
535
554
409
468
0
159
578
0
534
458
216
607
454
336
166
0
251
0
541
363
209
0
384
0
190
312
635
257
286
445
485
314
303
261
317
0
480
481
168
433
256
0
0
333
0
286
522
356
490
239
368
433
0
413
240
550
242
302
0
589
603
502
389
511
515
309
443
624
143
194
0
586
612
491
210
505
539
405
608
148
0
594
314
567
388
209
0
545
623
185
613
0
0
0
0
0
326
356
158
301
452
152
0
326
515
377
397
436
0
0
584
301
319
282
0
347
159
0
436
0
0
625
603
574
435
600
468
0
463
541
381
189
360
551
318
636
480
541
531
427
459
128
294
0
286
0
501
572
142
277
0
377
0
0
0
0
598
453
148
337
223
0
0
0
147
632
637
138
490
367
255
0
0
462
503
425
0
184
345
0
378
0
170
186
637
312
562
446
399
156
134
293
425
0
486
284
297
329
237
262
377
325
0
0
407
309
462
326
551
484
207
199
343
0
439
0
184
0
565
538
237
353
507
0
0
273
480
278
375
211
527
402
496
221
148
141
238
283
0
271
0
0
234
143
522
501
0
288
0
146
536
0
0
320
196
182
175
402
129
382
0
523
560
375
0
264
402
415
413
266
498
586
369
467
475
539
600
0
445
581
310
636
416
218
293
401
624
520
306
521
428
325
592
508
0
250
448
491
450
427
277
352
621
140
551
556
310
406
202
511
608
533
334
260
212
565
574
128
246
435
546
373
0
446
367
463
551
407
572
155
238
567
0
278
148
233
276
367
172
0
231
440
0
272
356
572
288
0
580
538
623
559
409
350
524
592
176
371
354
444
0
423
491
247
301
530
179
564
325
561
0
138
464
454
0
0
579
155
544
281
614
366
0
570
0
421
343
0
613
451
0
233
133
195
0
227
132
245
555
382
363
140
420
412
293
285
151
0
483
301
0
479
534
573
365
609
603
396
0
298
190
524
488
512
424
481
166
325
485
273
475
584
0
0
510
196
160
0
280
469
263
393
576
477
490
142
0
580
0
419
0
633
586
582
201
139
0
0
270
343
199
253
278
370
194
624
296
0
614
368
578
417
153
0
202
550
166
314
589
0
169
0
572
317
196
348
343
618
168
392
314
0
0
617
603
283
0
406
0
0
299
552
0
600
630
314
602
243
0
493
0
418
474
185
585
321
0
0
0
160
0
223
187
138
359
167
586
302
0
355
351
442
0
338
282
0
241
487
262
268
447
251
291
545
239
277
146
538
419
0
285
531
444
0
382
0
415
208
467
175
618
0
347
487
352
223
0
487
292
0
244
0
0
0
441
449
0
247
412
287
0
609
290
376
443
208
0
143
497
561
0
353
390
409
508
0
0
565
405
0
0
615
364
515
0
375
576
447
0
212
526
203
630
0
228
496
256
270
278
455
142
188
190
0
520
0
343
266
436
206
209
481
186
0
350
201
0
408
0
596
596
439
465
348
368
0
536
623
0
285
0
497
0
0
0
547
0
358
298
483
338
0
397
553
490
508
440
469
533
203
171
241
204
324
190
0
557
308
239
0
243
419
318
0
0
226
510
186
0
555
275
385
454
387
375
187
544
0
181
0
283
152
375
550
0
331
0
498
375
0
509
0
0
301
293
249
587
0
0
0
270
223
456
0
311
354
416
0
0
619
0
246
224
465
515
0
323
471
143
0
447
0
224
291
433
377
0
559
633
531
497
0
401
492
0
0
345
0
0
273
0
499
534
0
368
0
638
0
242
320
596
472
291
571
296
538
197
0
228
391
0
422
0
460
271
0
0
0
274
0
0
0
320
543
0
304
628
562
0
414
277
389
0
0
277
349
0
445
0
0
552
0
280
520
601
350
0
136
484
338
301
583
457
582
169
0
427
0
635
0
0
367
430
615
619
0
0
0
0
233
422
527
461
345
0
0
0
409
586
444
0
401
0
0
531
176
570
435
453
532
566
365
394
215
355
0
432
501
287
388
289
565
252
384
257
358
305
368
627
136
255
392
517
236
361
260
478
410
358
167
0
0
297
0
410
386
158
367
442
221
396
602
0
286
358
249
441
247
298
0
0
0
521
167
284
249
625
436
456
0
266
0
238
0
244
460
318
298
547
0
511
232
244
174
294
391
0
547
130
228
0
305
0
0
413
0
320
350
582
0
0
492
0
0
494
243
144
159
544
285
244
263
390
369
0
0
329
338
133
252
628
526
256
183
0
489
349
174
0
563
369
213
303
131
0
504
0
452
163
372
245
0
477
208
0
194
307
0
414
639
250
523
249
504
0
0
152
625
517
411
0
0
0
0
368
137
0
246
600
307
0
369
345
570
279
210
315
627
0
469
461
413
0
0
172
0
349
471
233
153
167
0
311
263
240
0
196
524
201
382
0
0
531
494
0
0
320
278
605
452
569
0
546
614
213
0
451
0
0
626
362
0
234
200
545
584
232
628
445
456
619
352
449
262
624
613
128
148
0
0
354
569
564
611
140
0
291
267
254
136
451
579
202
302
136
151
635
0
223
392
160
0
345
0
618
0
445
345
629
171
253
0
582
484
0
254
0
0
561
636
467
468
0
0
520
161
283
0
258
139
294
168
317
619
550
0
182
592
139
0
547
0
176
243
0
0
471
585
588
511
463
556
262
0
371
544
175
0
361
482
0
138
165
159
0
237
251
295
590
195
178
610
0
441
309
546
554
297
576
274
632
507
0
442
421
0
574
305
0
449
310
0
183
0
304
582
0
0
343
178
153
0
403
289
249
193
367
0
620
0
640
497
406
512
199
305
197
366
253
636
477
0
0
539
490
0
382
472
630
0
198
551
635
550
242
598
175
176
0
415
0
345
570
144
320
471
0
442
560
621
632
0
384
239
369
247
397
0
457
533
0
401
172
479
446
0
302
218
264
309
310
423
143
331
237
235
309
496
0
527
0
220
313
285
444
319
504
0
139
587
474
0
580
478
0
156
0
0
236
333
328
560
232
365
0
430
0
338
0
406
355
0
298
302
243
199
181
407
602
307
0
310
415
0
195
0
165
0
413
387
302
154
501
508
302
453
402
371
0
208
358
0
435
159
278
585
442
0
