0
355
882
530
271
585
685
275
547
307
944
0
33
535
0
554
297
882
556
473
0
592
259
861
567
681
844
773
0
897
282
306
849
241
818
552
130
970
1
275
87
480
597
903
652
345
0
828
205
396
236
521
378
814
846
0
935
113
730
152
0
457
478
176
962
929
876
260
376
174
55
0
850
70
98
17
70
899
372
292
404
0
865
209
665
325
229
476
799
0
131
450
413
144
982
137
19
857
46
0
355
0
832
327
61
591
0
0
724
449
702
933
693
577
958
296
759
0
919
415
69
991
407
194
533
775
256
816
664
207
509
765
459
197
115
24
479
0
942
502
522
391
869
150
817
843
753
936
608
86
298
999
324
0
0
604
545
605
418
421
696
739
255
72
614
752
907
892
309
428
524
938
686
0
915
0
951
449
460
819
572
115
964
296
0
268
327
697
306
42
782
280
615
43
696
276
0
140
129
0
882
832
0
932
142
634
229
455
309
0
9
995
398
200
0
448
594
989
405
0
739
1
56
0
341
78
440
95
0
0
0
932
370
680
476
487
578
918
299
741
276
239
490
647
130
244
817
608
894
245
318
0
0
394
231
124
733
0
0
0
731
631
791
7
414
250
0
497
0
0
474
370
980
14
449
0
0
445
404
103
564
937
515
699
21
0
539
933
668
739
850
893
59
623
124
907
546
927
805
0
530
327
932
0
244
663
0
252
316
53
573
345
52
0
126
29
255
993
457
407
302
253
131
776
0
106
349
246
280
968
412
587
556
338
226
315
375
433
856
258
0
250
0
616
625
417
260
329
0
884
302
468
685
790
921
728
209
484
453
530
386
804
498
785
560
888
71
862
689
720
231
987
642
741
778
79
219
858
690
257
14
589
441
846
979
938
19
173
395
429
917
649
755
473
0
235
787
249
934
0
271
61
142
244
0
724
0
440
133
92
508
769
263
207
367
580
0
705
131
222
190
170
176
532
101
0
0
0
302
0
498
948
142
242
604
180
689
751
740
887
0
751
117
0
986
414
826
50
124
0
185
0
117
353
145
176
0
560
704
105
0
155
227
618
686
508
489
544
669
0
486
418
755
434
705
979
724
279
256
827
0
932
468
50
905
935
139
60
436
505
0
144
122
233
354
749
32
0
538
976
585
591
634
663
724
0
844
207
200
781
152
416
48
9
481
0
445
168
498
500
930
734
62
0
0
709
145
566
14
0
166
968
739
676
568
800
0
0
994
0
824
524
770
464
998
451
476
859
729
792
947
123
736
577
709
760
20
553
770
904
375
378
638
157
202
0
873
443
933
894
66
648
0
191
919
401
152
228
0
74
0
0
504
0
288
878
0
148
458
691
0
530
632
856
0
894
27
939
422
186
685
0
229
0
0
844
0
293
642
248
702
702
949
0
316
835
0
177
0
845
425
488
286
556
735
411
118
345
0
451
0
685
392
270
901
946
89
798
670
679
408
942
479
0
384
984
422
759
639
0
511
0
0
765
990
327
371
545
213
592
18
10
146
923
639
239
702
523
818
603
981
743
810
137
0
208
258
500
759
716
451
298
99
53
632
391
483
433
400
132
0
0
506
678
402
822
806
406
537
515
275
0
455
252
440
207
293
0
757
306
864
47
62
919
43
940
515
700
0
204
0
116
809
484
118
0
618
80
945
859
80
490
2
0
840
348
46
189
236
105
988
214
0
251
867
915
544
820
493
807
491
204
434
0
927
266
77
257
878
633
481
867
0
910
262
739
177
211
0
481
815
956
928
840
261
138
632
3
0
0
0
678
954
270
65
43
325
0
346
376
0
0
0
654
667
0
0
945
693
0
547
724
309
316
133
200
642
757
0
483
638
488
724
499
83
838
696
849
362
164
241
940
452
50
0
402
538
0
162
459
173
565
902
189
0
149
245
0
625
0
514
43
571
965
886
558
733
414
285
973
0
216
210
914
254
541
549
158
127
0
468
0
121
563
751
378
195
321
403
386
487
536
247
615
492
247
275
983
247
730
697
754
0
144
714
586
916
954
767
812
551
0
882
0
392
168
48
403
66
0
307
449
0
53
92
781
248
306
483
0
166
945
63
979
0
633
500
201
618
765
400
4
647
281
0
262
0
755
361
789
528
84
162
141
803
5
462
948
571
873
560
486
110
20
0
0
773
998
975
314
232
367
359
794
0
208
590
515
659
0
637
353
400
317
50
459
982
893
729
410
830
513
0
900
261
840
311
713
919
159
0
0
103
0
523
90
902
47
354
1
94
0
356
883
507
918
309
132
535
755
944
702
9
573
508
152
702
864
638
166
0
361
175
854
287
345
163
0
981
194
549
0
686
765
658
0
692
773
183
948
596
447
789
428
122
721
0
394
461
935
379
0
749
260
323
312
399
608
675
0
0
798
0
265
842
95
549
132
569
469
0
237
740
34
571
439
509
641
565
538
309
910
92
934
687
831
0
85
340
563
918
683
509
134
211
196
738
956
879
771
963
0
496
0
458
195
834
909
915
799
0
933
995
345
769
416
702
47
488
945
361
0
83
945
89
723
618
655
462
0
0
123
963
305
864
293
881
380
450
967
0
577
413
303
760
770
471
255
207
800
889
110
941
0
432
135
724
631
843
827
636
627
759
253
783
68
852
229
32
0
495
487
0
598
918
86
0
140
357
69
859
627
0
623
33
356
584
73
98
919
396
359
915
582
266
148
558
416
260
608
475
74
45
946
340
782
666
374
961
0
33
693
398
52
263
48
949
62
724
63
175
83
0
917
741
29
102
87
286
0
0
890
791
702
369
410
281
977
506
575
249
519
214
462
0
298
358
385
988
219
816
372
349
896
757
307
499
771
731
0
502
373
462
234
414
34
645
816
865
0
503
75
152
311
447
886
0
430
625
258
844
357
895
118
271
535
216
406
0
904
261
694
0
165
430
51
836
0
337
288
790
274
463
875
871
968
611
0
393
0
535
577
200
0
207
9
0
919
499
979
854
945
917
0
169
0
547
964
0
489
727
676
305
991
186
283
36
353
0
461
891
638
810
330
617
475
502
409
690
510
66
970
121
882
271
624
880
201
869
795
665
674
522
613
21
418
499
226
238
750
700
420
0
6
613
916
63
383
937
581
501
218
474
560
625
466
428
706
631
893
0
719
756
319
606
901
930
292
641
591
460
512
299
206
92
368
563
12
708
48
0
958
0
126
367
481
316
43
83
0
287
89
741
169
0
112
237
785
330
803
343
0
781
586
463
962
981
587
413
319
200
429
804
444
944
387
258
88
445
90
0
563
875
625
632
860
416
286
808
607
481
561
665
628
343
913
83
811
737
750
776
481
960
27
167
871
671
405
0
218
829
141
432
0
653
841
0
677
164
721
885
359
398
704
411
0
757
0
124
463
608
909
122
345
838
798
245
832
923
0
554
296
448
29
580
0
835
940
838
633
345
723
29
0
112
0
942
762
352
505
661
126
59
221
337
437
426
63
925
934
0
148
568
874
905
778
848
151
74
0
875
126
447
350
0
77
588
905
220
873
441
0
884
780
0
520
917
871
804
836
288
138
411
904
461
645
682
43
790
84
203
20
528
0
0
270
116
675
523
935
578
16
578
163
525
913
857
341
474
67
483
550
797
139
502
258
652
787
110
894
297
759
594
255
0
445
0
515
696
500
163
618
102
547
237
942
0
842
804
109
932
377
820
601
0
459
77
728
437
645
450
49
0
0
971
0
157
0
670
996
255
0
27
746
135
586
865
300
855
504
912
354
550
399
685
414
281
96
147
879
809
0
0
767
958
781
523
671
825
17
993
808
857
803
347
923
281
695
808
206
981
479
289
42
0
634
628
380
98
905
239
30
746
135
774
716
256
574
643
112
882
0
989
993
705
168
177
700
849
201
0
655
87
964
785
762
842
0
654
997
0
841
661
963
399
621
708
510
0
651
0
0
805
750
979
631
65
745
25
894
146
644
11
142
0
589
850
807
0
273
641
682
994
554
497
736
812
84
963
347
523
243
267
0
530
840
0
832
979
219
727
873
499
882
116
286
445
0
0
926
108
530
415
748
184
525
921
0
542
484
0
959
287
341
433
709
0
392
657
0
556
919
405
457
131
498
0
0
362
618
981
462
286
0
330
352
804
654
0
287
649
858
136
25
125
53
174
0
954
753
214
0
45
316
0
423
241
5
5
298
507
979
945
626
58
969
370
760
0
672
142
0
0
964
48
741
72
0
273
646
835
606
512
721
0
66
542
89
71
928
256
196
147
179
868
0
246
98
725
390
518
752
0
79
254
659
160
559
810
202
735
0
182
979
59
488
716
501
217
721
473
415
0
407
222
500
845
204
164
765
194
0
0
489
803
505
109
997
287
0
994
261
0
0
837
247
599
15
884
161
70
108
120
2
644
153
851
341
60
7
0
982
989
874
306
97
68
215
261
0
952
895
882
235
0
328
213
551
646
0
408
432
812
242
202
0
300
711
202
712
0
333
0
774
566
930
348
533
0
925
0
248
131
0
814
0
75
809
130
604
0
169
993
824
709
632
637
947
485
465
0
69
739
302
190
930
425
0
241
400
549
0
0
727
343
661
932
0
649
994
0
428
717
902
919
335
735
62
309
440
285
514
919
188
559
326
0
283
882
898
851
116
124
659
610
0
484
899
60
838
534
667
562
208
61
213
606
852
77
148
0
948
0
119
627
987
521
613
579
949
0
37
101
411
315
993
0
99
736
0
702
0
257
0
16
36
103
770
695
0
0
87
740
316
257
519
987
291
0
0
592
991
1
253
170
734
488
116
940
4
0
123
890
676
0
126
377
841
858
261
428
0
413
703
418
553
438
214
769
661
267
353
53
36
585
164
957
181
763
739
84
0
66
0
584
156
177
764
817
255
309
67
815
731
633
36
646
0
349
477
375
588
521
470
116
408
638
455
919
937
80
509
875
745
790
485
57
353
836
232
329
639
186
12
150
969
0
945
522
481
324
908
0
962
0
504
698
252
67
715
259
407
56
131
176
62
286
809
452
647
686
963
791
305
781
59
820
661
136
0
717
413
0
214
541
553
529
0
531
26
150
631
786
643
496
53
128
0
0
560
402
8
332
292
362
511
999
657
423
758
50
0
918
215
213
86
206
997
886
300
164
248
590
440
822
336
682
580
293
0
0
851
758
472
418
550
355
479
379
0
947
442
528
426
113
0
446
0
227
0
436
726
306
308
174
0
629
589
476
76
861
194
0
776
532
0
556
484
50
281
765
305
702
991
586
221
601
963
25
0
902
703
214
0
804
778
0
786
254
0
285
112
899
173
962
462
17
261
828
557
532
645
620
666
245
847
401
834
229
418
915
186
294
0
666
22
0
621
536
43
121
356
456
384
610
136
475
155
832
830
949
954
0
177
284
848
547
0
652
931
816
64
300
0
101
767
898
131
109
750
455
671
743
583
700
116
850
352
685
217
567
533
341
0
101
0
735
118
0
0
658
864
369
186
463
337
0
399
125
837
919
418
541
804
0
142
381
0
0
908
962
866
800
526
459
593
709
0
407
438
965
33
797
531
413
565
0
482
148
731
27
544
0
815
979
807
942
182
712
699
723
604
652
721
556
0
0
93
0
812
0
954
718
448
0
327
451
15
447
0
848
127
56
358
27
604
366
278
0
268
0
52
848
78
558
680
243
253
204
0
681
775
78
106
0
709
411
0
402
262
0
293
410
283
962
437
459
621
53
247
335
553
553
778
142
0
269
360
477
127
935
320
144
0
921
830
723
782
714
538
385
455
567
114
461
343
0
83
340
152
621
0
582
0
387
259
385
857
0
383
575
768
210
81
7
18
0
357
61
513
467
0
601
0
748
538
192
153
598
863
990
430
651
435
740
176
462
406
493
943
512
488
73
258
417
818
0
8
800
661
844
256
440
349
0
145
118
618
538
0
692
881
281
36
981
426
77
708
174
599
735
438
529
0
381
269
0
3
284
843
927
637
774
870
532
6
266
42
0
62
335
952
0
178
526
897
200
996
517
869
0
85
631
0
966
120
534
482
9
442
568
752
61
102
0
859
110
734
480
95
721
610
61
804
875
973
65
926
665
0
330
168
756
976
525
149
0
203
758
120
292
0
163
0
339
617
131
94
0
0
773
816
95
246
0
566
345
80
0
755
773
380
977
353
587
63
728
510
0
15
62
214
0
786
0
360
3
0
524
46
570
178
0
880
383
306
295
93
927
164
354
0
764
0
0
67
789
459
284
955
567
73
177
0
665
998
305
0
948
303
676
668
0
710
310
989
991
438
0
190
408
725
417
970
0
705
886
0
0
401
685
908
257
612
381
203
445
0
0
506
14
267
540
596
105
0
813
705
170
95
0
664
0
280
302
14
0
945
162
361
183
450
506
0
413
925
437
0
954
884
309
769
531
254
0
477
284
524
0
38
0
338
929
130
514
195
0
0
123
518
660
896
0
349
765
702
970
263
290
0
142
890
161
858
812
779
584
717
96
228
18
135
948
0
255
335
283
66
149
992
11
130
724
276
325
97
0
728
547
906
585
326
0
141
839
438
476
137
0
102
882
481
225
664
68
556
410
933
632
0
897
207
0
968
0
0
451
859
459
789
948
967
575
461
319
934
645
651
753
161
440
661
26
0
908
127
843
46
38
0
293
278
486
25
622
227
797
0
620
897
309
300
945
763
851
288
178
815
0
392
0
664
602
491
957
296
646
0
543
973
497
105
907
701
239
101
732
28
867
657
377
0
321
292
982
938
301
0
0
777
793
718
360
0
746
0
114
0
481
0
571
118
0
946
752
196
263
881
730
169
282
509
0
412
498
166
0
80
173
528
596
0
249
891
200
0
450
0
214
70
285
267
150
285
962
935
927
570
0
293
0
104
973
349
51
273
0
387
805
871
527
223
644
405
51
909
800
105
429
770
323
916
281
217
123
0
0
510
464
186
718
269
163
737
0
789
794
113
0
813
0
949
567
292
451
640
0
64
375
645
0
918
249
306
0
299
99
842
305
878
521
198
205
0
0
789
923
574
286
738
306
765
932
587
948
968
685
490
565
84
447
577
519
638
429
148
49
0
0
108
514
353
631
112
866
320
637
178
338
278
104
0
485
145
922
853
256
713
31
550
0
678
321
961
681
655
259
438
938
0
0
555
92
135
538
616
758
419
249
287
0
37
147
0
699
493
161
419
764
357
573
227
0
629
240
260
513
882
95
695
765
894
135
756
163
233
515
198
667
83
794
0
599
101
88
422
918
0
814
0
849
459
370
556
142
739
392
2
902
162
789
413
214
810
804
568
0
805
45
120
919
53
786
899
800
144
774
0
929
486
973
485
0
93
0
122
841
142
602
506
754
467
916
240
954
0
9
830
483
641
544
952
0
655
704
731
276
755
458
0
973
0
789
0
470
418
311
0
906
98
161
182
164
378
857
381
0
0
581
524
0
238
328
878
0
502
852
0
805
300
29
972
146
299
0
195
0
690
298
0
241
197
680
338
242
676
270
0
189
141
428
303
462
330
444
874
0
750
316
2
188
36
643
173
526
0
870
880
130
25
349
145
93
0
445
542
51
0
186
802
648
0
689
0
230
76
404
0
32
212
514
537
801
777
56
33
280
0
535
761
681
134
741
720
0
828
189
473
392
851
0
405
401
0
0
337
280
941
888
0
556
750
0
0
892
744
0
34
441
32
0
520
4
915
4
379
890
460
90
539
818
115
476
226
604
568
901
840
0
803
122
760
0
617
944
905
971
979
0
644
559
585
496
962
459
921
532
383
514
622
51
922
0
445
0
697
272
806
468
342
0
865
114
316
0
146
214
626
0
886
850
438
70
600
209
0
0
229
751
837
639
539
770
517
431
455
105
159
373
391
758
989
734
0
877
94
16
305
457
0
558
715
783
206
1
768
398
883
28
0
0
407
415
715
895
195
651
560
294
689
552
24
487
315
180
800
946
348
149
5
721
770
298
475
387
778
0
631
423
153
326
164
53
462
593
830
6
306
195
227
273
853
122
542
697
0
195
755
602
73
641
570
0
283
267
0
651
537
912
257
725
23
718
376
380
232
857
404
586
905
627
981
0
409
0
906
390
197
207
0
775
461
566
0
292
707
711
201
515
554
178
707
0
50
851
445
312
0
370
0
0
68
0
354
579
305
870
0
0
412
130
479
578
375
689
0
89
46
245
462
0
471
358
502
258
848
157
65
241
851
0
957
128
17
709
723
266
295
0
797
0
256
841
51
272
195
0
592
678
343
802
582
0
513
494
548
567
446
226
311
95
445
114
306
13
159
0
778
0
883
100
0
7
493
388
0
947
886
92
209
794
813
742
119
745
102
947
528
624
540
255
0
540
433
190
847
0
0
484
128
795
30
919
24
332
605
117
878
564
0
970
0
918
433
751
0
798
189
0
948
394
255
385
409
88
151
0
745
5
341
283
181
0
261
0
782
42
93
0
0
387
713
142
0
806
755
592
0
394
153
412
953
892
86
264
55
0
574
850
814
400
561
867
465
79
150
621
907
102
999
0
432
0
219
679
292
428
44
966
977
110
479
0
249
600
746
326
947
184
0
0
756
525
520
194
301
183
0
0
827
0
354
328
0
220
729
787
71
164
403
1
942
299
856
740
994
670
236
625
571
461
207
988
690
445
74
670
25
5
60
882
763
0
828
407
714
0
927
123
620
805
31
602
186
468
602
678
394
0
842
416
467
102
472
376
903
792
238
581
0
940
921
451
879
54
742
864
898
0
606
167
5
150
892
452
531
0
945
528
523
378
473
435
304
0
328
976
0
506
574
976
0
0
661
550
0
847
666
0
399
468
37
569
608
473
0
0
647
394
0
275
502
741
258
887
0
679
105
0
873
935
800
219
510
90
0
996
894
298
7
898
739
560
557
438
538
62
164
518
897
871
550
506
802
342
73
343
153
842
0
866
424
405
984
667
739
0
607
963
926
723
671
573
328
627
0
482
0
451
0
765
832
0
82
152
193
0
813
254
0
743
734
934
0
0
622
337
890
482
144
0
106
163
709
14
752
397
977
0
0
341
0
788
847
896
523
422
572
501
0
87
522
276
0
0
824
408
988
514
560
379
889
816
66
0
875
255
146
507
0
851
84
402
532
965
385
335
354
660
309
527
0
754
648
0
641
802
412
416
866
0
420
239
0
824
0
0
302
291
21
891
873
844
0
537
286
771
507
0
967
0
992
988
731
411
471
0
669
664
679
910
704
803
0
496
66
134
214
255
564
42
784
0
0
0
761
544
111
567
142
921
104
408
648
82
243
628
481
152
0
480
391
239
250
751
524
942
214
43
486
0
110
372
970
563
126
0
644
979
982
116
0
8
645
33
455
952
0
896
300
223
678
467
0
865
570
582
953
467
424
420
0
451
948
995
674
861
0
0
125
582
670
561
127
544
636
230
245
449
677
827
906
156
653
0
574
262
381
720
156
473
372
568
29
989
981
640
0
770
214
129
545
643
492
0
36
727
719
787
132
297
121
0
798
803
168
13
853
257
286
597
869
490
0
117
770
479
0
571
110
749
941
349
121
875
447
27
11
945
989
124
66
332
620
797
567
0
764
0
945
644
321
916
689
114
0
0
892
102
405
239
451
0
559
650
235
610
714
835
566
119
577
0
621
574
965
297
600
205
472
604
0
0
28
940
0
211
0
95
733
0
84
0
39
486
192
0
756
525
0
0
69
512
641
624
8
816
63
0
517
679
0
630
389
396
772
753
0
492
971
903
150
647
616
0
464
0
251
965
20
260
0
896
882
625
350
746
142
626
874
659
0
292
666
531
114
178
0
349
763
405
961
240
0
316
283
513
86
472
984
0
948
559
0
486
469
561
373
58
658
877
7
0
809
161
0
702
245
80
759
358
967
813
548
111
87
939
108
0
483
633
228
0
830
313
308
891
825
35
567
909
0
0
277
594
0
296
0
0
13
800
152
17
957
590
511
521
590
602
731
652
817
130
625
986
998
384
867
886
0
323
432
757
271
632
0
135
0
58
306
610
584
362
245
413
461
526
0
765
851
51
681
954
230
0
267
494
264
376
667
824
995
650
486
0
14
457
470
0
622
714
605
0
942
64
253
171
0
597
552
348
246
196
577
704
694
0
657
529
838
225
983
295
566
905
894
790
23
998
217
212
95
226
730
659
293
310
336
711
509
705
554
990
198
55
568
274
610
412
948
345
843
244
417
414
451
984
915
558
0
312
135
307
624
860
77
586
589
969
97
0
156
511
847
565
343
897
67
702
288
909
655
0
76
146
0
548
55
903
739
0
674
235
469
14
0
804
768
260
382
291
220
838
219
0
718
721
970
715
204
77
384
857
253
314
984
603
781
791
568
697
655
684
385
0
832
500
749
0
751
250
0
553
657
369
66
787
99
274
697
791
0
396
889
254
63
296
0
632
233
0
753
817
260
826
476
422
544
733
773
399
724
499
880
416
588
865
850
370
68
484
177
999
401
0
0
200
789
970
178
800
259
9
404
214
651
567
0
792
0
0
861
610
561
457
804
0
70
143
346
61
751
400
114
69
264
609
64
451
0
619
661
359
538
0
512
373
473
17
426
316
153
821
63
982
563
1
579
612
809
183
0
884
641
87
627
880
458
213
0
341
794
987
38
103
637
395
489
365
586
828
936
608
329
50
859
759
820
414
998
608
631
771
201
286
905
300
807
760
215
899
764
657
834
482
83
996
459
263
815
105
438
830
0
626
537
446
574
238
607
302
0
714
373
470
768
70
0
290
665
475
861
566
0
260
280
638
436
811
0
800
815
378
71
589
157
524
854
0
166
595
381
0
136
0
370
766
824
112
926
679
898
175
722
496
447
0
932
726
101
0
873
502
110
472
143
0
913
269
0
205
608
894
0
124
729
639
493
285
975
675
843
731
869
808
220
855
0
0
261
60
817
423
229
148
340
517
284
290
0
429
938
483
32
0
912
226
850
581
963
291
0
835
58
0
260
143
290
0
418
437
151
409
550
111
171
426
341
771
903
597
515
512
514
0
970
490
418
932
89
263
609
412
570
857
699
358
358
0
506
0
450
326
559
814
355
0
719
255
988
164
279
0
653
922
446
765
287
347
503
396
86
245
884
0
792
0
807
973
314
0
827
0
795
607
873
504
273
672
0
838
255
758
418
731
152
869
955
0
392
770
0
641
212
886
257
311
814
0
926
21
125
566
658
622
382
346
665
418
0
238
766
211
176
596
15
775
628
988
824
370
947
526
402
0
174
264
95
641
11
675
419
0
570
213
289
289
526
0
796
924
881
0
0
0
268
176
396
2
70
149
551
658
501
606
525
0
864
690
0
236
298
318
302
185
947
511
491
0
232
0
636
502
665
481
441
912
641
142
952
534
309
50
915
27
621
0
567
142
0
323
0
544
514
850
725
95
400
940
723
891
582
119
877
714
291
61
475
437
238
0
476
440
44
84
40
836
122
690
229
184
642
103
213
46
429
752
260
230
278
197
98
81
921
632
313
452
0
68
552
384
321
555
855
873
248
0
0
74
39
211
328
602
806
674
14
398
688
731
0
521
999
0
468
0
123
0
204
216
367
798
627
373
674
561
0
354
682
0
895
667
67
0
186
544
0
85
73
890
664
916
555
952
537
438
23
445
561
921
671
873
670
577
7
605
220
751
861
151
766
476
0
338
987
557
589
610
730
692
637
527
308
832
803
11
863
760
913
562
716
973
799
954
622
634
284
40
487
468
908
0
0
42
846
905
0
752
818
241
484
19
939
628
242
129
746
647
620
699
598
378
324
0
685
117
736
0
434
210
359
0
759
462
522
665
884
550
994
0
882
562
815
918
294
0
582
631
177
161
602
281
92
0
801
70
718
114
867
451
573
844
561
0
0
0
838
400
566
409
211
440
338
0
0
975
732
58
481
636
0
0
570
128
108
195
588
221
673
580
37
0
878
430
800
728
355
225
938
293
579
990
274
0
937
618
280
660
668
880
241
0
217
916
669
922
103
591
624
208
444
814
0
394
790
353
577
765
0
914
794
265
253
234
613
628
780
399
554
964
235
208
731
215
0
815
0
0
0
858
491
217
135
655
777
600
376
306
465
879
328
0
127
621
809
942
219
114
0
550
176
44
987
0
0
900
952
309
315
748
895
405
250
924
815
471
974
215
581
336
92
584
873
160
250
631
9
352
205
3
483
976
68
0
519
64
817
452
206
0
500
595
863
400
0
0
637
121
129
477
0
846
0
231
921
145
709
990
927
254
0
842
783
414
21
343
0
685
497
48
0
61
633
213
666
979
387
966
665
812
957
123
538
704
56
209
380
13
79
54
627
537
544
574
161
64
0
69
260
111
596
84
557
975
900
0
173
69
251
473
429
463
0
967
908
58
237
436
289
619
136
0
601
29
205
95
713
482
523
627
263
972
0
533
646
412
848
941
766
247
989
220
460
777
195
576
378
701
816
969
608
0
604
124
728
176
760
327
266
541
208
95
68
34
418
913
520
414
736
741
328
213
36
86
22
807
259
120
998
779
296
0
616
731
33
0
232
159
150
742
0
286
636
965
0
253
718
264
280
171
15
40
589
732
952
173
0
622
178
0
469
737
793
476
655
892
884
903
715
978
241
0
276
298
859
788
433
0
678
894
181
313
274
692
450
325
716
642
859
29
856
632
796
0
175
658
779
949
381
149
77
935
545
733
209
0
20
371
77
549
590
549
852
645
499
83
917
281
812
72
213
606
646
206
0
942
385
534
305
584
646
0
758
276
280
0
857
0
621
864
482
771
230
297
702
171
721
609
638
426
775
836
610
58
309
69
622
0
290
97
730
517
830
960
924
0
878
203
18
747
315
371
842
215
0
817
733
50
365
826
816
152
0
865
689
231
595
78
125
688
700
201
910
0
219
45
251
594
631
721
761
113
605
0
484
560
553
545
257
158
515
132
229
816
226
811
871
96
84
0
551
852
0
997
621
182
857
482
0
717
0
510
419
755
0
229
404
778
907
898
0
507
245
600
245
0
970
64
436
341
628
122
730
481
315
251
178
290
0
700
988
154
352
112
410
171
476
864
444
430
464
245
57
919
787
0
83
613
19
730
0
58
677
111
223
158
956
694
27
679
993
908
0
757
942
486
800
0
728
577
0
730
418
0
453
704
770
213
878
127
659
569
32
865
238
737
804
147
963
273
646
77
349
886
536
712
0
9
948
96
543
464
249
458
535
751
586
0
102
0
451
0
449
205
80
597
715
451
811
771
988
690
692
636
748
473
0
97
700
0
976
993
215
224
348
48
738
580
638
920
0
782
0
17
680
815
634
726
922
977
232
684
0
580
63
31
684
172
198
649
881
155
822
266
553
530
874
814
744
917
352
152
421
0
530
105
904
592
633
0
0
469
0
0
750
750
836
879
347
646
0
148
477
300
43
699
383
442
303
228
973
186
287
0
761
837
905
883
999
606
0
967
677
472
759
552
204
0
0
903
824
229
637
0
895
429
469
730
988
976
0
718
99
320
806
32
954
441
0
768
904
6
299
130
49
350
156
775
0
0
919
0
191
499
428
903
0
957
646
722
232
339
144
281
783
221
449
705
80
715
439
0
696
731
386
0
375
18
481
468
637
0
495
503
700
776
288
809
523
835
408
0
375
164
121
723
575
568
676
18
497
718
0
973
681
639
627
100
0
167
765
0
827
604
358
348
77
619
800
597
370
184
527
0
405
463
737
517
154
993
718
0
22
0
831
79
459
237
0
865
62
851
116
997
300
4
384
99
256
918
28
761
318
117
0
52
992
0
504
245
182
650
964
0
0
838
437
918
498
389
778
457
739
631
804
155
378
10
867
0
353
237
487
75
420
481
138
0
243
606
432
948
588
248
356
604
768
752
668
135
105
269
37
0
134
539
981
0
432
5
832
992
906
0
967
246
384
661
815
515
947
642
308
570
250
0
793
830
352
215
99
22
0
110
798
0
381
0
657
989
868
874
641
518
540
78
905
912
232
254
268
0
669
970
624
791
0
804
917
222
778
0
933
554
875
443
22
479
397
454
0
478
255
791
498
227
638
146
0
121
400
740
0
152
0
960
411
0
267
512
812
0
521
590
456
652
210
61
0
948
907
163
147
789
741
770
0
7
0
150
0
988
156
0
813
196
857
359
378
512
526
103
832
128
924
967
476
960
112
224
320
0
110
0
918
730
896
162
122
261
860
43
220
859
267
377
92
0
0
170
0
642
376
28
922
435
308
137
757
921
153
82
35
105
17
771
401
461
385
999
286
176
72
7
785
618
157
923
910
563
317
34
598
311
6
27
904
767
0
721
242
119
470
440
384
721
81
102
710
0
701
737
0
0
720
517
409
493
219
892
82
731
653
28
548
577
253
538
71
514
402
213
803
108
815
908
655
924
410
348
806
831
798
918
0
852
825
4
575
562
589
243
907
351
301
576
592
0
713
25
459
661
0
862
452
779
611
99
949
597
137
616
448
169
945
97
540
412
720
821
342
962
614
414
560
686
202
639
262
751
50
571
918
447
613
167
461
958
530
0
202
627
116
822
610
556
7
0
310
255
239
0
699
470
0
431
0
388
679
452
152
411
0
940
111
704
314
0
589
0
0
46
11
195
471
58
892
0
171
48
32
79
0
730
852
0
310
871
99
925
74
0
573
210
0
554
645
799
950
935
150
463
22
807
405
502
348
86
179
0
552
0
467
127
861
33
240
655
106
0
423
929
752
250
888
508
0
239
739
378
459
439
86
886
916
871
645
781
840
66
0
987
408
336
136
0
18
859
989
335
101
789
493
418
828
455
906
0
292
531
193
471
574
0
87
694
984
512
157
970
174
429
863
588
974
237
884
878
476
738
954
459
381
896
825
310
0
743
59
142
499
659
642
0
970
656
445
510
560
344
8
411
322
191
224
626
466
833
119
287
0
335
754
943
377
112
0
285
902
502
0
876
907
0
71
489
873
702
177
195
982
509
0
0
63
671
682
523
0
542
300
521
638
682
475
0
0
110
991
283
732
794
161
311
189
105
390
947
428
0
0
0
262
211
939
0
603
373
524
490
264
752
760
221
215
436
903
203
864
580
441
237
0
162
4
871
743
0
0
578
443
669
267
308
791
506
178
674
965
780
707
405
811
0
420
0
141
0
444
0
579
953
95
179
878
63
221
701
345
509
460
260
892
497
862
544
443
523
211
321
893
641
140
430
383
405
43
671
832
89
711
613
455
580
155
93
357
734
438
66
28
113
419
0
473
159
197
886
44
945
813
669
381
0
108
657
781
473
854
418
95
260
913
673
581
289
715
18
444
638
0
0
657
122
575
99
59
0
0
387
310
67
234
995
0
0
343
482
0
891
364
220
69
3
619
908
284
595
772
57
729
888
0
675
596
659
803
565
965
43
934
376
309
0
689
669
933
818
0
403
729
565
357
625
937
0
790
825
979
71
202
579
919
293
832
0
61
480
0
149
867
0
764
906
392
373
207
92
966
528
254
664
720
95
0
529
791
17
0
932
641
230
562
580
336
619
978
747
430
920
768
865
989
261
562
925
142
578
387
0
267
80
975
0
0
418
873
0
0
120
836
338
255
708
712
304
648
98
419
172
107
0
617
769
688
694
685
427
27
34
2
174
428
0
720
0
894
603
481
386
410
538
69
258
581
218
84
17
219
928
712
949
937
0
830
812
513
95
190
992
657
813
357
98
851
391
0
209
977
523
0
679
156
733
483
838
568
426
166
89
11
278
716
37
92
136
241
315
464
0
904
62
868
860
589
74
499
443
310
267
0
798
384
632
76
318
529
0
245
437
0
466
113
976
193
854
585
793
264
310
879
321
588
162
999
851
813
305
506
359
0
55
524
474
231
486
66
981
815
487
830
309
859
844
501
829
203
993
727
256
0
0
80
0
949
0
467
721
408
11
377
0
573
161
0
758
775
794
110
378
743
910
473
0
633
225
697
316
595
263
675
197
973
0
584
0
0
371
245
782
6
851
874
43
243
0
659
669
67
80
798
0
557
787
0
360
176
699
816
230
818
472
0
350
229
486
460
266
798
527
260
957
916
0
302
824
988
13
780
481
0
0
938
370
987
418
648
743
956
536
513
910
627
357
218
141
20
808
873
196
333
37
509
851
954
954
0
610
725
130
0
949
227
182
405
989
461
813
479
473
734
704
372
84
228
983
655
153
381
609
419
98
799
878
873
601
276
842
57
0
299
116
641
220
907
573
642
267
234
975
384
557
0
39
160
573
954
322
83
0
928
31
267
344
0
233
237
0
800
410
82
25
996
863
584
816
211
550
764
665
0
850
686
980
642
755
0
810
928
247
0
92
0
895
474
432
528
857
499
147
0
101
875
758
0
718
601
61
417
724
321
567
0
164
401
734
566
742
0
435
934
803
568
0
0
295
684
821
0
412
0
81
954
430
160
29
298
215
919
17
130
997
518
859
351
210
0
308
995
0
632
787
39
0
99
396
34
517
520
51
639
489
446
825
167
485
257
561
157
122
399
881
837
377
709
71
0
0
643
339
970
70
0
14
741
434
191
137
840
615
900
934
623
118
560
0
0
803
882
179
774
411
745
472
177
448
0
804
970
276
292
292
629
378
0
0
0
119
249
304
0
0
29
39
830
566
385
63
136
570
570
921
622
800
250
205
859
0
787
680
49
300
540
267
301
0
970
791
0
0
76
0
160
99
0
223
121
58
523
413
292
0
833
0
750
819
251
634
0
790
641
176
217
0
240
956
0
0
709
41
451
98
915
449
778
705
919
0
261
492
261
687
33
271
625
653
0
347
116
868
566
315
790
418
284
0
748
875
0
325
982
451
240
857
0
877
292
745
600
0
0
496
989
486
313
905
0
982
0
857
213
632
634
728
631
95
788
817
0
815
350
4
78
377
576
554
656
506
0
418
318
360
573
396
223
0
39
81
817
785
976
616
843
542
295
564
760
235
276
247
986
254
314
15
311
889
627
212
0
523
0
17
0
0
79
979
401
208
138
247
840
831
356
535
466
841
270
923
286
0
930
993
485
550
848
327
538
973
705
97
938
640
260
381
337
94
707
102
746
328
622
66
981
192
308
894
832
563
370
699
289
313
284
355
9
713
433
733
83
634
156
384
905
92
592
645
445
178
343
873
529
176
954
34
121
39
0
848
967
352
329
0
272
0
746
200
22
742
302
248
706
132
72
421
0
750
958
271
173
475
642
70
951
0
219
724
152
258
632
275
311
0
584
216
428
0
116
281
445
246
348
0
57
355
547
451
192
65
886
0
301
0
513
0
280
16
711
947
326
976
337
134
640
0
891
790
500
1
766
358
289
452
40
225
352
482
0
50
613
726
775
99
912
0
0
799
510
674
482
0
0
699
322
517
58
81
848
0
201
356
323
0
954
528
576
663
896
825
279
0
775
0
498
607
199
636
708
42
899
0
0
899
449
445
858
279
228
500
3
983
713
85
73
406
706
677
675
695
0
98
533
99
353
479
0
15
153
926
0
728
0
64
882
0
941
305
201
528
947
0
890
214
0
756
825
23
749
579
824
358
526
0
487
938
205
523
678
365
19
922
0
256
232
0
713
950
560
965
0
0
245
816
83
520
523
817
967
201
0
155
652
666
890
915
648
808
463
659
940
0
0
389
378
851
538
835
890
975
251
876
581
372
460
404
690
256
0
759
0
247
919
340
98
0
631
164
523
808
0
725
0
736
836
379
652
447
598
665
0
547
0
375
95
581
888
457
515
624
184
506
482
255
770
525
35
998
0
612
112
0
0
68
468
293
3
627
894
826
730
977
0
918
254
170
25
935
344
780
891
120
437
230
0
51
413
785
352
356
155
0
160
766
263
235
159
428
815
197
597
84
809
0
516
417
967
0
137
975
501
0
881
292
819
103
257
827
74
716
0
730
159
563
919
904
893
721
935
206
926
390
925
0
232
0
931
0
863
0
401
906
777
645
695
524
0
0
554
540
0
574
144
564
214
0
567
217
751
809
926
506
796
552
908
579
483
263
181
816
0
232
919
28
268
0
459
150
8
707
364
836
0
818
928
639
292
976
329
323
652
160
0
73
336
864
549
612
793
649
574
175
82
540
590
0
688
0
895
777
161
859
846
404
572
564
14
0
0
451
0
697
0
918
396
261
0
885
578
981
108
518
0
702
329
947
816
848
990
330
685
585
793
0
765
0
556
558
178
255
0
976
0
42
129
0
909
212
250
183
679
0
924
384
0
990
976
972
313
152
58
684
0
761
0
642
661
463
411
405
220
338
466
472
31
489
0
616
0
0
666
766
73
0
646
179
0
0
843
718
794
229
639
886
208
28
60
687
0
749
0
106
0
0
115
937
589
932
0
298
678
754
0
683
359
694
719
359
16
479
530
752
248
0
639
442
64
127
430
168
908
326
718
918
894
238
750
715
707
0
756
0
106
784
545
69
0
95
0
0
898
450
881
321
0
274
68
0
274
0
677
0
191
318
669
376
0
22
322
811
69
255
113
0
267
446
833
843
272
954
890
263
336
646
0
95
548
714
0
698
695
721
396
912
207
678
480
136
984
109
182
329
0
865
964
515
441
468
504
99
954
0
103
509
915
0
756
398
578
289
415
0
131
257
186
528
300
56
651
756
257
0
360
249
135
328
0
783
0
540
525
0
163
0
643
512
0
226
553
884
175
326
0
555
42
0
0
533
692
865
111
580
499
117
970
28
862
807
191
0
3
708
976
350
344
825
0
542
0
528
915
235
864
179
95
0
328
739
0
446
364
840
0
710
0
110
191
843
0
997
937
841
840
209
296
699
846
50
0
53
270
144
0
134
582
165
319
704
163
42
748
79
0
0
12
426
0
358
435
976
612
141
0
306
756
878
0
206
50
433
520
661
709
0
492
641
277
730
657
641
722
559
0
855
846
937
519
646
450
689
223
63
428
0
624
922
452
405
224
420
619
712
193
229
0
167
750
295
746
576
648
159
549
0
548
328
0
220
294
0
267
276
978
549
0
283
650
872
294
0
0
27
0
665
0
21
979
905
288
632
65
714
523
211
266
430
606
411
525
0
184
254
814
16
150
113
101
27
740
525
381
839
746
0
163
0
892
1
851
190
194
550
14
0
0
624
594
659
369
87
496
814
0
873
905
618
64
412
325
231
158
31
903
52
791
435
779
502
626
0
908
304
854
486
233
485
819
564
200
663
808
428
612
0
714
739
220
0
842
28
36
213
60
0
32
680
0
921
205
744
183
138
0
325
268
0
938
935
878
391
43
586
90
196
148
51
901
0
913
634
525
659
0
36
969
0
767
604
176
149
203
438
0
299
233
502
744
768
445
847
301
0
752
761
36
8
0
293
66
627
447
355
268
248
0
280
817
848
716
595
956
684
0
992
0
308
611
348
466
141
284
648
585
460
237
257
251
760
22
896
463
815
793
843
0
0
294
842
0
970
0
631
160
747
0
380
0
841
645
771
948
678
993
229
327
539
19
139
0
483
325
916
902
738
558
836
930
757
857
628
921
160
75
103
0
446
898
366
462
0
445
476
114
99
515
852
0
398
312
0
183
847
397
544
727
816
296
310
787
880
0
0
176
0
752
660
452
941
642
78
694
172
957
0
804
137
99
86
833
0
595
98
793
266
0
561
634
235
742
825
659
197
649
718
698
446
0
28
970
0
20
181
261
5
710
641
40
517
408
389
0
805
521
476
697
933
173
60
148
433
0
954
47
956
416
0
292
0
341
380
0
559
809
770
945
0
131
278
406
203
0
137
0
842
198
0
34
883
0
0
0
666
977
111
719
63
0
336
99
458
932
719
396
0
818
668
206
766
859
125
27
198
646
504
917
757
949
179
119
444
772
419
264
798
800
157
0
276
302
279
940
597
574
794
695
364
267
36
0
20
0
611
315
622
292
297
0
0
0
949
0
780
0
799
306
668
395
436
458
400
346
767
354
879
260
337
641
124
474
98
542
810
130
695
522
227
109
0
493
758
0
0
481
305
667
805
441
28
370
484
0
0
0
567
787
0
0
711
274
213
726
255
2
74
241
880
0
247
29
688
679
649
722
245
222
921
597
0
287
0
57
172
310
527
410
122
790
247
248
0
0
84
175
229
721
840
276
213
631
181
611
0
124
836
136
715
95
0
190
61
74
329
264
0
42
739
429
505
691
132
376
812
1
771
608
288
591
463
67
905
484
202
604
0
481
0
750
268
943
120
506
102
0
878
83
300
32
0
0
128
827
399
0
142
132
517
13
509
697
0
101
988
70
39
484
241
500
989
856
700
993
881
232
182
778
153
137
552
0
579
729
107
879
260
82
399
641
986
706
775
0
809
82
639
396
0
978
60
160
261
315
124
0
426
311
37
553
820
468
17
680
922
0
131
782
850
917
0
0
0
0
551
94
963
475
790
460
608
483
239
0
735
0
0
324
436
455
0
512
292
14
882
571
521
794
29
0
0
0
795
0
468
341
921
297
679
800
705
791
341
0
164
149
211
19
0
595
220
632
201
908
155
339
650
0
82
616
0
335
953
888
0
321
957
25
881
176
254
132
0
389
0
540
886
912
710
549
0
747
5
622
836
426
0
18
0
208
791
924
0
353
0
0
450
280
893
649
144
530
0
0
0
0
0
74
274
512
909
550
30
959
0
169
87
908
726
671
52
488
0
267
481
118
198
0
972
520
407
68
30
354
37
0
104
121
0
152
554
0
794
873
279
551
328
939
217
863
460
796
910
0
822
144
964
933
35
448
467
754
95
0
617
588
916
996
837
217
314
72
498
378
516
590
208
207
0
0
32
0
710
292
136
311
18
0
43
67
297
437
452
650
749
386
413
615
59
755
122
632
506
0
882
356
496
45
463
299
122
797
746
287
182
993
740
0
306
743
848
73
163
540
225
0
205
599
146
4
415
0
919
328
569
788
408
0
630
17
990
396
987
502
0
658
602
628
916
400
777
0
0
757
266
281
0
554
105
169
127
943
179
675
769
162
0
863
377
0
15
421
607
851
417
0
28
678
110
283
680
380
641
297
715
37
0
43
0
733
916
576
344
147
0
0
144
43
623
473
233
856
678
654
0
883
0
946
875
206
345
139
135
341
979
824
316
962
308
583
78
258
0
596
664
946
0
101
299
915
715
354
24
0
608
847
648
798
389
957
198
889
38
110
653
501
806
242
669
0
195
175
219
942
553
783
0
875
17
945
861
377
878
596
688
999
302
584
709
240
311
0
199
538
967
688
60
480
191
650
0
0
40
0
95
553
208
67
733
0
114
46
242
613
428
0
982
696
124
0
354
0
402
667
392
507
458
340
871
92
838
502
774
433
59
709
257
0
174
700
558
417
339
105
68
752
0
88
0
4
895
579
332
220
473
896
82
803
396
590
55
254
103
472
922
606
674
129
922
0
576
658
45
486
530
221
838
443
771
97
33
112
63
659
694
851
824
816
71
956
889
750
636
835
0
0
687
136
843
872
921
841
517
0
0
820
791
297
916
114
0
0
860
926
0
616
137
276
907
235
749
894
822
0
168
918
195
782
968
368
798
258
716
709
488
632
519
504
0
116
680
818
617
0
556
196
789
422
195
379
195
305
605
729
0
523
243
168
772
511
568
63
637
143
446
525
14
746
103
637
378
779
251
800
874
449
437
22
401
540
240
0
221
803
685
813
988
211
0
0
627
958
708
890
137
895
0
984
0
294
205
645
408
0
190
468
924
437
576
46
0
0
542
603
16
0
19
0
546
787
32
27
806
0
48
309
834
666
611
563
245
652
256
0
716
637
987
698
629
850
243
0
131
813
410
263
923
918
0
890
651
870
117
787
0
422
628
13
753
521
274
296
395
0
765
0
398
647
591
121
701
949
594
0
814
705
918
479
461
412
655
285
701
565
427
305
13
550
0
0
212
271
42
975
975
777
749
109
997
0
744
771
389
949
61
17
0
452
344
242
860
542
0
427
716
0
857
140
927
249
0
939
406
945
403
132
909
374
0
12
832
787
574
392
501
947
291
252
589
352
253
8
94
705
933
881
574
0
690
460
560
0
878
71
647
572
481
853
0
590
610
0
489
913
287
864
688
620
624
129
816
381
631
728
744
80
498
397
385
720
106
902
345
965
27
506
780
764
643
709
0
173
899
251
501
161
0
182
937
0
183
948
0
0
74
680
353
650
147
613
926
603
427
0
720
0
46
129
805
934
538
422
537
693
66
535
915
961
393
708
923
110
643
657
217
485
0
67
476
685
204
800
0
170
632
730
286
814
298
90
294
0
564
164
394
501
152
257
492
602
412
632
365
269
347
690
731
699
208
477
969
149
721
577
917
715
389
454
999
821
0
502
509
43
34
359
481
665
339
41
523
475
0
876
0
859
106
329
841
27
138
678
805
780
329
922
0
749
0
428
0
16
716
720
0
181
0
0
0
0
976
186
515
0
0
755
799
0
0
48
0
894
112
0
721
465
0
715
76
217
0
661
0
95
0
169
738
0
0
539
689
412
0
403
0
0
0
286
971
731
948
233
586
0
503
0
0
598
444
0
608
77
761
0
352
439
778
0
286
342
423
0
460
934
2
0
0
0
970
451
0
642
0
581
881
846
0
0
840
0
0
993
521
0
264
0
0
386
0
0
616
0
0
0
181
0
