0
608
666
27
569
856
378
991
829
615
141
423
641
927
736
67
367
376
457
373
232
97
932
733
633
164
62
136
281
942
703
621
284
931
112
0
163
0
489
542
320
0
36
234
947
962
355
745
0
408
813
0
146
186
0
0
921
8
376
817
840
160
0
0
0
512
668
75
515
555
634
86
908
313
827
766
821
0
716
967
599
345
714
831
223
484
854
472
111
377
357
527
818
773
772
865
0
520
916
703
608
0
660
713
480
884
75
822
759
840
0
777
652
10
0
669
0
500
958
716
47
0
0
768
186
0
36
512
862
0
772
57
677
156
497
718
437
819
547
337
83
371
983
583
917
580
852
210
759
351
250
913
220
923
510
438
448
394
809
126
120
200
293
876
244
183
195
861
489
611
466
895
399
0
147
582
323
107
986
784
882
551
583
0
0
46
894
160
75
0
456
0
943
368
0
258
0
146
247
378
666
660
0
153
84
538
425
864
197
482
638
580
438
68
314
272
567
606
0
855
152
0
396
410
247
75
412
438
841
197
426
867
894
890
279
844
417
971
941
431
290
919
619
235
609
532
681
248
795
0
326
508
990
783
819
570
68
822
523
0
652
863
800
0
767
264
0
154
0
823
955
868
989
775
674
670
782
912
746
415
965
107
84
332
2
515
980
173
41
61
3
330
781
108
0
0
126
343
501
321
27
713
153
0
50
0
627
254
549
569
116
913
791
0
0
98
0
815
782
102
0
541
529
407
783
603
399
433
565
458
0
789
603
0
0
320
611
0
882
924
0
72
448
0
0
920
784
264
660
915
0
477
57
53
302
10
0
46
823
126
144
937
948
957
952
904
236
469
146
524
0
79
673
884
354
442
0
655
791
0
0
0
526
680
0
545
356
742
241
842
896
264
857
845
495
134
709
946
273
396
569
480
84
50
0
390
726
718
0
500
85
874
895
0
440
459
244
429
652
853
510
761
292
582
869
488
841
50
0
598
493
407
251
277
0
0
801
826
196
698
123
893
47
414
431
776
485
147
847
590
581
896
431
391
0
790
693
239
906
0
709
129
10
970
0
247
64
0
666
795
241
411
371
806
0
281
811
732
747
0
746
588
0
0
254
70
384
273
814
865
164
644
931
876
733
637
976
768
227
401
856
884
538
0
390
0
390
120
984
16
906
0
67
463
177
423
306
0
602
452
372
475
823
313
469
228
838
265
536
35
68
523
0
975
0
231
824
460
652
398
840
67
856
124
433
88
210
55
976
72
750
601
56
153
416
496
0
706
629
854
139
519
498
0
598
171
578
640
348
84
122
569
491
983
851
953
537
710
870
936
410
786
181
725
957
779
0
85
306
196
92
0
937
589
565
164
28
134
0
0
378
75
425
627
726
390
0
0
482
177
467
79
128
616
456
410
461
0
181
479
345
1
298
107
90
221
0
420
159
696
408
808
711
578
611
0
0
54
132
643
742
0
0
206
334
145
639
0
0
785
121
243
444
281
726
477
744
117
643
0
827
0
646
944
733
80
856
389
103
0
153
592
234
203
312
47
772
974
846
614
818
854
949
755
567
416
938
87
752
506
242
635
0
894
587
189
922
648
459
764
991
822
864
254
718
120
0
0
732
628
56
206
143
920
410
487
983
0
0
181
0
0
706
994
792
307
495
0
0
185
199
616
881
0
869
18
643
892
0
60
291
406
0
914
797
876
262
737
946
910
139
784
2
168
206
74
220
0
750
881
98
452
143
31
510
641
473
28
995
0
0
409
280
874
0
340
64
908
711
333
201
749
842
878
674
409
231
0
552
382
75
25
393
210
97
453
735
294
756
819
829
759
197
549
0
984
482
732
0
187
0
173
333
0
575
548
8
67
14
655
350
0
541
667
460
890
275
216
176
0
330
284
450
0
784
124
341
975
223
36
938
724
892
0
263
0
869
884
187
0
572
474
852
280
239
90
30
497
93
0
695
522
739
485
351
134
646
529
739
881
670
684
755
41
112
287
259
714
295
250
391
145
510
416
73
540
0
659
74
477
882
372
440
165
0
187
300
200
845
937
615
840
482
569
500
16
177
628
187
0
570
0
0
693
929
689
0
299
402
199
355
166
562
157
791
0
895
520
0
0
94
71
135
662
540
58
787
376
989
361
985
370
990
478
13
649
591
124
178
0
844
185
301
261
496
271
145
882
134
530
310
258
966
0
411
491
800
1000
465
657
603
365
0
266
735
9
937
876
8
534
402
399
762
935
19
683
653
0
850
649
0
218
0
983
22
857
531
963
348
27
141
0
638
116
85
906
467
56
0
570
0
343
649
729
875
629
896
0
823
708
652
484
195
943
543
0
364
174
505
660
831
160
85
0
113
53
402
21
78
695
96
619
994
0
0
855
730
763
820
882
22
619
800
472
519
742
920
705
460
66
816
600
857
182
472
118
0
331
719
290
0
853
800
637
330
2
268
275
94
348
580
531
96
52
991
26
456
311
510
432
711
0
384
547
0
941
0
747
13
0
423
777
580
913
874
0
79
206
173
0
343
0
87
593
769
63
1
799
0
0
700
988
224
244
507
680
0
374
585
592
197
0
382
390
926
877
83
635
330
460
828
223
570
277
572
838
631
372
930
555
340
0
585
909
0
269
200
542
813
939
111
0
26
428
261
9
99
415
522
269
815
738
707
0
990
784
626
664
945
278
194
311
86
566
710
418
705
68
632
800
0
483
466
664
843
734
876
645
544
198
641
652
438
791
895
67
128
143
333
0
649
87
0
991
0
396
968
355
0
665
13
746
593
744
34
109
621
0
68
247
0
615
691
321
702
455
0
386
8
0
671
194
567
160
96
631
385
437
26
213
466
521
320
327
783
185
549
370
368
60
697
843
81
968
878
882
315
536
426
910
577
303
561
341
307
952
898
483
139
129
876
0
636
762
368
769
423
347
132
67
83
64
139
111
0
114
956
421
0
576
927
10
68
0
0
463
616
920
0
693
729
593
991
0
0
721
196
498
12
138
51
471
223
467
759
0
729
0
407
398
73
0
480
162
622
165
836
757
206
501
746
825
747
0
696
115
276
0
269
0
830
679
574
156
156
38
333
185
848
300
615
0
341
939
41
140
655
561
0
830
813
865
419
57
516
360
717
232
506
306
327
950
139
866
57
970
647
73
231
5
988
850
381
981
0
815
331
859
778
779
736
0
314
0
440
177
456
410
575
929
875
769
0
0
0
311
485
35
720
603
16
0
148
636
0
690
488
451
562
433
263
635
463
282
106
922
684
355
946
162
853
741
265
439
0
857
114
295
798
999
0
943
64
207
758
532
0
794
0
348
130
682
0
786
215
0
0
541
725
0
901
197
366
682
0
790
709
629
863
853
939
438
968
653
0
29
0
649
0
122
750
938
0
829
529
796
771
810
0
0
67
669
272
98
459
423
410
487
548
689
629
63
396
721
311
0
732
246
495
46
840
410
401
660
292
170
96
298
444
264
534
796
227
554
676
490
0
358
500
224
865
232
316
0
261
945
494
701
0
908
467
233
932
414
536
416
998
672
433
434
0
171
692
670
790
504
751
866
1
847
676
281
0
912
987
119
962
710
323
883
314
447
504
455
468
321
938
0
951
446
363
594
0
244
347
960
988
201
273
831
367
0
567
0
244
306
461
983
8
0
896
1
968
196
485
732
0
256
817
451
832
518
351
67
0
517
154
0
93
545
621
665
303
632
27
323
479
950
0
423
91
110
398
412
160
251
483
931
704
411
872
109
182
39
0
0
282
465
47
805
238
0
221
178
833
818
707
259
922
317
423
631
159
276
563
976
546
905
791
241
173
932
375
385
963
809
286
661
412
316
440
379
550
0
651
364
449
198
971
15
376
500
606
815
429
0
0
0
67
299
0
799
355
498
35
246
256
0
784
427
326
831
781
881
0
0
289
697
0
982
582
654
801
449
116
120
293
145
471
236
107
577
639
0
6
0
783
711
774
589
723
810
871
360
464
648
13
554
872
624
188
952
795
701
12
0
383
741
576
256
314
116
231
845
681
0
154
106
117
968
0
108
93
528
560
829
699
184
413
581
610
878
624
782
96
437
452
664
504
764
457
958
0
782
652
602
181
0
14
402
823
0
0
12
720
495
817
784
0
816
289
578
448
667
371
853
55
126
548
283
505
161
115
606
794
0
114
93
502
727
0
103
383
841
441
216
623
105
360
474
644
800
0
0
753
560
685
0
846
57
175
137
386
678
199
977
325
295
37
290
114
329
77
102
891
720
384
628
959
703
921
905
718
364
156
768
32
29
488
66
761
455
141
0
323
0
307
742
0
801
373
716
855
102
853
452
479
181
655
199
708
0
665
138
603
46
451
427
816
0
781
683
889
222
797
457
154
0
621
632
158
581
220
131
506
661
0
784
0
434
98
340
711
372
345
464
147
611
0
157
262
663
20
746
747
34
839
452
757
475
0
90
389
467
971
347
789
441
704
0
757
639
821
480
611
64
170
762
623
0
863
161
586
721
0
110
606
783
833
51
540
51
800
845
216
71
402
576
801
947
232
47
152
0
510
372
345
0
350
355
652
700
13
51
16
840
832
326
289
781
0
268
633
590
267
989
0
685
320
808
672
704
817
983
571
849
136
17
148
865
987
147
41
51
394
824
386
0
763
108
453
430
0
394
658
0
496
125
636
0
913
0
690
649
546
0
385
872
0
232
732
614
506
14
0
437
713
0
195
908
610
45
855
0
623
366
870
268
639
0
64
554
144
526
0
93
27
484
932
926
97
0
0
541
761
475
1
0
0
166
484
988
746
471
0
410
518
831
578
683
268
0
999
19
38
779
82
0
0
457
0
254
97
345
425
193
0
924
762
838
0
864
70
0
0
777
572
335
1
359
18
643
577
363
346
717
13
761
758
871
813
660
156
351
0
461
860
0
203
0
633
546
149
793
713
818
763
436
523
346
540
0
426
552
0
97
667
759
983
145
527
648
667
683
585
607
671
892
0
704
932
0
396
529
292
823
298
706
541
562
195
224
593
223
148
401
351
781
448
889
633
999
0
138
0
546
686
411
932
297
236
954
329
909
61
248
703
990
602
961
82
95
373
828
143
62
437
806
0
0
74
0
388
963
781
899
852
0
180
633
954
577
0
536
134
0
640
509
990
552
134
0
652
718
616
280
203
715
282
786
363
821
78
0
121
222
235
13
164
492
0
0
997
53
0
982
634
899
325
144
733
768
410
407
582
313
107
994
667
157
943
244
744
467
636
660
67
881
667
222
590
19
138
0
689
624
924
625
90
346
0
210
698
0
677
938
0
411
937
988
866
98
623
792
762
34
393
65
0
655
408
527
301
301
94
113
1000
204
0
104
269
920
963
619
506
645
756
969
486
0
106
78
318
962
0
8
662
726
153
0
490
868
50
137
707
374
216
0
706
450
941
764
523
995
540
0
956
225
269
375
633
186
247
783
869
469
90
792
460
791
543
507
34
759
0
292
0
0
371
797
267
38
0
689
0
998
854
240
0
379
802
745
265
233
444
303
211
203
93
0
706
649
193
995
313
295
513
0
935
232
580
588
317
0
907
225
557
219
799
973
658
103
769
664
0
4
427
512
914
28
268
403
112
0
660
519
226
728
54
136
94
0
0
0
686
854
410
0
316
504
0
209
623
190
0
0
796
928
0
748
164
0
75
603
488
228
221
307
890
0
0
680
109
0
690
170
517
0
853
457
989
779
546
624
998
0
873
33
523
571
12
488
0
0
924
950
200
987
283
14
913
31
653
196
520
774
322
694
835
657
73
74
272
197
0
692
812
68
0
654
290
170
824
595
0
559
703
448
78
216
457
583
704
247
552
605
834
440
353
604
943
235
802
249
173
43
471
347
0
607
826
666
214
0
0
367
0
477
2
229
62
36
412
399
841
838
0
495
275
895
364
0
621
729
488
96
154
289
55
154
0
82
686
924
854
873
0
133
718
394
685
0
718
945
0
291
704
222
0
824
195
325
0
605
779
168
816
0
420
728
748
414
0
149
0
446
937
489
963
138
231
618
389
577
848
397
929
0
595
225
399
5
334
891
493
411
207
71
172
9
239
516
762
429
0
39
830
951
359
41
637
986
170
545
948
52
0
733
34
558
136
512
438
433
50
265
420
0
216
520
174
374
0
0
451
298
0
697
126
0
685
0
411
625
240
33
133
0
780
737
157
315
353
980
0
151
187
527
433
868
88
0
0
734
531
256
0
624
906
806
328
723
735
737
507
295
0
134
285
480
647
788
311
318
713
150
570
258
815
0
977
639
580
607
859
117
299
403
0
746
0
773
153
795
680
987
427
922
200
36
446
188
0
750
818
697
87
0
912
0
281
862
841
565
0
536
159
0
176
0
505
585
68
407
562
444
93
0
548
621
320
0
932
90
0
523
718
780
0
12
783
619
0
559
200
919
957
670
752
566
311
954
0
223
0
743
956
891
0
0
401
829
0
826
0
612
948
817
764
433
92
0
707
32
591
981
1000
520
72
0
985
287
0
388
104
306
125
537
0
568
94
395
11
626
860
731
839
173
0
0
882
0
240
932
867
365
0
107
990
926
942
0
197
458
598
35
696
185
0
0
660
592
247
398
433
264
545
982
283
632
808
457
297
346
379
571
394
737
12
0
0
114
423
164
669
350
727
34
753
88
0
251
466
289
90
756
0
375
443
642
900
635
0
177
77
758
674
202
642
880
40
168
187
533
639
249
89
19
33
469
669
0
514
810
654
152
557
54
294
282
0
623
981
0
183
824
516
638
214
501
270
266
849
452
59
701
834
659
56
945
703
772
426
0
493
68
408
199
330
94
831
197
0
73
263
534
621
582
505
158
672
0
236
0
802
12
685
157
783
0
0
0
159
719
972
930
100
576
0
289
58
0
367
25
0
42
0
184
132
21
0
0
493
906
669
409
983
668
889
703
433
662
477
0
933
844
237
754
379
37
905
712
364
309
114
473
400
940
581
423
267
904
241
659
273
136
905
388
353
0
995
501
91
0
907
695
995
857
274
266
621
57
867
789
407
523
808
616
284
71
160
0
615
0
635
796
665
654
161
581
704
254
954
210
745
488
0
315
619
114
0
0
751
764
140
534
0
547
694
448
71
61
225
717
792
411
833
326
463
0
482
846
286
741
0
391
0
911
324
590
998
151
774
20
0
302
338
250
0
668
414
24
842
563
285
87
933
958
904
0
0
909
757
298
779
990
401
661
434
688
674
212
0
389
85
190
816
598
7
587
284
677
894
603
251
0
711
881
450
135
85
382
691
480
463
227
303
801
115
220
817
97
329
698
265
0
718
353
0
423
159
751
0
517
982
81
0
631
673
838
681
46
369
337
903
298
0
993
470
829
642
69
521
438
833
573
328
135
822
539
140
703
41
287
769
249
97
0
592
34
38
116
630
518
265
391
0
141
0
837
0
372
849
319
410
382
951
552
732
917
0
741
383
568
279
55
351
899
289
525
931
156
890
0
277
975
578
0
0
662
0
390
321
162
282
554
632
449
606
131
983
345
909
0
233
0
945
980
559
164
719
764
517
0
0
7
471
0
344
191
248
0
592
99
812
367
253
461
20
911
664
575
247
611
486
27
518
597
879
982
449
0
0
855
212
114
883
550
973
736
843
969
642
609
773
368
412
149
0
0
210
0
0
0
861
932
676
328
396
194
521
982
631
858
111
667
128
234
754
433
112
497
279
0
0
0
611
869
784
540
113
926
702
622
106
676
27
116
794
506
571
425
61
677
444
924
0
0
200
669
972
140
982
0
0
0
262
979
22
751
0
378
278
0
4
253
621
0
114
596
652
313
463
810
455
129
0
327
539
166
152
519
147
270
395
23
41
0
920
665
0
990
587
937
529
530
419
508
684
324
454
809
937
0
706
0
306
395
0
80
689
924
0
388
587
0
903
780
80
201
0
718
844
320
0
231
0
18
124
58
53
877
455
165
922
490
323
120
0
661
849
193
248
938
303
950
291
151
919
350
930
534
81
7
0
0
811
666
828
187
36
0
924
0
695
194
968
830
182
623
333
922
772
893
228
642
353
538
0
475
194
845
270
545
816
430
150
117
675
237
0
561
939
395
560
557
0
433
936
382
68
215
587
884
990
739
466
773
690
331
796
0
0
27
361
945
0
373
50
992
163
437
417
611
801
824
0
643
341
787
402
83
0
836
684
0
479
293
114
0
136
0
703
0
211
200
704
187
957
727
100
0
0
471
262
811
0
83
578
268
91
123
565
0
36
582
297
0
513
539
963
695
929
0
0
978
929
35
630
376
0
134
749
873
301
857
479
840
0
641
344
354
0
894
569
194
143
936
0
356
446
364
0
818
691
504
109
197
932
685
0
925
450
649
823
109
563
743
730
73
0
819
971
0
826
460
54
892
975
376
21
635
386
757
355
358
950
145
93
784
17
924
990
411
203
987
222
527
670
34
576
547
631
0
979
666
83
0
542
155
20
518
668
589
0
655
304
489
919
0
353
688
821
373
863
478
357
0
630
732
857
283
0
505
104
551
10
0
423
617
180
852
0
570
635
396
830
183
770
307
955
462
977
654
997
563
524
0
687
32
437
615
553
923
531
980
786
156
491
432
489
547
941
882
196
652
132
0
223
989
78
330
8
206
946
500
0
471
502
0
148
762
602
937
93
283
0
433
752
753
0
694
673
344
22
828
578
542
0
0
832
469
620
190
0
546
550
542
0
138
673
495
0
716
96
958
0
0
692
538
603
661
870
0
456
811
817
0
0
250
194
937
222
533
234
0
203
803
536
771
226
957
611
962
405
763
0
0
829
342
613
897
0
177
750
0
868
290
274
927
542
337
431
924
698
398
643
60
36
361
695
460
0
501
162
224
423
236
727
434
865
838
961
988
0
14
824
868
566
88
289
448
838
191
751
187
268
155
0
0
675
0
0
645
599
322
783
633
687
0
257
263
636
174
646
790
547
753
956
448
205
637
658
369
0
842
627
994
441
967
34
0
0
635
410
444
0
0
703
617
710
0
52
613
358
0
115
433
816
0
2
12
713
0
0
561
712
93
251
133
320
83
290
0
123
840
742
291
938
985
96
828
671
746
853
865
91
107
0
98
987
0
82
866
706
913
195
88
311
0
58
71
681
248
0
36
91
20
832
675
0
0
0
606
16
31
962
442
595
478
269
458
418
606
428
17
485
878
19
0
0
0
151
0
496
37
188
966
583
130
337
650
0
448
948
836
473
368
168
606
698
896
80
679
605
954
5
502
850
768
0
759
461
752
322
41
340
836
344
425
0
371
919
72
893
67
0
406
724
370
619
223
194
825
741
232
110
577
103
340
147
864
95
98
649
31
325
0
954
251
0
61
46
0
378
0
123
518
469
0
0
0
50
619
974
532
459
300
170
657
587
157
0
274
108
0
398
159
381
695
851
107
0
606
0
124
181
595
0
638
488
223
282
799
853
478
142
267
668
811
738
836
870
893
754
826
927
45
565
0
978
712
317
294
623
277
884
583
264
0
36
983
619
448
47
856
0
0
892
990
994
570
567
747
265
316
398
639
383
711
41
70
373
623
193
653
0
0
0
466
367
225
369
592
278
924
565
668
620
0
0
50
0
878
735
823
177
542
137
399
602
147
202
910
38
723
631
0
947
398
401
282
348
0
12
707
113
0
951
621
469
607
585
704
540
896
0
0
459
45
607
183
189
997
259
0
841
161
222
700
0
826
280
777
13
187
0
993
690
398
234
583
235
0
414
124
206
914
0
478
0
277
160
0
439
0
412
0
841
372
51
0
828
792
995
196
605
734
223
289
25
717
337
99
0
0
0
589
190
645
606
619
878
0
746
818
644
20
77
83
662
240
0
0
812
374
690
0
0
0
349
612
733
824
762
315
618
362
936
373
608
816
137
775
692
0
485
836
0
633
0
478
913
751
217
474
520
989
916
92
961
543
181
35
506
673
0
0
967
845
947
917
609
0
431
433
334
797
263
13
0
572
96
696
0
261
160
6
441
345
394
0
143
762
313
520
779
531
0
90
0
792
903
812
4
695
36
0
0
599
16
974
735
746
0
0
495
735
260
814
360
38
0
873
404
773
837
475
3
197
826
737
417
773
238
353
261
0
263
911
765
702
219
25
367
347
784
511
0
608
710
0
843
928
163
154
319
282
421
48
0
0
748
0
421
370
108
642
664
498
962
580
532
920
776
88
145
876
0
649
855
838
631
115
857
945
251
0
216
464
824
777
62
34
295
774
168
256
743
756
42
411
298
367
253
194
582
655
546
322
31
532
823
818
0
0
0
483
53
668
0
652
484
511
330
554
505
331
846
0
315
305
290
887
462
0
875
284
138
956
461
368
232
607
247
737
0
613
945
22
509
696
960
96
368
0
444
177
957
366
489
281
922
143
701
911
0
783
892
562
355
852
681
784
485
210
639
262
869
591
730
631
385
276
114
494
483
783
623
147
386
572
437
393
513
322
816
0
956
0
0
833
0
253
621
968
297
304
550
783
962
459
177
644
495
0
0
843
684
146
33
828
259
59
506
292
140
289
0
96
862
268
24
565
243
413
276
315
567
755
870
841
360
369
167
262
334
0
0
755
576
137
425
677
676
0
0
866
746
669
242
614
193
332
317
184
632
448
580
970
745
210
248
264
147
55
0
737
884
124
763
372
437
0
295
701
931
711
105
611
0
335
806
65
0
694
0
624
891
375
184
326
993
461
0
830
0
489
542
633
442
300
542
20
735
483
843
0
596
471
475
463
236
275
174
172
411
787
609
161
237
925
0
496
276
612
0
137
641
602
714
804
453
637
376
572
726
371
479
35
180
0
514
24
821
892
937
865
34
923
401
168
0
912
911
516
10
14
886
49
0
759
795
660
847
976
0
946
187
178
820
930
26
269
798
0
704
774
360
0
763
1
0
0
935
835
420
906
0
443
132
463
470
20
114
182
513
919
0
687
595
170
137
77
260
53
684
596
0
166
867
0
218
948
684
354
739
56
146
910
913
756
474
616
0
341
587
0
954
986
730
0
0
0
709
318
987
0
30
661
768
93
279
845
138
550
0
396
866
544
0
775
555
712
0
577
688
114
175
451
408
351
0
915
590
72
785
910
0
0
882
555
213
0
999
908
411
589
474
157
108
359
0
655
232
657
728
806
0
642
21
0
829
911
596
623
539
0
138
0
478
657
399
83
814
668
146
471
166
0
0
348
704
366
886
815
263
0
257
541
1000
976
988
339
431
854
530
554
129
0
537
0
410
520
589
770
670
0
289
0
475
0
152
423
752
222
215
522
654
726
141
638
304
387
207
801
421
649
556
824
813
250
326
0
581
750
121
139
572
844
22
340
466
830
0
467
872
723
644
262
453
18
74
408
580
73
748
328
401
900
0
482
642
664
652
333
963
353
673
257
269
587
602
662
360
0
33
475
867
0
0
975
926
731
393
0
305
132
159
943
672
209
123
528
576
348
310
4
378
0
383
324
364
737
190
30
416
513
882
961
603
319
118
221
265
29
614
0
89
0
693
978
709
282
658
0
245
999
499
607
0
913
508
477
896
601
243
784
474
185
619
0
521
679
943
233
109
810
800
663
430
643
0
527
588
74
414
723
829
635
0
846
69
575
313
922
695
688
495
263
458
157
147
240
38
652
828
463
0
348
975
0
0
456
12
327
740
978
166
276
406
477
0
451
189
271
117
355
784
502
0
76
0
380
307
702
856
714
654
794
427
751
997
425
852
688
0
726
886
572
0
0
554
796
335
0
36
659
95
26
146
220
990
57
431
56
444
2
852
301
800
585
320
574
64
932
182
871
0
20
0
577
388
301
317
272
0
735
0
0
493
286
521
247
463
772
929
821
0
636
418
0
202
0
0
484
259
236
218
704
926
0
0
600
138
502
742
654
94
486
0
421
520
699
519
68
896
560
200
178
395
11
727
746
795
0
0
186
787
266
260
202
0
0
89
767
76
0
410
673
510
0
633
53
347
912
80
398
91
204
186
923
783
53
391
153
281
168
280
261
472
909
327
156
207
414
39
360
0
746
394
363
963
301
0
197
149
737
826
177
906
741
438
611
810
893
0
373
716
174
606
274
910
0
873
511
59
275
948
366
731
456
600
0
447
463
743
769
339
282
414
752
0
405
0
711
64
183
343
763
75
108
526
594
141
654
182
890
12
0
382
355
0
112
173
296
228
0
74
878
316
971
991
803
327
387
670
63
460
754
0
510
819
302
0
416
726
206
239
496
519
0
783
156
758
536
0
464
753
747
658
346
781
94
907
0
0
507
0
77
669
0
833
486
455
228
0
863
96
646
428
108
38
812
404
330
506
174
684
886
393
12
138
447
0
0
67
402
0
505
657
997
365
619
537
925
425
951
399
0
261
18
778
937
44
752
0
223
974
233
193
584
530
771
874
209
455
810
826
83
687
0
712
802
726
382
136
521
146
593
0
438
570
10
790
496
477
74
90
271
742
269
185
38
532
416
0
648
560
34
0
717
899
113
225
692
446
295
612
758
409
391
573
27
129
642
978
478
958
790
17
0
723
374
773
554
292
172
354
815
0
327
502
463
0
0
0
0
868
193
596
0
72
466
0
824
63
210
814
946
931
777
430
604
0
47
284
579
0
327
155
773
171
357
653
715
442
0
332
350
395
968
0
898
204
121
292
455
0
316
921
448
68
0
693
0
744
220
30
145
920
200
549
333
0
998
282
13
685
839
496
13
852
1000
557
812
937
0
948
674
983
0
328
518
0
353
929
357
0
547
485
398
631
690
837
505
140
411
739
263
305
740
742
743
67
0
0
0
657
599
247
386
530
820
269
0
843
323
57
675
253
0
285
19
538
538
311
0
440
638
601
386
130
582
0
0
526
918
950
837
0
851
161
21
970
317
488
0
200
760
8
394
822
46
239
706
117
0
497
882
705
542
370
185
794
672
465
554
0
452
125
761
0
204
219
68
489
134
817
202
668
911
135
597
327
538
35
0
0
753
878
159
0
0
475
331
289
787
56
0
132
978
654
769
402
0
0
0
159
787
33
632
679
709
392
45
708
159
639
29
312
684
670
0
859
840
573
516
190
695
552
840
368
0
0
180
528
379
425
789
120
757
238
274
271
448
223
396
686
120
376
809
523
823
906
629
643
750
93
134
460
813
368
848
0
433
47
872
846
757
636
758
180
0
799
0
963
285
764
642
889
324
822
879
539
0
630
630
692
956
19
381
947
0
3
846
0
609
146
257
159
166
94
339
0
868
657
159
0
0
0
966
537
174
288
778
142
483
637
0
202
0
685
484
104
1
272
486
127
778
463
819
539
371
103
200
911
447
927
984
43
938
825
572
798
327
0
933
868
702
817
126
0
126
0
854
0
881
0
530
66
939
60
300
348
434
805
624
57
475
0
871
633
104
973
654
138
480
433
880
703
590
539
982
166
475
376
732
538
448
0
695
398
0
197
0
96
161
910
541
943
276
486
282
505
193
599
787
0
0
999
284
516
0
80
975
104
611
471
958
0
570
96
113
62
669
656
471
304
124
812
81
0
797
345
576
833
549
473
359
0
111
940
160
626
473
0
311
20
327
840
120
652
144
709
139
827
98
695
310
816
111
697
615
130
0
238
188
175
0
913
813
954
269
658
290
231
647
92
40
433
998
140
449
152
194
0
857
603
205
0
851
401
349
826
315
862
237
913
1000
672
406
0
414
657
596
247
33
0
999
0
187
351
798
726
128
0
593
216
592
115
948
869
968
988
853
0
363
90
822
613
0
95
967
641
652
0
345
656
372
203
0
775
0
257
19
825
0
398
0
160
200
863
937
129
519
0
452
522
258
600
0
843
0
682
171
0
952
137
90
0
660
577
920
103
170
618
788
0
168
662
151
703
0
519
845
134
283
661
637
0
107
282
612
737
305
268
925
756
976
209
477
421
752
997
0
386
632
966
284
187
0
920
81
815
278
751
558
14
492
483
78
524
739
556
253
159
123
870
676
720
513
524
885
18
844
383
769
584
0
92
969
556
220
379
978
0
656
422
0
0
293
800
948
10
498
646
143
739
966
857
26
81
341
0
692
221
795
386
389
690
156
0
963
769
824
389
311
707
187
477
774
41
0
147
270
749
0
870
658
151
0
348
733
417
290
24
0
474
988
123
0
520
0
365
72
530
679
537
516
351
920
0
653
579
45
237
357
723
381
465
901
601
212
13
0
31
311
478
466
429
892
338
869
414
679
883
368
0
123
639
191
708
0
210
841
127
976
747
990
0
876
0
957
970
0
944
31
485
0
182
428
968
939
786
670
178
701
678
467
649
351
536
619
664
595
577
318
32
533
0
20
287
855
270
545
873
505
0
369
0
606
0
824
773
887
565
496
616
339
528
451
699
405
619
466
820
709
174
0
798
81
653
0
337
182
930
140
911
936
13
790
49
599
527
989
907
497
0
485
473
283
0
48
66
510
715
0
0
434
882
892
315
215
856
502
37
487
52
0
0
244
767
952
0
598
733
510
351
411
472
261
878
41
215
790
833
12
199
971
546
0
134
506
0
0
848
713
591
639
933
0
769
212
395
816
301
104
456
0
496
0
12
762
238
462
243
276
0
431
576
189
519
0
537
0
269
392
288
80
726
815
579
337
0
385
0
0
645
905
0
441
107
807
943
690
819
8
140
867
642
0
643
907
285
122
766
687
416
422
797
0
52
938
379
0
830
288
843
693
512
183
264
904
247
171
80
641
134
491
118
9
882
140
0
504
818
0
977
347
0
461
0
645
4
559
397
150
981
249
844
302
249
114
23
430
857
551
811
842
37
124
707
315
353
0
413
612
341
854
348
271
68
711
925
824
0
45
778
975
128
278
45
182
385
0
824
751
154
774
864
264
0
498
790
0
616
809
714
426
952
873
951
28
0
497
740
435
967
848
157
995
0
747
773
0
230
580
307
768
668
195
0
236
64
578
856
473
646
800
0
99
315
655
0
751
707
383
325
789
385
860
640
756
427
703
929
570
1000
89
237
338
97
883
41
150
479
10
817
627
188
181
113
618
261
875
276
0
587
530
310
117
896
64
425
63
843
708
142
104
0
751
237
930
0
824
0
943
783
641
185
384
236
88
521
186
609
247
51
441
985
37
0
181
121
763
474
713
162
742
33
550
0
522
0
0
0
21
0
869
75
861
154
469
0
640
389
28
529
1000
331
415
536
561
541
866
259
741
295
441
872
0
509
969
512
448
0
258
520
19
754
250
0
550
0
117
840
0
0
994
966
595
0
362
0
284
315
137
0
554
4
355
560
183
951
210
323
159
483
611
593
558
357
140
0
751
943
0
333
888
641
727
220
576
494
373
451
473
403
688
414
260
159
344
796
919
497
279
61
692
0
0
248
716
466
51
111
371
23
370
515
489
0
146
666
348
103
995
739
465
719
522
426
0
725
1
922
576
37
704
0
203
990
486
914
78
595
815
72
33
379
0
592
973
920
675
0
423
0
441
583
0
951
936
263
138
567
641
954
129
378
784
200
343
399
814
57
639
637
471
216
14
723
911
645
154
783
333
0
602
0
929
465
0
960
150
0
300
659
817
883
0
55
189
354
283
494
263
531
301
174
942
825
914
0
482
820
337
172
256
555
611
823
524
795
84
0
0
881
657
290
269
910
830
0
847
317
256
290
0
232
0
552
0
28
216
225
0
0
469
37
668
34
736
665
237
641
617
250
967
130
638
621
373
911
956
755
602
986
0
0
502
178
763
0
946
675
29
0
958
592
492
381
936
905
774
641
888
602
0
90
777
612
85
277
584
0
520
129
521
210
21
297
270
3
0
57
891
669
798
64
702
331
0
185
824
0
158
744
335
634
466
955
0
241
122
153
0
670
603
0
815
577
813
901
676
423
314
114
757
732
633
134
106
268
457
399
977
985
669
905
414
38
843
0
0
344
180
194
34
337
488
469
608
765
461
870
714
730
537
383
0
395
75
261
931
253
312
202
0
115
483
465
13
0
864
185
641
0
90
0
476
453
129
996
0
854
376
592
251
0
195
0
837
797
342
234
800
739
426
600
990
167
0
816
466
371
542
176
408
86
895
868
79
411
569
592
409
684
365
853
738
303
865
197
281
631
116
329
639
614
546
0
78
403
583
5
639
287
0
712
24
116
969
990
561
354
852
937
0
650
223
607
816
702
368
841
804
0
0
324
76
11
108
18
777
0
684
0
570
948
78
901
790
441
264
384
727
929
777
476
0
728
0
391
0
166
642
344
188
201
72
213
375
587
0
29
0
555
186
370
164
0
446
527
976
0
789
711
108
908
399
989
673
371
491
234
280
755
0
800
707
561
419
366
0
159
231
77
821
506
149
652
318
112
704
334
580
0
514
364
842
630
642
587
939
0
0
222
0
0
282
585
137
219
232
360
453
0
410
364
0
727
526
778
430
285
670
685
96
869
524
601
49
107
0
236
220
465
612
453
728
0
170
843
699
386
433
0
221
667
238
535
477
344
38
148
156
267
347
903
67
424
956
335
740
0
0
581
981
313
0
775
884
806
983
203
874
41
266
637
0
341
57
682
912
276
845
102
480
14
793
718
962
0
247
891
607
388
810
309
563
518
609
937
395
894
570
533
635
448
799
704
775
25
607
369
637
0
520
737
380
746
594
937
604
19
0
484
113
968
739
212
599
807
498
88
576
0
85
129
0
170
0
378
511
633
905
484
573
462
521
0
390
751
816
452
755
674
265
700
337
478
596
376
219
683
628
609
573
827
147
674
354
0
851
312
0
112
735
330
990
307
516
0
987
563
681
891
611
0
713
616
0
660
552
493
859
104
654
114
285
265
773
529
560
569
635
234
410
948
853
540
692
367
247
167
376
709
589
190
307
795
141
44
0
538
859
104
62
988
556
13
527
943
790
521
494
960
277
996
391
843
378
0
277
0
31
251
901
497
875
684
213
229
818
373
725
693
43
900
58
943
947
0
0
106
155
0
289
766
582
670
442
281
953
47
340
287
9
2
784
952
360
790
119
976
0
720
64
437
818
280
8
519
605
411
117
306
152
473
87
391
368
530
557
194
396
0
444
836
478
896
0
347
737
262
572
318
770
30
702
0
654
752
47
538
840
1
669
853
253
0
989
690
0
186
373
150
584
0
0
699
511
277
0
564
0
0
68
0
419
635
952
4
168
441
578
247
0
965
981
0
291
224
859
0
389
209
0
821
323
782
0
811
537
772
64
259
937
268
626
898
717
709
962
546
154
384
170
713
763
203
662
226
834
207
299
125
557
400
933
0
412
419
0
143
830
203
0
473
142
0
485
784
0
334
726
987
670
416
856
0
182
0
284
311
573
272
656
0
159
31
907
819
616
609
451
0
0
854
166
386
633
0
564
0
805
226
24
354
501
0
415
549
657
111
12
442
959
0
103
284
72
820
696
0
148
70
254
0
107
912
655
732
710
974
908
714
876
275
664
483
232
629
710
905
106
628
762
0
436
715
726
728
440
71
403
537
54
940
958
141
149
508
433
936
183
803
0
368
267
0
836
511
613
0
371
0
0
513
714
186
890
223
579
0
516
486
471
363
123
311
497
8
809
247
473
300
520
376
642
433
905
31
0
805
0
152
72
99
130
648
0
900
519
424
270
465
846
530
462
233
885
18
307
244
767
677
0
716
986
746
791
747
870
846
711
295
8
94
945
139
506
863
323
791
117
959
623
195
523
282
153
54
353
172
0
0
294
581
904
0
0
684
936
0
770
536
703
168
668
459
0
0
945
0
479
30
289
882
654
787
12
974
0
440
190
127
304
90
870
478
0
140
714
51
403
659
129
592
344
0
484
251
0
226
152
0
933
564
368
265
97
892
662
0
786
0
734
372
0
894
95
614
736
438
674
945
385
967
784
415
0
0
936
614
333
250
534
348
278
129
306
853
883
241
968
703
0
908
346
786
0
136
604
9
746
568
282
423
0
837
0
324
382
356
307
771
617
606
811
45
633
608
22
755
35
661
0
961
794
266
0
233
327
638
695
778
124
822
676
466
485
867
426
441
688
817
521
251
188
221
573
901
68
24
72
933
0
217
808
530
907
149
402
289
335
103
290
713
484
495
243
828
504
0
72
349
45
599
882
965
0
746
410
818
201
391
402
580
194
876
327
939
314
173
0
921
863
610
540
363
490
94
943
239
0
94
0
267
0
0
210
454
68
446
955
226
710
698
738
607
0
710
509
576
180
768
475
603
427
260
382
193
155
601
552
463
812
613
720
429
473
642
952
985
414
883
210
0
201
667
462
497
0
354
99
564
217
0
535
478
147
27
765
195
812
236
278
64
0
602
713
0
674
764
320
0
319
345
551
107
0
588
786
854
749
145
399
531
311
0
950
438
447
932
108
905
161
45
0
821
868
0
235
516
773
395
623
904
909
372
0
809
215
364
462
957
0
896
836
183
478
0
696
137
0
93
0
319
751
202
355
584
773
386
840
819
81
0
513
892
283
0
873
37
260
0
21
195
72
238
521
875
419
501
130
368
808
535
0
42
190
980
815
460
127
586
610
762
37
990
992
510
0
349
999
629
391
714
583
84
526
0
181
949
842
510
762
96
86
636
139
968
504
375
93
718
586
855
426
78
50
0
802
762
153
11
981
241
757
849
0
937
587
0
977
611
52
80
870
189
913
843
960
425
514
279
152
118
997
0
0
530
171
130
368
539
0
95
524
338
0
643
951
0
159
55
297
0
213
535
0
684
635
0
648
265
530
478
42
0
904
305
351
617
283
949
231
11
593
630
979
975
999
113
0
894
732
831
0
332
680
0
725
755
878
416
935
52
566
762
866
653
455
385
528
364
721
0
552
0
137
0
249
429
795
626
0
659
298
319
0
0
884
818
654
962
613
679
893
997
751
928
96
677
24
845
423
221
425
0
112
771
357
582
0
371
797
967
885
869
48
907
28
181
344
189
270
837
375
477
390
213
952
415
0
97
907
147
190
904
0
803
454
0
334
736
491
813
145
220
160
989
785
56
723
485
0
223
0
2
0
254
957
567
674
73
19
991
710
368
57
0
468
963
560
156
0
623
0
121
707
686
173
0
680
860
183
273
779
410
861
706
990
691
997
405
358
605
754
259
217
163
368
676
821
138
752
265
852
89
173
874
653
0
0
103
345
641
18
414
66
285
0
121
796
354
3
797
587
344
751
229
4
549
900
892
149
27
980
305
803
0
249
772
314
330
557
799
431
726
784
453
853
519
240
340
795
484
46
515
545
70
779
416
409
540
683
26
418
769
970
29
321
809
829
768
110
366
97
222
374
854
43
39
987
731
824
136
990
382
932
0
739
504
563
763
0
954
826
0
474
154
0
0
892
550
222
29
688
767
296
209
715
0
180
200
576
652
844
679
510
122
497
763
919
283
0
342
0
38
816
818
168
657
519
662
402
765
815
351
454
249
0
771
427
0
303
412
136
81
0
982
442
716
590
0
384
854
894
980
356
384
0
938
231
0
653
456
705
423
647
0
938
286
699
32
606
870
667
235
216
410
471
830
427
839
516
905
401
951
676
306
466
109
524
0
115
5
927
841
520
319
444
0
937
0
215
614
0
76
228
455
442
526
528
911
833
0
383
883
715
766
740
474
497
494
57
234
29
148
452
373
441
111
424
0
289
195
460
617
0
772
771
0
379
648
974
526
50
894
791
0
403
96
953
552
602
472
160
173
742
273
85
87
0
659
0
311
68
347
73
649
0
661
184
29
783
268
759
13
0
0
347
951
922
173
638
388
661
552
328
395
773
197
0
0
433
502
45
161
989
282
177
866
865
396
522
0
726
0
0
810
0
918
379
447
549
345
769
368
0
687
435
713
279
263
891
800
0
156
755
725
578
12
270
786
335
812
127
283
334
314
427
379
0
398
893
825
32
199
720
545
409
910
581
441
65
111
75
41
241
814
306
752
552
74
850
510
632
132
231
0
951
412
413
488
833
639
983
164
706
316
0
359
200
0
214
353
434
732
396
0
690
932
687
829
816
850
565
222
916
421
957
746
34
866
654
89
886
410
74
826
332
950
425
927
473
656
584
0
0
416
967
162
61
531
669
739
555
267
674
693
247
442
465
0
103
236
586
949
736
330
0
648
398
0
522
320
0
365
987
101
382
523
374
777
0
377
0
61
842
865
196
506
382
477
649
432
800
67
5
122
446
316
581
66
51
0
145
492
450
504
607
41
36
0
501
0
688
917
194
80
331
685
32
342
0
768
0
700
92
48
366
669
923
544
726
0
572
673
878
83
350
837
789
984
359
372
0
123
434
422
848
742
692
301
798
426
186
347
265
43
0
959
846
734
290
278
610
231
491
557
303
974
893
522
0
0
461
0
292
119
808
711
927
69
923
357
456
3
896
164
92
242
75
882
0
711
0
83
988
750
363
440
610
761
540
64
527
0
941
0
826
637
446
882
270
995
674
0
521
689
796
0
437
613
2
0
978
0
961
0
489
242
401
0
141
693
0
510
316
687
395
0
120
43
0
203
92
639
882
797
157
33
0
174
64
600
370
903
700
900
965
0
530
372
713
64
762
11
813
799
412
526
825
320
0
0
172
100
0
147
398
762
184
728
585
527
0
330
264
644
0
635
25
372
218
0
483
64
850
938
594
379
878
455
51
554
648
0
764
209
666
986
188
0
266
501
212
741
982
924
0
925
615
897
12
759
712
826
543
0
281
614
168
775
638
978
0
0
971
0
968
851
757
938
111
0
969
191
892
0
995
550
0
942
702
990
164
67
337
58
981
103
462
0
484
0
37
593
145
431
136
50
32
0
461
172
0
702
836
306
794
375
0
879
94
818
943
781
857
931
937
0
393
440
0
384
466
139
381
0
0
550
624
141
800
144
667
997
523
623
214
170
0
240
849
91
0
383
631
0
0
450
553
0
713
461
317
280
181
748
922
193
0
555
304
709
554
633
991
712
0
161
238
825
940
775
556
708
315
52
0
0
248
825
331
167
0
424
478
943
0
284
233
894
495
602
990
630
220
726
81
894
199
365
0
100
702
0
680
775
344
760
565
160
594
773
368
108
845
876
589
894
210
165
983
547
664
111
981
829
244
0
782
0
845
526
683
53
995
190
0
545
750
932
452
0
389
568
858
388
27
649
923
177
0
752
294
777
35
0
143
332
912
712
387
282
796
53
803
802
898
21
274
572
160
0
220
0
215
938
747
522
716
914
0
0
446
956
596
947
291
72
885
95
243
713
992
979
160
784
0
791
720
987
292
0
836
680
0
304
563
287
0
527
0
772
0
0
495
733
565
587
97
0
22
0
843
0
0
529
347
651
96
323
216
0
585
0
540
0
0
948
818
867
59
907
85
279
111
587
361
823
531
750
0
322
623
13
506
421
701
317
911
0
207
658
335
347
327
726
204
970
271
798
626
257
379
210
856
379
773
0
466
0
185
816
527
335
376
0
224
820
18
614
828
0
510
975
989
453
982
0
545
101
119
147
306
775
304
0
348
237
922
0
183
865
258
0
134
637
164
189
453
187
857
941
734
114
815
796
960
364
437
0
71
93
607
982
0
0
367
52
697
365
701
695
190
55
667
0
945
109
980
0
561
41
277
187
673
370
911
184
516
577
801
0
0
912
387
382
121
317
448
327
473
19
978
841
502
0
0
0
51
482
824
466
976
740
219
0
859
696
307
736
504
674
0
999
785
853
442
403
409
382
808
398
794
344
563
348
0
161
856
0
846
0
0
126
709
976
28
922
735
300
531
0
876
956
331
771
988
449
452
307
402
27
671
634
956
796
0
0
87
0
834
995
816
351
128
903
0
563
786
868
712
340
884
0
0
108
0
632
10
688
421
245
36
80
670
136
292
488
223
0
0
825
0
127
37
830
230
0
111
820
0
371
0
0
683
106
0
0
244
438
0
764
349
113
56
519
716
96
910
523
711
762
375
760
287
237
161
0
594
843
0
520
146
343
946
768
134
648
294
200
963
747
645
421
859
810
201
198
664
742
576
484
892
899
225
928
477
733
0
107
659
857
598
899
234
780
373
743
156
290
93
836
583
993
0
642
783
448
14
114
649
999
659
398
63
521
455
0
396
933
311
0
656
976
487
288
580
21
371
337
158
542
789
0
628
155
389
148
767
674
72
320
999
0
723
240
590
953
581
374
927
184
0
565
0
922
856
594
0
0
261
916
247
501
273
227
0
459
756
845
348
13
544
0
778
0
273
971
504
0
801
932
0
325
269
0
2
34
912
990
56
274
7
289
754
80
50
730
491
274
251
344
264
690
967
664
892
580
886
175
556
499
95
91
460
146
0
200
686
868
20
398
422
747
52
843
307
0
23
172
744
176
711
581
609
0
209
70
677
945
349
0
629
894
485
340
0
552
441
777
69
728
879
160
527
0
0
843
0
0
794
703
378
321
396
401
0
764
819
937
27
0
198
576
779
0
831
15
764
801
947
926
704
144
375
748
229
558
0
926
945
266
587
525
433
201
992
73
432
927
133
425
0
398
845
498
562
970
49
451
824
607
26
204
754
593
316
760
120
702
327
0
0
990
0
693
768
869
370
256
335
408
108
981
573
289
0
254
0
385
45
319
391
732
0
795
384
602
65
0
923
585
94
594
0
183
846
0
261
794
0
