0
474
589
704
819
934
49
164
279
394
509
624
739
854
969
84
199
314
429
544
659
774
889
4
119
234
349
464
579
694
809
924
39
154
269
384
499
614
729
844
959
74
189
304
419
534
649
764
879
994
109
224
339
454
569
684
799
914
29
144
259
374
489
604
719
834
949
64
179
294
409
524
639
754
869
984
99
214
329
444
559
674
789
904
19
134
249
364
479
594
709
824
939
54
169
284
399
514
629
744
474
0
228
343
458
573
688
803
918
33
148
263
378
493
608
723
838
953
68
183
298
413
528
643
758
873
988
103
218
333
448
563
678
793
908
23
138
253
368
483
598
713
828
943
58
173
288
403
518
633
748
863
978
93
208
323
438
553
668
783
898
13
128
243
358
473
588
703
818
933
48
163
278
393
508
623
738
853
968
83
198
313
428
543
658
773
888
3
118
233
348
463
578
693
808
923
38
153
268
383
589
228
0
982
97
212
327
442
557
672
787
902
17
132
247
362
477
592
707
822
937
52
167
282
397
512
627
742
857
972
87
202
317
432
547
662
777
892
7
122
237
352
467
582
697
812
927
42
157
272
387
502
617
732
847
962
77
192
307
422
537
652
767
882
997
112
227
342
457
572
687
802
917
32
147
262
377
492
607
722
837
952
67
182
297
412
527
642
757
872
987
102
217
332
447
562
677
792
907
22
704
343
982
0
736
851
966
81
196
311
426
541
656
771
886
1
116
231
346
461
576
691
806
921
36
151
266
381
496
611
726
841
956
71
186
301
416
531
646
761
876
991
106
221
336
451
566
681
796
911
26
141
256
371
486
601
716
831
946
61
176
291
406
521
636
751
866
981
96
211
326
441
556
671
786
901
16
131
246
361
476
591
706
821
936
51
166
281
396
511
626
741
856
971
86
201
316
431
546
661
819
458
97
736
0
490
605
720
835
950
65
180
295
410
525
640
755
870
985
100
215
330
445
560
675
790
905
20
135
250
365
480
595
710
825
940
55
170
285
400
515
630
745
860
975
90
205
320
435
550
665
780
895
10
125
240
355
470
585
700
815
930
45
160
275
390
505
620
735
850
965
80
195
310
425
540
655
770
885
1000
115
230
345
460
575
690
805
920
35
150
265
380
495
610
725
840
955
70
185
300
934
573
212
851
490
0
244
359
474
589
704
819
934
49
164
279
394
509
624
739
854
969
84
199
314
429
544
659
774
889
4
119
234
349
464
579
694
809
924
39
154
269
384
499
614
729
844
959
74
189
304
419
534
649
764
879
994
109
224
339
454
569
684
799
914
29
144
259
374
489
604
719
834
949
64
179
294
409
524
639
754
869
984
99
214
329
444
559
674
789
904
19
134
249
364
479
594
709
824
939
49
688
327
966
605
244
0
998
113
228
343
458
573
688
803
918
33
148
263
378
493
608
723
838
953
68
183
298
413
528
643
758
873
988
103
218
333
448
563
678
793
908
23
138
253
368
483
598
713
828
943
58
173
288
403
518
633
748
863
978
93
208
323
438
553
668
783
898
13
128
243
358
473
588
703
818
933
48
163
278
393
508
623
738
853
968
83
198
313
428
543
658
773
888
3
118
233
348
463
578
164
803
442
81
720
359
998
0
752
867
982
97
212
327
442
557
672
787
902
17
132
247
362
477
592
707
822
937
52
167
282
397
512
627
742
857
972
87
202
317
432
547
662
777
892
7
122
237
352
467
582
697
812
927
42
157
272
387
502
617
732
847
962
77
192
307
422
537
652
767
882
997
112
227
342
457
572
687
802
917
32
147
262
377
492
607
722
837
952
67
182
297
412
527
642
757
872
987
102
217
279
918
557
196
835
474
113
752
0
506
621
736
851
966
81
196
311
426
541
656
771
886
1
116
231
346
461
576
691
806
921
36
151
266
381
496
611
726
841
956
71
186
301
416
531
646
761
876
991
106
221
336
451
566
681
796
911
26
141
256
371
486
601
716
831
946
61
176
291
406
521
636
751
866
981
96
211
326
441
556
671
786
901
16
131
246
361
476
591
706
821
936
51
166
281
396
511
626
741
856
394
33
672
311
950
589
228
867
506
0
260
375
490
605
720
835
950
65
180
295
410
525
640
755
870
985
100
215
330
445
560
675
790
905
20
135
250
365
480
595
710
825
940
55
170
285
400
515
630
745
860
975
90
205
320
435
550
665
780
895
10
125
240
355
470
585
700
815
930
45
160
275
390
505
620
735
850
965
80
195
310
425
540
655
770
885
1000
115
230
345
460
575
690
805
920
35
150
265
380
495
509
148
787
426
65
704
343
982
621
260
0
14
129
244
359
474
589
704
819
934
49
164
279
394
509
624
739
854
969
84
199
314
429
544
659
774
889
4
119
234
349
464
579
694
809
924
39
154
269
384
499
614
729
844
959
74
189
304
419
534
649
764
879
994
109
224
339
454
569
684
799
914
29
144
259
374
489
604
719
834
949
64
179
294
409
524
639
754
869
984
99
214
329
444
559
674
789
904
19
134
624
263
902
541
180
819
458
97
736
375
14
0
768
883
998
113
228
343
458
573
688
803
918
33
148
263
378
493
608
723
838
953
68
183
298
413
528
643
758
873
988
103
218
333
448
563
678
793
908
23
138
253
368
483
598
713
828
943
58
173
288
403
518
633
748
863
978
93
208
323
438
553
668
783
898
13
128
243
358
473
588
703
818
933
48
163
278
393
508
623
738
853
968
83
198
313
428
543
658
773
739
378
17
656
295
934
573
212
851
490
129
768
0
522
637
752
867
982
97
212
327
442
557
672
787
902
17
132
247
362
477
592
707
822
937
52
167
282
397
512
627
742
857
972
87
202
317
432
547
662
777
892
7
122
237
352
467
582
697
812
927
42
157
272
387
502
617
732
847
962
77
192
307
422
537
652
767
882
997
112
227
342
457
572
687
802
917
32
147
262
377
492
607
722
837
952
67
182
297
412
854
493
132
771
410
49
688
327
966
605
244
883
522
0
276
391
506
621
736
851
966
81
196
311
426
541
656
771
886
1
116
231
346
461
576
691
806
921
36
151
266
381
496
611
726
841
956
71
186
301
416
531
646
761
876
991
106
221
336
451
566
681
796
911
26
141
256
371
486
601
716
831
946
61
176
291
406
521
636
751
866
981
96
211
326
441
556
671
786
901
16
131
246
361
476
591
706
821
936
51
969
608
247
886
525
164
803
442
81
720
359
998
637
276
0
30
145
260
375
490
605
720
835
950
65
180
295
410
525
640
755
870
985
100
215
330
445
560
675
790
905
20
135
250
365
480
595
710
825
940
55
170
285
400
515
630
745
860
975
90
205
320
435
550
665
780
895
10
125
240
355
470
585
700
815
930
45
160
275
390
505
620
735
850
965
80
195
310
425
540
655
770
885
1000
115
230
345
460
575
690
84
723
362
1
640
279
918
557
196
835
474
113
752
391
30
0
784
899
14
129
244
359
474
589
704
819
934
49
164
279
394
509
624
739
854
969
84
199
314
429
544
659
774
889
4
119
234
349
464
579
694
809
924
39
154
269
384
499
614
729
844
959
74
189
304
419
534
649
764
879
994
109
224
339
454
569
684
799
914
29
144
259
374
489
604
719
834
949
64
179
294
409
524
639
754
869
984
99
214
329
199
838
477
116
755
394
33
672
311
950
589
228
867
506
145
784
0
538
653
768
883
998
113
228
343
458
573
688
803
918
33
148
263
378
493
608
723
838
953
68
183
298
413
528
643
758
873
988
103
218
333
448
563
678
793
908
23
138
253
368
483
598
713
828
943
58
173
288
403
518
633
748
863
978
93
208
323
438
553
668
783
898
13
128
243
358
473
588
703
818
933
48
163
278
393
508
623
738
853
968
314
953
592
231
870
509
148
787
426
65
704
343
982
621
260
899
538
0
292
407
522
637
752
867
982
97
212
327
442
557
672
787
902
17
132
247
362
477
592
707
822
937
52
167
282
397
512
627
742
857
972
87
202
317
432
547
662
777
892
7
122
237
352
467
582
697
812
927
42
157
272
387
502
617
732
847
962
77
192
307
422
537
652
767
882
997
112
227
342
457
572
687
802
917
32
147
262
377
492
607
429
68
707
346
985
624
263
902
541
180
819
458
97
736
375
14
653
292
0
46
161
276
391
506
621
736
851
966
81
196
311
426
541
656
771
886
1
116
231
346
461
576
691
806
921
36
151
266
381
496
611
726
841
956
71
186
301
416
531
646
761
876
991
106
221
336
451
566
681
796
911
26
141
256
371
486
601
716
831
946
61
176
291
406
521
636
751
866
981
96
211
326
441
556
671
786
901
16
131
246
544
183
822
461
100
739
378
17
656
295
934
573
212
851
490
129
768
407
46
0
800
915
30
145
260
375
490
605
720
835
950
65
180
295
410
525
640
755
870
985
100
215
330
445
560
675
790
905
20
135
250
365
480
595
710
825
940
55
170
285
400
515
630
745
860
975
90
205
320
435
550
665
780
895
10
125
240
355
470
585
700
815
930
45
160
275
390
505
620
735
850
965
80
195
310
425
540
655
770
885
659
298
937
576
215
854
493
132
771
410
49
688
327
966
605
244
883
522
161
800
0
554
669
784
899
14
129
244
359
474
589
704
819
934
49
164
279
394
509
624
739
854
969
84
199
314
429
544
659
774
889
4
119
234
349
464
579
694
809
924
39
154
269
384
499
614
729
844
959
74
189
304
419
534
649
764
879
994
109
224
339
454
569
684
799
914
29
144
259
374
489
604
719
834
949
64
179
294
409
524
774
413
52
691
330
969
608
247
886
525
164
803
442
81
720
359
998
637
276
915
554
0
308
423
538
653
768
883
998
113
228
343
458
573
688
803
918
33
148
263
378
493
608
723
838
953
68
183
298
413
528
643
758
873
988
103
218
333
448
563
678
793
908
23
138
253
368
483
598
713
828
943
58
173
288
403
518
633
748
863
978
93
208
323
438
553
668
783
898
13
128
243
358
473
588
703
818
933
48
163
889
528
167
806
445
84
723
362
1
640
279
918
557
196
835
474
113
752
391
30
669
308
0
62
177
292
407
522
637
752
867
982
97
212
327
442
557
672
787
902
17
132
247
362
477
592
707
822
937
52
167
282
397
512
627
742
857
972
87
202
317
432
547
662
777
892
7
122
237
352
467
582
697
812
927
42
157
272
387
502
617
732
847
962
77
192
307
422
537
652
767
882
997
112
227
342
457
572
687
802
4
643
282
921
560
199
838
477
116
755
394
33
672
311
950
589
228
867
506
145
784
423
62
0
816
931
46
161
276
391
506
621
736
851
966
81
196
311
426
541
656
771
886
1
116
231
346
461
576
691
806
921
36
151
266
381
496
611
726
841
956
71
186
301
416
531
646
761
876
991
106
221
336
451
566
681
796
911
26
141
256
371
486
601
716
831
946
61
176
291
406
521
636
751
866
981
96
211
326
441
119
758
397
36
675
314
953
592
231
870
509
148
787
426
65
704
343
982
621
260
899
538
177
816
0
570
685
800
915
30
145
260
375
490
605
720
835
950
65
180
295
410
525
640
755
870
985
100
215
330
445
560
675
790
905
20
135
250
365
480
595
710
825
940
55
170
285
400
515
630
745
860
975
90
205
320
435
550
665
780
895
10
125
240
355
470
585
700
815
930
45
160
275
390
505
620
735
850
965
80
234
873
512
151
790
429
68
707
346
985
624
263
902
541
180
819
458
97
736
375
14
653
292
931
570
0
324
439
554
669
784
899
14
129
244
359
474
589
704
819
934
49
164
279
394
509
624
739
854
969
84
199
314
429
544
659
774
889
4
119
234
349
464
579
694
809
924
39
154
269
384
499
614
729
844
959
74
189
304
419
534
649
764
879
994
109
224
339
454
569
684
799
914
29
144
259
374
489
604
719
349
988
627
266
905
544
183
822
461
100
739
378
17
656
295
934
573
212
851
490
129
768
407
46
685
324
0
78
193
308
423
538
653
768
883
998
113
228
343
458
573
688
803
918
33
148
263
378
493
608
723
838
953
68
183
298
413
528
643
758
873
988
103
218
333
448
563
678
793
908
23
138
253
368
483
598
713
828
943
58
173
288
403
518
633
748
863
978
93
208
323
438
553
668
783
898
13
128
243
358
464
103
742
381
20
659
298
937
576
215
854
493
132
771
410
49
688
327
966
605
244
883
522
161
800
439
78
0
832
947
62
177
292
407
522
637
752
867
982
97
212
327
442
557
672
787
902
17
132
247
362
477
592
707
822
937
52
167
282
397
512
627
742
857
972
87
202
317
432
547
662
777
892
7
122
237
352
467
582
697
812
927
42
157
272
387
502
617
732
847
962
77
192
307
422
537
652
767
882
997
579
218
857
496
135
774
413
52
691
330
969
608
247
886
525
164
803
442
81
720
359
998
637
276
915
554
193
832
0
586
701
816
931
46
161
276
391
506
621
736
851
966
81
196
311
426
541
656
771
886
1
116
231
346
461
576
691
806
921
36
151
266
381
496
611
726
841
956
71
186
301
416
531
646
761
876
991
106
221
336
451
566
681
796
911
26
141
256
371
486
601
716
831
946
61
176
291
406
521
636
694
333
972
611
250
889
528
167
806
445
84
723
362
1
640
279
918
557
196
835
474
113
752
391
30
669
308
947
586
0
340
455
570
685
800
915
30
145
260
375
490
605
720
835
950
65
180
295
410
525
640
755
870
985
100
215
330
445
560
675
790
905
20
135
250
365
480
595
710
825
940
55
170
285
400
515
630
745
860
975
90
205
320
435
550
665
780
895
10
125
240
355
470
585
700
815
930
45
160
275
809
448
87
726
365
4
643
282
921
560
199
838
477
116
755
394
33
672
311
950
589
228
867
506
145
784
423
62
701
340
0
94
209
324
439
554
669
784
899
14
129
244
359
474
589
704
819
934
49
164
279
394
509
624
739
854
969
84
199
314
429
544
659
774
889
4
119
234
349
464
579
694
809
924
39
154
269
384
499
614
729
844
959
74
189
304
419
534
649
764
879
994
109
224
339
454
569
684
799
914
924
563
202
841
480
119
758
397
36
675
314
953
592
231
870
509
148
787
426
65
704
343
982
621
260
899
538
177
816
455
94
0
848
963
78
193
308
423
538
653
768
883
998
113
228
343
458
573
688
803
918
33
148
263
378
493
608
723
838
953
68
183
298
413
528
643
758
873
988
103
218
333
448
563
678
793
908
23
138
253
368
483
598
713
828
943
58
173
288
403
518
633
748
863
978
93
208
323
438
553
39
678
317
956
595
234
873
512
151
790
429
68
707
346
985
624
263
902
541
180
819
458
97
736
375
14
653
292
931
570
209
848
0
602
717
832
947
62
177
292
407
522
637
752
867
982
97
212
327
442
557
672
787
902
17
132
247
362
477
592
707
822
937
52
167
282
397
512
627
742
857
972
87
202
317
432
547
662
777
892
7
122
237
352
467
582
697
812
927
42
157
272
387
502
617
732
847
962
77
192
154
793
432
71
710
349
988
627
266
905
544
183
822
461
100
739
378
17
656
295
934
573
212
851
490
129
768
407
46
685
324
963
602
0
356
471
586
701
816
931
46
161
276
391
506
621
736
851
966
81
196
311
426
541
656
771
886
1
116
231
346
461
576
691
806
921
36
151
266
381
496
611
726
841
956
71
186
301
416
531
646
761
876
991
106
221
336
451
566
681
796
911
26
141
256
371
486
601
716
831
269
908
547
186
825
464
103
742
381
20
659
298
937
576
215
854
493
132
771
410
49
688
327
966
605
244
883
522
161
800
439
78
717
356
0
110
225
340
455
570
685
800
915
30
145
260
375
490
605
720
835
950
65
180
295
410
525
640
755
870
985
100
215
330
445
560
675
790
905
20
135
250
365
480
595
710
825
940
55
170
285
400
515
630
745
860
975
90
205
320
435
550
665
780
895
10
125
240
355
470
384
23
662
301
940
579
218
857
496
135
774
413
52
691
330
969
608
247
886
525
164
803
442
81
720
359
998
637
276
915
554
193
832
471
110
0
864
979
94
209
324
439
554
669
784
899
14
129
244
359
474
589
704
819
934
49
164
279
394
509
624
739
854
969
84
199
314
429
544
659
774
889
4
119
234
349
464
579
694
809
924
39
154
269
384
499
614
729
844
959
74
189
304
419
534
649
764
879
994
109
499
138
777
416
55
694
333
972
611
250
889
528
167
806
445
84
723
362
1
640
279
918
557
196
835
474
113
752
391
30
669
308
947
586
225
864
0
618
733
848
963
78
193
308
423
538
653
768
883
998
113
228
343
458
573
688
803
918
33
148
263
378
493
608
723
838
953
68
183
298
413
528
643
758
873
988
103
218
333
448
563
678
793
908
23
138
253
368
483
598
713
828
943
58
173
288
403
518
633
748
614
253
892
531
170
809
448
87
726
365
4
643
282
921
560
199
838
477
116
755
394
33
672
311
950
589
228
867
506
145
784
423
62
701
340
979
618
0
372
487
602
717
832
947
62
177
292
407
522
637
752
867
982
97
212
327
442
557
672
787
902
17
132
247
362
477
592
707
822
937
52
167
282
397
512
627
742
857
972
87
202
317
432
547
662
777
892
7
122
237
352
467
582
697
812
927
42
157
272
387
729
368
7
646
285
924
563
202
841
480
119
758
397
36
675
314
953
592
231
870
509
148
787
426
65
704
343
982
621
260
899
538
177
816
455
94
733
372
0
126
241
356
471
586
701
816
931
46
161
276
391
506
621
736
851
966
81
196
311
426
541
656
771
886
1
116
231
346
461
576
691
806
921
36
151
266
381
496
611
726
841
956
71
186
301
416
531
646
761
876
991
106
221
336
451
566
681
796
911
26
844
483
122
761
400
39
678
317
956
595
234
873
512
151
790
429
68
707
346
985
624
263
902
541
180
819
458
97
736
375
14
653
292
931
570
209
848
487
126
0
880
995
110
225
340
455
570
685
800
915
30
145
260
375
490
605
720
835
950
65
180
295
410
525
640
755
870
985
100
215
330
445
560
675
790
905
20
135
250
365
480
595
710
825
940
55
170
285
400
515
630
745
860
975
90
205
320
435
550
665
959
598
237
876
515
154
793
432
71
710
349
988
627
266
905
544
183
822
461
100
739
378
17
656
295
934
573
212
851
490
129
768
407
46
685
324
963
602
241
880
0
634
749
864
979
94
209
324
439
554
669
784
899
14
129
244
359
474
589
704
819
934
49
164
279
394
509
624
739
854
969
84
199
314
429
544
659
774
889
4
119
234
349
464
579
694
809
924
39
154
269
384
499
614
729
844
959
74
189
304
74
713
352
991
630
269
908
547
186
825
464
103
742
381
20
659
298
937
576
215
854
493
132
771
410
49
688
327
966
605
244
883
522
161
800
439
78
717
356
995
634
0
388
503
618
733
848
963
78
193
308
423
538
653
768
883
998
113
228
343
458
573
688
803
918
33
148
263
378
493
608
723
838
953
68
183
298
413
528
643
758
873
988
103
218
333
448
563
678
793
908
23
138
253
368
483
598
713
828
943
189
828
467
106
745
384
23
662
301
940
579
218
857
496
135
774
413
52
691
330
969
608
247
886
525
164
803
442
81
720
359
998
637
276
915
554
193
832
471
110
749
388
0
142
257
372
487
602
717
832
947
62
177
292
407
522
637
752
867
982
97
212
327
442
557
672
787
902
17
132
247
362
477
592
707
822
937
52
167
282
397
512
627
742
857
972
87
202
317
432
547
662
777
892
7
122
237
352
467
582
304
943
582
221
860
499
138
777
416
55
694
333
972
611
250
889
528
167
806
445
84
723
362
1
640
279
918
557
196
835
474
113
752
391
30
669
308
947
586
225
864
503
142
0
896
11
126
241
356
471
586
701
816
931
46
161
276
391
506
621
736
851
966
81
196
311
426
541
656
771
886
1
116
231
346
461
576
691
806
921
36
151
266
381
496
611
726
841
956
71
186
301
416
531
646
761
876
991
106
221
419
58
697
336
975
614
253
892
531
170
809
448
87
726
365
4
643
282
921
560
199
838
477
116
755
394
33
672
311
950
589
228
867
506
145
784
423
62
701
340
979
618
257
896
0
650
765
880
995
110
225
340
455
570
685
800
915
30
145
260
375
490
605
720
835
950
65
180
295
410
525
640
755
870
985
100
215
330
445
560
675
790
905
20
135
250
365
480
595
710
825
940
55
170
285
400
515
630
745
860
534
173
812
451
90
729
368
7
646
285
924
563
202
841
480
119
758
397
36
675
314
953
592
231
870
509
148
787
426
65
704
343
982
621
260
899
538
177
816
455
94
733
372
11
650
0
404
519
634
749
864
979
94
209
324
439
554
669
784
899
14
129
244
359
474
589
704
819
934
49
164
279
394
509
624
739
854
969
84
199
314
429
544
659
774
889
4
119
234
349
464
579
694
809
924
39
154
269
384
499
649
288
927
566
205
844
483
122
761
400
39
678
317
956
595
234
873
512
151
790
429
68
707
346
985
624
263
902
541
180
819
458
97
736
375
14
653
292
931
570
209
848
487
126
765
404
0
158
273
388
503
618
733
848
963
78
193
308
423
538
653
768
883
998
113
228
343
458
573
688
803
918
33
148
263
378
493
608
723
838
953
68
183
298
413
528
643
758
873
988
103
218
333
448
563
678
793
908
23
138
764
403
42
681
320
959
598
237
876
515
154
793
432
71
710
349
988
627
266
905
544
183
822
461
100
739
378
17
656
295
934
573
212
851
490
129
768
407
46
685
324
963
602
241
880
519
158
0
912
27
142
257
372
487
602
717
832
947
62
177
292
407
522
637
752
867
982
97
212
327
442
557
672
787
902
17
132
247
362
477
592
707
822
937
52
167
282
397
512
627
742
857
972
87
202
317
432
547
662
777
879
518
157
796
435
74
713
352
991
630
269
908
547
186
825
464
103
742
381
20
659
298
937
576
215
854
493
132
771
410
49
688
327
966
605
244
883
522
161
800
439
78
717
356
995
634
273
912
0
666
781
896
11
126
241
356
471
586
701
816
931
46
161
276
391
506
621
736
851
966
81
196
311
426
541
656
771
886
1
116
231
346
461
576
691
806
921
36
151
266
381
496
611
726
841
956
71
186
301
416
994
633
272
911
550
189
828
467
106
745
384
23
662
301
940
579
218
857
496
135
774
413
52
691
330
969
608
247
886
525
164
803
442
81
720
359
998
637
276
915
554
193
832
471
110
749
388
27
666
0
420
535
650
765
880
995
110
225
340
455
570
685
800
915
30
145
260
375
490
605
720
835
950
65
180
295
410
525
640
755
870
985
100
215
330
445
560
675
790
905
20
135
250
365
480
595
710
825
940
55
109
748
387
26
665
304
943
582
221
860
499
138
777
416
55
694
333
972
611
250
889
528
167
806
445
84
723
362
1
640
279
918
557
196
835
474
113
752
391
30
669
308
947
586
225
864
503
142
781
420
0
174
289
404
519
634
749
864
979
94
209
324
439
554
669
784
899
14
129
244
359
474
589
704
819
934
49
164
279
394
509
624
739
854
969
84
199
314
429
544
659
774
889
4
119
234
349
464
579
694
224
863
502
141
780
419
58
697
336
975
614
253
892
531
170
809
448
87
726
365
4
643
282
921
560
199
838
477
116
755
394
33
672
311
950
589
228
867
506
145
784
423
62
701
340
979
618
257
896
535
174
0
928
43
158
273
388
503
618
733
848
963
78
193
308
423
538
653
768
883
998
113
228
343
458
573
688
803
918
33
148
263
378
493
608
723
838
953
68
183
298
413
528
643
758
873
988
103
218
333
339
978
617
256
895
534
173
812
451
90
729
368
7
646
285
924
563
202
841
480
119
758
397
36
675
314
953
592
231
870
509
148
787
426
65
704
343
982
621
260
899
538
177
816
455
94
733
372
11
650
289
928
0
682
797
912
27
142
257
372
487
602
717
832
947
62
177
292
407
522
637
752
867
982
97
212
327
442
557
672
787
902
17
132
247
362
477
592
707
822
937
52
167
282
397
512
627
742
857
972
454
93
732
371
10
649
288
927
566
205
844
483
122
761
400
39
678
317
956
595
234
873
512
151
790
429
68
707
346
985
624
263
902
541
180
819
458
97
736
375
14
653
292
931
570
209
848
487
126
765
404
43
682
0
436
551
666
781
896
11
126
241
356
471
586
701
816
931
46
161
276
391
506
621
736
851
966
81
196
311
426
541
656
771
886
1
116
231
346
461
576
691
806
921
36
151
266
381
496
611
569
208
847
486
125
764
403
42
681
320
959
598
237
876
515
154
793
432
71
710
349
988
627
266
905
544
183
822
461
100
739
378
17
656
295
934
573
212
851
490
129
768
407
46
685
324
963
602
241
880
519
158
797
436
0
190
305
420
535
650
765
880
995
110
225
340
455
570
685
800
915
30
145
260
375
490
605
720
835
950
65
180
295
410
525
640
755
870
985
100
215
330
445
560
675
790
905
20
135
250
684
323
962
601
240
879
518
157
796
435
74
713
352
991
630
269
908
547
186
825
464
103
742
381
20
659
298
937
576
215
854
493
132
771
410
49
688
327
966
605
244
883
522
161
800
439
78
717
356
995
634
273
912
551
190
0
944
59
174
289
404
519
634
749
864
979
94
209
324
439
554
669
784
899
14
129
244
359
474
589
704
819
934
49
164
279
394
509
624
739
854
969
84
199
314
429
544
659
774
889
799
438
77
716
355
994
633
272
911
550
189
828
467
106
745
384
23
662
301
940
579
218
857
496
135
774
413
52
691
330
969
608
247
886
525
164
803
442
81
720
359
998
637
276
915
554
193
832
471
110
749
388
27
666
305
944
0
698
813
928
43
158
273
388
503
618
733
848
963
78
193
308
423
538
653
768
883
998
113
228
343
458
573
688
803
918
33
148
263
378
493
608
723
838
953
68
183
298
413
528
914
553
192
831
470
109
748
387
26
665
304
943
582
221
860
499
138
777
416
55
694
333
972
611
250
889
528
167
806
445
84
723
362
1
640
279
918
557
196
835
474
113
752
391
30
669
308
947
586
225
864
503
142
781
420
59
698
0
452
567
682
797
912
27
142
257
372
487
602
717
832
947
62
177
292
407
522
637
752
867
982
97
212
327
442
557
672
787
902
17
132
247
362
477
592
707
822
937
52
167
29
668
307
946
585
224
863
502
141
780
419
58
697
336
975
614
253
892
531
170
809
448
87
726
365
4
643
282
921
560
199
838
477
116
755
394
33
672
311
950
589
228
867
506
145
784
423
62
701
340
979
618
257
896
535
174
813
452
0
206
321
436
551
666
781
896
11
126
241
356
471
586
701
816
931
46
161
276
391
506
621
736
851
966
81
196
311
426
541
656
771
886
1
116
231
346
461
576
691
806
144
783
422
61
700
339
978
617
256
895
534
173
812
451
90
729
368
7
646
285
924
563
202
841
480
119
758
397
36
675
314
953
592
231
870
509
148
787
426
65
704
343
982
621
260
899
538
177
816
455
94
733
372
11
650
289
928
567
206
0
960
75
190
305
420
535
650
765
880
995
110
225
340
455
570
685
800
915
30
145
260
375
490
605
720
835
950
65
180
295
410
525
640
755
870
985
100
215
330
445
259
898
537
176
815
454
93
732
371
10
649
288
927
566
205
844
483
122
761
400
39
678
317
956
595
234
873
512
151
790
429
68
707
346
985
624
263
902
541
180
819
458
97
736
375
14
653
292
931
570
209
848
487
126
765
404
43
682
321
960
0
714
829
944
59
174
289
404
519
634
749
864
979
94
209
324
439
554
669
784
899
14
129
244
359
474
589
704
819
934
49
164
279
394
509
624
739
854
969
84
374
13
652
291
930
569
208
847
486
125
764
403
42
681
320
959
598
237
876
515
154
793
432
71
710
349
988
627
266
905
544
183
822
461
100
739
378
17
656
295
934
573
212
851
490
129
768
407
46
685
324
963
602
241
880
519
158
797
436
75
714
0
468
583
698
813
928
43
158
273
388
503
618
733
848
963
78
193
308
423
538
653
768
883
998
113
228
343
458
573
688
803
918
33
148
263
378
493
608
723
489
128
767
406
45
684
323
962
601
240
879
518
157
796
435
74
713
352
991
630
269
908
547
186
825
464
103
742
381
20
659
298
937
576
215
854
493
132
771
410
49
688
327
966
605
244
883
522
161
800
439
78
717
356
995
634
273
912
551
190
829
468
0
222
337
452
567
682
797
912
27
142
257
372
487
602
717
832
947
62
177
292
407
522
637
752
867
982
97
212
327
442
557
672
787
902
17
132
247
362
604
243
882
521
160
799
438
77
716
355
994
633
272
911
550
189
828
467
106
745
384
23
662
301
940
579
218
857
496
135
774
413
52
691
330
969
608
247
886
525
164
803
442
81
720
359
998
637
276
915
554
193
832
471
110
749
388
27
666
305
944
583
222
0
976
91
206
321
436
551
666
781
896
11
126
241
356
471
586
701
816
931
46
161
276
391
506
621
736
851
966
81
196
311
426
541
656
771
886
1
719
358
997
636
275
914
553
192
831
470
109
748
387
26
665
304
943
582
221
860
499
138
777
416
55
694
333
972
611
250
889
528
167
806
445
84
723
362
1
640
279
918
557
196
835
474
113
752
391
30
669
308
947
586
225
864
503
142
781
420
59
698
337
976
0
730
845
960
75
190
305
420
535
650
765
880
995
110
225
340
455
570
685
800
915
30
145
260
375
490
605
720
835
950
65
180
295
410
525
640
834
473
112
751
390
29
668
307
946
585
224
863
502
141
780
419
58
697
336
975
614
253
892
531
170
809
448
87
726
365
4
643
282
921
560
199
838
477
116
755
394
33
672
311
950
589
228
867
506
145
784
423
62
701
340
979
618
257
896
535
174
813
452
91
730
0
484
599
714
829
944
59
174
289
404
519
634
749
864
979
94
209
324
439
554
669
784
899
14
129
244
359
474
589
704
819
934
49
164
279
949
588
227
866
505
144
783
422
61
700
339
978
617
256
895
534
173
812
451
90
729
368
7
646
285
924
563
202
841
480
119
758
397
36
675
314
953
592
231
870
509
148
787
426
65
704
343
982
621
260
899
538
177
816
455
94
733
372
11
650
289
928
567
206
845
484
0
238
353
468
583
698
813
928
43
158
273
388
503
618
733
848
963
78
193
308
423
538
653
768
883
998
113
228
343
458
573
688
803
918
64
703
342
981
620
259
898
537
176
815
454
93
732
371
10
649
288
927
566
205
844
483
122
761
400
39
678
317
956
595
234
873
512
151
790
429
68
707
346
985
624
263
902
541
180
819
458
97
736
375
14
653
292
931
570
209
848
487
126
765
404
43
682
321
960
599
238
0
992
107
222
337
452
567
682
797
912
27
142
257
372
487
602
717
832
947
62
177
292
407
522
637
752
867
982
97
212
327
442
557
179
818
457
96
735
374
13
652
291
930
569
208
847
486
125
764
403
42
681
320
959
598
237
876
515
154
793
432
71
710
349
988
627
266
905
544
183
822
461
100
739
378
17
656
295
934
573
212
851
490
129
768
407
46
685
324
963
602
241
880
519
158
797
436
75
714
353
992
0
746
861
976
91
206
321
436
551
666
781
896
11
126
241
356
471
586
701
816
931
46
161
276
391
506
621
736
851
966
81
196
294
933
572
211
850
489
128
767
406
45
684
323
962
601
240
879
518
157
796
435
74
713
352
991
630
269
908
547
186
825
464
103
742
381
20
659
298
937
576
215
854
493
132
771
410
49
688
327
966
605
244
883
522
161
800
439
78
717
356
995
634
273
912
551
190
829
468
107
746
0
500
615
730
845
960
75
190
305
420
535
650
765
880
995
110
225
340
455
570
685
800
915
30
145
260
375
490
605
720
835
409
48
687
326
965
604
243
882
521
160
799
438
77
716
355
994
633
272
911
550
189
828
467
106
745
384
23
662
301
940
579
218
857
496
135
774
413
52
691
330
969
608
247
886
525
164
803
442
81
720
359
998
637
276
915
554
193
832
471
110
749
388
27
666
305
944
583
222
861
500
0
254
369
484
599
714
829
944
59
174
289
404
519
634
749
864
979
94
209
324
439
554
669
784
899
14
129
244
359
474
524
163
802
441
80
719
358
997
636
275
914
553
192
831
470
109
748
387
26
665
304
943
582
221
860
499
138
777
416
55
694
333
972
611
250
889
528
167
806
445
84
723
362
1
640
279
918
557
196
835
474
113
752
391
30
669
308
947
586
225
864
503
142
781
420
59
698
337
976
615
254
0
8
123
238
353
468
583
698
813
928
43
158
273
388
503
618
733
848
963
78
193
308
423
538
653
768
883
998
113
639
278
917
556
195
834
473
112
751
390
29
668
307
946
585
224
863
502
141
780
419
58
697
336
975
614
253
892
531
170
809
448
87
726
365
4
643
282
921
560
199
838
477
116
755
394
33
672
311
950
589
228
867
506
145
784
423
62
701
340
979
618
257
896
535
174
813
452
91
730
369
8
0
762
877
992
107
222
337
452
567
682
797
912
27
142
257
372
487
602
717
832
947
62
177
292
407
522
637
752
754
393
32
671
310
949
588
227
866
505
144
783
422
61
700
339
978
617
256
895
534
173
812
451
90
729
368
7
646
285
924
563
202
841
480
119
758
397
36
675
314
953
592
231
870
509
148
787
426
65
704
343
982
621
260
899
538
177
816
455
94
733
372
11
650
289
928
567
206
845
484
123
762
0
516
631
746
861
976
91
206
321
436
551
666
781
896
11
126
241
356
471
586
701
816
931
46
161
276
391
869
508
147
786
425
64
703
342
981
620
259
898
537
176
815
454
93
732
371
10
649
288
927
566
205
844
483
122
761
400
39
678
317
956
595
234
873
512
151
790
429
68
707
346
985
624
263
902
541
180
819
458
97
736
375
14
653
292
931
570
209
848
487
126
765
404
43
682
321
960
599
238
877
516
0
270
385
500
615
730
845
960
75
190
305
420
535
650
765
880
995
110
225
340
455
570
685
800
915
30
984
623
262
901
540
179
818
457
96
735
374
13
652
291
930
569
208
847
486
125
764
403
42
681
320
959
598
237
876
515
154
793
432
71
710
349
988
627
266
905
544
183
822
461
100
739
378
17
656
295
934
573
212
851
490
129
768
407
46
685
324
963
602
241
880
519
158
797
436
75
714
353
992
631
270
0
24
139
254
369
484
599
714
829
944
59
174
289
404
519
634
749
864
979
94
209
324
439
554
669
99
738
377
16
655
294
933
572
211
850
489
128
767
406
45
684
323
962
601
240
879
518
157
796
435
74
713
352
991
630
269
908
547
186
825
464
103
742
381
20
659
298
937
576
215
854
493
132
771
410
49
688
327
966
605
244
883
522
161
800
439
78
717
356
995
634
273
912
551
190
829
468
107
746
385
24
0
778
893
8
123
238
353
468
583
698
813
928
43
158
273
388
503
618
733
848
963
78
193
308
214
853
492
131
770
409
48
687
326
965
604
243
882
521
160
799
438
77
716
355
994
633
272
911
550
189
828
467
106
745
384
23
662
301
940
579
218
857
496
135
774
413
52
691
330
969
608
247
886
525
164
803
442
81
720
359
998
637
276
915
554
193
832
471
110
749
388
27
666
305
944
583
222
861
500
139
778
0
532
647
762
877
992
107
222
337
452
567
682
797
912
27
142
257
372
487
602
717
832
947
329
968
607
246
885
524
163
802
441
80
719
358
997
636
275
914
553
192
831
470
109
748
387
26
665
304
943
582
221
860
499
138
777
416
55
694
333
972
611
250
889
528
167
806
445
84
723
362
1
640
279
918
557
196
835
474
113
752
391
30
669
308
947
586
225
864
503
142
781
420
59
698
337
976
615
254
893
532
0
286
401
516
631
746
861
976
91
206
321
436
551
666
781
896
11
126
241
356
471
586
444
83
722
361
1000
639
278
917
556
195
834
473
112
751
390
29
668
307
946
585
224
863
502
141
780
419
58
697
336
975
614
253
892
531
170
809
448
87
726
365
4
643
282
921
560
199
838
477
116
755
394
33
672
311
950
589
228
867
506
145
784
423
62
701
340
979
618
257
896
535
174
813
452
91
730
369
8
647
286
0
40
155
270
385
500
615
730
845
960
75
190
305
420
535
650
765
880
995
110
225
559
198
837
476
115
754
393
32
671
310
949
588
227
866
505
144
783
422
61
700
339
978
617
256
895
534
173
812
451
90
729
368
7
646
285
924
563
202
841
480
119
758
397
36
675
314
953
592
231
870
509
148
787
426
65
704
343
982
621
260
899
538
177
816
455
94
733
372
11
650
289
928
567
206
845
484
123
762
401
40
0
794
909
24
139
254
369
484
599
714
829
944
59
174
289
404
519
634
749
864
674
313
952
591
230
869
508
147
786
425
64
703
342
981
620
259
898
537
176
815
454
93
732
371
10
649
288
927
566
205
844
483
122
761
400
39
678
317
956
595
234
873
512
151
790
429
68
707
346
985
624
263
902
541
180
819
458
97
736
375
14
653
292
931
570
209
848
487
126
765
404
43
682
321
960
599
238
877
516
155
794
0
548
663
778
893
8
123
238
353
468
583
698
813
928
43
158
273
388
503
789
428
67
706
345
984
623
262
901
540
179
818
457
96
735
374
13
652
291
930
569
208
847
486
125
764
403
42
681
320
959
598
237
876
515
154
793
432
71
710
349
988
627
266
905
544
183
822
461
100
739
378
17
656
295
934
573
212
851
490
129
768
407
46
685
324
963
602
241
880
519
158
797
436
75
714
353
992
631
270
909
548
0
302
417
532
647
762
877
992
107
222
337
452
567
682
797
912
27
142
904
543
182
821
460
99
738
377
16
655
294
933
572
211
850
489
128
767
406
45
684
323
962
601
240
879
518
157
796
435
74
713
352
991
630
269
908
547
186
825
464
103
742
381
20
659
298
937
576
215
854
493
132
771
410
49
688
327
966
605
244
883
522
161
800
439
78
717
356
995
634
273
912
551
190
829
468
107
746
385
24
663
302
0
56
171
286
401
516
631
746
861
976
91
206
321
436
551
666
781
19
658
297
936
575
214
853
492
131
770
409
48
687
326
965
604
243
882
521
160
799
438
77
716
355
994
633
272
911
550
189
828
467
106
745
384
23
662
301
940
579
218
857
496
135
774
413
52
691
330
969
608
247
886
525
164
803
442
81
720
359
998
637
276
915
554
193
832
471
110
749
388
27
666
305
944
583
222
861
500
139
778
417
56
0
810
925
40
155
270
385
500
615
730
845
960
75
190
305
420
134
773
412
51
690
329
968
607
246
885
524
163
802
441
80
719
358
997
636
275
914
553
192
831
470
109
748
387
26
665
304
943
582
221
860
499
138
777
416
55
694
333
972
611
250
889
528
167
806
445
84
723
362
1
640
279
918
557
196
835
474
113
752
391
30
669
308
947
586
225
864
503
142
781
420
59
698
337
976
615
254
893
532
171
810
0
564
679
794
909
24
139
254
369
484
599
714
829
944
59
249
888
527
166
805
444
83
722
361
1000
639
278
917
556
195
834
473
112
751
390
29
668
307
946
585
224
863
502
141
780
419
58
697
336
975
614
253
892
531
170
809
448
87
726
365
4
643
282
921
560
199
838
477
116
755
394
33
672
311
950
589
228
867
506
145
784
423
62
701
340
979
618
257
896
535
174
813
452
91
730
369
8
647
286
925
564
0
318
433
548
663
778
893
8
123
238
353
468
583
698
364
3
642
281
920
559
198
837
476
115
754
393
32
671
310
949
588
227
866
505
144
783
422
61
700
339
978
617
256
895
534
173
812
451
90
729
368
7
646
285
924
563
202
841
480
119
758
397
36
675
314
953
592
231
870
509
148
787
426
65
704
343
982
621
260
899
538
177
816
455
94
733
372
11
650
289
928
567
206
845
484
123
762
401
40
679
318
0
72
187
302
417
532
647
762
877
992
107
222
337
479
118
757
396
35
674
313
952
591
230
869
508
147
786
425
64
703
342
981
620
259
898
537
176
815
454
93
732
371
10
649
288
927
566
205
844
483
122
761
400
39
678
317
956
595
234
873
512
151
790
429
68
707
346
985
624
263
902
541
180
819
458
97
736
375
14
653
292
931
570
209
848
487
126
765
404
43
682
321
960
599
238
877
516
155
794
433
72
0
826
941
56
171
286
401
516
631
746
861
976
594
233
872
511
150
789
428
67
706
345
984
623
262
901
540
179
818
457
96
735
374
13
652
291
930
569
208
847
486
125
764
403
42
681
320
959
598
237
876
515
154
793
432
71
710
349
988
627
266
905
544
183
822
461
100
739
378
17
656
295
934
573
212
851
490
129
768
407
46
685
324
963
602
241
880
519
158
797
436
75
714
353
992
631
270
909
548
187
826
0
580
695
810
925
40
155
270
385
500
615
709
348
987
626
265
904
543
182
821
460
99
738
377
16
655
294
933
572
211
850
489
128
767
406
45
684
323
962
601
240
879
518
157
796
435
74
713
352
991
630
269
908
547
186
825
464
103
742
381
20
659
298
937
576
215
854
493
132
771
410
49
688
327
966
605
244
883
522
161
800
439
78
717
356
995
634
273
912
551
190
829
468
107
746
385
24
663
302
941
580
0
334
449
564
679
794
909
24
139
254
824
463
102
741
380
19
658
297
936
575
214
853
492
131
770
409
48
687
326
965
604
243
882
521
160
799
438
77
716
355
994
633
272
911
550
189
828
467
106
745
384
23
662
301
940
579
218
857
496
135
774
413
52
691
330
969
608
247
886
525
164
803
442
81
720
359
998
637
276
915
554
193
832
471
110
749
388
27
666
305
944
583
222
861
500
139
778
417
56
695
334
0
88
203
318
433
548
663
778
893
939
578
217
856
495
134
773
412
51
690
329
968
607
246
885
524
163
802
441
80
719
358
997
636
275
914
553
192
831
470
109
748
387
26
665
304
943
582
221
860
499
138
777
416
55
694
333
972
611
250
889
528
167
806
445
84
723
362
1
640
279
918
557
196
835
474
113
752
391
30
669
308
947
586
225
864
503
142
781
420
59
698
337
976
615
254
893
532
171
810
449
88
0
842
957
72
187
302
417
532
54
693
332
971
610
249
888
527
166
805
444
83
722
361
1000
639
278
917
556
195
834
473
112
751
390
29
668
307
946
585
224
863
502
141
780
419
58
697
336
975
614
253
892
531
170
809
448
87
726
365
4
643
282
921
560
199
838
477
116
755
394
33
672
311
950
589
228
867
506
145
784
423
62
701
340
979
618
257
896
535
174
813
452
91
730
369
8
647
286
925
564
203
842
0
596
711
826
941
56
171
169
808
447
86
725
364
3
642
281
920
559
198
837
476
115
754
393
32
671
310
949
588
227
866
505
144
783
422
61
700
339
978
617
256
895
534
173
812
451
90
729
368
7
646
285
924
563
202
841
480
119
758
397
36
675
314
953
592
231
870
509
148
787
426
65
704
343
982
621
260
899
538
177
816
455
94
733
372
11
650
289
928
567
206
845
484
123
762
401
40
679
318
957
596
0
350
465
580
695
810
284
923
562
201
840
479
118
757
396
35
674
313
952
591
230
869
508
147
786
425
64
703
342
981
620
259
898
537
176
815
454
93
732
371
10
649
288
927
566
205
844
483
122
761
400
39
678
317
956
595
234
873
512
151
790
429
68
707
346
985
624
263
902
541
180
819
458
97
736
375
14
653
292
931
570
209
848
487
126
765
404
43
682
321
960
599
238
877
516
155
794
433
72
711
350
0
104
219
334
449
399
38
677
316
955
594
233
872
511
150
789
428
67
706
345
984
623
262
901
540
179
818
457
96
735
374
13
652
291
930
569
208
847
486
125
764
403
42
681
320
959
598
237
876
515
154
793
432
71
710
349
988
627
266
905
544
183
822
461
100
739
378
17
656
295
934
573
212
851
490
129
768
407
46
685
324
963
602
241
880
519
158
797
436
75
714
353
992
631
270
909
548
187
826
465
104
0
858
973
88
514
153
792
431
70
709
348
987
626
265
904
543
182
821
460
99
738
377
16
655
294
933
572
211
850
489
128
767
406
45
684
323
962
601
240
879
518
157
796
435
74
713
352
991
630
269
908
547
186
825
464
103
742
381
20
659
298
937
576
215
854
493
132
771
410
49
688
327
966
605
244
883
522
161
800
439
78
717
356
995
634
273
912
551
190
829
468
107
746
385
24
663
302
941
580
219
858
0
612
727
629
268
907
546
185
824
463
102
741
380
19
658
297
936
575
214
853
492
131
770
409
48
687
326
965
604
243
882
521
160
799
438
77
716
355
994
633
272
911
550
189
828
467
106
745
384
23
662
301
940
579
218
857
496
135
774
413
52
691
330
969
608
247
886
525
164
803
442
81
720
359
998
637
276
915
554
193
832
471
110
749
388
27
666
305
944
583
222
861
500
139
778
417
56
695
334
973
612
0
366
744
383
22
661
300
939
578
217
856
495
134
773
412
51
690
329
968
607
246
885
524
163
802
441
80
719
358
997
636
275
914
553
192
831
470
109
748
387
26
665
304
943
582
221
860
499
138
777
416
55
694
333
972
611
250
889
528
167
806
445
84
723
362
1
640
279
918
557
196
835
474
113
752
391
30
669
308
947
586
225
864
503
142
781
420
59
698
337
976
615
254
893
532
171
810
449
88
727
366
0
