0
129
295
873
507
426
495
219
130
200
580
813
600
373
552
430
803
201
177
851
484
865
686
790
911
936
461
664
725
587
757
255
804
52
680
980
86
924
728
946
997
266
641
467
475
625
662
154
686
392
758
675
349
581
114
626
115
671
571
293
535
841
485
66
121
929
814
931
542
114
349
759
537
222
516
187
132
890
70
537
630
699
286
288
732
233
1
71
790
489
491
112
446
669
277
313
116
689
633
848
129
0
504
276
310
509
224
743
377
925
895
830
998
339
739
860
947
432
189
357
704
238
443
899
364
581
326
531
879
807
952
675
66
746
701
658
511
411
119
536
446
556
669
495
631
517
956
707
165
890
18
482
627
94
369
293
712
804
212
399
26
947
485
220
753
354
235
724
983
505
480
556
915
304
29
650
737
478
359
930
464
944
674
832
916
188
190
492
75
925
512
646
324
562
521
932
962
392
821
585
295
504
0
906
937
811
356
941
112
868
173
124
992
47
287
757
957
690
65
212
400
82
584
399
676
795
326
337
568
568
187
511
734
551
843
739
908
909
966
323
246
113
768
553
789
412
83
235
750
633
38
452
192
998
526
548
967
858
751
817
313
623
9
716
59
665
893
722
550
976
662
894
601
764
4
640
224
318
593
570
755
783
550
949
914
19
116
856
590
695
634
325
351
807
449
389
557
458
390
455
873
276
906
0
49
387
290
925
742
712
781
91
746
632
96
211
780
563
829
466
789
488
262
629
44
124
548
61
450
345
788
445
759
126
793
271
71
914
369
929
817
676
339
97
202
999
932
533
530
488
691
717
87
970
708
681
569
875
767
826
208
446
62
250
937
45
999
176
109
356
234
876
728
686
121
960
322
32
431
34
248
347
318
894
257
275
621
700
758
522
639
191
772
435
246
115
887
69
429
678
507
310
937
49
0
572
424
622
175
817
456
126
311
675
545
136
705
264
440
358
551
261
62
559
772
635
234
526
546
257
774
553
185
916
665
792
222
808
660
961
227
333
409
440
990
449
881
621
375
73
580
987
258
308
534
988
256
848
672
915
413
167
330
790
402
71
268
601
241
339
668
456
123
776
982
442
219
408
180
410
448
491
199
464
482
320
398
865
166
950
605
932
998
714
113
368
230
880
698
110
426
509
811
387
572
0
430
706
749
644
224
767
403
678
786
805
740
729
968
259
71
147
763
970
944
182
156
900
539
809
421
547
102
538
400
815
649
301
538
539
556
178
535
581
520
654
433
223
571
119
187
3
741
9
863
77
674
816
483
751
372
460
346
243
513
984
911
830
93
480
432
465
86
218
597
322
307
948
276
825
1
509
724
248
1
714
507
456
141
154
631
535
149
926
965
704
281
487
560
698
495
224
356
290
424
430
0
322
981
562
905
595
422
339
159
285
652
206
770
586
677
549
383
813
850
652
858
801
255
486
84
730
836
512
435
778
332
579
485
627
719
606
146
456
149
882
142
586
224
703
401
265
165
571
750
229
743
417
262
796
32
936
188
824
638
749
725
109
121
626
884
917
872
87
100
82
329
973
127
932
908
617
792
603
888
641
995
744
298
345
878
756
222
113
881
360
79
418
946
288
219
743
941
925
622
706
322
0
454
51
824
350
653
532
336
264
483
642
981
86
337
530
431
296
349
376
877
420
348
159
782
174
816
341
406
641
371
517
293
100
154
441
584
184
551
719
634
165
956
948
992
308
29
693
340
559
372
509
825
376
903
976
458
714
227
494
462
755
777
373
152
763
190
603
469
923
848
376
438
897
169
318
409
801
586
200
822
816
920
726
713
732
505
90
583
580
713
947
345
651
130
377
112
742
175
749
981
454
0
230
414
142
103
598
631
432
553
694
762
378
393
428
611
662
558
675
42
900
888
140
440
568
774
657
275
481
923
40
580
621
811
583
984
653
387
832
252
35
150
598
849
961
605
624
110
804
939
100
836
732
546
65
459
834
789
433
772
487
700
638
841
662
424
797
161
86
564
285
292
544
634
858
726
97
133
233
248
319
797
707
797
370
565
17
780
112
752
958
349
300
200
925
868
712
817
644
562
51
230
0
232
971
885
438
551
935
883
266
122
16
522
562
514
92
907
832
958
735
668
744
888
937
793
455
555
312
708
503
569
453
141
753
69
922
712
106
752
270
452
49
809
488
925
492
228
962
430
724
651
863
341
680
890
428
39
50
186
477
336
188
289
36
284
488
76
79
834
549
928
253
240
335
334
661
53
569
549
244
849
926
279
572
486
661
406
707
514
194
469
63
580
895
173
781
456
224
905
824
414
232
0
876
540
480
786
383
682
153
631
348
318
245
797
152
786
340
152
700
438
370
432
870
167
293
423
602
880
802
381
70
591
701
413
971
540
495
90
764
701
158
412
312
96
438
571
144
568
436
830
334
904
930
10
764
645
88
400
192
363
363
367
565
664
621
360
558
459
173
171
312
393
452
647
916
194
508
3
285
401
317
787
860
940
135
260
700
324
103
759
750
813
830
124
91
126
767
595
350
142
971
876
0
3
55
573
464
167
673
341
739
287
728
371
255
815
482
806
475
354
459
141
541
592
800
62
141
894
33
256
84
275
157
737
377
138
19
290
816
697
773
811
320
464
656
591
582
811
614
898
871
755
211
469
943
445
730
94
950
246
617
816
881
434
971
558
754
615
959
146
829
794
258
419
882
836
480
775
709
173
790
62
412
268
398
941
922
587
372
551
641
600
998
992
746
311
403
422
653
103
885
540
3
0
834
865
917
843
249
417
432
299
255
801
268
520
302
23
581
632
349
142
196
261
462
135
345
908
267
532
249
915
762
27
806
26
594
148
214
158
877
804
130
865
859
133
402
509
335
90
408
632
663
1
495
171
280
894
242
198
978
14
155
65
719
562
248
248
348
577
60
357
331
58
800
943
696
494
46
659
871
608
347
630
963
944
937
477
889
56
517
373
339
47
632
675
678
339
532
598
438
480
55
834
0
918
503
535
322
730
313
729
179
169
317
17
316
646
689
391
604
409
87
169
626
908
941
866
519
153
185
828
191
677
624
383
857
585
392
855
874
466
323
179
143
917
786
496
751
142
499
481
318
447
937
295
895
268
362
671
749
804
421
440
796
39
312
778
277
264
874
884
317
190
833
753
327
271
310
449
657
45
151
991
815
932
181
23
19
731
930
552
739
287
96
545
786
159
336
631
551
786
573
865
918
0
404
268
964
855
666
894
936
670
624
455
81
607
697
512
842
582
821
565
134
506
42
885
654
822
988
885
664
128
861
580
329
412
857
72
646
231
862
584
590
615
722
991
406
381
321
27
605
306
837
109
267
577
175
385
612
300
685
630
832
127
466
803
771
113
914
821
954
988
323
388
274
447
747
320
878
979
408
946
327
228
550
102
58
566
635
430
860
757
211
136
805
285
264
432
935
383
464
917
503
404
0
404
15
542
512
709
579
932
228
656
566
654
502
290
706
267
531
557
109
604
782
961
118
759
670
997
313
930
472
918
78
454
844
938
570
309
489
833
871
921
481
148
955
603
143
740
379
902
4
520
133
25
749
426
706
159
474
735
876
564
493
656
63
484
904
509
190
194
17
813
23
140
120
944
200
705
744
291
105
538
981
213
344
893
385
803
947
957
780
705
740
652
483
553
883
682
167
843
535
268
404
0
481
808
375
206
505
580
353
731
432
273
531
824
761
680
9
659
171
376
67
960
494
926
961
757
271
752
664
320
844
735
113
102
733
193
763
722
1000
296
111
169
167
157
349
698
218
479
902
794
168
551
394
918
851
495
437
437
728
474
962
607
551
480
725
370
599
776
742
983
668
182
182
743
850
331
328
333
79
528
589
766
330
924
185
201
432
690
563
264
729
206
642
694
266
153
673
249
322
964
15
481
0
89
405
760
476
418
533
830
705
929
491
125
687
950
109
370
5
505
398
164
349
101
216
962
394
694
554
45
675
105
919
29
431
185
684
448
497
925
501
846
596
789
664
171
81
765
509
163
578
1
226
226
915
15
181
15
837
375
279
421
834
193
383
996
310
376
453
282
340
552
569
215
524
763
103
47
658
746
697
818
761
954
436
177
189
65
829
440
968
770
981
762
122
631
341
417
730
855
542
808
89
0
525
910
943
521
351
261
781
245
499
469
306
210
120
778
914
786
791
969
103
813
645
484
998
603
751
368
648
453
969
989
859
282
78
697
551
389
990
847
195
923
111
794
666
551
590
387
180
670
12
432
235
876
615
193
861
364
206
157
236
790
912
141
70
492
309
23
8
666
327
64
372
935
204
930
784
839
769
853
386
608
511
851
357
212
466
358
259
586
86
378
16
348
739
432
313
666
512
375
405
525
0
669
272
20
693
949
700
201
49
674
638
510
607
274
453
451
662
327
614
19
587
770
877
700
750
751
931
442
662
466
14
911
854
41
491
871
947
966
373
752
114
397
458
624
148
61
201
395
107
430
181
239
747
974
985
269
324
920
169
889
152
280
239
758
438
516
985
980
423
559
477
70
274
79
99
104
657
80
264
405
272
484
704
400
789
551
71
677
337
393
522
318
287
299
729
894
709
206
760
910
669
0
832
510
961
263
641
556
825
169
161
797
225
123
846
173
912
42
683
706
936
281
258
405
921
148
105
794
189
165
478
729
489
243
139
646
735
811
555
145
659
746
577
245
597
888
374
218
606
488
955
314
773
426
360
177
416
437
361
898
588
932
17
678
847
254
433
992
466
312
52
163
513
448
654
846
126
879
951
14
661
865
238
82
488
261
147
549
530
428
562
245
728
255
179
936
579
505
476
943
272
832
0
413
870
803
163
147
913
722
470
104
407
80
591
761
984
361
699
688
741
389
109
848
307
226
488
676
642
100
101
463
711
68
610
88
445
686
964
285
504
297
457
276
34
582
912
873
765
234
164
170
614
9
970
424
794
533
382
405
939
399
261
107
955
610
913
163
352
30
279
825
649
992
260
618
868
2
349
541
391
686
443
584
262
62
763
383
431
611
514
797
371
801
169
670
932
580
418
521
20
510
413
0
852
31
642
992
729
351
988
827
527
974
263
153
846
31
680
611
851
238
785
923
213
792
190
907
135
251
796
784
572
442
954
102
44
387
662
254
46
585
922
203
947
842
922
982
910
166
344
450
402
620
45
905
734
592
400
219
801
687
746
886
376
963
873
616
158
506
166
196
695
450
216
96
10
294
776
191
997
790
899
399
629
559
970
813
296
662
92
152
255
268
317
624
228
353
533
351
693
961
870
852
0
442
178
757
644
344
448
653
928
570
555
661
825
280
71
381
791
173
353
13
431
621
632
13
449
39
317
272
418
672
970
901
792
274
137
155
352
382
985
457
520
212
177
528
758
136
57
192
816
905
986
108
820
247
37
970
518
81
548
958
411
737
554
851
806
137
937
900
504
565
522
334
230
369
24
869
109
911
364
676
44
772
944
850
349
558
907
786
815
520
17
455
656
731
830
261
949
263
803
31
442
0
948
542
452
689
833
623
814
135
113
549
579
157
243
6
647
528
53
145
31
523
147
335
35
302
248
487
53
477
990
329
198
42
670
517
703
804
217
155
956
138
118
989
774
608
3
311
79
563
123
294
660
719
552
572
587
42
999
942
545
530
617
428
169
585
351
850
380
507
674
987
546
841
960
181
570
936
581
795
124
635
182
652
376
675
832
340
482
302
316
81
566
432
705
781
700
641
163
642
178
948
0
12
29
929
422
13
31
564
923
508
888
744
386
316
216
411
678
883
745
92
274
993
786
477
986
219
770
451
121
358
204
953
647
613
16
141
649
372
327
950
692
795
566
132
594
919
340
433
642
160
189
837
290
629
346
742
442
125
670
81
581
263
457
401
991
146
631
718
341
383
94
664
802
225
567
461
326
326
548
234
156
858
877
42
958
152
806
23
646
607
654
273
929
245
201
556
147
992
757
542
12
0
343
770
830
611
254
129
692
745
347
590
287
245
579
828
755
391
439
310
92
941
534
469
545
922
891
680
36
219
562
806
135
382
202
451
590
340
275
24
361
250
903
451
591
956
870
359
520
348
232
80
72
299
976
789
863
429
95
653
621
668
641
469
974
619
63
247
904
261
897
328
751
449
921
664
531
337
61
526
900
801
420
900
735
700
475
581
689
697
502
531
491
499
49
825
913
729
644
452
29
343
0
864
733
650
202
725
714
762
986
260
233
829
84
928
629
646
466
832
504
398
261
982
568
640
323
749
261
867
995
466
102
502
127
256
707
405
272
184
852
781
62
395
798
849
714
67
150
920
800
894
432
696
718
831
88
458
732
534
280
725
81
566
184
541
400
881
399
959
76
401
152
179
583
725
879
568
450
546
539
255
348
888
668
438
354
632
391
512
290
824
125
469
674
169
722
351
344
689
929
770
864
0
905
47
676
150
391
834
524
4
18
382
190
706
839
524
302
136
355
571
803
714
975
197
328
794
661
938
780
167
167
97
319
307
687
59
886
247
370
176
298
600
905
773
443
565
851
43
882
852
827
347
323
415
450
213
984
971
446
868
710
981
544
569
893
652
335
992
95
189
622
971
829
587
807
568
345
257
809
486
159
140
744
370
459
349
604
842
706
761
687
306
638
161
470
988
448
833
422
830
733
905
0
3
216
700
896
247
578
50
388
272
775
477
416
454
108
28
421
427
694
703
464
790
11
570
568
569
920
284
6
28
17
372
469
328
63
576
43
499
168
985
826
638
676
386
865
550
573
270
28
291
501
915
837
88
168
736
954
839
310
737
101
317
73
393
476
533
403
421
230
434
940
757
952
187
788
774
421
84
782
440
888
432
141
142
409
582
267
680
950
210
510
797
104
827
653
623
13
611
650
47
3
0
91
427
534
808
618
977
311
124
551
196
474
601
391
92
423
14
190
488
883
788
443
322
781
805
185
177
220
115
93
792
481
47
540
814
203
978
294
470
938
581
982
199
253
967
987
498
220
779
889
319
308
989
82
30
154
638
720
424
630
818
443
779
59
720
536
616
548
858
602
255
675
511
445
553
547
730
174
568
937
870
541
196
87
821
531
9
109
120
607
225
407
527
928
814
31
254
202
676
216
91
0
274
908
342
544
673
861
133
465
575
252
515
646
64
395
164
240
55
717
423
597
413
555
5
352
385
584
588
928
490
924
601
44
681
671
847
3
864
37
734
231
612
997
753
685
502
433
270
58
311
521
604
904
67
52
602
302
685
258
138
468
58
161
904
451
678
584
23
379
804
66
734
759
185
102
836
816
774
793
167
592
261
169
565
557
659
370
778
274
123
80
974
570
135
564
129
725
150
700
427
274
0
111
727
645
137
584
205
756
209
95
422
852
472
671
615
151
347
488
274
558
92
724
719
697
783
459
850
512
825
624
730
247
730
133
551
830
140
209
293
324
574
597
789
446
93
725
404
420
857
121
507
302
994
145
710
932
971
220
394
913
993
187
998
591
308
20
542
638
52
746
551
126
916
538
512
341
657
455
293
800
462
626
134
109
171
5
914
453
846
591
263
555
113
923
692
714
391
896
534
908
111
0
738
813
186
654
132
465
253
722
766
169
615
929
224
240
637
936
198
613
582
161
6
273
848
18
813
540
608
174
802
338
214
45
843
598
349
633
767
177
566
423
523
667
137
919
15
716
745
766
623
536
513
370
518
641
396
462
306
435
573
635
387
346
73
604
30
762
680
701
843
793
665
400
435
406
275
555
423
62
135
908
506
604
376
505
786
451
173
761
153
661
549
508
745
762
834
247
808
342
727
738
0
747
504
221
751
516
374
70
895
826
202
655
887
825
138
356
124
307
867
765
234
642
313
848
970
128
948
204
371
509
272
560
464
719
649
660
374
416
236
735
489
854
16
444
901
983
154
652
14
750
537
909
907
578
13
33
611
697
287
569
830
774
430
763
105
234
980
658
739
271
792
815
778
641
481
312
602
141
345
941
42
782
67
398
791
662
912
984
846
825
579
888
347
986
524
578
618
544
645
813
747
0
253
948
912
373
460
633
779
584
459
931
251
481
15
795
635
954
798
288
77
258
218
119
937
64
315
832
428
579
950
923
278
634
524
630
605
853
734
300
334
763
718
146
170
287
361
349
284
156
386
912
507
329
984
781
524
606
171
428
77
939
652
788
455
627
86
511
908
71
222
649
332
371
923
708
880
894
908
866
885
961
960
164
969
327
42
361
31
280
157
744
590
260
4
50
977
673
137
186
504
253
0
925
320
527
766
232
942
385
885
994
7
998
419
604
843
56
961
847
715
301
313
167
424
617
668
831
741
82
151
990
909
268
450
114
360
94
967
810
6
646
875
563
681
467
6
773
194
542
177
95
256
413
397
406
335
132
909
473
460
513
858
860
431
787
924
411
909
914
808
301
579
517
40
503
802
33
267
519
654
118
494
349
103
614
683
699
680
71
243
386
287
233
18
388
311
861
584
654
221
948
925
0
561
171
249
65
814
341
38
619
286
233
416
215
270
790
467
524
655
551
430
480
961
660
727
722
963
66
526
944
399
959
1000
518
503
983
748
416
71
108
412
328
329
700
862
886
586
40
416
730
20
132
161
602
653
70
280
130
538
688
989
63
103
535
728
119
966
369
660
538
485
293
580
569
381
256
532
153
822
759
926
101
813
19
706
688
611
381
6
316
245
829
382
272
124
133
205
132
751
912
320
561
0
333
965
890
908
257
536
716
611
706
463
619
648
587
883
25
371
882
248
828
119
875
474
733
686
617
444
68
792
74
199
246
504
596
375
160
542
86
402
844
537
667
705
42
472
184
582
414
970
960
361
789
717
796
515
4
751
352
945
849
623
405
946
536
323
929
961
539
627
100
621
453
70
84
249
185
988
670
961
216
645
587
936
741
851
791
647
216
579
84
190
775
551
465
756
465
516
373
527
171
333
0
162
131
222
274
713
948
468
83
771
253
186
912
560
370
264
977
22
101
215
835
835
589
926
699
952
780
353
478
140
230
253
101
188
515
438
908
513
458
176
187
93
230
594
181
460
130
886
653
401
183
4
554
89
313
724
674
415
600
747
911
997
446
246
817
227
556
719
154
811
141
591
275
915
828
885
997
757
962
484
770
281
389
238
173
528
411
828
928
706
477
196
575
209
253
374
460
766
249
965
162
0
870
152
772
833
417
153
861
95
337
613
53
872
825
897
559
635
289
66
825
570
548
73
466
495
519
124
839
761
919
59
107
861
911
838
189
339
487
836
734
459
386
970
344
497
461
56
579
292
821
15
429
608
428
192
622
505
582
594
930
266
556
113
676
333
178
606
441
583
753
701
157
762
191
664
313
271
394
998
877
258
109
785
353
53
678
755
629
839
416
474
252
95
722
70
633
232
65
890
131
870
0
792
252
173
581
84
352
268
726
101
182
507
231
738
234
557
623
268
566
11
581
543
82
378
980
946
595
832
379
868
692
223
412
501
689
337
369
501
793
251
908
485
539
961
287
698
189
221
562
772
231
220
200
276
981
5
834
428
430
641
669
768
339
409
535
146
584
984
69
413
737
27
677
128
930
752
694
603
700
405
848
923
13
145
883
391
646
524
454
601
515
422
766
895
779
942
814
908
222
152
792
0
585
395
941
880
302
937
343
123
297
156
953
346
798
999
607
171
721
557
463
797
596
580
911
892
23
616
848
382
695
732
378
253
340
795
925
704
265
412
637
111
804
784
416
99
71
537
22
139
592
36
490
945
793
457
22
722
60
467
495
553
97
440
581
456
184
653
922
971
377
806
624
861
472
664
554
751
750
921
307
213
431
31
745
439
466
302
108
391
646
852
169
826
584
385
341
257
274
772
252
585
0
628
660
693
345
425
129
994
637
40
125
53
774
888
318
547
331
31
867
278
323
845
622
91
168
920
40
610
548
610
646
745
736
234
183
315
874
852
701
555
381
630
289
151
661
355
102
79
254
676
984
282
698
9
657
549
608
475
631
789
202
990
520
149
551
387
712
540
138
26
383
580
918
320
45
368
751
148
226
792
621
523
92
310
832
136
28
92
64
472
615
202
459
885
38
536
713
833
173
395
628
0
107
183
900
861
843
880
750
124
575
741
126
688
674
547
316
52
778
324
703
540
917
488
112
349
277
217
430
716
249
590
707
18
312
369
886
414
365
623
293
297
565
178
172
29
373
514
423
518
366
909
37
447
951
639
149
625
517
412
999
449
654
882
719
832
106
495
19
594
857
329
78
844
675
648
931
105
488
190
632
147
274
92
504
355
421
423
395
671
929
655
931
994
619
716
948
417
581
941
660
107
0
62
413
733
21
782
590
226
460
708
797
942
779
685
37
295
621
928
654
657
663
978
691
204
315
566
91
796
935
666
400
189
649
458
317
845
633
328
210
115
524
183
994
875
415
618
779
324
798
511
295
213
191
883
929
662
956
83
932
881
433
142
634
252
752
90
290
148
585
412
454
735
105
453
442
794
676
907
13
335
993
941
398
571
427
14
164
615
224
887
251
7
286
611
468
153
84
880
693
183
62
0
431
870
708
447
947
328
369
254
588
612
233
215
29
934
758
628
306
200
446
948
570
570
26
446
881
859
371
956
945
575
756
31
278
280
400
15
518
164
709
214
898
765
316
520
461
43
379
42
623
831
473
578
510
154
707
235
533
621
223
586
165
35
270
764
816
214
392
857
844
113
919
969
662
189
642
135
449
35
786
534
261
803
694
190
240
151
240
825
481
998
233
706
83
861
352
302
345
900
413
431
0
257
174
513
820
765
817
613
84
837
463
186
305
370
592
866
498
265
340
939
176
4
763
824
562
301
132
73
337
153
885
481
799
16
348
46
417
733
377
263
925
154
518
593
174
205
897
171
395
163
12
840
920
686
165
750
530
375
571
224
956
150
452
701
697
158
855
72
938
102
29
989
466
165
100
251
39
302
477
469
982
714
703
488
55
347
637
138
15
419
416
463
771
95
268
937
425
861
733
870
257
0
76
212
593
651
819
486
425
920
510
745
178
762
280
416
895
293
914
943
829
977
803
638
741
948
378
798
488
415
630
483
898
298
250
477
917
834
484
191
139
411
874
505
48
487
145
275
143
921
33
148
209
392
890
633
488
73
119
703
948
598
49
158
773
877
874
646
570
733
431
859
14
478
101
796
317
248
986
545
568
975
464
883
717
488
936
356
795
604
215
619
253
337
726
343
129
843
21
708
174
76
0
800
614
852
613
74
401
551
97
871
747
325
356
178
674
746
834
577
501
730
947
127
504
968
388
88
470
527
53
901
59
223
958
124
715
65
146
761
596
291
885
951
686
829
277
492
946
513
851
104
763
758
18
38
691
580
187
401
992
849
809
412
811
804
466
231
309
193
185
282
911
729
463
784
272
487
219
922
640
197
790
788
423
274
198
124
635
843
270
648
186
613
101
123
994
880
782
447
513
212
800
0
781
153
452
696
948
212
731
760
774
555
362
651
261
487
127
54
153
205
413
350
358
686
64
113
696
436
90
819
865
797
292
876
466
315
514
965
693
501
52
434
871
117
149
431
537
636
638
169
696
675
482
452
717
987
3
265
308
961
488
312
320
130
323
862
489
763
684
78
854
489
711
572
418
53
770
891
323
328
11
443
597
558
613
307
954
56
790
587
912
53
182
297
637
750
590
947
820
593
614
781
0
583
659
876
693
628
226
380
924
425
94
201
76
757
333
245
647
838
595
264
561
171
601
181
368
157
689
933
451
118
941
432
865
481
998
729
142
911
403
587
802
350
31
322
641
672
213
971
303
349
627
192
87
258
741
165
29
605
925
96
464
865
179
584
833
722
448
697
41
243
68
442
672
477
451
680
749
794
570
322
413
92
582
867
798
961
467
883
560
872
507
156
40
124
226
328
765
651
852
153
583
0
267
272
936
145
804
271
114
11
490
767
699
957
471
465
86
437
640
107
14
598
685
925
464
248
489
579
998
261
673
342
215
230
702
978
518
182
893
915
893
777
27
283
310
686
758
685
535
581
94
998
970
308
9
571
693
624
492
438
656
859
143
590
871
1000
497
551
491
139
610
954
970
990
121
36
261
661
568
781
555
724
161
765
288
847
524
25
370
825
231
953
125
575
460
369
817
819
613
452
659
267
0
895
164
393
515
166
365
449
870
378
718
310
89
185
418
833
881
739
336
473
726
930
717
167
33
537
529
27
256
946
655
778
232
133
484
617
915
199
814
66
509
311
765
840
731
696
254
114
369
526
708
534
863
750
340
110
228
571
591
133
917
615
921
296
925
389
871
646
88
102
901
329
358
219
867
938
569
805
5
719
6
234
77
715
655
371
264
897
738
346
53
741
708
254
613
486
74
696
876
272
895
0
435
768
872
384
725
733
529
294
299
617
448
700
157
873
304
491
603
60
791
886
604
51
133
375
948
947
431
992
951
513
364
138
779
821
737
144
518
935
818
336
829
638
763
524
450
626
293
548
681
988
77
229
559
804
962
144
582
402
786
722
481
111
501
990
947
735
445
44
792
198
204
562
995
780
920
185
352
697
273
642
258
301
551
882
977
559
234
798
774
126
797
588
84
425
401
948
693
936
164
435
0
24
101
813
512
605
973
478
475
762
732
981
56
590
82
974
792
759
602
75
300
802
174
790
494
426
710
698
284
934
141
254
288
205
216
851
467
732
936
806
876
629
61
209
974
115
712
967
569
256
674
743
372
939
430
568
811
509
496
991
148
169
846
847
966
811
686
387
274
42
953
806
466
167
284
177
385
783
848
313
218
313
430
248
22
635
557
999
888
688
942
612
837
920
551
212
628
145
393
768
24
0
513
244
6
873
116
544
462
721
558
369
64
148
29
359
292
241
616
976
419
788
206
992
114
446
140
522
972
817
695
80
633
19
566
673
663
390
295
984
519
117
535
354
458
671
804
858
875
848
816
417
509
100
724
436
614
335
751
406
955
167
596
195
373
555
964
662
137
670
647
135
102
167
6
220
584
459
18
848
119
167
480
828
101
289
623
607
318
674
779
233
463
510
97
731
226
804
515
872
101
513
0
299
898
883
598
237
600
696
259
895
349
96
980
702
43
468
658
838
431
976
175
241
583
934
806
986
349
706
462
762
563
395
604
132
47
797
672
997
564
990
498
147
604
571
212
751
767
672
483
262
825
836
651
830
898
90
142
381
603
157
789
923
752
145
285
254
155
517
613
382
502
97
28
115
588
850
813
970
937
424
961
119
215
66
268
171
547
547
685
215
186
745
871
760
380
271
166
384
813
244
299
0
152
694
67
367
844
452
769
237
219
200
557
339
524
679
697
84
741
74
19
191
736
114
53
418
988
558
281
46
653
862
354
781
77
381
795
645
806
245
301
770
776
293
399
817
826
915
751
796
376
732
863
334
871
408
499
321
143
349
664
111
114
659
504
46
352
703
16
202
127
319
17
93
928
512
540
128
64
617
660
875
835
825
566
721
331
316
37
29
305
178
747
774
924
114
365
725
512
6
898
152
0
687
981
539
575
32
436
638
411
426
221
471
933
667
690
286
728
10
594
415
613
127
435
963
362
132
58
261
797
797
269
526
692
655
671
819
6
609
635
889
73
535
26
313
208
413
372
32
903
546
341
904
755
632
481
27
740
698
171
794
397
746
297
585
382
804
141
451
256
307
372
792
490
825
608
948
315
668
727
474
835
570
11
557
31
52
295
934
370
762
325
555
425
11
449
733
605
873
883
694
687
0
682
135
482
264
802
41
698
295
107
806
688
239
187
680
961
973
124
257
807
396
77
33
518
593
221
917
139
705
988
328
249
906
344
842
353
234
446
562
913
841
947
623
446
167
460
936
976
65
680
930
211
663
318
605
379
218
81
666
458
577
457
922
985
217
649
590
707
687
469
481
924
624
174
204
832
831
722
733
589
548
581
463
867
778
621
758
592
280
356
362
94
490
870
529
973
116
598
67
981
682
0
303
305
175
203
380
329
220
506
398
792
961
484
767
692
620
705
268
165
328
438
678
751
374
714
614
425
232
605
604
746
132
465
139
437
401
487
986
132
485
485
9
62
330
346
188
458
459
890
10
469
1
447
306
902
479
765
551
624
245
276
203
457
155
372
340
405
59
328
47
601
730
802
371
428
741
963
686
926
73
543
797
278
324
928
628
866
416
178
651
201
767
378
294
478
544
237
367
539
135
303
0
893
680
925
451
120
808
808
177
450
993
85
263
806
944
801
260
687
589
261
51
955
606
5
503
667
271
468
931
141
594
102
266
935
520
845
281
221
66
220
716
250
790
243
824
714
834
428
764
943
495
937
837
4
902
509
590
148
597
34
947
520
956
327
275
272
886
63
540
44
247
338
509
579
82
66
617
699
466
82
596
323
703
654
306
498
895
674
261
76
699
718
299
475
462
600
844
575
482
305
893
0
415
351
105
278
753
911
222
441
413
208
185
995
429
225
903
998
564
746
762
264
900
630
939
421
93
971
56
302
162
831
97
454
18
482
985
795
121
753
59
937
402
513
638
227
789
39
645
445
171
295
109
520
794
163
387
61
888
582
842
212
138
950
24
184
247
576
814
681
730
214
272
950
151
526
444
952
495
378
580
845
540
657
200
265
293
746
487
757
957
310
617
762
721
696
452
32
264
175
680
415
0
732
880
967
487
374
928
703
54
846
556
582
551
366
656
199
152
449
900
996
615
320
71
621
689
219
172
184
213
636
931
424
180
240
319
92
929
354
665
45
71
984
749
494
433
50
88
730
280
895
267
133
168
578
180
201
374
912
922
177
118
692
361
852
370
43
203
671
133
45
560
923
990
944
68
780
519
980
911
622
917
663
446
340
914
834
127
333
471
89
448
732
558
259
769
436
802
203
925
351
732
0
710
659
828
850
579
872
157
756
692
197
669
615
535
815
464
331
325
695
251
240
439
321
885
865
82
510
815
477
840
847
300
222
202
813
814
235
893
999
268
911
725
462
772
186
400
94
894
268
577
25
551
1
670
395
218
873
982
528
989
795
250
781
176
499
978
847
551
843
464
278
909
399
792
353
124
946
892
91
488
978
948
939
943
577
54
245
465
185
700
981
369
895
237
638
41
380
451
105
880
710
0
319
446
15
625
177
686
257
950
881
384
80
864
913
941
808
875
102
859
996
432
473
948
914
791
244
880
555
883
745
175
400
832
663
931
724
722
176
601
830
109
755
487
477
192
950
242
362
175
749
394
226
12
107
606
765
910
758
774
566
903
62
298
168
294
3
830
598
719
634
268
959
74
478
839
595
23
168
112
691
570
176
829
501
153
647
86
418
157
56
64
349
219
411
698
329
120
278
967
659
319
0
727
468
547
286
690
780
193
395
28
198
642
13
208
41
964
477
892
518
753
688
684
87
440
300
207
155
67
695
625
681
481
553
542
983
550
109
241
93
121
777
700
336
363
246
198
671
385
426
918
226
432
430
488
234
166
136
608
132
451
395
600
985
470
864
140
349
649
524
450
1000
199
140
761
832
616
920
349
204
570
4
977
730
205
838
437
833
873
590
148
96
200
426
295
220
808
753
487
828
446
727
0
528
621
639
994
16
571
166
670
85
60
848
60
82
195
214
25
70
429
100
896
369
633
764
178
891
428
986
194
193
975
536
114
505
976
356
339
480
626
373
638
188
363
617
978
749
612
706
851
915
235
181
955
164
344
57
3
594
591
798
905
826
938
37
209
633
660
630
114
518
246
230
919
379
848
40
277
315
26
763
803
947
413
595
640
881
304
82
29
980
557
221
107
506
808
911
374
850
15
468
528
0
377
785
349
550
486
983
751
54
776
196
432
714
826
282
915
419
688
939
285
713
62
762
958
647
704
814
247
929
789
785
349
480
662
234
668
432
884
152
841
289
367
816
14
804
300
159
495
15
876
239
314
170
450
192
311
919
956
849
773
638
581
734
293
767
374
605
360
503
504
253
59
868
382
610
217
566
446
824
638
127
350
264
107
739
491
974
359
702
339
471
806
398
177
222
928
579
625
547
621
377
0
231
291
791
441
647
847
936
945
314
704
632
491
679
844
416
81
359
340
95
825
879
179
972
887
292
417
846
178
860
759
556
894
876
456
465
917
763
662
36
565
881
155
421
685
474
437
181
615
747
773
614
402
816
79
340
870
714
443
676
982
231
324
177
416
853
94
983
596
101
107
692
695
548
430
91
881
562
741
504
358
561
14
336
603
792
292
43
524
933
688
792
450
441
703
872
177
286
639
785
231
0
37
33
862
935
121
718
107
496
471
219
984
778
254
57
92
479
278
385
762
668
742
88
995
205
464
238
888
183
537
915
601
728
123
86
872
190
424
284
664
434
65
440
630
735
437
15
193
974
426
9
620
905
563
433
359
67
565
386
199
612
574
566
236
734
967
748
375
188
861
223
732
610
716
796
859
301
948
968
686
171
598
473
60
759
241
468
679
667
239
961
993
413
54
157
686
690
994
349
291
37
0
229
938
994
723
688
375
702
231
890
364
22
529
486
259
368
732
288
115
299
804
442
984
937
310
542
685
75
222
304
764
686
776
218
87
603
797
488
621
971
719
796
832
876
728
837
861
985
360
970
45
986
123
642
520
150
851
865
253
997
597
423
735
300
810
416
160
515
911
412
378
646
249
935
371
132
378
388
64
601
685
726
791
602
616
658
697
690
187
484
85
208
846
756
257
780
16
550
791
33
229
0
821
936
975
897
613
641
121
112
6
662
115
800
865
276
857
113
995
707
453
578
389
449
369
903
795
315
516
29
4
121
982
597
100
469
161
76
360
558
562
39
127
564
474
375
364
269
177
424
905
108
294
160
348
920
43
550
967
753
789
523
489
334
6
71
542
438
838
501
253
745
590
666
956
73
798
88
113
181
925
930
886
75
976
838
84
286
680
767
263
185
556
692
950
193
571
486
441
862
938
821
0
799
43
978
140
163
489
482
23
490
410
364
836
983
24
464
966
116
482
361
725
495
140
957
316
779
187
650
640
960
442
322
82
923
86
79
558
754
248
312
466
493
962
279
206
324
416
794
734
820
660
189
232
800
882
573
987
685
446
667
854
763
646
108
86
908
189
689
340
736
707
400
945
337
488
470
696
368
464
717
604
300
419
431
741
728
961
692
806
995
582
197
881
395
166
983
647
935
994
936
799
0
676
521
604
745
542
966
620
875
231
971
585
942
333
159
787
315
238
62
975
718
682
398
421
842
132
737
224
322
219
307
329
848
564
834
459
615
248
778
803
656
607
421
157
920
437
533
592
247
719
837
80
894
852
270
498
502
93
137
16
718
875
412
402
513
339
337
795
234
18
189
575
153
415
527
436
157
248
167
51
802
788
976
74
10
973
620
944
429
551
669
384
28
670
751
847
121
723
975
43
676
0
120
88
79
257
610
816
709
450
691
950
160
399
584
228
577
19
35
607
963
282
592
534
775
890
478
318
32
408
948
973
376
285
549
173
959
348
277
771
63
551
834
236
169
361
382
400
37
552
290
72
432
827
28
220
433
725
919
444
146
563
328
844
458
487
369
925
183
312
649
756
885
630
53
90
689
489
33
133
174
206
175
19
594
124
705
801
225
366
615
80
198
85
54
936
718
688
897
978
521
120
0
632
568
737
332
773
539
357
283
994
686
551
929
527
49
774
50
364
841
205
618
571
147
70
359
593
431
180
276
127
438
292
928
171
146
577
264
113
484
480
193
790
889
898
405
219
970
572
629
299
696
347
291
779
270
404
15
901
170
681
329
537
176
836
501
704
315
369
458
31
481
483
901
819
933
579
537
375
790
992
241
191
415
257
268
260
903
656
535
864
642
60
776
945
107
375
613
140
604
88
632
0
758
210
971
725
426
389
211
175
193
836
456
346
371
142
752
965
715
102
297
794
801
537
930
570
34
410
825
932
897
544
253
312
829
60
874
914
904
725
383
912
152
588
939
801
518
587
346
976
718
323
501
889
58
420
716
983
287
467
700
667
187
734
793
265
874
886
317
278
799
898
59
865
451
998
529
948
494
114
583
736
613
807
165
687
998
199
815
913
13
848
196
314
496
702
641
163
745
79
568
758
0
531
188
672
846
805
460
593
142
600
904
496
102
693
181
772
719
158
401
681
76
630
464
755
248
448
1
908
169
634
240
393
794
357
884
821
509
370
996
141
280
932
399
687
81
42
742
789
831
415
915
319
311
857
745
154
361
6
862
705
93
459
251
412
852
414
845
280
16
298
223
797
118
261
27
947
426
446
934
114
127
396
328
589
564
152
464
941
208
60
432
704
471
231
121
489
542
257
737
210
531
0
828
553
61
722
532
701
359
695
780
102
670
919
564
634
177
368
420
409
550
699
944
783
347
491
509
617
318
858
335
452
258
331
317
954
190
599
310
70
239
17
261
746
548
999
442
863
88
450
837
308
521
121
766
652
349
773
886
42
230
386
908
637
701
365
633
400
348
250
958
292
941
673
256
431
710
140
806
53
435
77
438
261
746
449
331
808
41
82
714
632
219
890
112
482
966
610
332
971
188
828
0
463
536
870
697
596
614
95
747
806
878
893
62
483
198
602
203
681
43
286
674
550
318
199
724
792
409
726
334
647
419
58
190
988
194
776
376
492
758
678
107
886
958
942
125
429
458
213
88
989
604
507
623
14
284
194
586
472
594
970
485
111
555
623
328
15
46
477
124
876
432
342
946
992
698
522
986
418
963
33
678
51
762
900
325
875
964
195
826
491
984
364
6
23
620
816
773
725
672
553
463
0
428
774
986
765
5
537
648
693
567
889
913
237
967
202
599
209
630
288
832
949
894
464
248
603
801
97
661
916
882
800
833
323
17
742
453
309
438
847
955
376
411
545
670
95
732
984
168
82
904
302
536
750
156
542
40
184
181
344
539
804
381
293
210
518
417
917
715
466
865
215
655
951
284
972
349
988
362
518
751
955
264
996
695
102
477
214
282
679
778
22
662
490
875
709
539
426
846
61
536
428
0
620
479
538
373
345
350
124
516
682
24
761
247
655
539
965
355
732
916
914
257
482
1
888
586
133
53
194
836
943
753
388
813
983
282
23
516
254
610
963
737
530
81
653
534
971
736
30
67
994
513
537
386
177
416
582
460
497
961
784
630
297
115
164
733
834
65
315
481
230
778
513
934
817
706
558
132
593
374
606
900
615
251
859
892
25
915
844
254
529
115
410
231
450
357
389
805
722
870
774
620
0
184
989
892
946
84
126
136
391
39
827
425
246
668
4
478
233
188
19
275
320
714
641
200
233
569
508
480
696
327
274
23
668
340
8
985
433
913
873
554
617
581
621
280
446
954
154
52
145
370
909
912
95
730
414
130
461
287
416
289
565
524
709
377
484
146
514
998
702
232
364
141
695
462
281
58
221
714
5
630
320
240
996
518
70
419
416
57
486
800
364
971
691
283
211
460
532
697
986
479
184
0
776
434
367
226
819
431
210
327
153
259
407
759
85
169
1
190
116
621
398
507
995
822
248
549
3
775
494
271
447
140
182
552
666
980
992
163
616
851
428
263
668
725
868
839
638
602
710
518
907
507
256
20
970
886
56
698
99
151
178
183
214
263
191
761
965
729
978
133
138
254
80
762
46
261
917
614
503
939
71
439
432
753
429
688
81
92
259
865
836
585
950
994
175
593
701
596
765
538
989
776
0
657
716
874
540
653
898
406
108
167
753
782
161
186
71
492
856
700
865
456
744
816
319
244
285
709
46
310
747
120
182
569
327
423
466
352
158
806
169
457
641
81
710
310
720
302
932
641
578
329
413
132
960
653
579
189
71
661
172
994
898
925
139
596
693
142
518
484
779
288
633
563
653
797
139
425
667
421
621
321
473
688
100
939
359
479
368
276
983
942
160
686
193
142
359
614
5
373
892
434
657
0
901
244
552
256
517
159
725
897
733
448
603
995
790
75
590
758
166
141
298
920
797
849
401
173
659
449
320
944
743
215
64
559
312
30
506
137
585
401
469
566
981
737
424
685
971
396
13
984
397
161
361
401
292
221
537
355
29
875
765
154
411
291
501
911
182
617
821
205
19
395
862
797
705
232
271
93
689
885
948
684
896
285
340
278
732
857
24
333
399
551
836
600
695
95
537
345
946
367
716
901
0
615
813
808
482
628
355
26
879
936
463
407
489
925
695
522
950
154
345
726
707
926
317
790
871
657
878
200
850
524
372
477
52
279
166
937
351
991
974
184
544
101
630
258
220
462
33
781
406
602
789
183
821
562
22
102
373
415
316
518
874
885
52
403
893
915
737
216
566
604
354
269
988
605
468
971
219
865
914
87
369
713
95
385
288
113
464
159
584
929
456
904
780
747
648
350
84
226
874
244
615
0
336
183
12
222
754
12
509
725
2
511
491
512
634
639
605
631
878
713
797
279
787
62
608
45
979
705
331
763
935
70
163
825
196
900
850
146
619
541
569
317
818
138
394
306
611
524
335
653
717
4
15
772
139
79
514
618
520
593
505
951
434
587
915
199
144
851
673
132
781
526
328
604
931
56
172
82
791
440
633
62
825
762
115
995
966
787
228
527
346
496
102
806
693
124
126
819
540
552
813
336
0
869
458
634
267
843
374
267
972
568
112
646
325
191
932
535
756
732
370
572
860
412
347
151
408
744
328
103
204
274
513
649
695
504
380
631
63
400
893
73
443
468
913
435
697
606
132
70
796
554
429
231
592
254
423
779
461
174
48
686
871
802
893
814
518
467
663
47
77
692
249
746
141
302
184
510
244
300
764
762
879
668
299
707
116
315
577
49
371
102
670
878
567
516
136
431
653
256
808
183
869
0
352
416
898
729
744
450
694
371
446
324
351
772
998
149
222
505
565
486
940
268
630
991
946
291
333
47
930
79
448
992
450
565
507
718
247
881
652
393
779
58
993
573
287
171
909
280
515
89
608
220
36
676
518
324
43
205
487
829
117
350
777
66
935
732
390
797
381
655
906
132
594
162
213
815
880
207
178
958
179
742
804
453
482
238
19
774
142
693
919
893
889
682
391
210
898
517
482
12
458
352
0
573
46
636
134
122
884
384
669
562
807
435
714
926
113
90
17
661
135
398
963
815
327
105
79
658
784
99
654
260
216
522
674
341
904
399
335
476
59
161
187
635
569
428
473
130
4
313
428
200
490
984
366
798
379
897
145
277
149
31
27
509
818
936
295
672
795
671
344
465
102
831
636
477
555
155
891
647
972
88
442
578
361
62
35
50
752
181
564
62
913
24
39
327
406
159
628
222
634
416
573
0
779
691
592
457
140
893
277
521
449
246
113
965
881
583
780
406
260
941
944
932
228
538
528
746
839
104
846
618
96
334
987
383
261
959
992
533
720
904
998
387
830
77
460
538
751
724
192
276
945
282
909
511
42
171
275
492
431
322
283
311
336
806
984
997
645
819
842
139
266
97
931
840
883
67
428
704
887
995
984
389
725
975
607
364
965
772
634
483
237
761
827
153
108
725
355
754
267
898
46
779
0
974
194
359
185
234
313
932
389
115
368
704
360
580
112
707
700
922
937
181
550
981
589
697
769
657
126
868
10
230
546
94
897
76
95
403
536
451
591
346
774
939
513
688
352
674
622
981
793
698
37
295
623
395
143
946
537
641
310
765
829
876
519
564
806
6
353
437
935
454
424
847
745
695
986
814
292
205
937
449
495
718
963
841
715
719
177
198
967
247
425
259
167
897
26
12
843
729
636
691
974
0
289
647
449
323
116
962
557
887
230
281
79
713
752
514
324
587
477
23
102
213
766
818
853
80
879
2
294
369
841
664
328
401
189
421
616
678
308
73
430
652
858
989
945
415
505
5
457
9
447
213
831
163
921
513
636
672
686
840
638
629
117
990
245
609
234
401
520
18
180
300
175
625
194
247
417
464
310
369
140
682
282
205
102
158
368
602
202
655
246
407
753
733
879
509
374
744
134
592
194
289
0
655
651
405
689
392
458
69
880
487
418
947
958
194
103
372
889
19
58
344
330
761
386
264
951
349
776
24
960
802
751
152
622
230
548
584
20
604
763
788
860
63
849
600
582
834
22
657
951
191
473
12
33
851
638
213
758
731
763
61
535
498
301
635
446
487
845
482
240
222
400
681
193
929
846
238
542
903
957
398
592
618
297
401
420
203
599
539
668
759
782
448
936
725
267
450
122
457
359
647
655
0
684
776
633
821
390
429
698
560
946
345
349
469
759
551
56
731
566
893
924
954
608
405
14
541
191
869
181
225
449
179
971
434
858
23
542
30
105
455
431
103
623
747
594
428
722
549
639
883
578
840
148
104
169
971
685
696
524
209
354
147
770
889
562
986
281
985
319
202
832
481
975
789
178
888
685
795
316
421
534
571
794
681
409
681
209
965
4
85
161
603
463
2
972
694
884
140
185
449
651
684
0
789
848
585
455
678
110
698
288
651
300
63
750
641
517
930
635
385
185
436
511
272
661
391
997
109
570
567
921
583
829
940
602
379
638
762
234
627
787
535
405
911
930
430
60
608
149
929
510
920
209
763
696
303
535
254
450
974
458
604
776
73
913
132
221
795
92
813
663
553
536
785
860
183
75
315
779
842
775
147
801
76
550
43
630
355
478
169
186
995
407
511
568
371
384
893
234
323
405
776
789
0
