0
605
229
355
499
753
382
291
817
995
326
77
748
432
282
993
356
0
558
153
140
680
825
782
558
355
152
738
418
640
259
158
94
791
310
651
76
333
670
594
308
513
669
930
579
351
376
561
236
399
622
131
490
454
474
180
655
587
894
140
433
342
760
973
619
133
562
817
623
0
943
697
476
724
337
0
171
0
653
0
792
883
625
942
333
164
727
154
0
824
599
591
914
690
391
683
224
434
652
692
605
0
137
296
639
793
674
830
449
907
418
740
188
717
691
994
903
947
0
700
0
578
143
661
333
886
942
0
361
293
663
255
497
443
472
306
992
198
512
278
347
900
768
292
815
895
558
648
914
396
527
561
515
491
689
511
679
818
78
438
507
533
568
226
174
810
177
750
877
0
671
955
165
171
311
851
225
287
866
153
106
960
334
967
619
968
421
133
402
389
772
171
775
605
754
142
532
391
433
714
229
137
0
797
243
365
0
368
716
266
169
252
495
100
170
930
854
953
675
757
0
656
717
543
665
611
676
569
846
198
328
897
902
789
747
153
426
182
0
80
976
155
130
604
611
682
146
529
992
561
307
427
0
496
421
450
839
532
443
576
74
894
328
341
965
273
999
613
93
646
380
999
96
741
604
728
868
201
0
789
130
583
303
74
327
702
261
573
521
768
733
620
807
175
966
974
244
245
573
855
355
296
797
0
927
916
416
467
89
686
233
294
849
540
172
933
745
720
994
218
868
676
971
80
150
533
974
364
531
230
836
688
154
306
934
0
154
355
386
838
205
237
551
384
0
0
821
86
87
805
961
901
487
681
760
288
598
351
651
0
153
120
294
331
721
316
201
905
689
283
852
744
268
596
745
501
866
592
606
515
0
771
0
723
220
0
970
553
241
924
841
583
590
375
675
639
994
313
428
562
499
639
243
927
0
829
330
899
458
0
841
296
389
134
735
888
387
934
190
0
143
608
602
492
334
431
399
258
796
805
234
398
824
727
821
522
150
888
727
176
101
585
250
404
676
472
597
449
226
342
98
458
753
141
505
821
932
700
315
427
820
205
598
489
418
681
299
852
132
592
338
669
935
989
444
97
77
151
132
995
331
93
413
595
702
416
681
167
750
672
946
741
663
143
502
627
247
615
547
218
753
793
365
916
829
0
988
173
764
365
773
360
160
908
739
105
724
987
550
210
277
346
557
765
251
988
858
200
197
0
743
755
288
746
893
642
660
0
397
677
932
302
149
361
436
217
418
796
199
176
970
195
357
203
863
683
631
185
618
250
758
821
912
766
903
151
507
749
492
390
991
736
498
742
367
940
78
323
888
592
120
840
724
964
598
135
446
362
199
888
472
926
581
463
131
80
727
711
133
541
382
674
0
416
330
988
0
72
99
708
288
870
422
497
933
629
428
670
974
715
792
753
965
788
0
812
411
268
173
915
180
532
321
436
546
247
867
78
989
132
104
585
130
0
552
963
420
479
958
101
727
920
677
939
77
984
810
989
958
845
684
0
612
794
550
441
102
565
241
938
72
975
467
682
300
875
228
207
286
305
394
615
438
926
293
896
139
648
524
319
774
79
858
502
347
0
500
668
535
741
291
830
368
467
899
173
72
0
100
781
986
580
224
902
663
633
797
462
681
633
600
0
173
525
899
343
443
801
0
136
125
667
689
354
724
967
572
291
844
999
663
740
975
657
792
799
488
76
74
342
335
556
507
939
0
490
246
0
267
202
204
926
897
333
740
278
608
639
377
711
485
0
106
542
719
552
321
246
927
689
831
884
183
931
0
91
971
132
122
256
0
685
268
664
149
513
374
912
191
813
817
449
716
89
458
764
99
100
0
731
833
407
585
464
238
555
303
859
370
0
571
995
515
260
389
607
461
354
98
539
811
242
267
531
933
957
624
965
157
861
439
506
95
536
756
840
512
802
514
333
332
653
807
696
448
950
375
0
159
517
744
842
517
990
346
139
614
0
698
337
91
0
84
408
222
969
409
0
641
347
188
292
340
694
755
429
159
507
304
737
853
968
897
727
274
818
403
228
418
402
995
907
266
686
0
365
708
781
731
0
195
892
760
0
114
169
483
874
627
613
88
798
340
626
141
972
783
450
826
343
291
705
411
341
996
610
578
612
540
726
993
0
443
786
0
590
729
365
732
377
140
376
429
747
973
991
894
847
412
555
725
633
979
318
489
572
230
852
583
420
249
802
0
808
571
537
693
0
771
999
597
343
655
293
843
915
314
241
275
857
796
723
727
231
818
810
419
282
834
98
326
418
169
233
841
773
288
986
833
195
0
966
97
0
736
683
762
730
528
786
811
783
667
930
785
326
368
333
447
932
150
984
536
0
434
266
729
823
124
552
665
92
450
277
0
112
981
787
404
790
708
934
0
478
687
749
303
283
947
750
74
572
596
326
762
690
679
399
782
397
134
157
802
891
458
566
158
277
975
246
284
681
793
523
90
731
248
475
0
579
527
476
397
774
482
0
216
898
592
728
77
740
252
294
296
360
870
580
407
892
966
0
724
691
765
475
900
523
987
284
206
581
789
162
852
405
685
303
564
852
101
166
567
0
585
696
175
0
845
876
305
715
790
286
658
695
139
745
184
236
912
596
634
720
778
0
450
722
424
543
792
276
252
951
78
993
251
643
590
368
476
809
466
739
814
815
243
903
81
448
110
390
584
358
613
716
616
391
550
753
732
996
883
671
557
707
878
91
157
997
748
188
495
849
389
160
422
224
585
760
97
724
0
444
355
520
870
408
511
816
811
695
992
475
169
178
873
0
921
0
679
418
440
590
221
452
502
244
796
859
0
700
334
838
976
487
799
369
197
363
882
480
536
349
225
811
830
197
652
791
250
73
923
702
548
943
886
484
351
451
467
724
381
946
417
468
152
613
775
124
866
986
93
569
786
568
119
716
519
935
336
0
176
822
772
330
969
641
416
494
432
717
100
540
134
908
497
902
464
0
0
691
444
0
813
617
163
784
351
287
436
588
862
532
744
0
647
198
970
961
830
437
429
598
516
149
144
561
325
556
712
624
423
0
706
129
860
0
0
318
0
768
855
869
0
333
403
253
448
540
524
831
674
290
715
606
412
578
486
884
970
960
817
758
906
734
221
92
415
981
654
913
464
992
421
732
480
613
0
756
801
0
239
551
367
202
868
671
291
560
282
691
170
172
735
739
933
663
238
114
736
765
355
813
0
833
773
658
194
0
718
410
0
553
125
676
404
115
273
653
432
0
287
169
802
543
310
553
485
425
837
147
869
408
194
568
463
637
333
667
922
588
681
498
149
444
72
940
75
999
947
621
417
739
778
176
720
655
339
606
513
0
0
820
333
238
915
196
86
159
506
102
762
597
0
0
840
158
0
369
167
783
755
251
950
374
740
280
770
592
993
994
930
933
888
105
629
633
555
169
683
475
520
617
833
0
643
431
546
622
150
543
930
540
665
962
157
91
0
852
685
260
783
969
658
603
128
393
594
205
106
528
361
469
932
469
690
165
695
167
894
690
457
92
740
208
0
77
754
505
843
242
412
164
444
0
404
181
897
182
440
783
746
596
829
926
279
806
428
184
489
383
818
399
485
365
0
608
367
532
924
811
350
251
435
0
343
346
750
0
356
903
854
745
387
724
428
797
303
483
762
900
870
163
773
643
0
98
169
568
954
463
197
364
839
895
532
794
137
75
803
226
660
954
252
552
132
220
386
686
879
814
467
0
902
652
761
112
970
208
913
491
184
606
0
765
137
247
0
276
0
727
482
902
681
394
0
394
700
130
701
203
595
468
954
541
533
692
385
995
803
394
955
443
946
756
682
885
0
0
720
994
235
600
101
706
782
968
234
75
0
947
953
720
934
987
670
462
859
874
730
523
408
784
658
431
98
0
250
340
0
605
319
599
0
748
513
754
592
72
85
750
719
632
967
657
0
0
112
480
669
0
126
755
834
921
723
532
75
549
391
729
381
458
678
575
738
395
783
880
670
924
914
933
577
186
630
999
440
501
124
635
469
112
685
89
838
216
0
788
598
190
358
934
595
280
681
999
432
833
679
420
698
421
373
617
875
426
572
692
558
0
675
994
190
550
974
681
370
627
528
987
511
351
194
546
169
250
0
407
346
975
144
0
445
0
136
225
349
370
393
341
684
566
702
143
358
0
973
0
297
395
0
474
497
838
277
918
448
444
278
170
272
840
502
954
682
838
930
492
535
557
802
776
870
764
679
383
475
796
0
0
96
746
394
647
922
293
798
904
626
884
879
811
811
542
172
789
624
445
182
904
159
714
146
520
642
811
548
779
153
700
757
218
0
210
715
633
0
613
786
284
816
287
0
622
568
340
407
0
944
261
88
742
407
475
972
605
100
147
948
669
355
666
749
162
827
981
135
304
707
264
79
381
174
661
683
943
733
77
459
692
682
333
94
973
817
589
422
110
582
0
554
409
334
325
381
288
801
398
294
207
566
532
767
0
749
874
677
790
548
0
837
898
190
565
144
995
926
746
423
511
458
361
147
883
987
622
397
702
140
0
0
868
143
277
792
600
571
88
811
206
811
436
718
150
954
0
346
944
0
768
776
641
0
309
306
380
149
890
456
638
124
596
399
889
0
720
274
265
658
532
463
293
962
221
733
153
360
157
470
393
221
330
665
510
341
785
114
906
501
643
293
649
385
712
733
789
204
722
250
820
892
103
79
432
754
517
663
191
524
0
906
695
268
959
860
458
971
999
475
730
598
100
707
913
401
707
409
607
680
578
656
676
608
346
753
0
995
798
783
581
695
588
410
543
463
605
975
261
768
0
142
817
775
120
436
105
862
837
0
93
924
119
463
863
928
740
708
719
254
0
970
975
335
403
567
984
737
299
277
779
0
552
470
650
80
507
520
0
556
342
318
436
815
290
168
138
527
0
877
142
298
397
261
807
490
254
899
701
576
732
652
585
229
215
782
856
804
241
492
915
307
0
803
458
810
0
331
492
825
143
717
971
602
557
965
173
515
340
667
789
992
862
0
930
197
319
144
88
776
142
0
228
732
642
90
764
311
202
73
426
965
875
75
368
491
0
0
253
819
0
361
202
443
965
347
398
209
487
0
154
644
951
956
490
347
637
185
200
985
163
200
643
667
529
394
104
408
361
874
244
448
679
194
647
654
668
236
287
861
425
956
662
459
182
939
147
430
211
170
331
885
145
84
898
0
996
772
968
782
661
543
80
492
765
788
525
260
626
930
162
475
532
553
540
364
599
0
742
641
817
228
0
167
726
297
591
866
818
379
598
858
433
667
306
692
246
492
213
353
768
126
0
118
285
679
813
250
205
672
664
741
262
686
960
380
394
424
811
657
844
286
766
681
679
94
928
0
470
792
901
385
835
948
551
586
350
540
697
969
883
974
458
682
724
0
762
729
218
579
845
0
105
303
356
824
894
396
496
558
333
665
150
334
251
0
899
389
141
785
852
169
744
125
665
839
0
445
407
0
775
732
167
0
495
621
906
269
301
619
991
313
112
120
196
604
299
408
116
712
983
133
201
82
630
829
877
268
639
551
304
958
795
513
420
394
0
542
392
315
505
563
872
130
868
695
666
317
75
614
346
829
885
307
219
334
961
790
322
827
244
117
707
325
803
620
898
0
449
546
948
124
908
306
251
722
857
949
989
355
886
611
533
431
988
812
343
607
972
326
405
178
0
676
962
895
748
0
475
309
120
642
726
495
0
225
712
941
987
650
394
795
823
0
690
110
630
0
73
994
445
565
279
600
741
250
95
99
202
232
293
522
148
335
311
102
546
243
109
732
591
0
560
229
742
363
711
319
512
588
992
148
913
655
168
835
997
206
637
906
783
227
164
681
306
384
0
675
299
167
350
714
134
560
928
863
526
762
740
152
942
676
974
399
858
411
443
461
783
368
685
873
647
404
157
532
513
136
972
306
436
90
297
621
225
0
346
630
748
946
624
498
924
432
958
808
831
419
767
721
805
194
918
722
462
171
691
191
926
496
515
703
538
184
481
918
887
984
950
76
415
920
322
676
829
989
391
749
204
937
431
918
196
672
996
0
0
645
0
972
146
709
631
596
436
889
746
608
947
336
847
0
558
151
223
0
646
548
637
738
0
569
364
258
200
268
801
354
450
333
303
0
198
115
91
794
754
225
605
380
105
764
591
906
712
346
0
901
0
95
994
900
460
585
263
480
566
654
602
706
660
141
498
418
499
241
518
980
678
127
347
384
0
0
71
734
132
288
331
955
709
699
946
285
178
497
902
976
759
211
795
879
720
393
949
710
971
414
162
808
569
170
102
0
981
808
464
0
485
799
385
118
707
287
423
826
855
772
852
418
361
846
531
796
197
173
0
98
826
447
564
921
970
273
0
137
592
349
100
149
862
311
866
269
941
630
901
0
158
640
0
142
160
511
971
83
789
378
482
163
977
964
531
871
896
727
852
313
857
457
957
823
234
520
470
416
217
186
358
776
141
758
192
290
524
585
278
302
962
655
287
595
418
862
981
461
191
439
551
602
855
594
994
959
105
992
910
693
368
946
660
790
803
751
528
563
678
877
473
640
293
198
230
805
0
915
136
539
343
932
852
0
961
653
852
75
72
370
147
890
837
202
818
301
987
748
0
158
0
596
655
396
362
627
965
331
407
702
625
468
948
706
467
244
112
957
345
995
681
742
94
255
664
139
132
579
930
0
386
723
969
417
575
287
555
346
117
905
657
623
413
902
896
867
316
704
161
112
755
0
587
289
905
923
728
722
884
923
945
479
964
907
922
758
689
897
450
717
338
259
663
328
836
234
743
180
125
811
291
150
101
679
830
432
685
803
85
393
948
456
0
73
379
619
650
946
95
640
596
0
0
889
686
358
861
317
332
671
249
554
519
273
778
932
958
734
570
489
771
98
300
0
246
664
355
958
246
574
868
938
676
304
763
581
430
781
633
695
0
530
0
268
853
301
456
483
571
537
948
0
651
698
395
867
959
749
413
848
481
380
842
457
890
0
0
78
434
961
482
158
255
897
688
398
755
532
667
242
705
984
166
418
437
0
260
226
750
341
669
638
93
426
598
991
394
624
994
0
655
0
0
945
876
582
789
511
225
102
732
922
466
690
739
996
108
72
573
775
320
704
396
622
932
764
0
612
450
338
368
891
0
401
917
91
0
676
844
755
348
799
749
164
963
384
427
361
972
525
600
828
0
483
723
780
889
216
265
612
195
564
756
157
941
740
221
156
626
456
758
94
497
902
154
824
288
321
689
267
411
536
567
440
429
287
783
660
719
684
355
124
924
965
858
313
795
498
900
142
396
889
945
0
290
246
417
313
379
429
725
843
988
140
96
664
471
633
635
486
127
693
539
74
813
499
227
594
380
271
760
340
0
740
966
315
800
774
182
357
0
495
963
655
445
771
93
331
924
813
655
651
302
912
644
448
0
711
366
410
132
127
815
181
650
437
252
493
417
186
345
791
443
789
306
727
746
436
354
531
341
0
0
590
598
169
969
954
632
566
666
596
119
875
433
112
823
924
460
160
362
686
876
290
0
724
601
700
975
206
628
0
688
347
336
728
683
770
940
546
724
538
93
144
159
371
527
113
179
859
0
556
82
531
887
812
353
571
125
753
601
97
852
713
965
291
795
115
0
945
246
784
611
179
391
716
698
178
495
946
440
607
748
317
539
427
398
453
223
152
755
310
472
747
934
821
893
546
724
933
996
434
585
221
516
802
658
252
967
702
749
399
463
75
667
120
0
432
585
511
627
358
582
246
724
0
398
328
681
934
379
944
251
764
618
115
949
234
644
234
504
394
604
463
600
127
323
645
144
628
0
383
717
673
809
401
122
577
366
198
705
0
215
653
298
965
854
312
937
716
402
817
710
452
835
166
96
441
752
201
518
416
483
416
74
588
109
662
535
169
131
651
306
153
0
522
642
247
967
957
610
266
696
452
149
543
603
552
657
143
162
889
863
368
306
196
690
958
263
971
965
861
789
417
601
398
0
274
991
562
941
625
236
478
390
289
192
115
525
102
543
914
889
247
915
960
922
925
76
371
650
714
516
210
956
570
514
309
752
441
609
972
427
970
393
115
481
161
134
671
151
296
835
0
721
831
622
368
598
834
254
120
619
394
830
319
290
500
693
129
352
76
992
426
154
150
660
867
572
624
578
729
175
502
144
310
128
132
0
358
827
0
928
491
692
604
110
808
480
83
331
317
511
313
700
328
274
0
364
114
525
759
271
0
795
229
298
371
607
94
763
524
198
335
933
292
564
904
481
768
711
694
194
349
801
0
648
179
844
643
132
789
840
461
423
164
362
116
0
0
315
333
684
974
322
529
429
739
995
374
951
191
107
681
73
642
465
375
295
870
394
333
198
182
355
888
0
78
291
965
612
823
0
244
561
553
393
220
0
0
981
720
740
0
246
299
630
831
566
789
407
332
225
379
975
681
991
364
0
902
547
951
818
638
939
205
170
193
628
0
381
351
0
579
191
944
577
285
89
0
411
640
427
630
685
208
603
770
182
477
854
535
297
796
187
526
963
895
228
223
203
363
0
950
912
796
897
196
315
658
652
136
900
949
932
947
0
136
723
0
744
670
512
0
386
727
397
989
844
157
540
124
845
796
325
485
594
386
112
973
135
274
708
0
492
408
0
419
654
378
702
671
102
429
206
934
562
114
902
0
503
91
192
602
780
607
272
997
500
369
83
606
0
734
919
968
782
360
364
979
684
482
134
226
301
0
0
498
222
846
851
175
86
549
551
813
369
668
294
411
600
267
404
0
998
556
333
542
0
396
674
695
816
141
767
451
948
90
834
881
492
594
278
80
838
176
677
132
999
861
726
552
876
859
556
425
205
686
480
0
304
265
719
253
213
116
73
767
602
482
625
249
732
725
628
379
941
525
547
503
0
364
982
945
388
361
218
224
562
767
555
359
905
868
973
610
687
161
89
494
874
722
242
470
622
310
289
719
496
192
902
368
982
483
757
742
816
597
837
668
150
389
709
917
686
786
594
71
768
958
466
876
124
409
764
294
302
646
413
555
545
308
347
976
205
101
932
104
663
439
993
665
305
0
712
837
106
879
669
297
707
658
254
819
353
712
994
721
706
163
468
554
922
843
0
944
625
759
951
91
364
0
197
790
900
988
285
227
852
176
185
827
723
454
548
718
405
112
241
888
163
996
733
184
973
298
0
202
876
167
865
319
91
0
307
603
850
587
799
845
991
929
488
511
771
163
744
591
761
348
761
358
826
240
852
138
226
617
301
406
265
513
900
155
237
585
302
585
740
506
0
92
715
700
624
147
528
814
0
395
264
532
0
0
768
983
445
805
660
977
948
519
466
988
688
251
236
271
818
192
982
197
0
695
343
287
153
726
509
357
552
838
630
194
185
234
819
610
150
73
217
841
106
418
766
538
776
138
72
0
0
589
760
76
0
351
178
374
0
613
201
300
736
983
832
582
403
749
457
567
0
124
542
281
686
420
88
279
432
684
772
669
768
130
551
250
149
130
975
95
443
450
790
334
423
869
361
467
126
0
79
463
970
361
126
133
565
194
141
964
706
273
690
140
347
764
478
0
638
602
945
790
695
0
118
383
725
470
133
920
946
764
350
333
312
136
757
258
217
520
0
459
341
740
379
86
602
811
939
182
545
910
974
474
180
757
540
286
94
370
701
275
891
771
215
0
220
184
882
880
759
403
482
955
288
332
775
242
849
725
323
930
292
604
384
404
361
0
657
536
786
277
286
838
0
408
469
0
755
474
381
293
975
202
0
201
279
918
498
531
467
778
739
96
336
618
390
795
939
780
388
900
343
118
0
677
152
699
568
804
488
981
223
803
869
0
181
196
971
825
905
604
606
865
643
975
188
812
527
360
780
563
671
424
663
594
759
496
718
623
576
370
779
254
143
169
556
382
736
951
190
407
467
440
293
975
385
89
890
652
112
579
815
611
0
676
436
552
792
756
0
0
658
976
706
194
932
902
834
497
174
962
335
443
118
82
600
722
418
871
244
932
996
664
728
115
289
229
205
607
361
988
287
383
677
0
639
867
630
0
557
968
328
544
541
131
504
786
789
423
77
686
440
279
296
599
490
829
0
176
356
956
714
193
409
960
386
510
0
159
500
977
534
960
570
798
786
133
777
550
534
106
389
944
185
580
768
699
147
885
891
351
895
682
0
472
217
963
799
840
590
112
695
487
129
568
469
652
921
838
661
221
403
965
285
630
741
462
499
896
112
958
108
471
683
949
192
298
170
272
218
285
153
725
152
639
0
169
249
135
78
760
898
522
707
648
430
343
98
450
445
912
311
678
152
361
101
0
115
262
783
497
430
473
688
613
374
930
751
608
336
403
779
0
438
676
454
331
227
318
665
157
651
977
910
277
129
731
0
243
0
376
558
146
821
597
418
420
488
512
729
981
139
799
860
463
690
761
723
277
683
733
567
347
679
829
250
171
241
727
957
734
72
633
770
234
115
371
193
997
224
227
726
470
699
867
169
0
205
302
182
628
369
460
648
725
799
110
786
800
494
878
613
202
812
221
866
138
824
178
434
436
230
130
779
94
793
946
613
445
504
962
537
989
579
455
278
362
103
82
776
250
961
278
892
729
550
746
211
971
670
561
648
529
86
449
796
479
76
802
365
787
745
369
0
637
165
112
532
918
943
153
984
398
813
877
95
691
518
852
345
570
573
635
940
644
525
607
628
500
562
852
509
133
568
630
249
205
0
270
102
623
581
229
795
292
709
736
77
0
270
328
297
426
749
827
999
868
993
309
535
853
477
605
491
0
576
461
647
885
679
889
0
803
822
881
524
189
371
294
243
0
691
514
558
504
692
826
606
279
251
236
914
992
87
226
199
958
74
514
732
404
184
197
0
333
695
970
75
448
733
360
737
209
250
268
99
191
980
313
995
489
775
486
546
234
102
94
0
369
767
176
357
920
804
0
135
302
270
0
877
0
549
318
347
889
709
670
559
332
753
226
176
442
520
869
750
178
159
682
757
103
248
595
271
469
393
717
307
843
682
212
205
548
717
367
304
988
360
826
845
121
619
846
303
104
928
267
903
514
412
399
396
561
805
342
176
101
342
333
377
790
236
363
318
667
167
208
549
444
77
157
299
487
205
639
202
926
678
857
681
771
320
127
724
504
543
763
381
83
555
185
552
946
488
557
78
182
102
877
0
959
978
400
538
868
275
899
422
329
975
0
81
338
296
367
0
0
673
120
241
616
0
260
965
479
136
795
276
436
364
181
824
997
778
306
138
978
275
741
0
568
373
739
997
573
321
0
0
596
215
622
527
307
961
98
970
727
335
332
140
708
912
882
0
922
894
913
391
278
459
470
277
0
672
551
232
496
127
457
742
98
704
693
538
394
914
524
351
606
359
827
838
764
981
968
760
628
623
0
959
0
865
302
674
719
128
903
466
842
0
621
128
0
0
112
90
967
85
235
370
656
227
509
283
973
533
429
441
773
337
329
994
988
763
853
799
515
396
555
758
717
162
447
0
966
732
190
709
694
431
131
561
427
901
458
195
920
556
653
376
934
596
480
768
588
690
491
729
170
692
393
779
154
664
304
293
515
347
957
94
300
396
539
93
604
889
198
0
0
905
723
630
350
223
328
898
369
581
549
978
865
0
942
354
815
997
913
0
703
502
262
878
633
291
599
398
532
570
867
626
377
259
0
332
307
0
155
272
830
488
605
0
453
0
468
647
398
730
0
512
0
230
181
397
118
495
494
127
769
791
490
515
0
487
753
357
677
507
807
429
0
634
536
855
681
457
184
381
272
682
221
0
644
741
958
522
703
384
823
255
0
622
74
144
463
247
335
579
734
868
454
194
333
803
544
522
460
229
318
400
302
942
0
473
679
233
398
988
786
323
273
966
187
630
888
443
580
764
669
722
639
313
736
0
815
431
390
692
413
0
0
714
809
0
177
605
867
443
906
591
140
423
407
905
940
219
391
668
640
614
454
491
496
681
141
203
939
939
696
747
478
720
349
869
498
92
606
458
840
333
330
552
951
262
795
148
538
0
234
664
246
932
813
159
600
915
933
191
919
973
548
185
312
869
541
707
648
795
347
538
674
354
473
0
155
75
169
796
798
746
408
444
467
789
556
654
742
0
237
621
610
524
0
141
719
477
83
619
101
481
145
329
568
918
700
996
264
346
411
188
487
379
344
626
489
697
796
120
783
852
474
689
421
760
505
863
77
0
448
973
687
778
225
0
149
740
0
678
502
94
665
470
956
686
513
335
184
0
520
139
664
764
499
371
127
960
292
944
968
610
718
234
136
0
131
648
725
292
889
868
719
815
679
155
0
529
259
243
730
918
304
571
305
978
516
100
841
830
939
591
928
147
0
552
361
950
589
427
0
205
895
981
293
852
977
800
477
777
170
484
786
922
153
323
899
926
462
968
639
0
180
511
450
288
821
683
984
490
950
991
749
0
811
333
444
208
765
575
954
973
510
650
490
960
420
311
481
71
470
132
355
0
227
527
323
922
564
577
782
687
405
819
757
181
504
430
799
709
709
275
128
997
233
75
529
0
177
272
640
444
552
482
965
349
452
189
677
557
548
660
0
854
74
486
802
678
708
360
828
664
0
80
602
678
344
434
420
140
0
161
691
433
284
201
142
0
610
580
846
436
655
679
839
598
932
631
810
246
375
894
303
450
830
403
72
0
137
738
682
817
341
80
347
380
394
102
918
734
416
579
958
612
594
113
645
925
904
285
360
161
112
610
258
196
786
343
110
736
670
899
903
913
398
169
259
177
0
0
971
77
508
754
105
763
910
502
598
629
167
615
435
839
857
721
175
325
107
767
504
852
412
486
336
865
228
487
244
97
510
948
632
263
171
862
848
196
493
0
792
0
587
818
532
351
700
185
989
0
0
847
283
722
197
253
940
77
247
395
838
589
785
507
637
394
0
546
887
132
217
930
246
450
380
179
144
76
481
89
364
89
241
150
217
971
789
98
786
77
559
422
466
0
988
796
243
272
0
0
955
431
427
226
473
285
502
925
653
96
865
324
250
273
207
579
988
136
570
353
922
0
242
138
719
267
338
806
271
536
604
781
526
632
719
613
766
206
590
446
300
774
894
78
443
651
315
618
958
267
159
412
947
424
652
448
75
754
0
783
930
422
114
520
185
424
542
243
984
288
186
0
574
338
271
859
628
371
768
0
979
494
888
73
520
825
423
450
800
0
332
329
842
703
786
798
730
640
971
955
0
274
417
163
0
449
804
796
308
960
777
330
136
826
0
609
202
0
582
827
73
671
857
121
739
579
993
321
870
727
0
755
492
0
843
482
370
659
663
547
685
465
140
438
576
0
427
250
845
202
517
555
750
543
791
540
999
505
276
880
492
110
906
0
200
811
392
109
950
331
358
386
868
368
760
0
0
650
711
411
684
874
163
217
0
905
77
445
494
270
753
975
0
502
323
746
918
444
77
431
274
0
320
148
530
861
581
728
228
438
412
715
677
718
542
995
235
425
122
153
854
172
503
844
589
102
634
774
567
647
745
213
99
0
202
118
237
855
280
963
453
963
433
507
74
153
820
758
684
204
744
725
74
792
250
524
947
843
0
670
535
582
501
556
985
657
315
732
76
955
776
723
938
891
340
556
383
714
694
640
482
722
996
841
459
604
686
912
878
328
226
0
621
262
273
408
304
552
508
427
417
320
0
550
207
707
165
972
227
414
534
101
579
253
830
212
253
474
0
400
790
910
803
779
83
0
709
351
968
615
991
0
235
429
0
468
145
239
820
589
122
799
342
533
894
120
205
821
0
926
842
633
572
276
73
831
621
242
727
924
557
0
643
342
163
844
505
591
415
709
141
969
676
0
0
82
717
516
194
427
134
242
733
106
341
606
440
311
613
297
176
81
128
878
966
444
571
482
754
226
163
148
550
0
823
241
154
767
755
730
123
949
623
507
780
214
569
259
0
462
210
779
693
648
444
0
956
851
615
971
781
626
448
218
141
877
550
421
672
981
984
702
760
568
328
294
598
912
612
897
517
979
596
252
923
674
417
412
482
914
802
554
293
318
200
286
563
0
920
699
758
417
304
401
740
531
673
210
349
630
226
470
184
418
740
865
279
678
202
426
442
338
0
633
187
467
305
965
105
473
0
530
207
823
0
869
432
706
749
936
522
392
654
201
507
0
518
536
144
857
820
875
0
229
786
824
907
951
353
907
819
190
500
438
975
93
888
466
473
878
602
318
973
226
341
331
489
766
794
333
990
318
326
951
702
290
739
164
902
933
776
409
649
436
643
766
872
560
322
946
192
575
763
917
966
887
809
956
801
685
301
622
973
766
379
643
296
152
812
749
520
296
0
291
630
789
978
349
763
285
449
861
707
241
869
0
551
332
0
261
634
234
0
342
996
346
131
391
926
975
436
654
855
996
300
942
483
890
96
426
0
728
276
220
581
555
883
771
364
749
676
681
619
174
965
721
418
903
550
740
346
489
762
78
548
715
778
444
681
577
870
334
385
815
667
681
130
229
676
285
290
287
581
91
315
812
401
570
0
208
0
310
298
538
86
975
599
361
221
827
869
367
112
599
888
556
516
452
910
502
804
581
165
154
432
551
0
519
331
0
206
935
883
260
542
809
0
689
694
852
158
907
783
486
913
895
536
218
0
888
704
842
728
251
0
466
621
538
402
208
384
583
133
810
273
316
681
151
441
278
139
572
690
993
943
606
176
0
394
186
764
325
712
290
529
679
868
742
829
178
524
555
430
0
800
353
122
514
648
603
0
289
0
776
602
188
490
101
866
999
750
0
90
398
443
654
100
189
502
925
796
728
972
767
706
332
519
0
850
256
148
645
838
508
565
446
419
232
555
385
454
439
83
972
912
680
878
808
677
731
228
375
98
693
196
407
280
817
762
301
562
573
562
177
999
201
299
507
102
608
614
230
679
251
886
412
720
404
0
630
679
381
733
168
394
94
695
363
989
497
585
346
781
676
774
571
577
309
179
770
498
719
202
138
811
812
829
0
138
868
178
0
967
532
580
742
841
677
598
653
308
228
227
755
749
0
331
850
0
725
417
830
0
117
715
160
827
429
202
847
435
389
320
639
539
514
905
71
532
941
271
426
148
855
849
143
594
371
863
310
472
0
817
750
613
905
852
749
565
639
0
852
399
643
484
578
655
181
394
999
383
288
789
138
104
928
666
711
391
902
278
117
633
844
182
125
366
752
844
182
222
496
876
72
939
527
0
115
824
993
159
673
85
570
764
0
830
557
629
96
960
438
414
730
936
261
0
256
725
0
287
759
615
0
865
702
804
981
807
623
613
191
268
930
743
861
456
835
278
307
620
0
891
210
632
943
250
525
974
640
124
0
623
877
93
689
132
492
241
377
698
583
782
590
351
486
339
897
700
440
475
801
204
527
408
0
317
319
749
976
302
905
695
755
357
753
198
441
643
477
846
192
167
0
182
360
176
262
178
309
682
120
235
867
669
237
939
548
167
865
777
412
534
123
522
634
206
148
417
287
0
84
488
760
243
349
0
904
211
571
612
518
385
306
663
245
0
306
645
0
99
751
993
620
538
82
326
706
731
959
335
439
0
0
646
283
592
390
938
711
337
420
397
368
451
884
606
182
130
501
796
398
722
0
361
470
75
512
204
759
962
657
0
348
0
601
705
609
132
854
851
902
865
0
545
780
356
783
434
535
757
241
370
626
722
621
591
660
615
324
330
715
101
949
392
234
935
645
830
759
84
0
918
592
265
552
650
671
398
851
631
524
510
422
0
357
814
238
0
479
341
759
787
776
978
344
938
438
525
481
974
245
943
671
380
852
338
991
72
485
91
249
134
476
467
970
513
440
701
124
0
294
250
877
874
792
614
588
937
211
655
623
530
799
495
97
0
972
789
535
175
368
319
589
910
563
956
497
436
853
103
616
656
377
639
610
928
0
435
250
136
677
579
623
654
0
883
838
0
615
488
918
0
179
557
179
438
505
351
786
183
722
639
915
123
655
442
967
556
395
735
897
951
625
269
470
538
996
103
951
307
302
697
955
999
744
669
736
975
0
0
802
157
809
724
960
0
783
203
635
0
207
820
142
244
901
346
992
431
795
287
413
0
749
963
852
215
427
840
297
86
982
91
760
974
671
714
430
230
477
248
0
227
259
313
524
147
854
839
273
826
718
253
507
201
342
260
508
117
0
760
592
179
0
590
542
985
238
891
0
640
378
296
646
250
590
566
712
868
443
814
651
271
539
111
158
241
588
466
323
159
873
476
165
96
268
935
498
467
106
84
0
802
466
381
817
0
746
595
469
96
566
892
298
448
385
829
148
918
879
595
902
268
164
655
713
653
970
461
796
549
483
0
76
474
424
193
473
130
605
595
260
509
0
736
0
0
74
857
207
0
542
830
780
507
996
542
565
715
865
243
265
557
590
0
352
681
725
771
0
0
101
444
119
924
985
946
496
677
633
185
314
748
553
564
735
989
640
284
536
633
427
724
171
741
596
989
742
682
542
408
808
891
739
946
758
820
596
468
112
746
532
103
397
679
835
885
913
196
720
418
896
853
963
445
965
298
393
423
187
551
757
307
0
180
663
409
688
779
491
271
965
283
332
0
141
552
486
721
579
609
995
212
214
0
346
809
446
160
702
349
552
179
542
352
0
0
531
342
747
500
143
101
668
424
127
429
252
785
749
759
623
596
294
803
322
338
735
229
870
387
812
337
311
604
745
444
367
300
719
222
571
458
814
417
906
333
829
954
685
394
767
79
261
194
948
307
655
672
393
862
867
301
384
771
291
965
115
164
526
813
742
603
351
757
594
960
613
94
0
469
479
973
307
815
719
361
802
175
988
202
235
253
569
518
131
0
419
827
804
0
650
438
985
681
0
0
252
861
521
307
501
125
493
706
526
450
962
743
386
185
123
78
798
514
492
503
711
137
953
661
961
0
851
728
501
97
940
875
552
969
537
566
815
468
734
238
926
541
89
647
0
432
807
647
551
219
168
996
949
981
316
456
427
93
795
854
481
362
963
369
816
850
178
540
759
386
374
793
576
393
136
533
0
431
477
950
678
325
136
0
425
474
259
536
391
689
232
429
981
904
671
505
238
725
531
252
0
534
294
718
227
332
931
762
70
659
552
620
602
419
372
613
153
305
0
315
458
578
0
161
703
171
225
868
866
77
78
228
321
409
693
158
243
152
221
915
279
533
838
922
749
754
490
654
586
334
835
0
710
461
704
483
361
331
115
312
161
116
895
668
597
587
374
286
496
510
930
946
461
717
795
429
155
390
83
589
708
107
570
582
122
0
0
144
926
694
555
202
807
211
398
351
891
771
342
861
534
0
278
454
381
95
322
873
602
684
244
260
447
155
559
419
175
740
429
997
911
851
106
931
500
0
287
201
592
151
323
207
246
0
0
277
903
613
92
196
806
692
216
293
874
517
254
668
350
961
997
0
971
191
161
571
972
924
0
937
134
0
228
294
837
799
0
94
718
0
751
613
647
307
276
441
272
692
619
427
360
767
353
827
153
400
462
857
975
852
385
847
623
571
851
786
0
0
747
521
294
278
0
874
965
200
299
581
526
839
850
904
371
715
572
534
143
562
624
456
660
313
320
83
461
653
866
0
606
132
888
286
927
641
771
975
81
775
415
86
428
385
0
798
677
663
899
236
540
790
206
645
414
439
112
537
525
813
945
716
671
0
223
411
668
845
613
370
623
159
608
445
885
843
436
773
830
413
101
0
828
504
922
73
854
790
210
820
436
158
454
435
613
612
631
183
640
0
500
307
718
454
874
0
558
764
575
733
121
90
628
543
889
845
254
973
853
469
481
486
210
858
174
865
194
0
153
789
515
995
592
305
689
347
999
246
448
124
981
159
184
995
788
904
790
191
701
287
697
322
637
0
162
551
755
948
600
655
246
402
151
315
203
600
150
991
201
701
576
500
336
504
679
682
364
337
488
0
481
205
664
852
0
671
172
910
779
875
654
907
439
389
191
518
524
722
378
101
143
501
227
381
965
558
0
522
355
327
475
840
733
70
153
314
488
723
965
893
831
216
105
698
152
705
0
792
106
130
0
331
120
394
831
188
597
284
110
866
654
506
489
803
598
626
548
524
576
861
969
827
906
972
808
602
0
0
828
651
784
817
296
333
363
267
389
929
300
275
370
977
403
962
889
212
181
329
605
0
145
895
0
412
242
857
503
803
693
0
855
783
83
320
268
385
510
639
296
444
101
125
332
95
200
764
522
0
496
505
553
417
713
0
775
598
896
827
889
106
291
481
194
661
144
457
184
883
960
583
771
93
840
615
884
292
343
681
390
986
913
102
383
394
190
884
0
0
732
425
883
244
783
146
569
855
587
651
0
302
611
710
835
684
0
404
709
488
736
891
779
534
779
537
0
205
824
994
0
714
329
981
80
486
138
121
844
779
648
229
996
486
972
639
930
306
422
915
646
119
668
493
931
322
299
575
355
496
0
568
288
719
208
983
249
739
147
333
866
938
823
0
89
751
785
725
108
625
334
303
0
413
724
438
183
340
655
793
584
93
464
762
818
955
358
879
837
906
652
956
974
117
227
709
170
594
289
698
483
912
179
452
0
974
950
0
917
511
983
771
254
960
0
989
803
548
997
988
453
809
568
293
602
336
719
739
589
83
444
786
300
913
912
539
743
663
0
123
250
924
424
706
762
873
581
733
327
505
568
0
392
186
137
487
481
950
621
192
959
491
114
906
82
698
207
843
0
942
967
74
723
595
964
926
931
694
293
523
358
569
992
597
399
443
934
811
898
695
585
662
458
707
164
631
102
994
905
395
723
644
391
835
721
322
912
998
686
771
832
215
143
570
438
579
822
717
778
763
0
0
918
852
678
865
267
579
102
0
0
824
942
895
680
514
861
245
357
655
590
985
127
526
70
602
526
121
475
553
288
392
0
216
0
594
313
197
159
651
871
673
200
305
95
775
817
573
838
333
619
327
220
702
598
293
0
755
843
90
613
786
421
0
485
946
595
811
190
268
229
459
682
325
681
596
0
959
923
867
780
448
716
166
831
529
796
556
786
163
582
0
169
798
676
455
881
367
306
853
468
177
700
977
344
228
338
993
634
709
956
907
483
536
878
905
456
0
814
442
566
946
429
450
659
684
839
90
840
417
719
186
216
0
902
555
119
883
864
821
917
446
987
328
622
467
329
384
574
164
968
702
0
416
135
896
91
429
915
731
716
568
732
0
365
756
280
542
565
959
215
182
724
803
306
436
981
105
728
959
889
0
698
96
622
429
897
333
594
744
403
220
556
786
454
278
524
304
138
799
647
605
996
800
434
487
806
321
774
351
851
951
890
218
808
71
835
306
238
967
712
496
252
962
552
244
850
628
733
713
208
137
0
902
0
513
426
815
182
662
522
436
436
430
289
563
493
478
244
727
421
261
970
681
446
139
971
159
314
248
616
119
480
840
0
682
681
172
144
860
782
939
0
620
384
889
808
992
722
749
216
711
178
441
368
739
196
542
71
591
749
184
382
133
331
362
189
988
978
515
398
867
264
477
420
244
271
870
567
968
615
353
96
0
677
532
278
645
0
556
868
677
785
743
620
260
904
543
70
0
983
487
594
555
513
0
545
352
352
430
986
302
608
449
152
976
485
290
600
154
133
573
553
167
362
648
132
507
241
475
391
716
613
158
608
885
999
789
995
458
856
147
762
898
0
746
464
910
884
413
265
366
495
752
598
995
315
0
768
761
457
882
736
777
227
103
371
360
275
396
730
443
346
777
140
97
536
727
647
615
971
907
426
888
731
941
307
0
479
395
443
633
749
386
602
447
371
889
153
775
249
481
313
119
426
545
0
586
995
893
788
280
315
0
259
408
844
391
531
0
402
521
241
750
199
524
122
304
275
0
550
519
0
0
367
0
432
624
926
971
804
430
729
0
675
608
0
693
923
848
612
410
946
201
834
374
658
396
958
348
567
880
951
550
318
82
294
826
741
555
0
906
411
170
0
510
604
0
745
991
781
819
0
704
228
271
620
99
341
735
814
185
759
185
419
155
715
845
314
598
739
950
197
883
815
352
586
0
458
777
457
72
677
590
636
930
482
825
463
824
389
768
924
672
888
319
256
737
857
579
753
935
756
369
532
0
833
445
746
999
241
211
218
449
299
947
485
368
945
481
195
132
440
518
254
951
652
674
466
761
0
759
190
534
665
776
243
845
0
758
512
591
188
484
161
948
781
755
213
0
626
190
728
842
375
426
0
751
759
897
651
314
623
123
372
559
572
254
488
896
147
621
159
864
182
352
995
458
0
152
540
440
650
676
993
0
737
500
116
599
772
733
841
946
472
774
0
853
796
527
732
336
801
167
924
720
679
182
423
475
492
170
579
546
167
336
799
946
479
380
564
127
607
416
120
191
136
695
876
358
124
403
407
106
157
250
0
121
568
717
0
140
487
786
691
632
526
492
99
235
448
500
276
728
98
148
891
993
787
951
271
748
596
78
613
419
534
973
723
827
333
192
651
821
662
430
893
777
152
0
378
420
432
613
916
615
0
633
790
591
171
620
583
741
926
79
685
968
723
476
996
0
0
783
811
994
420
904
511
730
915
331
845
948
350
847
385
660
964
842
756
815
748
483
619
107
900
816
124
826
542
482
467
389
651
961
691
619
373
162
230
423
379
922
433
263
632
0
0
429
218
438
220
251
693
855
210
620
776
625
539
553
294
798
153
175
143
853
965
889
866
959
871
917
522
986
788
457
540
378
0
450
796
861
405
429
0
634
154
914
775
807
590
663
581
858
268
897
727
397
883
176
239
755
350
235
698
159
458
598
307
885
0
124
714
0
118
790
907
457
157
181
317
416
394
681
949
141
409
240
281
955
440
944
977
278
514
846
739
447
181
407
344
153
284
171
719
843
202
0
141
975
581
0
196
849
632
538
978
269
111
564
803
514
305
740
562
469
893
106
938
491
673
446
436
302
280
72
440
420
450
0
305
377
0
574
715
258
97
690
605
175
375
143
463
502
664
727
231
774
671
822
551
251
251
600
421
714
361
100
0
145
105
908
134
558
707
803
922
890
941
650
539
74
830
73
932
767
764
852
686
288
293
185
910
892
558
303
997
0
397
905
626
323
201
862
613
482
118
468
877
93
555
466
407
143
943
82
344
470
158
735
322
492
0
429
624
481
831
291
823
114
200
987
436
608
315
677
650
432
796
305
0
835
852
934
90
787
282
391
754
966
675
502
131
347
149
274
818
482
557
772
367
950
435
101
373
146
147
707
803
84
303
306
560
151
287
751
758
0
740
437
427
588
319
642
947
451
294
138
420
332
975
580
277
729
504
104
573
966
118
940
489
899
142
848
766
370
237
145
550
888
883
621
280
594
250
326
938
538
241
989
338
503
315
997
456
486
216
481
0
906
305
328
430
449
0
590
676
613
861
377
835
0
775
148
936
746
784
683
142
974
639
627
80
0
513
818
810
0
707
330
202
374
0
706
617
520
883
913
458
898
356
251
928
223
423
528
689
0
221
252
398
109
290
465
0
948
302
226
88
775
385
768
129
550
692
928
321
732
495
219
697
926
0
196
206
659
855
239
421
466
771
538
817
371
525
706
438
996
588
640
735
711
458
911
660
210
105
194
89
82
95
622
289
152
259
636
993
916
405
0
852
775
0
745
483
0
220
224
532
244
994
247
727
500
374
403
419
216
878
969
868
740
343
782
875
642
987
401
810
0
824
722
863
0
826
563
897
78
156
493
453
662
500
375
136
90
646
617
279
242
89
699
731
746
826
267
0
190
494
391
796
462
610
493
590
663
280
820
672
473
364
402
762
863
974
731
525
103
466
284
229
137
578
851
313
858
698
661
751
698
775
467
563
976
408
930
0
615
429
574
934
148
745
0
785
198
911
434
391
245
313
615
711
668
912
228
282
898
91
641
671
280
346
968
426
811
622
707
0
996
894
857
526
646
855
678
450
434
626
417
223
535
693
295
723
834
413
301
432
849
890
147
0
211
606
903
0
709
127
668
120
968
580
0
446
547
963
589
981
878
749
208
301
310
640
959
481
951
323
536
870
953
0
106
320
174
152
144
785
207
817
329
493
485
844
482
737
0
0
715
90
936
483
785
0
957
643
652
433
573
428
547
133
535
191
418
834
592
157
416
291
770
750
234
572
548
397
409
331
772
396
949
762
548
772
877
717
961
456
186
152
169
129
870
0
881
555
406
684
725
652
885
243
971
279
514
596
694
769
640
783
639
846
792
300
685
453
122
984
602
676
384
562
472
124
335
974
307
159
633
387
661
161
931
83
865
705
457
725
843
573
384
478
290
391
825
500
633
634
258
787
746
0
198
957
0
994
692
714
855
562
218
541
741
813
402
98
728
997
494
560
592
0
75
692
779
702
607
492
968
496
989
740
637
852
473
338
482
758
345
755
131
352
394
744
492
545
265
772
323
112
891
0
670
251
412
215
431
791
614
852
0
436
0
774
465
963
799
702
318
681
583
573
0
0
439
245
302
873
427
812
961
703
500
461
194
0
184
108
0
838
574
244
600
531
463
116
790
154
97
282
784
220
911
643
994
0
