0
0
929
0
0
0
851
0
46
951
983
955
0
0
836
961
0
972
856
954
16
0
0
0
92
866
0
0
67
987
0
0
0
0
0
0
0
0
841
0
71
863
0
0
40
0
850
833
4
0
0
962
4
930
0
0
39
0
0
828
0
0
0
948
0
0
0
0
0
0
827
0
0
0
0
0
0
990
927
0
0
848
0
0
38
0
0
0
0
907
993
0
61
0
0
0
0
808
0
0
0
0
0
820
0
0
0
0
0
36
0
0
0
35
0
0
0
0
0
0
0
0
0
996
886
0
801
0
0
0
911
937
0
0
0
0
0
0
890
826
0
65
0
0
0
6
0
951
906
0
0
0
0
0
0
866
0
0
0
0
868
0
813
0
890
0
0
949
0
0
0
0
0
0
0
836
0
0
865
835
913
0
0
935
0
42
0
0
0
0
820
0
0
0
831
0
0
0
813
0
929
0
0
915
0
987
46
921
0
937
0
810
858
974
0
984
997
865
0
0
0
0
0
0
914
0
0
862
0
807
83
0
967
0
0
978
0
0
0
954
900
0
28
869
0
975
0
943
0
0
0
852
0
0
22
0
0
0
43
0
0
946
0
998
0
0
0
998
814
0
0
0
0
0
34
940
835
872
0
0
860
0
0
980
911
0
14
871
879
0
0
907
0
0
76
821
930
0
92
814
0
820
915
0
0
0
0
0
0
805
888
0
0
827
0
0
0
0
0
0
0
830
0
0
802
904
0
0
894
859
999
0
0
0
0
0
0
0
0
0
0
813
863
79
0
963
981
2
0
881
0
0
0
926
0
0
0
0
838
0
0
0
857
0
934
970
0
33
0
0
815
54
0
0
876
0
0
0
0
0
0
0
0
0
0
0
0
0
830
0
0
0
939
893
924
0
0
891
0
0
0
0
0
0
0
0
0
0
0
903
0
0
0
0
0
902
0
994
935
947
48
917
0
0
0
0
0
0
0
0
0
835
0
0
0
0
0
0
0
893
0
0
0
0
57
816
0
0
0
0
0
0
90
0
819
0
0
0
0
0
0
0
919
0
0
904
0
0
0
0
820
0
0
910
839
0
0
855
0
0
0
0
832
0
19
0
965
949
0
944
0
0
0
819
959
0
53
915
0
0
0
0
987
0
0
0
880
0
0
0
997
878
0
22
0
998
815
16
0
0
834
0
0
0
0
67
0
848
0
0
0
0
0
0
999
890
0
0
0
901
0
0
833
937
962
68
872
874
969
36
0
845
0
59
0
0
0
74
0
0
950
64
857
802
0
0
931
0
0
0
0
966
0
0
889
0
0
0
0
0
907
0
942
0
997
0
976
0
933
36
0
0
0
96
0
0
838
78
0
913
851
0
46
0
0
880
0
0
0
0
0
909
0
826
0
0
922
951
12
0
0
0
98
819
0
874
2
0
0
0
34
0
0
904
0
930
0
0
0
949
0
0
0
912
0
0
90
887
0
0
0
895
860
0
0
0
827
0
0
0
0
0
0
981
966
0
83
0
0
0
0
0
995
852
71
935
0
0
40
0
0
0
27
0
0
956
45
0
0
0
0
0
0
0
60
956
964
0
0
0
0
0
921
0
0
0
0
0
938
0
0
73
972
822
895
0
0
0
0
0
0
938
0
0
982
0
0
0
0
0
0
17
837
0
848
0
840
0
0
73
0
0
815
0
993
0
0
83
0
0
0
29
821
803
943
0
968
0
908
0
0
910
0
0
996
0
880
0
0
926
0
0
833
866
0
40
832
0
0
0
0
970
885
0
976
0
0
0
0
0
971
0
0
0
803
84
910
989
0
0
46
0
0
0
0
0
0
938
0
959
0
0
0
975
887
0
57
930
0
0
0
979
0
0
20
0
0
815
0
872
0
809
80
0
0
0
0
986
0
0
0
889
0
892
0
862
0
0
0
0
0
0
0
894
0
0
0
884
0
956
0
0
829
0
0
867
0
0
0
957
0
0
0
0
0
898
0
830
0
0
0
841
0
886
0
907
0
813
33
0
921
919
91
0
0
0
0
808
902
0
951
36
937
805
903
0
0
0
959
0
0
0
956
42
0
0
0
0
900
0
834
0
0
0
807
0
934
0
0
97
0
0
977
35
0
999
0
24
0
836
0
15
811
929
0
14
849
987
876
0
0
966
0
0
855
0
0
0
0
0
0
0
0
0
0
0
0
975
0
89
896
0
0
0
0
948
0
27
940
963
0
0
913
0
0
27
0
844
853
0
0
0
0
0
954
930
851
0
878
896
983
0
0
888
0
997
0
0
0
0
0
907
0
820
0
892
812
956
0
0
0
993
37
932
0
0
0
0
984
838
25
0
0
909
0
0
906
0
35
0
0
965
0
0
888
0
0
899
0
0
0
0
835
0
0
839
0
0
7
859
0
0
28
935
951
921
0
875
0
0
0
818
0
913
0
0
868
0
0
0
0
0
0
0
0
949
0
0
0
0
0
0
965
981
0
966
0
933
0
0
955
0
810
0
0
878
909
73
0
0
907
0
881
869
0
0
832
0
0
0
0
840
0
0
973
857
852
0
0
846
0
0
0
0
0
96
0
0
957
0
0
0
0
0
999
0
871
2
0
0
0
0
0
0
0
75
0
0
0
0
0
0
829
51
0
0
930
79
0
943
905
75
954
878
0
0
925
0
858
0
0
0
899
0
0
0
878
0
0
0
0
73
0
897
0
34
907
0
836
0
0
0
858
0
0
0
0
972
0
956
0
881
0
0
860
0
2
0
0
0
0
0
0
0
0
0
0
0
0
0
0
0
0
0
940
846
83
0
0
807
0
916
0
0
0
0
0
852
0
891
0
0
92
833
823
802
7
0
0
0
0
870
0
0
42
0
998
0
0
0
846
956
73
904
933
0
75
816
0
0
0
0
0
916
0
964
858
0
0
0
0
0
3
941
820
830
16
0
0
0
0
35
974
827
0
22
826
822
975
42
820
869
0
0
0
0
975
0
824
0
0
0
0
0
897
68
905
890
0
69
0
0
0
37
0
851
979
90
0
0
0
0
0
902
892
0
863
941
0
0
0
896
0
0
860
0
0
0
0
813
887
41
0
0
834
0
807
996
859
0
0
956
996
54
0
931
0
83
0
929
0
0
0
0
0
6
851
0
0
0
0
850
876
37
0
0
909
14
982
0
836
0
0
0
0
0
0
895
887
0
0
0
860
0
0
0
876
0
0
0
802
0
0
914
858
812
0
0
0
0
0
972
0
855
51
0
974
932
0
0
999
0
0
968
0
0
34
0
0
0
0
0
850
0
0
0
894
0
0
0
0
969
0
0
0
912
0
815
0
847
0
0
847
847
0
0
0
936
94
825
865
0
0
0
0
926
0
0
940
0
0
936
0
0
0
886
828
0
0
0
961
0
984
0
902
998
0
0
0
0
892
0
0
0
0
0
896
899
0
16
883
0
0
0
0
0
812
0
809
0
850
0
0
0
899
0
904
971
970
57
829
828
0
0
993
847
0
0
996
902
958
0
830
0
0
0
0
0
0
0
0
0
0
0
895
983
0
0
868
0
988
0
0
811
0
0
935
0
0
0
905
0
0
0
0
0
0
0
951
0
856
0
0
894
0
0
0
0
909
0
0
0
997
0
0
815
922
0
57
0
812
832
2
975
876
896
0
0
0
0
41
885
0
955
0
0
0
872
43
0
0
0
0
903
954
0
0
0
874
0
71
996
814
836
0
0
998
0
76
920
0
0
0
0
928
0
0
959
0
0
0
952
0
971
0
991
0
818
0
966
0
0
0
903
0
0
0
0
0
867
0
0
0
0
0
817
0
971
39
0
920
0
0
0
946
996
28
0
0
0
972
0
865
0
994
16
951
0
930
0
956
0
0
0
0
899
0
0
998
0
910
0
0
831
810
80
0
0
846
0
0
0
898
0
0
0
870
0
0
0
984
26
983
0
815
64
822
0
995
0
0
0
841
0
0
881
956
0
932
0
0
38
992
818
0
0
0
0
0
71
836
0
0
0
0
0
911
0
812
972
851
0
910
817
884
0
883
935
919
0
935
959
916
0
847
0
814
84
0
812
856
0
0
0
935
0
12
0
0
900
0
0
0
824
0
0
0
998
0
864
0
0
52
0
866
855
0
0
0
0
0
919
0
897
0
0
0
0
0
0
834
0
0
901
855
944
62
811
928
973
0
0
0
956
0
0
803
933
16
829
993
947
79
0
0
0
0
867
831
924
0
950
0
0
0
0
835
978
0
0
0
0
99
968
0
862
45
0
976
0
0
0
0
0
0
0
0
0
57
0
954
0
0
0
947
0
0
0
0
0
0
0
0
0
0
16
0
0
864
0
930
945
0
0
0
0
871
0
952
0
0
0
0
0
817
29
884
0
0
0
0
885
0
90
963
867
946
39
0
0
902
8
0
998
0
6
901
931
897
0
803
0
0
62
844
0
891
0
941
0
0
97
0
814
904
0
987
0
866
0
0
0
927
0
0
988
916
0
0
0
0
0
850
0
874
0
0
0
921
75
16
0
0
0
48
834
0
0
0
834
0
0
0
0
802
883
41
910
0
930
0
0
0
0
41
949
0
0
0
0
0
0
0
945
0
998
87
814
0
0
4
0
979
0
0
0
0
0
100
0
0
0
0
0
0
0
0
915
0
0
0
866
0
0
0
0
974
0
10
0
0
871
88
972
0
980
72
802
0
813
0
0
0
988
85
0
0
824
0
902
0
950
13
0
821
868
0
0
0
0
0
0
0
830
917
0
0
938
979
0
993
840
0
0
0
0
885
0
0
945
0
0
894
818
914
100
0
0
0
0
0
0
0
0
861
0
836
93
0
915
899
0
0
804
832
77
0
953
912
70
0
0
990
0
960
0
890
0
0
0
0
0
984
988
0
94
885
0
0
0
843
849
0
0
0
0
0
0
972
877
0
0
901
0
0
0
0
0
944
0
0
980
0
0
0
911
0
38
805
871
0
0
0
0
0
0
98
0
0
0
37
0
0
0
0
0
0
0
52
0
0
894
0
0
0
0
89
971
0
962
100
929
0
875
91
922
877
0
0
0
805
0
35
0
0
0
0
0
876
0
4
0
871
919
0
833
984
0
0
0
0
0
0
0
0
948
0
885
885
926
44
0
893
970
0
872
0
0
0
0
900
0
0
0
847
882
0
0
952
0
0
936
0
936
26
926
980
854
0
0
0
996
0
0
0
0
819
0
0
0
932
0
0
0
914
0
955
831
0
0
0
818
0
0
837
824
0
0
819
0
0
33
961
0
0
0
0
0
0
0
0
852
0
46
0
982
0
0
997
857
958
66
0
0
0
0
0
0
891
74
833
0
0
0
951
0
0
0
964
989
0
64
886
876
0
0
0
804
0
0
865
0
914
51
0
0
0
0
0
0
934
0
825
0
0
0
816
0
862
0
92
886
914
802
0
0
0
982
20
807
0
973
0
897
858
0
0
810
866
0
41
914
0
837
0
0
0
0
0
0
945
964
0
810
0
0
0
0
0
830
0
897
808
0
0
810
0
859
58
0
817
843
0
0
934
821
0
0
970
0
0
829
849
974
8
0
896
0
24
0
0
0
0
0
0
965
0
0
0
964
0
987
978
956
0
0
955
961
0
825
941
822
0
827
0
0
9
0
0
0
866
0
0
904
0
67
874
0
0
0
0
857
0
68
812
0
0
80
855
0
949
100
0
824
0
0
0
0
818
84
896
996
921
0
0
0
0
0
0
916
893
50
816
0
0
0
0
0
0
0
0
0
0
0
0
0
810
0
961
0
941
0
0
0
0
0
0
0
0
73
861
0
894
38
849
837
960
36
986
0
0
28
0
0
0
0
994
0
0
0
922
811
862
0
0
0
809
11
0
0
0
801
0
0
0
0
2
0
0
934
0
852
0
905
0
812
0
0
0
871
0
0
89
0
0
0
0
0
0
891
0
0
0
994
0
837
910
0
0
0
0
966
0
0
867
0
67
927
0
960
0
0
0
0
28
972
978
0
22
0
0
0
0
0
0
0
0
0
853
0
39
0
0
0
0
0
0
0
25
813
875
0
27
0
984
0
0
897
0
989
0
920
0
869
0
0
830
948
87
974
0
0
862
0
0
848
0
0
815
0
0
0
0
890
0
0
872
0
0
0
0
0
971
0
0
0
0
0
0
805
952
94
861
0
875
0
911
897
0
0
930
0
0
0
0
944
839
0
979
825
0
0
0
0
885
31
0
0
888
44
0
0
0
0
0
0
838
0
0
971
0
0
928
958
936
0
871
0
0
15
0
971
0
64
937
859
0
0
0
0
0
58
0
901
0
0
0
0
952
44
67
0
0
894
0
0
0
0
0
0
984
0
0
0
0
809
43
846
0
952
0
0
0
819
0
818
0
0
0
0
819
986
0
839
0
0
87
0
938
0
0
0
963
819
0
0
0
0
0
892
903
0
0
0
0
0
0
817
0
0
76
829
946
0
0
0
0
942
0
0
0
863
98
0
0
0
90
0
0
0
0
0
838
0
0
0
0
950
0
0
0
873
0
0
0
0
0
857
855
0
987
0
807
859
0
0
0
0
872
97
838
846
0
69
0
0
0
0
0
0
0
0
962
0
0
84
891
805
0
0
930
829
0
0
0
950
0
0
0
0
963
60
941
0
0
80
0
0
929
0
0
955
879
0
916
908
0
51
0
968
0
0
0
811
990
0
868
828
0
17
942
901
817
0
0
0
0
0
0
821
0
16
837
0
0
25
0
881
929
36
860
0
862
0
0
820
0
0
0
994
0
911
83
999
0
0
34
0
0
0
25
0
0
0
0
850
0
0
0
0
0
0
100
0
945
896
0
952
819
930
0
0
881
897
0
0
840
938
0
992
993
0
0
0
0
0
0
0
847
0
0
821
953
0
0
827
0
0
0
0
993
807
0
889
949
0
0
973
894
828
88
999
0
0
72
0
0
0
0
0
0
0
0
989
0
0
0
0
0
0
79
0
0
0
0
0
894
934
49
851
0
937
0
0
835
0
0
17
809
0
0
0
0
0
972
0
0
0
919
0
0
0
929
33
964
996
0
94
986
829
0
0
897
843
0
0
0
971
876
78
0
923
0
0
0
873
875
0
824
853
0
0
961
0
0
62
970
802
943
0
0
0
0
0
871
0
820
0
0
841
0
0
0
0
0
0
0
0
0
0
0
976
0
98
0
0
0
85
876
0
0
39
0
935
0
0
853
999
0
0
0
0
967
0
0
0
0
837
80
977
0
0
0
0
0
0
0
898
0
0
0
0
0
961
0
921
0
861
0
0
881
897
0
950
940
0
90
0
0
0
72
0
844
821
84
0
0
857
0
0
956
0
0
0
0
0
0
0
0
970
0
0
945
0
37
0
803
0
0
0
0
888
95
926
0
972
0
922
0
0
84
925
0
0
0
0
852
958
48
0
0
0
0
828
0
0
0
0
831
0
0
0
0
0
0
0
904
0
0
35
909
0
0
37
855
0
903
0
897
0
945
0
875
0
810
0
994
0
839
0
897
843
950
0
0
0
985
0
0
0
0
0
0
0
864
46
831
0
817
0
0
840
940
0
979
0
0
0
0
0
0
0
0
0
0
0
0
0
964
0
913
999
0
0
933
0
0
0
0
844
0
86
883
954
862
0
0
0
971
62
0
0
823
42
0
0
816
28
0
0
0
0
0
0
0
999
0
848
0
0
0
0
940
0
51
899
954
0
0
817
0
861
91
0
0
0
0
875
0
0
0
0
940
0
0
0
0
0
89
0
989
0
0
930
933
897
0
0
0
824
58
978
955
955
0
951
882
943
0
0
946
839
0
989
885
0
0
0
0
814
64
0
950
997
0
998
900
0
87
0
814
0
0
0
0
902
0
839
0
941
41
947
0
841
0
0
0
0
0
871
0
0
978
0
0
890
930
0
0
999
0
96
846
851
0
0
0
0
0
29
998
0
922
0
0
0
837
0
0
950
0
0
0
0
0
0
0
945
0
53
930
985
0
0
913
899
940
0
827
0
0
0
0
942
952
0
837
0
991
0
0
0
0
0
0
0
0
0
871
860
0
0
993
955
0
0
814
0
0
0
994
966
901
0
0
0
849
0
932
822
0
0
0
891
903
0
930
965
0
0
0
0
0
0
0
0
0
840
0
0
906
0
83
979
974
904
0
870
0
884
87
836
877
0
0
0
910
911
87
0
840
0
90
985
0
0
0
0
0
969
0
0
804
0
0
930
0
919
0
966
0
0
56
901
0
0
90
856
0
0
0
0
902
998
87
0
880
942
0
870
0
937
0
0
844
968
75
0
968
0
23
947
875
0
93
0
0
0
0
996
899
0
0
942
0
959
0
0
0
0
0
0
0
0
0
0
0
0
986
24
0
0
0
90
932
971
0
0
0
0
814
93
0
0
0
0
0
897
0
0
938
971
0
0
0
945
0
0
878
0
0
0
919
0
0
35
0
0
950
0
989
0
978
0
0
904
885
92
954
0
875
0
995
897
0
0
0
0
0
0
869
0
0
0
0
876
0
7
0
0
833
0
842
831
947
4
804
0
836
0
0
810
0
0
841
0
884
30
0
810
841
890
0
0
0
0
0
0
0
0
35
957
0
0
0
970
874
0
0
0
0
0
0
0
0
0
0
0
938
0
0
876
0
0
89
0
0
878
0
0
897
942
14
945
0
0
57
0
0
0
81
0
0
0
0
865
826
853
0
830
0
976
0
872
0
0
41
0
986
0
0
0
0
0
0
0
0
0
0
0
955
808
7
0
852
834
0
835
918
0
71
0
0
0
0
0
972
814
0
835
0
826
954
0
893
901
949
73
0
836
0
0
807
0
0
57
0
0
0
0
0
915
0
0
830
916
0
0
0
0
992
78
0
0
0
53
969
0
0
0
0
860
0
0
933
0
0
0
0
803
848
0
0
0
888
58
0
852
0
88
918
977
0
97
901
913
0
0
0
0
849
0
914
0
0
53
804
0
0
0
0
805
885
0
868
0
0
0
950
0
0
0
0
0
0
0
990
0
905
35
71
0
900
0
0
0
0
0
0
0
0
0
0
0
999
829
71
984
834
0
4
899
805
0
0
893
0
930
0
963
993
0
72
0
989
930
0
0
897
0
0
0
0
823
0
920
0
0
0
912
0
0
0
900
888
0
0
0
864
900
46
0
0
824
76
0
810
943
8
0
948
900
0
956
899
0
0
835
0
814
0
0
0
0
0
0
0
934
0
0
0
0
0
959
953
0
0
0
0
822
863
65
0
813
0
0
0
0
889
15
965
0
916
0
0
828
996
26
0
885
0
0
0
852
897
50
966
0
0
60
0
923
0
0
0
985
0
0
942
860
0
0
0
841
0
0
957
0
856
94
972
893
888
0
0
0
0
0
969
968
986
0
0
842
0
0
0
0
0
54
0
0
0
0
885
0
0
0
0
0
0
0
0
880
0
0
863
883
0
48
0
911
0
0
801
0
840
0
0
840
0
0
28
863
0
833
0
815
0
811
0
0
0
0
0
0
814
983
0
0
979
0
35
0
808
816
0
0
963
941
0
0
844
0
0
0
804
919
14
0
0
0
0
924
817
0
0
0
0
876
43
846
952
0
0
859
0
0
47
867
809
968
0
818
932
807
0
0
0
805
58
0
959
880
94
807
0
0
0
977
974
0
33
906
0
996
0
0
839
0
95
0
0
894
35
0
0
0
65
929
0
0
869
79
0
937
912
0
892
929
0
0
0
902
968
0
836
0
901
90
0
804
0
46
0
0
0
0
819
0
0
0
821
0
930
0
0
0
945
0
823
841
924
0
0
0
931
0
892
0
938
0
0
988
0
0
0
0
992
0
852
0
993
0
969
0
0
0
0
975
891
47
0
0
0
0
879
855
0
0
0
980
845
37
940
924
0
0
0
0
939
0
0
850
879
73
0
991
837
0
40
0
0
0
57
962
0
993
0
0
888
999
0
892
0
993
0
815
855
963
0
832
0
0
0
0
867
0
0
0
0
0
84
864
933
913
0
0
0
933
0
0
817
0
0
0
0
0
0
923
813
895
0
963
0
998
0
0
972
0
78
0
0
0
0
847
0
0
0
801
928
0
0
979
0
0
0
0
0
983
0
0
956
0
0
935
0
854
0
951
840
0
74
806
0
0
0
931
0
0
0
6
975
963
816
68
0
0
862
14
0
0
0
0
0
847
0
64
944
867
0
77
0
982
810
0
0
944
0
80
0
873
0
46
897
899
930
35
0
0
920
0
0
0
0
0
922
0
893
0
893
0
963
84
0
867
895
78
0
0
0
0
0
0
0
0
0
0
864
0
845
0
0
0
996
990
0
93
0
0
0
0
0
0
909
23
869
0
932
63
0
0
840
0
821
829
865
0
0
870
850
0
0
981
0
872
90
0
0
849
0
871
0
863
34
0
998
822
62
946
0
0
0
0
0
0
67
839
0
0
0
875
0
831
0
940
0
0
57
0
0
957
0
931
0
922
0
0
0
833
0
931
808
865
90
0
0
889
1
0
811
840
99
944
889
931
0
0
0
820
58
0
0
924
0
0
813
855
10
984
0
0
62
0
918
838
0
0
893
0
0
0
0
0
0
879
822
0
0
0
833
951
943
2
0
874
887
83
0
987
899
2
852
941
0
0
0
0
811
39
0
953
0
0
859
0
927
0
0
0
0
0
857
0
0
0
919
0
0
0
0
0
0
0
0
0
0
0
0
0
0
0
0
0
0
0
828
867
0
0
0
0
0
0
892
910
0
0
0
0
0
0
858
0
0
0
0
995
0
0
949
0
880
70
900
0
0
0
970
0
0
22
0
0
806
44
847
0
0
0
4
906
0
0
0
969
0
0
0
876
0
0
0
0
0
996
76
995
928
0
100
912
876
997
58
0
0
979
0
929
847
824
0
817
0
827
0
950
0
0
0
856
0
892
0
893
0
0
0
958
0
0
0
0
0
999
0
0
0
0
0
0
0
0
0
945
889
0
1
960
0
0
65
827
911
0
0
965
0
0
53
0
892
0
0
0
0
990
0
0
830
0
0
897
0
0
0
922
0
965
0
0
0
881
0
36
0
0
0
0
0
0
891
0
0
902
920
0
973
0
0
70
0
857
0
0
960
825
892
0
0
853
0
0
824
0
966
0
0
803
912
94
876
0
923
0
833
0
958
0
0
980
0
62
0
934
0
0
0
0
0
27
970
0
0
10
0
0
861
49
0
0
0
0
0
850
819
0
901
877
0
78
811
0
891
0
883
836
0
0
0
937
928
79
0
999
857
0
926
0
0
0
0
0
0
0
0
0
0
0
0
0
0
0
0
958
0
0
0
902
0
0
4
958
817
0
0
0
903
0
0
0
956
0
58
0
0
989
81
848
0
972
43
938
813
893
0
0
0
0
0
895
976
983
0
0
0
0
0
802
884
831
0
0
922
946
0
0
827
0
40
0
0
860
0
863
0
967
0
0
840
0
95
0
899
815
0
0
0
0
16
0
0
939
0
0
0
0
0
987
962
0
852
0
0
845
895
29
0
966
0
0
0
896
0
0
0
0
0
8
0
0
0
66
843
0
0
0
0
955
821
0
0
840
978
0
0
0
0
0
0
893
846
0
895
0
931
0
0
980
895
0
826
844
0
32
848
896
0
71
0
0
820
0
0
888
0
0
0
0
0
97
0
0
0
0
870
878
858
83
0
0
883
16
0
889
801
0
910
0
0
13
0
0
825
0
866
0
987
0
4
0
0
0
90
0
860
821
0
0
835
0
92
0
850
830
0
841
0
0
0
990
871
0
0
0
0
0
0
879
953
961
0
940
955
0
56
978
0
0
0
888
952
0
0
963
808
0
0
0
976
826
0
845
913
0
89
0
916
0
99
0
997
0
0
0
0
0
46
886
0
0
0
987
0
0
0
0
0
937
25
0
0
0
23
0
802
820
0
974
822
921
0
0
920
0
0
0
0
0
930
0
0
926
0
59
0
803
894
0
0
0
833
0
0
0
0
0
956
998
0
0
919
0
0
0
0
0
0
0
0
0
0
0
955
942
901
0
0
0
900
0
0
988
963
84
865
0
0
62
983
844
845
0
826
859
0
0
0
859
957
0
0
0
0
0
973
0
970
0
856
0
975
33
0
0
864
33
0
0
805
23
932
0
0
0
0
0
0
41
987
0
976
0
0
0
0
0
0
921
0
0
22
0
819
0
0
943
0
855
0
0
823
860
0
0
928
0
0
0
0
960
0
0
934
0
28
885
0
916
0
0
0
979
0
952
0
0
0
888
888
0
0
0
0
0
90
0
0
0
0
0
913
826
0
810
0
844
0
0
0
0
0
871
966
0
0
886
0
0
0
0
0
0
0
973
981
0
96
0
823
0
0
0
0
947
95
0
0
0
59
887
0
0
91
0
0
998
0
0
0
866
0
0
0
0
0
0
0
0
839
75
802
0
0
0
0
881
0
6
0
0
833
0
821
0
972
31
0
908
827
62
0
0
951
0
0
904
865
58
0
0
859
0
998
867
0
0
999
934
0
32
0
859
810
0
814
0
0
0
0
0
0
0
831
831
0
0
990
0
0
0
807
0
0
0
0
0
0
0
0
0
0
74
0
0
0
0
0
851
0
79
0
0
0
0
883
802
0
0
39
0
0
0
0
0
827
968
0
0
0
0
7
0
894
0
0
956
803
901
0
890
984
0
0
810
978
0
0
0
0
970
0
0
882
837
90
885
826
0
0
0
0
0
0
895
0
828
0
0
0
848
89
0
0
814
0
969
805
867
0
0
0
0
0
0
0
833
0
0
805
846
75
917
0
961
0
0
962
981
10
0
0
0
98
0
0
918
69
841
0
0
0
0
841
0
0
922
0
990
0
0
0
0
0
74
0
0
884
0
0
0
0
0
0
0
959
0
933
931
915
0
0
0
0
0
0
0
817
51
0
802
0
0
943
0
856
92
853
852
0
0
0
0
0
78
889
867
0
0
0
896
0
0
844
0
969
0
0
987
959
0
818
866
819
0
0
0
0
0
0
0
846
2
917
983
838
0
0
0
0
5
0
829
0
0
830
893
0
0
866
0
0
0
0
0
852
0
0
967
0
0
43
838
0
0
0
908
0
0
7
0
0
0
0
0
0
932
16
897
0
0
0
891
970
961
22
888
0
0
0
943
0
0
0
991
0
954
0
0
864
969
47
992
972
0
1
0
0
0
0
0
916
0
0
0
805
0
0
805
0
0
0
0
878
948
0
0
0
0
0
0
955
0
0
898
0
0
4
0
947
920
8
0
0
913
0
948
815
874
98
833
0
882
0
0
0
876
0
885
828
0
0
0
0
0
0
0
956
0
859
0
0
813
0
0
0
0
829
0
0
0
0
74
0
0
0
44
0
968
0
0
970
0
0
0
0
0
830
88
900
968
867
0
0
0
0
0
0
0
802
71
0
859
0
0
867
987
805
0
0
0
947
0
891
0
0
44
0
0
0
80
947
0
0
0
0
826
913
0
0
0
0
39
968
911
0
14
0
0
999
0
0
0
0
59
0
879
905
15
0
868
0
0
0
950
0
0
0
0
0
0
0
887
0
0
0
0
993
803
0
0
0
833
0
941
0
0
76
0
993
0
0
0
946
0
0
875
0
918
46
986
809
852
78
0
811
0
0
0
884
0
99
957
0
0
0
959
0
0
0
0
0
0
0
0
0
921
0
879
0
0
0
0
951
0
0
0
854
0
82
0
0
0
76
0
874
853
87
0
0
0
30
0
0
0
15
930
0
0
0
0
946
0
0
64
0
910
0
0
0
0
870
41
969
0
952
38
947
0
866
0
0
0
829
0
0
0
829
0
807
0
0
0
839
0
0
0
976
977
0
0
968
0
0
0
840
0
0
27
831
0
0
0
0
0
0
0
0
0
0
0
0
842
883
39
0
0
815
0
845
0
0
0
847
817
0
83
0
0
0
15
0
960
879
0
0
933
903
0
0
0
989
24
840
0
0
0
0
990
0
813
0
857
919
857
0
0
829
0
28
829
0
0
0
0
0
992
79
0
0
984
0
0
849
0
0
0
946
0
0
0
945
0
0
0
902
995
0
0
0
0
0
993
0
0
99
0
0
970
0
820
997
0
0
0
0
818
0
947
0
0
0
975
0
0
0
906
952
945
0
0
828
960
0
0
0
0
0
967
0
974
0
0
915
0
0
0
880
0
0
861
805
931
0
0
903
0
0
0
948
0
998
0
0
802
981
0
0
0
935
51
0
0
0
0
971
818
0
62
0
988
0
0
974
0
0
0
0
811
889
0
0
0
989
0
998
897
872
97
824
842
818
0
0
0
944
0
0
0
0
0
0
0
871
0
0
866
0
0
0
842
975
0
0
0
0
0
0
0
994
51
0
0
955
89
890
0
989
0
0
0
0
0
0
0
0
0
814
0
0
0
883
863
0
63
907
834
890
0
0
890
0
934
0
0
966
996
0
0
951
0
42
834
0
895
0
0
0
844
0
0
0
951
8
0
0
0
0
990
949
871
37
0
885
0
87
0
0
901
76
0
932
969
0
0
889
892
0
0
922
0
0
0
966
831
0
819
878
891
0
883
0
0
0
0
0
985
0
0
0
0
0
0
965
0
81
0
0
0
0
0
0
0
98
845
0
0
0
858
845
0
0
983
0
0
0
854
0
0
0
0
0
970
904
0
0
0
867
0
921
0
0
0
912
983
991
0
0
0
0
94
948
0
0
0
0
0
0
0
0
0
0
0
0
0
0
0
0
913
0
0
807
0
847
0
931
910
945
10
946
888
0
0
0
831
0
0
948
0
0
39
0
0
0
0
904
0
879
0
875
0
931
48
895
0
0
0
0
0
0
0
0
874
0
0
0
0
807
22
0
942
0
0
995
839
941
0
0
843
0
0
0
0
0
931
83
880
0
0
0
930
998
807
0
0
0
0
0
891
974
885
0
0
896
0
0
838
0
868
0
820
803
0
0
0
880
0
41
0
810
0
0
0
0
0
0
0
889
0
0
0
0
973
0
0
0
0
0
0
0
0
0
0
0
904
0
971
0
0
0
0
0
955
0
0
890
877
0
0
0
0
0
854
0
880
0
0
0
0
0
0
0
0
34
0
0
858
71
0
0
949
998
33
0
0
0
0
0
975
875
79
0
996
815
0
818
0
867
0
0
0
885
0
0
0
0
0
942
828
973
0
0
0
0
0
942
0
0
0
943
0
0
0
0
0
0
0
0
0
0
0
0
0
886
0
833
0
0
44
921
0
906
0
985
0
971
0
0
0
0
35
895
0
990
0
0
0
0
0
805
0
996
90
0
0
832
0
0
814
976
0
916
854
805
0
808
0
0
0
0
0
814
0
0
0
0
0
0
0
0
0
0
859
0
868
0
0
831
941
10
0
885
964
24
0
853
0
0
0
894
0
0
964
0
871
0
0
986
0
8
0
0
0
0
864
0
0
1
861
827
0
46
970
0
990
0
0
0
0
0
815
952
0
0
879
0
0
0
920
0
0
0
839
0
0
0
984
0
910
0
0
0
0
0
935
981
849
0
831
0
0
0
0
908
955
0
980
928
0
0
0
0
0
0
0
0
926
957
89
0
943
0
0
847
0
966
71
924
0
0
0
926
989
0
73
0
971
0
17
828
841
0
0
814
860
870
0
0
0
0
54
805
975
801
0
820
0
960
49
0
0
886
0
0
0
0
0
0
0
879
0
945
0
0
0
0
0
920
0
0
939
992
20
980
0
870
0
963
0
861
45
939
859
855
0
0
0
935
10
879
0
981
29
0
0
0
89
0
867
827
0
0
815
820
0
0
0
0
896
0
905
846
0
0
988
0
836
0
0
0
843
44
0
0
861
39
0
0
942
88
0
0
913
64
0
0
869
0
849
948
0
58
891
928
845
58
0
0
0
40
0
0
856
0
0
805
0
0
0
0
845
0
994
0
875
0
0
0
0
0
0
0
0
0
0
834
814
0
0
0
0
26
861
931
0
0
923
948
819
0
817
0
0
8
0
0
0
0
0
0
0
0
54
0
966
0
0
0
0
818
75
956
956
0
0
0
0
950
97
871
849
0
64
0
0
0
0
863
901
999
0
888
999
0
0
937
0
0
0
900
0
0
47
0
0
0
0
0
0
0
97
0
0
0
0
846
0
0
80
0
0
0
51
0
0
0
35
0
939
0
0
861
0
0
47
984
0
868
3
0
0
930
39
0
0
0
96
898
845
0
0
0
921
851
89
950
0
975
41
0
0
0
0
0
0
995
833
0
0
0
954
73
996
847
0
0
0
0
0
88
0
893
886
0
894
0
928
98
817
0
0
95
0
950
993
0
0
0
914
0
0
959
0
0
0
0
858
65
0
0
0
0
975
0
807
75
846
955
947
0
0
828
0
0
931
0
895
0
992
0
861
0
0
0
0
0
854
0
885
0
0
0
0
0
860
0
882
60
0
826
877
0
0
0
0
58
900
927
0
0
0
0
0
910
0
852
866
0
0
913
878
904
54
847
811
903
0
0
814
972
0
970
876
0
38
0
958
0
0
0
0
926
0
997
955
0
0
0
0
956
0
880
0
979
0
924
0
827
0
860
0
987
33
0
0
917
2
0
0
0
0
960
0
0
48
955
0
839
20
0
0
0
0
862
0
0
0
854
0
967
0
994
0
0
80
883
982
983
0
848
946
977
0
0
0
0
0
937
0
0
0
34
876
839
889
71
0
0
0
0
0
933
0
0
0
0
0
0
904
0
0
0
0
0
849
0
936
0
0
72
0
0
933
0
0
844
0
0
0
899
885
94
0
0
996
0
0
911
0
0
0
0
0
0
0
0
917
0
0
951
847
0
955
965
895
0
990
0
980
0
0
0
862
0
0
829
0
0
802
0
0
17
0
0
802
0
844
867
0
0
0
0
0
84
0
0
0
0
0
0
836
940
0
0
0
935
40
898
948
0
0
0
931
0
0
0
0
0
0
980
0
872
0
965
837
0
0
0
0
0
0
972
0
998
0
968
876
0
53
0
0
807
0
0
990
0
0
0
850
863
0
0
0
973
0
961
983
898
0
0
817
0
89
0
0
0
0
0
0
0
47
0
0
0
0
928
0
0
0
0
951
0
0
810
941
948
31
872
0
0
0
0
0
893
23
955
0
0
81
0
0
835
0
0
0
0
832
0
0
868
925
75
0
0
935
0
911
835
987
72
0
0
0
0
960
0
871
90
0
0
0
0
0
900
814
75
0
0
804
0
0
0
879
0
0
813
0
0
819
0
870
0
864
981
0
0
838
0
0
0
0
0
890
81
0
890
0
0
870
834
984
0
0
829
928
0
0
953
0
0
929
923
951
0
0
912
999
0
0
0
0
0
0
985
972
0
0
961
973
990
0
872
0
855
0
0
0
830
27
0
0
816
83
936
0
0
0
978
0
802
0
0
804
0
36
0
0
0
0
0
0
922
0
0
0
0
7
0
0
835
0
0
855
0
93
855
995
965
0
967
878
0
33
0
0
0
0
0
826
0
83
0
0
0
0
877
0
984
0
814
0
854
0
0
0
0
0
989
975
0
56
0
0
0
0
926
0
0
0
0
868
925
47
0
0
895
0
0
0
927
865
0
0
0
0
40
0
0
940
0
858
0
0
94
0
0
812
0
866
0
972
0
0
0
986
25
0
0
0
0
0
0
0
87
0
968
0
0
0
0
0
0
0
0
0
10
0
0
901
0
858
0
0
96
0
962
0
4
913
854
0
0
989
0
0
0
0
0
963
0
868
0
854
0
0
953
989
0
0
0
814
53
917
0
871
0
0
0
0
41
0
929
0
42
977
934
0
0
0
0
835
0
0
0
0
0
0
0
963
0
0
0
929
825
0
867
972
0
0
813
877
0
0
964
0
813
15
0
821
0
0
0
844
0
0
0
0
0
0
814
0
977
0
983
0
984
0
0
877
0
83
937
0
0
0
981
0
0
0
0
0
967
0
0
0
0
0
910
0
0
3
885
0
802
0
0
975
0
0
934
0
0
0
816
0
0
25
0
0
882
66
0
0
801
0
0
0
0
0
0
913
860
0
0
907
0
0
0
0
0
0
0
0
865
905
0
851
0
0
0
0
900
865
0
0
875
0
0
0
0
0
84
0
814
994
23
833
955
0
0
0
974
0
0
0
0
949
53
0
840
0
25
805
823
0
10
0
947
0
82
0
0
0
0
0
0
805
0
861
0
0
0
967
0
0
0
0
0
934
0
0
893
0
83
0
951
902
61
0
816
0
1
0
0
0
0
0
0
0
848
0
0
0
0
0
0
970
841
0
0
0
0
0
0
0
0
0
0
0
0
0
0
0
987
28
0
971
0
16
0
976
925
86
0
966
947
0
808
805
0
0
0
980
0
0
0
0
0
78
0
0
0
23
0
0
0
5
920
0
0
15
974
0
0
0
0
0
0
45
0
0
0
0
0
951
929
56
814
0
0
0
0
886
842
0
0
919
0
0
952
917
0
0
928
0
910
0
926
0
0
0
0
0
832
942
27
885
0
913
0
899
0
0
0
0
0
910
99
927
0
901
0
914
978
0
27
0
838
837
0
0
0
883
0
901
875
842
7
885
0
0
33
845
956
0
62
880
892
811
95
883
0
932
0
0
0
0
8
0
0
0
0
0
0
0
0
996
0
939
26
930
0
994
17
0
923
0
53
0
893
0
0
0
965
0
0
948
938
0
60
963
893
966
0
0
0
0
0
0
0
935
980
0
0
0
0
0
886
0
0
0
916
0
0
0
0
817
968
0
988
0
0
51
956
0
0
64
0
0
989
98
0
954
0
0
0
831
0
0
0
880
906
37
0
0
0
70
0
0
0
16
0
0
0
74
0
829
0
39
0
960
0
0
0
874
854
90
0
859
861
39
0
0
0
0
951
0
917
0
0
886
0
0
0
0
997
0
969
921
913
0
0
0
0
0
888
0
978
0
38
0
911
0
19
997
0
976
0
0
0
0
0
0
0
0
0
884
0
0
85
0
847
0
0
0
984
937
0
0
0
0
0
862
0
0
93
947
852
868
0
0
0
940
0
909
918
900
0
891
899
0
23
0
0
0
98
0
0
968
76
879
915
0
98
0
0
0
0
855
931
0
0
0
0
810
0
0
0
816
83
842
965
0
0
868
861
0
0
919
0
0
0
0
0
0
80
0
0
0
0
42
0
0
0
0
956
0
907
27
949
0
964
6
926
0
817
0
862
988
0
0
882
0
0
0
0
859
0
25
0
0
0
0
902
0
0
4
834
0
0
0
996
924
935
23
838
0
0
0
815
889
0
0
947
0
0
0
913
911
0
0
0
0
845
0
880
0
935
0
0
0
860
80
802
941
0
0
871
0
0
0
0
0
868
0
913
967
839
0
0
0
0
0
0
0
0
0
0
0
0
0
14
0
965
976
45
0
0
0
0
878
858
851
0
0
0
883
45
916
0
0
0
0
955
994
0
0
0
0
0
0
852
0
0
849
0
804
0
0
0
863
0
0
0
869
0
0
0
883
0
801
802
0
95
0
0
830
0
0
874
0
0
0
0
0
0
832
981
0
0
0
0
883
0
948
912
926
0
0
951
0
0
997
861
913
0
969
0
0
28
823
0
0
80
940
997
825
0
0
0
0
871
0
949
0
0
0
813
844
0
0
0
0
0
0
971
935
0
0
824
0
0
0
961
0
897
0
950
881
0
85
958
0
839
0
0
0
835
0
934
883
0
0
854
0
0
0
990
836
0
0
820
0
0
0
918
893
948
14
853
933
0
0
0
0
0
0
849
0
923
96
882
982
844
31
999
0
0
25
902
919
948
0
0
967
969
0
0
0
0
0
804
813
0
0
896
868
835
0
0
0
879
830
0
933
0
0
33
853
0
0
0
0
940
951
39
919
976
0
0
944
952
0
0
0
0
0
0
929
0
876
48
971
0
932
0
836
918
950
0
0
839
0
0
932
893
970
0
0
0
910
0
0
0
0
69
0
815
0
87
903
880
814
0
807
0
0
0
935
948
898
60
983
867
872
0
0
0
0
61
0
938
969
0
839
0
0
0
0
903
0
63
0
995
0
0
927
901
0
907
0
0
0
944
36
0
0
0
0
0
0
0
0
0
0
0
0
0
0
902
0
0
0
825
0
989
0
0
36
0
0
0
62
941
822
996
0
0
0
0
48
0
0
951
63
0
0
0
0
0
0
974
41
0
851
841
0
874
0
0
0
0
0
858
22
0
814
831
10
819
845
0
0
0
0
0
0
0
0
0
0
0
921
919
0
0
0
0
0
914
0
0
18
985
0
882
0
872
807
993
820
0
0
0
0
0
971
921
0
0
0
0
0
0
856
920
935
0
0
0
0
0
934
941
922
0
0
0
860
79
0
0
0
41
0
899
0
71
0
0
0
95
939
840
0
0
0
830
0
16
0
822
987
59
0
0
866
98
999
0
0
0
0
845
0
0
976
0
879
0
0
826
848
0
0
0
0
41
882
816
952
60
913
0
0
28
0
903
914
0
861
924
0
0
980
0
0
0
0
0
0
907
0
0
0
0
0
919
0
0
73
0
850
936
0
0
959
0
0
950
980
936
0
822
811
920
58
873
0
0
39
0
0
947
0
0
810
0
0
0
911
0
0
0
0
0
22
0
937
0
13
921
0
887
79
0
0
833
0
0
0
861
0
0
942
0
0
0
0
817
0
877
946
0
0
0
868
0
66
0
917
963
0
0
0
823
0
0
0
861
0
0
0
931
0
0
913
0
1
61
0
0
939
0
0
0
0
91
0
965
0
3
876
0
0
0
916
0
850
13
0
0
825
0
862
0
0
0
862
0
0
0
823
0
0
0
0
0
0
0
0
0
0
74
840
0
0
0
928
0
0
0
976
0
0
0
0
0
0
30
989
805
883
0
0
0
916
0
981
0
0
0
977
0
0
0
925
929
0
1
0
893
0
0
0
0
804
63
0
924
0
0
0
0
0
0
0
992
0
0
0
0
893
819
96
0
0
0
0
981
897
941
37
0
894
0
0
0
0
0
0
936
0
827
0
869
901
0
0
0
935
828
42
841
891
942
0
0
0
959
0
894
850
806
0
0
0
897
79
939
0
0
0
0
0
0
0
882
0
0
24
931
863
983
0
0
854
0
29
0
921
0
0
0
0
0
47
0
0
0
0
966
0
0
0
0
813
0
18
0
0
0
0
0
909
0
70
0
873
0
831
76
924
959
0
60
803
0
954
0
0
820
0
0
0
946
847
0
874
821
0
26
0
0
0
0
0
0
0
0
0
0
0
0
903
0
841
0
0
953
801
35
879
0
821
0
806
0
0
0
825
920
0
91
0
841
0
0
0
0
840
0
0
0
995
34
805
908
0
8
851
0
0
84
893
985
0
42
801
0
928
0
0
0
0
80
0
995
985
0
931
0
0
0
0
804
0
0
835
0
0
821
0
0
0
956
84
0
930
966
34
830
0
886
0
996
0
0
0
868
911
926
0
0
0
0
0
0
820
0
0
0
0
0
0
959
0
0
0
0
0
0
73
0
829
879
44
0
999
0
0
0
0
0
0
0
0
0
59
0
0
0
63
0
839
0
0
955
0
0
89
0
0
0
23
972
0
977
0
0
0
0
0
0
0
940
0
0
0
980
0
0
909
0
0
0
949
0
37
0
0
930
0
53
838
964
910
0
851
0
907
16
909
828
0
28
814
0
0
0
0
980
816
9
809
830
0
0
0
894
853
0
816
0
930
0
884
972
990
0
840
0
0
0
865
822
847
0
857
0
866
0
0
0
883
0
852
0
0
15
0
903
907
0
941
0
808
0
0
0
950
58
0
0
955
0
895
934
0
0
910
0
888
80
0
997
896
0
882
0
0
0
0
804
0
0
876
0
990
808
0
0
891
915
78
0
989
808
0
933
0
0
14
0
0
0
84
0
0
0
38
854
0
0
11
948
0
857
0
934
999
0
28
0
965
0
30
814
0
0
0
0
991
931
0
0
0
922
0
0
0
0
0
998
802
922
0
876
879
930
0
0
834
854
0
858
0
980
89
0
0
900
0
0
0
0
0
0
0
0
0
0
0
0
0
825
868
927
0
0
913
0
70
0
949
876
0
0
812
0
813
92
0
0
0
0
0
902
878
0
836
0
982
0
909
0
0
57
921
0
805
0
862
0
0
87
952
855
0
49
0
831
0
0
0
0
0
0
905
0
0
65
837
0
0
0
0
0
926
0
987
0
0
0
0
0
0
0
905
0
0
0
890
0
0
71
0
928
0
0
975
927
937
0
0
961
0
0
0
0
926
0
978
0
0
0
835
901
872
0
0
992
0
0
0
0
0
0
941
0
0
814
0
0
913
0
0
0
896
0
0
0
0
0
0
0
812
0
75
0
871
0
0
0
0
974
44
0
994
851
0
0
0
871
0
0
810
835
35
822
840
929
0
0
870
0
0
965
0
987
0
0
921
0
0
990
967
885
15
0
990
0
0
0
843
0
0
0
867
0
41
0
0
0
81
973
0
0
0
0
0
0
0
0
0
0
0
0
807
0
1
0
873
835
37
990
812
941
0
