0
668
931
772
225
400
512
751
678
239
562
260
184
383
966
467
263
94
854
977
359
968
995
448
739
791
454
140
755
817
68
792
640
383
526
170
875
226
481
594
842
402
961
451
519
512
624
295
104
880
1
440
357
929
556
659
247
38
334
172
737
117
519
310
520
105
945
650
596
895
444
850
304
514
737
41
318
973
62
101
738
250
68
119
768
221
123
132
273
611
528
911
503
197
294
472
577
710
645
376
668
0
625
610
55
827
481
488
295
124
637
818
608
290
629
802
927
116
811
534
58
137
606
635
412
166
204
493
112
90
514
590
957
216
664
231
331
875
550
508
743
458
155
909
239
187
257
941
284
942
760
69
405
740
378
346
423
589
489
450
84
293
350
162
383
583
938
348
596
717
932
865
557
968
640
21
244
792
700
196
674
313
353
668
159
634
824
393
60
981
75
621
182
577
683
107
686
935
710
608
931
625
0
431
718
42
47
190
527
632
930
761
262
904
780
708
679
581
283
727
816
981
39
709
340
664
536
632
285
94
696
841
321
648
324
251
224
986
131
196
764
407
946
8
315
767
507
239
784
889
76
613
896
599
96
694
809
705
392
610
406
643
964
589
622
994
739
116
2
36
61
440
836
839
297
463
895
409
874
559
716
615
854
797
655
789
862
921
141
683
309
845
509
442
870
213
208
585
947
482
772
610
431
0
958
106
932
13
546
798
618
685
203
783
309
555
400
322
715
114
365
39
625
555
406
147
472
388
652
546
897
436
183
158
183
213
27
964
638
714
105
311
59
208
162
172
348
373
881
780
538
220
719
515
600
762
10
484
231
506
976
518
622
309
582
948
284
944
644
164
718
340
392
825
580
543
862
761
163
909
370
222
949
211
708
931
815
184
146
845
181
153
5
838
580
636
693
197
509
993
225
55
718
958
0
346
751
416
439
713
110
944
571
281
589
505
671
41
985
933
695
785
664
804
215
43
801
364
353
492
964
512
199
958
669
603
895
446
646
174
784
262
668
316
309
638
843
220
889
381
137
372
767
364
65
538
959
420
116
251
869
493
16
545
984
457
773
776
368
316
274
593
125
851
581
957
532
150
6
177
135
305
454
428
519
700
511
762
689
74
714
545
211
966
431
431
688
306
763
588
400
827
42
106
346
0
311
92
468
839
865
370
856
202
108
83
722
284
169
171
185
661
744
916
186
426
393
848
109
78
583
295
481
556
184
425
994
792
363
228
984
698
878
470
714
582
214
968
272
349
640
772
729
480
277
43
279
735
368
663
704
363
882
45
589
150
971
867
856
497
893
812
672
459
827
451
473
695
871
887
176
201
1
14
130
110
941
124
568
21
127
458
142
625
74
575
101
909
351
49
512
481
47
932
751
311
0
452
159
34
692
632
271
823
854
642
569
983
94
725
544
869
593
29
467
223
347
513
545
92
821
783
955
306
426
15
700
260
751
4
854
997
76
974
808
705
68
805
458
467
837
494
57
185
873
4
117
82
376
264
398
826
583
873
8
332
19
156
565
708
664
36
529
245
978
722
849
463
204
392
318
292
157
223
43
389
389
899
273
946
26
977
409
98
988
523
894
578
470
153
751
488
190
13
416
92
452
0
719
326
797
708
767
803
710
329
522
54
737
401
308
526
337
714
67
122
345
776
443
339
281
672
756
946
357
716
203
735
697
722
384
793
222
263
627
828
366
357
420
567
405
676
416
76
499
49
589
237
794
785
309
504
585
763
459
259
740
127
710
21
86
420
690
671
675
590
392
476
499
711
772
268
284
738
362
948
936
542
408
218
121
656
848
87
573
392
551
641
491
350
678
295
527
546
439
468
159
719
0
521
828
887
62
257
179
684
921
259
787
302
312
810
567
337
91
839
575
339
953
651
705
305
409
99
858
425
864
391
178
730
364
138
179
592
274
385
539
89
103
756
532
685
314
760
864
281
99
763
914
826
379
102
951
895
304
521
982
481
127
978
51
935
375
112
274
429
411
934
999
860
168
23
699
636
422
858
321
252
829
603
620
414
458
97
844
624
49
220
939
885
239
124
632
798
713
839
34
326
521
0
359
560
531
155
873
821
186
891
657
455
205
932
660
286
941
591
364
665
140
314
142
174
977
694
666
197
37
581
774
170
811
486
928
507
275
206
728
63
399
664
604
258
273
47
594
44
799
127
746
201
530
27
576
68
687
496
515
481
629
293
518
759
225
990
686
992
751
601
950
178
176
867
513
481
55
219
547
193
521
344
865
971
708
859
305
282
461
993
155
326
562
637
930
618
110
865
692
797
828
359
0
388
149
736
585
361
562
384
567
23
334
118
381
352
660
798
131
405
308
745
52
820
325
87
269
315
437
832
424
5
198
128
701
438
834
922
891
477
458
888
961
679
801
102
396
460
351
532
725
868
320
17
671
374
958
207
827
536
242
430
863
4
73
267
254
322
513
40
413
460
813
616
390
702
658
226
173
884
23
775
299
359
724
586
720
987
762
678
229
779
260
818
761
685
944
370
632
708
887
560
388
0
71
368
89
409
998
607
666
159
311
232
973
627
288
502
425
911
463
842
468
697
205
917
442
746
133
301
256
148
972
110
671
262
631
91
681
491
406
362
853
726
496
86
849
535
21
324
408
780
988
857
920
351
785
251
11
271
676
282
658
462
637
575
353
67
515
98
155
276
706
275
520
267
423
576
662
640
961
100
72
307
143
293
920
422
332
700
765
699
184
608
262
203
571
856
271
767
62
531
149
71
0
980
707
62
106
265
664
272
458
589
936
320
62
80
490
340
308
391
564
528
643
913
576
992
56
386
996
914
974
106
799
738
478
661
616
730
419
604
45
354
163
375
697
128
600
664
594
658
372
506
585
151
475
116
551
74
602
467
956
343
708
900
260
282
218
99
594
241
74
784
632
569
127
310
223
328
81
895
696
644
652
469
741
995
554
759
654
550
383
290
904
783
281
202
823
803
257
155
736
368
980
0
643
227
523
477
796
165
966
755
550
10
815
127
91
104
428
789
528
650
201
237
781
233
75
398
811
201
301
114
722
685
3
722
818
113
322
717
187
824
121
123
472
366
479
644
829
731
201
852
174
933
887
237
213
176
210
979
334
662
462
958
952
631
445
652
12
188
712
400
922
15
380
2
929
661
105
572
376
762
966
136
965
371
484
946
891
458
966
629
780
309
589
108
854
710
179
873
585
89
707
643
0
540
474
388
558
648
6
221
362
2
705
239
73
750
790
724
880
575
545
706
35
910
386
382
355
656
223
532
746
883
513
206
356
146
384
475
583
189
625
149
796
970
213
463
690
263
510
854
341
632
174
197
268
65
290
91
204
242
816
481
550
99
285
567
508
355
789
415
265
317
88
856
382
424
725
724
346
389
265
788
444
265
787
630
199
350
467
802
708
555
505
83
642
329
684
821
361
409
62
227
540
0
916
954
330
336
926
343
74
397
515
264
644
985
905
472
309
410
390
113
654
489
550
290
695
669
805
146
828
923
42
456
956
671
530
812
447
768
107
94
214
782
488
548
448
192
714
2
316
371
96
523
27
433
425
263
96
680
322
947
72
828
61
203
640
25
486
606
456
687
772
41
979
123
222
537
242
586
404
4
809
161
237
873
426
663
263
927
679
400
671
722
569
522
921
186
562
998
106
523
474
916
0
984
361
513
365
100
781
774
903
169
764
263
287
616
566
750
887
36
492
150
777
673
649
332
811
487
986
501
552
949
346
552
299
292
478
781
707
344
988
966
811
437
402
177
358
725
204
193
625
626
540
998
184
316
823
171
170
269
684
377
374
34
543
192
997
14
618
178
192
100
276
172
725
657
215
537
932
402
944
501
111
939
678
501
94
116
581
322
41
284
983
54
259
891
384
607
265
477
388
954
984
0
621
55
257
276
784
135
829
925
36
89
804
755
284
756
922
180
315
571
835
899
514
922
216
453
156
408
606
159
113
968
510
668
723
227
567
407
370
31
411
559
600
816
863
825
806
39
664
177
758
297
489
638
487
996
48
441
117
3
183
438
695
335
625
978
104
892
318
429
960
179
612
808
869
45
275
205
496
884
330
814
51
449
854
811
283
715
985
169
94
737
787
657
567
666
664
796
558
330
361
621
0
952
449
89
672
602
232
502
361
231
593
977
436
167
647
511
739
35
322
73
624
36
366
929
384
606
639
309
501
417
129
974
161
69
512
804
670
81
687
173
137
163
531
930
369
612
832
944
549
332
410
684
22
994
401
151
431
234
264
654
916
178
220
522
440
540
389
482
963
595
974
396
496
709
243
988
792
486
870
21
960
54
977
534
727
114
933
171
725
401
302
455
23
159
272
165
648
336
513
55
952
0
184
449
425
498
253
804
961
919
800
170
983
631
384
653
517
173
315
84
592
225
544
105
911
877
249
384
318
503
669
978
854
908
236
232
109
72
216
940
467
518
70
888
813
15
99
789
492
186
122
866
118
35
870
214
4
100
364
910
536
194
108
93
761
739
199
247
738
572
245
68
688
549
610
843
210
182
377
636
673
473
359
58
816
365
695
185
544
308
312
205
334
311
458
966
6
926
365
257
449
184
0
205
342
705
851
139
50
392
672
920
632
93
932
903
599
607
612
646
886
370
11
605
348
425
359
753
733
567
454
11
36
652
94
597
830
546
583
557
237
575
682
197
251
527
101
126
698
864
695
282
184
775
154
705
606
768
556
423
977
315
983
589
209
559
694
251
429
539
465
569
753
836
885
194
701
179
62
590
853
110
968
137
981
39
785
661
869
526
810
932
118
232
589
755
221
343
100
276
89
449
205
0
927
162
342
319
899
688
680
755
163
793
482
218
2
405
717
810
577
234
197
497
680
39
628
790
506
443
435
941
533
567
584
209
275
327
673
23
772
30
943
393
874
327
650
927
684
207
992
515
133
176
632
107
665
196
842
146
709
826
148
544
36
222
19
842
963
87
265
308
918
693
394
627
371
264
303
409
273
173
995
606
39
625
664
744
593
337
567
660
381
973
936
550
362
74
781
784
672
425
342
927
0
169
923
583
745
568
812
560
567
12
750
608
739
930
989
316
624
145
240
742
386
721
436
825
80
935
272
827
139
380
920
610
965
399
747
166
422
910
867
224
573
587
816
109
696
64
436
608
83
333
825
761
748
631
422
695
324
404
689
762
484
456
390
546
911
115
412
801
347
47
724
431
117
824
526
283
542
545
448
635
709
555
804
916
29
714
337
286
352
627
320
10
2
397
774
135
602
498
705
162
169
0
254
542
506
121
643
255
813
401
324
208
938
100
742
285
202
358
531
150
623
223
702
332
586
243
757
433
898
851
228
551
373
2
342
218
990
753
844
432
463
417
976
509
445
448
938
781
487
772
324
332
203
817
384
181
930
331
550
632
756
667
138
463
828
879
40
574
540
802
286
278
611
615
664
481
145
961
739
412
340
406
215
186
467
67
91
941
660
288
62
815
705
515
903
829
232
253
851
342
923
254
0
553
929
510
642
793
972
318
452
353
693
827
156
102
202
145
123
35
550
101
400
394
930
941
752
476
583
172
928
993
77
109
790
442
166
500
866
326
957
864
765
883
843
671
707
784
880
699
807
683
4
411
344
962
12
820
508
184
627
865
41
559
72
710
325
836
521
566
181
666
543
38
985
10
837
835
791
166
664
147
43
426
223
122
839
591
798
502
80
127
239
264
169
925
502
804
139
319
583
542
553
0
127
983
143
986
123
769
657
949
707
511
861
316
370
294
808
773
462
89
780
916
915
728
367
970
579
973
181
23
54
740
650
329
745
925
650
877
285
718
534
658
505
281
721
232
315
869
543
441
622
270
94
924
344
4
995
66
201
620
241
867
164
640
13
633
54
946
212
233
631
425
224
203
685
347
454
204
536
472
801
393
347
345
575
364
131
425
490
91
73
644
764
36
361
961
50
899
745
506
929
127
0
509
453
483
196
869
710
458
749
489
600
4
898
293
460
609
472
138
401
594
137
400
929
941
302
839
719
178
470
991
845
990
865
928
98
294
974
633
257
221
378
966
961
261
93
687
269
295
848
605
362
763
878
924
800
291
946
376
183
691
823
343
240
170
31
650
525
540
235
18
776
72
603
818
140
493
632
388
364
848
513
776
339
665
405
911
340
104
750
985
263
89
231
919
392
688
568
121
510
983
509
0
995
620
46
316
219
85
158
33
679
857
387
419
196
585
81
213
880
217
488
30
381
179
948
238
135
614
966
754
453
729
119
277
930
868
896
907
76
336
327
756
882
778
39
633
456
271
901
766
687
182
322
845
792
44
127
733
49
677
63
382
12
49
37
347
520
992
730
470
838
353
165
866
755
112
285
652
353
109
545
443
953
140
308
463
308
428
790
905
287
804
593
800
672
680
812
643
642
143
453
995
0
406
930
875
937
404
643
544
286
209
669
693
107
780
566
952
878
527
798
16
633
361
767
915
696
973
541
935
296
44
32
199
429
813
667
825
988
819
57
836
894
676
771
642
98
968
479
571
769
151
401
837
109
802
826
312
19
964
970
202
200
527
818
110
320
155
617
325
881
200
909
821
817
90
94
546
492
78
92
339
651
314
745
842
391
789
724
472
616
755
977
170
920
755
560
255
793
986
483
620
406
0
807
728
267
740
629
373
75
61
896
404
833
441
923
593
388
881
988
894
390
604
116
756
499
646
647
611
255
243
797
164
412
657
873
360
423
144
638
527
793
151
110
456
386
938
781
665
913
680
489
177
159
604
455
533
952
196
208
142
26
898
902
941
905
758
838
93
509
105
81
542
68
514
696
897
964
583
821
281
705
142
52
468
564
528
880
309
566
284
436
983
632
163
567
813
972
123
196
46
930
807
0
459
943
931
66
652
636
388
940
825
385
43
226
612
845
451
382
54
873
817
950
481
398
361
772
423
693
746
818
324
791
433
739
912
485
351
522
256
430
37
148
470
270
376
496
394
658
49
374
33
498
764
931
396
881
71
155
788
837
340
311
487
932
265
783
493
326
131
966
10
792
590
841
436
512
295
783
672
305
174
820
697
528
650
575
410
750
756
167
631
93
793
12
401
318
769
869
316
875
728
459
0
766
836
123
936
536
900
563
686
80
514
335
180
166
385
2
259
934
224
298
748
341
601
756
495
616
794
894
18
681
171
831
431
213
725
995
972
325
769
853
177
420
284
188
967
25
318
497
998
115
218
11
25
754
597
350
665
810
344
539
531
947
162
928
950
996
39
87
786
640
957
321
183
199
481
955
756
409
977
325
205
643
201
545
390
887
922
647
384
932
482
750
324
452
657
710
219
937
267
943
766
0
165
118
278
821
641
754
698
274
906
65
337
89
198
578
626
666
850
309
453
955
751
956
381
374
2
626
550
969
763
909
399
60
537
116
245
441
321
4
500
679
259
81
834
644
204
814
7
550
759
59
561
927
109
666
640
24
863
682
759
367
593
608
709
726
253
572
614
383
216
648
158
958
556
306
946
99
694
87
917
913
237
706
113
36
180
511
653
903
218
608
208
353
949
458
85
404
740
931
836
165
0
855
205
737
694
488
697
569
931
874
660
605
926
597
849
853
742
488
534
706
161
132
256
365
927
16
699
648
1
701
144
870
533
549
813
8
575
58
542
655
480
558
643
98
452
545
893
836
740
994
695
812
196
903
546
112
553
977
367
608
141
693
281
249
816
778
749
526
664
324
183
669
184
426
357
858
666
269
442
576
781
35
654
492
315
739
517
599
2
739
938
693
707
749
158
643
629
66
123
118
855
0
836
965
113
7
536
354
523
778
622
993
476
505
690
767
157
81
514
153
821
944
358
291
176
67
663
393
307
663
26
606
196
110
869
430
799
583
765
685
268
731
97
624
313
261
836
211
881
463
349
778
484
659
795
961
139
346
135
265
656
576
460
863
73
584
570
170
231
251
213
603
425
15
716
425
197
315
746
992
233
910
489
150
571
35
173
607
405
930
100
827
511
489
33
544
373
652
936
278
205
836
0
278
154
725
700
943
727
176
79
124
274
648
976
676
116
345
948
403
765
297
473
789
338
952
896
17
247
952
127
483
318
976
333
124
43
760
886
488
142
357
258
301
144
906
536
801
473
681
579
686
23
481
500
160
558
452
771
644
29
306
188
184
921
848
866
875
331
224
27
895
994
700
203
864
37
437
133
56
75
386
550
777
835
322
315
612
717
989
742
156
861
600
679
286
75
636
536
821
737
965
278
0
565
60
287
214
305
499
428
34
155
610
834
630
936
801
848
17
584
763
95
580
62
800
303
95
426
178
837
272
819
687
592
382
255
549
439
127
549
183
649
811
597
712
556
647
149
16
606
185
140
306
704
121
30
977
958
383
497
377
520
872
27
983
340
226
875
986
964
446
792
260
735
391
581
832
301
386
398
382
290
673
899
73
84
646
810
316
285
102
316
4
857
209
61
388
900
641
694
113
154
565
0
840
231
236
774
708
31
968
256
354
848
16
74
818
72
361
198
95
416
433
454
322
254
394
168
555
475
805
494
265
47
643
518
27
404
688
295
461
719
839
705
250
43
79
255
941
119
939
581
821
617
895
845
381
450
657
508
196
635
924
825
759
956
481
550
131
638
646
363
751
697
178
774
424
256
996
811
355
695
649
514
624
592
886
577
624
202
202
370
898
387
669
896
940
563
754
488
7
725
60
840
0
973
294
668
308
698
820
183
100
410
745
92
712
683
108
552
316
363
269
121
856
64
464
748
881
466
208
929
489
175
449
751
311
651
184
664
922
352
458
512
797
485
296
691
730
729
69
113
478
143
363
27
675
602
714
232
877
280
320
579
10
656
594
508
196
714
174
228
4
722
730
170
5
148
914
201
656
669
332
922
36
225
370
234
145
358
145
294
293
419
693
404
825
686
698
697
536
700
287
231
973
0
919
239
680
629
422
370
421
211
498
299
630
232
220
7
967
417
214
954
908
30
952
688
552
321
185
497
113
670
873
4
165
899
222
416
402
75
195
345
941
312
753
505
906
599
198
227
182
24
300
194
141
680
295
644
931
708
698
751
558
597
842
743
764
105
784
984
854
384
364
811
198
972
974
301
223
805
811
216
366
544
11
197
240
531
123
808
460
196
107
833
385
80
274
569
354
943
214
236
294
919
0
53
67
164
754
58
992
645
564
585
400
443
369
805
204
21
479
80
799
755
337
458
574
757
524
108
790
425
666
393
699
317
733
488
91
822
536
576
704
956
299
491
481
667
25
712
705
973
950
742
137
822
976
540
948
909
375
614
482
377
402
458
407
311
262
698
997
793
138
486
128
110
106
114
532
146
487
453
929
105
605
497
742
150
35
773
609
585
780
441
43
514
906
931
523
727
305
774
668
239
53
0
714
354
497
601
822
821
6
115
621
498
753
308
129
818
593
698
880
265
940
677
388
354
782
458
768
885
666
341
584
404
316
407
812
872
459
756
135
309
473
234
600
136
844
407
575
342
927
35
334
582
150
473
129
223
682
148
805
281
961
155
946
59
668
878
76
222
179
928
701
671
799
722
746
828
986
156
384
911
348
680
386
623
550
462
472
81
566
923
226
335
65
874
778
176
499
708
308
680
67
714
0
441
787
237
456
114
463
202
90
215
41
410
79
266
40
459
294
590
838
396
486
216
648
18
541
902
932
556
165
517
310
20
13
811
585
869
567
554
832
736
47
63
810
442
433
999
990
185
824
218
205
599
590
874
547
948
754
814
451
909
8
208
316
470
974
263
592
507
438
262
738
685
883
923
501
408
606
877
425
39
721
223
101
89
138
213
952
593
612
180
337
660
622
79
428
31
698
629
164
354
441
0
610
309
391
894
294
728
22
215
282
124
296
127
520
510
290
246
75
919
138
345
632
581
904
186
242
402
915
268
300
152
331
399
712
14
683
804
177
620
892
156
993
347
362
571
847
889
407
268
743
894
809
235
738
134
271
376
519
239
315
162
309
714
808
627
274
275
834
631
478
3
513
42
552
606
639
249
359
628
436
702
400
780
401
880
878
388
845
166
89
605
993
124
34
968
820
422
754
497
787
610
0
76
978
520
685
774
1000
417
142
992
920
262
219
172
858
196
804
419
664
445
919
911
62
936
249
907
608
445
816
347
759
378
833
236
701
424
212
364
870
914
89
733
233
338
756
809
242
415
570
287
254
172
202
876
311
782
512
187
767
172
638
582
705
828
385
206
922
91
661
722
206
456
949
159
309
384
753
790
825
332
394
916
594
217
527
881
451
385
198
926
476
274
155
256
183
370
58
601
237
309
76
0
389
292
995
85
362
919
385
502
131
358
547
687
931
750
1000
403
732
419
378
133
236
139
830
894
991
332
846
330
128
805
772
883
66
16
517
187
284
830
653
448
825
270
706
10
840
304
237
872
741
484
528
860
997
660
624
257
507
348
843
214
68
366
539
728
891
681
616
818
356
956
346
113
501
318
733
506
80
586
930
915
137
488
798
988
382
2
578
597
505
648
610
354
100
421
992
822
456
391
978
389
0
849
778
251
628
784
533
740
292
285
795
247
472
126
975
742
238
389
899
487
294
879
638
618
626
315
798
886
679
978
911
272
953
761
860
529
228
915
76
426
163
483
224
38
544
214
205
792
637
585
252
25
350
357
295
941
239
373
220
968
805
357
89
63
477
491
730
113
146
671
552
968
417
503
567
443
935
243
941
728
400
30
16
894
54
259
626
849
690
976
834
848
410
211
645
821
114
894
520
292
849
0
613
86
945
548
623
284
536
87
565
182
51
600
964
982
93
531
644
221
497
667
11
347
269
295
257
380
74
220
428
662
944
961
680
764
639
282
250
644
126
814
658
846
130
857
657
158
361
113
181
592
653
797
104
284
784
881
889
272
458
420
103
399
458
406
419
322
384
530
299
510
129
669
454
435
272
757
752
367
929
381
633
390
873
934
666
853
767
676
630
16
745
498
564
6
463
294
685
995
778
613
0
587
673
579
458
749
804
421
757
623
811
847
730
122
651
817
513
800
568
272
184
791
623
922
193
632
371
621
657
979
948
682
274
932
326
96
142
495
463
270
932
626
116
442
222
168
984
584
868
612
587
874
880
942
889
780
381
349
467
567
756
664
888
362
604
717
475
812
292
668
974
978
11
941
827
433
476
970
941
179
361
604
817
224
850
742
157
116
936
74
92
299
585
115
202
728
774
85
251
86
587
0
437
621
95
574
146
432
442
240
803
528
600
685
91
373
751
146
984
302
255
213
411
117
487
672
79
564
633
303
43
462
131
419
424
749
439
248
867
715
486
19
621
299
973
462
523
715
251
31
577
337
1
760
76
538
137
640
837
405
532
604
961
853
45
187
583
447
478
723
161
854
36
533
139
898
583
579
302
948
767
116
950
298
309
488
81
345
801
818
712
630
400
621
90
22
1000
362
628
945
673
437
0
129
516
595
845
694
318
559
788
281
136
548
480
277
455
973
29
800
619
250
186
705
427
440
821
734
528
260
145
138
89
823
512
70
734
749
620
46
858
92
578
185
161
111
615
327
284
744
100
15
440
69
613
220
372
772
494
676
685
258
679
726
354
824
189
768
781
227
69
908
652
567
380
851
172
973
839
238
915
756
481
748
453
534
514
948
848
72
683
232
443
498
215
215
417
919
784
548
579
621
129
0
536
896
749
114
831
946
88
287
702
671
689
683
809
373
408
908
890
330
492
109
744
523
721
885
723
388
949
168
665
40
255
11
87
323
371
961
92
844
706
998
302
235
823
716
256
169
505
578
357
405
896
719
767
729
57
416
314
273
801
496
163
121
625
107
707
567
512
236
94
584
920
228
928
181
719
135
696
499
398
341
955
706
153
403
17
361
108
220
369
753
41
282
142
385
533
623
458
95
516
536
0
679
766
183
631
244
553
76
777
614
514
569
216
421
436
942
138
966
881
429
664
682
219
680
330
401
165
948
73
824
787
700
795
443
943
660
407
797
240
629
800
642
43
478
441
65
795
895
929
740
599
515
364
480
185
76
760
47
102
86
375
123
149
94
344
407
804
232
597
209
610
551
993
23
178
614
973
646
361
601
751
161
821
765
584
198
552
7
805
308
410
124
992
502
740
284
749
574
595
896
679
0
609
144
630
10
436
104
121
970
61
858
788
564
378
148
805
559
177
378
426
670
630
713
333
408
431
619
713
316
478
653
245
957
348
928
434
366
613
612
935
422
352
232
800
645
825
575
556
378
96
600
65
277
873
499
864
594
396
849
697
472
796
214
988
370
670
109
830
275
965
373
77
54
470
966
541
647
772
756
956
132
944
297
763
95
316
967
204
129
79
296
920
131
292
536
804
146
845
749
766
609
0
217
351
677
923
374
527
680
379
579
486
83
768
652
573
710
861
170
371
828
307
583
829
557
587
290
858
536
691
305
176
815
49
726
658
857
634
487
30
71
962
258
121
610
71
47
659
346
694
762
538
43
4
49
281
44
460
535
128
366
970
782
966
31
81
72
546
327
399
2
109
740
991
754
935
611
423
495
381
256
358
473
95
416
363
417
21
818
266
127
262
358
285
87
421
432
694
114
183
144
217
0
200
860
183
488
168
198
267
45
186
615
844
5
575
897
147
519
691
78
537
161
696
689
203
244
36
781
387
113
836
257
47
416
591
843
839
189
437
236
970
213
107
682
503
109
247
423
809
10
959
279
117
589
99
799
351
21
600
479
213
488
811
411
687
216
583
673
747
342
790
650
845
453
296
255
693
616
374
365
291
789
580
433
269
214
479
593
40
520
219
547
795
565
757
442
318
831
631
630
351
200
0
641
168
822
648
299
676
886
254
896
857
769
661
557
442
168
326
186
729
510
586
196
814
69
948
543
114
651
955
36
618
605
526
450
22
335
720
126
474
394
984
510
337
352
38
589
705
484
420
735
82
237
763
127
532
324
664
644
463
548
437
559
173
940
557
23
166
218
442
329
990
729
44
243
746
794
2
927
176
338
62
454
121
954
80
698
459
510
172
687
247
182
623
240
559
946
244
10
677
860
641
0
139
323
919
657
884
355
102
367
495
39
32
53
579
131
999
731
690
5
790
503
132
265
198
949
247
863
70
984
989
998
791
221
640
146
8
493
535
623
117
867
914
930
334
489
392
231
116
368
376
794
914
746
725
408
594
829
690
448
402
600
137
467
237
772
422
990
166
745
865
119
32
797
818
894
626
16
67
952
800
322
856
908
799
880
294
290
858
931
472
51
811
803
788
88
553
436
923
183
168
139
0
9
458
265
891
93
385
563
754
230
631
47
766
174
789
582
519
141
466
828
317
772
498
99
884
413
222
395
782
811
669
160
579
635
302
157
610
704
85
188
274
735
172
450
610
506
251
663
264
785
826
201
868
780
658
731
263
192
177
816
163
518
575
30
910
753
500
925
928
277
199
164
324
18
550
699
663
896
303
254
64
30
755
265
590
246
196
750
126
600
847
528
281
287
76
104
374
488
822
323
9
0
121
168
94
927
637
903
88
112
357
410
524
879
851
711
610
146
82
557
124
327
940
217
945
383
405
144
444
839
710
387
28
185
839
987
286
468
503
336
829
212
737
84
406
976
869
704
398
309
379
530
320
988
372
201
510
714
358
863
531
70
682
943
867
844
866
650
98
930
429
412
791
681
969
648
393
17
95
394
464
952
337
940
838
75
804
1000
975
964
730
600
136
702
777
121
527
168
648
919
458
121
0
256
317
80
329
716
678
967
228
296
201
20
29
172
151
34
285
224
205
14
443
1
896
44
264
787
332
670
40
187
204
643
531
395
356
920
662
509
624
170
117
293
643
518
493
363
826
504
102
27
17
857
506
852
854
2
725
825
930
888
197
393
224
432
326
877
294
868
813
657
433
171
763
1
307
247
426
168
748
688
458
677
396
919
419
403
742
982
122
685
548
671
614
970
680
198
299
657
265
168
256
0
34
16
32
416
935
425
239
955
663
892
479
667
916
673
487
647
723
740
361
522
848
814
952
488
295
948
299
327
849
695
427
400
661
404
915
804
59
242
519
350
964
622
16
882
583
585
951
576
671
920
585
174
341
316
204
806
369
813
251
874
573
463
957
285
974
896
667
873
739
831
909
701
663
952
178
555
881
552
574
388
486
138
664
732
238
93
651
91
480
689
514
61
379
267
676
884
891
94
317
34
0
234
535
673
503
122
710
599
545
460
159
36
689
249
423
566
295
785
396
389
698
428
378
267
118
855
510
47
218
544
292
242
850
576
550
310
171
969
310
162
589
309
545
45
873
763
895
68
374
351
151
933
632
371
193
39
612
15
527
327
587
417
864
718
633
907
825
360
912
431
399
144
26
127
837
475
466
321
757
354
216
345
445
419
389
531
817
373
277
683
569
858
579
45
886
355
93
927
80
16
234
0
709
688
755
445
916
374
855
916
104
220
138
936
277
447
933
600
855
951
724
939
707
235
93
615
612
443
902
399
139
656
649
866
288
416
192
209
520
383
622
582
984
589
8
459
304
687
958
785
475
887
174
96
625
664
832
99
101
650
816
976
765
534
257
76
988
423
485
213
60
870
606
483
272
805
208
185
524
782
648
632
919
378
899
644
513
751
455
809
216
788
486
186
254
102
385
637
329
32
535
709
0
490
269
550
252
477
192
829
157
512
373
741
424
844
669
412
746
853
441
699
162
521
779
498
975
128
631
775
167
154
241
13
302
125
671
267
105
583
994
948
457
150
332
259
521
496
207
251
116
237
197
523
626
177
944
789
126
927
109
509
883
658
221
336
819
144
351
725
537
533
196
318
819
494
929
497
108
458
18
581
911
133
487
221
800
146
973
373
421
564
83
615
896
367
563
903
716
416
673
688
490
0
284
961
788
184
536
388
858
902
275
143
963
378
978
660
25
993
345
287
979
319
213
899
456
57
372
932
531
336
878
414
833
726
50
66
945
938
739
284
773
971
19
740
982
515
827
11
551
213
268
27
540
758
549
492
698
684
696
445
843
505
378
327
57
638
522
995
116
549
110
976
687
265
489
113
790
768
541
904
62
236
294
497
568
984
29
408
436
378
768
844
857
495
754
88
678
935
503
755
269
284
0
571
389
583
562
379
355
901
795
415
283
759
276
261
52
573
433
690
618
479
180
999
606
130
484
284
970
678
65
777
281
908
129
643
650
348
116
944
776
867
156
127
481
481
536
271
74
176
65
433
998
297
332
186
864
207
64
448
671
281
966
756
836
527
256
972
245
813
869
333
592
47
175
670
425
885
902
186
936
139
879
667
272
302
800
908
942
148
652
5
769
39
230
112
967
425
122
445
550
961
571
0
596
906
180
44
876
379
660
781
540
583
258
541
366
305
163
608
498
801
567
433
361
73
302
848
388
981
829
63
97
786
922
137
596
596
2
644
368
856
565
710
127
629
242
676
602
210
290
425
184
489
410
122
695
992
436
938
707
721
961
882
894
793
430
325
441
8
430
124
382
643
449
873
666
666
932
242
249
830
638
11
184
255
619
890
138
805
573
575
661
32
631
357
228
239
710
916
252
788
389
596
0
359
717
817
765
567
324
266
553
646
43
353
488
769
872
189
324
407
573
272
892
914
940
413
432
334
98
380
474
1000
470
76
895
717
36
164
316
497
708
21
978
293
430
282
467
979
91
263
316
638
684
866
282
515
608
781
784
232
261
778
676
151
37
769
321
575
799
43
255
518
751
4
393
341
556
402
907
894
618
347
791
213
250
330
966
559
710
897
557
53
47
410
296
955
599
374
477
184
583
906
359
0
864
589
136
396
209
371
699
941
695
465
462
445
689
155
790
143
825
72
141
584
556
88
654
921
736
717
206
120
685
661
444
932
61
718
274
893
664
86
51
518
863
658
956
334
204
96
823
487
22
118
184
133
83
487
880
315
93
39
771
110
148
853
4
58
583
760
549
27
311
165
699
584
165
915
608
991
626
269
623
411
186
492
881
177
861
147
442
579
766
524
201
663
545
855
192
536
562
180
717
864
0
708
798
160
81
75
846
163
745
432
177
247
672
355
36
460
371
826
417
612
973
636
95
660
220
37
838
905
191
697
850
865
440
340
593
812
36
420
935
759
4
462
343
662
242
680
171
996
994
35
775
176
333
772
699
869
687
633
642
456
470
177
500
542
765
886
439
404
651
899
317
404
517
268
445
332
315
295
922
117
705
109
429
378
170
519
168
131
174
879
20
892
460
916
829
388
379
44
817
589
708
0
957
619
401
840
642
188
179
98
109
948
502
707
60
75
668
436
68
196
931
490
11
259
929
370
783
554
22
190
304
557
836
392
125
672
529
690
375
225
73
637
708
462
816
322
170
48
401
870
154
632
825
324
807
543
269
456
98
386
270
420
679
655
685
488
127
688
184
222
733
316
310
300
816
846
798
257
193
487
427
744
664
426
371
691
326
999
789
851
29
479
159
104
157
858
355
876
765
136
798
957
0
13
395
193
305
786
575
967
947
525
998
92
498
767
959
529
536
296
985
539
322
868
300
728
127
591
911
978
514
968
839
825
851
459
245
671
112
990
267
575
900
958
481
947
269
441
151
214
705
107
761
332
683
441
295
271
968
938
376
284
259
480
268
142
549
295
664
416
488
407
20
152
347
330
886
380
632
672
440
523
682
670
828
78
186
731
582
711
172
667
36
220
512
902
901
379
567
396
160
619
13
0
22
759
27
74
675
713
304
752
205
500
353
570
732
629
576
368
180
433
469
58
318
389
370
272
693
860
737
640
297
580
581
827
978
675
274
686
254
353
260
952
550
72
684
117
431
4
606
665
748
203
4
622
848
901
479
781
496
188
81
558
731
357
183
461
922
402
91
812
13
331
759
128
679
74
371
79
821
721
219
630
307
537
729
690
519
610
151
916
689
138
373
275
795
660
324
209
81
401
395
22
0
119
837
215
799
334
84
236
185
780
882
298
631
101
449
664
278
84
916
918
576
820
14
538
596
470
41
21
463
543
957
451
722
590
429
992
322
67
282
631
99
828
377
3
234
100
768
196
631
817
411
270
605
766
571
665
394
967
834
643
97
258
649
719
352
75
822
872
811
399
378
805
978
220
621
564
734
885
680
713
583
161
510
5
141
146
34
673
249
936
741
143
415
781
266
371
75
840
193
759
119
0
56
709
713
472
557
948
270
489
200
342
541
270
425
195
203
174
384
303
695
386
565
301
205
459
318
244
895
862
532
473
849
392
411
751
513
515
218
445
285
61
374
183
264
364
556
842
422
384
344
94
362
687
769
913
658
25
644
98
624
301
811
839
458
195
536
459
585
712
833
772
911
428
657
633
528
723
330
333
829
696
586
790
466
82
285
487
423
277
424
963
283
540
553
699
846
642
305
27
837
56
0
414
711
779
578
857
913
226
840
40
181
392
111
27
934
980
636
541
49
180
561
452
592
429
973
792
409
761
150
695
463
476
934
601
40
98
99
652
567
203
34
438
654
910
423
146
695
181
962
924
763
182
151
680
49
318
204
452
313
144
597
705
512
345
576
756
869
14
236
883
272
662
979
303
260
388
401
408
557
689
196
503
828
557
224
647
566
447
844
378
759
583
646
941
163
188
786
74
215
709
414
0
566
598
450
143
315
419
724
765
788
824
274
740
847
255
550
174
380
824
837
771
161
616
62
700
874
163
6
871
204
499
999
950
413
155
594
12
508
640
543
695
916
536
977
709
324
930
12
344
878
322
401
489
374
497
814
545
261
906
712
250
797
941
704
135
567
683
701
66
953
944
948
43
145
949
165
431
587
203
814
132
317
124
205
723
295
933
669
978
276
258
43
695
745
179
575
675
799
713
711
566
0
338
929
865
468
119
205
164
214
387
131
470
863
719
391
168
854
280
607
789
904
509
101
196
559
909
177
887
392
711
860
178
460
276
241
188
355
25
192
335
178
194
315
826
404
331
820
4
924
845
837
177
33
998
7
893
836
536
556
43
485
312
956
309
554
804
424
16
761
961
682
462
138
168
948
619
290
244
69
265
772
327
14
740
785
600
412
660
261
541
353
465
432
98
967
713
334
472
779
598
338
0
948
963
937
797
217
32
701
677
360
997
119
568
842
815
267
959
879
255
321
607
738
674
716
370
135
176
318
772
168
176
813
706
74
712
789
486
997
625
220
108
983
148
689
550
508
995
800
792
109
159
498
115
550
836
211
801
647
79
296
753
299
473
832
177
212
517
860
680
274
131
89
665
73
713
858
36
948
198
498
940
443
361
396
855
746
25
52
366
488
462
177
109
947
304
84
557
578
450
929
948
0
471
747
215
695
152
755
313
692
5
709
56
383
636
309
777
187
325
150
621
250
313
615
222
305
201
292
268
23
867
616
275
784
400
415
606
14
978
522
93
589
544
762
632
184
66
291
44
802
604
764
218
759
740
881
473
149
255
691
505
491
234
736
620
364
187
529
764
932
419
823
40
824
316
536
781
543
949
99
217
1
522
389
951
853
993
573
305
769
445
247
948
525
752
236
948
857
143
865
963
471
0
363
383
502
550
417
137
461
916
919
459
581
732
20
50
379
549
462
304
68
353
854
949
454
1
157
284
699
513
390
520
632
922
265
456
618
104
440
761
209
36
484
756
627
201
946
127
826
455
931
11
59
994
463
681
16
941
730
906
481
600
47
892
870
284
228
639
326
424
512
255
787
478
691
387
114
247
884
945
896
848
698
724
441
345
433
163
872
689
672
502
998
205
185
270
913
315
468
937
747
363
0
427
610
808
938
366
949
965
554
234
503
685
881
595
111
827
361
728
119
668
797
211
428
14
223
738
636
481
702
267
569
15
317
687
178
892
540
739
559
222
456
667
865
620
376
733
312
533
396
25
561
695
349
579
606
119
729
599
667
136
63
156
914
830
915
282
96
749
70
11
700
653
305
113
651
863
413
383
44
814
428
939
699
287
690
608
189
155
355
707
92
500
780
489
226
419
119
797
215
383
427
0
245
968
540
249
881
262
296
337
325
153
74
335
561
749
550
294
768
159
655
708
519
130
43
362
422
55
658
423
127
380
88
772
192
318
389
199
694
19
390
138
41
241
183
49
19
952
881
754
927
812
778
686
185
939
69
198
25
844
810
993
89
653
76
250
142
439
734
87
795
245
176
836
955
70
222
405
264
952
378
707
162
979
618
498
324
790
36
60
498
353
882
200
840
724
205
217
695
502
610
245
0
137
285
85
671
610
654
67
268
30
715
994
389
650
377
823
221
634
789
931
700
110
389
948
858
219
226
576
310
2
856
41
100
429
482
247
251
842
546
463
559
867
691
677
964
196
71
597
109
196
484
23
140
581
113
227
712
407
442
347
733
448
426
644
495
248
749
323
443
957
815
257
36
984
395
144
787
488
267
235
521
319
479
801
407
143
460
75
767
570
298
342
40
765
164
32
152
550
808
968
137
0
263
614
933
244
236
275
747
700
248
936
453
699
639
765
123
824
862
815
511
941
389
936
321
547
173
662
223
929
382
979
276
960
963
738
429
963
911
828
72
164
823
63
970
208
155
350
666
903
659
481
306
821
478
182
705
575
433
362
233
825
163
126
463
867
620
371
943
348
49
47
618
989
782
444
332
295
118
93
779
213
180
567
573
825
371
668
959
732
631
541
181
788
214
701
755
417
938
540
285
263
0
526
642
882
509
791
551
744
425
420
766
400
280
386
132
393
921
184
762
124
899
542
252
193
884
640
328
661
424
123
172
179
595
572
539
87
115
879
710
640
343
382
202
142
788
665
640
546
795
500
704
617
143
24
973
342
999
571
338
270
483
814
270
715
46
961
660
928
726
416
605
998
811
839
670
948
855
615
498
899
999
433
272
72
826
436
529
629
101
270
392
824
387
677
313
137
366
249
85
614
526
0
251
333
816
333
175
982
549
904
348
73
919
874
273
60
141
146
689
568
273
408
829
521
23
961
81
105
725
222
725
612
974
245
465
265
412
40
325
13
240
12
200
26
837
810
24
112
961
160
121
895
363
300
950
927
990
847
756
706
224
658
932
486
858
92
407
434
658
591
526
791
669
710
40
299
510
612
975
456
606
361
892
141
417
68
536
576
449
425
111
274
131
360
692
461
949
881
671
933
642
251
0
741
141
781
851
607
242
289
432
658
431
278
611
981
683
845
74
21
946
218
603
344
775
100
895
572
724
537
657
808
396
68
569
308
801
574
836
633
170
49
527
898
340
344
863
553
139
558
30
845
27
194
742
35
185
889
809
10
38
846
626
19
92
844
797
366
857
843
450
221
160
387
187
327
47
443
128
57
130
73
914
584
612
196
296
368
664
195
27
740
470
997
5
916
965
262
610
244
882
333
741
0
598
394
394
743
487
900
433
644
720
882
528
75
309
181
714
127
26
121
620
865
299
72
696
376
346
242
215
869
496
688
753
918
347
540
521
54
31
37
818
902
311
539
682
977
346
452
977
381
675
141
137
334
824
407
242
840
544
130
116
621
578
706
240
613
634
839
22
640
579
28
204
849
218
902
631
372
484
302
940
556
973
931
985
180
278
203
934
847
863
119
709
919
554
296
654
236
509
816
141
598
0
632
383
556
929
454
470
78
448
133
911
621
845
153
545
458
977
656
414
971
359
307
644
762
389
586
537
45
709
549
836
693
47
802
566
946
650
347
110
941
487
531
759
367
135
771
958
450
602
680
822
582
218
268
415
304
214
857
442
299
185
998
629
612
487
189
335
146
635
185
643
695
544
399
775
932
284
848
413
88
636
490
539
433
84
174
980
255
719
568
56
459
234
337
67
275
791
333
781
394
632
0
123
604
482
882
439
4
740
332
503
182
509
5
211
142
409
848
458
708
724
143
652
966
265
404
932
275
243
610
885
394
724
286
181
212
525
520
320
905
932
947
367
608
265
644
383
657
714
295
976
150
205
743
570
237
205
657
222
973
161
302
800
935
30
437
720
8
302
839
531
427
292
139
167
531
970
388
432
654
95
11
322
469
916
384
636
550
391
842
383
581
503
325
268
747
551
175
851
394
383
123
0
255
470
379
725
488
315
391
197
577
442
838
966
625
98
87
97
859
586
293
469
136
788
4
402
205
988
843
194
627
431
278
666
233
540
992
155
758
265
162
593
141
656
29
497
508
232
644
540
473
599
894
287
872
792
158
168
462
111
235
642
422
71
236
126
493
157
987
395
400
242
656
154
336
678
981
334
921
660
259
868
58
918
303
541
174
168
815
636
732
685
153
30
700
744
982
607
743
556
604
255
0
801
45
290
86
515
100
294
683
870
580
431
74
988
573
844
305
720
920
741
965
444
809
944
496
792
210
701
371
117
611
543
631
235
730
617
838
783
928
608
693
576
306
377
196
877
931
948
129
590
809
254
741
637
361
984
523
615
823
43
352
962
970
474
535
610
286
356
661
850
649
241
878
65
829
98
736
220
929
300
318
576
695
49
380
854
267
309
20
881
74
715
248
425
549
242
487
929
482
470
801
0
939
434
32
80
422
472
107
213
636
431
575
523
392
624
282
987
422
995
371
265
161
501
884
486
182
179
264
824
615
38
425
18
470
325
93
493
950
709
281
460
188
520
635
280
708
909
223
874
235
172
484
585
113
584
715
327
716
478
232
258
213
394
623
704
468
920
404
576
866
13
414
777
63
380
717
37
370
728
389
820
386
180
824
280
959
777
50
595
335
994
936
420
904
289
900
454
882
379
45
939
0
975
908
131
593
577
686
208
693
688
101
894
551
49
461
762
332
554
484
787
237
111
330
870
377
62
303
526
664
985
224
776
838
881
509
326
996
726
249
863
184
872
924
320
698
375
682
547
738
202
528
252
181
868
251
284
256
441
800
121
107
984
117
85
503
662
915
550
288
302
833
281
97
474
206
838
783
127
370
14
565
561
837
607
879
187
379
111
561
389
453
766
348
432
433
470
439
725
290
434
975
0
114
335
643
710
935
585
197
306
909
578
641
220
993
678
700
759
946
630
873
939
814
21
636
590
409
283
481
10
203
72
353
200
105
131
39
253
816
73
921
27
825
579
751
614
148
948
134
876
860
25
592
612
31
744
169
65
645
610
682
510
867
188
336
509
804
310
416
125
726
908
786
1000
120
905
554
591
272
538
301
452
771
789
255
325
549
827
749
650
699
400
73
658
644
78
4
488
86
32
908
114
0
597
158
645
710
947
509
763
351
470
491
939
155
229
765
654
891
199
426
678
51
960
673
853
273
542
145
837
685
603
165
909
81
966
87
572
778
584
848
983
759
10
558
482
805
754
271
311
997
350
653
587
577
100
505
795
825
71
503
337
914
274
829
624
59
171
192
671
50
129
922
470
685
191
22
911
693
596
205
592
161
904
321
150
462
361
550
377
639
280
919
431
720
448
740
315
515
80
131
335
597
0
308
376
608
482
993
588
49
153
350
885
326
779
699
550
458
350
663
501
449
54
473
110
173
545
961
835
347
818
866
821
542
10
786
614
749
570
866
340
956
656
597
377
281
814
376
782
660
357
797
874
337
15
578
895
575
47
109
352
930
735
212
170
242
969
209
267
66
643
137
76
661
697
190
978
860
470
459
429
616
509
607
621
304
728
294
823
765
386
874
278
882
133
332
391
100
422
593
643
158
308
0
