0
954
881
692
634
250
571
595
249
598
824
606
889
728
449
606
307
892
363
881
532
257
395
619
807
291
849
668
376
817
579
520
526
481
658
450
252
378
829
840
364
219
499
694
886
551
743
420
166
937
381
538
846
534
868
959
946
958
341
258
117
906
911
765
652
814
934
257
910
691
513
152
185
658
187
946
479
225
418
725
542
496
247
936
673
134
905
699
279
123
850
260
592
827
245
199
649
480
217
396
954
0
136
352
414
384
813
824
157
828
869
550
472
909
236
740
239
770
788
396
333
658
600
739
390
973
284
273
898
812
942
491
423
179
208
680
155
569
179
762
767
657
861
381
596
387
422
963
642
539
848
442
115
408
116
586
804
837
937
874
690
709
368
524
129
118
769
882
490
369
316
746
559
818
266
883
574
714
704
263
654
612
872
517
371
292
248
547
690
322
179
540
609
172
356
154
976
227
915
299
881
136
0
519
516
606
815
363
888
732
150
695
302
921
544
967
302
993
658
934
408
330
879
185
314
863
127
145
753
840
299
519
401
201
580
232
144
487
873
679
401
950
509
631
175
327
642
922
395
835
885
738
975
315
794
791
821
186
927
579
532
969
724
821
744
465
147
467
330
881
778
745
808
776
665
992
363
377
492
158
993
192
667
589
613
888
659
705
344
319
715
155
640
499
280
621
945
844
161
738
692
352
519
0
461
510
968
976
526
637
108
509
299
359
683
944
769
672
775
972
195
987
729
499
324
462
535
386
540
295
750
884
123
757
385
910
797
536
551
718
512
305
930
919
580
194
332
249
181
652
897
634
862
820
856
567
617
276
479
768
393
805
369
225
692
207
322
133
477
950
227
921
670
793
979
283
237
374
217
601
590
640
556
764
272
319
990
442
713
596
853
164
439
291
328
175
178
224
283
649
634
414
516
461
0
979
147
359
840
814
458
322
203
169
659
458
995
187
905
951
552
399
175
956
663
234
979
590
242
501
755
370
630
388
297
939
791
274
393
339
475
584
249
607
894
741
729
643
144
335
279
523
604
383
113
965
909
849
553
693
786
560
894
775
165
915
730
971
824
198
172
729
319
285
767
706
943
505
252
987
651
550
593
401
961
910
885
731
946
633
941
975
175
279
341
422
554
510
635
105
250
384
606
510
979
0
557
434
905
713
783
665
796
208
703
267
797
395
965
177
903
150
682
168
520
411
149
979
814
397
701
551
503
378
823
912
836
397
942
216
627
574
560
595
732
258
252
423
921
163
638
636
152
828
520
254
810
876
369
303
948
405
831
517
173
559
445
542
410
895
346
813
643
524
228
761
454
999
434
859
551
401
729
281
784
265
148
365
707
955
849
490
743
763
507
727
697
372
580
822
571
813
815
968
147
557
0
585
636
360
244
447
720
742
760
172
906
247
931
725
498
996
543
704
252
449
275
500
780
713
950
894
921
111
161
656
587
383
163
871
142
679
384
609
433
188
547
668
564
330
303
449
484
411
991
153
717
547
941
268
999
919
753
364
758
372
960
577
736
381
806
757
296
521
288
379
396
936
513
557
357
742
812
838
700
480
608
361
182
264
235
745
413
836
792
581
685
571
181
853
595
824
363
976
359
434
585
0
804
389
466
231
873
399
380
611
705
955
533
669
332
158
629
239
299
811
246
619
141
188
631
944
260
936
604
132
317
494
391
384
871
565
535
114
893
426
640
542
937
862
997
144
983
634
294
841
652
330
312
614
842
227
348
364
378
761
752
567
926
260
556
260
807
732
228
987
240
806
293
128
279
581
756
722
209
264
937
936
771
295
427
676
892
373
843
189
881
639
429
770
249
157
888
526
840
905
636
804
0
653
825
526
405
543
987
482
677
680
574
224
498
476
406
945
502
283
948
172
145
323
960
797
787
418
357
770
564
984
761
527
436
326
107
339
553
477
311
869
944
609
282
710
708
250
447
117
641
352
960
897
540
361
933
552
911
520
397
880
896
311
633
487
203
877
412
206
709
217
967
944
261
345
698
680
305
993
837
832
728
516
661
810
331
693
359
414
579
892
562
698
598
828
732
637
814
713
360
389
653
0
367
803
986
508
581
833
644
725
186
151
750
230
762
502
657
427
981
441
483
845
940
171
953
568
473
306
901
225
327
675
423
328
997
727
469
670
704
933
804
555
197
723
344
588
902
681
919
875
174
453
392
199
613
730
232
132
782
699
197
128
131
477
588
345
591
739
739
841
644
224
281
549
443
166
149
817
867
513
348
881
919
340
339
277
384
483
308
527
798
203
824
869
150
108
458
783
244
466
825
367
0
743
986
263
796
384
745
459
418
1000
284
280
583
663
448
799
824
476
460
465
602
520
436
290
199
723
519
246
931
693
863
635
198
545
716
187
393
848
705
390
204
432
598
193
986
173
609
250
369
237
530
828
472
949
635
332
700
222
621
350
155
243
129
749
110
155
639
450
697
247
643
279
377
129
717
446
149
818
688
649
141
918
919
276
997
868
834
535
822
146
606
550
695
509
322
665
447
231
526
803
743
0
295
444
718
635
568
510
762
582
651
790
426
131
233
787
615
342
419
909
824
805
762
697
870
219
813
202
586
379
713
586
873
569
864
980
441
335
776
431
716
766
255
324
559
905
477
330
401
908
283
226
675
981
744
427
287
625
685
826
139
919
751
896
237
352
722
404
357
730
208
722
118
592
310
544
687
286
276
781
768
657
156
299
816
774
945
811
380
880
889
472
302
299
203
796
720
873
405
986
986
295
0
779
506
939
281
716
904
511
948
892
544
725
698
880
896
680
498
694
625
155
485
390
374
281
952
966
106
435
498
485
722
870
764
398
340
267
933
340
279
243
472
927
669
800
877
611
470
793
488
845
498
455
870
741
138
591
753
693
896
337
789
560
793
873
109
847
987
161
425
271
440
617
108
587
415
993
583
692
784
819
484
613
221
382
229
172
448
439
728
909
921
359
169
208
742
399
543
508
263
444
779
0
754
610
746
860
340
934
404
930
900
179
919
653
853
316
481
868
564
723
456
392
657
569
358
419
468
638
372
662
209
152
923
454
999
290
752
723
336
416
774
686
361
818
657
984
623
261
749
440
891
850
209
837
366
920
368
778
252
953
442
478
479
859
471
396
222
625
121
584
740
897
712
767
304
311
430
147
436
164
989
143
116
317
119
140
625
204
449
236
544
683
659
703
760
380
987
581
796
718
506
754
0
449
108
566
791
854
112
188
221
436
155
785
288
548
727
208
358
887
527
458
912
734
380
895
283
224
716
955
839
636
314
701
971
324
418
378
318
573
695
573
477
562
983
593
527
636
363
263
281
237
236
173
348
477
937
577
346
413
448
752
562
223
892
434
986
496
233
123
342
991
653
255
348
957
890
670
621
948
524
196
702
839
636
337
650
416
606
740
967
944
458
267
172
611
482
833
384
635
939
610
449
0
898
812
368
813
778
774
605
395
543
106
489
105
700
809
187
211
156
533
342
987
541
618
837
390
448
348
921
724
577
989
936
751
855
391
271
347
202
484
179
211
810
723
812
757
430
408
680
218
886
494
922
771
134
184
119
227
883
308
363
997
449
493
862
739
741
888
529
975
190
174
635
388
550
772
208
608
657
508
589
424
598
517
917
734
307
239
302
769
995
797
906
705
677
644
745
568
281
746
108
898
0
318
362
111
848
854
628
977
162
995
771
661
327
797
814
186
958
775
284
847
515
191
484
583
473
472
107
550
557
136
685
159
806
111
935
822
806
814
356
515
538
320
636
976
495
274
982
128
562
488
786
890
769
155
250
847
309
506
796
590
821
387
510
914
461
763
551
677
177
925
216
467
334
221
489
310
128
997
863
792
187
719
227
530
892
770
993
672
187
395
247
955
680
725
459
510
716
860
566
812
318
0
129
221
311
855
397
605
323
311
836
531
598
743
449
612
286
529
449
326
440
313
123
418
597
715
758
174
449
264
199
666
620
199
482
418
337
429
660
326
295
159
190
644
595
703
369
987
167
934
323
458
318
724
204
242
572
266
623
367
776
214
403
740
510
883
347
602
235
854
197
681
675
865
298
731
177
115
470
697
404
832
305
414
363
788
658
775
905
965
931
533
574
186
418
762
904
340
791
368
362
129
0
198
426
407
920
109
919
271
608
456
202
773
766
208
751
340
753
144
256
281
881
127
874
587
653
295
255
873
413
525
806
916
827
768
440
513
453
820
465
156
493
463
141
500
788
985
111
412
840
725
452
371
335
968
148
816
430
170
396
466
442
619
428
379
446
991
303
385
167
662
738
160
151
844
239
597
840
186
265
865
581
732
881
396
934
972
951
177
725
669
224
151
1000
582
511
934
854
813
111
221
198
0
834
970
678
830
554
131
531
183
818
891
934
570
213
117
611
282
252
295
776
747
686
420
133
977
469
975
853
221
363
539
309
753
489
461
300
577
978
879
913
465
849
444
422
374
411
959
332
402
786
993
365
909
696
340
452
326
687
895
555
220
112
141
533
707
193
177
509
953
704
206
278
602
119
216
457
166
942
265
384
155
532
333
408
195
552
903
498
332
498
750
284
651
948
404
112
778
848
311
426
834
0
619
422
962
891
459
338
353
114
115
201
927
109
250
952
538
891
730
654
689
120
606
314
443
881
754
436
687
551
702
228
973
163
144
393
636
546
535
423
107
978
489
539
652
294
242
188
993
390
148
600
291
334
769
907
323
682
695
233
612
554
839
495
766
564
563
621
297
384
567
467
651
775
937
251
641
538
233
757
848
257
658
330
987
399
150
996
158
476
230
280
790
892
930
188
774
854
855
407
970
619
0
244
892
890
748
423
577
602
617
332
131
231
200
495
879
369
789
606
513
974
804
805
722
747
799
518
765
945
214
650
583
473
956
803
933
489
413
389
841
964
928
149
202
829
128
275
895
307
133
570
176
190
674
807
840
143
463
233
909
403
869
313
177
561
264
859
541
293
554
259
648
610
236
982
746
327
831
518
414
395
600
879
729
175
682
543
629
406
762
583
426
544
900
221
605
628
397
920
678
422
244
0
231
991
522
358
135
478
179
647
257
114
522
398
544
529
688
432
840
115
134
531
157
928
850
378
545
921
971
312
464
117
500
474
301
889
736
358
235
759
863
819
858
521
793
489
117
910
514
459
848
711
583
326
164
948
943
321
572
146
748
115
261
792
917
252
523
836
994
290
414
402
852
531
909
239
369
718
201
619
739
185
499
956
168
704
239
945
502
663
131
725
179
436
395
977
605
109
830
962
892
231
0
798
494
695
444
125
927
359
267
429
892
143
175
185
789
455
935
285
406
404
497
831
729
136
274
858
920
907
226
759
879
943
927
877
933
110
945
200
593
556
900
726
192
154
393
467
713
119
806
962
800
149
998
302
688
781
948
824
551
301
494
223
431
939
394
382
362
485
463
324
215
961
171
273
147
310
293
807
390
314
324
663
520
252
299
502
657
448
233
698
919
155
543
162
323
919
554
891
890
991
798
0
206
316
670
517
656
537
301
299
136
411
909
707
794
454
522
592
420
759
950
126
753
879
280
934
997
428
145
965
534
197
268
812
884
837
604
676
780
879
492
411
906
868
366
742
396
989
534
638
820
696
633
238
598
684
267
494
815
330
300
720
438
619
729
392
574
586
336
167
139
727
360
167
177
359
576
291
973
863
462
234
411
449
811
283
427
799
787
880
653
785
106
995
311
271
131
459
748
522
494
206
0
388
402
387
467
669
558
804
210
547
511
993
110
128
259
114
375
730
511
357
735
842
667
254
480
781
402
441
354
204
418
930
743
948
531
354
678
143
403
193
804
416
441
442
634
800
894
507
471
796
161
916
655
626
852
900
242
710
776
619
998
691
277
260
741
361
566
110
333
535
974
161
164
928
119
849
284
127
535
979
149
275
246
948
981
824
615
896
853
288
489
771
836
608
531
338
423
358
695
316
388
0
163
260
258
793
311
316
677
282
397
794
313
292
555
215
958
428
387
464
505
970
555
220
528
926
964
961
114
963
482
766
212
537
323
863
502
973
135
335
507
409
428
818
440
219
131
699
742
787
310
677
319
155
865
973
252
766
959
158
804
784
708
680
163
542
454
326
788
801
974
182
201
602
194
668
273
145
386
590
979
500
619
172
441
476
342
680
316
548
105
661
531
456
183
353
577
135
444
670
402
163
0
314
940
527
300
397
262
208
717
873
415
602
364
735
169
291
375
246
510
669
285
737
894
996
327
357
225
128
510
356
685
251
822
292
658
231
866
206
275
323
853
188
620
327
492
778
617
361
124
516
549
373
893
971
473
471
621
843
449
151
707
659
634
497
903
271
564
418
779
260
922
709
154
376
898
753
540
242
814
780
141
145
483
460
419
498
481
727
700
327
598
202
818
114
602
478
125
517
387
260
314
0
148
589
384
779
530
404
350
143
107
653
915
306
376
290
223
593
521
875
979
733
999
550
263
832
683
206
521
981
755
504
581
849
515
254
149
487
327
952
830
567
401
385
448
308
229
656
270
887
287
853
720
749
181
611
397
243
864
477
467
402
765
830
445
520
656
742
630
697
495
274
355
817
812
840
295
501
397
713
188
323
845
465
909
694
868
208
809
797
743
773
891
115
617
179
927
656
467
258
940
148
0
838
410
675
543
694
185
964
845
323
357
495
985
851
500
554
226
299
312
858
169
762
970
553
590
438
334
247
268
900
780
756
912
367
765
619
833
279
501
231
590
638
436
243
856
578
389
373
406
596
848
219
250
110
841
454
328
846
413
544
731
836
395
779
297
928
410
854
124
438
377
579
942
299
750
755
701
950
631
960
940
602
824
625
564
358
187
814
449
766
934
201
332
647
359
537
669
793
527
589
838
0
461
654
783
336
709
569
136
949
850
576
845
243
250
261
586
582
582
641
981
922
859
549
493
980
702
917
695
523
891
589
585
801
887
838
499
214
799
343
358
933
263
945
116
747
725
839
941
471
675
113
912
700
827
861
292
786
542
350
799
142
505
818
444
170
890
726
994
951
934
520
491
519
884
370
551
894
944
797
171
520
805
155
723
887
211
186
612
208
570
927
131
257
267
301
558
311
300
384
410
461
0
332
561
330
502
377
163
887
550
609
145
142
198
482
904
490
149
265
127
849
328
770
611
961
293
147
316
242
423
660
140
983
823
959
474
819
313
728
572
715
897
850
266
635
310
936
436
833
732
434
515
663
963
204
385
715
830
246
665
386
348
774
207
505
637
459
264
470
922
526
423
401
123
630
503
921
260
787
953
436
762
485
456
527
156
958
286
751
213
109
231
114
429
299
804
316
397
779
675
654
332
0
675
416
190
405
792
812
255
128
772
279
949
954
679
929
988
979
323
502
482
618
590
810
337
910
746
547
968
332
107
916
404
919
737
738
673
799
394
690
509
117
783
425
893
745
737
476
695
275
947
624
649
597
503
796
317
128
449
718
232
671
686
612
933
832
848
358
248
481
179
201
757
388
378
111
936
418
568
290
697
390
392
458
533
775
529
340
117
250
200
522
892
136
210
677
262
530
543
783
561
675
0
229
511
692
203
270
183
923
708
650
129
200
456
418
479
778
997
392
640
292
986
727
116
940
628
640
163
364
318
963
947
185
350
268
117
599
980
832
944
150
429
444
264
895
520
611
544
958
188
199
276
504
946
240
350
959
188
929
120
936
268
519
335
350
244
782
667
658
208
580
385
297
823
161
604
357
473
199
870
374
657
912
342
284
449
753
611
952
495
398
143
411
547
282
208
404
694
336
330
416
229
0
399
838
906
992
517
539
824
306
170
702
340
684
887
432
406
852
347
714
515
960
983
564
211
868
504
466
194
263
545
289
536
529
438
982
470
484
981
978
295
994
286
684
229
146
912
988
709
275
357
568
489
706
936
720
574
618
677
534
192
667
523
481
658
955
962
450
680
232
910
939
912
656
132
770
306
723
219
281
569
734
987
847
326
144
282
538
879
544
175
909
511
397
717
350
185
709
502
190
511
399
0
710
769
248
522
552
367
662
234
547
932
516
191
352
137
545
996
787
915
727
689
758
512
712
111
917
442
201
595
217
144
421
989
910
579
308
237
986
415
895
919
322
200
892
697
705
490
412
872
754
733
412
568
655
361
451
379
749
304
393
600
332
635
985
149
252
155
144
797
791
836
587
317
564
901
519
813
952
358
380
541
515
440
256
252
891
369
529
185
707
993
794
873
143
964
569
377
405
692
838
710
0
344
325
985
657
166
909
848
431
530
849
201
936
880
887
451
290
176
294
593
310
925
198
671
620
272
762
327
340
849
774
948
830
522
362
123
792
154
667
118
825
901
417
353
198
855
321
443
550
532
887
975
589
885
903
741
293
513
470
831
573
130
931
151
378
569
487
536
274
397
383
494
984
225
246
202
966
419
895
618
191
313
281
295
730
789
688
789
794
110
313
415
107
845
136
163
792
203
906
769
344
0
587
779
401
984
996
529
734
409
471
277
259
722
499
639
359
466
271
850
215
320
639
364
774
372
269
592
615
158
206
810
417
255
128
457
351
633
944
405
351
469
450
173
236
436
786
117
536
405
259
922
109
537
309
592
314
850
516
959
961
337
493
736
829
179
873
551
393
942
163
391
761
327
931
586
106
468
283
837
484
123
881
776
654
606
432
455
454
128
292
602
653
323
949
887
812
270
992
248
325
587
0
725
823
204
355
183
309
449
624
751
201
715
398
292
716
691
872
299
375
662
816
511
858
789
505
492
467
511
288
393
662
593
799
394
119
687
193
935
168
189
711
986
302
465
432
965
674
730
843
178
772
888
585
590
288
731
574
913
707
239
946
705
840
762
679
718
339
216
871
384
527
675
693
379
435
638
224
390
583
418
127
747
689
513
840
935
522
259
555
364
915
357
850
550
255
183
517
522
985
779
725
0
689
713
723
584
199
781
403
995
150
414
285
234
975
539
533
981
139
377
470
463
591
395
903
375
394
889
333
304
555
868
708
856
876
116
652
449
513
174
293
577
795
532
988
884
393
149
819
839
320
276
823
861
388
601
838
466
756
987
329
917
364
767
401
512
475
627
142
871
436
423
863
713
498
372
716
448
473
597
874
686
120
974
115
285
592
114
215
735
306
495
576
609
128
923
539
552
657
401
823
689
0
622
379
743
490
187
983
712
544
525
884
219
793
725
614
226
786
772
445
116
958
359
938
576
196
119
147
462
370
285
464
890
394
407
362
264
607
486
201
762
644
646
266
233
506
597
984
935
223
522
174
877
863
154
770
804
198
408
570
349
219
657
950
305
584
574
679
565
326
328
635
586
485
662
955
348
472
715
587
420
606
804
134
406
420
375
958
169
376
985
845
145
772
708
824
367
166
984
204
713
622
0
811
680
586
800
362
674
832
468
244
175
575
487
719
669
744
377
275
240
478
496
226
420
964
883
685
121
262
190
594
570
291
421
930
704
867
154
629
182
788
724
420
932
429
766
908
856
416
226
488
933
560
971
817
716
491
445
241
585
499
861
509
930
249
560
384
535
107
997
198
873
722
209
839
921
107
758
653
133
314
805
531
404
759
730
428
291
290
851
243
142
279
650
306
662
909
996
355
723
379
811
0
309
942
204
115
130
109
181
241
979
651
398
833
502
818
585
108
615
539
559
522
948
913
904
554
178
922
777
132
817
943
330
627
843
898
654
508
455
131
911
560
496
203
958
980
901
988
459
986
106
176
899
904
533
962
623
686
610
694
381
631
919
607
595
609
114
339
727
545
569
870
152
636
724
550
174
295
977
443
722
157
497
950
511
387
375
223
500
250
198
949
129
170
234
848
529
183
584
743
680
309
0
402
541
510
914
207
181
125
139
251
556
408
677
497
325
624
893
866
602
345
482
246
805
526
437
898
198
850
484
287
872
661
139
630
213
579
656
413
738
785
358
790
163
768
491
482
840
637
117
796
641
490
907
324
428
241
906
886
596
175
580
894
732
433
893
553
469
716
864
764
923
314
577
557
449
255
469
881
747
928
831
126
357
464
246
593
554
261
482
954
200
702
547
431
734
309
199
490
586
942
402
0
543
959
222
776
172
271
813
762
151
811
131
409
181
585
270
735
448
371
692
760
207
686
409
236
846
640
722
998
308
540
189
874
731
266
800
605
158
508
587
119
582
723
878
790
273
581
674
875
327
981
197
427
450
501
340
551
387
327
194
741
258
188
426
477
670
187
980
398
454
701
989
136
264
873
975
754
799
850
729
753
735
505
510
521
226
586
904
679
456
340
932
530
409
449
781
187
800
204
541
543
0
648
600
791
311
961
239
378
737
562
114
434
534
150
552
247
721
793
941
243
113
599
303
617
596
853
243
509
795
326
454
576
972
410
928
997
539
848
576
224
380
237
411
214
458
858
416
750
478
551
318
354
700
405
625
743
422
642
332
729
252
547
640
311
704
393
441
340
999
971
936
685
199
413
853
436
518
378
136
879
842
970
669
875
299
582
490
929
418
684
516
849
471
624
403
983
362
115
510
959
648
0
742
326
297
629
377
160
365
496
836
960
676
549
817
963
790
864
838
950
633
367
257
875
617
212
242
350
178
178
406
521
635
558
448
188
296
854
528
314
542
166
309
181
419
210
414
931
621
355
609
851
965
458
909
420
963
922
249
643
423
668
542
869
933
848
335
267
290
324
751
159
666
525
221
687
765
545
274
280
667
555
285
979
312
582
149
988
479
887
191
201
277
751
995
712
674
130
914
222
600
742
0
323
425
608
863
770
597
730
139
790
640
397
928
482
396
153
783
778
878
788
680
603
341
242
874
986
772
525
189
753
386
733
259
552
909
786
162
250
770
690
376
497
167
592
525
366
779
905
246
830
952
230
387
166
642
395
181
144
921
564
937
944
804
705
776
933
752
418
855
806
620
806
363
551
945
921
858
934
254
220
737
733
858
641
265
979
778
432
352
936
259
201
150
544
832
109
207
776
791
326
323
0
484
919
772
162
771
937
911
288
577
238
508
583
814
828
144
471
801
897
333
450
796
633
545
534
211
241
517
226
713
539
494
556
494
203
345
851
813
795
224
635
658
973
623
872
904
425
338
279
703
241
591
937
539
835
652
335
163
330
862
609
555
390
431
340
723
378
391
111
199
916
539
702
214
971
920
997
480
528
894
999
169
981
127
323
997
406
137
880
722
715
414
525
468
181
181
172
311
297
425
484
0
967
993
406
583
251
892
175
936
706
111
518
928
400
608
409
322
149
178
717
413
257
465
234
872
613
366
485
845
390
695
837
331
999
367
113
443
343
584
456
277
404
896
731
690
770
318
151
168
255
257
381
848
885
897
279
638
303
997
282
197
204
716
279
336
318
271
935
482
827
309
228
650
312
907
428
781
926
996
550
762
922
849
502
392
852
545
887
499
398
285
884
244
241
125
271
961
629
608
919
967
0
310
870
961
345
353
632
493
322
882
995
467
229
827
420
577
196
269
702
579
735
115
204
415
454
498
372
139
522
681
418
106
838
456
155
552
566
982
875
800
290
884
978
209
602
145
492
738
844
739
538
442
738
634
523
636
449
144
710
723
432
766
243
416
573
347
822
418
768
753
973
583
464
226
145
402
964
327
263
970
859
328
482
640
347
996
451
639
292
234
219
175
979
139
813
239
377
863
772
993
310
0
969
313
421
249
885
675
569
919
554
512
377
721
924
785
283
213
585
233
699
478
386
938
916
265
815
904
213
711
413
341
615
378
428
695
219
626
652
461
882
776
636
978
136
186
194
419
349
627
846
115
975
862
604
152
484
983
708
344
598
255
472
774
695
202
806
337
440
489
163
473
117
759
965
441
961
357
832
553
549
770
618
292
714
787
290
359
716
975
793
575
651
251
762
378
160
770
162
406
870
969
0
929
315
269
487
363
375
942
624
741
260
791
158
179
859
322
390
761
180
863
957
136
914
509
841
780
289
254
299
719
685
898
600
559
460
980
109
335
508
945
926
159
842
369
209
630
378
762
534
408
315
820
383
828
411
634
250
588
193
324
927
686
573
484
814
429
513
461
144
956
500
879
534
354
114
225
683
590
493
611
590
986
515
915
176
466
691
539
725
487
398
556
151
737
365
597
771
583
961
313
929
0
232
513
613
404
674
655
874
960
589
176
964
408
797
481
301
623
858
479
358
170
207
883
224
820
517
683
320
643
518
560
723
256
489
118
886
110
700
168
996
979
898
505
208
144
499
694
868
116
794
856
113
520
991
294
447
902
986
559
669
361
477
179
356
660
453
300
393
803
474
943
197
204
963
128
206
438
980
961
810
727
960
727
294
271
872
533
614
719
833
408
811
562
496
730
937
251
345
421
315
232
0
540
882
134
153
686
116
511
203
268
327
222
484
607
388
541
690
473
674
524
191
662
508
338
410
570
233
829
606
747
291
369
947
419
509
533
198
476
721
933
919
966
312
578
888
987
959
586
791
567
965
254
153
841
117
681
173
905
800
818
562
211
515
326
820
577
636
933
301
927
268
418
482
510
521
334
702
293
337
116
983
689
593
850
299
981
226
669
502
677
131
114
836
139
911
892
353
249
269
513
540
0
986
967
811
890
817
266
202
995
730
599
602
358
946
776
230
233
677
689
301
658
744
583
576
114
745
505
610
376
505
543
271
118
640
751
861
171
490
675
752
391
282
604
305
195
946
804
821
617
909
810
717
652
641
919
609
477
877
657
983
810
538
295
465
978
546
489
889
877
812
930
766
356
981
247
917
147
910
940
564
758
310
215
375
139
786
744
818
497
409
434
960
790
288
175
632
885
487
613
882
986
0
621
482
456
222
109
480
205
588
744
934
589
400
746
631
892
487
201
281
382
971
156
132
472
105
263
410
156
618
732
905
703
928
468
941
665
377
414
364
327
271
168
282
533
958
837
186
276
849
876
547
330
352
875
250
330
611
984
593
723
320
159
156
879
535
413
736
933
884
743
212
685
755
268
695
316
746
628
211
512
925
320
662
377
772
377
585
325
181
534
676
640
577
936
493
675
363
404
134
967
621
0
197
777
651
910
741
994
230
779
395
441
984
933
496
118
923
763
969
298
299
780
374
131
440
203
599
482
923
222
986
463
342
524
232
827
427
184
849
606
116
945
789
184
341
937
927
479
553
369
941
312
960
174
369
401
470
623
527
812
636
190
493
913
423
389
358
110
837
948
537
251
504
900
523
242
547
640
868
712
198
639
816
470
445
275
108
624
585
150
549
397
238
706
322
569
375
674
153
811
482
197
0
494
183
911
303
897
870
211
359
257
512
878
459
988
439
494
230
237
159
826
550
621
373
674
134
462
520
279
832
332
994
316
499
713
383
395
878
986
843
897
653
641
258
874
579
768
693
303
268
614
897
453
237
908
793
261
636
757
976
644
463
465
107
841
235
945
604
531
323
822
581
780
891
423
968
163
504
111
671
364
511
463
116
240
615
893
270
552
817
928
508
111
882
919
942
655
686
890
456
777
494
0
937
487
161
223
336
946
291
509
597
265
476
961
168
222
949
945
624
484
438
438
754
381
260
180
872
671
197
493
353
668
558
635
847
715
819
660
918
105
944
965
117
690
532
393
786
948
999
842
540
392
530
283
488
749
363
430
495
595
141
849
978
964
759
200
676
354
863
292
849
756
589
660
332
364
466
917
620
774
858
591
958
478
539
866
735
247
963
482
583
518
995
554
624
874
116
817
222
651
183
937
0
858
373
252
961
955
918
853
464
845
341
511
526
473
706
787
379
469
960
641
925
291
897
491
644
617
743
541
311
627
429
763
623
987
727
804
248
248
685
586
906
709
969
805
560
405
919
227
361
199
828
226
845
440
263
408
274
703
500
444
489
928
863
593
780
678
502
658
515
912
585
140
107
318
194
442
272
372
789
395
359
496
559
602
448
721
790
396
814
928
467
512
741
960
511
266
109
910
911
487
858
0
699
486
749
866
900
276
227
955
464
504
572
290
478
562
143
779
562
437
245
115
270
998
917
511
718
433
917
693
405
334
404
996
899
999
278
828
668
758
911
368
724
369
894
831
753
348
933
613
472
675
498
891
281
680
982
369
788
422
539
149
819
556
879
143
973
231
254
367
801
983
916
963
263
201
762
269
505
903
938
226
522
345
371
793
864
153
828
400
229
377
260
589
203
202
480
741
303
161
373
699
0
904
983
776
535
566
124
143
598
889
522
704
257
790
255
206
778
569
171
683
454
400
230
278
744
828
770
503
716
364
819
458
345
144
172
281
326
247
765
524
821
225
775
517
364
364
552
730
949
981
455
850
237
218
128
987
985
374
652
202
858
900
492
403
135
866
149
765
887
823
404
947
545
595
327
592
492
375
576
420
948
482
692
941
838
783
144
608
827
721
791
176
268
995
205
994
897
223
252
486
904
0
330
879
139
228
109
169
416
210
633
714
876
210
184
175
301
123
645
478
709
868
536
680
139
980
300
699
243
659
285
393
107
383
592
756
391
909
652
129
744
692
165
173
758
378
911
232
635
744
870
209
236
886
562
167
111
411
294
829
521
726
411
193
335
206
487
619
838
959
919
185
289
217
340
615
467
394
196
964
913
246
760
243
950
778
471
409
420
924
158
964
327
730
588
230
870
336
961
749
983
330
0
626
405
894
774
881
450
633
434
177
674
422
678
138
225
522
974
429
418
451
507
806
772
360
148
295
913
935
157
159
520
122
706
919
541
661
814
118
465
207
915
559
372
761
520
132
332
427
741
837
173
494
488
934
412
959
242
128
793
192
906
804
507
275
327
833
499
474
737
350
536
144
849
158
511
889
119
883
904
805
207
113
633
878
801
322
577
785
179
408
222
599
744
779
211
946
955
866
776
879
626
0
470
829
357
338
237
852
845
289
226
356
707
854
272
802
489
958
762
570
326
369
762
460
162
991
500
192
452
446
787
493
314
391
237
486
934
769
147
322
730
445
960
752
397
782
700
287
138
366
348
922
786
323
840
332
188
275
489
154
868
416
409
323
952
279
214
819
738
268
529
421
774
206
288
333
147
685
554
526
686
599
367
788
897
149
196
283
859
797
484
602
934
395
359
291
918
900
535
139
405
470
0
881
971
350
359
561
432
265
711
929
372
801
825
928
782
317
602
738
487
281
121
359
990
812
599
309
507
696
227
994
619
109
124
494
257
882
467
133
971
542
577
567
880
699
222
625
591
920
477
771
890
458
725
402
993
895
117
393
366
441
428
853
830
501
799
313
673
117
438
989
948
810
393
304
462
121
178
437
409
303
257
680
333
178
269
213
322
481
607
358
589
441
257
509
853
276
566
228
894
829
881
0
693
869
793
479
933
736
130
717
495
720
258
329
774
755
363
303
193
534
766
582
179
646
741
856
242
145
879
369
644
818
334
249
910
490
330
477
824
410
736
926
896
197
621
685
753
368
937
134
769
318
452
786
390
307
910
467
742
442
818
188
567
231
343
728
799
599
982
910
830
417
662
555
370
262
922
898
236
617
875
603
450
717
702
585
390
301
388
946
400
984
512
597
464
227
124
109
774
357
971
693
0
168
895
568
439
789
333
365
513
584
1000
571
275
401
512
684
316
929
640
708
805
704
886
322
736
167
398
729
752
125
691
891
691
369
881
950
198
895
381
260
311
128
350
826
693
778
577
184
155
724
371
993
148
133
514
713
396
634
440
620
401
590
358
572
394
980
470
579
522
255
593
868
285
190
777
198
846
596
617
341
796
413
579
233
761
623
541
776
746
933
878
265
845
955
143
169
881
338
350
869
168
0
885
621
234
910
690
908
464
156
241
338
338
143
408
685
878
338
511
256
779
285
851
562
809
767
622
338
784
212
791
699
513
316
778
227
172
346
806
556
633
131
155
139
896
252
346
119
250
204
335
365
600
570
459
119
989
800
219
327
385
638
933
715
690
832
484
308
362
128
799
708
464
594
132
850
640
853
212
242
633
257
735
699
180
858
690
230
631
496
459
476
341
464
598
416
450
237
359
793
895
885
0
749
727
897
144
373
631
225
313
388
736
335
300
889
712
542
765
643
450
857
600
441
636
410
626
953
502
375
881
618
152
746
745
921
729
813
757
260
487
477
243
919
337
953
413
227
847
242
968
909
291
176
848
806
534
894
131
492
448
436
263
897
509
944
981
237
123
457
394
856
890
570
817
484
722
243
242
874
545
465
115
478
863
479
473
233
892
118
988
961
511
504
889
210
633
852
561
479
568
621
749
0
174
679
136
323
133
253
466
913
670
849
362
550
472
281
698
722
334
917
292
141
306
331
815
554
230
506
976
887
185
559
808
670
319
643
296
807
203
588
129
751
789
442
448
883
309
572
148
696
334
190
711
962
638
507
699
778
308
243
945
850
117
150
978
986
792
351
119
876
394
291
943
287
998
509
350
986
534
234
204
386
957
358
674
677
487
923
439
168
526
572
522
633
434
845
432
933
439
234
727
174
0
841
747
209
754
311
930
594
754
176
641
342
386
479
159
977
524
306
388
489
670
296
674
688
554
225
675
404
658
818
776
793
285
524
521
732
877
345
749
896
560
478
752
308
506
266
816
340
769
674
583
800
820
471
742
617
229
856
116
266
783
429
295
415
154
633
687
116
407
421
330
872
308
795
178
772
211
872
415
938
136
170
524
689
201
763
494
222
473
290
704
714
177
289
265
736
789
910
897
679
841
0
520
563
736
217
342
248
187
973
388
236
447
921
251
869
454
196
642
268
576
531
556
937
334
917
363
578
187
266
665
979
767
228
288
228
412
591
110
237
793
479
562
363
796
623
430
452
907
807
326
149
696
796
787
361
656
578
747
635
425
444
994
895
667
944
193
652
362
930
627
661
540
326
178
525
241
613
454
916
914
207
191
301
281
969
230
949
706
478
257
876
674
226
711
130
333
690
144
136
747
520
0
129
625
798
688
768
804
539
527
531
552
972
573
948
483
786
191
773
327
515
713
516
734
809
393
702
946
883
992
283
706
761
379
987
206
739
155
352
873
859
223
997
590
367
170
326
323
840
164
998
633
161
310
124
270
389
725
310
893
264
286
919
118
405
935
449
264
704
843
139
189
454
406
189
517
366
498
265
509
883
662
658
382
298
237
945
787
562
790
210
422
356
929
717
365
908
373
323
209
563
129
0
766
851
240
653
882
287
274
843
584
512
672
759
651
792
791
306
388
338
854
137
434
691
859
997
479
574
363
237
943
454
396
240
709
739
639
722
109
471
892
449
821
776
396
687
682
143
948
302
238
916
677
516
887
373
839
936
745
895
684
322
825
351
168
513
607
867
898
630
874
576
521
753
226
485
372
815
841
224
508
744
971
299
159
624
379
143
255
184
678
707
372
495
513
464
631
133
754
736
625
766
0
196
133
532
744
955
788
291
420
918
181
844
550
421
923
820
512
207
859
729
944
320
494
646
225
714
377
374
505
999
936
806
217
841
450
404
847
396
434
493
387
214
466
895
695
463
943
688
598
655
319
549
287
406
941
436
737
520
229
200
901
469
189
174
486
154
654
213
731
972
635
386
713
845
139
904
780
820
338
583
156
780
826
484
469
779
206
175
138
854
801
720
584
156
225
253
311
217
798
851
196
0
351
980
386
890
330
205
291
143
182
393
159
764
854
265
853
349
469
378
191
190
765
920
418
704
492
217
252
434
513
293
967
644
697
357
987
222
986
862
510
403
442
555
233
233
321
781
684
626
155
373
853
596
471
833
476
611
146
892
417
450
711
293
201
629
508
579
266
410
558
733
539
390
522
213
289
517
410
576
132
374
550
438
960
562
778
301
225
272
825
258
1000
241
313
466
930
342
688
240
133
351
0
479
934
217
147
299
934
642
505
799
552
663
505
895
154
789
415
735
408
626
258
621
725
263
158
601
987
859
557
128
944
224
247
730
161
625
496
739
914
740
619
220
612
909
572
948
267
852
865
893
720
848
675
732
695
544
912
697
353
173
986
577
762
182
455
656
800
928
448
259
494
695
681
711
254
683
570
114
472
131
621
438
641
437
569
123
522
802
928
329
571
338
388
913
594
248
768
653
532
980
479
0
388
635
520
613
177
442
943
419
927
448
475
640
273
617
307
900
255
444
299
858
542
654
993
590
651
551
357
279
261
281
643
208
425
121
233
741
461
510
428
112
554
403
146
824
494
900
973
971
749
219
113
434
275
958
988
705
198
236
302
795
644
788
131
413
605
997
188
552
556
837
418
413
299
320
233
745
105
440
373
754
925
245
171
645
974
489
782
774
275
338
736
670
754
187
804
882
744
386
934
388
0
525
374
422
443
630
965
127
888
848
608
672
599
785
276
164
691
925
783
713
496
612
192
640
550
401
742
581
345
549
279
722
271
584
123
888
763
883
379
141
839
869
748
551
815
242
252
473
181
250
912
515
947
188
709
490
855
436
465
532
646
724
911
738
158
539
296
909
494
331
106
341
719
643
829
505
263
203
674
381
291
115
683
478
429
958
317
755
401
143
335
849
176
973
539
287
955
890
217
635
525
0
141
789
481
715
926
544
990
770
726
483
877
631
112
338
112
722
270
369
247
872
667
556
593
729
812
756
698
443
377
118
440
740
342
529
551
347
446
533
495
313
115
301
330
710
766
471
611
110
700
663
624
199
275
412
321
786
432
988
266
420
560
785
508
848
854
786
203
999
838
615
685
518
606
610
410
599
134
260
897
270
454
709
418
762
602
363
512
408
300
362
641
388
527
274
788
330
147
520
374
141
0
135
966
726
253
839
880
691
784
358
378
249
466
471
493
427
922
990
936
517
589
764
401
281
838
722
680
166
129
592
617
897
991
975
677
602
991
707
766
177
261
494
300
776
959
621
397
841
827
963
649
276
357
872
443
117
965
884
233
932
496
358
587
576
528
162
345
367
456
378
898
560
747
376
156
482
462
180
491
998
400
868
451
570
738
303
684
685
889
550
342
236
531
843
291
205
299
613
422
789
135
0
397
851
963
172
617
280
424
444
331
510
637
868
833
435
203
999
673
371
613
272
961
784
700
209
305
149
717
310
108
712
653
190
177
235
303
193
564
561
792
223
720
619
158
843
243
454
861
204
597
504
568
754
550
536
674
393
506
429
203
790
119
224
314
250
851
113
155
428
600
723
291
505
618
923
520
872
644
917
230
536
507
326
487
193
316
878
712
472
386
447
552
584
420
291
934
177
443
481
966
397
0
153
713
353
297
906
181
494
410
987
768
637
746
421
120
978
134
292
888
319
910
265
480
264
993
817
446
544
587
767
255
174
925
854
385
177
563
264
917
431
438
998
804
449
864
328
292
385
503
946
489
733
532
405
730
149
597
766
958
163
582
380
542
770
813
443
552
695
559
256
369
543
732
222
279
671
617
511
278
680
806
369
281
534
929
338
542
281
479
921
972
512
918
143
642
442
630
715
726
851
153
0
579
655
606
690
416
799
663
414
864
638
106
798
990
836
905
248
659
990
885
148
608
937
837
867
149
687
415
304
348
635
216
197
167
509
621
859
252
939
619
691
784
151
477
846
786
715
796
240
706
412
887
259
843
819
984
908
980
768
723
237
166
690
795
343
566
219
460
489
947
271
905
986
832
197
743
718
744
139
772
762
121
766
640
511
765
698
159
251
573
672
181
182
505
943
965
926
253
963
713
579
0
953
551
142
961
850
745
368
933
975
955
233
825
168
699
547
705
442
731
365
361
936
832
513
818
286
993
311
957
388
467
681
662
953
297
541
523
394
729
277
708
707
467
413
542
830
317
350
936
568
975
922
178
839
935
856
901
491
878
411
309
376
224
584
982
626
980
118
419
118
703
463
332
493
541
433
828
980
360
460
359
582
708
256
643
722
977
869
948
759
844
393
799
419
127
544
839
172
353
655
953
0
806
464
759
464
615
889
157
180
237
401
248
963
279
690
344
713
946
707
182
771
728
348
688
276
583
430
890
550
334
675
738
704
384
293
836
382
392
260
680
659
402
544
350
246
128
959
720
655
589
109
772
320
223
416
988
482
790
214
181
497
635
456
875
652
109
886
509
640
928
342
994
353
311
917
770
300
148
162
990
179
805
779
450
334
524
454
483
651
550
159
552
927
888
990
880
617
297
606
551
806
0
795
856
485
849
604
427
933
270
910
334
919
123
322
319
596
633
955
264
295
516
881
649
781
692
147
670
772
221
865
160
206
567
554
994
362
574
741
163
634
765
731
799
665
449
188
574
361
885
537
888
276
522
226
459
840
273
458
419
167
658
277
800
461
335
110
533
751
468
524
316
668
627
693
503
699
295
991
812
646
704
285
857
917
306
196
786
792
421
764
663
448
848
770
691
280
906
690
142
464
795
0
820
913
409
105
683
232
288
117
372
991
850
179
715
853
941
849
235
427
661
919
141
768
784
436
621
208
489
298
151
278
467
259
290
485
586
361
542
497
830
836
142
386
718
929
618
451
903
309
585
823
174
488
986
637
581
858
210
592
973
404
290
882
508
700
198
861
941
232
499
558
429
405
716
243
913
500
599
741
886
851
600
292
388
642
191
791
923
854
505
475
608
726
784
424
181
416
961
759
856
820
0
410
752
913
658
749
629
974
279
217
260
540
155
164
975
490
745
676
810
340
918
657
819
164
948
608
310
731
844
602
651
648
414
463
336
566
454
903
445
395
505
348
232
120
677
379
741
592
590
861
877
933
106
117
674
416
414
525
623
896
884
776
945
168
476
171
665
827
713
635
763
334
364
659
935
192
309
856
322
562
441
141
489
268
773
306
820
265
895
640
672
483
358
444
494
799
850
464
485
913
410
0
822
369
762
848
958
376
744
757
592
609
640
439
175
743
413
892
331
339
919
156
484
989
524
657
128
177
239
119
775
610
402
324
167
110
326
271
520
779
818
774
671
936
534
749
293
314
288
388
863
560
176
796
875
750
931
366
872
731
978
636
926
996
721
490
377
427
383
847
623
404
819
285
157
452
507
242
736
809
636
306
670
576
327
388
512
853
154
273
599
877
378
331
410
663
745
615
849
409
752
822
0
872
269
861
460
412
550
894
827
172
499
291
279
763
836
373
693
277
276
299
613
143
196
508
997
115
597
216
937
236
852
215
139
333
788
564
656
297
444
207
686
268
192
304
513
850
731
601
154
971
899
641
327
478
621
779
904
690
209
978
159
979
933
675
414
184
395
715
987
996
458
393
159
446
696
145
167
767
410
331
296
531
515
338
207
349
789
617
785
631
249
510
987
414
368
889
604
105
913
369
872
0
696
820
605
674
172
508
245
356
280
328
341
507
792
843
359
384
997
816
221
116
702
589
863
470
840
457
251
982
531
961
727
535
801
418
742
928
170
505
612
519
667
393
470
516
574
838
770
817
904
490
981
551
355
905
425
770
602
136
842
898
919
752
364
849
878
819
727
899
345
107
520
787
227
879
398
622
626
815
674
556
713
854
859
469
415
307
276
112
466
637
768
864
933
157
427
683
658
762
269
696
0
689
718
704
429
717
199
154
621
175
422
727
581
189
414
483
868
774
382
317
839
424
792
697
186
166
641
746
909
171
360
974
974
779
630
410
890
637
933
335
523
600
831
959
913
466
804
716
533
907
197
318
609
246
338
318
145
186
369
505
966
391
327
606
986
660
804
999
144
383
122
493
994
369
729
338
953
554
688
937
516
137
729
378
735
900
164
338
471
868
637
638
975
180
933
232
749
848
861
820
689
0
435
548
197
785
649
976
945
178
554
697
685
881
579
308
834
945
229
119
636
598
187
404
265
942
538
327
239
273
167
161
182
260
697
854
726
459
832
350
481
332
573
961
707
756
198
491
962
324
427
354
851
830
279
151
492
194
209
208
312
282
271
116
843
918
248
278
172
592
706
314
619
644
752
784
502
230
554
334
734
434
944
191
408
255
691
112
493
833
746
106
955
237
270
288
629
958
460
605
718
435
0
933
229
869
480
227
844
224
510
372
571
639
892
527
535
811
172
140
337
517
719
832
865
265
233
831
369
147
177
164
201
922
495
124
994
264
848
244
658
635
130
337
239
987
408
445
623
428
450
700
965
952
703
168
738
419
630
144
578
604
168
945
897
105
248
828
281
756
919
391
109
818
125
212
375
506
225
917
809
691
320
190
626
444
925
722
427
435
421
798
233
401
910
117
974
376
412
674
704
548
933
0
504
112
217
915
161
283
635
580
181
429
562
798
822
380
448
625
650
917
227
305
581
384
757
518
718
310
359
928
602
709
274
438
951
470
358
782
955
985
931
493
946
329
570
241
686
241
501
405
458
230
241
255
844
349
378
499
888
305
282
789
653
944
685
668
326
391
541
237
124
334
691
791
881
976
675
363
393
859
494
765
258
299
783
270
922
203
120
990
825
248
334
372
279
744
550
172
429
197
229
504
0
326
396
299
738
649
105
822
853
770
698
203
146
880
439
204
416
734
530
414
732
155
848
414
201
293
576
119
194
154
355
377
934
922
248
667
962
149
151
736
705
917
349
585
610
906
340
625
909
387
591
257
739
627
762
694
987
195
533
184
641
965
586
758
247
909
661
486
494
249
891
699
618
887
404
578
702
997
646
920
621
858
713
369
990
999
978
836
168
963
919
991
217
757
894
508
717
785
869
112
326
0
