0
763
586
344
842
0
0
0
617
0
760
0
297
443
803
0
435
0
0
13
0
0
0
0
130
0
0
0
0
354
0
756
26
0
322
988
0
0
140
0
162
291
935
0
0
0
0
0
907
0
0
0
0
286
88
10
390
540
429
30
755
334
841
0
753
0
739
872
360
0
0
0
0
704
554
966
0
0
0
0
663
0
765
708
0
0
545
80
870
0
742
0
0
0
960
0
823
0
54
0
763
0
15
213
293
178
0
50
618
110
908
0
220
186
0
787
0
585
193
822
0
410
171
0
549
0
881
877
953
0
740
0
0
0
0
408
0
871
345
0
0
0
407
836
293
0
41
680
181
0
453
0
136
69
263
935
931
0
103
107
644
783
0
0
286
0
80
0
447
0
0
0
0
0
695
720
710
713
1
395
3
367
105
694
0
0
387
503
728
694
169
172
0
0
185
151
0
0
82
178
586
15
0
0
56
436
0
0
0
365
777
614
855
933
95
365
820
48
964
0
0
0
808
568
440
195
836
838
934
470
985
0
715
149
955
473
0
2
216
620
537
719
958
0
0
0
282
0
0
0
0
945
0
925
184
74
547
88
615
620
0
2
491
882
924
299
690
863
0
0
504
0
465
788
485
23
394
213
695
0
0
0
20
546
0
0
154
146
0
713
314
360
557
173
515
205
601
0
247
305
344
213
0
0
541
0
34
0
0
690
0
306
0
292
39
528
0
0
775
117
0
0
0
0
862
0
882
706
0
805
936
0
987
0
82
0
124
0
0
0
498
359
782
506
628
0
0
945
467
0
214
0
677
94
0
0
47
0
0
832
572
362
868
0
57
0
473
0
183
562
310
890
0
416
0
0
0
0
0
0
114
445
289
0
0
168
166
66
0
987
866
314
628
499
450
0
382
0
15
386
842
293
56
541
0
827
472
0
937
283
746
625
0
324
856
598
0
345
36
760
0
82
782
235
555
0
122
22
760
107
623
258
43
656
210
952
292
0
422
988
729
0
0
0
18
794
257
896
706
691
386
34
252
98
280
0
0
0
494
721
465
829
753
0
172
131
761
0
0
81
410
0
764
0
444
937
462
164
819
426
458
213
301
833
338
0
221
469
699
2
658
0
821
375
696
620
42
0
289
27
0
178
436
0
827
0
0
486
0
0
0
0
0
0
6
429
564
381
556
803
599
0
334
0
0
0
395
564
825
221
874
0
943
0
0
0
0
418
477
573
463
778
487
0
441
0
0
929
90
983
207
0
0
0
0
0
539
506
363
159
0
296
610
121
595
0
677
0
525
51
0
878
0
414
0
0
701
560
0
0
461
651
970
671
0
334
158
779
1
207
0
810
657
675
989
0
31
0
129
457
0
0
0
34
472
0
0
694
94
576
0
287
261
0
193
527
851
919
242
0
0
9
0
0
474
0
706
601
0
850
0
0
0
0
957
530
961
298
0
532
217
148
605
0
0
975
197
422
428
0
231
155
755
343
74
91
971
27
459
310
38
30
0
0
58
303
788
880
0
45
0
0
0
144
751
0
0
639
615
380
0
0
141
77
458
150
114
893
0
805
628
928
0
0
720
0
919
0
364
0
0
50
0
0
0
486
694
0
0
79
542
282
0
0
0
900
0
454
263
0
384
0
924
0
672
0
691
247
0
0
159
963
0
0
789
0
0
510
0
429
639
542
0
0
461
0
0
0
162
0
0
83
0
0
723
542
202
0
8
0
609
0
958
0
779
0
0
0
0
638
0
0
0
470
0
271
0
70
393
0
0
915
182
35
28
0
0
0
97
100
0
0
732
997
708
347
0
726
0
431
617
618
0
0
937
0
94
0
0
0
425
863
855
914
521
833
487
542
795
130
225
0
355
0
0
0
0
570
0
833
0
436
0
608
575
455
579
486
306
0
0
430
0
0
724
0
667
694
0
384
0
0
274
824
813
827
80
622
0
988
373
0
871
794
905
502
986
393
0
0
909
495
160
0
680
367
252
148
328
0
893
0
643
0
0
582
606
84
235
637
864
0
313
114
549
149
0
0
0
397
0
110
365
690
283
0
576
79
0
0
783
0
0
536
438
744
247
716
62
0
5
0
0
0
0
0
0
708
940
0
544
0
209
368
925
48
0
563
868
257
104
704
0
550
688
0
621
0
0
290
0
85
522
0
0
101
951
0
0
587
956
721
0
0
847
0
0
211
664
0
0
18
0
0
389
742
624
34
847
0
133
0
791
0
567
0
0
641
0
0
323
618
0
0
128
0
0
0
0
818
760
908
777
0
746
0
0
542
425
783
0
444
110
325
640
132
0
0
0
325
0
0
208
481
841
929
870
976
758
461
619
0
0
0
0
0
0
396
892
944
0
657
27
511
272
0
677
0
247
854
0
0
743
0
326
442
947
0
324
655
756
0
0
0
666
507
882
86
803
0
0
716
277
665
777
959
900
337
0
618
629
862
0
836
964
0
0
610
32
424
887
382
862
0
565
0
0
0
781
386
0
0
614
306
625
0
287
282
863
0
444
0
0
0
823
0
0
0
888
0
690
0
666
0
0
0
241
0
0
0
0
0
607
0
0
360
0
314
0
928
0
337
0
0
668
0
0
265
0
0
0
0
377
0
876
535
664
0
235
904
0
338
0
0
800
0
0
0
735
206
333
0
0
824
472
0
1
0
799
972
949
0
347
198
0
0
700
0
196
718
254
0
0
108
0
0
272
0
544
0
297
220
855
0
0
0
261
0
855
0
110
0
0
59
225
228
0
151
788
36
91
0
0
180
173
0
0
578
0
824
0
232
92
323
0
95
0
564
0
44
384
523
388
785
288
0
659
0
0
903
532
0
722
746
608
0
36
0
914
544
0
597
159
976
256
212
857
0
204
840
973
0
0
845
182
0
0
539
710
61
428
0
410
338
675
420
80
0
0
181
739
806
283
423
0
0
180
302
964
725
443
186
933
292
324
0
0
0
914
536
325
0
59
0
340
465
0
441
980
169
608
75
0
0
505
151
56
280
964
835
0
213
56
0
0
823
918
770
207
208
914
701
0
0
936
406
763
0
632
913
39
12
400
0
0
773
18
576
388
130
494
546
750
815
31
0
0
575
486
0
0
75
115
365
0
196
0
52
37
374
208
146
344
81
981
0
0
842
458
334
267
0
888
965
553
0
425
0
938
7
803
0
95
39
856
6
193
0
521
438
640
823
225
340
0
977
333
876
0
0
0
140
0
494
0
677
621
856
359
0
988
0
687
697
604
989
0
794
258
293
287
0
825
0
683
0
776
0
469
0
580
0
589
235
5
789
92
0
0
153
425
461
723
576
599
0
628
695
252
161
46
300
983
556
12
499
730
79
844
0
340
0
352
999
0
783
693
902
818
382
0
971
310
820
96
277
431
898
0
0
0
787
365
528
598
429
527
900
833
744
132
0
228
465
977
0
0
994
105
612
203
378
692
297
0
491
0
879
970
0
969
488
679
558
751
458
0
991
738
856
0
471
91
26
206
329
15
370
223
923
833
534
426
682
589
0
49
0
289
123
92
315
690
586
26
181
0
380
240
0
878
0
921
0
132
929
131
368
775
0
376
441
895
345
678
0
0
455
865
782
381
0
420
62
257
615
591
207
0
0
435
0
820
0
0
564
851
0
487
247
0
0
0
0
333
0
0
869
0
0
636
0
0
0
0
0
724
408
0
897
610
684
216
0
0
740
0
526
51
0
143
350
676
0
812
396
707
0
463
0
597
875
155
984
762
0
695
179
0
0
0
815
712
179
266
0
0
0
554
234
0
0
359
242
0
701
0
0
657
103
0
768
295
0
0
0
0
0
0
371
832
902
0
0
109
304
893
667
279
0
0
585
48
0
345
381
919
454
542
716
0
0
151
441
876
994
869
0
563
0
859
0
4
0
944
0
768
854
765
631
218
395
623
89
627
467
533
746
0
46
954
995
38
155
801
0
993
433
642
684
640
874
849
15
514
770
854
817
594
267
845
815
315
0
557
0
424
238
0
862
938
309
202
182
232
907
763
465
0
650
0
836
803
458
102
0
0
281
985
356
903
758
762
856
219
364
69
483
0
0
0
193
964
775
36
556
242
263
795
62
0
888
788
980
0
105
0
563
0
0
0
851
518
0
0
144
0
257
0
0
675
177
0
0
444
0
0
495
919
763
855
0
102
571
0
50
912
971
316
471
234
0
749
205
0
846
0
0
0
47
0
331
0
507
0
992
126
235
861
681
793
669
0
757
394
0
0
610
14
0
651
706
0
0
0
988
417
0
820
98
0
194
308
0
0
10
651
0
707
0
13
822
0
117
760
803
0
0
130
0
325
0
36
169
0
612
0
0
0
0
0
509
362
0
0
0
369
886
0
861
681
881
930
0
331
219
0
0
0
0
0
0
0
0
847
0
0
0
138
255
0
194
950
983
493
0
0
0
364
730
0
390
799
0
432
0
0
0
0
0
0
0
0
33
590
955
270
324
0
0
0
657
154
0
0
0
281
609
636
158
997
0
0
0
37
705
924
0
652
387
0
0
0
0
0
599
0
384
225
5
0
690
91
608
0
203
636
859
0
0
0
0
0
0
372
91
986
0
0
671
628
0
0
0
666
430
0
0
0
827
170
706
823
330
352
0
179
0
42
326
0
504
922
0
714
0
832
0
517
0
0
0
477
0
440
981
809
0
0
222
202
865
0
804
109
830
153
519
893
0
0
0
0
0
195
664
332
32
0
0
140
0
873
0
568
0
0
0
634
9
0
410
0
0
82
0
9
0
0
0
0
0
0
75
140
378
0
0
851
509
0
0
757
0
0
0
0
247
0
264
0
791
0
0
495
320
855
0
0
39
0
214
498
654
801
739
0
228
253
682
0
685
630
900
265
45
94
69
0
0
0
0
390
0
0
0
0
965
0
0
0
572
400
840
487
671
401
0
955
426
0
0
0
774
0
0
0
0
325
362
139
0
0
159
0
0
0
0
166
186
0
171
808
0
782
334
0
924
355
0
208
666
0
0
0
692
0
4
518
362
0
757
0
0
264
0
448
974
98
0
0
0
3
887
0
49
0
634
77
0
0
503
421
795
0
0
241
0
953
541
649
0
796
995
192
0
72
0
510
362
317
878
663
0
0
0
603
32
0
328
53
715
827
0
27
576
0
0
0
322
64
397
0
0
0
0
529
0
155
510
415
378
0
371
929
235
0
0
935
0
0
0
568
0
235
0
0
0
0
0
481
0
180
0
494
297
0
0
0
0
0
0
0
0
215
0
942
400
0
581
0
144
0
0
328
895
0
701
0
461
166
0
0
363
555
0
0
0
0
699
0
0
781
699
606
255
0
0
0
77
294
288
607
0
0
0
0
0
0
0
0
0
0
0
0
0
415
520
604
0
689
0
596
785
195
0
0
0
469
0
0
0
0
0
972
0
697
391
626
0
130
549
440
862
555
0
474
672
0
0
841
0
173
505
0
0
0
944
0
0
372
0
264
215
0
203
406
384
736
0
830
752
192
90
392
567
36
227
397
0
105
865
212
570
345
877
819
324
448
0
0
423
0
390
328
73
11
790
480
0
174
849
0
50
705
0
41
305
0
592
614
278
209
426
0
371
875
579
983
386
662
920
764
0
402
0
467
967
85
839
697
411
174
0
690
0
0
554
249
0
0
0
195
0
0
0
0
0
0
0
929
0
0
151
677
491
0
0
144
0
91
0
0
0
203
0
0
465
772
70
159
304
852
0
529
0
835
376
0
0
399
0
0
218
0
0
0
0
0
134
526
0
868
568
567
241
370
0
268
0
49
0
0
0
0
0
0
167
267
0
0
0
0
962
0
340
0
528
0
0
0
0
0
0
0
13
768
0
0
0
162
745
0
0
0
549
614
0
509
252
0
881
836
882
122
395
706
691
0
0
870
241
0
56
621
0
724
768
0
369
986
0
448
942
406
0
0
888
947
517
785
278
645
741
844
0
337
868
0
39
0
95
544
0
793
948
148
813
569
525
510
814
512
21
312
22
0
55
0
342
0
0
0
0
0
573
640
0
0
251
575
0
755
815
0
595
742
76
289
0
0
0
683
0
257
326
444
0
625
284
200
0
578
583
651
271
881
0
851
402
0
877
838
706
22
564
601
247
570
708
976
0
578
280
856
879
408
854
257
886
0
247
974
400
384
465
888
0
275
179
728
0
619
0
0
240
936
788
233
531
899
454
768
0
0
906
894
0
0
69
499
0
364
643
0
914
0
48
94
939
0
335
902
0
0
0
864
0
646
561
0
0
137
0
898
0
0
363
747
0
224
0
369
773
0
195
0
620
513
6
803
915
0
364
749
150
660
207
365
264
0
953
934
0
760
825
0
0
0
940
758
0
0
964
359
970
0
765
0
0
0
0
98
0
736
772
947
275
0
601
957
71
276
74
0
0
155
308
965
0
237
916
245
0
457
184
308
0
779
894
0
764
701
223
0
816
644
0
0
13
813
834
203
0
990
743
816
0
0
337
661
0
0
0
216
874
0
646
526
920
197
0
0
0
132
633
0
381
290
254
566
425
807
0
28
294
255
0
0
0
354
0
470
805
107
221
850
0
833
0
461
0
824
835
0
0
897
631
0
861
671
264
0
581
0
70
517
179
601
0
444
0
0
641
623
129
358
882
0
186
392
636
0
0
0
665
171
419
0
846
398
89
804
965
790
294
410
0
0
359
0
140
0
464
0
0
702
209
883
275
991
0
0
285
271
572
0
664
912
110
892
0
338
31
0
990
762
725
0
753
28
400
280
0
0
259
299
2
507
242
0
740
985
936
623
874
0
159
0
544
619
0
0
0
988
969
610
218
675
681
628
0
0
0
830
159
785
728
957
444
0
263
540
0
0
508
0
539
0
184
975
850
0
53
324
642
881
438
137
0
0
678
278
845
481
902
715
442
922
0
0
550
884
745
0
940
314
103
84
698
446
142
55
560
567
0
912
889
0
0
979
816
247
791
440
607
445
23
176
735
466
488
663
934
361
0
790
1000
836
0
756
0
0
0
258
0
0
963
436
0
0
0
232
213
0
488
684
395
177
881
0
791
0
144
752
304
278
0
71
0
263
0
103
0
0
0
5
163
578
766
447
0
326
0
590
384
521
196
0
264
41
0
0
254
0
330
0
0
351
139
501
956
274
982
873
0
301
127
646
562
0
0
921
741
915
986
200
247
316
0
0
313
395
0
693
0
736
0
936
315
0
512
396
672
914
871
191
0
0
0
26
0
715
987
43
943
0
0
0
209
0
607
92
56
687
679
216
623
0
930
0
0
3
0
192
852
645
619
276
0
540
103
0
437
192
822
22
700
130
70
38
528
143
0
379
0
427
370
314
224
128
165
227
15
176
63
810
636
0
244
879
862
0
0
453
0
890
696
0
118
434
402
0
112
414
640
0
890
0
858
282
799
819
214
333
0
0
997
0
783
0
685
772
87
423
634
551
531
0
0
0
0
149
0
656
0
0
0
608
368
0
0
323
0
697
558
0
89
0
0
0
0
887
0
90
0
741
0
74
641
0
0
437
0
384
415
0
381
24
849
0
0
365
0
965
921
794
0
0
932
0
0
0
494
0
845
0
0
0
0
0
0
0
0
602
0
0
0
0
734
0
0
0
754
300
123
0
456
49
239
0
0
285
0
0
0
0
0
596
858
535
0
0
837
682
0
0
0
0
0
322
0
955
82
210
0
957
789
575
925
0
0
0
0
604
751
0
627
444
331
666
495
0
328
392
529
844
0
0
623
0
0
192
384
0
0
576
0
653
579
175
711
0
0
4
233
483
0
447
41
0
0
987
0
999
559
432
0
0
194
187
502
0
0
696
539
0
0
941
825
0
0
0
686
753
27
96
0
0
977
783
0
79
168
112
0
0
728
667
944
939
170
0
531
366
867
70
851
0
240
988
408
473
0
952
0
530
0
455
48
0
360
95
823
989
458
740
467
0
219
430
320
49
895
567
0
0
240
0
129
508
0
822
415
0
0
997
60
363
0
434
229
328
774
198
0
0
0
31
500
0
0
253
0
0
109
772
0
751
159
368
167
144
280
0
0
761
670
161
352
0
52
88
771
444
733
515
358
486
0
753
917
642
429
0
0
997
715
481
775
126
305
0
396
335
0
0
584
161
0
0
0
0
124
292
0
961
0
579
0
0
0
0
918
0
0
0
533
0
0
0
855
0
0
36
835
337
936
155
358
0
5
22
0
576
997
0
932
0
244
0
0
0
0
330
682
544
0
646
489
352
238
0
898
0
524
855
0
0
0
0
280
55
41
173
0
57
946
0
0
0
0
0
0
305
142
0
0
547
0
529
0
0
0
0
0
0
0
745
0
0
42
0
633
608
0
0
293
740
597
0
871
2
0
0
418
298
510
486
563
396
314
564
770
794
991
526
746
495
0
0
0
634
701
227
376
868
788
308
882
539
163
700
381
0
60
932
0
29
887
599
263
0
954
0
635
285
279
0
374
247
0
956
0
731
0
353
383
0
0
919
0
0
64
998
664
764
0
914
625
1000
99
991
469
971
921
0
224
0
971
0
258
826
668
390
0
0
65
0
123
410
258
903
864
0
0
513
173
801
461
140
345
216
0
422
477
0
0
306
868
892
0
0
207
258
738
51
0
919
0
0
0
77
0
397
0
0
233
965
0
0
578
130
24
653
363
0
29
0
319
0
952
439
0
256
0
849
0
628
397
0
0
0
582
466
242
566
998
801
39
864
793
92
595
981
270
274
73
118
716
953
502
0
541
917
677
328
578
0
0
255
0
294
956
260
699
0
232
61
373
176
0
453
0
710
795
585
0
619
377
0
0
620
0
988
573
532
429
0
257
944
928
44
208
293
856
0
46
763
0
827
39
0
461
0
0
39
531
0
186
184
766
70
849
579
0
244
887
319
0
397
960
547
905
585
0
260
742
378
0
241
574
103
284
0
757
0
232
583
982
794
473
156
947
0
0
978
474
0
114
700
415
30
480
780
836
58
963
663
182
135
0
0
961
843
0
0
0
70
575
0
364
412
0
212
831
813
0
71
740
162
0
537
498
729
463
217
639
0
104
0
0
384
914
287
0
143
954
855
0
170
0
0
166
105
399
0
899
237
392
975
447
38
0
175
434
0
599
0
397
0
416
281
869
376
0
657
0
0
738
203
0
133
717
41
704
119
194
736
0
0
211
0
0
500
443
0
337
818
467
284
0
0
537
174
193
133
0
205
0
976
0
925
0
341
0
0
978
860
716
865
0
121
120
366
0
362
642
0
961
291
0
719
359
0
778
148
542
430
704
657
337
523
701
0
471
350
995
0
0
706
214
503
0
865
0
95
454
916
636
850
0
528
0
711
229
0
263
952
960
416
0
950
982
923
639
0
0
0
539
471
289
791
1000
0
360
829
984
242
121
440
0
557
956
633
408
443
462
514
327
237
0
0
725
881
0
611
474
675
0
166
570
269
381
937
724
708
319
853
225
998
732
956
0
635
682
259
737
176
0
935
407
958
782
0
487
605
0
0
0
27
0
388
0
825
91
676
38
102
0
823
498
421
0
212
0
544
768
245
0
0
326
143
365
0
328
0
0
439
547
281
950
0
0
347
0
443
0
3
326
630
360
705
0
14
0
834
986
0
310
0
990
942
0
0
0
430
0
0
0
76
0
0
0
460
0
0
0
0
0
0
0
0
139
0
0
0
761
561
896
596
500
895
0
0
296
0
0
815
338
0
836
0
506
0
0
0
0
0
550
511
0
785
0
0
26
0
155
571
0
330
654
795
363
570
218
0
0
0
0
53
0
0
0
0
774
0
954
0
905
869
982
0
0
0
627
618
489
0
0
0
0
797
582
140
957
0
325
0
633
620
0
341
0
866
122
892
997
188
0
277
0
0
0
420
600
515
0
945
0
674
0
821
706
922
604
441
0
140
417
533
166
72
743
0
710
0
0
125
383
0
293
0
628
18
441
0
461
724
688
272
668
288
936
683
206
812
801
0
847
352
801
0
555
345
0
793
0
457
0
324
590
379
965
4
198
330
0
256
585
376
923
347
0
0
0
646
908
976
873
0
0
621
782
620
485
0
0
219
552
0
0
751
436
455
349
390
0
42
864
0
0
308
522
51
260
130
112
0
0
0
0
491
477
740
0
517
789
0
777
0
0
465
979
58
669
0
0
328
672
0
0
0
0
794
0
975
0
0
0
0
0
0
406
0
329
396
0
50
0
0
739
0
0
877
0
948
906
184
665
642
384
0
921
233
0
682
635
0
0
0
639
0
627
0
0
0
0
0
0
0
0
927
610
0
0
689
0
0
258
501
0
388
0
0
0
980
582
683
464
0
0
0
268
71
530
826
0
0
0
889
664
353
906
428
0
0
0
898
0
0
731
768
42
0
0
0
0
454
746
0
41
282
0
257
0
197
0
667
621
677
0
659
763
776
15
707
993
912
0
179
0
241
0
819
0
148
894
308
171
881
521
427
794
483
0
544
285
849
260
657
0
443
618
646
0
0
0
313
141
440
806
748
637
0
299
886
425
508
626
938
680
0
123
517
0
610
180
0
421
281
302
710
0
38
368
0
910
366
0
758
66
857
583
0
476
187
837
0
961
800
702
181
132
882
714
598
761
0
536
0
680
0
945
896
929
422
0
694
0
0
265
0
0
0
370
0
433
971
0
0
228
0
0
324
0
813
0
0
419
438
196
370
0
0
0
0
279
0
742
0
0
0
489
908
0
0
0
0
695
186
0
757
81
0
681
654
0
0
732
0
0
0
236
0
309
288
783
0
74
0
0
380
892
361
937
0
2
729
478
0
0
582
774
438
865
715
0
845
211
312
0
85
0
372
0
0
0
0
0
907
181
0
467
706
90
428
162
0
0
247
0
0
632
469
223
463
642
316
138
42
253
953
0
448
0
569
0
779
0
137
0
314
0
447
31
646
0
628
378
0
0
3
0
976
0
313
0
0
0
0
0
912
549
57
6
297
651
308
348
846
792
799
101
0
843
152
951
41
19
0
0
915
404
272
0
0
483
452
0
552
0
137
856
0
898
85
4
192
0
0
0
609
350
495
0
0
0
0
0
0
0
0
0
691
983
0
0
384
290
854
0
903
913
0
923
0
684
471
255
326
682
541
699
0
134
525
69
894
846
0
264
224
932
41
500
489
374
397
0
738
539
326
0
873
0
141
695
0
0
64
971
224
385
0
644
889
0
257
0
503
527
686
400
274
241
413
0
167
396
821
0
459
513
595
963
0
0
455
0
0
125
385
826
146
0
195
0
82
455
716
0
94
885
910
0
0
0
821
0
0
453
0
214
386
207
231
0
0
0
0
0
532
39
580
833
597
640
234
0
0
0
649
0
0
526
510
499
0
398
0
41
128
0
0
0
352
247
0
241
203
471
630
0
0
0
440
186
0
64
0
0
194
749
0
0
41
990
993
826
66
386
822
0
334
0
0
0
0
743
0
0
0
0
599
82
0
0
271
0
0
0
0
0
480
255
0
0
926
920
0
588
0
0
0
0
76
0
26
3
0
0
945
0
34
0
155
83
0
85
0
0
0
12
0
534
875
874
0
194
504
685
0
0
423
0
814
0
764
89
678
0
165
0
0
0
238
0
0
574
0
289
360
0
0
0
806
0
0
971
0
0
421
0
0
764
61
0
0
105
411
179
0
0
0
0
803
0
388
544
480
0
0
0
300
0
0
390
0
0
613
0
0
0
388
96
0
0
0
0
0
0
0
0
242
348
0
0
963
642
0
136
0
677
252
0
755
0
274
522
743
377
722
400
589
426
155
849
749
950
922
630
796
781
0
868
512
364
701
804
278
0
227
0
987
253
0
956
0
103
133
791
705
797
621
927
748
757
912
224
194
421
0
0
469
91
869
17
597
0
820
909
920
675
509
0
681
0
570
0
803
902
22
603
411
197
622
400
674
0
878
924
308
342
607
0
257
218
664
585
634
176
587
88
0
268
120
149
488
596
286
69
925
94
98
0
343
0
824
0
0
0
746
0
235
682
984
15
205
983
0
900
995
699
390
568
21
643
223
965
845
254
15
494
0
0
898
0
582
284
717
1000
0
582
782
610
637
81
549
385
749
0
0
0
0
619
151
573
0
849
791
670
0
297
122
0
216
801
968
0
0
0
993
555
0
872
216
679
814
442
958
0
454
374
654
560
29
123
718
664
0
456
0
79
720
662
0
720
55
390
88
263
184
0
280
0
74
723
813
0
326
876
608
0
5
589
762
514
0
493
714
265
192
606
328
567
312
0
0
790
481
0
176
0
999
0
0
731
466
0
41
0
14
140
620
0
0
0
57
0
0
0
469
0
0
0
341
994
952
652
478
796
472
0
553
0
79
0
254
0
0
853
245
317
682
0
0
47
172
120
0
274
144
0
902
782
0
545
0
0
689
0
0
0
530
0
716
993
176
29
10
935
74
0
0
0
91
542
827
101
442
535
0
773
789
0
0
770
846
0
0
45
0
255
73
241
22
914
816
294
902
330
63
845
559
109
524
0
242
757
704
360
0
957
485
0
299
681
6
644
0
764
91
619
0
0
959
789
482
0
760
814
0
0
0
284
754
0
0
80
428
965
641
128
354
737
0
454
741
9
9
755
188
523
169
788
0
876
421
142
0
989
115
0
707
382
422
499
0
432
390
931
547
47
0
539
971
202
80
951
947
664
36
18
92
49
695
854
0
0
832
94
72
0
11
370
0
0
644
410
715
0
810
0
432
772
855
353
566
0
119
829
834
0
0
689
886
654
297
889
41
61
869
151
341
959
0
130
0
672
79
613
0
0
142
0
603
964
670
801
393
0
0
931
0
337
0
602
252
168
14
958
592
29
615
0
504
146
971
673
201
934
0
485
587
116
878
708
0
52
540
0
88
0
0
506
27
0
622
0
0
0
0
576
0
0
179
817
0
0
0
69
0
0
790
0
55
48
0
0
442
0
636
0
0
0
0
383
998
232
194
984
986
325
0
0
425
0
651
0
990
0
17
573
994
789
130
0
11
0
0
530
0
97
0
0
0
0
0
127
0
0
0
846
335
988
0
563
125
950
0
0
0
0
0
0
978
27
190
419
0
665
0
807
173
359
331
0
126
183
429
103
615
0
494
363
459
8
0
0
324
235
914
388
0
289
0
594
0
364
517
0
510
0
480
268
0
94
0
0
922
351
0
0
0
751
0
0
801
583
736
242
0
0
219
0
508
0
308
257
993
0
597
0
952
482
0
11
0
0
0
67
552
0
621
133
964
517
0
108
767
812
0
840
0
24
0
0
0
376
784
352
0
0
336
0
947
0
72
498
246
0
501
0
0
0
0
616
585
938
30
107
620
832
721
159
310
0
988
587
655
904
544
130
153
123
0
267
47
730
0
0
362
77
0
0
342
939
13
359
0
139
244
0
194
159
0
0
39
982
0
121
310
633
552
258
626
732
348
0
826
105
0
849
652
0
672
0
0
0
599
636
83
848
0
822
679
685
0
915
548
0
480
115
0
336
423
930
336
167
469
326
383
256
0
297
780
175
0
0
681
790
556
698
85
0
0
308
581
734
755
644
0
572
465
0
38
609
373
956
756
0
0
494
425
92
0
845
0
0
0
0
317
294
174
49
0
0
813
0
0
501
879
0
187
368
0
919
864
794
0
440
0
620
0
501
938
0
846
503
66
411
820
791
478
760
79
0
0
599
0
339
0
21
0
0
0
911
0
630
0
0
0
218
910
0
926
861
0
0
285
333
322
0
0
0
939
944
945
0
835
0
0
874
652
924
0
895
444
0
334
783
2
362
829
296
30
0
0
721
0
338
597
546
461
315
815
815
331
390
0
0
878
288
849
0
0
335
834
140
550
956
862
0
502
167
280
0
793
473
211
0
990
0
0
0
680
0
792
527
386
179
909
670
796
814
613
530
67
636
339
0
0
360
339
0
953
545
573
699
693
938
30
525
50
0
0
153
993
995
383
0
748
0
0
0
52
471
84
475
334
248
0
0
714
0
755
558
288
507
841
0
491
868
753
610
0
958
871
0
0
0
159
750
723
690
712
315
0
799
477
390
663
607
0
0
0
902
203
0
884
274
0
0
0
144
55
0
92
156
0
557
942
341
751
388
0
0
799
686
822
0
920
0
472
0
0
0
552
83
0
0
0
326
131
356
734
0
878
800
285
0
0
0
962
0
0
114
0
621
0
0
480
346
492
734
611
663
0
200
112
829
0
607
480
213
885
345
121
0
0
0
882
0
0
121
0
0
794
0
0
0
976
815
576
586
179
0
507
0
0
0
0
0
50
0
0
0
0
464
745
982
0
0
0
280
41
64
595
947
0
956
0
0
436
0
123
236
101
400
0
0
675
297
0
0
0
97
0
848
21
360
326
0
0
0
187
652
380
828
0
0
312
0
807
928
177
0
23
0
0
0
499
994
0
490
0
0
427
731
11
527
0
873
0
516
28
0
261
327
753
286
924
57
172
595
58
779
905
847
666
800
256
31
599
26
266
557
0
432
440
0
0
0
705
0
0
0
990
0
0
873
453
602
696
0
173
998
981
0
500
633
0
866
455
0
517
0
0
274
334
0
509
122
553
0
142
0
621
0
0
339
131
0
0
0
426
521
240
744
828
792
661
0
679
270
809
481
0
980
0
0
155
0
115
394
684
356
685
256
31
759
8
801
312
661
338
0
200
696
0
0
299
0
131
0
303
0
502
0
507
0
212
0
0
181
0
0
992
0
981
0
0
0
0
0
573
0
743
0
940
0
0
0
539
0
0
664
270
0
443
408
0
122
349
0
0
309
843
241
0
0
0
0
0
284
0
0
133
822
0
0
356
0
0
0
474
0
0
800
0
0
0
0
402
773
0
0
0
0
0
0
211
0
404
0
729
0
737
0
659
0
0
0
0
0
516
0
0
373
739
80
690
473
761
677
788
0
986
0
882
0
857
0
628
0
0
424
126
0
809
0
603
0
41
0
640
864
816
702
314
301
890
0
0
761
57
764
274
978
0
443
430
892
390
980
610
288
152
413
0
803
681
216
79
754
603
0
964
679
0
953
734
187
426
474
0
0
0
829
222
0
0
523
0
0
0
637
424
0
979
0
542
288
172
663
870
676
499
763
0
105
629
600
85
0
113
636
0
60
872
0
863
0
0
0
880
0
393
211
86
0
0
575
695
380
0
238
235
0
0
965
32
0
305
167
0
0
0
209
103
127
696
0
0
670
946
0
73
474
337
462
0
997
0
582
180
783
951
0
0
0
0
801
0
0
964
0
517
685
911
545
0
652
521
0
0
0
0
899
0
0
0
330
92
473
0
0
0
0
0
54
0
0
687
0
660
0
0
304
339
164
0
122
0
245
131
0
82
253
360
447
0
183
0
525
0
0
0
664
803
735
204
486
252
240
554
0
861
0
0
0
0
0
0
267
0
646
0
883
84
646
0
0
941
161
0
914
118
0
818
514
0
188
42
683
0
0
41
167
0
388
570
968
254
0
670
0
0
0
0
573
878
380
240
0
0
0
0
698
0
0
0
501
0
365
0
995
558
0
509
0
265
0
0
163
237
839
361
142
324
862
768
0
0
141
0
799
0
348
0
0
0
562
81
51
45
638
0
0
0
206
840
0
161
0
234
862
681
0
222
0
328
0
592
0
251
561
337
275
698
562
118
734
825
352
0
625
716
114
467
327
0
0
864
464
421
74
19
396
743
544
0
0
0
80
801
127
108
915
630
699
800
828
744
800
829
899
698
0
0
791
0
281
155
0
538
36
0
848
0
0
0
0
715
918
548
795
345
843
0
0
0
448
973
121
874
0
531
0
0
0
504
310
410
0
0
0
909
0
0
333
973
0
46
878
0
938
793
0
202
0
53
0
614
0
575
0
661
991
446
0
434
0
0
0
0
1000
953
700
284
237
76
277
0
0
281
0
0
821
0
480
803
0
0
428
393
0
767
548
0
693
285
0
828
0
222
0
0
0
0
0
0
430
470
762
0
894
47
624
0
381
102
0
584
59
777
533
0
533
0
161
734
0
0
0
652
946
0
0
0
0
0
890
0
878
0
0
495
18
716
0
0
75
300
0
0
309
669
0
865
572
715
0
278
0
0
0
0
0
142
0
402
0
0
52
0
99
502
415
0
0
0
0
0
0
302
0
0
0
0
0
902
0
853
965
0
0
812
0
0
938
0
0
792
0
0
0
0
791
0
0
0
758
273
0
0
601
639
727
0
0
0
317
246
0
0
0
431
875
0
0
0
0
618
0
451
791
341
0
0
0
465
0
764
0
0
0
160
0
277
0
0
115
983
921
359
202
0
0
0
400
827
0
209
0
755
137
0
0
55
921
0
0
0
88
0
991
0
30
0
0
0
0
308
0
710
380
915
459
0
0
22
993
245
641
0
0
0
480
0
30
0
312
661
0
0
0
0
0
0
0
0
263
0
279
0
0
967
0
705
0
569
566
0
869
232
0
0
261
349
0
0
0
0
0
804
0
27
0
704
0
788
416
0
414
144
470
0
0
665
824
845
365
556
0
242
182
757
33
804
840
0
0
426
962
815
0
0
285
560
741
112
754
686
771
0
469
541
480
537
725
0
0
522
268
0
892
404
513
0
0
603
555
317
128
931
846
840
115
218
525
0
0
0
0
523
330
501
281
430
758
263
0
577
815
86
681
0
315
202
850
0
657
17
0
0
417
474
167
805
105
0
0
49
0
395
951
0
987
554
695
485
0
444
0
751
0
680
389
777
472
182
0
12
132
0
232
394
590
109
487
27
0
0
0
0
898
216
271
567
915
414
300
753
444
305
971
917
780
174
881
460
420
51
71
38
361
272
595
599
300
411
0
682
354
0
335
0
0
910
50
962
807
679
402
0
92
0
155
470
273
0
577
0
0
113
574
19
704
643
560
566
404
903
0
295
0
0
412
686
143
257
0
0
206
20
0
899
84
966
720
23
0
937
0
0
271
367
742
959
0
0
196
499
929
701
907
0
955
830
671
576
0
371
340
595
0
874
572
0
986
640
123
27
733
142
921
677
836
193
0
0
600
260
530
368
937
0
963
82
0
197
872
0
737
337
988
24
336
0
0
0
928
270
773
0
473
365
0
762
0
279
815
0
0
901
270
363
428
239
499
438
133
706
105
617
972
487
2
0
268
295
360
921
0
0
0
810
498
0
710
394
0
462
701
0
0
252
624
900
1
0
0
730
131
0
763
0
270
153
401
0
415
875
0
742
0
0
0
912
200
0
0
96
515
0
0
328
58
133
611
0
515
130
826
0
0
0
0
0
0
622
216
0
0
0
0
0
423
926
0
0
177
809
0
0
0
0
538
0
0
0
86
113
901
0
935
0
182
0
739
90
0
0
14
0
0
324
0
0
0
585
533
136
357
582
0
0
960
0
713
213
0
164
560
639
70
148
34
337
0
539
52
79
368
0
465
610
324
519
0
0
520
579
528
76
363
646
664
889
247
890
456
0
358
0
224
578
963
0
474
0
0
112
0
910
2
483
0
0
390
400
679
47
454
602
563
0
930
861
153
114
0
481
0
637
0
995
36
894
601
0
681
574
270
935
0
766
798
383
0
473
100
920
0
67
0
805
284
801
84
682
821
836
560
0
0
286
0
0
1
695
0
819
0
615
393
328
847
0
799
710
37
844
775
657
0
14
0
893
955
0
604
983
0
289
747
526
912
0
316
0
49
0
486
547
0
0
663
205
675
0
945
0
0
366
729
452
455
271
0
674
814
172
741
252
125
0
336
0
993
0
23
0
0
424
0
558
0
47
639
967
0
19
363
0
766
0
0
650
633
630
0
0
0
292
61
364
0
249
491
0
0
626
709
0
0
187
127
0
395
0
0
426
0
380
0
0
0
618
972
61
374
0
0
103
650
0
0
0
426
322
0
386
0
0
0
920
110
0
0
858
239
977
0
0
971
0
182
0
0
0
0
0
0
0
478
0
0
0
0
0
442
120
9
168
950
376
167
0
995
621
0
980
0
0
0
0
848
624
727
0
315
704
428
182
798
0
0
0
0
0
0
518
0
0
0
128
663
981
443
34
0
0
0
0
0
625
428
663
3
0
114
458
461
0
0
893
133
629
949
428
208
340
376
0
0
651
0
0
0
64
689
662
0
0
224
197
892
979
0
282
0
783
753
529
0
255
135
976
166
0
674
0
889
758
0
552
0
0
613
878
958
0
9
14
0
784
469
285
383
0
0
0
0
979
0
509
0
0
0
705
202
643
239
0
383
650
0
0
0
0
0
505
0
133
0
95
0
33
415
0
861
296
0
2
0
180
235
0
367
0
445
213
651
0
915
0
0
862
0
0
146
0
441
768
836
706
657
0
0
397
0
920
0
0
0
0
0
816
313
799
0
0
917
0
258
0
0
0
570
0
0
0
664
66
0
0
125
0
0
924
0
274
755
958
0
352
326
333
0
0
0
0
0
0
54
0
0
381
0
0
850
560
499
739
0
633
0
0
0
0
0
133
727
497
0
213
372
0
835
593
0
4
0
0
0
0
923
765
105
20
289
301
970
141
182
643
791
0
347
410
344
352
895
295
803
0
154
0
0
0
596
764
0
683
369
0
338
247
395
819
285
79
642
0
826
294
0
925
269
0
821
491
353
857
582
137
385
0
0
308
454
144
188
592
0
0
383
322
748
480
499
155
211
542
0
265
0
102
0
569
0
566
438
90
473
630
0
0
0
0
919
256
671
0
58
6
183
671
0
618
839
637
108
701
0
768
479
708
694
546
0
833
671
77
35
0
0
836
198
338
81
999
345
0
458
0
0
0
774
0
785
0
0
0
773
0
31
791
0
214
0
168
429
0
668
956
961
0
381
139
706
477
906
583
774
856
826
0
0
342
374
0
523
29
0
0
256
0
0
346
994
0
0
288
0
0
0
0
317
566
657
404
133
0
100
0
0
0
0
919
0
230
506
0
507
0
936
0
0
904
239
0
0
0
0
0
0
0
0
0
0
338
0
458
28
0
567
964
0
675
981
0
678
0
102
0
0
195
0
0
195
402
0
257
0
132
0
440
693
333
0
112
0
0
390
260
843
341
937
0
922
740
428
0
438
0
146
480
388
607
654
902
169
615
0
336
0
0
0
492
0
115
404
172
687
0
715
584
246
0
17
903
706
0
920
0
518
505
133
256
230
0
419
0
0
0
0
601
701
345
578
295
0
28
0
0
963
0
0
0
168
0
334
150
0
582
0
0
0
420
0
783
0
0
0
988
0
664
0
0
0
0
13
326
195
633
990
607
0
0
0
0
0
0
0
699
0
0
724
0
604
0
0
476
865
898
0
255
96
0
560
782
788
0
0
0
297
0
0
734
490
394
0
663
0
163
918
59
0
869
0
0
105
14
0
0
0
0
727
671
506
419
0
499
0
0
0
0
460
0
0
0
321
925
0
57
0
545
387
154
166
221
158
114
0
606
0
0
700
80
0
693
0
0
0
417
281
332
0
529
0
467
768
444
0
0
762
445
736
0
0
0
997
0
0
0
0
0
708
0
441
517
0
187
715
85
195
0
0
257
29
0
0
504
978
947
780
939
52
611
0
684
729
870
660
237
548
777
0
232
0
295
617
0
67
292
0
133
497
0
0
0
499
0
780
20
0
0
0
110
519
809
556
0
0
249
0
80
503
146
66
469
779
893
0
84
641
610
0
0
842
902
455
0
281
0
609
32
0
0
0
967
0
0
620
381
725
23
0
997
0
728
715
0
65
232
0
978
319
761
0
789
0
837
0
4
0
0
0
218
123
545
876
146
27
0
175
944
471
663
0
356
0
676
0
839
795
533
0
0
417
0
972
0
0
61
0
0
0
58
507
0
0
780
0
90
668
32
133
0
475
660
0
0
0
462
852
870
728
0
0
699
1
0
97
235
0
32
196
0
458
818
865
0
985
820
636
0
325
155
469
85
0
625
513
290
0
176
936
0
596
667
481
745
0
61
70
860
853
561
140
0
898
0
845
192
82
926
0
664
718
0
421
971
190
72
0
945
84
0
427
685
737
499
0
361
345
0
431
0
474
0
487
324
805
364
128
95
213
6
0
0
0
20
90
0
97
261
875
0
390
97
0
0
861
0
822
0
694
713
987
2
207
805
100
637
0
424
718
181
334
382
782
371
356
98
158
0
362
510
0
839
0
284
6
254
753
735
315
783
858
944
775
0
123
373
575
716
225
896
417
777
0
961
211
0
455
920
0
585
664
0
142
673
419
498
0
0
475
200
731
256
0
763
304
142
843
533
875
261
167
412
2
0
284
0
663
0
372
183
936
0
0
0
668
97
0
512
120
118
165
130
27
418
0
99
306
742
169
314
866
658
0
628
0
864
323
887
254
739
267
0
381
832
903
0
997
140
139
415
0
697
162
200
803
566
28
466
0
0
535
939
126
0
410
176
0
865
998
596
533
0
0
800
312
0
716
0
0
634
0
689
0
201
0
246
681
835
334
112
11
31
659
0
339
324
0
0
0
349
805
686
0
0
801
249
981
33
0
671
0
601
0
0
32
261
512
0
582
0
753
0
539
828
644
226
0
0
172
360
314
0
810
928
0
0
618
382
0
806
0
971
0
902
758
194
0
0
0
378
0
411
745
0
915
425
400
488
512
685
0
170
305
42
258
0
364
0
732
500
166
0
731
702
0
0
0
588
0
176
456
0
989
934
665
0
790
0
248
829
527
759
0
105
164
862
0
161
0
0
105
143
268
0
84
491
443
415
835
0
0
701
460
0
133
875
120
582
0
589
928
780
0
0
227
467
0
0
0
557
628
821
657
0
732
313
0
862
0
283
888
310
420
0
762
308
0
873
0
0
0
174
0
578
0
807
280
663
396
772
0
0
0
0
903
453
412
121
956
895
72
465
768
181
85
609
94
0
0
587
0
0
115
0
0
501
556
0
0
0
0
8
0
629
0
768
0
734
0
0
0
257
295
585
682
0
34
0
593
618
904
345
0
110
0
0
118
0
589
0
71
95
0
0
964
0
0
0
0
173
499
375
675
0
997
114
0
0
108
423
965
820
62
0
856
0
0
0
159
371
0
0
0
583
364
0
0
934
672
87
837
531
396
633
864
0
0
120
0
0
743
979
42
132
0
350
885
0
0
88
79
0
0
485
807
0
698
874
0
607
873
801
0
600
122
0
448
0
0
0
0
0
360
533
821
0
0
861
0
839
239
578
0
519
475
390
165
753
928
71
0
91
0
700
0
0
0
960
185
515
450
696
989
720
708
549
128
565
0
0
553
96
257
109
219
0
37
568
0
929
972
690
0
651
749
28
0
361
914
423
682
366
335
608
0
710
212
366
635
0
0
58
0
882
372
495
910
0
242
0
720
530
707
587
173
0
85
652
714
480
0
312
0
85
0
0
973
0
618
0
49
0
921
136
836
626
0
296
4
637
0
295
0
809
660
97
130
0
780
95
91
0
298
304
0
909
0
0
151
205
0
620
0
0
347
149
0
0
0
0
0
277
615
304
364
10
705
0
0
235
0
0
549
271
150
294
259
0
871
634
0
867
0
0
0
795
831
0
682
296
710
669
0
714
0
0
0
0
348
268
662
0
382
116
359
0
0
924
0
213
516
661
0
0
245
141
121
0
0
0
0
206
0
357
560
709
0
0
0
108
0
0
321
556
0
0
27
539
0
0
0
298
0
418
0
230
0
823
0
601
382
42
31
919
0
0
0
0
272
180
425
431
591
893
69
651
924
0
0
0
697
0
614
881
660
255
299
790
191
551
0
70
0
0
513
585
813
362
259
0
0
0
0
598
0
0
0
76
0
120
0
716
422
878
331
0
0
0
755
885
28
338
516
113
131
0
874
652
451
804
395
20
0
582
0
0
0
2
0
701
0
28
925
0
0
0
418
828
0
0
700
304
418
0
731
405
0
0
0
0
0
0
0
0
726
0
0
0
0
302
0
898
207
667
483
0
0
0
0
0
391
554
0
0
207
0
2
1000
0
531
0
851
584
293
173
0
0
642
737
0
0
0
0
761
0
0
0
0
0
149
720
993
499
708
0
616
308
895
558
345
0
0
0
636
0
799
0
946
791
0
951
0
0
0
0
0
0
0
0
0
0
0
0
0
0
861
0
644
227
964
0
0
0
731
0
0
0
54
82
247
15
289
129
364
0
0
0
781
544
964
938
0
0
279
0
707
652
634
166
935
626
249
509
851
365
0
507
836
0
0
0
0
161
740
801
619
71
0
176
815
125
328
454
0
0
0
821
26
963
488
55
176
0
0
126
585
581
444
288
121
261
200
0
0
82
0
531
0
341
27
0
899
810
0
286
187
625
180
0
768
0
0
57
249
462
0
99
226
467
0
0
909
230
405
0
0
0
0
178
305
386
27
457
0
431
397
818
386
0
725
7
0
0
0
0
0
387
9
186
0
0
0
252
402
264
0
242
0
0
0
0
240
0
597
461
377
740
961
0
338
383
672
746
536
0
0
0
3
642
596
390
29
432
52
183
938
734
0
507
0
327
696
373
60
253
348
0
0
0
0
987
84
498
960
0
127
428
235
923
479
0
963
0
0
852
822
306
0
0
0
0
0
0
0
0
0
0
