0
0
0
740
889
829
0
0
763
948
0
0
0
0
0
0
531
712
942
0
0
0
0
927
0
939
858
0
0
917
556
877
0
653
0
0
980
0
647
0
0
0
0
0
0
0
738
678
0
0
0
0
0
0
0
0
0
513
0
0
0
0
0
0
0
0
0
0
0
0
791
0
0
0
0
593
557
0
506
0
662
0
964
684
0
913
0
0
505
0
0
0
0
528
695
0
946
757
0
0
0
0
0
910
864
0
937
921
0
0
532
0
0
0
0
844
585
0
750
981
0
950
0
795
0
807
0
0
0
0
0
0
0
0
0
0
0
0
0
0
642
0
946
740
0
612
0
0
0
791
835
0
855
0
0
0
812
772
646
0
0
0
0
558
656
0
0
0
0
0
0
0
0
0
0
651
0
676
918
0
0
796
0
0
0
0
0
940
0
0
0
0
0
0
500
747
0
688
0
0
0
0
0
0
0
0
0
0
620
907
840
0
0
0
839
548
729
961
0
878
0
0
0
0
0
0
696
0
905
640
500
0
0
710
0
0
883
747
0
0
923
595
666
0
0
0
745
705
0
0
0
0
0
0
0
0
0
0
0
0
0
545
609
0
0
0
0
0
0
0
0
572
818
0
823
0
0
0
0
957
0
0
0
0
0
0
0
0
0
0
0
0
656
0
0
732
0
518
0
532
740
910
0
0
767
0
0
643
0
687
911
937
0
0
628
0
0
0
0
0
983
629
0
0
0
0
0
0
0
0
0
908
526
990
0
0
785
0
0
744
0
801
0
0
0
861
0
807
725
981
0
0
0
0
0
0
0
0
801
636
945
0
769
0
0
0
0
808
0
0
655
0
0
0
0
0
663
759
652
0
681
933
0
0
0
986
834
607
0
864
0
548
578
0
626
595
0
981
969
0
889
864
0
767
0
531
0
0
0
0
0
0
596
830
817
504
0
994
739
0
0
754
621
786
0
669
0
0
0
879
865
0
718
0
0
0
0
984
0
0
635
884
0
736
804
0
739
948
0
878
0
0
0
824
0
0
0
717
980
0
0
880
0
0
613
0
644
668
0
0
0
0
0
0
0
0
0
0
0
0
0
0
0
0
0
938
975
0
0
967
875
0
0
523
0
0
0
0
666
0
829
0
0
0
531
0
606
522
544
791
0
0
0
0
0
0
0
0
0
0
0
0
0
626
0
0
0
0
0
0
894
774
0
748
0
675
0
0
0
972
829
0
587
0
0
0
737
0
0
0
0
0
0
0
0
860
0
0
962
0
0
639
0
0
0
999
0
0
0
0
0
983
829
0
0
0
0
969
566
0
960
745
0
966
0
0
0
0
0
873
0
0
0
893
0
0
0
0
776
795
0
937
0
0
0
606
0
0
0
0
0
0
0
0
805
703
0
0
0
0
0
0
0
0
0
0
0
630
0
0
628
0
756
0
609
669
0
0
0
753
548
986
0
791
0
0
0
0
0
0
0
620
0
0
0
0
918
0
723
0
0
818
0
0
0
0
0
0
559
835
0
812
0
955
0
0
587
0
0
0
0
0
0
0
0
833
0
927
0
0
0
768
0
0
0
0
0
685
0
0
0
921
0
643
0
522
0
0
0
0
951
0
0
839
0
0
674
0
0
637
746
872
0
637
0
0
0
0
0
722
860
0
0
0
0
0
0
0
0
0
930
0
830
0
0
689
0
0
0
876
973
575
0
692
602
583
0
0
0
0
921
0
887
0
0
980
0
509
0
0
0
0
989
831
0
0
921
0
574
924
0
0
0
0
0
511
773
686
0
0
0
879
530
0
0
0
0
528
0
672
763
0
620
0
0
544
0
0
0
906
0
0
952
0
967
0
0
668
622
861
0
987
0
0
0
0
0
0
532
0
0
0
961
833
858
0
0
0
907
998
0
776
0
0
0
702
0
0
0
0
0
0
0
844
0
939
0
0
779
608
0
0
0
0
0
722
0
799
709
0
889
0
0
0
643
881
0
0
0
0
972
0
0
0
0
816
0
0
636
959
0
0
0
0
0
0
0
0
0
746
948
0
907
687
0
791
0
0
906
0
844
0
0
628
0
0
0
0
594
683
0
0
746
0
0
815
0
0
0
0
0
0
0
0
0
816
0
783
0
737
727
0
718
0
0
0
0
0
0
0
836
0
511
571
0
553
0
711
0
0
0
0
0
0
0
0
0
821
528
0
0
0
0
0
802
538
836
0
0
0
0
0
0
0
851
675
0
0
0
0
631
0
0
0
0
762
0
0
0
788
0
532
840
911
0
0
0
951
0
844
0
0
0
0
0
0
913
0
512
0
0
0
0
727
0
957
0
751
0
515
0
0
973
0
0
0
0
843
0
0
0
0
620
0
0
0
0
0
0
824
0
0
0
0
879
0
0
502
934
0
850
0
842
0
502
0
783
0
0
588
0
0
648
0
0
0
0
614
783
0
0
889
0
0
834
0
0
0
0
0
0
0
775
0
0
0
851
0
0
590
0
0
0
937
0
0
0
0
0
0
0
0
686
832
0
0
0
0
0
0
721
713
0
0
847
0
777
0
0
0
578
0
0
0
717
803
0
0
0
586
0
0
0
0
0
0
0
0
0
0
632
653
0
0
0
0
0
0
0
0
0
705
899
586
0
0
0
0
0
0
0
0
0
0
0
0
0
0
564
797
0
0
0
0
534
0
0
0
0
0
0
849
954
0
808
0
0
0
0
872
0
0
0
0
596
0
0
0
952
0
0
686
0
0
0
779
654
653
0
0
0
0
0
0
0
925
0
732
0
0
819
0
0
673
0
0
0
0
678
562
609
868
0
899
0
0
0
739
0
545
0
0
0
951
0
0
690
898
0
615
0
688
0
0
901
0
0
0
0
0
0
0
0
773
638
0
0
0
0
0
668
572
0
642
0
0
0
0
649
502
0
978
726
0
0
0
0
0
0
790
0
0
0
0
830
0
0
839
0
628
0
832
0
0
0
0
831
0
0
942
0
0
0
0
0
0
0
0
804
0
0
0
549
0
0
0
0
0
793
0
0
0
0
587
0
0
561
0
534
0
0
0
0
0
0
666
0
894
900
0
0
0
657
0
0
0
0
0
0
970
967
0
665
550
720
0
608
0
0
0
650
0
0
936
0
0
0
908
0
0
517
0
0
928
0
0
0
0
925
0
0
0
839
628
817
0
805
0
967
0
0
0
0
0
0
868
775
0
0
943
0
0
0
954
0
966
0
785
0
741
0
0
943
928
0
0
0
0
575
717
541
0
0
0
0
0
0
637
689
0
0
0
0
0
573
613
0
0
587
0
0
0
0
0
530
862
0
0
907
0
0
0
0
707
0
0
0
0
0
0
0
0
0
0
834
789
0
895
0
0
617
899
786
0
0
709
0
0
0
0
0
844
548
0
504
0
703
0
0
0
0
0
779
0
868
0
647
0
724
667
745
0
0
933
0
0
0
0
0
0
825
0
544
928
0
826
0
0
986
0
691
0
0
0
0
0
672
0
0
0
0
718
858
0
0
0
0
0
966
0
933
0
661
0
0
0
0
0
0
684
0
764
0
0
0
0
0
588
728
0
0
997
903
0
0
0
0
646
969
698
0
0
815
0
0
0
0
0
0
0
531
585
729
0
0
0
0
674
0
0
913
0
654
831
775
647
0
0
0
0
0
0
0
751
0
0
808
0
0
649
0
0
0
0
0
0
0
0
0
693
0
0
0
515
0
517
0
0
584
0
947
0
0
520
0
0
0
0
629
0
0
626
0
0
728
0
0
0
0
837
527
705
0
528
0
0
0
0
926
0
0
715
693
0
0
0
971
887
0
968
0
684
0
665
0
683
634
0
0
0
712
0
961
0
994
0
0
0
668
0
0
0
653
0
0
0
0
0
695
0
0
0
0
0
603
0
0
0
0
0
645
529
0
510
0
0
0
0
653
727
846
0
0
954
0
0
0
809
0
0
0
0
0
0
0
0
0
0
0
989
0
0
0
652
777
714
0
880
0
0
0
612
0
0
995
0
592
0
0
752
0
0
0
0
0
0
621
638
862
0
0
627
0
542
0
0
0
520
526
850
942
750
0
0
739
0
0
0
622
594
512
0
0
0
0
724
0
695
0
0
0
0
0
0
0
0
631
0
568
0
0
0
563
573
0
827
798
0
953
0
677
0
0
0
0
997
0
0
959
0
0
0
0
620
0
0
772
893
651
0
0
0
786
523
0
0
0
0
0
0
0
0
0
939
0
653
0
886
0
981
598
628
0
588
517
0
0
0
0
905
0
913
709
0
0
618
774
0
0
0
0
981
878
0
0
0
0
637
861
683
0
0
0
942
943
667
0
0
0
0
0
0
0
0
0
0
753
0
0
0
0
0
0
945
933
558
0
0
864
0
0
0
0
965
1000
0
931
0
0
752
967
0
556
0
813
559
0
0
0
0
553
0
952
531
717
0
0
0
914
0
882
0
0
771
0
0
0
0
559
0
911
524
871
0
904
0
831
0
0
0
706
0
0
792
0
0
574
0
0
0
0
0
0
983
0
0
0
746
0
0
0
721
0
0
0
745
0
0
0
0
0
750
0
0
0
0
0
0
0
0
646
0
743
0
0
0
912
0
915
561
876
0
0
935
941
0
823
648
0
872
0
0
0
909
605
0
944
863
0
670
0
0
0
0
0
911
0
966
0
749
669
0
0
0
0
877
0
0
0
691
0
502
0
673
0
0
629
0
0
0
0
800
0
0
858
0
0
0
975
601
0
950
0
629
754
0
0
872
987
0
0
713
0
0
0
0
0
0
0
0
750
0
0
666
0
794
913
979
587
559
0
0
899
0
0
0
865
0
0
0
602
0
0
626
0
949
0
714
749
0
0
0
0
592
969
0
0
0
0
0
0
0
0
0
0
992
0
0
0
922
0
0
574
637
0
0
0
0
0
649
0
693
0
0
0
0
0
934
0
956
0
0
0
766
918
0
0
1000
943
670
0
0
0
0
621
0
0
0
0
746
0
0
0
0
0
0
0
0
0
0
0
0
0
0
624
0
0
0
0
903
687
999
0
0
0
0
632
953
568
0
0
0
699
0
553
990
0
0
0
0
0
0
834
0
714
0
0
0
778
565
0
0
0
849
0
811
0
0
0
0
0
0
0
694
0
0
0
791
0
838
0
847
0
0
935
0
743
867
0
0
0
774
981
0
0
0
0
0
579
829
927
795
0
0
786
626
0
637
0
0
727
0
0
0
954
933
751
0
0
0
0
666
0
0
0
700
998
0
670
0
0
0
0
0
0
0
583
0
975
0
965
951
0
0
0
588
0
0
0
0
0
642
734
0
777
0
0
843
0
0
828
0
0
878
0
0
0
564
821
0
0
0
0
975
610
0
0
890
0
0
0
0
0
0
0
0
0
791
580
0
753
0
0
0
0
0
0
781
0
0
0
0
0
0
0
0
0
0
0
0
0
847
0
0
0
0
0
603
0
0
0
0
624
0
0
502
0
0
0
0
0
0
0
0
0
743
0
538
0
802
910
0
947
0
0
744
0
725
0
785
0
0
0
0
0
629
0
922
966
0
683
0
0
637
692
0
0
723
0
0
0
0
979
0
922
600
0
762
0
807
0
0
0
0
0
0
0
0
0
689
994
669
0
0
0
0
0
529
989
663
939
807
0
0
669
0
0
0
0
815
957
0
925
0
966
0
0
0
0
0
0
794
0
700
502
0
730
0
0
0
861
0
0
0
0
0
869
882
768
615
0
0
0
848
0
889
552
0
0
767
0
0
0
908
0
630
692
0
0
0
644
0
0
622
760
0
884
0
0
0
0
0
0
0
857
867
0
982
0
0
585
0
0
0
0
0
0
833
0
668
0
0
0
0
0
754
0
0
0
539
858
0
696
0
0
0
0
0
0
0
0
777
0
0
0
0
808
0
631
753
0
913
0
998
0
730
0
0
0
0
795
0
0
538
0
777
0
596
0
640
0
0
964
725
0
718
969
0
0
0
0
991
682
657
0
0
0
0
0
0
0
0
0
883
578
0
0
956
0
0
0
0
0
0
514
0
0
0
0
836
0
0
962
626
993
790
0
0
0
0
0
0
950
0
840
0
0
531
0
0
0
0
0
0
0
0
630
0
0
0
751
0
732
0
785
0
0
0
0
0
0
979
0
0
0
0
0
0
0
0
757
0
0
0
0
0
525
0
0
937
0
877
0
650
712
0
909
716
0
543
0
697
0
582
611
0
606
0
0
0
0
0
891
0
0
957
875
0
828
897
0
897
0
0
840
0
0
0
687
0
0
810
755
0
0
0
541
0
0
0
648
0
563
0
0
0
823
0
877
619
0
0
905
0
0
0
0
0
532
0
0
0
0
804
0
0
0
0
568
0
0
587
0
670
0
0
0
0
0
1000
0
0
0
0
0
706
0
932
0
0
0
938
0
0
0
769
907
885
0
837
678
0
0
618
0
789
0
0
516
806
0
973
0
0
0
0
0
747
0
0
0
621
0
0
0
980
878
0
0
0
668
829
0
692
0
898
720
972
878
514
0
784
760
0
0
950
0
976
733
764
917
0
640
0
879
0
0
722
0
0
515
0
0
0
741
0
649
0
0
0
0
559
903
0
0
0
0
0
1000
0
0
801
592
0
0
0
674
0
0
562
0
0
0
784
0
640
0
921
687
0
560
753
0
0
0
939
545
695
0
0
0
640
643
0
964
0
0
0
0
0
0
0
0
0
0
0
0
940
852
0
725
792
699
0
0
0
0
0
0
625
0
877
0
0
0
546
0
0
0
0
556
0
500
0
865
894
628
860
0
0
0
578
819
0
0
825
0
645
0
0
646
0
687
0
0
861
795
757
0
0
0
853
657
0
0
0
0
0
0
0
853
802
0
0
549
568
0
622
0
951
0
0
0
0
0
663
0
0
0
0
865
0
0
0
0
575
0
0
0
0
0
940
0
0
0
0
746
0
659
0
0
0
0
950
0
0
0
786
690
0
0
0
0
765
898
595
801
930
0
0
877
0
0
908
0
774
0
0
0
0
0
0
0
0
0
0
0
529
0
0
0
0
999
0
0
0
0
0
0
801
853
0
0
0
789
0
0
918
901
822
0
0
780
0
0
0
0
733
530
815
0
0
0
0
0
0
0
0
885
0
0
587
0
980
0
0
887
0
0
797
0
0
947
0
585
0
0
0
0
918
0
0
901
0
755
0
0
0
0
0
0
0
512
867
0
891
0
984
0
759
0
0
0
526
718
0
756
0
961
0
973
0
0
549
943
544
0
0
563
0
743
899
0
0
0
0
0
0
0
592
657
0
0
0
0
585
784
0
0
0
0
0
773
0
0
0
0
0
647
680
559
0
0
0
0
0
0
757
0
0
0
0
0
789
654
0
0
0
0
0
974
881
0
0
768
0
509
0
631
0
998
607
0
0
848
686
687
0
616
634
0
0
0
620
0
667
875
882
838
662
653
0
710
990
0
748
0
0
833
0
0
0
673
0
928
928
0
510
573
945
0
0
0
0
0
0
538
0
0
0
0
0
0
0
731
0
532
0
0
0
0
0
751
0
557
983
0
0
0
0
0
529
0
710
0
777
0
0
0
589
0
0
0
699
0
0
0
0
687
877
0
964
0
0
0
0
867
0
0
948
0
0
0
0
0
0
0
0
0
0
0
0
0
0
540
0
0
0
553
0
0
0
0
0
0
0
609
0
858
0
0
717
0
0
0
0
0
0
0
933
0
0
0
0
0
0
0
0
0
0
0
789
0
731
0
0
0
0
983
951
818
0
0
0
0
0
549
0
0
0
0
0
0
537
0
791
0
0
0
884
0
823
0
0
950
0
934
706
0
635
629
771
647
0
0
0
0
984
0
585
965
0
0
0
830
600
0
0
855
0
0
811
0
516
605
640
648
0
0
772
0
0
0
0
0
675
669
0
0
816
0
803
0
0
0
826
0
0
827
558
0
0
0
0
743
0
777
0
706
0
0
0
585
0
0
0
0
576
766
0
0
0
0
784
0
0
0
945
0
0
0
0
0
0
588
0
0
717
901
0
0
0
0
0
604
854
822
0
0
0
622
0
649
535
0
0
0
0
0
0
0
831
0
0
0
0
0
0
0
0
0
541
0
712
0
0
0
0
0
997
980
0
883
785
0
0
0
0
0
0
0
0
0
0
0
0
0
0
798
0
912
865
632
583
0
869
0
525
0
674
0
0
784
532
0
0
0
881
668
0
601
0
0
0
0
0
0
0
902
564
0
576
550
0
567
0
0
983
0
0
721
0
0
0
0
0
0
804
0
0
0
972
0
0
0
0
0
0
0
0
946
0
0
0
972
0
0
0
0
0
0
0
0
0
945
0
0
569
0
0
0
0
747
0
984
0
0
0
0
783
843
0
0
0
0
0
0
0
0
0
0
0
953
0
538
882
596
0
932
0
0
918
0
0
0
576
881
0
0
837
0
892
938
740
0
0
0
0
0
0
0
0
0
0
0
882
737
0
761
537
509
0
0
0
0
0
0
0
0
0
994
0
0
0
0
876
0
517
821
0
778
0
0
0
559
0
805
512
0
836
0
869
945
0
0
0
0
0
741
934
647
0
0
0
0
0
0
0
907
0
0
0
678
793
575
986
0
653
953
864
915
0
568
975
0
768
0
0
0
0
0
901
0
0
983
766
668
0
0
0
827
0
772
0
779
0
0
0
0
0
0
0
0
0
742
878
0
0
510
905
780
0
0
0
0
0
0
0
0
793
0
0
0
988
885
0
735
0
603
0
0
843
942
0
0
904
683
0
0
0
0
0
634
956
0
566
0
620
561
549
0
0
0
744
0
972
753
0
998
737
0
586
562
0
717
0
693
727
0
0
561
0
0
0
802
615
640
937
0
562
0
822
0
0
951
0
0
837
0
0
0
785
0
0
0
0
0
814
0
0
0
0
728
0
873
0
776
769
0
0
0
687
0
578
0
0
0
0
612
670
0
0
0
0
0
536
0
0
572
622
0
0
675
0
0
0
729
0
0
629
0
0
556
0
0
688
0
549
0
0
0
642
923
0
635
829
548
930
0
727
0
0
609
0
541
691
0
846
677
0
876
602
0
965
910
0
0
0
0
0
853
0
0
0
818
0
601
0
827
0
0
0
0
0
0
0
505
0
880
0
0
0
851
0
0
0
0
0
0
751
0
0
0
0
558
0
0
923
0
0
820
695
712
0
0
0
0
793
0
0
0
0
802
0
0
955
789
0
0
878
564
0
0
0
0
866
0
833
0
0
0
0
595
801
884
0
986
0
776
0
0
0
868
0
0
0
0
0
0
0
0
0
0
951
0
0
0
877
938
0
802
0
0
0
0
0
0
892
0
785
0
0
0
863
0
0
0
0
829
0
889
0
0
736
0
0
0
559
0
594
0
0
580
0
0
0
0
669
0
588
0
0
0
0
0
0
918
0
799
799
0
0
0
799
0
0
0
0
0
563
0
0
0
784
0
0
896
829
0
0
0
946
666
0
0
587
0
830
0
718
620
0
0
0
0
0
0
0
0
0
0
0
699
0
947
0
964
0
0
0
0
780
773
751
0
0
0
938
772
0
0
0
0
936
0
848
0
0
0
0
0
732
865
0
749
828
557
944
0
0
0
0
0
684
0
0
0
0
999
711
0
0
0
823
0
0
0
0
0
0
0
0
0
0
0
729
0
0
0
720
0
925
0
0
0
0
706
0
0
873
0
740
0
0
736
0
791
0
0
0
0
0
899
587
0
0
515
954
0
965
935
626
0
0
0
848
725
650
0
784
0
0
0
0
0
784
0
740
0
0
0
863
936
0
0
0
0
0
0
0
809
688
0
907
826
0
0
0
0
0
0
0
830
0
0
548
0
0
0
0
0
0
0
504
0
524
984
0
0
0
0
0
0
514
701
0
0
0
574
0
0
937
620
994
0
784
0
0
791
508
0
0
0
0
804
0
0
0
0
0
0
0
0
0
0
0
0
0
0
1000
941
0
553
0
0
0
0
712
0
0
549
0
0
557
0
0
0
0
779
0
0
0
0
0
0
0
0
0
865
0
0
712
0
0
0
0
0
0
0
0
0
560
0
0
917
0
633
745
0
0
0
722
0
0
0
847
548
0
875
0
629
0
0
0
802
0
0
640
0
561
968
829
719
0
0
0
600
0
717
620
0
612
0
861
0
0
0
689
702
0
0
0
0
0
0
0
517
0
997
0
0
949
990
588
744
889
718
0
769
640
568
0
0
983
0
0
0
0
0
0
0
0
848
0
0
0
0
637
571
553
0
561
0
565
939
0
0
0
691
784
0
0
0
644
657
0
595
0
0
0
0
523
956
0
841
0
0
0
0
0
0
0
0
0
0
799
949
0
520
0
837
0
0
0
0
0
0
730
0
0
738
0
745
0
739
737
0
0
0
0
0
0
0
561
0
672
0
0
0
931
823
0
0
0
0
552
969
909
907
0
0
0
0
0
549
0
0
0
0
0
505
0
0
0
0
0
0
749
0
0
0
0
0
824
0
0
0
0
0
0
614
0
0
0
0
0
729
0
0
0
0
0
895
689
0
0
914
725
909
0
0
0
794
971
528
0
515
506
0
0
0
0
0
0
0
0
0
0
0
0
678
0
705
807
948
0
0
0
0
0
0
0
739
0
637
0
0
809
0
0
648
714
0
0
725
0
0
716
885
921
622
733
0
0
0
945
0
0
0
814
0
0
0
0
0
637
749
0
804
0
0
0
0
0
0
0
0
820
0
0
0
0
0
0
0
0
0
0
975
0
0
854
0
0
0
0
0
872
0
0
0
0
0
699
0
0
0
0
0
0
0
804
0
0
503
0
0
0
0
0
0
0
0
725
0
0
0
0
0
0
0
0
0
534
689
0
584
0
959
0
0
749
0
0
0
0
0
0
0
687
0
530
647
0
0
0
902
0
0
0
880
829
0
0
865
571
0
804
0
0
0
0
0
0
0
0
0
0
0
0
0
813
879
0
932
0
0
944
500
0
0
0
853
0
0
0
0
0
0
0
533
620
0
0
708
888
0
0
0
0
940
0
854
0
501
0
841
836
831
597
0
791
0
981
878
0
0
876
0
0
824
0
545
0
0
0
0
0
0
752
872
0
0
0
785
767
0
543
837
0
951
815
680
0
0
0
564
0
0
0
0
0
0
0
0
553
0
0
0
0
662
650
0
0
0
0
0
0
0
0
0
0
906
953
898
0
0
0
0
0
541
684
0
0
808
716
0
0
0
0
0
968
887
0
0
610
0
970
0
0
0
557
0
562
0
774
0
959
956
0
0
835
0
0
0
0
0
973
0
836
0
632
0
0
0
0
947
0
0
967
0
0
0
0
0
0
0
0
678
560
0
0
559
0
0
0
0
0
0
0
0
889
0
809
0
0
0
0
0
662
0
716
0
531
0
0
975
0
0
0
0
0
606
0
0
961
983
0
0
884
576
0
0
525
0
0
560
846
0
0
0
0
0
0
0
0
0
0
750
878
0
569
568
641
910
974
0
0
0
721
0
0
0
0
0
0
620
575
0
0
0
653
0
0
0
718
0
0
0
0
0
0
0
642
0
0
991
697
0
753
0
0
0
529
0
0
576
0
0
0
0
0
732
688
712
561
0
0
0
650
716
0
0
0
0
0
0
0
709
0
0
0
0
0
0
653
0
0
0
729
724
560
0
0
0
976
0
0
0
0
0
610
0
912
524
0
0
823
0
808
0
0
0
0
0
771
992
0
588
518
0
855
0
0
0
0
0
0
0
511
0
0
0
0
0
858
0
0
0
556
0
0
834
734
0
0
682
0
0
0
0
0
0
0
0
0
550
0
0
728
851
0
865
0
0
0
0
0
0
0
0
0
0
0
0
0
684
735
0
973
0
0
0
0
0
0
840
0
0
0
0
820
833
0
0
924
0
0
0
559
715
0
952
0
542
0
581
0
719
552
886
0
0
0
888
0
907
805
0
829
0
0
0
0
824
0
0
692
844
571
0
0
951
0
0
0
520
0
620
0
909
592
0
0
0
908
657
582
618
0
0
0
0
710
537
0
0
0
0
0
0
736
0
907
0
565
824
0
0
0
531
0
0
0
533
690
716
0
0
509
0
0
0
0
0
0
0
0
0
0
0
896
0
509
502
859
914
0
0
0
615
0
0
0
539
0
572
0
0
0
0
0
0
508
918
517
0
685
804
0
0
0
0
0
0
0
0
602
0
0
879
0
0
0
573
0
0
0
0
813
605
969
714
777
0
0
0
611
0
0
0
0
0
0
0
588
567
0
742
873
0
0
749
826
0
939
0
0
0
0
0
0
0
533
0
698
849
0
0
511
0
0
939
785
0
0
0
0
0
774
0
0
0
0
0
0
0
646
0
0
0
0
869
0
0
709
0
0
0
991
586
873
0
0
0
0
0
0
0
0
0
0
0
0
0
860
0
583
939
553
0
0
0
666
613
0
0
0
0
559
0
0
0
0
629
630
0
0
789
939
663
0
0
777
791
0
0
882
878
0
0
0
828
0
0
0
0
0
0
0
0
0
0
690
698
0
0
536
0
0
605
0
0
935
0
0
641
0
939
673
0
0
0
0
0
0
550
0
568
0
591
886
0
0
0
519
0
0
796
525
0
0
0
0
571
0
0
0
0
652
0
812
0
0
0
0
918
0
0
0
0
0
690
0
0
0
0
0
772
0
944
0
0
0
0
692
0
606
0
545
0
0
0
0
0
0
0
737
0
776
0
0
557
0
0
0
0
0
0
0
975
0
684
716
849
0
0
0
0
903
0
0
0
0
0
0
0
0
0
918
950
0
0
922
0
0
0
597
0
0
818
0
0
842
714
0
0
0
967
0
607
0
0
0
0
528
812
0
0
0
513
772
0
0
717
0
0
0
0
711
502
0
898
894
0
0
0
0
893
0
863
0
0
843
922
0
0
0
0
695
0
0
757
0
0
717
983
0
0
769
0
559
944
0
0
0
0
820
0
0
0
0
735
0
0
536
0
0
504
618
0
944
0
0
0
0
990
0
0
0
0
0
884
905
872
0
0
0
0
0
0
562
0
953
676
0
675
574
0
0
768
0
0
0
0
0
0
725
796
0
0
646
0
801
980
962
723
0
779
0
934
0
0
900
587
966
629
0
651
0
0
0
778
0
966
0
0
0
516
0
0
885
0
0
0
901
0
761
510
0
0
0
0
0
0
691
0
0
0
0
0
709
0
0
0
0
0
504
0
894
0
596
0
0
0
0
587
0
0
866
0
518
853
656
855
0
0
0
0
926
0
851
0
0
0
0
0
0
0
0
0
0
0
0
867
0
931
0
871
0
0
0
0
636
0
0
0
0
608
0
0
0
615
0
0
0
0
989
0
0
670
0
565
0
0
0
0
0
806
0
0
0
0
589
884
0
0
537
905
0
751
594
0
0
0
784
0
0
0
0
0
0
973
509
511
0
903
618
894
0
0
0
790
0
0
0
0
789
0
569
0
640
0
0
784
0
0
959
0
606
0
0
0
950
0
0
890
610
0
0
0
0
554
0
0
0
0
688
0
0
0
0
0
945
0
0
0
921
0
0
850
0
0
0
0
933
0
0
0
553
0
0
0
828
683
644
0
0
0
0
865
0
0
0
0
0
721
509
780
0
0
0
0
0
0
0
614
0
0
0
0
0
0
0
0
605
0
0
0
0
0
0
560
0
850
0
751
891
975
638
0
0
573
0
0
0
592
510
0
0
717
0
0
501
579
0
0
0
0
712
0
0
613
0
0
0
786
0
714
676
0
0
545
0
880
639
818
0
0
0
0
705
688
0
0
0
626
0
0
0
0
0
0
0
0
0
0
0
973
640
0
587
0
0
823
0
0
0
0
687
0
0
0
0
560
0
0
0
813
0
0
0
0
0
0
0
0
944
596
0
0
0
0
905
830
801
0
0
0
0
0
0
0
0
0
0
896
542
0
0
0
0
0
0
0
0
0
0
0
0
554
0
0
947
0
0
827
531
0
621
0
0
609
769
0
0
0
887
0
0
842
899
0
657
0
661
0
0
786
952
0
0
0
0
0
0
0
891
0
643
0
0
0
0
0
0
0
0
0
0
0
580
0
830
0
0
0
0
879
906
606
0
0
0
939
0
0
0
0
790
560
0
0
0
924
600
795
636
0
0
0
0
0
0
0
0
0
0
0
0
0
825
0
819
0
0
0
0
0
0
919
0
0
0
0
0
0
0
0
536
0
558
0
0
0
0
0
0
0
0
0
586
0
0
0
0
0
652
523
531
0
0
849
878
637
622
883
0
0
0
0
980
789
699
0
0
0
0
0
578
0
0
684
0
0
644
0
0
0
953
0
0
0
0
785
935
0
0
0
0
0
905
0
0
0
592
599
854
771
0
0
0
0
651
0
885
0
771
0
0
0
577
891
645
0
981
0
839
0
823
918
0
0
0
776
0
0
0
0
659
0
656
0
0
613
0
0
0
0
0
502
0
901
0
530
0
728
777
0
717
0
0
0
0
692
760
578
0
0
964
0
0
654
0
950
604
0
0
0
0
558
0
0
0
917
657
0
0
932
898
0
0
0
0
0
0
0
0
0
0
850
830
924
0
0
0
895
889
0
853
798
0
0
0
0
0
806
0
773
926
975
0
0
0
0
582
0
0
0
563
0
0
523
895
0
0
0
0
0
0
0
0
0
0
0
999
0
980
722
0
0
0
0
0
862
0
0
714
0
0
911
992
811
0
0
0
0
957
0
0
575
0
0
0
0
854
0
0
0
0
0
0
0
548
0
0
0
0
0
0
961
653
0
0
0
0
0
0
0
0
0
801
600
592
0
0
739
0
678
0
0
682
0
891
0
0
741
0
0
0
0
0
0
0
0
0
641
695
545
0
984
0
0
531
0
0
877
0
0
904
0
0
0
0
644
0
0
0
0
0
783
0
0
0
0
0
0
0
0
0
0
0
0
0
0
884
0
875
0
0
0
887
0
0
934
822
0
0
0
0
0
0
0
0
633
595
729
0
0
0
983
0
840
0
0
641
0
990
587
0
751
0
795
599
895
739
0
0
0
920
0
0
885
997
0
0
631
0
852
0
1000
0
0
0
714
0
0
0
0
506
0
746
685
0
636
0
733
572
0
0
0
0
0
808
668
0
0
509
799
821
0
0
0
0
0
0
0
880
0
0
966
0
0
564
723
0
956
0
747
0
0
0
0
0
706
0
804
0
0
0
923
669
0
0
745
0
0
0
944
0
0
0
0
0
0
0
0
0
0
789
891
0
636
854
889
0
0
0
0
0
0
0
0
0
780
0
799
0
0
0
0
0
956
840
980
763
0
0
0
0
0
0
0
0
0
0
586
0
0
0
0
0
0
0
0
0
559
0
709
528
0
0
0
0
907
0
0
0
0
914
0
0
0
821
0
0
0
828
0
0
0
0
0
687
0
0
0
0
0
612
0
0
999
0
0
0
0
975
500
0
0
0
0
0
0
939
0
0
0
0
975
0
0
771
0
678
0
0
0
0
0
0
512
850
794
574
0
0
0
0
769
0
0
990
0
0
657
0
513
0
0
954
816
826
0
0
0
0
0
0
0
0
0
0
0
0
835
0
0
0
588
0
0
970
0
684
837
0
0
0
749
922
0
0
0
0
0
897
0
0
0
797
0
877
635
0
0
0
793
670
0
588
711
0
0
0
0
0
0
0
884
729
0
0
774
673
918
0
866
569
638
0
0
0
853
0
920
0
0
0
0
0
0
890
918
670
0
0
0
0
0
0
980
0
0
874
0
849
0
884
0
0
0
0
0
0
0
0
899
0
791
0
0
655
0
0
0
0
889
0
0
0
0
967
0
0
527
0
0
882
669
0
0
0
0
0
0
0
0
0
0
0
974
0
629
622
0
994
0
0
820
0
0
0
0
0
0
0
0
541
576
724
0
0
0
0
950
0
0
0
0
0
0
0
798
0
0
0
0
0
0
0
511
0
0
0
0
853
0
969
0
0
580
501
0
0
0
0
0
0
0
0
818
0
0
0
0
0
774
0
0
0
572
0
0
983
812
0
0
0
0
0
0
0
0
764
705
612
0
0
0
0
0
0
0
0
0
897
621
0
940
0
881
964
771
0
972
0
0
0
695
0
0
0
722
523
0
854
0
684
0
560
820
896
0
0
0
0
518
640
0
0
0
0
0
682
0
0
0
0
0
0
0
0
0
0
773
0
505
0
0
576
0
0
0
553
720
0
789
0
0
0
0
797
0
0
0
883
0
0
0
0
818
0
0
829
0
989
0
0
648
0
0
665
0
0
0
0
0
0
0
574
0
0
979
0
0
0
0
0
0
947
0
0
647
649
0
0
0
0
712
0
0
0
0
956
895
0
853
0
0
0
833
0
0
0
0
884
853
0
573
0
0
0
0
0
885
0
512
0
511
0
0
0
0
0
885
0
0
791
0
0
830
0
914
0
0
565
0
842
954
0
0
0
0
635
0
0
0
0
0
0
0
0
0
0
955
831
0
0
0
0
773
550
707
0
528
0
939
771
0
637
694
975
0
0
0
0
0
0
0
0
0
0
0
535
0
0
988
0
0
0
823
504
0
0
689
0
0
0
525
0
0
509
0
0
922
905
656
0
0
0
0
651
0
891
997
0
850
890
0
0
0
0
0
0
0
0
0
0
0
813
0
0
546
0
991
0
545
857
787
647
563
0
0
0
678
0
0
0
0
0
823
0
0
0
0
0
643
802
0
0
638
720
0
0
0
995
0
0
0
0
0
610
922
857
514
840
0
0
0
585
768
0
0
0
0
0
885
0
0
0
0
0
0
841
0
0
0
808
0
0
0
502
0
0
0
872
855
784
0
0
0
0
0
0
0
780
794
918
0
0
0
0
0
0
648
647
0
0
0
0
542
0
0
0
0
0
0
630
0
590
0
575
0
729
0
0
0
0
593
651
0
0
0
0
0
0
881
538
0
0
0
0
0
0
0
0
653
0
877
0
0
0
600
867
0
0
980
0
0
0
0
0
0
0
0
876
0
536
0
0
0
524
847
0
0
0
0
716
0
976
924
859
0
0
0
0
0
0
0
0
0
885
0
0
0
0
574
670
0
0
0
0
0
0
550
787
855
0
0
527
0
546
0
0
0
0
831
0
0
849
0
774
651
0
0
0
0
0
557
0
0
663
0
0
587
921
0
836
0
0
0
608
0
0
0
592
0
0
0
0
0
0
0
0
0
0
878
0
746
0
509
867
0
0
0
0
735
0
0
918
0
984
548
0
914
0
0
0
560
0
0
914
0
550
0
0
0
0
592
896
0
0
806
741
631
799
0
0
0
773
885
0
648
550
0
0
888
0
0
0
0
0
0
0
0
684
566
0
840
965
0
835
0
0
0
0
0
0
0
676
0
759
0
969
0
0
0
0
614
0
0
0
0
588
0
0
886
0
0
0
791
890
762
982
0
0
0
940
0
0
0
0
984
0
0
517
0
0
793
0
0
0
0
0
725
872
0
0
846
0
0
0
646
0
597
0
0
959
510
542
0
771
0
0
0
0
0
0
853
0
0
0
647
787
0
0
837
0
0
640
0
0
0
880
0
885
0
0
0
0
711
987
0
762
0
0
0
0
506
918
0
652
0
566
0
574
0
0
783
564
0
0
0
728
926
0
0
559
0
0
0
0
0
0
0
687
0
852
659
0
631
0
0
0
0
821
603
572
0
799
0
0
875
0
909
0
0
0
0
0
0
0
0
568
0
0
0
0
0
0
0
0
773
0
852
0
0
0
0
505
0
0
0
855
888
837
0
0
0
0
0
0
0
0
845
0
910
0
0
598
614
577
0
0
758
0
795
0
0
0
957
0
0
0
0
924
0
0
0
797
0
0
0
0
0
752
981
0
691
649
838
0
807
0
836
0
0
0
0
918
0
948
585
0
0
0
0
622
0
799
0
0
0
0
0
0
0
0
0
0
559
0
0
0
0
0
926
606
0
0
0
0
926
0
0
0
0
0
969
0
791
0
0
0
0
0
0
0
0
929
987
880
0
0
0
0
527
915
0
963
0
0
0
602
0
0
0
560
662
0
0
681
0
960
0
0
972
0
0
0
668
650
0
0
0
0
598
911
0
0
0
0
0
585
0
0
668
725
0
0
998
0
965
0
946
778
0
0
0
0
0
0
629
0
0
0
533
0
0
0
715
615
0
591
818
0
0
0
717
0
0
0
975
0
1000
0
769
0
0
0
0
0
0
0
0
0
0
0
0
0
0
600
0
0
535
0
0
648
0
837
782
0
0
0
661
947
0
0
0
796
0
933
0
745
0
0
0
0
889
0
572
0
0
997
715
0
628
524
502
693
847
0
0
0
0
810
829
792
0
0
607
0
0
831
0
0
843
0
0
0
0
0
0
0
0
0
620
968
0
610
0
0
0
886
0
562
851
0
0
0
825
577
0
0
0
0
0
0
0
576
0
813
0
527
0
640
0
929
0
0
0
0
0
0
0
780
899
0
0
0
0
607
0
0
0
684
774
0
964
0
0
0
0
0
0
0
0
0
0
0
0
0
0
903
693
0
0
871
0
0
0
0
0
0
962
755
0
699
0
901
0
0
0
0
0
0
942
675
802
0
0
0
0
0
794
0
0
887
0
0
952
0
869
0
0
0
0
0
0
0
0
891
0
0
0
956
0
980
580
0
830
0
542
0
0
0
0
987
0
0
0
0
0
0
807
0
628
0
748
0
0
0
0
779
0
0
0
0
684
0
0
0
0
966
0
0
0
0
0
0
642
936
0
0
0
0
588
0
673
0
0
0
0
0
626
0
692
0
950
0
0
0
0
0
0
0
0
0
0
799
0
514
0
0
971
699
0
0
0
912
0
0
0
0
842
953
0
950
501
0
819
645
0
0
0
840
990
0
501
0
0
0
0
546
0
0
0
880
600
0
0
0
0
0
0
0
590
0
789
0
0
0
0
0
609
942
0
0
0
0
0
0
0
0
0
0
0
851
834
534
0
0
834
0
0
0
517
904
0
0
935
0
0
0
993
0
0
0
0
755
848
0
830
0
972
559
0
0
0
0
0
701
802
0
528
0
708
0
0
524
542
539
0
0
714
676
0
0
579
0
0
0
0
0
714
980
0
0
0
0
914
546
0
0
0
0
0
0
0
0
0
0
0
0
0
0
0
0
0
0
0
0
916
0
0
909
0
0
913
0
0
986
938
0
833
511
816
675
0
0
0
0
789
0
0
0
0
0
0
0
0
0
0
0
790
0
898
0
0
0
686
0
600
0
0
0
904
0
955
0
729
0
0
799
0
0
888
610
0
0
0
0
709
519
0
0
0
0
0
0
0
981
582
0
0
763
0
874
0
553
0
0
0
0
0
880
0
0
0
0
0
0
0
0
0
0
961
0
724
0
0
0
0
904
842
0
0
947
0
0
0
834
975
0
0
773
0
0
0
0
0
0
0
0
971
621
0
831
629
0
743
0
0
0
0
541
720
0
0
0
687
0
0
0
0
805
683
729
789
0
0
0
0
949
515
0
0
0
0
0
581
572
0
0
0
675
0
890
0
0
0
0
0
641
0
0
657
0
0
720
0
991
0
0
0
0
845
0
535
0
807
0
0
0
0
754
0
0
0
686
824
888
0
0
0
834
0
0
0
940
0
607
0
0
927
686
0
0
0
0
0
908
895
646
887
638
0
0
0
934
867
791
0
833
0
0
972
0
786
0
0
0
0
0
0
512
0
0
0
0
0
0
640
0
506
0
0
970
0
823
0
0
0
0
0
574
0
610
0
0
0
839
0
695
0
0
0
849
0
0
565
0
0
0
684
885
0
0
0
780
0
0
0
0
754
0
0
0
929
0
614
0
0
0
0
0
881
0
505
0
0
0
0
0
0
0
636
0
0
0
649
0
0
969
0
862
0
0
0
0
0
580
0
0
0
0
878
0
690
0
616
0
855
0
0
0
0
0
0
0
0
574
0
520
0
0
0
0
750
0
719
0
0
796
967
0
0
0
0
0
0
0
0
545
0
0
513
0
0
789
0
545
0
831
566
0
910
527
0
899
628
590
0
961
0
0
0
0
0
0
0
0
1000
0
712
697
0
0
0
0
0
864
967
873
0
0
959
0
0
0
502
0
0
698
968
0
905
0
0
956
0
0
689
668
0
0
514
625
0
0
634
0
0
0
0
836
0
629
878
563
720
0
561
0
0
0
0
0
878
808
552
0
991
525
0
0
0
0
712
0
0
823
563
0
506
0
0
884
0
0
842
857
630
0
0
0
0
915
648
0
0
0
0
0
0
0
0
0
912
0
0
0
980
0
989
0
0
0
0
0
0
0
875
0
0
0
0
631
0
0
0
517
617
0
0
0
0
706
0
0
0
753
994
0
0
648
0
0
0
0
0
0
0
0
0
0
0
0
564
0
0
0
968
837
0
0
940
0
0
0
886
0
586
0
607
768
0
0
0
554
919
918
0
984
0
0
0
0
0
0
954
787
0
0
840
0
0
0
0
0
748
789
0
724
0
929
0
912
0
0
0
0
0
0
0
0
516
903
0
0
0
548
0
0
768
879
0
0
0
849
978
0
899
0
684
627
913
0
800
0
774
0
669
0
0
0
784
877
0
0
0
0
811
541
0
869
0
0
0
0
925
937
829
0
0
804
0
557
569
0
0
0
873
0
0
0
0
0
0
0
0
0
0
0
746
0
954
0
0
0
0
647
590
849
965
0
598
963
837
0
0
0
0
0
686
0
0
0
0
0
0
0
558
0
685
0
0
0
0
0
656
578
0
0
0
530
0
0
775
954
726
0
786
815
0
0
709
0
0
0
981
0
0
0
950
563
760
0
0
512
0
0
0
0
0
945
634
556
0
0
0
620
719
0
0
0
854
0
568
0
0
0
0
0
0
0
0
554
613
0
0
0
523
0
685
0
816
0
818
0
0
563
0
0
0
711
614
0
782
0
0
0
0
0
824
614
0
0
0
0
0
724
0
0
0
0
0
769
528
0
0
0
523
893
0
0
0
0
0
0
0
928
0
0
665
542
0
792
0
766
0
0
0
0
0
0
0
0
765
867
620
0
516
712
0
0
956
0
0
784
0
994
0
0
0
0
0
562
641
0
0
508
0
0
0
0
0
0
0
947
0
0
895
531
0
0
826
0
0
797
0
0
575
774
835
987
577
0
0
607
0
0
0
0
888
0
0
0
0
0
724
0
0
0
0
0
0
0
695
500
0
626
0
0
0
0
0
0
0
808
0
0
0
0
0
0
0
0
858
918
0
0
0
0
840
0
0
0
898
0
0
540
605
0
945
0
0
0
0
0
0
0
0
0
0
503
501
0
910
0
888
918
0
571
0
0
867
0
0
0
0
776
0
0
636
0
0
0
0
0
0
0
0
651
0
0
0
0
0
0
0
0
916
0
0
0
1000
980
0
558
0
0
0
0
0
0
0
0
0
747
732
595
0
0
0
0
0
762
0
0
0
0
709
0
683
0
618
0
0
0
0
0
0
754
0
0
950
546
595
891
667
0
640
0
0
0
566
688
866
0
0
784
0
0
0
0
0
774
974
771
0
517
0
0
528
0
0
0
0
0
0
0
0
0
0
0
0
0
0
0
635
0
729
0
0
762
0
602
0
0
779
0
0
904
0
0
0
0
0
0
0
0
0
0
0
975
0
0
946
0
0
0
0
0
0
0
0
0
851
0
0
0
0
0
634
0
774
574
0
0
0
0
0
0
0
823
0
0
801
0
875
0
648
0
0
0
0
0
0
896
706
0
600
0
0
0
841
0
0
992
907
0
0
0
812
0
931
0
786
827
0
0
0
877
733
586
0
0
0
0
0
678
0
0
0
0
758
0
661
0
0
609
0
842
0
0
712
989
0
685
0
0
0
0
0
0
0
505
757
688
518
981
0
0
685
528
0
0
0
0
0
0
0
0
0
520
0
0
0
1000
0
781
529
0
531
0
976
0
930
984
882
0
0
0
569
0
620
549
833
829
0
0
0
730
0
0
836
959
0
0
805
685
0
0
0
725
0
688
0
531
0
0
0
0
572
0
0
0
0
883
0
0
0
0
0
0
0
0
947
684
0
942
909
0
834
0
697
0
0
0
0
0
0
975
0
0
627
978
0
0
0
969
666
776
0
0
0
0
0
0
0
925
0
0
0
526
0
0
975
943
579
0
989
0
0
877
733
0
0
0
838
553
0
0
0
741
561
0
0
0
0
791
717
0
0
0
831
956
0
588
0
804
0
0
0
796
871
0
714
0
0
0
0
0
0
0
0
899
774
0
0
0
0
0
0
0
795
0
0
774
0
0
0
0
0
881
0
0
516
0
0
0
0
0
0
627
0
0
0
0
532
0
0
795
0
672
746
788
590
872
790
0
0
0
0
850
0
0
601
670
829
0
663
539
0
619
764
0
0
759
662
0
772
997
0
934
549
0
0
0
873
508
620
0
0
0
597
0
721
518
829
0
0
652
0
0
0
0
676
621
536
659
0
904
0
0
0
0
0
0
0
0
0
0
0
0
0
560
0
0
0
0
0
947
0
0
0
0
903
0
769
0
0
0
505
978
0
0
