0
32
446
940
550
913
111
400
600
528
268
976
458
9
25
40
543
535
338
283
880
953
331
848
308
988
122
876
402
327
187
397
479
296
203
186
430
389
252
453
568
928
420
89
551
191
477
185
912
523
356
591
61
36
257
395
994
493
892
231
445
25
112
250
366
927
3
885
114
979
509
130
166
231
234
983
61
841
92
244
880
325
115
578
31
97
227
543
968
415
232
437
497
252
502
412
29
70
569
320
32
0
185
974
197
898
29
386
130
509
567
889
53
535
123
509
272
95
29
66
928
868
255
866
457
972
403
856
194
79
199
276
320
123
337
298
538
274
387
513
507
877
569
525
170
226
192
442
815
381
24
152
560
332
47
20
898
15
821
404
21
268
442
511
196
804
532
916
311
928
239
293
509
236
213
813
499
924
205
537
858
398
372
461
587
184
166
127
912
46
97
512
343
531
115
14
50
72
425
235
446
185
0
854
29
914
316
493
3
67
0
1000
441
281
87
429
552
278
249
83
855
846
321
834
369
870
38
965
434
179
133
435
437
395
558
31
586
482
76
383
582
850
290
533
314
217
73
595
913
359
372
265
499
449
210
545
947
224
837
70
234
521
422
220
577
999
423
869
391
929
330
472
390
365
230
908
308
839
67
413
932
174
301
577
370
11
267
201
923
405
135
558
427
243
465
32
427
225
49
344
940
974
854
0
950
860
845
889
960
911
944
931
859
992
830
855
999
999
947
970
912
804
923
927
810
870
954
811
825
998
948
990
891
833
835
866
995
1000
990
931
840
812
845
959
871
849
998
1000
946
965
904
975
893
881
995
900
838
926
818
825
853
850
804
849
858
967
815
919
866
968
888
993
902
963
922
910
932
972
871
901
899
979
865
983
925
802
885
989
873
891
998
953
900
949
897
892
957
827
846
899
550
197
29
950
0
976
468
72
497
355
174
969
452
185
196
382
308
191
340
217
943
934
270
830
199
998
198
993
145
219
306
585
18
433
332
176
92
33
545
451
301
965
308
283
397
82
186
196
879
386
123
552
451
415
46
292
818
289
902
280
225
434
567
463
493
881
223
904
355
912
379
307
130
185
334
905
221
937
560
121
905
122
209
254
157
108
168
58
993
426
461
600
27
361
138
296
600
74
110
30
913
898
914
860
976
0
804
985
835
938
925
846
840
816
931
877
994
862
989
890
827
811
802
972
943
954
834
996
929
827
818
988
844
936
927
906
987
903
888
994
992
970
864
885
852
949
936
815
1000
974
989
858
978
894
976
836
848
877
877
800
889
929
893
835
976
933
942
953
989
838
922
964
907
964
902
945
992
848
944
958
870
861
828
839
980
819
990
883
901
884
976
831
809
945
977
852
928
919
862
908
111
29
316
845
468
804
0
293
333
401
301
930
343
445
72
296
5
588
544
332
936
817
355
893
445
820
597
801
318
54
69
442
67
539
489
317
456
384
514
578
203
822
170
320
299
387
562
43
875
216
494
94
399
387
259
248
944
378
957
248
394
126
357
237
308
897
319
883
191
897
210
592
202
557
345
985
179
854
22
588
931
427
583
594
331
467
332
30
935
193
430
260
407
424
218
122
419
590
483
90
400
386
493
889
72
985
293
0
200
54
47
988
377
129
102
163
349
282
311
38
848
988
248
823
500
956
526
901
336
403
587
155
130
181
438
589
496
485
444
148
310
957
256
445
165
188
278
264
881
47
432
141
130
541
48
284
905
95
873
122
501
517
286
332
123
892
409
914
96
840
424
449
176
57
206
960
283
863
511
429
900
158
255
25
484
113
26
447
873
292
390
361
386
599
567
343
146
414
190
151
600
130
3
960
497
835
333
200
0
264
14
996
406
119
383
153
254
26
70
592
950
965
442
836
33
827
543
844
390
132
579
580
260
107
62
205
228
547
207
385
187
974
521
266
311
132
253
597
846
105
26
466
427
195
90
515
993
336
964
158
468
456
64
417
102
842
73
812
225
857
550
459
170
371
314
952
134
921
492
546
929
48
439
418
304
192
389
526
814
319
285
58
273
7
418
183
23
556
364
162
528
509
67
911
355
938
401
54
264
0
99
827
249
455
581
243
351
331
40
560
802
899
447
929
478
910
450
905
415
507
56
562
474
391
515
374
448
388
572
588
275
988
74
336
99
493
570
224
876
305
226
128
218
125
196
183
991
220
933
51
586
18
185
467
562
815
108
989
504
845
110
551
359
215
449
817
56
999
325
553
816
152
257
87
263
345
372
265
916
83
385
361
291
9
521
356
442
409
273
85
268
567
0
944
174
925
301
47
14
99
0
983
287
578
105
88
98
369
44
268
830
874
153
856
266
832
317
868
227
424
9
289
368
53
94
75
302
266
438
513
486
921
460
135
380
567
15
252
908
285
237
12
367
264
374
348
945
594
990
53
561
281
150
190
456
892
501
826
274
931
130
132
384
478
266
925
547
914
505
561
979
585
545
279
165
177
64
350
830
364
194
329
362
269
133
62
222
240
85
587
976
889
1000
931
969
846
930
988
996
827
983
0
869
887
911
986
901
887
983
866
933
853
964
945
845
850
972
976
902
861
832
905
861
846
971
813
922
896
885
821
926
837
923
937
934
946
884
931
991
862
819
887
936
934
962
815
892
834
940
991
831
1000
995
931
822
915
817
901
878
980
895
925
874
816
864
958
949
978
938
938
912
936
975
884
888
994
912
856
977
1000
831
861
868
905
913
959
929
938
802
926
458
53
441
859
452
840
343
377
406
249
287
869
0
380
101
376
306
460
3
320
903
870
191
832
289
917
408
827
447
212
211
243
313
185
438
186
518
474
137
504
203
830
258
366
456
476
430
237
938
566
294
518
375
508
452
5
891
466
955
512
457
313
141
72
377
924
219
922
467
825
106
174
572
220
503
848
175
928
421
394
919
422
354
502
266
239
331
40
821
514
475
209
507
42
108
212
72
407
72
439
9
535
281
992
185
816
445
129
119
455
578
887
380
0
4
535
38
452
523
179
886
955
561
854
534
824
48
917
588
196
76
386
312
511
209
571
124
249
293
507
338
886
202
62
539
147
436
125
945
240
485
176
80
140
266
270
961
125
824
257
408
530
42
517
297
873
405
986
161
946
397
148
434
161
20
942
317
913
388
415
884
485
517
485
571
304
166
559
986
66
343
65
208
164
370
134
385
521
559
467
25
123
87
830
196
931
72
102
383
581
105
911
101
4
0
436
302
437
396
8
921
910
185
941
583
861
294
966
468
424
426
204
520
351
207
589
119
142
362
559
511
970
367
460
472
245
369
86
864
207
43
331
158
225
535
292
939
362
899
447
365
238
227
168
126
963
209
844
542
957
598
401
337
395
568
838
468
844
116
585
823
129
482
581
224
187
370
360
832
266
161
65
343
247
471
7
80
449
459
28
40
509
429
855
382
877
296
163
153
243
88
986
376
535
436
0
2
204
142
162
874
914
148
989
344
938
43
970
64
587
162
308
484
508
18
550
120
213
228
420
553
913
563
363
132
516
62
303
981
37
173
323
415
178
106
363
884
329
824
21
93
226
211
297
181
997
350
813
222
874
76
254
597
326
326
883
515
966
322
390
819
421
14
104
189
86
459
523
881
288
483
453
508
310
581
282
293
576
490
313
543
272
552
999
308
994
5
349
254
351
98
901
306
38
302
2
0
532
23
49
972
937
254
877
184
967
321
966
352
6
248
6
19
150
398
519
341
334
455
116
449
867
37
491
440
499
350
152
960
588
22
150
466
312
378
243
942
502
918
170
292
304
161
508
405
930
166
840
361
967
169
477
568
319
297
904
319
981
49
102
996
570
582
546
425
316
127
409
861
54
406
201
165
377
104
170
87
531
309
298
535
95
278
999
191
862
588
282
26
331
369
887
460
452
437
204
532
0
9
191
904
817
327
974
526
932
519
989
318
389
255
543
345
301
98
394
5
590
351
331
111
877
462
505
300
225
583
582
922
590
138
261
3
429
186
318
888
98
876
357
358
180
54
579
366
815
504
822
187
941
265
206
218
473
501
804
385
880
351
245
999
323
213
515
584
269
457
598
904
301
39
240
544
190
342
487
388
388
196
87
338
29
249
947
340
989
544
311
70
40
44
983
3
523
396
142
23
9
0
472
804
827
285
842
200
809
110
948
276
208
21
264
515
478
155
481
28
124
281
564
52
887
491
564
516
276
480
258
828
208
593
588
73
137
230
467
812
455
869
337
367
312
80
545
186
924
380
972
117
978
190
293
408
355
43
950
58
887
465
156
851
428
408
597
53
28
139
275
890
98
169
532
461
132
254
325
59
439
360
77
283
66
83
970
217
890
332
38
592
560
268
866
320
179
8
162
49
191
472
0
880
964
351
952
183
822
195
827
66
127
130
364
167
395
162
288
536
413
55
383
596
853
180
236
8
453
422
78
810
316
554
183
320
468
176
532
893
532
923
343
70
254
246
14
121
860
575
855
154
844
432
329
69
487
527
839
59
870
127
402
852
572
410
288
343
214
228
196
950
266
49
101
400
370
204
539
194
579
204
462
880
928
855
912
943
827
936
848
950
802
830
933
903
886
921
874
972
904
804
880
0
997
925
980
939
999
866
950
883
860
903
948
926
988
866
858
866
810
991
907
958
934
980
933
961
808
962
818
822
846
936
886
873
976
927
831
812
946
978
858
920
825
843
953
954
826
994
881
946
812
817
810
839
826
860
880
849
828
907
821
917
912
856
891
876
854
837
884
841
865
853
813
972
875
944
908
857
855
801
938
953
868
846
804
934
811
817
988
965
899
874
853
870
955
910
914
937
817
827
964
997
0
901
990
837
896
819
929
978
850
943
913
975
891
906
838
877
800
889
984
967
863
824
826
968
944
963
833
966
924
1000
823
930
893
904
966
887
803
905
871
996
886
980
890
994
998
993
974
999
888
801
814
842
802
900
865
854
859
990
829
927
809
850
889
986
899
960
936
943
987
850
866
937
895
828
839
907
862
818
919
331
255
321
923
270
802
355
248
442
447
153
964
191
561
185
148
254
327
285
351
925
901
0
816
155
900
405
865
468
600
532
577
415
337
533
107
135
51
517
273
205
957
24
184
442
342
414
475
987
343
450
321
467
206
26
475
834
187
851
589
302
368
74
266
557
868
393
945
13
858
164
517
540
117
584
984
1
985
409
104
866
47
355
583
437
490
172
532
944
357
596
409
428
493
41
2
592
308
587
7
848
866
834
927
830
972
893
823
836
929
856
945
832
854
941
989
877
974
842
952
980
990
816
0
975
941
998
808
891
830
947
959
946
952
879
958
988
901
825
804
813
918
986
896
925
823
865
966
868
987
834
811
952
988
934
863
997
900
836
909
997
830
982
824
928
896
822
898
837
808
882
880
936
937
843
899
842
997
959
906
898
826
957
1000
998
886
856
800
916
832
939
911
821
848
915
890
899
840
937
833
308
457
369
810
199
943
445
500
33
478
266
845
289
534
583
344
184
526
200
183
939
837
155
975
0
948
327
813
183
19
373
282
314
232
222
111
198
169
111
412
534
989
394
181
248
14
599
504
820
21
403
230
223
274
379
35
911
21
891
593
108
391
269
551
89
879
541
961
500
824
268
60
420
316
206
962
320
921
20
459
920
243
141
222
262
580
554
553
824
168
196
315
254
405
221
303
197
255
106
282
988
972
870
870
998
954
820
956
827
910
832
850
917
824
861
938
967
932
809
822
999
896
900
941
948
0
803
996
884
896
952
928
946
998
950
824
880
995
981
903
845
981
937
978
933
960
939
904
867
810
951
989
993
848
974
919
902
836
908
853
835
819
998
851
829
998
825
913
877
809
861
954
879
852
931
934
934
962
992
998
836
955
925
928
863
979
817
803
816
898
860
840
913
856
840
983
859
804
939
961
122
403
38
954
198
834
597
526
543
450
317
972
408
48
294
43
321
519
110
195
866
819
405
998
327
803
0
875
130
402
425
264
268
590
252
213
525
330
180
534
586
943
125
525
73
254
339
77
815
508
284
446
470
378
381
152
831
298
966
365
298
282
217
569
417
892
581
949
7
844
550
266
182
460
364
985
165
886
499
368
958
95
315
307
590
482
244
438
894
449
54
505
122
348
348
577
598
176
251
441
876
856
965
811
993
996
801
901
844
905
868
976
827
917
966
970
966
989
948
827
950
929
865
808
813
996
875
0
994
825
843
845
820
874
950
813
954
838
878
960
962
843
916
935
952
917
985
961
892
985
906
993
967
863
832
842
803
844
922
875
842
891
895
814
891
995
963
886
886
832
909
923
928
955
864
810
844
849
913
948
963
972
939
855
951
904
961
970
850
854
913
953
823
970
838
989
902
960
831
836
402
194
434
825
145
929
318
336
390
415
227
902
447
588
468
64
352
318
276
66
883
978
468
891
183
884
130
994
0
377
445
186
500
121
99
555
507
213
112
105
442
999
274
367
373
150
286
408
933
112
15
26
539
263
296
404
929
414
882
364
416
423
313
370
238
823
496
956
421
989
123
323
46
213
377
845
241
872
173
67
818
407
278
564
56
370
149
578
829
163
402
222
487
304
485
169
350
471
423
361
327
79
179
998
219
827
54
403
132
507
424
861
212
196
424
587
6
389
208
127
860
850
600
830
19
896
402
825
377
0
16
65
454
415
373
282
273
172
522
365
435
913
508
53
531
149
420
318
852
144
22
539
216
151
297
218
911
518
913
129
350
61
400
465
296
954
206
924
130
868
83
481
315
39
510
890
421
987
52
388
965
440
175
94
275
425
116
236
972
228
548
360
303
456
271
589
59
155
211
263
187
199
133
948
306
818
69
587
579
56
9
832
211
76
426
162
248
255
21
130
903
943
532
947
373
952
425
843
445
16
0
448
518
403
318
255
201
151
37
428
144
918
369
10
239
102
331
229
872
314
437
190
225
140
320
416
819
27
915
411
499
400
476
588
454
852
61
944
324
894
360
493
476
533
410
996
356
920
142
17
882
591
118
357
19
511
5
567
964
464
538
555
427
255
366
440
272
508
465
395
397
276
435
990
585
988
442
155
580
562
289
905
243
386
204
308
6
543
264
364
948
913
577
959
282
928
264
845
186
65
448
0
150
395
221
491
394
516
137
571
8
995
85
579
27
67
567
518
980
13
469
65
294
81
97
493
803
411
908
91
193
580
94
364
86
881
322
820
486
845
594
388
548
99
111
956
171
813
553
38
971
584
240
360
248
239
496
64
920
202
474
63
452
400
381
490
319
565
296
431
479
320
437
891
18
844
67
130
260
474
368
861
313
312
520
484
19
345
515
167
926
975
415
946
314
946
268
820
500
454
518
150
0
276
382
462
547
272
365
559
213
975
192
452
227
69
161
483
915
139
385
366
413
135
503
506
907
44
990
569
234
254
128
445
37
994
244
904
489
913
417
403
24
449
144
932
182
905
134
508
894
455
241
428
235
238
457
181
931
337
512
271
577
80
243
320
119
554
24
449
296
123
395
833
433
936
539
181
107
391
53
846
185
511
351
508
150
301
478
395
988
891
337
952
232
998
590
874
121
415
403
395
276
0
315
513
541
150
385
213
2
996
58
175
202
490
139
185
861
505
159
492
498
76
480
490
993
300
819
410
345
202
424
237
306
975
136
876
130
916
582
530
88
490
472
863
360
903
61
27
989
375
11
150
40
23
250
581
804
561
494
19
359
567
138
466
563
254
416
6
203
337
558
835
332
927
489
438
62
515
94
971
438
209
207
18
398
98
155
162
866
906
533
879
222
950
252
950
99
373
318
221
382
315
0
459
291
56
439
508
75
987
206
398
354
371
522
463
931
125
176
348
87
121
162
532
916
206
996
445
318
551
415
197
111
997
273
983
546
884
521
308
353
308
435
920
280
994
438
32
822
222
14
223
63
531
378
204
990
247
369
158
338
444
584
348
86
237
261
272
186
298
31
866
176
906
317
589
205
374
75
813
186
571
589
550
519
394
481
288
858
838
107
958
111
824
213
813
555
282
255
491
462
513
459
0
573
373
188
527
401
990
426
151
407
354
560
95
889
594
367
188
492
215
367
304
954
61
860
421
382
63
152
254
173
807
113
841
96
937
334
162
264
474
23
931
367
902
7
393
991
241
419
574
401
376
473
524
859
117
16
552
228
183
296
237
254
283
598
214
430
538
586
995
92
987
456
496
228
448
302
922
518
124
119
120
341
5
28
536
866
877
135
988
198
880
525
954
507
273
201
394
547
541
291
573
0
152
148
330
129
915
266
25
103
104
306
264
852
364
273
378
536
130
600
220
937
332
940
158
50
556
279
155
581
940
598
931
120
868
581
462
107
586
74
967
402
843
375
8
850
567
189
111
225
155
378
94
970
492
528
155
134
317
105
7
591
8
418
2
389
274
482
1000
33
903
384
485
547
388
266
896
474
249
142
213
334
590
124
413
810
800
51
901
169
995
330
838
213
172
151
516
272
150
56
373
152
0
276
246
592
880
526
2
274
166
301
344
809
51
461
374
461
173
246
345
977
39
972
482
440
323
172
242
201
903
466
930
233
880
505
118
249
541
284
815
260
878
95
137
863
37
323
115
43
311
272
565
819
503
300
181
228
368
192
579
478
166
537
466
252
387
76
990
545
888
514
444
207
572
438
885
137
293
362
228
455
351
281
55
991
889
517
825
111
981
180
878
112
522
37
137
365
385
439
188
148
276
0
51
251
935
335
542
368
591
287
380
978
87
329
553
214
61
153
465
837
337
878
181
545
376
188
456
280
987
436
827
183
891
28
288
88
197
72
961
239
917
467
91
870
136
591
449
487
396
586
497
924
256
269
552
107
598
277
381
20
389
579
236
453
513
383
931
451
994
578
148
385
588
513
821
504
507
559
420
116
331
564
383
907
984
273
804
412
903
534
960
105
365
428
571
559
213
508
527
330
246
51
0
255
940
6
174
499
18
556
203
844
40
499
597
71
302
446
96
923
442
933
247
596
284
495
107
466
876
101
884
545
815
597
263
486
193
477
964
400
990
49
575
918
148
229
525
293
551
52
495
966
466
161
116
183
53
287
71
193
142
25
43
568
507
582
840
301
992
203
310
187
275
486
926
203
338
511
553
449
111
52
596
958
967
205
813
534
845
586
962
442
435
144
8
213
2
75
401
129
592
251
255
0
939
533
388
149
573
279
207
854
534
324
236
351
66
278
203
945
90
942
282
159
118
219
543
174
838
150
933
495
968
66
24
526
122
239
934
345
981
46
269
984
300
506
123
102
295
342
599
945
273
501
102
110
18
127
223
249
483
152
498
928
877
850
812
965
970
822
957
974
988
921
837
830
886
970
913
867
877
887
853
934
863
957
918
989
981
943
843
999
913
918
995
975
996
987
990
915
880
935
940
939
0
860
946
978
961
888
935
856
903
910
910
858
897
947
886
994
884
948
904
942
985
904
846
841
851
894
911
886
845
983
933
987
928
900
852
817
810
972
956
897
865
844
857
829
978
815
977
906
944
814
939
874
864
984
909
884
824
849
883
420
569
290
845
308
864
170
256
521
74
460
923
258
202
367
563
37
462
491
180
980
824
24
986
394
937
125
916
274
508
369
85
192
58
206
426
266
526
335
6
533
860
0
597
268
220
436
478
910
45
287
438
530
60
74
13
888
181
915
528
377
302
368
424
302
878
243
855
433
912
279
321
22
131
370
920
389
942
168
212
858
302
147
590
566
546
348
530
842
163
35
129
463
563
21
248
528
464
541
371
89
525
533
959
283
885
320
445
266
336
135
937
366
62
460
363
491
505
564
236
933
826
184
896
181
978
525
935
367
53
10
579
452
175
398
151
25
2
542
174
388
946
597
0
47
476
235
368
845
430
103
354
234
212
410
188
937
29
910
180
508
285
441
402
71
938
281
812
532
824
595
38
215
433
348
840
18
999
138
454
875
528
337
358
475
435
32
564
834
346
562
353
406
227
125
257
63
8
462
60
551
170
314
871
397
852
299
165
311
99
380
934
456
539
472
132
440
300
516
8
961
968
442
925
248
933
73
952
373
531
239
27
227
202
354
407
103
274
368
499
149
978
268
47
0
260
551
208
998
69
504
140
61
167
151
329
921
421
851
536
448
11
289
380
449
910
582
860
183
970
397
356
299
523
35
967
232
834
437
163
815
399
96
373
45
440
196
307
876
378
110
426
315
498
125
300
189
442
548
153
191
226
217
849
82
949
387
188
132
493
567
946
476
147
245
516
499
225
276
453
808
944
342
823
14
960
254
917
150
149
102
67
69
490
371
354
104
166
591
18
573
961
220
476
260
0
178
284
979
322
198
408
501
135
409
564
825
235
932
480
225
444
430
486
31
817
431
896
123
820
350
499
403
44
55
981
405
857
568
0
970
548
473
208
332
405
290
305
889
320
61
472
219
348
103
221
64
35
229
289
477
192
73
998
186
936
562
278
253
570
15
884
430
436
369
62
350
583
480
422
962
963
414
865
599
939
339
985
286
420
331
567
161
139
522
560
306
301
287
556
279
888
436
235
551
178
0
108
945
267
477
494
55
396
542
531
930
325
971
370
406
313
25
188
529
893
561
995
98
903
361
275
16
27
414
875
174
880
22
437
917
299
495
307
445
315
585
11
886
361
7
461
432
293
52
505
11
441
257
398
185
442
595
1000
196
815
43
264
597
224
252
931
237
125
86
303
152
582
258
78
818
833
475
966
504
904
77
961
408
318
229
518
483
185
463
95
264
344
380
203
207
935
478
368
208
284
108
0
944
449
173
392
274
575
71
295
986
354
922
300
302
329
156
527
123
910
496
866
560
966
80
303
257
424
186
835
129
856
534
345
936
407
322
532
270
3
24
124
831
405
302
93
217
93
316
160
71
570
350
36
912
815
913
946
879
1000
875
881
846
876
908
991
938
945
864
981
960
922
828
810
822
966
987
868
820
867
815
892
933
852
872
980
915
861
931
889
852
809
978
844
854
856
910
845
998
979
945
944
0
971
827
964
914
896
993
955
979
828
954
803
858
930
955
802
971
920
958
900
923
904
978
956
933
910
976
999
817
918
934
966
882
820
823
986
984
853
924
963
832
930
905
851
869
871
820
859
991
824
934
964
523
381
359
965
386
974
216
47
105
305
285
862
566
240
207
37
588
590
208
316
846
924
343
987
21
810
508
985
112
144
314
13
139
505
125
594
364
51
87
40
534
903
45
430
69
322
267
449
971
0
107
237
84
99
3
381
973
59
965
567
493
592
486
142
115
987
67
872
520
855
114
214
383
131
423
998
30
922
580
165
832
473
228
363
144
180
83
13
946
516
114
512
365
420
300
205
47
252
321
367
356
24
372
904
123
989
494
432
26
226
237
819
294
485
43
173
22
138
593
554
936
1000
450
834
403
951
284
906
15
22
437
469
385
159
176
367
273
461
329
499
324
910
287
103
504
198
477
173
827
107
0
265
52
340
131
238
854
522
899
140
475
139
376
59
97
994
430
934
523
937
236
240
217
377
208
889
490
872
43
498
993
241
158
291
534
268
266
97
973
310
218
137
264
495
364
145
150
247
430
140
591
152
265
975
552
858
94
141
466
128
12
887
518
176
331
323
150
261
588
183
886
823
321
811
230
989
446
993
26
539
190
65
366
492
348
188
378
374
553
597
236
910
438
354
140
408
494
392
964
237
265
0
590
539
385
441
834
105
952
436
26
471
99
587
424
966
554
951
109
895
569
71
110
470
249
810
412
841
300
190
855
585
34
133
531
103
185
471
956
212
351
477
443
139
82
252
73
73
476
78
61
560
499
893
451
978
399
130
427
218
367
936
375
80
158
415
466
3
73
320
873
930
467
952
223
993
470
967
539
216
225
294
413
498
87
492
536
461
214
71
351
858
530
234
61
501
55
274
914
84
52
590
0
403
544
320
945
232
938
128
263
468
374
523
239
910
519
942
162
837
206
564
245
345
560
995
529
905
564
1
822
322
256
143
586
557
61
413
818
26
542
302
285
279
155
160
379
76
31
118
36
332
449
881
415
894
387
541
195
125
264
934
508
140
225
178
312
429
137
468
976
893
206
988
274
848
378
863
263
151
140
81
135
76
121
215
130
173
61
302
66
897
60
212
167
135
396
575
896
99
340
539
403
0
203
297
861
505
998
249
10
67
349
375
292
942
270
935
194
983
519
214
84
13
210
956
346
904
558
181
855
309
301
69
334
500
9
85
803
17
154
314
200
152
426
416
76
42
111
249
257
47
210
995
46
976
259
48
90
196
374
962
452
266
535
106
378
186
230
176
927
904
26
934
379
974
381
832
296
297
320
97
503
480
162
367
600
246
153
446
278
947
74
410
151
409
542
71
993
3
131
385
544
203
0
141
934
494
994
330
351
43
520
207
104
871
120
869
213
899
66
522
514
146
479
898
531
913
177
557
907
192
374
181
582
367
496
60
903
295
74
423
550
583
415
375
274
484
258
156
395
20
545
900
292
836
248
284
515
183
348
815
5
270
292
363
243
318
467
532
831
966
475
863
35
919
152
842
404
218
416
493
506
490
532
304
220
345
465
96
203
886
13
188
329
564
531
295
955
381
238
441
320
297
141
0
811
532
820
536
409
80
376
207
600
870
45
813
476
865
212
355
374
368
155
877
37
947
39
183
931
150
468
472
290
76
261
337
962
521
96
403
448
17
308
374
552
410
272
83
994
898
947
838
818
848
944
905
993
991
945
892
891
961
939
884
942
888
812
893
812
887
834
997
911
902
831
803
929
911
819
803
907
993
916
954
937
977
837
923
945
994
888
937
921
825
930
986
979
973
854
834
945
861
934
811
0
921
831
910
997
909
822
883
824
997
846
917
884
844
993
842
886
997
834
876
985
818
986
897
836
960
983
869
897
839
862
836
987
996
950
940
985
930
977
821
914
980
921
960
493
15
224
926
289
877
378
95
336
220
594
834
466
125
362
329
502
98
455
532
946
803
187
900
21
836
298
844
414
518
27
411
44
300
206
61
332
39
337
442
90
884
181
29
421
235
325
354
828
59
522
105
232
505
494
532
921
0
953
594
349
185
358
101
541
925
236
971
50
915
149
175
576
298
325
847
123
893
288
505
991
497
110
98
135
446
74
207
950
513
401
538
437
217
423
348
496
433
483
138
892
821
837
818
902
877
957
873
964
933
990
940
955
824
899
824
918
876
869
923
978
905
851
836
891
908
966
922
882
913
915
908
990
819
996
860
940
972
878
933
942
948
915
910
851
932
971
922
954
965
899
952
938
998
994
820
831
953
0
910
968
964
989
818
963
980
960
981
965
868
970
965
896
886
908
917
802
819
940
838
856
973
926
944
982
926
838
992
895
823
999
888
817
902
849
955
947
915
905
804
231
404
70
825
280
800
248
122
158
51
53
991
512
257
447
21
170
357
337
343
858
871
589
909
593
853
365
875
364
129
411
91
569
410
445
421
158
482
181
247
282
904
528
180
536
480
370
300
803
567
140
436
128
249
330
536
910
594
910
0
479
466
225
476
399
809
123
813
583
843
431
450
44
0
357
931
394
955
395
143
935
566
222
239
253
475
453
333
976
79
262
13
184
196
319
322
95
268
188
552
445
21
234
853
225
889
394
501
468
586
561
831
457
408
365
93
292
358
367
70
920
996
302
997
108
835
298
842
416
350
499
193
234
345
318
382
50
440
545
596
159
942
377
508
448
225
406
302
858
493
475
26
263
10
351
409
997
349
968
479
0
182
584
581
432
991
430
901
361
876
213
424
398
189
317
938
432
883
404
87
945
505
267
285
417
250
370
400
958
541
387
488
462
191
436
136
346
448
391
489
25
268
521
850
434
929
126
517
456
18
281
1000
313
530
238
226
304
180
312
254
825
886
368
830
391
819
282
891
423
61
400
580
254
202
551
63
556
323
376
284
118
985
302
285
11
444
313
329
930
592
139
471
468
67
43
80
909
185
964
466
182
0
377
164
525
979
583
810
155
914
217
272
346
148
486
915
210
963
62
99
895
573
260
591
475
210
489
105
925
185
409
256
106
220
15
261
529
81
13
397
112
442
422
804
567
893
357
286
64
185
150
995
141
42
227
211
161
54
80
246
843
980
74
982
269
998
217
895
313
400
476
94
128
424
415
152
279
172
188
495
219
904
368
441
289
430
25
156
955
486
376
99
374
349
520
376
822
358
989
225
584
377
0
289
315
832
63
935
103
954
532
166
61
347
129
926
571
1000
419
544
875
391
313
130
311
275
62
169
822
591
30
308
589
228
524
91
314
133
472
569
250
511
220
849
463
835
237
332
417
467
190
931
72
517
168
297
508
579
545
14
953
890
266
824
551
851
569
814
370
465
588
364
445
237
197
254
155
242
456
107
543
846
424
402
380
486
188
527
802
142
59
587
523
375
207
207
883
101
818
476
581
164
289
0
45
826
407
840
520
887
32
227
40
428
404
990
477
800
338
89
975
237
124
415
527
53
559
393
929
347
594
240
44
92
370
303
410
437
568
256
366
196
577
858
493
976
308
123
102
562
456
822
377
297
126
181
405
366
186
121
954
994
557
928
89
829
417
891
238
296
454
86
37
306
111
173
581
201
280
466
174
841
302
71
449
31
529
123
971
115
97
424
239
292
104
600
824
541
963
399
432
525
315
45
0
946
149
853
105
976
429
362
237
302
266
917
548
837
309
62
896
288
503
66
329
168
326
1
913
347
289
128
280
194
280
143
390
120
475
444
927
804
999
967
881
933
897
892
842
815
892
915
924
873
963
997
930
815
924
860
826
998
868
896
879
998
892
995
823
954
852
881
994
975
997
807
940
903
987
876
838
851
878
938
910
817
893
910
920
987
994
966
910
942
871
870
997
925
980
809
991
979
832
826
946
0
931
827
878
989
957
906
898
886
878
933
896
806
902
956
921
959
905
979
897
905
902
986
839
990
847
953
999
920
900
808
935
839
885
849
3
532
423
815
223
942
319
409
73
108
501
817
219
405
209
350
166
504
380
575
994
993
393
822
541
825
581
963
496
206
61
322
244
136
273
113
598
466
436
101
150
894
243
281
582
431
561
496
958
67
430
554
519
270
120
45
846
236
960
123
430
583
63
407
149
931
0
806
123
839
71
291
92
195
22
848
138
925
242
205
900
179
260
300
291
122
397
285
812
454
347
435
429
236
95
553
255
386
65
252
885
916
869
919
904
953
883
914
812
989
826
901
922
986
844
813
840
822
972
855
881
974
945
898
961
913
949
886
956
924
944
820
904
876
983
841
931
930
827
884
933
911
855
812
860
896
995
866
900
872
934
951
942
935
869
813
917
971
981
813
901
810
935
840
853
827
806
0
856
903
937
983
932
986
803
991
852
923
905
833
957
821
886
847
834
891
845
830
928
839
998
801
906
925
949
829
826
1000
859
904
114
311
391
866
355
989
191
96
225
504
274
878
467
161
542
222
361
187
117
154
946
999
13
837
500
877
7
886
421
130
324
486
489
130
546
96
120
233
183
545
495
886
433
532
183
123
98
560
923
520
523
109
162
194
213
476
884
50
965
583
361
155
103
520
105
878
123
856
0
885
101
383
516
324
353
916
73
924
209
349
860
149
113
482
242
128
538
514
815
174
505
537
483
73
325
375
250
598
29
508
979
928
929
968
912
838
897
840
857
845
931
980
825
946
957
874
967
941
978
844
812
888
858
808
824
809
844
832
989
868
894
845
913
916
884
937
868
880
891
815
968
845
912
824
970
820
903
966
904
855
937
895
837
983
899
865
844
915
868
843
876
914
954
887
976
989
839
903
885
0
903
836
1000
977
956
833
893
933
959
837
915
914
903
896
919
913
982
955
941
976
999
907
877
836
812
952
910
954
951
939
509
239
330
888
379
922
210
424
550
110
130
895
106
397
598
76
169
265
190
432
817
801
164
882
268
861
550
909
123
83
360
594
417
582
521
334
581
505
28
597
66
983
279
595
397
350
361
80
978
114
236
569
206
519
66
212
993
149
970
431
213
217
532
32
429
957
71
937
101
903
0
216
140
431
456
831
67
937
104
256
834
575
158
34
217
442
540
380
981
468
99
48
502
519
34
131
449
470
281
586
130
293
472
993
307
964
592
449
459
551
132
925
174
148
401
254
477
206
293
329
810
814
517
880
60
954
266
923
323
481
493
388
403
530
308
162
462
118
288
263
24
933
321
38
356
499
275
303
956
214
240
71
564
214
522
355
842
175
965
450
424
272
166
227
362
906
291
983
383
836
216
0
285
154
326
960
298
952
291
348
918
50
231
423
96
205
174
242
821
349
453
347
326
186
307
463
357
511
68
527
166
509
390
902
130
907
202
176
170
359
384
874
572
434
337
597
568
218
408
69
839
842
540
936
420
879
182
928
46
315
476
548
24
88
353
264
107
249
88
486
526
987
22
215
299
403
16
257
933
383
217
110
245
84
514
374
886
576
896
44
398
346
61
40
237
898
92
932
516
1000
140
285
0
243
84
903
311
927
8
285
962
455
397
568
170
130
352
375
956
220
74
198
515
211
133
134
536
488
162
227
231
236
365
963
185
964
557
57
371
215
478
816
220
161
395
326
319
473
355
487
826
802
117
937
316
852
460
955
213
39
533
99
449
490
308
474
586
541
197
193
122
928
131
433
523
44
27
424
910
131
377
470
345
13
146
368
997
298
886
0
189
148
347
428
302
886
195
986
324
977
431
154
243
0
162
963
56
894
561
475
976
95
330
299
246
454
307
241
802
431
30
452
112
16
131
15
162
117
31
552
234
213
230
922
334
902
345
206
314
449
266
864
503
20
568
326
297
501
43
527
860
900
584
843
206
931
364
864
377
510
410
111
144
472
435
23
74
284
72
477
239
900
370
348
35
55
414
186
976
423
208
249
560
210
479
155
834
325
908
357
317
486
129
404
266
878
22
803
353
956
456
326
84
162
0
864
239
961
518
163
800
172
355
382
228
16
274
331
900
284
497
310
343
573
225
38
131
354
369
116
983
813
908
910
905
945
985
960
952
817
925
958
848
942
838
883
904
804
950
839
880
865
984
899
962
934
985
810
845
890
996
956
932
863
920
931
967
815
961
964
934
852
920
840
967
981
875
835
999
998
889
810
995
956
898
877
876
847
917
931
938
915
926
990
917
933
848
991
916
833
831
960
903
963
864
0
900
951
982
936
808
856
911
833
888
824
935
852
895
972
947
815
949
888
800
982
971
997
996
817
61
499
308
932
221
992
179
283
134
56
547
949
175
317
468
515
319
385
58
59
849
854
1
842
320
934
165
844
241
421
356
171
182
360
280
367
402
260
239
400
345
817
389
18
232
405
174
129
817
30
490
412
529
346
531
37
985
123
802
394
432
210
571
477
548
896
138
852
73
893
67
298
311
56
239
900
0
894
47
461
810
512
238
341
473
25
158
575
825
126
295
286
537
553
418
555
194
107
12
454
841
924
839
972
937
848
854
863
921
999
914
978
928
913
844
966
981
880
887
870
828
859
985
997
921
962
886
849
872
987
920
813
905
903
994
902
843
878
917
990
981
810
942
999
834
857
880
856
918
922
872
841
905
904
913
947
818
893
819
955
883
963
1000
800
837
806
925
923
924
933
937
952
927
894
961
951
894
0
953
930
986
852
984
957
909
816
926
991
991
951
846
996
952
876
989
808
970
840
907
831
92
205
67
871
560
944
22
511
492
325
505
938
421
388
116
322
49
351
465
127
907
990
409
959
20
992
499
913
173
52
142
553
134
61
438
7
375
95
467
49
46
972
168
138
437
568
22
534
934
580
43
300
564
558
177
39
986
288
940
395
404
62
419
338
309
902
242
905
209
959
104
291
8
561
518
982
47
953
0
372
995
459
81
595
307
385
574
186
813
565
281
498
1
364
401
600
583
264
501
481
244
537
413
901
121
958
588
429
546
553
561
938
394
415
585
390
102
245
156
402
821
829
104
906
459
998
368
948
67
388
17
38
508
27
32
393
8
137
91
575
269
956
212
454
163
0
437
345
966
165
498
190
1
181
557
183
897
505
838
143
87
99
544
89
62
956
205
833
349
837
256
348
285
475
163
936
461
930
372
0
923
29
436
201
23
556
302
442
930
27
140
72
158
166
458
457
395
35
559
153
880
858
932
899
905
870
931
900
929
816
979
912
919
884
823
819
996
999
851
852
917
927
866
898
920
836
958
963
818
965
882
971
894
989
822
991
850
863
870
918
984
897
858
875
815
970
917
936
882
832
993
855
822
855
907
931
836
991
856
935
945
895
875
975
896
921
900
957
860
915
834
918
962
976
800
808
810
986
995
923
0
878
948
979
888
869
812
839
924
807
824
846
808
818
977
952
827
977
869
881
325
398
174
979
122
861
427
158
48
152
585
936
422
485
129
421
570
323
428
572
912
809
47
826
243
955
95
972
407
440
591
584
455
375
222
241
567
37
136
148
300
865
302
528
399
548
299
407
820
473
241
585
322
309
192
150
960
497
973
566
505
573
391
237
288
959
179
821
149
914
575
50
455
95
172
856
512
852
459
29
878
0
449
308
502
549
96
70
988
530
286
142
396
110
212
576
173
357
543
221
115
372
301
865
209
828
583
255
439
257
545
975
354
517
482
14
582
213
408
410
856
850
355
957
141
925
315
939
278
175
118
240
241
11
14
419
189
323
591
229
506
844
147
337
96
473
495
322
823
228
158
34
256
301
374
468
983
110
926
222
267
260
313
124
503
905
260
886
113
903
158
231
397
330
355
911
238
984
81
436
948
449
0
15
237
487
250
219
864
334
47
89
153
430
417
37
328
62
590
198
578
461
577
983
254
839
594
25
418
87
279
884
502
485
581
104
546
515
597
288
891
889
583
1000
222
928
307
855
564
94
357
360
428
150
223
574
111
115
449
525
123
857
590
358
373
208
307
532
986
363
291
133
143
69
181
472
869
98
944
239
285
591
130
415
66
979
300
847
482
896
34
423
568
299
382
833
341
957
595
201
979
308
15
0
33
114
473
301
933
373
10
534
72
371
8
174
410
382
137
289
31
587
370
925
157
980
331
484
304
263
165
888
266
571
224
189
425
584
53
343
876
986
437
998
262
863
590
951
56
275
19
248
235
40
63
401
225
43
487
293
102
829
566
475
45
332
445
270
984
144
534
531
586
334
582
290
897
135
982
253
417
475
311
527
329
897
291
834
242
919
217
96
170
246
228
888
473
909
307
23
888
502
237
33
0
582
189
418
972
52
19
507
289
304
105
341
569
356
117
267
97
184
11
802
108
819
467
113
192
345
177
994
239
304
187
86
316
269
28
214
854
899
490
886
580
979
482
904
370
425
511
239
238
23
531
376
155
311
396
551
295
978
546
435
440
405
315
3
853
180
268
103
557
500
367
76
839
446
926
475
250
210
275
53
168
905
122
891
128
913
442
205
130
454
16
824
25
816
385
556
869
549
487
114
582
0
519
12
923
338
188
537
325
591
209
374
67
597
422
551
227
166
267
885
168
990
332
26
389
372
64
912
331
166
370
459
127
457
139
228
837
960
172
856
554
817
244
961
149
116
5
496
457
250
378
473
378
272
586
52
342
815
348
32
196
290
585
24
924
83
266
185
61
9
496
261
862
74
838
453
370
489
62
559
326
902
397
845
538
982
540
174
352
307
274
935
158
926
574
302
812
96
250
473
189
519
0
301
974
583
307
96
297
416
332
191
596
413
79
86
543
127
201
989
58
883
30
447
526
265
350
856
40
559
360
523
409
598
275
196
884
936
532
800
553
803
438
970
578
236
567
64
181
581
204
524
94
565
497
495
599
977
530
564
307
305
11
124
963
13
97
471
413
85
60
337
836
207
992
333
400
105
169
393
1
986
285
830
514
955
380
242
375
241
331
852
575
991
186
442
839
70
219
301
418
12
301
0
947
497
405
117
4
255
179
251
159
383
450
529
968
912
923
873
993
901
935
873
814
916
830
977
821
986
832
881
861
904
890
950
841
943
944
916
824
816
894
850
829
972
964
920
931
804
990
859
970
819
924
966
945
906
842
834
876
889
886
831
832
946
973
956
818
803
903
962
987
950
895
976
958
925
822
929
913
839
812
928
815
941
981
821
956
802
900
895
825
991
813
930
924
988
864
933
972
923
974
947
0
943
827
841
982
918
936
987
874
969
894
863
415
46
405
891
426
884
193
292
319
83
364
1000
514
66
266
288
54
301
98
266
865
987
357
832
168
898
449
854
163
228
464
202
337
561
247
117
492
503
256
466
273
944
163
346
378
320
361
405
930
516
310
212
26
17
295
521
996
513
823
79
541
185
591
347
347
990
454
839
174
976
468
349
220
431
284
972
126
951
565
27
807
530
334
373
52
338
583
497
943
0
238
598
37
486
449
172
590
9
185
103
232
97
135
998
461
976
430
390
285
385
194
831
475
343
161
483
406
39
169
49
853
850
596
939
196
860
54
913
402
548
538
474
512
494
369
16
528
300
269
161
501
814
35
562
110
61
7
302
905
114
218
351
542
154
74
96
950
401
999
262
387
409
30
594
289
847
347
998
505
999
99
453
74
30
497
947
295
846
281
140
824
286
47
10
19
188
307
405
827
238
0
546
5
289
421
259
62
478
345
207
437
512
558
953
600
831
260
361
58
361
329
861
209
65
65
453
201
240
532
101
813
866
409
911
315
840
505
953
222
360
555
63
271
19
158
552
155
181
552
116
102
939
129
353
426
472
461
93
851
512
137
477
302
314
423
403
940
538
888
13
488
256
308
240
128
953
435
801
537
907
48
347
198
452
310
815
286
996
498
72
846
142
89
534
507
537
96
117
841
598
546
0
549
7
479
534
351
361
322
161
497
343
427
900
27
809
407
386
273
291
362
868
507
208
343
508
165
544
461
400
972
937
428
821
254
913
122
823
487
303
427
452
577
359
338
228
134
228
107
183
110
874
463
406
315
219
432
217
869
365
264
443
285
200
550
448
985
437
817
184
462
106
589
44
280
999
429
906
483
877
502
326
515
112
343
949
537
952
1
158
808
396
153
72
289
325
297
4
982
37
5
549
0
97
172
163
275
196
366
494
252
531
243
949
361
945
424
599
7
9
269
905
42
164
247
310
377
190
132
370
875
895
493
848
405
856
348
970
304
456
255
400
80
567
444
183
317
368
598
53
18
864
563
227
498
348
293
93
871
420
495
139
279
152
583
17
930
217
902
196
191
220
228
92
194
920
236
925
73
836
519
186
211
16
573
888
553
876
364
166
818
110
430
371
304
591
416
255
918
486
289
7
97
0
448
118
330
308
36
208
502
115
465
897
138
977
218
567
418
521
133
913
108
370
471
581
104
342
254
204
944
828
41
915
221
840
348
838
485
271
366
381
243
138
584
296
105
192
277
287
127
984
21
125
125
103
52
316
820
300
364
82
155
426
415
308
977
423
849
319
436
15
524
370
280
900
95
949
325
812
34
307
133
131
225
800
418
989
401
458
977
212
417
8
105
209
332
179
936
449
421
479
172
448
0
570
443
519
36
99
412
14
32
892
296
852
122
343
183
356
62
959
212
134
7
282
170
487
325
539
908
839
2
890
303
983
577
989
169
589
440
490
320
466
348
237
7
579
381
71
223
909
248
257
300
221
505
160
859
205
145
252
160
416
375
374
821
348
955
322
136
261
91
303
143
808
553
829
375
952
131
463
134
15
38
982
555
808
600
457
952
576
37
174
341
374
191
251
987
172
259
534
163
118
570
0
153
205
306
585
29
50
427
957
600
928
419
146
23
442
222
929
72
385
80
293
87
388
59
194
857
907
592
899
197
859
598
902
350
59
272
319
119
563
86
254
591
478
20
193
249
884
528
63
189
64
11
71
991
47
150
73
379
76
274
552
914
496
947
95
346
529
314
410
390
935
255
826
250
910
449
357
536
162
131
971
194
970
583
395
827
173
328
410
569
67
596
159
874
590
62
351
275
330
443
153
0
185
55
450
70
72
225
827
74
919
590
414
556
409
240
938
407
521
449
576
531
388
439
579
855
862
308
840
255
804
176
960
471
155
508
565
554
254
237
283
8
166
389
142
483
824
464
8
442
35
441
570
824
252
247
73
76
42
484
410
980
433
915
268
448
81
133
437
120
839
386
1000
598
954
470
511
488
117
354
997
107
840
264
35
977
357
62
382
356
597
413
383
969
9
478
361
196
308
519
205
185
0
146
307
569
425
49
846
110
862
483
190
364
273
85
802
72
559
459
490
309
196
360
204
801
818
587
937
106
939
251
831
423
211
465
296
24
416
261
598
418
537
579
25
152
849
541
462
548
229
257
350
934
321
430
476
31
111
258
272
921
483
905
188
391
13
472
568
475
885
65
859
29
951
281
68
162
31
369
996
12
907
501
559
869
543
590
137
117
422
79
450
894
185
345
322
366
36
36
306
55
146
0
45
320
235
344
899
30
908
90
151
162
85
587
926
439
467
28
313
298
87
77
462
938
919
7
833
282
961
441
836
361
263
395
431
449
6
272
214
2
466
236
43
498
883
371
60
153
289
398
36
964
367
140
78
118
249
156
83
960
138
804
552
489
397
569
256
444
849
252
904
508
939
586
527
227
552
116
817
454
831
481
153
881
221
198
289
267
551
86
529
863
103
207
161
494
208
99
585
450
307
45
0
