0
0
0
0
0
0
0
0
0
0
0
0
0
517
711
0
503
937
0
0
0
0
580
0
0
0
0
0
0
0
0
0
0
0
0
0
0
0
832
0
0
0
0
0
0
0
0
0
0
0
0
0
835
0
0
0
0
0
0
787
0
0
0
633
0
0
825
0
99
0
0
0
0
0
0
0
0
561
0
0
0
548
0
623
0
0
0
0
0
0
0
0
0
0
0
0
0
0
640
0
0
0
0
0
787
700
0
0
0
0
770
0
0
0
0
0
0
863
509
0
0
0
594
0
0
620
0
0
0
0
0
0
126
0
0
0
0
0
0
0
0
757
0
831
0
0
0
735
0
0
0
0
0
0
0
0
763
0
0
0
0
0
0
0
609
0
0
0
0
0
0
0
0
0
0
0
0
0
0
0
471
0
0
387
0
0
0
828
0
0
0
872
0
0
0
0
0
0
622
0
0
0
0
578
0
0
0
0
0
0
0
0
0
590
0
950
904
730
0
0
0
0
937
0
0
582
0
0
0
0
0
0
0
742
395
0
0
0
609
737
0
0
0
900
0
0
0
0
0
0
0
435
554
0
736
0
0
0
0
0
0
914
0
984
0
0
0
617
0
0
0
0
0
0
0
537
0
0
0
958
0
0
899
0
0
0
704
0
0
0
0
0
0
0
0
612
0
0
0
0
0
0
578
0
0
0
0
0
0
0
0
0
776
0
0
940
0
0
0
0
0
594
0
0
0
0
0
0
937
0
653
827
521
0
0
0
0
0
0
934
0
931
772
0
0
0
0
0
0
0
0
0
0
0
0
0
0
0
0
0
0
0
0
0
0
0
0
695
0
572
0
676
413
0
0
0
0
0
0
667
0
0
937
0
0
0
0
0
0
0
0
0
0
0
0
0
0
0
0
0
0
787
0
0
0
0
580
0
759
0
0
0
0
727
0
0
832
0
984
686
0
0
0
0
0
937
0
0
0
0
0
0
0
0
0
0
0
0
0
0
0
0
0
0
0
807
0
0
0
621
904
789
736
686
0
0
0
0
0
0
0
0
0
701
0
0
0
0
0
0
0
0
0
700
0
0
0
0
0
683
0
0
0
0
932
0
958
0
0
0
0
0
0
0
0
0
0
570
0
0
0
700
0
0
0
0
1000
575
0
0
0
0
0
0
0
0
0
0
0
317
0
0
0
0
454
0
0
0
0
33
0
0
0
794
0
0
0
0
0
0
0
0
0
707
0
0
0
0
0
0
0
297
0
0
0
0
0
0
0
0
0
0
0
0
0
0
0
0
0
0
613
855
0
56
573
0
0
0
0
0
241
0
0
0
0
0
665
0
802
0
0
0
0
618
0
0
0
0
0
0
0
0
0
0
580
1000
0
0
0
854
0
0
0
0
0
0
0
652
0
0
0
849
0
538
0
0
0
0
0
0
0
0
0
0
576
487
0
0
0
964
0
0
0
0
0
670
0
0
0
0
0
0
0
0
0
0
0
0
496
0
0
0
531
0
0
0
0
0
0
0
0
863
0
0
541
0
466
0
0
0
566
0
0
533
0
935
0
0
0
0
0
0
0
0
545
760
0
724
901
0
0
0
0
0
0
575
0
0
0
0
0
0
0
0
0
0
0
0
0
0
0
775
0
0
0
0
0
0
0
0
0
0
0
0
0
0
0
0
0
0
599
670
0
372
0
0
0
0
227
0
0
0
0
0
0
0
0
0
0
0
854
0
0
0
0
0
0
0
414
378
0
0
823
894
0
0
922
0
694
0
0
0
0
0
0
0
0
0
0
0
996
0
0
0
0
0
676
0
0
0
0
0
0
0
759
0
0
0
0
0
0
628
0
852
0
0
0
0
0
697
812
0
0
0
714
0
990
811
0
0
669
0
0
0
0
0
0
0
0
0
0
0
0
0
0
0
400
0
0
718
0
0
0
0
0
0
0
0
0
0
0
0
209
0
0
937
0
0
0
0
0
0
0
907
0
0
0
0
0
0
0
0
0
0
0
0
0
0
0
0
0
0
0
0
0
0
0
0
0
839
0
0
0
0
0
0
854
0
0
0
910
0
40
0
0
763
0
0
0
0
0
0
0
0
0
503
0
0
336
0
0
0
0
0
0
0
0
194
0
0
0
0
611
0
0
0
0
819
0
0
0
0
0
0
0
0
0
629
605
0
0
0
711
0
0
533
0
0
0
544
0
0
0
619
0
0
0
0
0
0
0
0
282
0
0
0
961
702
0
0
0
0
0
0
0
0
0
0
0
992
0
770
0
0
0
0
0
0
0
910
0
0
0
0
0
0
676
0
820
0
0
324
0
0
0
659
0
0
0
0
0
0
0
0
617
0
0
0
0
0
0
0
722
0
0
66
0
0
890
0
0
0
627
0
0
0
0
0
676
0
722
0
711
443
0
862
0
0
0
0
0
937
0
0
0
0
0
0
0
0
0
0
0
0
0
0
0
934
929
0
0
0
0
0
0
0
0
0
0
0
0
0
0
0
0
0
0
0
628
0
0
0
0
0
0
0
898
0
0
0
0
0
113
0
0
155
0
0
0
0
0
816
0
0
0
0
0
887
945
0
0
0
0
0
0
0
0
0
0
0
0
0
0
0
0
0
717
0
651
0
0
0
565
0
548
568
0
0
0
966
0
0
0
0
0
0
0
0
0
0
0
0
0
0
975
0
0
0
0
0
0
580
0
0
0
0
0
0
751
0
0
0
0
776
0
0
0
0
0
40
0
0
0
0
0
0
0
0
0
0
0
0
0
0
883
0
0
624
0
0
0
0
0
0
0
0
443
0
0
0
934
634
513
0
0
665
0
0
0
776
0
0
0
0
0
0
0
0
567
0
892
0
0
0
0
0
0
0
0
0
0
596
617
0
0
0
0
600
0
0
0
935
0
0
0
0
0
0
0
0
0
0
0
0
0
0
333
0
0
0
517
0
590
0
727
0
0
0
852
0
0
0
0
0
0
0
0
0
781
0
672
0
785
0
0
0
866
0
0
0
687
0
0
0
0
0
0
0
0
0
685
0
0
0
617
0
0
417
0
0
0
0
0
0
843
688
0
0
0
0
0
0
0
0
0
0
0
0
0
0
0
0
0
0
0
0
0
0
0
493
0
0
0
0
193
934
0
0
0
0
1000
0
0
0
0
892
0
0
0
0
711
0
0
0
0
0
0
0
0
0
0
0
0
0
0
0
0
0
0
0
0
0
0
0
0
0
0
0
677
0
0
0
0
615
0
0
0
0
0
0
0
0
0
937
0
0
728
759
0
0
0
0
0
0
773
792
0
737
0
0
0
697
623
693
0
0
0
0
0
0
0
0
0
0
937
0
0
0
0
0
0
0
0
0
0
0
0
895
0
0
0
706
0
0
808
0
0
0
0
0
0
0
950
940
0
0
0
0
0
763
0
0
0
0
0
0
0
0
0
0
0
817
683
645
0
0
0
0
0
0
0
0
0
0
0
0
0
0
0
0
0
0
0
0
746
0
0
889
0
0
0
0
650
0
0
0
0
0
0
0
0
0
0
0
534
0
0
0
0
0
0
0
0
0
0
0
0
0
0
0
0
0
0
0
905
701
1000
0
0
622
0
0
751
0
0
309
0
854
0
0
503
0
904
0
832
0
0
0
0
0
676
898
0
0
0
0
0
0
698
0
0
0
0
0
0
0
0
0
0
0
699
0
0
0
0
0
555
0
0
900
0
733
0
0
0
0
0
0
0
0
0
0
195
452
0
0
0
0
0
0
0
0
667
0
0
0
0
986
0
0
0
0
0
0
0
0
0
0
0
0
0
0
904
0
0
0
0
0
0
0
0
0
0
1000
854
0
0
0
572
0
937
863
730
0
0
0
652
0
0
0
0
0
0
0
0
0
0
0
0
0
0
0
0
0
0
0
0
0
0
0
0
0
0
0
0
0
0
0
0
0
0
804
0
0
0
0
0
0
0
0
0
589
0
0
0
0
0
0
0
0
705
695
0
0
0
0
0
0
0
0
883
0
685
637
885
0
0
0
552
825
0
0
0
0
0
0
578
0
0
0
0
0
0
934
0
592
0
0
0
0
0
509
0
0
984
0
0
0
0
0
820
0
0
781
0
0
698
0
0
0
628
0
0
0
0
0
456
0
0
0
0
0
0
0
0
0
0
667
0
0
0
0
0
0
0
0
0
0
774
0
0
0
0
0
0
0
0
0
979
454
0
0
0
0
0
0
0
0
0
0
0
684
0
0
0
0
0
637
0
671
0
0
0
0
864
0
0
342
937
836
0
0
701
0
0
572
0
0
0
0
0
0
0
0
686
317
0
0
697
0
0
0
0
0
0
0
0
0
0
0
0
0
0
0
0
0
0
0
664
0
0
0
0
0
0
0
0
0
0
0
0
0
0
0
0
0
546
0
0
958
0
0
0
0
0
0
0
0
0
754
0
0
0
0
0
0
0
0
0
0
0
642
126
0
673
0
0
546
0
0
672
704
0
0
0
543
150
322
0
672
0
934
751
0
0
0
1000
457
0
0
0
0
0
0
0
0
0
0
812
0
0
0
0
672
0
0
0
0
628
0
0
0
0
0
0
0
0
0
0
886
580
74
0
0
0
0
0
827
0
974
0
0
0
0
802
0
0
0
958
895
0
890
0
0
0
593
0
0
0
0
0
0
0
0
575
880
0
0
580
0
0
0
0
0
0
0
958
0
0
0
0
0
959
0
0
892
0
0
0
0
0
0
0
0
614
536
0
0
942
0
0
0
0
594
0
0
849
775
0
0
324
0
0
0
0
817
0
0
0
0
0
0
843
0
0
0
0
0
0
0
0
0
613
0
0
0
0
0
0
0
0
0
0
0
0
0
0
671
0
0
683
0
0
0
0
0
0
0
0
0
0
0
0
0
0
0
0
0
0
0
319
0
0
920
0
614
0
0
0
786
0
0
0
0
655
0
765
0
0
0
0
0
0
0
642
0
0
516
467
0
580
594
937
0
0
0
0
0
0
0
0
113
0
785
0
683
0
0
0
0
0
843
0
0
0
0
0
0
0
0
567
0
0
0
0
0
825
0
0
0
0
0
0
0
0
0
0
0
0
0
903
0
0
0
0
936
0
0
0
561
0
0
0
0
765
0
0
0
0
0
434
0
752
0
0
0
0
0
0
0
0
0
0
626
0
0
0
0
595
0
0
0
0
0
0
0
0
0
0
0
0
0
0
0
0
0
538
0
0
0
0
0
0
0
0
645
0
0
0
0
0
0
0
0
0
0
0
0
0
0
0
696
0
0
814
719
694
0
0
0
0
0
0
0
0
0
0
0
0
0
0
0
0
0
0
0
700
0
0
0
0
621
0
0
0
0
542
518
831
761
0
0
905
818
0
0
0
0
0
0
0
0
0
0
0
931
0
902
0
704
0
0
0
0
0
0
0
0
0
0
0
0
0
0
0
454
0
0
714
0
0
0
883
0
0
0
0
0
0
0
0
0
0
0
0
0
0
0
0
0
0
0
0
0
0
814
0
0
0
0
0
0
641
0
0
0
0
0
0
0
0
0
0
0
0
676
0
0
0
0
0
0
0
0
0
0
0
811
559
210
0
0
0
0
368
0
0
0
0
0
0
650
0
0
0
0
0
0
655
0
0
0
823
0
0
0
815
0
0
606
0
620
582
0
937
0
0
0
0
503
659
155
0
0
0
0
0
0
0
0
0
0
0
0
0
0
327
0
0
0
0
0
0
0
0
0
0
0
0
0
425
0
0
0
0
0
0
934
0
0
0
0
0
0
790
0
0
696
0
0
0
0
0
0
0
0
0
0
0
0
0
0
661
0
0
730
0
0
586
0
0
0
0
768
0
0
0
0
104
0
0
0
0
0
613
0
757
0
0
0
0
0
0
0
0
0
0
0
990
0
0
0
0
866
0
0
0
0
456
0
0
0
0
0
0
327
0
0
0
512
0
0
0
0
0
343
0
0
0
0
0
795
0
0
754
673
0
0
0
937
904
0
0
0
0
0
773
0
0
0
0
0
0
798
529
0
0
0
0
0
0
579
0
0
0
726
767
0
0
0
0
0
0
939
0
0
0
0
0
0
0
783
0
0
0
0
0
0
0
0
0
0
0
0
0
0
0
0
811
0
0
0
624
0
0
0
0
0
0
0
0
0
0
0
0
0
0
0
0
0
0
0
0
0
966
0
0
0
0
0
0
910
0
0
0
0
0
759
0
546
808
654
0
0
0
74
0
0
0
0
538
0
0
624
0
0
0
0
0
0
0
0
0
0
0
0
0
0
0
0
0
682
0
0
0
0
0
0
544
0
554
0
0
0
0
0
0
0
0
0
0
0
0
937
0
0
0
0
0
336
0
0
0
0
677
0
0
0
0
664
0
0
0
0
0
0
0
0
0
242
0
237
0
0
0
0
0
0
0
0
0
0
924
0
0
0
0
0
0
0
0
0
0
0
0
0
480
695
0
0
0
509
0
0
0
346
0
0
0
0
0
0
0
0
0
0
206
0
0
0
708
0
0
731
0
0
759
0
0
0
0
0
0
0
0
755
0
0
0
0
0
0
0
0
0
33
0
0
0
0
0
0
0
0
0
0
0
0
0
0
886
0
0
0
0
0
512
0
242
0
0
0
0
692
0
0
625
0
0
0
0
0
0
720
0
0
0
0
0
0
560
0
0
0
0
832
0
0
0
0
738
644
0
0
0
0
0
743
0
0
0
0
0
0
691
688
0
0
0
0
0
0
0
0
0
0
0
0
0
0
721
0
0
847
0
0
0
0
506
0
0
0
0
653
0
0
0
0
669
0
0
0
0
687
0
0
699
0
0
0
580
0
567
0
0
0
0
0
0
0
0
0
0
0
392
0
0
0
739
0
0
0
0
0
0
0
0
0
0
0
0
0
0
0
0
0
0
0
0
0
0
0
0
0
651
690
0
0
0
0
0
638
0
465
0
0
0
0
0
0
0
0
0
0
0
0
0
0
0
0
0
0
0
934
0
0
0
0
947
0
0
0
0
827
0
0
0
0
0
0
0
816
0
0
0
0
0
0
0
0
74
0
0
696
0
0
0
0
237
0
0
0
0
0
0
0
0
0
468
0
0
0
0
0
0
0
0
0
0
0
0
0
610
0
534
0
0
0
0
0
0
0
0
0
0
0
0
0
0
0
0
0
0
0
0
0
0
0
0
0
0
0
0
0
0
0
0
0
0
0
0
0
0
0
0
0
0
0
911
0
0
126
0
521
0
0
0
0
0
0
0
0
0
0
0
0
0
0
0
0
0
613
0
0
0
0
0
0
0
0
0
0
0
0
0
0
0
0
0
0
952
0
1000
0
0
0
0
774
0
0
0
0
0
0
0
0
0
0
0
0
0
0
0
0
0
0
744
0
0
0
297
0
0
0
0
0
568
0
922
0
0
0
576
0
863
0
0
0
0
0
0
748
0
770
0
0
0
0
0
0
0
0
742
0
0
794
0
0
0
0
0
0
0
0
615
0
0
0
0
0
0
0
0
0
0
0
0
0
0
692
0
0
0
0
0
0
697
0
866
0
0
628
0
0
0
0
0
0
0
0
0
0
0
0
0
236
0
0
0
0
0
0
0
0
0
0
0
0
0
0
0
0
0
0
0
0
0
0
0
0
0
0
0
0
0
0
0
0
0
0
0
0
0
0
0
0
0
799
338
0
0
0
395
0
0
0
576
0
0
0
617
0
0
0
0
0
0
0
0
0
0
0
0
814
0
0
0
966
0
0
392
0
0
0
0
0
0
699
0
0
0
0
0
0
437
0
549
0
0
0
0
0
0
0
0
0
0
663
0
0
738
0
0
0
799
574
0
0
638
0
0
0
0
232
0
0
0
0
0
0
601
0
0
0
0
0
986
0
0
0
0
0
0
0
0
0
0
0
0
0
0
0
0
0
0
0
487
0
0
0
0
0
0
0
0
0
0
0
0
0
0
0
0
719
814
0
343
0
0
0
0
0
0
0
0
0
0
972
0
0
958
0
0
0
0
0
0
0
0
0
0
565
658
0
0
0
0
0
0
0
770
0
0
0
0
0
0
0
0
0
533
603
0
0
502
260
653
0
0
981
0
624
219
0
0
0
0
0
0
0
0
0
838
837
0
0
0
0
0
0
0
0
0
0
0
0
0
0
0
0
0
0
443
0
0
0
555
0
0
0
0
0
825
694
0
0
0
0
0
625
0
0
0
697
0
0
0
0
0
0
0
0
0
0
569
0
0
0
0
0
714
0
0
0
0
0
0
0
0
0
0
0
0
0
0
0
0
813
0
0
702
0
0
0
0
0
0
0
0
0
0
0
0
0
0
0
0
0
0
0
814
0
0
0
0
0
0
0
635
0
0
0
0
0
0
0
0
0
0
194
0
887
0
0
0
0
0
0
667
0
827
0
0
0
0
0
0
0
0
0
0
0
0
0
699
972
0
0
599
208
0
716
0
0
0
0
630
0
0
0
417
0
0
581
0
0
0
0
0
0
0
0
776
0
0
0
0
0
0
0
0
0
0
0
0
0
0
0
0
0
0
658
0
0
0
0
0
0
0
0
0
0
0
0
0
0
439
0
0
0
832
0
609
0
0
0
0
0
0
0
0
945
0
0
0
0
0
0
0
0
0
0
0
0
0
0
0
0
0
0
739
468
0
866
0
0
0
599
0
0
647
651
0
0
0
0
0
0
0
0
0
0
476
0
0
0
0
758
0
0
0
0
0
0
689
958
0
0
0
0
0
0
0
0
0
557
943
559
0
0
692
0
0
0
0
0
0
0
548
0
0
0
0
0
0
0
0
0
0
0
0
0
737
934
0
0
964
0
0
0
0
0
0
0
0
0
900
0
0
0
974
0
0
0
0
0
0
0
0
0
0
0
0
0
0
0
0
208
0
0
0
0
759
0
0
0
677
0
0
0
505
0
0
0
720
0
568
0
0
0
0
0
0
0
0
763
0
0
536
0
0
0
0
0
0
0
0
0
545
0
0
0
0
0
0
0
958
0
0
0
0
0
0
0
0
0
0
0
0
0
0
0
0
0
0
0
0
599
0
0
0
0
934
685
0
0
0
0
0
0
0
0
0
0
0
425
0
0
0
0
0
0
952
0
0
958
0
0
647
0
0
0
0
0
773
0
0
0
0
0
0
0
0
0
0
0
0
0
611
0
720
0
0
0
958
0
0
0
0
0
0
0
0
0
0
732
0
0
0
0
0
0
0
0
0
0
0
0
0
992
0
0
0
0
0
0
0
0
0
0
0
757
0
931
0
0
0
670
0
0
0
0
634
0
0
0
733
804
0
0
0
0
0
0
0
0
795
910
0
0
0
0
0
628
0
0
0
716
651
0
0
0
0
0
0
0
0
0
0
869
0
0
0
0
0
681
0
0
0
0
0
0
0
0
0
0
0
0
0
0
0
0
0
0
0
0
0
556
0
0
529
0
0
0
0
0
0
0
870
0
0
0
0
0
0
0
408
0
0
0
0
0
0
772
0
0
0
0
0
611
722
0
513
0
0
0
0
0
0
0
0
0
0
0
641
0
0
0
924
0
0
0
1000
0
0
0
0
0
0
759
0
0
0
0
0
0
0
0
0
0
0
0
0
0
0
0
0
566
0
519
0
0
0
0
0
0
0
0
0
0
0
851
0
651
0
504
0
0
0
0
0
0
0
0
0
0
618
0
0
0
0
937
883
0
0
496
0
596
0
0
0
831
900
0
0
707
0
372
0
0
0
0
0
0
937
0
0
0
0
0
0
0
0
0
0
0
0
0
0
720
0
0
0
0
0
0
0
0
0
0
0
0
0
0
665
0
0
720
0
0
0
503
0
0
0
0
0
0
0
0
0
0
0
843
0
75
0
0
0
0
0
0
731
556
780
0
0
0
732
686
0
0
609
0
0
0
0
0
621
0
0
0
0
0
0
0
0
0
0
0
0
0
0
0
0
0
0
0
0
0
0
0
0
617
0
746
0
0
0
0
802
0
0
0
0
0
754
0
0
0
0
0
0
0
437
0
569
0
0
0
773
0
0
665
0
873
0
0
0
745
0
654
0
0
0
0
669
0
0
0
0
0
0
0
0
0
0
0
0
728
0
0
0
0
676
0
0
882
0
0
0
0
0
0
0
0
791
0
0
0
0
0
0
560
0
0
0
0
0
530
0
0
0
0
807
0
670
0
0
0
66
0
665
0
0
0
0
0
0
0
0
0
0
0
0
0
673
0
0
0
0
0
0
0
0
0
0
0
0
0
0
0
0
0
873
0
0
0
786
0
558
814
0
886
998
0
685
0
0
0
0
0
0
0
0
0
0
0
0
0
0
0
0
0
0
0
0
0
0
0
0
0
655
714
599
0
846
836
261
0
0
0
0
0
0
0
0
0
0
0
0
0
0
0
0
0
0
0
400
0
0
0
0
0
728
0
0
0
0
546
0
0
0
0
0
0
0
0
0
0
0
0
0
0
549
0
0
630
0
677
0
0
0
0
0
0
0
0
452
0
0
0
718
0
0
0
0
0
0
0
856
0
0
687
0
0
0
0
0
0
0
0
0
0
0
0
0
0
718
926
0
0
0
837
0
0
753
0
0
0
0
0
525
518
0
0
0
0
697
0
0
735
0
0
0
0
0
0
0
819
0
0
0
417
759
889
0
0
0
0
0
671
0
0
0
934
0
759
0
0
0
0
774
0
0
0
0
0
0
0
0
0
0
720
0
0
0
0
0
0
506
0
0
0
0
0
0
0
715
0
729
872
0
0
0
0
0
0
26
0
0
0
0
0
0
823
0
0
861
0
0
0
0
0
0
944
0
0
0
0
0
938
709
0
0
0
0
881
0
0
0
0
0
0
0
0
0
227
0
0
890
0
0
0
0
0
0
0
774
0
958
0
0
0
0
0
0
0
0
0
0
0
0
0
0
0
0
0
0
0
0
0
0
0
0
786
452
0
0
0
0
0
0
974
0
656
0
0
0
0
0
0
0
0
0
0
0
529
0
0
0
0
0
602
0
0
0
0
0
0
0
0
0
790
0
0
234
634
793
0
0
756
0
0
682
0
0
855
0
0
0
0
0
0
621
0
0
0
718
0
0
0
776
0
0
0
0
0
0
958
895
0
0
0
0
0
937
546
0
0
0
0
0
0
0
0
0
0
0
0
0
869
0
0
745
0
0
0
0
0
0
0
0
0
921
180
907
866
0
0
0
443
0
0
0
0
0
0
0
0
0
0
833
0
0
0
0
542
516
0
0
0
921
0
0
0
0
0
0
0
0
0
717
0
0
0
0
0
0
0
0
0
0
0
904
0
0
0
0
0
0
0
0
0
0
0
0
0
0
0
0
683
903
0
0
0
904
808
0
560
0
0
0
0
0
0
714
417
0
505
0
0
0
0
0
558
0
506
0
0
0
0
688
0
0
0
0
513
0
0
0
756
0
0
0
437
0
0
0
0
633
0
0
0
0
0
0
0
640
822
0
0
0
958
0
780
0
0
0
0
0
0
0
0
0
0
0
855
0
0
0
0
435
0
789
297
0
0
0
0
0
0
0
0
0
0
0
589
0
0
890
0
0
0
0
0
0
654
0
0
0
0
0
0
0
565
0
0
0
0
0
0
0
503
654
814
0
0
0
0
0
0
626
0
0
0
0
0
0
0
0
0
0
198
0
0
0
891
0
0
0
0
0
694
937
0
0
0
0
0
0
883
0
126
0
0
0
0
775
0
0
0
0
0
0
827
0
0
0
0
835
0
554
0
736
0
0
0
0
0
627
0
0
0
0
650
195
0
0
0
0
0
0
0
0
0
0
0
0
0
0
610
0
0
0
658
0
0
476
0
0
0
0
0
0
0
718
0
0
0
688
626
0
0
0
0
0
0
836
0
777
162
0
0
0
0
0
0
0
0
0
0
0
0
0
0
0
0
0
0
0
828
0
0
0
0
294
0
0
0
608
0
0
0
0
0
0
0
0
0
0
0
0
0
686
0
0
0
0
0
0
0
0
0
0
0
452
0
0
0
0
0
0
0
0
0
0
0
0
0
0
0
0
0
0
0
0
581
0
0
0
0
0
0
0
886
0
0
974
0
0
0
0
0
0
382
0
0
0
0
0
0
0
0
0
745
0
0
0
697
0
900
905
0
0
343
0
0
84
0
644
662
0
0
0
0
0
0
0
899
931
0
0
0
0
598
0
0
0
0
0
0
736
0
0
0
0
0
0
0
0
0
0
843
773
0
0
0
0
0
0
0
0
0
0
790
0
0
0
0
0
534
0
0
0
0
0
0
0
720
0
0
0
0
0
998
0
0
0
921
0
0
0
0
0
0
0
0
0
681
0
777
534
0
0
510
0
0
0
0
0
0
0
0
0
0
745
0
0
0
880
0
0
0
0
0
0
640
0
303
0
630
0
0
0
0
505
0
0
830
0
0
0
0
0
0
0
0
0
0
0
0
0
688
792
0
0
0
0
0
593
0
936
0
676
0
0
74
0
832
0
0
0
236
0
0
0
0
0
0
0
681
0
0
0
0
0
0
656
180
0
0
0
382
0
0
681
0
0
0
0
0
0
0
0
0
0
675
0
720
0
0
847
0
0
0
0
0
0
0
1000
0
0
0
0
651
715
646
0
821
0
0
0
0
546
0
0
0
0
0
0
763
0
0
0
0
0
0
0
0
0
717
0
0
0
0
0
0
0
0
0
0
0
700
0
0
773
0
480
0
0
0
0
0
0
0
0
0
0
568
0
0
0
0
669
685
0
0
0
907
0
0
0
0
0
681
0
0
455
0
0
637
0
340
0
651
0
0
0
934
0
0
855
0
0
0
0
0
0
0
0
0
0
0
0
0
0
0
0
0
643
0
0
0
0
0
499
0
711
0
0
0
0
0
0
0
0
0
0
629
0
0
0
0
737
0
0
0
0
0
0
0
0
0
0
696
0
0
695
0
0
0
0
0
663
0
0
0
758
0
0
0
566
0
0
0
0
0
0
866
513
0
0
0
0
0
0
0
0
0
0
0
0
0
0
0
0
0
0
0
0
0
0
0
0
0
0
0
0
0
631
0
0
0
0
0
0
0
0
0
0
0
0
819
0
0
0
0
0
0
0
0
0
0
0
0
496
0
0
605
676
651
567
0
0
0
0
0
979
0
0
0
0
0
0
0
0
0
0
0
0
0
0
0
0
0
0
0
0
0
611
0
0
0
0
0
0
715
0
0
0
0
836
0
0
0
455
0
0
0
0
0
0
0
0
0
0
0
0
0
0
0
0
0
516
0
0
0
562
600
529
0
0
0
0
0
0
0
910
0
0
0
662
0
0
772
0
631
392
724
787
0
0
0
0
0
0
0
0
0
0
0
0
0
0
0
0
0
454
754
0
0
561
0
0
0
0
0
0
0
0
0
0
0
0
0
0
0
0
0
0
0
519
0
0
0
0
0
0
0
0
0
0
0
681
0
0
0
0
0
0
0
0
0
433
973
0
0
0
0
792
662
0
0
0
682
651
0
0
0
0
0
0
0
0
0
0
0
0
0
0
0
0
0
0
0
0
999
958
0
0
0
0
0
0
0
0
854
0
0
722
0
892
0
0
0
0
705
0
0
0
0
0
0
0
0
0
538
0
738
0
0
0
0
738
770
0
0
0
0
720
0
0
0
0
0
856
729
0
0
0
0
777
0
0
0
0
0
0
0
0
809
0
0
0
0
0
0
0
0
0
0
0
938
0
805
0
0
0
0
0
761
0
0
0
568
0
0
0
0
0
0
0
0
0
0
0
0
0
236
0
0
914
0
0
0
0
0
0
0
0
0
0
0
697
0
0
695
0
0
0
0
0
621
0
0
0
0
509
644
0
0
0
0
0
0
0
0
0
0
0
0
0
0
0
0
0
872
0
443
756
0
162
0
777
0
637
0
0
0
809
0
0
472
0
0
0
0
0
0
0
0
0
0
0
0
0
0
0
0
0
0
0
0
0
0
0
0
0
0
0
0
849
0
0
757
0
676
0
564
0
0
0
0
0
0
531
0
209
711
711
565
0
0
623
0
667
0
0
0
0
0
0
0
0
0
0
0
0
0
0
0
0
0
0
0
0
776
0
0
0
0
0
0
0
0
0
0
0
0
0
0
0
0
534
0
0
0
0
0
0
0
0
0
0
0
0
0
0
0
528
0
0
0
0
0
0
0
0
552
0
0
0
994
0
546
0
0
0
0
0
0
0
0
0
0
0
986
0
582
633
0
984
0
701
0
0
0
0
0
443
0
0
0
693
0
0
0
0
0
0
0
0
0
0
0
798
624
0
0
0
0
0
0
0
0
0
0
0
0
0
0
0
843
0
0
687
0
0
0
0
198
0
0
0
0
340
0
0
0
0
472
0
0
0
0
0
486
0
0
0
0
0
0
0
0
0
779
0
0
0
0
968
0
702
0
0
0
0
0
0
0
0
0
0
0
0
0
0
0
0
609
0
0
0
0
0
0
0
0
0
548
0
0
0
534
0
0
0
0
575
0
765
0
0
0
529
0
0
0
651
0
0
0
799
0
0
0
689
0
958
0
0
0
0
0
0
0
0
0
0
0
0
0
0
0
0
0
0
433
0
0
0
0
0
0
0
0
0
0
0
0
0
0
0
0
0
0
0
0
710
0
0
0
0
0
0
0
0
322
0
0
0
0
0
0
0
0
0
0
0
0
0
0
0
0
0
0
937
533
862
568
0
0
0
0
0
0
0
0
880
0
0
0
0
0
0
0
346
0
690
0
0
0
574
0
0
0
958
763
0
0
0
75
0
0
0
0
0
0
437
0
0
745
510
0
651
0
0
973
0
0
0
0
0
0
0
0
0
0
0
0
0
0
0
0
0
0
0
0
0
0
0
0
0
0
0
0
0
890
0
0
616
0
0
0
0
0
0
0
825
0
0
0
0
0
0
0
0
0
0
0
0
0
0
0
0
0
0
0
0
0
0
542
0
0
0
0
0
0
0
0
744
0
0
0
0
0
0
0
0
0
0
0
0
0
0
0
0
0
0
0
0
0
0
0
0
0
0
0
0
0
0
0
0
0
0
0
0
0
521
828
0
0
0
0
0
0
655
0
0
0
0
0
623
0
0
0
0
952
0
0
0
0
0
870
0
0
0
0
0
0
617
695
0
0
0
0
0
0
0
0
0
0
0
0
986
0
0
0
0
0
0
518
811
0
0
0
0
743
0
0
0
0
0
0
813
0
0
0
0
0
0
0
0
0
0
0
529
0
0
891
0
0
0
675
0
0
0
0
0
0
0
486
0
0
0
0
0
0
0
0
0
0
0
0
699
0
0
0
990
0
630
0
595
0
0
0
754
0
0
0
0
0
0
0
0
0
0
719
99
0
0
0
0
0
0
414
0
0
0
0
0
0
0
0
0
0
0
0
580
0
0
831
559
0
0
0
0
0
0
0
0
0
638
0
0
0
0
536
0
0
0
0
0
0
0
26
0
0
0
0
0
0
0
0
0
0
0
0
0
0
0
0
0
0
0
0
0
903
682
0
0
0
0
0
725
573
506
0
0
0
307
0
0
0
0
420
0
0
0
0
0
0
0
0
0
0
0
0
0
0
0
572
0
0
0
378
0
544
0
966
0
0
0
0
0
0
0
0
0
0
0
761
210
0
0
0
0
0
0
0
0
0
0
0
0
0
0
0
0
0
0
0
728
0
0
0
0
0
0
0
0
697
0
720
934
0
0
0
0
0
0
0
0
0
0
0
903
0
0
0
893
759
622
0
0
745
0
565
0
0
0
0
887
0
621
0
0
0
0
0
0
0
734
0
0
682
0
0
0
0
0
0
0
613
0
0
0
0
0
0
0
0
0
0
0
883
0
0
0
319
434
0
0
0
0
0
0
0
0
0
297
0
0
533
702
0
0
0
0
0
0
0
0
0
0
0
0
0
633
0
0
0
0
0
0
0
0
792
0
0
528
0
0
0
521
0
682
0
0
741
0
0
0
0
0
0
0
0
0
0
0
0
0
0
0
0
0
0
0
0
0
0
0
0
0
668
0
0
0
0
0
676
0
855
863
0
0
0
937
0
596
0
0
0
0
0
684
642
0
0
0
0
0
0
579
0
0
0
638
0
0
0
0
603
0
0
0
0
0
0
851
0
0
0
0
0
0
0
0
0
0
900
0
0
0
0
0
662
0
0
0
0
0
0
828
0
0
0
741
0
958
0
693
0
0
0
0
0
0
456
0
0
0
0
0
0
0
0
667
0
0
0
0
0
934
0
0
0
0
0
0
413
0
0
0
823
0
0
0
0
617
0
0
0
0
685
0
126
0
0
752
905
0
661
0
0
0
0
0
0
0
0
0
0
0
0
0
0
0
0
0
731
0
0
0
0
0
833
0
0
0
905
0
847
855
0
0
0
0
0
0
0
0
0
0
0
0
893
0
958
0
580
0
0
0
0
0
0
0
0
0
0
888
0
0
976
0
0
891
937
0
0
0
0
0
717
0
0
0
0
0
0
700
56
0
894
907
619
0
0
0
0
0
0
0
637
0
0
0
920
0
818
0
0
0
0
0
0
465
0
0
0
232
0
0
0
0
0
0
0
651
556
0
0
0
0
602
0
0
694
0
0
0
0
0
0
0
0
938
0
0
0
0
0
0
0
0
759
0
0
580
0
708
0
0
0
0
0
0
0
0
0
0
0
0
0
0
0
0
0
923
0
593
0
0
731
0
0
0
0
0
0
0
573
541
0
0
0
0
0
0
0
937
0
0
885
0
673
0
0
0
0
368
0
0
0
0
691
0
0
0
0
0
502
0
0
0
0
0
0
0
780
676
0
0
0
0
0
0
937
0
0
0
0
0
0
516
0
0
0
0
0
0
0
0
0
0
622
0
693
0
708
0
0
0
0
812
0
0
0
566
0
0
0
0
0
0
0
35
0
0
0
0
744
464
0
0
0
0
0
537
0
0
0
0
0
0
0
0
0
0
0
0
0
0
0
0
0
0
614
0
0
0
730
726
0
0
688
0
0
0
0
0
260
0
0
557
0
732
0
504
0
0
0
0
823
0
0
0
0
0
343
0
0
0
0
0
682
805
0
0
0
0
0
0
0
0
0
0
0
0
0
0
0
0
0
0
0
0
0
0
0
0
0
0
0
918
0
0
0
0
0
551
0
0
638
0
525
0
0
0
0
0
0
466
922
0
0
0
0
0
0
0
0
0
0
0
0
958
0
0
0
0
0
767
0
206
0
0
0
568
0
0
653
0
0
943
0
0
0
0
0
0
0
0
0
0
0
0
0
0
0
745
0
0
0
0
651
0
0
0
0
0
0
0
699
725
0
0
0
0
0
0
0
0
0
0
0
743
548
0
0
0
0
0
928
0
672
0
0
0
0
0
0
0
98
0
0
561
0
0
0
0
0
0
0
0
0
0
0
600
0
0
0
0
0
637
546
0
0
0
0
0
0
0
0
0
0
0
0
0
0
0
0
0
0
559
0
0
556
0
0
882
0
0
0
0
542
0
0
0
0
0
0
0
0
0
0
0
0
0
779
0
0
0
0
573
745
0
0
0
0
0
0
0
0
0
0
0
0
0
0
675
755
0
0
350
0
0
0
994
0
559
0
0
635
0
714
0
0
0
0
0
0
0
694
0
0
0
0
0
0
0
0
0
552
0
0
0
0
0
0
0
586
0
0
0
0
0
0
922
0
0
0
0
0
0
545
0
0
0
732
0
0
718
861
0
516
640
0
0
84
0
0
0
0
562
0
0
0
0
0
0
0
655
0
506
0
0
0
0
0
812
0
0
0
0
0
0
0
0
0
0
0
0
0
0
537
0
0
0
0
0
0
612
0
0
851
0
0
958
667
683
0
0
0
0
0
0
0
0
493
0
0
0
825
671
0
0
786
0
0
0
0
0
0
0
0
0
0
0
0
0
981
0
0
0
0
0
0
0
686
0
0
926
0
0
0
822
0
0
0
0
0
0
0
600
0
0
0
552
0
0
0
0
0
0
565
0
0
0
0
0
0
0
0
0
0
0
0
0
0
0
0
0
0
0
0
0
0
0
0
0
0
0
0
952
0
0
471
0
0
0
241
566
0
0
0
0
0
0
0
0
0
0
0
0
672
0
0
0
0
0
0
0
0
708
0
0
0
0
0
601
0
0
0
692
0
0
529
0
0
0
0
0
0
0
0
0
0
0
644
880
1000
0
631
529
0
0
0
0
0
710
0
0
990
0
0
0
0
0
0
0
0
743
0
0
0
0
0
0
0
0
0
240
0
0
0
836
0
0
0
0
0
0
0
934
0
548
0
0
0
0
0
0
0
0
0
0
0
935
0
0
0
0
0
0
704
0
0
0
0
650
0
0
682
0
0
0
0
0
0
0
624
0
658
0
0
0
0
0
0
0
0
0
0
0
0
0
883
828
662
0
0
0
0
0
0
761
0
0
0
0
0
0
0
0
0
0
456
0
0
0
0
548
0
0
0
0
0
0
0
0
0
0
0
0
0
0
0
0
0
883
0
733
776
0
0
0
0
899
937
0
0
0
0
0
282
0
0
0
0
0
0
904
0
0
0
959
0
0
0
0
0
0
0
0
0
0
0
576
0
0
219
0
0
0
0
0
0
0
609
0
655
0
0
0
921
0
0
0
0
0
0
0
0
0
0
0
0
0
968
0
0
0
630
307
0
0
0
0
0
566
0
0
0
0
0
0
0
0
736
0
719
0
439
700
0
0
0
0
0
0
0
0
0
0
698
623
387
0
0
0
0
533
0
0
0
0
0
0
0
0
0
0
0
0
0
0
0
626
0
0
768
939
0
731
0
0
0
0
0
0
0
0
0
0
0
0
0
0
0
0
714
837
0
790
0
958
126
0
0
0
0
0
0
0
0
0
0
994
0
0
0
0
0
0
0
0
0
0
0
0
0
0
0
0
0
0
0
736
0
0
0
0
0
0
637
0
0
0
0
0
0
0
0
0
619
0
0
0
0
932
0
0
0
0
0
0
975
0
193
0
905
0
0
864
0
0
655
0
0
0
0
0
0
0
0
0
0
863
0
0
0
0
0
0
0
0
0
0
0
0
599
0
0
0
0
0
0
0
0
0
0
0
0
0
0
0
0
0
702
0
0
623
595
0
887
0
0
888
0
0
0
0
675
0
0
0
0
0
0
0
0
0
0
196
0
644
0
900
914
0
0
0
0
0
983
0
0
0
0
0
0
935
0
0
0
0
0
0
934
0
701
0
0
0
543
892
0
0
931
0
0
0
0
0
0
0
0
0
0
0
0
0
0
0
0
0
0
0
0
0
0
0
944
0
0
780
0
0
0
0
651
0
0
0
0
568
0
546
0
0
0
0
0
0
0
0
0
0
0
0
0
0
755
0
0
0
0
719
0
0
0
0
0
0
0
0
0
0
0
0
0
0
0
0
0
0
0
704
0
958
665
0
0
0
961
0
0
0
0
0
1000
0
578
0
150
0
765
0
0
0
0
0
0
759
0
0
0
0
0
986
0
0
0
0
958
0
0
618
0
791
846
753
0
234
0
0
0
294
0
0
715
0
0
0
0
0
0
0
0
0
0
0
0
0
621
0
0
0
0
0
0
0
0
0
0
240
0
0
0
0
0
0
0
0
591
0
0
0
0
0
0
0
0
0
0
0
828
0
0
0
0
0
0
0
702
934
0
0
0
895
0
0
0
342
322
0
0
0
902
0
0
0
0
0
0
0
0
0
0
0
0
0
0
0
0
0
0
0
0
0
836
0
0
634
0
0
0
0
0
640
646
0
0
0
0
0
0
0
0
0
0
0
0
420
0
0
0
976
0
0
0
928
0
0
0
0
0
439
0
0
0
0
0
0
0
974
0
0
0
0
702
0
0
937
876
0
0
0
0
0
802
0
0
0
0
929
0
0
0
0
0
0
0
937
0
0
0
595
0
655
104
0
544
0
0
0
0
0
0
0
0
0
0
548
0
0
870
0
621
0
261
0
0
793
0
0
775
0
0
0
0
0
0
910
0
0
0
0
0
0
0
0
754
0
0
0
0
0
0
0
918
0
350
0
0
0
0
700
0
196
0
0
0
0
0
0
0
0
554
0
0
810
0
0
0
0
0
0
0
0
0
0
0
0
0
0
0
0
0
0
622
0
0
836
672
0
0
0
704
0
0
0
0
0
0
0
0
0
0
0
0
0
0
0
0
992
0
0
0
0
0
0
0
0
0
0
0
0
899
303
821
0
0
0
0
0
0
0
0
322
890
952
0
0
0
0
0
0
0
0
0
672
0
537
0
0
0
0
637
0
0
591
0
0
0
0
941
0
0
0
0
0
0
0
0
0
0
0
0
0
0
0
996
0
0
0
0
0
1000
0
0
0
0
0
0
0
0
0
0
0
0
0
554
0
721
0
0
0
0
0
0
814
0
0
0
0
0
0
0
0
0
0
0
0
0
0
0
608
931
0
0
643
0
0
0
0
0
0
0
0
0
0
0
0
0
0
667
891
0
35
0
0
0
0
0
836
0
0
0
644
0
0
974
0
0
0
0
0
0
0
0
0
0
0
0
0
872
0
0
0
0
0
0
0
0
0
580
0
0
706
0
0
0
0
934
0
0
0
0
0
0
783
0
0
0
0
0
748
0
0
0
0
0
0
0
0
0
937
0
0
0
0
938
756
0
0
0
0
0
630
0
0
0
0
0
0
0
0
0
0
0
0
0
0
0
0
0
937
0
0
0
0
0
0
0
0
0
0
0
0
0
0
0
0
941
0
0
0
0
762
947
0
0
0
0
0
0
0
0
0
0
0
0
0
0
0
0
0
0
0
751
0
0
701
751
0
0
0
0
823
0
0
0
0
0
0
0
0
0
0
838
0
0
0
0
0
0
883
0
0
0
525
709
0
717
0
0
0
0
0
0
0
0
662
0
0
849
0
0
0
616
0
0
0
0
0
0
0
923
0
0
0
994
0
0
0
0
0
0
900
0
0
0
0
0
0
0
0
0
0
0
606
0
0
0
0
0
0
0
0
618
0
0
0
0
0
0
0
0
0
0
1000
934
0
0
0
0
0
0
0
0
0
0
0
847
934
0
770
0
0
837
0
0
0
0
0
0
0
0
560
0
518
0
0
0
0
0
0
0
0
0
0
819
0
0
0
0
0
0
0
0
0
0
0
0
0
0
0
0
0
0
0
0
0
0
0
0
0
0
914
0
0
0
554
0
0
0
0
0
695
0
502
937
0
941
0
0
0
0
0
0
545
0
0
0
0
0
0
0
808
0
854
0
0
0
614
642
0
0
0
613
0
0
0
0
0
0
0
0
0
0
0
0
0
0
0
0
0
0
0
0
0
0
682
0
0
0
0
0
0
546
0
0
0
0
0
0
0
0
0
0
0
0
0
734
0
0
0
593
0
551
0
559
0
0
0
883
0
0
0
0
0
0
0
0
0
762
0
695
0
0
0
0
0
324
0
0
612
0
0
0
760
0
0
0
0
0
0
892
0
309
0
592
572
0
536
0
0
0
0
0
0
0
755
0
0
0
0
0
0
0
0
0
0
0
0
0
496
0
0
0
0
0
0
0
0
827
0
598
0
0
0
0
772
0
0
757
0
0
0
0
870
0
0
0
0
0
0
0
744
0
0
0
0
0
0
0
0
0
0
0
0
702
0
0
0
947
0
0
0
0
0
0
0
944
0
0
0
0
0
0
0
676
0
0
0
0
333
0
0
0
0
0
0
1000
0
0
0
0
815
757
0
0
0
0
0
0
0
0
0
0
0
439
0
0
0
408
0
0
0
0
0
0
0
0
0
0
0
0
505
0
499
0
0
0
0
0
0
0
0
0
0
0
0
0
0
934
0
0
464
0
0
0
612
0
0
733
0
0
0
0
0
0
810
0
0
0
606
502
0
0
0
0
0
0
0
0
0
0
570
0
724
0
0
0
0
0
0
0
0
854
0
0
0
457
0
516
0
0
0
0
0
0
0
0
0
0
0
799
0
0
0
0
0
0
0
0
596
0
0
0
0
881
855
0
855
0
0
0
0
0
0
0
631
999
0
676
986
0
0
0
0
0
0
682
668
0
717
731
0
638
98
635
0
0
0
776
0
0
0
0
0
0
0
0
0
0
0
937
0
0
0
0
0
0
640
622
0
0
0
0
901
0
0
0
0
751
0
0
0
0
572
0
0
0
942
467
0
0
0
0
0
0
0
506
947
911
0
338
0
0
635
0
0
0
0
0
0
0
0
0
697
0
0
0
0
0
0
0
0
0
711
0
392
958
0
0
0
0
0
0
0
0
0
0
0
0
0
0
0
0
0
0
0
952
934
0
0
0
0
0
0
937
0
0
0
0
0
0
0
0
0
0
0
0
0
0
0
0
0
0
0
0
839
992
0
0
0
0
0
0
0
0
0
0
0
0
0
0
606
0
0
0
0
0
0
0
0
0
0
0
0
0
0
0
0
0
0
0
530
0
0
0
0
0
0
0
0
0
830
0
0
0
724
0
236
564
582
0
0
0
0
719
0
0
0
0
0
0
0
525
0
714
851
0
0
0
698
619
983
0
0
876
0
0
0
0
0
941
324
944
0
0
0
0
