0
755
924
0
954
0
831
618
613
664
820
879
973
754
845
875
681
888
638
0
768
598
691
549
0
947
634
992
546
546
824
0
939
852
579
799
890
0
557
534
508
0
994
862
0
645
746
838
887
0
536
701
874
0
718
547
0
740
618
781
530
971
558
969
0
664
609
906
571
518
932
595
612
723
600
648
557
613
598
852
553
0
799
935
964
0
967
944
0
667
642
0
523
679
614
992
0
645
564
0
755
0
889
0
632
759
797
967
723
654
657
643
0
930
688
763
904
721
0
962
896
553
776
0
639
915
838
941
793
573
786
887
962
793
783
973
877
872
623
564
896
909
830
0
0
931
525
952
545
856
0
842
841
0
542
918
823
770
996
922
975
910
932
0
586
629
584
0
741
863
874
544
878
590
0
663
580
626
612
0
565
772
508
538
889
696
785
507
656
877
0
847
590
714
858
755
886
693
0
670
924
889
0
881
896
784
576
511
0
611
505
921
994
504
724
970
573
760
981
0
687
564
884
995
773
0
848
680
664
673
0
911
547
616
946
791
839
593
509
561
747
983
695
764
530
770
679
643
872
968
934
767
840
681
927
760
642
527
718
914
0
0
681
821
538
869
500
539
0
547
948
938
804
726
987
836
973
875
0
933
714
974
662
996
688
758
890
0
665
0
842
701
580
0
918
983
0
659
914
921
0
0
881
0
679
996
887
822
962
803
684
859
530
672
829
0
731
760
540
658
866
803
793
945
774
954
604
532
0
600
505
941
858
0
0
0
682
661
0
508
951
514
643
607
663
901
0
693
0
666
720
736
0
0
630
583
907
667
642
922
561
556
0
743
715
0
829
594
653
504
937
823
0
828
615
873
608
891
714
543
524
0
716
886
532
0
877
530
994
808
977
628
575
535
0
849
0
702
926
944
954
632
896
679
0
868
917
0
712
642
840
763
546
861
0
857
530
836
804
0
511
0
559
632
960
979
841
705
659
904
612
817
646
0
692
573
0
698
0
776
829
646
695
0
935
577
993
688
916
908
945
938
673
766
908
0
691
979
893
0
997
910
512
0
839
572
898
936
629
0
895
0
550
903
0
0
645
0
621
749
0
877
959
906
898
924
799
784
747
934
752
0
0
729
854
689
857
521
713
0
0
759
784
996
868
0
575
898
621
0
987
585
817
690
924
791
701
588
535
656
527
698
576
710
650
773
634
685
547
564
583
753
525
860
922
707
614
625
542
962
653
520
0
598
721
634
931
549
952
628
578
607
748
858
847
0
849
825
0
0
974
947
721
0
613
763
632
964
555
513
960
701
525
885
606
928
937
848
633
506
753
821
944
983
835
883
573
807
531
719
752
765
888
693
0
645
778
800
978
776
831
797
576
887
917
575
0
905
525
911
931
971
791
516
502
579
689
532
520
772
616
0
781
0
0
653
987
874
968
592
729
603
510
614
699
714
624
864
559
647
0
747
704
869
874
527
572
708
946
554
607
876
786
915
675
526
0
0
806
758
923
725
989
773
736
731
778
668
694
0
602
779
674
642
547
525
731
607
717
694
613
731
583
848
923
0
740
688
864
652
647
0
982
747
752
0
978
0
850
604
618
967
511
822
0
898
905
0
0
670
979
850
0
797
839
619
571
975
0
911
717
828
594
519
788
627
892
577
967
669
0
744
553
640
939
659
0
864
971
695
590
886
532
644
690
617
853
974
686
824
513
842
604
961
512
711
544
816
820
657
0
711
774
977
573
813
857
954
999
738
988
617
905
921
600
793
0
555
618
767
519
613
0
606
702
662
975
732
677
968
618
757
936
526
0
958
0
853
886
0
613
723
0
962
712
621
525
0
0
580
0
966
0
678
735
531
942
863
662
675
779
519
0
902
0
747
565
569
821
998
0
898
528
525
520
0
981
742
592
965
948
881
721
569
639
520
886
0
0
829
718
583
633
908
616
602
973
546
635
537
916
0
587
719
625
0
769
954
660
711
679
0
979
971
569
674
0
0
539
873
718
0
617
994
667
630
676
884
565
0
610
534
667
965
844
653
982
902
698
538
664
654
611
803
642
0
911
670
580
0
915
666
928
658
957
936
726
692
973
874
859
798
0
661
575
599
922
0
967
759
652
918
505
811
680
988
913
0
630
0
683
679
544
693
982
715
817
715
752
736
925
736
563
0
579
988
0
891
757
764
0
543
0
857
635
948
924
738
939
609
0
928
577
750
993
975
657
824
845
825
831
584
507
723
0
566
0
515
509
0
512
978
0
0
750
645
747
894
849
521
820
657
505
684
840
987
931
979
0
915
0
893
606
853
712
955
741
952
632
500
825
754
570
832
505
759
628
882
518
795
796
636
805
995
566
624
637
970
905
659
802
925
780
760
0
785
542
843
0
694
837
0
0
556
913
822
0
987
714
508
843
869
806
614
908
807
853
0
593
884
944
639
989
881
501
772
821
911
880
505
681
835
676
522
964
644
721
768
686
633
780
0
650
960
508
787
710
930
669
799
879
643
921
859
763
585
971
850
966
666
893
0
741
525
712
811
506
541
597
783
955
583
567
832
962
730
503
518
594
579
694
765
627
700
645
996
726
901
551
765
641
602
654
812
692
547
640
994
667
0
529
711
865
507
920
0
678
793
775
699
839
619
817
804
814
568
988
575
739
956
548
0
612
899
553
666
980
947
786
907
503
902
893
775
797
654
628
814
870
571
509
618
640
688
0
520
0
515
999
832
973
0
994
530
546
817
791
0
0
928
606
741
0
864
529
567
619
946
543
904
918
0
699
891
0
618
953
665
664
729
778
0
0
973
882
0
668
672
981
609
923
529
594
632
0
568
755
758
849
0
703
668
710
0
694
820
576
772
716
568
667
566
906
0
0
955
0
821
532
0
778
848
965
521
0
537
834
686
0
646
661
524
0
968
619
886
528
931
661
0
877
995
885
529
644
0
953
594
532
893
754
930
504
672
861
690
516
797
678
658
853
525
864
0
0
855
715
0
971
969
550
0
896
574
777
611
918
803
930
725
0
976
662
0
867
874
623
505
0
523
849
907
790
926
0
771
844
633
790
608
595
0
764
934
0
917
623
676
892
0
617
720
762
941
790
624
0
775
0
0
0
697
703
988
0
895
556
831
550
528
747
726
950
974
901
861
608
796
534
563
643
532
683
906
526
861
0
677
831
991
845
688
724
829
0
924
502
839
735
957
712
712
529
0
0
710
0
676
754
869
853
0
663
0
594
806
537
760
957
597
753
706
894
0
994
842
0
978
971
626
0
644
917
688
952
929
884
530
864
576
0
779
506
571
562
706
0
738
974
669
751
907
697
617
873
0
935
850
692
0
602
593
944
716
703
653
645
906
672
584
673
986
0
884
967
971
695
602
773
643
871
546
822
517
952
0
0
650
843
589
875
763
970
0
857
791
579
619
531
936
955
811
567
855
710
0
0
962
850
555
537
519
940
799
0
997
536
588
839
748
943
705
832
870
934
611
0
0
889
627
960
559
595
800
517
0
0
976
584
533
660
538
559
613
989
991
894
596
849
558
957
968
0
820
956
872
0
835
904
805
919
786
514
897
685
719
817
506
0
697
951
997
833
675
583
624
550
926
886
856
531
806
0
518
0
550
763
866
919
873
681
904
573
731
530
701
689
571
942
726
741
506
619
715
0
0
0
705
877
506
692
913
839
679
688
807
878
963
978
548
572
650
762
723
0
544
992
0
0
902
740
979
519
971
558
550
0
555
691
749
563
693
547
998
755
850
669
591
517
0
629
816
526
671
506
0
942
800
904
783
928
551
947
558
0
0
577
981
944
521
642
801
631
0
916
781
892
770
746
536
720
0
546
816
802
620
661
922
740
990
888
721
760
760
836
588
532
975
863
692
952
541
946
0
676
962
705
0
624
526
944
790
575
700
984
636
0
527
0
707
795
793
987
830
894
771
608
0
0
610
649
0
705
560
779
947
690
806
0
503
893
932
927
758
633
507
586
0
0
989
0
778
540
0
817
920
810
875
799
735
526
946
764
0
954
0
716
604
877
709
0
726
560
783
534
975
536
903
939
947
832
851
621
944
709
910
992
666
0
0
638
0
981
540
804
535
520
0
662
973
632
597
543
971
754
850
877
624
0
911
741
627
823
866
0
636
717
937
535
502
830
834
904
522
864
870
0
707
800
534
839
718
537
575
662
0
673
694
580
892
854
693
785
705
810
871
635
657
527
742
0
755
976
894
572
616
899
826
627
0
963
976
0
521
0
856
537
575
734
650
546
914
0
584
792
846
697
611
631
767
732
911
926
653
619
569
609
500
0
0
0
962
0
658
0
656
772
911
675
874
500
783
904
969
869
555
506
526
911
0
640
856
576
616
975
986
952
0
606
947
967
765
888
583
0
864
879
0
525
981
959
558
515
773
941
973
927
0
0
720
964
633
585
797
640
877
703
990
991
517
565
873
561
651
682
762
558
0
926
908
822
615
976
574
531
941
661
665
599
939
891
0
873
0
680
802
814
510
0
803
971
521
527
694
849
951
808
749
830
0
768
896
687
866
511
527
616
717
779
859
825
955
918
550
853
537
692
944
741
640
0
772
877
735
753
872
585
988
0
721
997
909
653
887
649
995
0
539
811
519
0
692
0
595
550
670
580
517
809
802
619
616
649
746
691
941
891
0
776
757
947
865
588
734
553
626
991
910
909
0
644
684
927
732
886
847
919
0
840
673
708
702
877
876
0
936
946
617
913
0
888
850
551
0
568
650
658
695
778
566
598
553
564
803
0
698
0
828
519
798
754
583
0
0
0
519
913
790
627
856
772
0
0
959
0
595
617
999
718
582
926
593
601
609
0
773
998
614
945
546
0
811
650
891
533
927
863
857
809
633
987
917
551
0
903
518
913
911
614
998
697
0
923
614
778
631
625
742
723
725
682
0
500
585
884
548
752
634
891
947
988
919
627
829
995
940
829
558
664
0
824
856
614
732
0
960
558
522
551
0
691
776
884
793
559
576
781
594
0
0
570
567
699
896
663
940
839
575
823
576
877
0
0
0
892
784
646
540
673
527
533
539
933
769
591
820
965
730
685
0
757
967
622
640
844
634
950
509
581
922
926
596
937
725
0
787
927
845
534
643
557
735
626
570
698
619
858
922
751
0
767
699
635
588
0
692
881
0
611
716
980
0
592
629
0
0
547
549
0
838
708
640
798
725
544
900
589
557
774
541
549
0
995
945
632
710
0
519
902
661
832
832
891
574
0
799
679
700
866
616
735
959
0
0
0
897
0
700
664
802
999
546
826
837
0
713
587
684
572
500
812
559
850
942
686
852
605
673
624
650
0
928
581
787
593
888
745
601
985
880
717
875
617
684
626
958
961
606
0
956
550
0
550
779
719
926
965
770
776
903
923
533
0
836
725
908
503
981
537
884
651
623
0
703
746
0
722
797
742
0
0
639
773
774
960
650
0
788
0
575
505
962
0
777
594
0
688
984
0
975
753
0
892
0
0
836
0
721
819
850
0
834
733
734
675
891
0
0
672
594
774
819
521
501
601
0
0
638
823
0
0
689
538
647
506
673
802
784
879
882
713
517
590
874
708
561
674
807
865
708
861
559
557
519
788
899
863
922
0
826
958
836
917
925
567
808
957
874
733
572
940
980
0
802
776
0
737
814
0
574
947
915
0
954
979
773
653
627
747
599
759
730
618
611
806
997
807
636
636
986
872
595
784
897
836
0
866
0
608
604
822
777
507
503
595
729
912
579
859
627
0
594
827
828
969
807
595
836
683
993
645
797
754
965
755
500
908
970
529
722
711
702
551
823
921
984
622
887
597
666
763
973
656
922
0
540
544
635
799
573
829
846
595
613
824
815
587
651
645
772
905
0
0
727
928
977
522
914
542
923
634
838
848
604
841
634
987
892
565
922
628
503
953
918
537
536
878
0
717
952
585
617
646
0
0
866
0
650
978
738
582
890
787
623
819
696
982
609
803
900
886
0
0
711
654
0
0
906
856
744
870
922
0
770
998
693
820
0
880
741
531
520
991
526
0
757
926
732
0
719
885
863
729
805
0
956
720
516
0
799
0
0
842
573
778
714
885
866
748
746
978
566
597
705
699
0
772
0
823
589
992
941
680
532
705
685
874
577
569
0
882
518
665
803
760
588
963
527
937
0
988
999
540
700
721
0
650
0
808
822
568
563
927
597
988
658
0
0
871
690
764
948
862
926
724
893
873
844
559
824
908
894
722
609
674
974
780
680
570
708
709
751
716
685
991
794
567
0
705
822
544
709
833
0
594
552
943
886
932
645
0
877
643
869
682
960
930
581
687
959
836
550
0
597
832
558
517
964
543
0
546
793
664
0
659
547
968
967
821
967
518
594
664
930
957
839
978
0
535
606
0
718
673
664
819
608
978
808
0
819
540
591
941
635
821
688
766
653
743
523
946
894
806
880
758
971
580
632
0
0
930
559
594
592
724
958
936
735
859
786
0
676
920
691
635
0
755
645
0
693
649
678
623
520
759
712
705
819
948
613
739
867
855
612
597
954
555
964
940
627
754
0
742
587
0
748
0
651
610
598
546
573
673
600
904
564
592
669
998
759
795
579
729
725
597
748
548
707
502
947
721
582
527
802
850
604
738
822
819
0
686
535
817
580
604
0
760
660
616
722
777
0
775
689
706
770
609
0
708
684
519
799
852
521
0
869
738
967
822
861
799
0
781
734
696
521
659
740
781
779
0
827
655
0
0
739
702
0
595
855
869
631
755
990
961
0
537
752
643
504
889
686
532
591
939
791
914
728
651
693
824
786
0
505
612
583
729
0
0
652
796
694
778
0
753
943
572
795
830
967
997
926
533
999
0
822
582
568
540
686
0
971
983
646
795
909
904
0
784
603
564
574
978
707
591
896
0
600
909
578
531
999
888
999
603
661
624
980
744
979
654
635
683
633
837
724
0
0
567
957
0
581
538
801
675
562
910
0
984
870
553
875
768
895
568
940
966
792
820
0
940
618
0
596
996
842
0
938
845
518
0
887
911
941
817
753
603
744
898
918
636
765
0
976
706
705
650
793
834
765
909
593
539
546
834
777
890
563
591
535
971
0
650
882
772
602
0
0
569
0
589
539
598
732
968
960
518
586
656
687
805
530
755
944
909
934
532
570
667
630
757
935
544
986
971
757
964
923
616
673
543
705
527
578
784
0
527
759
806
599
883
857
707
882
915
881
681
680
551
751
538
719
834
0
808
914
513
687
802
880
939
962
547
858
646
525
510
553
528
505
805
627
0
662
894
832
762
987
904
888
653
601
933
826
733
507
787
927
941
817
983
650
0
658
829
963
587
729
741
662
768
571
679
785
905
692
642
638
638
823
748
691
504
901
808
503
805
0
891
756
661
869
0
753
558
798
610
888
587
571
682
633
755
669
549
980
935
856
602
0
767
825
539
950
640
979
0
842
846
657
683
592
979
833
832
700
665
532
908
751
852
793
616
0
0
860
614
640
525
811
995
700
973
0
0
870
723
830
522
583
887
609
769
837
734
503
623
597
635
580
646
882
658
0
932
523
505
0
507
0
796
646
716
827
870
725
791
923
548
537
0
963
908
535
689
563
563
788
775
839
0
541
657
0
602
0
538
988
836
0
820
758
712
831
735
715
650
0
877
791
879
728
728
894
740
0
888
764
844
550
685
814
932
887
775
581
929
917
717
978
579
783
946
0
692
922
699
939
520
680
566
645
882
867
994
934
0
894
864
0
649
0
591
0
675
595
819
988
821
604
795
772
829
932
0
926
742
701
672
995
786
655
740
882
808
519
548
921
817
852
733
771
504
0
948
683
682
851
982
900
831
756
685
683
648
0
0
951
804
782
887
899
971
863
588
0
790
932
595
518
952
0
834
716
0
0
617
600
927
926
993
930
987
859
722
623
610
0
849
714
799
973
791
0
573
707
714
659
0
988
624
996
0
874
842
611
544
771
870
864
995
773
820
713
891
729
696
658
688
0
909
602
963
523
926
0
763
671
604
619
874
631
0
801
780
657
544
537
0
0
894
714
866
792
558
664
583
567
601
547
800
852
946
796
721
611
541
979
707
540
746
817
895
771
0
889
719
0
839
731
590
673
537
986
565
624
607
769
0
973
612
837
525
691
876
0
551
653
0
710
890
877
839
682
0
614
624
0
981
913
637
726
668
623
0
0
992
608
0
879
0
998
965
587
0
912
982
0
766
760
904
0
587
505
742
763
0
979
605
0
624
504
902
509
790
905
597
550
0
986
791
669
0
937
787
581
676
703
938
0
851
658
787
0
616
704
808
769
810
715
759
646
0
990
892
698
530
709
936
995
927
814
638
0
702
690
0
998
688
528
928
598
0
639
0
771
625
0
0
837
0
872
593
661
698
625
864
864
742
0
970
901
672
505
978
0
0
0
707
0
539
614
730
684
0
579
609
0
653
660
0
0
729
0
701
671
979
0
573
573
526
0
0
811
670
888
676
831
785
0
996
900
908
957
904
738
0
994
552
713
526
544
702
0
687
625
609
817
602
988
552
801
0
918
757
565
797
651
992
682
516
841
837
603
912
673
0
788
568
656
796
717
721
622
891
939
646
707
771
549
557
623
509
0
0
542
559
971
592
630
905
551
981
0
971
889
0
0
800
525
811
945
685
572
672
859
803
871
743
616
784
569
741
507
672
604
605
573
0
938
984
931
577
0
906
651
925
749
789
744
806
837
791
976
791
866
962
676
785
674
700
747
877
510
554
910
722
586
984
953
0
966
0
733
0
801
686
968
753
916
514
635
793
0
937
995
860
0
905
879
546
0
861
656
0
704
518
508
593
591
534
564
561
508
776
962
647
695
965
0
659
765
609
523
626
627
902
610
534
981
519
546
0
500
594
627
900
690
523
722
603
0
662
0
995
619
0
573
938
0
559
686
0
0
889
613
517
936
0
600
880
627
693
793
952
832
712
561
634
984
643
580
841
944
552
0
691
597
761
0
507
690
802
0
706
0
917
0
0
727
905
0
0
917
783
921
852
0
983
593
0
608
516
575
733
604
0
629
537
885
508
896
747
951
829
653
0
590
948
683
802
641
923
849
0
960
740
649
839
959
0
0
757
812
774
0
886
764
946
777
564
589
768
796
786
874
624
526
984
559
0
900
896
745
0
889
0
532
0
0
885
867
713
841
607
0
631
809
623
890
918
965
607
854
810
956
665
934
702
919
722
682
657
718
646
0
607
787
715
708
0
775
589
850
560
841
636
543
974
841
730
780
626
0
763
551
707
615
877
969
0
909
983
514
646
520
747
886
881
679
925
602
529
907
644
559
979
0
718
558
692
811
967
559
819
594
0
948
894
0
574
539
571
646
655
631
504
0
931
686
900
0
686
0
510
618
0
750
564
0
802
690
966
945
683
879
0
592
711
0
0
875
888
675
867
968
723
535
681
756
690
975
972
907
0
531
671
942
912
733
664
565
525
0
861
517
543
861
568
536
711
617
623
0
597
0
0
940
513
900
994
830
695
643
695
0
704
532
721
544
780
654
594
790
917
595
519
705
537
515
0
650
622
850
521
827
0
862
806
775
978
598
679
716
740
0
902
0
577
0
896
686
0
653
0
0
906
0
556
0
630
924
803
663
517
0
659
0
890
811
600
856
983
878
666
559
742
0
663
759
750
928
839
618
686
772
702
544
732
659
0
0
708
925
0
980
898
712
680
690
0
649
740
715
956
514
965
621
0
693
862
0
764
607
0
598
869
644
569
693
760
812
632
926
688
800
971
560
575
773
595
891
640
942
501
828
711
926
880
689
707
732
785
827
882
801
509
811
0
0
745
0
653
0
932
0
621
679
739
512
744
956
822
997
0
585
961
588
572
678
550
560
625
881
0
0
0
869
725
507
853
0
746
750
746
558
953
856
0
808
633
759
969
0
774
501
0
715
580
928
979
723
512
684
732
812
0
0
505
758
0
0
530
663
935
721
874
690
639
982
0
692
0
0
952
517
558
779
662
941
550
533
844
686
601
969
654
724
758
706
591
968
905
870
808
780
790
670
906
889
0
510
0
932
0
770
572
586
681
818
925
591
712
703
0
925
780
876
990
0
0
786
842
0
917
874
528
852
0
538
500
725
966
846
886
559
900
0
0
0
629
620
0
0
727
836
918
773
754
704
810
687
649
644
0
715
760
659
605
951
645
931
770
901
577
634
527
617
520
715
785
547
568
771
929
0
550
947
0
973
670
927
634
852
0
807
0
893
971
770
896
960
692
725
519
657
905
888
651
613
889
618
0
0
770
0
647
633
570
925
0
546
688
0
504
975
0
0
635
947
649
569
959
535
508
610
0
543
990
816
803
995
988
691
817
531
0
975
955
796
805
596
934
987
971
507
928
922
802
937
0
538
832
686
0
769
771
514
780
550
746
525
679
0
993
931
572
853
886
817
542
640
755
844
884
0
0
690
673
927
580
863
950
605
0
595
0
873
580
609
0
518
642
791
548
544
597
676
925
517
0
0
906
621
572
647
0
674
0
569
616
970
800
628
789
936
879
947
0
585
881
941
880
801
672
607
0
997
570
751
0
731
984
932
0
0
933
539
623
599
911
868
806
900
938
0
515
593
0
527
554
510
684
849
0
0
525
774
565
693
838
952
643
693
688
549
708
974
0
715
843
994
758
633
530
976
555
806
694
0
517
857
509
673
638
836
906
844
632
0
600
586
638
923
921
537
550
831
749
936
532
750
0
679
586
633
674
0
744
683
964
572
828
799
654
692
616
948
650
908
984
693
907
847
0
544
801
828
802
655
706
910
864
693
554
849
765
770
534
567
0
565
808
720
852
757
973
905
714
506
544
812
689
519
807
563
0
868
746
803
887
545
872
0
916
952
946
686
0
752
0
667
849
790
864
584
691
0
580
0
809
809
581
624
823
683
856
559
0
708
909
656
638
548
817
0
0
785
789
0
0
564
556
739
681
570
0
744
0
791
934
672
669
0
788
970
640
971
963
865
603
699
640
879
634
536
655
623
995
970
832
0
797
0
0
558
733
645
627
728
702
868
794
691
618
859
574
710
534
999
950
863
677
935
0
954
885
851
558
722
0
856
968
666
908
628
554
824
829
736
694
0
0
608
576
533
749
503
892
720
802
633
922
650
0
993
744
824
0
684
578
687
823
537
852
0
986
0
744
600
0
0
0
512
818
925
569
683
791
0
703
949
883
873
971
610
617
765
883
943
660
661
695
559
812
538
0
970
800
942
847
0
748
0
530
604
917
885
0
863
580
892
960
921
548
704
852
906
774
863
501
760
752
909
0
902
543
0
976
0
536
0
934
720
945
578
607
513
718
925
837
529
703
595
0
660
563
893
854
964
619
987
926
0
0
645
870
908
930
519
531
805
748
0
733
894
791
996
806
880
885
802
630
744
925
0
616
964
934
703
0
711
668
952
556
653
906
856
613
971
881
606
665
975
716
610
665
997
550
625
670
609
571
0
980
679
655
959
614
863
663
508
582
707
970
612
857
573
0
896
591
885
889
874
564
906
524
832
845
722
701
842
767
736
938
607
876
842
583
736
0
711
668
0
779
538
693
932
693
633
616
917
596
928
689
797
922
894
559
799
999
530
691
963
771
714
669
900
837
627
867
690
924
956
591
546
970
572
672
949
711
0
597
886
707
745
865
789
560
612
929
799
0
961
608
994
920
987
756
751
937
534
775
861
989
734
734
867
958
899
972
719
0
737
0
540
0
778
925
566
709
528
0
0
750
841
811
958
658
596
874
841
840
0
673
748
786
604
633
563
0
865
710
764
506
559
547
927
785
585
649
551
937
581
538
754
0
722
594
852
888
755
504
908
504
866
0
908
791
693
713
966
803
822
712
688
800
828
669
883
668
597
0
838
0
740
0
799
813
839
850
0
545
881
928
832
663
827
689
781
0
975
974
848
872
557
520
695
766
639
922
0
814
719
833
747
741
941
720
543
765
575
953
519
779
804
954
696
814
510
0
0
681
0
766
858
915
961
908
0
556
507
0
934
571
613
998
758
705
797
746
0
725
787
647
965
770
609
592
521
999
944
901
535
0
792
937
957
976
793
841
945
663
997
703
0
628
799
0
873
952
886
838
0
577
862
756
889
765
608
0
653
897
772
527
857
915
794
949
782
878
654
536
895
885
799
993
535
577
915
925
929
575
510
994
542
781
674
593
546
746
603
900
758
724
904
638
0
905
0
718
542
927
630
908
847
675
512
616
579
913
920
694
0
562
989
755
633
810
640
691
903
0
593
506
755
998
674
724
0
603
909
808
689
948
558
787
904
791
952
607
683
517
0
0
504
789
654
788
971
556
707
0
577
0
0
848
864
686
720
520
530
746
662
0
686
623
739
744
799
671
0
782
0
841
879
906
812
0
665
0
847
612
615
679
910
755
591
0
0
561
983
637
0
905
538
504
0
0
627
547
918
760
583
0
0
526
711
602
988
822
0
820
917
706
991
850
507
871
877
941
518
787
888
673
500
693
974
958
869
661
934
503
563
683
664
581
738
866
832
0
879
0
585
925
975
936
692
970
610
653
745
740
862
0
0
972
546
970
851
779
702
606
903
0
571
0
671
775
860
918
554
812
882
977
884
733
856
637
685
827
0
668
674
613
602
643
764
590
813
526
581
589
853
766
934
0
751
0
576
0
823
642
907
691
849
0
544
973
0
0
678
576
623
0
894
669
586
635
703
891
913
927
745
802
908
820
780
936
738
624
532
805
563
682
583
676
0
962
712
631
0
659
961
780
0
879
616
640
617
906
865
0
756
848
972
0
982
0
872
0
616
684
735
722
516
0
714
860
700
693
0
773
826
645
987
942
765
964
660
984
997
952
952
873
940
650
0
0
797
597
625
529
568
969
790
582
623
626
0
740
770
527
667
979
825
0
816
546
891
987
793
772
676
738
596
591
0
657
990
0
911
845
601
784
970
0
680
735
967
980
570
0
788
851
567
703
994
676
561
809
592
0
588
876
0
947
948
971
765
856
789
799
889
864
546
982
0
807
839
598
755
921
736
594
522
800
752
0
778
0
983
707
800
720
969
658
541
518
732
938
585
604
997
502
611
742
795
728
0
766
0
537
858
924
905
965
762
744
912
618
996
718
642
893
0
806
820
635
757
714
775
716
892
974
849
517
0
527
991
776
614
534
985
879
529
880
570
859
822
744
667
891
775
982
601
938
552
785
634
623
711
890
572
990
635
0
650
963
883
613
560
813
765
686
970
0
807
0
602
560
820
623
889
589
665
726
612
0
992
787
759
573
894
597
739
736
0
810
925
505
522
854
0
828
664
981
547
797
798
0
882
511
958
747
860
821
580
0
644
781
922
914
922
0
0
758
657
537
764
508
699
568
0
669
558
0
989
742
517
757
998
643
880
882
722
741
708
786
861
979
630
756
839
900
547
0
713
674
984
890
0
811
678
0
947
585
908
865
943
971
612
839
608
720
851
872
839
602
0
0
0
505
518
762
922
893
689
639
862
803
586
0
578
892
557
557
950
671
995
533
859
998
844
523
665
666
648
0
796
969
866
961
0
757
659
718
508
547
975
530
975
0
561
997
974
923
0
916
0
843
839
667
617
751
957
629
0
0
565
947
697
557
717
713
711
531
709
0
799
654
757
661
0
831
800
851
526
700
643
918
0
600
550
0
649
881
984
603
660
881
929
850
0
520
779
0
598
560
0
0
777
670
576
833
870
804
932
0
559
860
832
993
599
534
630
984
0
774
622
511
939
534
709
606
816
879
800
559
692
791
992
682
0
849
513
0
532
817
606
971
910
0
556
910
947
725
711
0
543
869
619
566
720
907
968
816
778
755
873
865
0
735
875
517
702
520
751
676
0
635
935
869
541
756
852
658
544
747
580
965
875
856
560
786
569
941
693
699
661
606
799
0
653
530
702
616
755
820
0
777
0
736
974
644
578
887
572
995
894
633
623
589
889
598
521
557
724
790
544
599
945
590
953
0
0
0
0
659
762
993
740
615
0
0
0
873
0
604
682
558
932
681
0
512
721
989
774
587
0
806
817
906
762
697
0
526
540
976
561
588
923
626
617
590
551
991
716
920
781
683
544
0
657
685
946
787
702
877
841
607
888
983
625
842
959
880
907
640
695
665
0
545
897
746
606
684
921
623
505
670
736
0
567
838
646
0
666
563
734
0
833
794
976
589
976
711
872
0
586
584
537
638
830
554
560
572
518
565
771
882
0
856
808
861
844
509
881
777
811
969
0
821
743
0
0
773
977
719
857
614
804
0
941
617
820
671
0
894
651
734
614
570
684
874
823
526
685
691
734
633
986
753
0
683
796
0
0
510
944
854
675
878
881
0
535
801
847
879
559
975
961
881
772
662
903
735
736
889
518
576
974
567
0
962
535
646
527
724
685
705
0
705
920
782
717
853
868
587
716
907
866
554
647
994
773
734
0
0
514
0
815
737
925
0
933
0
904
590
737
0
586
538
715
839
613
736
573
625
635
908
814
0
790
873
956
506
817
572
682
553
778
698
626
708
921
0
991
635
696
837
971
558
602
648
721
616
687
554
552
810
867
666
0
917
508
672
0
634
812
716
608
928
527
0
0
722
594
589
762
833
644
838
962
0
875
594
0
0
803
986
885
0
0
846
871
547
742
627
0
791
953
923
809
864
921
0
836
744
0
877
773
586
0
817
898
787
0
588
505
664
629
869
0
572
763
731
813
0
948
807
568
955
624
0
872
0
920
616
762
626
631
619
958
561
984
757
794
0
521
724
757
798
0
0
611
704
625
910
0
956
968
559
0
874
610
607
544
536
538
610
994
832
857
686
571
516
522
665
922
870
578
646
535
875
0
516
547
888
622
987
909
524
572
0
762
603
932
565
900
716
603
925
571
630
920
536
697
812
659
980
842
820
589
922
505
824
0
817
792
609
584
500
829
898
632
778
857
769
924
853
988
0
0
935
0
942
810
899
558
991
625
858
961
674
622
926
567
755
659
0
964
610
538
0
541
808
609
722
691
665
723
742
0
528
0
0
801
655
0
665
920
663
915
623
0
0
800
726
893
804
887
0
646
594
516
0
914
691
921
0
780
685
503
660
0
815
0
622
0
878
732
754
0
718
567
971
0
899
0
621
571
0
734
760
986
0
556
777
663
906
0
539
594
936
964
668
954
954
738
0
575
821
775
850
835
800
875
826
0
910
742
922
606
807
887
732
0
645
740
0
923
888
988
951
979
769
817
586
597
934
535
0
869
852
543
997
828
623
970
997
987
827
794
739
671
714
752
612
689
932
572
666
527
0
547
914
0
576
807
649
519
635
793
650
634
510
783
0
939
636
822
686
741
865
817
701
615
0
893
845
892
963
910
0
642
763
0
0
942
571
741
0
653
629
555
694
999
660
939
593
739
532
0
692
904
904
799
627
926
909
723
751
0
865
597
0
705
0
781
567
616
587
836
804
707
810
602
984
761
702
681
663
725
0
990
570
802
995
800
550
756
689
949
744
775
860
0
0
639
0
995
563
724
0
888
691
576
0
612
0
941
825
605
0
958
776
787
565
973
981
578
0
761
659
763
612
936
0
0
974
779
768
804
716
513
592
903
650
957
518
863
547
504
0
513
0
738
711
609
884
956
0
0
0
805
783
735
0
908
0
725
0
956
708
666
719
822
693
779
957
673
571
0
782
540
715
988
953
0
919
756
759
507
538
816
751
655
970
942
625
751
781
782
799
860
700
778
992
862
559
894
734
685
803
622
921
807
612
0
894
853
663
677
989
770
930
933
519
711
709
962
513
0
500
887
980
714
0
682
986
734
588
789
810
670
855
528
781
803
932
874
948
937
895
960
602
988
679
0
944
548
778
0
602
919
928
526
963
822
644
682
767
550
861
763
885
544
649
0
0
543
682
820
887
746
759
552
0
507
722
690
750
853
500
803
0
706
832
847
670
937
0
878
671
918
693
0
787
803
860
633
0
705
986
987
0
649
0
894
0
606
668
632
936
960
555
756
835
507
894
743
797
721
874
672
689
626
924
825
0
0
0
938
933
986
748
952
709
559
595
544
938
823
0
701
779
617
0
928
639
0
848
697
593
786
551
946
976
615
684
0
699
0
559
973
863
709
678
827
581
705
633
758
899
817
646
801
966
690
682
975
928
0
725
995
731
910
0
0
609
534
975
654
0
554
0
983
759
586
832
623
833
0
885
909
780
519
941
853
606
0
582
591
571
501
828
565
830
579
533
617
596
0
959
984
0
845
904
914
0
988
954
743
957
609
545
550
625
682
612
878
804
0
550
525
674
905
979
577
989
612
965
703
944
514
947
764
0
976
927
500
635
550
557
656
729
833
623
655
538
527
755
712
971
895
0
0
0
802
657
972
839
746
966
988
984
864
797
748
571
775
974
536
782
812
773
707
573
0
993
589
794
705
0
524
685
635
825
663
668
582
0
700
0
666
803
568
833
880
657
958
739
732
711
561
0
754
668
608
542
948
686
577
919
946
701
944
0
739
723
590
726
828
903
885
642
921
971
750
881
899
521
988
716
897
558
0
521
574
732
585
588
779
519
922
805
0
520
0
801
578
669
831
863
771
990
918
733
0
718
907
618
750
846
691
932
693
0
0
0
861
848
895
0
882
826
800
894
578
599
889
976
920
0
572
503
793
605
677
632
591
700
0
747
775
977
0
709
792
944
537
900
759
861
0
609
0
552
759
761
825
0
766
0
976
958
585
527
731
600
0
987
615
0
606
547
600
569
993
501
553
0
0
703
685
0
954
0
531
886
884
0
719
788
0
0
594
759
0
675
784
549
735
588
0
892
757
0
706
646
0
686
746
886
817
0
554
0
530
980
989
872
885
841
977
645
720
597
892
534
598
589
782
846
0
660
650
0
989
936
571
0
747
0
769
776
917
838
514
525
516
0
592
709
920
740
0
0
553
0
708
603
0
845
590
915
976
0
503
648
663
836
873
0
928
525
793
674
975
772
666
537
895
653
719
0
0
856
941
847
548
692
926
899
540
956
552
712
739
562
0
980
715
0
889
698
565
801
0
0
531
772
558
559
531
0
849
558
604
679
734
557
799
879
884
987
969
739
557
630
521
976
717
871
762
0
634
958
770
960
501
666
775
769
0
855
908
722
929
717
587
622
0
769
0
716
750
561
830
0
974
995
909
0
814
912
881
739
891
557
580
973
608
645
937
731
0
0
657
821
980
834
556
645
817
577
716
537
661
919
752
881
965
863
544
720
943
705
702
910
527
935
650
790
719
530
797
686
917
607
671
702
953
900
0
933
765
733
917
655
734
520
993
906
733
942
658
736
557
984
557
711
853
547
603
815
510
776
930
555
828
803
977
776
855
0
0
762
952
731
766
833
988
882
676
638
617
918
702
839
653
769
614
949
846
968
0
0
547
613
626
875
891
0
848
607
555
0
824
911
947
686
831
906
506
981
604
575
665
0
634
0
770
922
635
516
886
819
0
0
759
856
0
932
0
709
651
968
0
787
942
544
856
0
975
539
770
645
885
959
867
695
535
812
856
765
541
0
950
0
724
872
868
742
932
0
783
787
933
756
565
568
0
917
908
0
0
665
936
901
567
0
781
522
791
0
710
0
0
876
649
0
955
836
0
616
947
500
649
598
612
0
714
621
633
717
618
539
845
880
786
0
550
672
0
944
877
734
599
840
891
611
776
0
799
0
932
948
595
984
806
602
877
595
839
936
992
753
0
715
912
732
0
0
955
623
534
627
0
614
958
766
577
0
637
964
518
810
671
774
790
0
587
627
565
622
0
565
519
835
830
833
709
838
722
762
665
0
985
975
660
922
753
692
778
555
557
530
797
986
0
0
710
736
557
651
943
811
577
852
0
933
543
749
506
694
767
873
825
505
907
646
528
584
697
521
709
650
939
673
947
716
903
826
573
799
645
613
855
870
599
0
791
518
731
995
682
916
727
708
733
659
808
0
796
599
567
728
863
863
899
639
915
665
685
660
732
925
995
622
544
586
716
0
900
0
939
973
711
507
579
880
792
514
929
952
936
985
0
552
701
882
968
671
0
832
532
0
868
0
633
550
905
650
693
870
938
577
709
553
565
714
524
0
753
613
519
718
831
681
503
661
747
673
951
642
0
546
891
708
988
980
923
958
829
0
0
739
869
553
883
767
879
952
590
927
516
514
905
0
664
0
633
629
805
911
0
702
580
663
972
922
925
0
827
984
938
505
533
511
599
584
907
791
716
878
636
981
709
894
533
657
944
525
717
731
901
975
552
0
532
867
966
795
795
0
854
0
971
800
887
0
0
772
737
587
739
909
860
0
772
974
0
877
821
731
613
0
584
835
902
524
726
986
997
801
726
914
0
702
919
0
533
836
846
0
877
867
631
875
857
825
728
0
673
814
841
635
0
775
565
0
759
620
596
868
565
868
892
508
719
0
929
847
0
997
585
522
859
939
945
537
866
953
603
732
822
578
962
743
617
958
537
516
587
766
567
660
701
532
0
878
689
919
764
0
0
927
645
878
613
608
776
960
664
0
852
665
502
799
508
662
716
959
944
583
0
617
507
676
893
0
950
0
833
631
560
0
873
877
627
592
0
917
595
842
643
855
755
768
707
539
728
834
537
638
837
793
0
589
525
708
969
0
934
806
808
794
960
582
0
814
575
612
668
952
604
854
998
534
590
638
554
923
925
754
686
0
513
797
596
739
900
0
622
833
0
922
882
867
878
0
649
638
983
0
0
0
772
553
557
819
803
0
536
703
0
843
0
935
538
996
886
906
983
848
606
994
723
522
775
968
974
884
675
0
783
584
0
876
829
629
836
925
613
573
869
612
990
895
882
950
894
716
986
0
603
0
917
850
0
925
0
0
987
900
720
691
921
707
737
719
510
615
674
952
997
0
844
709
953
830
647
809
571
0
741
761
0
721
0
732
759
592
0
988
781
753
968
966
689
649
0
587
578
934
564
720
609
908
609
859
743
707
871
960
971
742
669
964
889
688
532
898
835
923
702
667
0
964
797
619
901
967
583
916
534
792
680
0
995
0
725
567
824
778
682
597
961
568
915
640
740
0
565
702
912
937
783
560
861
0
774
727
971
938
852
618
548
970
0
833
994
679
613
873
502
828
523
606
0
554
994
864
630
718
865
659
500
874
959
711
861
709
769
882
522
692
671
795
919
638
587
0
872
0
594
960
716
555
576
766
948
0
787
588
0
798
628
0
696
758
0
924
883
0
662
630
566
644
654
886
861
971
624
781
975
846
802
936
940
0
908
808
815
714
960
954
0
940
881
979
0
0
624
690
673
995
921
841
517
980
501
836
507
0
757
859
704
612
540
747
542
910
602
940
611
664
665
816
0
560
773
921
920
567
817
763
887
672
984
561
0
920
0
676
791
778
0
795
764
983
578
872
0
544
614
0
676
585
745
723
848
799
935
718
517
584
808
967
785
890
877
799
573
740
975
676
0
721
628
528
608
695
550
892
536
697
814
946
829
547
503
957
587
885
930
555
537
966
681
0
888
617
607
0
0
860
852
636
543
898
0
918
928
515
973
574
852
857
0
741
781
755
643
650
742
981
666
879
0
572
734
0
536
971
701
612
980
689
0
0
609
740
716
638
0
555
832
0
0
0
934
0
544
0
869
0
998
542
0
651
810
955
924
985
0
871
879
944
507
0
530
784
807
688
732
884
515
768
814
931
796
602
926
770
903
611
510
617
558
549
981
874
651
866
581
964
752
792
680
842
764
600
769
998
788
0
0
543
861
712
715
773
922
593
905
710
906
573
778
941
674
591
764
0
795
547
648
800
0
518
0
836
697
0
615
936
714
626
845
754
0
0
750
617
710
557
532
854
0
0
564
594
614
869
0
831
917
661
638
932
895
841
649
665
960
596
790
0
656
665
994
747
531
864
677
565
509
686
870
661
534
773
886
746
939
631
0
913
664
0
537
733
645
748
687
940
643
820
551
846
844
927
0
688
568
905
983
974
568
680
580
754
802
0
714
534
774
0
925
720
593
0
590
0
728
797
0
559
659
565
0
744
812
899
0
0
0
924
904
668
552
0
561
918
0
530
0
0
927
0
720
960
0
0
831
0
597
635
905
973
692
965
0
0
551
568
771
667
877
0
808
934
719
652
968
0
0
633
571
0
563
643
856
536
947
767
803
0
0
838
884
572
772
746
959
627
504
0
751
657
550
926
973
528
656
879
593
841
536
690
928
704
937
527
506
999
863
896
566
543
546
0
813
797
0
798
796
692
762
771
514
0
659
0
893
0
682
825
914
608
759
553
830
702
0
797
868
971
645
772
609
716
676
998
917
597
0
734
597
640
0
562
837
0
762
0
666
642
0
842
977
752
752
647
618
610
512
780
509
877
643
871
531
720
832
732
971
888
824
708
651
940
905
978
836
754
889
940
538
683
685
993
612
928
796
546
0
730
711
0
979
810
0
554
544
950
501
591
709
765
746
561
526
597
766
0
969
791
993
882
0
877
980
621
845
974
986
0
0
542
761
0
0
839
876
986
0
800
878
553
908
555
585
542
661
635
734
0
622
772
733
563
0
991
813
934
863
0
847
701
628
0
765
0
757
534
978
0
618
995
532
546
806
0
851
911
521
850
856
640
623
980
0
566
550
0
686
618
719
592
814
930
837
598
717
0
608
780
617
649
723
687
538
510
812
863
760
885
528
575
603
983
581
625
0
882
866
992
740
0
815
773
842
571
892
779
734
0
988
948
825
708
974
653
649
0
633
887
613
557
609
576
745
0
638
905
597
622
0
944
569
560
859
533
810
791
587
523
590
580
575
0
888
982
936
667
0
650
640
885
683
822
0
546
621
926
527
551
614
798
0
0
0
597
0
742
532
0
834
979
932
987
525
0
721
861
516
626
623
740
512
649
832
684
689
677
752
889
0
953
900
637
589
529
537
511
961
682
615
856
737
586
820
0
963
768
588
0
954
686
0
603
995
769
0
0
550
0
608
819
859
766
723
651
932
973
640
772
944
0
0
870
0
612
0
537
868
679
714
0
535
729
693
747
526
965
0
960
688
529
906
517
518
816
944
653
694
0
732
725
703
802
727
705
597
587
591
596
0
833
887
859
691
639
622
656
575
0
0
715
684
644
686
849
519
935
909
874
0
519
758
0
853
568
858
958
0
0
0
808
925
0
589
734
910
804
789
938
743
577
766
0
909
614
955
710
905
0
776
803
743
948
848
810
895
692
0
733
569
0
0
556
0
998
908
819
534
614
858
918
0
854
0
752
0
844
750
508
0
644
526
952
0
802
709
619
849
568
0
544
746
776
928
699
832
0
939
996
808
832
775
722
876
0
891
0
733
763
597
956
732
0
0
0
807
0
0
564
750
779
724
905
766
969
924
747
757
849
0
861
0
817
922
760
0
716
810
933
957
919
0
845
0
949
836
736
650
772
960
0
707
0
799
955
841
965
562
563
560
870
556
0
600
585
789
932
0
992
755
983
849
689
645
0
958
653
645
787
520
0
861
0
550
620
910
569
951
650
960
900
0
0
977
0
558
748
791
842
914
700
581
623
0
771
939
704
604
551
0
514
812
715
769
0
563
954
902
906
841
804
904
538
934
790
905
860
659
513
0
844
933
898
505
986
642
513
670
986
609
946
976
590
814
846
0
557
693
737
664
536
871
787
935
924
649
0
837
0
859
0
0
600
0
667
0
718
937
0
886
0
0
857
778
978
0
982
747
710
0
953
0
0
763
661
992
609
808
658
558
589
722
737
522
772
517
0
914
0
513
665
929
610
551
625
646
518
0
707
0
965
0
760
771
525
0
885
543
524
811
954
638
504
0
582
965
821
718
0
873
509
0
787
824
0
763
592
855
748
545
701
958
915
912
968
616
651
870
587
0
703
960
588
718
985
665
0
0
991
533
612
998
585
667
0
913
625
955
645
693
659
702
521
800
0
853
902
894
930
515
594
677
650
866
922
666
500
749
695
522
557
797
814
914
0
964
651
728
938
687
532
917
0
653
0
707
508
629
615
940
621
0
659
514
774
868
851
0
832
958
696
0
0
751
623
762
580
508
532
0
881
904
0
0
556
0
903
528
952
550
944
585
976
881
0
947
943
938
739
852
0
971
0
517
0
960
551
762
813
810
0
908
789
0
913
0
0
0
564
0
914
926
713
978
850
886
698
849
669
999
532
831
843
919
740
0
0
830
778
551
774
742
0
542
823
543
610
651
845
802
908
717
849
0
0
771
593
537
877
513
0
505
605
780
565
746
558
976
845
658
814
905
0
0
626
744
0
547
817
604
777
590
588
817
777
0
650
781
709
625
0
527
0
739
0
500
811
577
909
665
843
742
798
584
871
596
568
0
934
791
537
819
932
718
625
0
0
771
0
670
921
944
0
776
604
0
538
521
799
832
893
991
589
873
990
0
0
0
566
0
541
0
574
923
589
0
598
693
518
880
751
978
714
710
837
549
591
885
969
900
693
758
951
550
693
803
722
0
722
596
510
0
627
576
0
912
644
975
606
682
811
737
505
792
663
942
957
803
559
682
739
731
503
891
547
649
577
709
860
502
0
669
628
808
879
790
771
666
863
587
868
534
0
937
955
0
771
0
