0
852
860
890
374
939
324
527
642
427
597
885
404
972
551
643
341
316
447
714
424
216
613
152
660
957
820
950
399
538
620
861
277
772
364
817
777
927
731
805
843
509
671
491
628
166
325
449
773
261
468
581
199
706
569
279
667
677
486
691
199
873
349
319
290
786
653
549
145
526
258
816
884
808
414
352
514
950
332
928
528
1000
190
578
326
911
331
890
402
354
912
795
913
191
648
731
204
247
286
914
852
0
163
548
659
877
855
511
935
161
388
784
611
485
103
657
435
733
515
985
437
957
990
957
714
202
479
879
118
805
849
603
169
523
687
789
130
603
176
714
819
456
824
241
259
986
660
573
891
111
410
429
240
286
831
181
452
277
274
253
256
790
844
668
387
402
542
786
133
114
659
551
702
658
499
214
363
439
426
368
398
440
155
493
152
903
653
706
865
892
113
872
709
310
331
579
919
792
355
165
860
163
0
521
294
546
524
512
827
966
360
317
337
879
303
830
119
524
323
173
474
892
774
573
911
403
916
641
103
953
427
448
349
469
323
104
908
394
377
867
504
284
384
110
902
898
497
891
916
582
499
789
416
965
693
490
832
413
629
673
592
258
488
490
396
839
394
107
946
358
953
215
635
880
750
478
463
867
926
956
385
995
550
910
869
523
393
426
901
875
118
654
116
267
847
321
836
321
103
297
890
548
521
0
516
888
158
746
968
536
651
488
876
738
662
217
725
223
168
833
418
653
575
147
748
133
329
999
513
646
364
332
406
931
373
241
439
126
717
531
782
475
166
609
587
964
920
953
398
823
506
804
734
512
854
892
827
831
269
382
530
619
750
115
958
414
365
254
507
210
716
829
735
273
681
595
495
161
375
830
923
525
708
712
581
347
261
409
479
229
582
298
904
704
328
158
879
931
722
982
374
659
294
516
0
848
118
724
811
511
889
198
372
571
369
366
621
972
954
195
671
941
634
387
408
747
504
377
153
702
662
914
634
878
414
930
907
419
810
243
792
153
862
405
788
840
994
788
831
326
156
817
338
955
434
300
839
518
607
947
350
403
769
385
558
570
640
768
558
139
391
700
913
445
455
676
484
846
674
188
888
681
793
252
368
331
633
373
276
160
860
171
938
785
359
780
181
851
284
588
939
877
546
888
848
0
886
548
267
229
960
296
964
828
233
204
394
525
488
119
871
332
681
697
166
893
613
949
120
395
587
690
692
102
311
521
827
321
603
692
513
900
740
231
700
499
515
352
347
715
931
892
973
103
610
863
148
905
144
781
301
770
836
687
167
186
394
706
751
260
783
530
527
346
121
344
232
256
477
935
253
970
458
848
128
920
150
414
415
372
190
413
224
430
557
867
910
306
760
970
324
855
524
158
118
886
0
140
462
473
999
631
722
757
499
669
136
115
949
299
537
502
536
819
560
438
490
230
734
719
375
167
910
936
948
968
300
896
866
808
997
935
182
238
286
920
790
131
849
625
853
934
733
210
964
968
838
904
903
500
973
133
914
193
265
986
180
975
432
818
870
267
276
461
855
147
908
861
644
911
959
217
199
484
884
528
745
119
989
324
545
489
579
482
622
708
734
625
572
789
527
511
512
746
724
548
140
0
223
687
831
230
391
641
676
840
494
945
248
183
466
168
863
806
490
697
993
817
701
193
484
587
259
593
785
689
624
977
959
548
645
751
626
811
656
194
273
541
197
299
189
890
585
846
869
178
956
397
522
834
660
342
735
737
675
607
892
667
549
224
322
155
441
341
711
711
559
554
646
727
625
297
825
452
409
538
218
297
567
293
448
764
546
522
851
426
564
181
182
286
642
935
827
968
811
267
462
223
0
632
374
469
331
443
893
484
181
862
467
760
329
600
811
390
362
386
220
134
919
456
741
414
365
729
434
836
629
921
227
458
951
602
108
998
840
902
407
307
851
609
771
606
533
721
544
622
620
738
977
378
190
632
269
592
374
980
564
850
793
892
192
334
104
812
710
757
436
667
992
166
593
747
431
576
926
314
296
405
624
947
185
895
310
266
423
249
292
111
702
393
427
161
966
536
511
229
473
687
632
0
439
553
184
168
403
964
556
776
896
513
308
490
583
925
105
442
232
577
392
522
976
891
237
907
325
354
886
480
430
425
457
536
403
284
266
471
922
212
881
790
732
253
674
910
526
621
125
375
742
833
658
518
123
573
757
938
688
453
253
135
264
440
644
337
961
445
413
546
285
579
782
251
463
727
385
261
792
939
628
821
391
875
987
627
495
617
589
624
679
641
597
388
360
651
889
960
999
831
374
439
0
936
897
799
200
871
574
515
913
161
222
935
299
353
889
987
671
290
164
808
248
660
824
461
448
910
749
769
556
645
713
356
160
164
818
407
369
479
797
442
341
468
767
131
555
956
802
711
245
829
818
198
647
991
616
417
211
117
412
228
604
300
717
325
854
978
147
626
658
833
619
842
602
412
753
715
346
699
421
406
402
288
279
482
245
573
972
318
875
797
885
784
317
488
198
296
631
230
469
553
936
0
628
840
377
937
583
395
509
211
891
378
433
719
904
478
896
847
921
702
256
703
936
260
588
158
945
836
749
706
914
205
583
895
454
743
201
556
138
681
582
775
654
487
942
505
696
786
627
465
641
696
946
392
455
300
677
783
668
461
622
749
699
416
570
143
606
110
952
713
138
568
897
889
530
782
490
250
982
856
333
656
480
673
154
262
383
938
228
235
404
611
337
876
372
964
722
391
331
184
897
628
0
913
374
166
562
542
722
182
568
408
859
118
242
597
612
619
854
124
199
599
516
630
474
866
384
853
455
491
651
316
107
295
434
978
136
424
385
273
443
461
582
310
452
326
646
770
716
362
836
833
994
686
525
234
997
420
571
764
863
793
193
459
853
865
704
752
103
815
443
216
901
614
653
412
661
683
226
300
662
151
860
496
760
666
274
701
301
512
972
485
879
738
571
828
757
641
443
168
799
840
913
0
701
260
592
260
654
579
900
781
334
234
714
745
367
246
691
356
307
669
922
465
119
382
138
963
372
886
515
554
249
885
707
986
918
642
921
471
386
620
929
633
660
967
949
975
296
692
237
236
343
249
983
796
296
812
495
900
507
117
181
159
802
737
543
513
850
990
958
918
661
505
121
346
398
379
461
731
861
726
507
842
232
684
586
600
681
398
551
103
303
662
369
233
499
676
893
403
200
377
374
701
0
314
364
938
658
718
545
159
920
148
169
451
458
858
938
700
516
112
336
663
723
845
943
138
322
163
123
221
766
235
510
750
994
338
804
111
248
797
317
985
160
243
632
338
419
600
542
494
641
301
954
272
568
874
566
726
731
360
876
331
854
713
693
675
610
536
982
697
642
501
488
456
222
169
570
379
110
435
753
658
519
156
674
327
842
916
643
657
830
217
366
204
669
840
484
964
871
937
166
260
314
0
444
693
399
144
740
464
154
786
817
737
315
397
974
611
196
556
557
117
628
462
209
871
389
214
819
480
867
334
919
257
549
987
422
655
113
216
705
354
719
621
970
138
764
566
192
689
876
967
492
344
202
637
882
697
614
858
391
770
950
419
984
806
871
409
389
297
400
524
992
296
331
334
173
548
862
183
418
772
624
908
505
630
572
815
341
435
119
725
621
394
136
494
181
556
574
583
562
592
364
444
0
605
558
443
995
220
338
298
921
907
717
456
637
279
476
685
492
505
444
830
403
337
715
439
242
877
885
528
587
439
684
663
341
801
586
699
906
450
351
587
427
619
524
448
129
910
977
927
618
279
198
803
393
581
855
224
458
249
840
344
181
860
114
476
667
836
396
296
213
317
613
968
427
464
973
337
161
946
856
408
488
691
403
988
316
733
524
223
972
525
115
945
862
776
515
395
542
260
938
693
605
0
817
239
620
246
206
897
714
202
824
544
403
536
526
565
393
134
137
337
941
140
399
205
579
915
345
597
742
236
357
818
845
370
862
321
374
239
352
193
278
181
137
245
590
583
435
778
323
489
591
674
361
867
619
445
541
347
505
820
701
271
964
997
569
859
715
684
347
772
920
401
467
144
670
229
137
262
679
688
697
958
374
846
447
515
323
168
954
488
949
248
467
896
913
509
722
654
658
399
558
817
0
303
751
745
360
229
353
839
918
462
341
905
897
744
609
998
724
910
150
833
379
408
326
887
509
419
952
380
832
722
995
560
328
374
638
330
864
299
502
880
616
489
845
313
405
796
933
250
448
966
335
783
225
732
276
641
102
746
909
446
521
118
382
636
601
790
779
810
967
571
762
441
808
766
465
781
563
175
906
222
281
894
714
985
173
833
195
119
299
183
760
513
161
211
182
579
718
144
443
239
303
0
226
478
673
872
374
651
843
848
538
139
975
805
972
620
318
538
942
676
460
708
155
558
274
904
677
399
206
728
861
103
389
385
997
425
680
435
533
738
345
817
318
625
943
453
748
406
198
467
544
646
813
583
535
763
585
296
729
732
130
557
784
466
826
511
345
738
433
511
800
920
450
656
410
808
708
634
315
366
920
905
424
437
474
418
671
871
537
466
329
308
222
891
568
900
545
740
995
620
751
226
0
536
642
528
988
385
494
263
543
130
333
986
825
460
812
407
309
172
515
928
753
907
469
509
549
925
652
800
742
794
800
626
551
645
282
199
342
147
398
813
616
662
702
491
452
168
882
397
681
488
863
815
602
803
280
215
552
355
933
430
874
776
442
871
632
273
731
887
205
998
708
772
406
385
795
284
257
468
614
361
216
957
892
653
941
332
502
168
600
490
935
378
408
781
159
464
220
246
745
478
536
0
225
907
479
272
944
975
788
219
614
692
607
696
795
599
786
534
278
768
971
505
238
209
332
129
244
390
230
923
778
489
936
342
549
178
854
321
359
575
117
137
938
315
440
326
317
530
398
257
449
691
392
874
860
603
488
249
135
905
887
657
678
507
126
264
490
425
868
695
552
807
885
134
583
504
973
886
759
465
613
990
774
575
634
681
536
863
811
583
299
433
859
334
920
154
338
206
360
673
642
225
0
502
960
433
692
173
175
699
728
880
948
263
495
350
320
267
779
361
214
501
849
307
573
791
851
354
947
284
939
526
104
626
555
542
464
481
776
553
587
476
674
530
649
675
798
835
661
777
110
539
539
932
421
899
127
684
401
919
329
343
907
616
192
361
751
616
483
262
736
816
462
632
117
936
950
861
925
465
152
957
573
147
387
697
819
806
390
925
353
719
118
234
148
786
298
897
229
872
528
907
502
0
787
412
308
909
974
553
147
768
983
517
984
115
903
744
796
483
732
810
891
726
568
743
934
856
795
278
488
888
691
762
569
606
659
239
215
607
510
967
496
580
854
946
124
655
540
229
509
535
900
953
761
760
339
248
998
967
353
153
673
958
402
314
748
654
827
107
198
475
755
360
610
971
668
958
318
857
660
714
911
748
408
166
560
490
362
105
889
904
242
714
169
817
921
714
353
374
988
479
960
787
0
238
694
731
129
990
991
717
568
368
213
502
897
145
124
631
891
594
756
424
308
179
385
914
739
711
879
668
377
198
917
127
835
406
468
305
969
116
606
912
693
262
827
880
233
942
319
128
358
386
621
867
801
634
305
128
706
774
450
613
139
982
615
811
503
609
926
820
936
237
359
130
263
807
148
926
957
202
403
133
747
893
438
697
386
442
987
478
597
745
451
737
907
202
839
651
385
272
433
412
238
0
935
594
571
956
135
565
887
447
698
396
607
972
881
858
945
598
346
338
713
822
265
226
968
821
379
518
370
915
750
841
508
482
692
529
866
527
331
262
990
365
279
814
557
655
681
839
297
919
603
794
791
858
318
557
369
695
696
139
156
184
571
515
828
630
825
206
380
196
716
559
962
235
450
190
820
479
916
329
504
613
490
993
220
232
671
896
612
367
458
315
717
824
918
843
494
944
692
308
694
935
0
581
813
356
770
738
548
651
311
343
142
582
344
551
211
784
554
719
500
376
738
925
440
335
890
322
590
563
174
877
686
899
222
457
908
298
687
739
293
968
685
840
300
711
762
154
234
757
233
624
194
716
677
434
677
1000
520
302
386
305
804
537
134
512
766
785
209
214
752
414
813
566
184
503
950
879
641
999
377
949
230
817
134
577
290
847
619
246
858
397
456
544
462
848
263
975
173
909
731
594
581
0
201
415
939
859
537
343
452
347
810
226
293
246
547
465
167
317
268
595
425
573
320
843
469
187
271
770
339
539
241
242
221
492
887
458
545
469
205
780
137
575
744
146
266
216
169
708
567
591
687
478
871
846
862
910
647
982
795
770
188
313
438
173
555
156
247
943
974
959
649
693
911
243
399
118
103
513
153
120
734
701
919
392
164
921
854
691
938
974
637
403
341
538
543
788
175
974
129
571
813
201
0
936
829
761
296
748
609
600
486
152
376
992
952
225
306
135
898
341
650
518
224
498
772
996
414
727
908
691
616
264
634
821
810
805
298
718
549
280
542
574
421
224
926
260
213
912
616
913
963
520
569
688
421
583
860
533
238
938
386
169
773
136
894
157
947
733
699
674
118
708
723
277
538
805
953
646
702
395
719
193
456
522
808
702
124
356
700
611
279
536
905
139
130
219
699
553
990
956
356
415
936
0
138
246
190
596
841
259
442
661
329
505
958
171
616
317
123
977
988
870
723
129
454
661
707
679
807
126
506
303
834
603
491
667
155
524
555
349
580
558
596
591
295
235
542
216
233
395
500
717
139
776
121
703
867
135
503
491
335
796
819
894
180
889
846
509
240
290
465
866
378
284
620
849
427
364
662
587
375
484
741
976
248
256
199
307
516
196
476
526
897
975
333
614
728
147
991
135
770
939
829
138
0
889
448
230
162
811
503
572
455
833
682
443
226
487
860
511
387
454
236
261
946
360
107
239
486
666
798
944
504
454
577
185
901
389
609
899
856
138
128
427
775
575
120
625
705
482
852
435
825
188
926
229
966
756
422
450
228
479
695
355
615
774
662
153
521
108
158
600
453
889
861
603
448
332
914
690
167
587
414
891
660
703
599
669
112
556
685
565
744
805
986
692
880
768
717
565
738
859
761
246
889
0
967
194
468
573
819
866
718
926
951
318
220
875
186
738
741
709
879
517
339
345
296
393
281
230
499
169
591
898
995
542
1000
201
674
746
483
796
933
999
748
724
970
643
919
391
719
427
257
542
248
805
713
780
921
441
603
681
532
474
345
440
630
387
603
679
725
382
318
204
277
169
349
406
634
692
910
259
365
237
824
936
516
922
336
557
492
393
609
972
825
607
948
983
568
887
548
537
296
190
448
967
0
982
291
539
460
545
780
951
952
513
706
261
180
142
533
627
620
838
342
574
630
258
851
133
538
434
109
630
216
902
172
779
658
900
155
680
387
912
932
618
393
818
725
538
138
281
974
210
807
771
676
660
742
887
185
120
749
270
787
318
991
480
308
529
215
995
751
289
772
523
469
931
878
102
936
593
729
907
461
260
630
465
663
117
505
134
998
620
460
696
263
517
368
447
651
343
748
596
230
194
982
0
132
783
376
314
152
214
172
804
179
635
267
734
390
726
636
744
499
688
826
775
195
567
217
384
778
701
935
165
149
299
614
892
378
326
343
233
946
136
405
616
257
237
176
979
770
250
412
379
396
471
896
578
726
793
266
208
624
855
487
577
358
337
763
579
862
533
364
687
323
373
414
311
948
785
434
325
448
588
474
119
723
628
444
137
724
318
812
795
495
984
213
698
311
452
609
841
162
468
291
132
0
913
851
212
614
283
272
638
936
638
643
678
897
808
599
695
846
128
535
295
546
174
344
994
221
296
278
941
678
566
955
638
682
765
780
851
295
260
819
535
894
717
342
205
229
267
840
485
919
466
211
765
187
181
684
298
416
558
874
750
431
305
660
778
521
469
817
789
104
241
930
521
968
689
836
354
910
158
866
382
845
462
830
337
910
538
407
599
350
115
502
396
343
347
600
259
811
573
539
783
913
0
925
372
485
176
362
609
485
974
327
788
444
332
871
586
876
470
912
852
296
236
662
220
175
122
989
173
452
687
304
238
257
447
467
115
757
872
371
847
111
950
673
332
842
175
882
347
201
946
552
429
985
964
540
820
155
560
210
149
124
780
462
594
588
252
777
130
908
439
907
827
300
624
629
886
749
945
384
138
943
209
403
941
150
942
309
786
320
903
897
607
142
810
486
442
503
819
460
376
851
925
0
256
920
447
208
209
418
130
270
843
624
126
460
161
147
304
105
228
675
510
244
164
360
298
218
928
122
807
435
771
829
907
878
383
634
856
483
824
334
442
567
835
448
441
607
130
123
769
236
967
120
981
950
590
499
593
458
857
780
400
340
725
567
166
927
603
394
126
419
321
896
977
921
480
769
836
853
963
138
871
337
140
833
676
172
534
267
744
145
972
582
226
152
661
572
866
545
314
212
372
256
0
908
394
703
835
400
540
444
363
506
832
163
685
286
314
401
740
591
868
139
170
714
411
931
900
974
657
515
105
845
979
471
666
858
650
893
824
182
231
903
428
273
344
380
741
615
593
333
536
528
146
275
532
460
416
263
638
580
680
912
648
421
668
731
176
377
717
810
603
866
959
227
430
556
749
455
372
322
389
715
399
379
460
515
278
779
796
124
881
344
293
376
329
455
718
780
152
614
485
920
908
0
359
270
731
866
384
220
839
491
171
604
602
913
734
974
702
398
621
835
424
172
468
632
138
744
421
649
661
279
280
481
273
239
979
204
124
875
992
631
637
458
122
499
269
483
917
309
728
719
253
702
744
904
769
357
434
911
776
829
595
856
126
805
714
867
531
243
692
808
548
458
425
645
706
491
886
163
214
439
205
408
708
928
768
361
483
631
858
551
246
992
505
833
926
951
214
283
176
447
394
359
0
393
124
610
756
370
247
297
161
921
617
624
331
849
651
233
297
641
386
190
956
211
506
750
544
462
300
337
266
503
223
886
999
387
252
541
119
718
258
421
104
223
809
687
435
233
911
679
788
522
356
980
474
568
975
834
161
555
182
686
586
843
819
504
782
792
513
997
645
951
457
713
914
651
515
123
819
242
579
326
155
753
971
214
732
891
945
211
547
952
958
682
951
952
172
272
362
208
703
270
393
0
194
559
645
741
523
908
660
289
181
556
953
869
990
621
569
666
965
843
830
267
454
908
711
608
169
561
341
685
188
437
587
907
909
911
375
614
330
779
422
840
961
900
888
114
674
697
498
318
600
310
703
426
531
226
736
204
713
359
483
509
456
284
475
153
900
935
751
602
536
356
205
316
554
221
480
877
915
887
558
907
505
501
810
594
598
784
465
225
171
443
318
513
804
638
609
209
835
731
124
194
0
749
184
944
294
335
806
132
594
549
425
930
356
830
843
712
676
871
701
624
312
978
921
148
321
493
846
969
678
644
840
172
970
823
635
423
123
214
613
802
178
722
183
254
943
357
674
607
259
810
859
661
692
824
597
167
868
234
813
671
824
384
166
862
740
182
626
108
403
160
583
107
249
766
867
885
345
509
274
469
238
849
891
756
346
554
167
306
616
226
220
706
179
936
485
418
400
866
610
559
749
0
270
656
819
868
962
356
653
876
718
537
857
296
899
642
907
631
853
701
629
346
528
935
651
748
568
585
719
668
609
632
330
965
702
917
937
535
376
907
551
323
524
809
910
174
626
278
108
205
381
595
955
153
196
905
127
523
392
491
241
110
609
405
231
238
811
998
284
164
895
295
885
235
334
528
597
419
904
509
209
307
726
424
338
719
317
135
317
487
875
261
635
638
974
130
540
384
756
645
184
270
0
661
869
230
201
270
246
938
976
581
356
837
377
768
336
669
986
266
421
579
259
863
123
452
407
482
691
585
319
173
582
932
354
639
693
823
117
134
215
113
284
304
407
321
625
567
421
133
806
734
761
681
269
879
763
817
840
628
259
902
587
788
700
286
656
840
266
818
454
434
707
510
919
587
742
952
677
549
332
573
568
308
713
500
268
898
123
860
186
180
267
643
327
270
444
220
370
741
944
656
661
0
164
455
170
466
251
146
130
729
762
285
859
210
508
490
926
252
231
791
296
143
166
797
634
221
251
498
233
967
444
143
172
230
797
720
973
558
621
596
645
896
621
640
656
707
446
153
130
575
665
801
995
391
221
225
419
166
986
898
964
840
499
920
194
902
471
407
743
978
986
750
257
439
236
380
399
925
129
791
743
179
822
376
595
341
977
511
738
142
734
678
788
843
363
839
247
523
294
819
869
164
0
348
487
302
382
480
766
665
473
527
600
771
719
271
222
113
759
695
475
431
602
324
659
955
985
104
256
881
647
430
926
273
745
571
652
408
655
489
582
740
966
759
306
617
157
375
354
310
858
499
154
554
356
498
824
325
660
497
920
994
515
790
273
407
922
369
201
136
918
994
549
684
357
832
206
652
244
851
934
385
265
738
425
650
988
387
741
533
390
897
444
624
506
491
297
908
335
868
230
455
348
0
466
112
877
162
941
347
388
600
892
823
317
638
444
456
485
646
930
862
903
583
588
708
640
173
835
954
973
411
433
496
177
454
320
349
576
294
120
147
643
514
204
256
670
493
926
480
531
912
510
283
484
221
857
449
573
891
953
788
352
131
541
307
212
479
556
424
642
338
987
663
818
722
728
800
390
354
856
914
226
925
573
518
870
454
709
627
726
808
332
126
832
171
161
660
806
962
201
170
487
466
0
461
338
285
176
924
664
854
422
242
666
579
352
760
667
421
706
566
567
605
464
224
201
280
316
324
293
778
478
570
656
314
675
690
544
735
552
582
718
160
593
272
805
399
186
558
584
709
288
863
752
881
546
773
891
916
398
831
347
849
197
851
881
797
138
385
921
804
422
341
845
995
861
742
230
947
795
739
968
440
320
224
723
236
879
620
636
599
871
460
163
604
921
289
132
356
270
466
302
112
461
0
271
513
319
185
886
959
590
394
407
965
454
626
807
990
874
471
140
138
664
745
333
631
709
208
190
294
690
971
130
475
772
386
407
396
214
966
489
413
653
980
809
315
608
355
278
689
344
397
109
239
249
261
111
582
823
326
715
625
299
609
790
442
681
273
471
111
655
801
370
560
103
794
923
284
278
711
821
335
843
498
129
261
517
838
744
695
586
161
685
602
617
181
594
653
246
251
382
877
338
271
0
973
253
985
939
130
590
565
251
715
437
873
236
872
707
142
347
293
775
657
146
717
986
633
367
190
972
755
992
841
477
344
749
867
112
757
546
541
551
697
740
456
849
409
786
524
903
909
995
308
142
468
410
499
506
156
931
853
189
771
732
341
582
443
386
248
113
586
862
328
389
800
778
939
488
879
379
890
469
772
454
946
339
342
499
846
876
147
286
913
624
556
549
876
938
146
480
162
285
513
973
0
473
329
809
150
287
212
687
346
903
841
110
737
712
674
803
604
700
107
152
389
175
766
552
523
145
204
302
890
372
951
364
971
313
202
220
987
880
284
729
930
671
585
451
515
151
397
599
843
623
581
429
789
804
817
892
934
890
606
253
468
775
461
620
797
216
699
321
374
385
626
489
526
888
668
518
322
187
996
661
360
345
574
688
128
470
304
314
734
331
953
425
718
976
130
766
941
176
319
253
473
0
847
256
314
365
499
433
650
300
141
668
119
304
894
310
143
878
269
550
901
391
184
400
179
480
372
388
114
469
130
787
603
848
474
946
185
351
293
369
612
338
337
763
615
308
862
530
818
709
199
240
416
734
338
973
733
585
533
674
767
654
582
929
317
705
906
374
638
997
551
936
104
691
377
370
590
271
414
707
107
296
630
826
535
912
105
401
974
849
869
930
537
581
729
665
347
924
185
985
329
847
0
929
827
918
630
675
150
798
344
652
144
189
637
112
182
537
107
357
905
370
546
927
454
408
751
459
345
818
846
537
785
852
198
483
624
373
261
979
579
259
924
256
405
858
388
620
132
322
706
286
965
512
955
103
210
846
721
910
131
487
310
633
985
354
450
239
330
425
645
342
626
762
198
915
563
770
727
679
239
393
258
775
295
852
228
740
702
651
990
356
857
356
762
473
388
664
886
939
809
256
929
0
564
767
162
565
558
187
412
648
890
911
755
340
588
543
916
703
243
301
593
838
189
249
241
786
899
679
766
958
801
668
388
893
187
745
252
891
237
861
785
386
903
648
998
372
215
320
569
831
693
854
434
610
964
869
544
526
555
942
452
660
160
719
351
352
864
680
282
549
555
569
917
750
174
339
908
807
486
281
851
195
546
296
675
591
398
233
621
830
296
837
285
527
600
854
959
130
150
314
827
564
0
664
335
390
637
875
366
582
286
782
601
706
843
175
880
754
933
608
341
526
377
562
499
376
629
856
307
392
779
478
224
447
771
931
172
649
134
278
865
346
931
104
524
547
320
185
279
181
490
892
300
863
968
178
622
621
956
505
326
967
243
621
587
193
299
435
199
178
542
606
127
841
877
539
691
126
666
230
133
567
174
236
510
868
621
297
569
843
899
377
859
600
892
422
590
590
287
365
918
767
664
0
618
855
627
969
119
934
616
528
249
167
869
581
214
545
679
449
506
204
650
860
583
566
121
229
972
762
820
702
296
769
687
952
219
427
606
488
522
257
237
483
679
867
552
424
667
452
832
827
839
148
838
956
620
125
802
696
646
949
632
970
427
278
502
533
342
854
464
659
835
508
686
241
616
506
798
499
538
217
344
662
244
139
835
641
666
712
642
768
210
771
823
242
394
565
212
499
630
162
335
618
0
696
219
869
906
942
652
847
695
890
194
601
276
795
247
610
365
722
855
778
305
150
880
445
369
733
666
178
847
747
250
907
865
821
370
950
620
633
262
761
896
855
413
790
677
277
413
831
518
905
904
397
738
375
711
786
770
975
338
138
619
181
880
738
147
321
481
239
406
482
899
242
264
303
944
169
434
384
994
220
164
170
424
386
965
676
907
336
508
719
317
666
407
251
687
433
675
565
390
855
696
0
784
550
772
408
139
447
849
986
831
127
183
651
622
840
243
658
281
475
412
295
400
973
132
844
428
414
181
809
361
831
607
754
771
206
279
289
853
467
449
979
895
375
486
274
629
269
607
144
903
522
977
742
245
627
716
296
419
764
524
137
616
345
398
359
776
215
468
692
222
221
634
834
504
591
109
778
221
175
360
714
172
190
843
871
631
669
490
271
638
579
965
715
346
650
150
558
637
627
219
784
0
520
359
646
568
888
138
479
393
822
864
374
654
741
206
585
147
743
845
867
138
428
608
913
683
179
359
820
568
597
796
161
603
786
750
581
227
983
983
608
652
358
691
253
673
382
947
781
500
834
378
833
829
465
362
692
600
566
448
245
489
817
813
575
553
607
305
529
457
492
821
603
454
898
630
701
296
122
298
411
468
956
830
701
853
986
926
222
444
352
454
437
903
300
798
187
875
969
869
550
520
0
745
807
982
270
517
365
902
382
669
787
146
937
504
617
881
838
948
788
977
825
283
347
994
539
798
379
105
331
832
259
625
829
518
475
350
365
581
759
108
308
199
256
592
530
350
301
973
660
190
658
818
641
836
237
542
192
129
590
845
318
616
117
587
510
969
866
908
887
810
491
577
995
216
935
278
989
218
931
632
211
267
624
701
266
252
113
456
760
626
873
841
141
344
412
366
119
906
772
359
745
0
724
335
694
564
979
353
460
778
663
436
553
931
188
258
793
994
834
913
283
551
203
761
201
509
110
757
384
352
298
405
912
164
112
510
427
647
293
974
578
873
790
258
619
403
770
133
342
632
518
198
696
833
236
494
689
910
583
313
625
662
137
476
967
116
527
298
458
805
667
185
542
902
165
941
173
928
900
138
506
454
312
629
421
231
759
485
667
807
236
110
668
652
648
582
934
942
408
646
807
724
0
444
458
310
771
719
792
163
307
241
304
525
873
891
694
986
206
571
135
237
154
393
822
798
353
778
713
109
261
566
777
367
863
333
193
368
914
547
313
349
844
488
750
769
836
914
735
269
123
647
946
994
343
641
876
977
435
405
943
702
938
674
496
606
331
687
545
298
155
901
1000
172
149
678
452
122
974
744
750
908
978
346
579
791
695
646
421
990
872
737
119
144
890
286
616
652
139
568
982
335
444
0
910
830
669
344
333
204
686
320
879
813
605
175
696
197
616
633
551
379
991
812
687
836
887
637
615
234
948
730
764
574
933
268
320
973
970
674
695
319
668
490
115
385
687
193
737
592
573
991
392
686
249
301
967
927
778
796
453
491
315
530
580
912
262
739
469
718
524
389
201
779
299
566
687
807
657
421
544
711
921
528
259
296
475
930
706
874
707
712
304
189
911
782
528
847
447
888
270
694
458
910
0
671
867
278
675
739
798
457
637
686
462
619
207
947
297
723
374
107
261
195
683
323
382
901
429
906
727
672
277
451
543
587
287
464
509
955
581
290
387
396
958
558
167
265
675
374
757
616
455
525
983
954
492
618
323
933
748
452
440
649
854
693
990
293
205
549
555
609
674
658
614
955
304
435
515
649
462
608
148
935
863
143
431
862
566
471
142
674
894
637
755
601
249
695
849
138
517
564
310
830
671
0
652
436
575
363
112
811
825
564
931
471
661
764
643
196
423
610
494
465
839
602
604
376
160
530
633
502
228
828
176
214
856
373
594
562
660
786
402
839
414
570
186
986
607
980
938
417
300
234
796
272
344
279
489
250
406
168
326
675
946
262
365
968
780
280
349
899
746
900
892
638
238
771
105
661
300
169
321
651
123
166
602
903
567
140
347
803
310
112
340
706
167
890
986
479
365
979
771
669
867
652
0
828
985
704
314
379
515
877
434
107
743
740
526
258
770
483
185
514
912
324
341
246
906
160
179
299
597
418
269
227
430
493
687
742
127
653
542
394
365
640
394
180
892
564
688
211
677
997
296
568
202
198
591
448
198
882
317
798
124
827
279
685
137
542
580
856
483
155
378
682
257
829
845
279
337
561
493
748
452
797
324
583
605
138
293
604
143
182
588
843
869
194
831
393
902
353
719
344
278
436
828
0
992
191
190
102
333
886
827
723
708
116
817
590
314
139
820
847
455
635
240
220
935
1000
931
836
986
371
786
870
815
778
769
398
814
549
786
107
254
768
706
975
667
850
453
117
783
420
812
874
637
803
674
966
467
397
530
835
655
880
814
840
575
574
558
138
796
680
326
765
447
907
979
280
266
341
846
568
407
634
659
588
464
664
775
700
878
537
543
175
581
601
127
822
382
460
792
333
675
575
985
992
0
399
757
449
930
954
314
626
845
796
464
467
656
705
581
211
216
537
416
661
394
877
845
633
422
605
812
891
123
914
899
128
955
145
133
946
507
558
751
432
549
793
253
412
668
571
495
566
882
393
361
335
544
681
398
661
540
233
557
300
744
421
596
128
933
387
343
780
467
878
471
481
503
685
969
585
482
221
955
708
224
745
657
107
269
107
916
880
214
276
183
864
669
778
163
204
739
363
704
191
399
0
998
214
741
225
125
864
891
988
753
957
304
708
896
973
155
286
458
592
735
154
518
822
632
881
765
381
423
529
873
954
624
526
114
358
210
139
260
818
224
892
135
228
461
764
900
726
697
581
867
783
646
488
257
777
229
942
655
711
146
224
591
427
999
912
233
851
115
383
666
273
223
188
678
719
691
251
985
640
201
333
146
152
550
357
703
754
545
795
651
374
787
663
307
686
798
112
314
190
757
998
0
434
977
446
109
466
379
220
318
828
501
477
888
845
647
910
139
775
189
402
481
370
481
437
691
689
753
749
510
534
563
258
659
953
716
391
783
870
322
192
264
604
622
863
507
731
614
855
619
225
813
863
449
110
509
319
681
762
266
926
295
775
748
932
946
295
757
634
858
239
886
437
644
668
585
498
104
173
280
631
717
389
901
905
243
933
679
247
622
654
146
436
241
320
457
811
379
102
449
214
434
0
431
715
736
373
155
835
445
549
744
113
737
341
993
242
672
130
783
168
404
693
918
335
991
842
339
558
690
953
870
816
551
215
829
700
530
267
155
334
440
300
749
793
117
360
858
224
445
732
583
815
691
539
535
128
839
154
216
260
235
575
724
618
136
260
872
856
650
979
999
587
840
609
319
233
256
835
316
709
986
175
391
370
301
608
449
610
840
741
937
553
304
879
637
825
515
333
930
741
977
431
0
592
719
363
286
515
285
914
673
848
952
618
155
484
474
453
560
575
997
534
360
172
647
139
461
466
602
807
106
884
702
635
735
913
527
276
441
104
644
717
699
193
181
876
391
458
541
276
535
602
392
539
900
358
297
234
169
213
542
120
970
393
405
819
371
483
893
204
387
907
172
632
173
967
881
954
324
208
633
766
184
546
593
341
506
365
243
206
504
931
525
813
686
564
877
886
954
225
446
715
592
0
507
681
754
764
498
996
651
317
998
936
292
176
774
147
541
790
544
830
299
362
309
812
531
707
892
738
801
808
658
880
273
445
346
461
341
812
337
325
416
459
159
331
770
249
347
641
763
803
874
932
953
386
919
757
708
912
216
625
643
818
616
535
847
824
824
124
252
909
970
330
582
444
647
973
293
190
367
552
400
927
838
526
204
722
658
585
617
188
873
605
462
931
434
827
314
125
109
736
719
507
0
810
946
124
813
418
787
251
776
987
583
950
746
937
863
925
174
776
800
289
770
782
133
270
463
309
131
414
499
750
681
455
121
855
711
710
961
854
570
853
802
854
950
840
505
102
585
280
860
421
761
621
603
233
567
616
233
705
919
725
257
894
111
334
182
875
541
911
823
965
932
143
430
411
778
294
190
523
179
454
189
377
650
855
281
147
881
258
891
175
619
471
107
723
626
864
466
373
363
681
810
0
948
864
614
526
356
391
146
521
290
516
978
214
364
377
518
291
996
419
800
551
788
262
734
426
844
352
214
478
595
676
344
147
711
757
445
978
143
865
737
713
419
344
820
746
296
215
603
899
760
867
794
624
591
913
395
482
391
538
237
717
950
442
231
992
119
375
635
702
354
172
926
433
478
690
972
145
480
408
249
562
860
778
475
743
838
793
694
696
207
661
743
708
845
891
379
155
286
754
946
948
0
853
864
678
990
675
615
163
347
652
881
460
128
979
695
627
395
193
322
897
693
480
194
344
449
514
363
463
495
484
232
908
559
436
413
147
606
704
543
693
984
181
701
909
729
552
488
127
339
801
791
194
687
963
500
852
719
138
176
342
673
567
903
631
718
614
423
917
639
230
273
496
570
971
755
204
372
751
241
499
583
305
412
845
948
994
986
197
947
764
740
116
796
988
220
835
515
764
124
864
853
0
665
716
696
675
663
175
513
145
493
792
429
503
936
684
340
523
749
310
512
573
219
316
208
950
439
867
161
846
256
861
554
667
546
626
110
752
513
675
806
860
271
446
732
355
249
684
248
634
858
716
478
520
717
435
427
281
979
205
332
835
428
637
258
330
123
937
693
797
745
177
656
130
992
302
388
459
786
376
566
150
295
867
788
834
206
616
297
643
526
817
464
753
318
445
285
498
813
614
864
665
0
512
165
677
607
496
728
1000
870
904
322
702
1000
555
375
938
808
812
194
852
132
815
955
332
426
926
375
674
477
644
646
992
285
658
952
103
850
610
871
114
964
521
130
933
135
401
998
305
318
677
871
569
139
825
257
974
770
229
842
448
273
458
421
779
214
535
823
720
571
454
314
475
841
890
114
345
899
629
121
880
400
138
977
913
571
633
723
196
258
590
467
957
828
549
914
996
418
526
678
716
512
0
442
342
678
577
891
786
640
822
209
585
110
580
347
414
685
882
372
812
831
897
814
928
368
956
830
188
935
911
727
166
579
833
713
815
990
536
409
476
997
118
557
430
905
919
967
128
557
434
846
688
776
188
542
210
250
267
175
441
344
122
104
422
613
376
117
973
652
320
675
772
477
372
469
818
679
856
229
445
973
428
825
283
135
551
374
423
770
314
656
304
501
744
673
651
787
356
990
696
165
442
0
674
765
678
531
607
165
296
105
837
903
981
704
285
501
163
940
487
333
235
584
528
398
385
923
888
253
959
625
593
782
619
138
443
958
982
389
667
569
382
784
874
887
329
353
706
369
677
862
421
121
926
248
807
412
840
882
607
380
499
223
840
802
907
134
558
408
349
690
386
344
951
130
846
766
307
972
369
132
608
283
551
237
379
107
610
483
139
705
708
477
113
848
317
251
391
675
675
677
342
674
0
437
201
852
415
492
851
622
309
376
946
358
602
614
400
743
652
899
241
938
1000
440
995
525
681
970
217
297
747
251
842
568
216
918
697
297
836
859
636
466
776
657
343
153
774
695
1000
910
583
703
229
805
771
379
485
347
130
741
269
809
961
178
551
215
621
655
576
544
407
749
364
787
537
958
392
762
733
844
913
347
203
154
991
261
494
185
820
581
896
888
737
952
998
776
146
615
663
607
678
765
437
0
708
164
992
648
968
474
473
533
666
470
782
139
123
219
420
460
290
587
190
155
550
708
793
458
199
825
431
463
602
897
901
661
642
400
396
715
601
826
442
678
907
673
450
696
520
647
860
867
966
713
676
396
919
201
123
615
483
687
900
722
323
113
596
489
294
735
396
867
971
603
785
801
779
820
666
428
683
994
761
393
812
195
465
514
847
211
973
845
341
618
936
987
521
163
175
496
577
678
201
708
0
792
370
181
979
649
812
526
947
876
614
103
408
945
498
339
539
732
578
493
910
712
252
848
484
452
576
727
412
889
614
505
501
524
296
684
790
511
871
507
616
958
613
139
302
982
533
135
756
780
660
471
466
946
769
593
917
435
888
183
524
284
645
582
120
552
214
112
313
848
852
668
478
702
178
414
179
539
201
822
687
683
839
912
455
216
155
647
993
155
292
583
290
347
513
728
891
531
852
164
792
0
456
691
613
830
427
617
156
221
942
410
813
252
916
918
801
877
326
152
869
581
368
128
884
409
926
385
753
530
653
121
488
992
213
347
779
345
632
126
192
402
139
156
386
795
238
503
422
921
742
896
211
552
236
333
309
233
114
254
809
304
896
740
147
582
966
757
202
474
198
388
224
296
847
181
359
798
509
798
836
323
602
324
635
537
286
910
242
484
176
950
516
652
145
1000
786
607
415
992
370
456
0
132
582
497
982
715
731
854
706
379
428
200
179
557
642
982
911
903
523
347
331
920
528
538
314
261
715
782
412
346
456
296
317
772
810
738
273
264
361
314
982
184
305
770
938
491
450
441
887
578
765
429
967
536
728
911
674
943
910
407
621
966
643
718
489
546
220
946
483
893
447
769
747
809
820
379
110
353
887
382
604
341
240
416
458
139
672
474
774
746
978
881
493
870
640
165
492
648
181
691
132
0
420
184
337
825
602
727
584
630
844
981
616
732
336
404
331
653
393
261
633
150
745
218
296
792
346
490
661
398
222
331
613
920
967
433
731
490
751
748
615
571
804
188
386
335
228
603
185
726
187
985
120
528
719
679
697
357
174
321
640
759
514
160
413
541
987
185
624
187
771
687
250
361
568
105
757
778
637
901
376
246
220
661
592
775
130
453
147
937
214
460
792
904
822
296
851
968
979
613
582
420
0
438
690
904
495
134
974
390
740
742
614
762
432
942
890
706
426
409
373
414
119
297
405
939
699
250
683
379
169
334
968
401
571
511
887
425
616
654
811
515
537
313
169
796
479
681
120
793
181
964
981
146
253
788
498
674
626
625
656
306
204
593
653
551
880
351
373
745
931
952
907
831
597
331
384
713
615
429
160
906
935
394
735
189
783
560
541
863
364
128
429
322
209
105
622
474
649
830
497
184
438
0
866
948
613
377
728
199
532
875
946
676
938
221
402
865
901
479
276
415
989
567
624
628
421
982
226
461
570
173
427
467
762
800
205
868
483
827
503
828
134
438
773
819
695
532
749
266
684
540
950
275
702
522
318
607
278
567
707
617
256
272
980
697
284
293
261
252
172
219
865
607
796
832
352
109
234
906
530
160
1000
877
154
402
168
575
790
925
377
979
503
702
585
837
309
473
812
427
982
337
690
866
0
776
184
115
319
570
713
636
365
120
752
389
354
892
875
229
160
372
324
293
947
821
406
856
300
731
379
548
464
144
441
920
998
695
262
107
609
630
512
173
136
894
355
474
270
208
298
820
590
532
744
356
600
259
108
421
446
157
670
805
809
740
729
369
979
891
649
427
821
754
161
259
298
261
948
727
633
179
931
845
518
481
404
997
544
174
518
695
936
1000
110
903
376
533
526
617
715
825
904
948
776
0
873
146
934
336
961
741
867
620
563
582
912
113
118
582
860
190
545
448
185
391
402
333
662
861
110
862
973
670
808
450
708
552
736
198
926
825
766
555
894
180
615
345
787
624
416
155
499
460
904
980
310
810
205
133
153
375
493
399
315
456
930
612
579
237
134
606
370
771
603
625
405
566
730
672
502
299
836
633
822
370
693
534
830
776
291
627
684
555
580
981
946
666
947
156
731
602
495
613
184
873
0
292
974
959
714
347
389
983
104
294
795
872
654
298
171
413
489
764
895
875
288
656
151
726
435
183
337
229
766
656
772
807
816
475
820
206
785
156
157
889
774
440
318
855
558
560
593
416
769
474
703
859
381
806
130
354
926
186
608
849
671
338
259
861
278
488
950
206
786
829
912
777
764
277
228
597
986
422
632
481
918
360
299
800
996
395
340
375
347
704
358
470
876
221
854
727
134
377
115
146
292
0
289
189
599
404
723
815
679
990
913
709
116
904
938
224
579
546
310
987
279
480
860
507
753
418
161
137
465
410
406
885
462
755
936
380
209
247
947
846
662
630
991
487
874
210
458
263
357
568
426
661
595
734
575
310
480
558
355
409
585
337
924
785
865
522
620
279
750
518
164
367
574
451
828
418
371
605
881
437
335
172
362
289
419
193
523
938
414
285
602
782
614
942
706
584
974
728
319
934
974
289
0
990
947
362
230
242
669
451
191
310
267
704
785
430
482
522
266
627
482
673
496
842
658
772
946
262
781
808
385
134
632
360
237
196
214
943
733
509
153
387
480
577
750
149
857
638
434
975
531
692
955
761
665
858
531
584
278
786
451
763
256
386
346
257
633
289
581
475
112
863
933
543
176
269
786
812
765
691
991
647
309
770
800
322
749
808
685
501
614
139
103
410
379
630
390
199
570
336
959
189
990
0
222
187
339
680
317
533
648
331
847
328
359
557
622
851
423
495
245
154
760
232
519
624
856
679
563
708
795
583
117
610
359
716
752
974
699
240
521
603
308
358
431
124
780
580
911
834
226
824
153
681
801
499
912
709
689
524
515
615
405
903
931
237
262
853
227
350
510
333
268
587
214
227
870
891
381
689
842
139
812
782
551
897
310
812
882
163
400
123
408
813
428
844
740
532
713
961
714
599
947
222
0
889
555
769
435
663
731
579
321
158
780
867
708
426
249
617
573
262
666
684
156
908
408
688
175
634
284
504
936
971
130
559
414
959
674
290
108
679
529
337
305
780
400
680
776
161
736
597
196
269
995
154
510
288
344
903
151
308
858
648
104
483
761
467
983
365
427
193
320
287
856
430
815
123
423
753
339
461
531
133
788
693
512
194
372
940
743
219
945
252
200
981
742
875
636
741
347
404
362
187
889
0
547
755
442
553
204
919
836
879
181
910
734
564
292
589
972
383
274
586
674
505
488
697
906
315
257
973
950
668
263
962
813
649
118
465
158
725
215
763
660
462
340
912
829
555
204
167
905
879
391
554
283
863
397
909
397
862
388
998
524
679
896
449
983
581
647
368
973
464
373
493
778
914
529
749
558
466
707
270
262
480
573
852
812
487
652
420
498
916
179
616
614
946
365
867
389
723
230
339
555
547
0
797
962
366
247
792
321
931
851
306
625
181
111
624
318
938
701
600
327
630
691
958
222
366
468
886
861
958
807
235
566
693
708
866
600
382
995
579
778
594
725
648
595
182
713
868
127
763
221
356
484
752
109
995
599
530
620
372
547
867
855
979
608
759
293
914
970
509
594
687
769
899
873
510
690
602
892
463
734
194
219
132
831
333
899
460
339
918
557
732
762
676
120
620
983
815
242
680
769
755
797
0
795
301
286
355
103
722
284
760
572
182
702
679
875
228
301
681
842
572
403
374
281
920
614
759
925
318
148
450
184
911
723
378
453
318
751
862
521
588
567
421
856
686
359
234
523
817
225
498
221
881
239
308
843
818
132
215
320
552
413
895
652
108
974
547
674
955
562
742
398
128
954
534
953
807
738
309
426
344
316
815
897
235
241
290
539
801
642
336
432
938
752
563
104
679
669
317
435
442
962
795
0
588
914
165
297
982
588
970
789
286
393
641
797
235
512
398
916
815
988
846
894
905
361
465
465
857
926
190
503
243
277
284
889
204
289
533
469
252
166
668
126
586
483
813
392
840
419
824
857
546
249
142
623
709
322
320
185
424
790
375
358
308
578
313
695
581
660
127
814
955
624
563
870
106
801
131
844
449
208
955
814
584
938
587
732
877
982
404
942
221
389
582
294
990
451
533
663
553
366
301
588
0
