0
461
344
201
747
602
934
499
927
91
828
411
465
331
431
709
704
464
357
877
727
546
319
750
55
506
570
689
275
756
855
616
157
579
850
686
231
773
904
453
824
388
234
546
155
770
374
459
1000
562
476
271
168
979
794
467
871
227
248
321
362
616
914
307
683
351
815
621
867
202
486
141
115
313
216
652
594
234
749
468
945
589
868
926
831
854
511
96
523
411
30
474
420
847
238
851
111
265
206
835
461
0
356
309
235
660
154
920
556
483
320
354
500
947
806
239
340
825
393
699
784
52
633
374
948
381
541
862
970
105
428
183
415
729
950
293
547
81
834
632
112
4
99
330
142
946
6
863
283
132
222
84
491
917
462
69
24
911
928
738
992
521
417
135
933
206
290
510
101
505
171
116
257
302
314
720
731
172
770
462
298
453
74
403
993
835
870
749
969
287
672
760
629
887
338
325
98
944
298
326
344
356
0
646
295
891
23
606
891
240
504
995
239
459
630
143
240
370
679
583
118
978
433
77
619
427
103
52
336
496
277
906
348
292
18
533
169
735
427
847
399
132
835
193
515
35
165
539
751
244
222
167
386
913
923
747
223
661
505
732
342
200
85
667
710
796
475
373
557
368
874
383
384
458
864
643
964
852
475
561
968
730
238
564
647
918
226
451
364
202
723
898
205
153
619
989
499
790
700
355
201
309
646
0
48
214
349
916
565
863
105
126
580
815
748
493
637
778
329
216
487
873
633
210
240
2
881
714
176
63
304
368
586
207
378
503
868
945
169
700
905
368
563
487
184
36
964
125
463
12
338
557
354
549
967
475
68
414
388
781
255
763
144
774
538
903
192
108
251
329
876
434
407
732
306
561
990
215
577
467
820
462
348
631
70
196
234
145
276
849
234
259
261
611
661
110
395
577
657
739
747
235
295
48
0
352
360
384
720
589
73
814
667
42
579
538
693
553
160
794
874
756
617
624
320
944
836
196
191
315
712
88
880
633
290
92
609
846
445
439
842
186
884
315
509
470
668
831
900
953
536
952
80
838
451
232
134
140
946
759
209
441
135
801
833
126
915
904
381
128
915
832
670
189
755
901
13
109
122
311
110
835
839
504
42
495
310
658
242
65
605
151
481
994
579
677
76
38
141
988
602
660
891
214
352
0
178
565
502
829
619
668
661
732
553
774
850
80
173
981
990
59
680
762
740
614
28
459
93
209
232
744
632
674
328
126
101
189
280
817
948
756
554
105
937
84
927
301
420
308
231
722
451
658
322
90
48
582
114
237
11
324
726
167
120
863
675
673
766
821
524
88
32
540
258
148
994
593
799
869
267
836
398
553
72
748
869
910
649
113
985
939
322
98
604
1
812
914
548
799
934
154
23
349
360
178
0
370
583
925
330
436
80
966
10
815
127
295
391
605
433
851
601
663
619
980
116
96
421
521
847
776
183
830
963
346
299
281
644
898
965
637
359
932
202
629
515
732
88
779
196
697
960
787
99
7
417
101
113
877
231
795
917
588
509
935
555
544
557
704
343
863
552
169
162
729
445
434
109
280
780
938
385
391
982
528
648
928
625
267
513
628
568
432
305
958
328
623
218
308
499
920
606
916
384
565
370
0
468
348
271
537
318
52
659
982
63
63
52
582
295
607
847
251
64
555
910
487
306
180
723
986
259
264
289
744
760
988
361
922
647
397
526
79
213
480
51
985
815
981
116
224
762
263
520
742
802
7
297
252
935
200
760
631
159
85
175
432
504
77
424
486
446
348
805
603
438
799
420
48
672
100
489
551
672
877
130
404
332
728
648
129
692
552
204
135
833
338
556
74
927
556
891
565
720
502
583
468
0
955
160
521
62
597
646
787
299
216
176
529
986
149
494
382
376
763
273
877
242
86
852
353
761
961
186
455
988
525
164
592
358
157
263
660
787
950
238
31
715
406
891
322
2
508
989
88
617
147
78
641
365
587
473
601
758
395
386
795
966
406
387
386
183
814
300
172
914
680
902
975
82
704
105
236
905
610
428
544
996
865
908
87
738
374
715
6
747
832
979
1
91
483
240
863
589
829
925
348
955
0
756
323
526
768
311
99
527
771
34
549
587
558
462
294
747
564
501
389
142
246
53
431
33
938
404
519
299
912
850
832
89
773
867
311
152
75
864
688
748
986
651
583
348
39
802
637
507
103
850
185
827
90
325
898
833
688
206
686
150
448
50
692
678
512
422
19
443
316
597
240
895
818
799
14
261
757
450
786
465
595
305
967
677
48
644
833
498
696
892
244
828
320
504
105
73
619
330
271
160
756
0
897
172
921
126
187
784
82
132
455
542
374
73
231
276
660
625
812
235
787
825
411
841
679
145
75
627
954
903
496
263
144
407
692
58
211
148
158
872
514
983
936
670
306
81
512
86
407
808
370
577
298
457
783
545
948
472
87
474
276
616
723
454
169
683
330
261
602
78
995
1
910
288
29
661
880
604
103
317
455
171
392
88
692
507
904
570
502
329
764
411
354
995
126
814
668
436
537
521
323
897
0
730
818
725
600
639
448
207
746
969
893
841
608
715
453
862
686
524
345
535
170
259
199
904
451
9
699
582
866
732
438
163
880
287
224
356
165
909
656
651
60
166
456
723
264
681
351
29
445
79
375
291
838
286
891
794
126
365
351
77
560
123
606
850
335
885
165
811
130
988
773
437
755
353
396
231
431
69
930
321
73
469
623
692
331
417
263
63
367
465
500
239
580
667
661
80
318
62
526
172
730
0
762
357
67
827
583
40
276
54
664
18
616
747
84
130
322
186
312
348
803
472
499
985
875
455
537
503
759
908
647
44
13
207
157
44
256
611
98
289
80
757
742
254
61
159
167
533
333
947
382
52
700
820
608
762
308
735
223
73
364
755
493
681
28
157
306
228
636
87
931
146
613
555
224
522
40
299
965
605
253
834
630
423
497
911
126
223
794
331
947
459
815
42
732
966
52
597
768
921
818
762
0
516
223
533
395
842
508
21
188
990
41
840
584
91
107
295
693
296
494
215
825
515
566
128
345
609
763
302
356
915
639
790
62
233
746
543
198
529
288
810
391
325
303
826
919
838
58
598
832
755
191
507
156
733
109
450
284
476
577
451
156
842
666
715
464
464
300
671
614
239
155
891
759
283
618
582
832
613
80
189
131
738
585
557
28
525
573
431
806
630
748
579
553
10
659
646
311
126
725
357
516
0
91
372
292
230
194
479
568
110
697
175
355
438
60
283
80
851
218
294
178
506
90
55
395
259
733
608
218
580
506
709
268
191
241
648
213
54
108
136
581
131
950
334
796
340
534
544
85
9
706
285
603
124
402
501
7
304
926
890
589
949
686
547
829
844
851
247
490
450
3
649
302
707
996
566
329
715
386
108
403
97
105
50
27
924
3
709
239
143
493
538
774
815
982
787
99
187
600
67
223
91
0
59
514
646
443
717
703
185
688
204
742
394
857
535
75
292
544
346
724
443
580
125
237
721
822
936
691
614
487
574
489
737
429
368
525
812
841
812
915
716
257
777
532
813
877
222
772
92
743
846
547
928
831
721
652
21
762
793
624
932
709
149
898
690
403
680
198
635
537
384
223
589
357
806
656
348
140
305
996
384
655
936
930
124
155
704
340
240
637
693
850
127
63
299
527
784
639
827
533
372
59
0
137
382
588
153
854
68
761
265
782
438
851
327
782
854
853
266
56
447
699
407
247
975
712
124
857
300
522
497
333
715
386
733
65
64
364
421
194
501
27
256
717
91
795
207
719
714
648
539
326
80
786
714
933
194
533
17
362
129
774
724
680
603
289
553
278
853
567
358
399
608
945
423
996
424
547
941
507
902
47
456
68
125
197
464
825
370
778
553
80
295
63
216
771
82
448
583
395
292
514
137
0
33
604
104
642
225
401
614
13
96
695
174
460
917
651
970
325
615
386
866
574
653
229
459
120
772
162
434
241
548
400
164
645
344
47
801
346
596
330
525
615
917
473
31
145
80
469
258
155
826
272
626
4
37
822
336
945
982
957
821
394
490
727
222
846
500
825
295
428
430
675
828
653
229
872
353
659
39
349
677
56
220
311
357
393
679
329
160
173
391
52
176
34
132
207
40
842
230
646
382
33
0
449
234
126
43
980
493
619
517
371
820
740
759
575
202
692
721
267
935
323
757
64
625
381
48
163
23
599
870
273
333
352
401
66
138
700
369
486
763
132
653
174
69
544
836
522
842
217
548
944
511
645
519
148
512
639
365
722
122
820
522
745
660
450
47
502
51
749
199
783
456
33
499
75
869
94
355
447
398
206
966
262
877
699
583
216
794
981
605
582
529
549
455
746
276
508
194
443
588
604
449
0
978
397
994
383
27
478
732
184
933
14
929
372
139
61
757
547
937
732
977
435
227
566
810
476
25
276
718
362
406
467
299
50
51
547
598
241
329
441
85
878
894
880
818
499
649
539
810
279
22
540
705
180
152
6
701
942
618
445
18
952
475
729
680
44
10
25
909
601
583
323
144
327
881
594
497
379
623
222
240
998
727
784
118
487
874
990
433
295
986
587
542
969
54
21
479
717
153
104
234
978
0
789
86
843
701
194
31
64
108
155
421
710
280
616
677
959
925
94
56
825
490
939
878
243
588
177
914
24
345
897
277
701
546
38
96
897
729
94
959
584
305
923
912
917
47
714
723
870
126
445
974
629
670
241
652
238
952
231
655
64
432
491
46
440
447
185
880
743
826
380
748
71
524
930
224
822
320
853
981
296
546
52
978
873
756
59
851
607
149
558
374
893
664
188
568
703
854
642
126
397
789
0
263
820
260
177
738
143
918
432
230
793
246
459
632
774
703
216
688
156
151
935
205
66
507
220
172
531
181
261
585
85
959
301
12
717
53
315
163
135
751
216
221
919
495
567
302
183
753
972
152
712
30
105
262
561
188
317
332
276
159
505
384
734
109
872
296
313
414
757
21
726
358
48
649
680
19
927
21
570
319
633
433
633
617
680
601
847
494
462
73
841
18
990
110
185
68
225
43
994
86
263
0
476
742
202
728
773
721
655
174
873
586
906
259
243
126
808
745
419
610
480
97
390
213
657
531
79
477
513
175
945
433
556
205
703
2
801
291
78
617
844
304
818
794
907
444
670
176
878
930
526
982
94
743
913
612
549
28
572
647
294
861
59
530
51
775
217
232
392
125
111
385
101
120
855
127
449
819
365
750
374
77
210
624
762
663
251
382
294
231
608
616
41
697
688
761
401
980
383
843
820
476
0
653
518
376
496
929
513
37
314
860
603
992
520
500
60
350
750
69
25
866
259
615
502
737
685
928
471
141
549
134
140
442
755
574
158
15
820
916
788
454
393
643
419
703
405
450
179
646
545
490
204
413
840
610
218
834
386
443
462
262
717
494
645
139
244
381
40
600
930
513
552
765
244
405
181
821
842
55
948
619
240
320
740
619
64
376
747
276
715
747
840
175
204
265
614
493
27
701
260
742
653
0
60
98
363
401
585
544
702
919
555
585
422
487
301
732
973
217
835
575
780
866
489
826
501
331
292
317
665
340
677
407
209
708
714
228
279
884
619
982
898
433
261
307
862
482
478
214
650
294
792
647
601
131
588
944
431
717
423
277
225
983
442
628
114
873
379
957
892
955
915
785
135
857
334
427
875
506
381
427
2
944
614
980
555
763
564
660
453
84
584
355
742
782
13
619
478
194
177
202
518
60
0
742
616
760
974
825
262
958
342
221
927
497
14
849
611
761
48
785
275
546
290
537
48
743
934
610
763
434
464
27
987
524
32
602
202
257
716
845
75
611
252
915
61
338
171
132
378
522
837
739
829
404
323
164
536
894
695
79
919
948
678
321
53
819
675
561
78
696
565
447
815
939
897
294
910
570
541
103
881
836
28
116
910
273
501
625
862
130
91
438
394
438
96
517
732
31
738
728
376
98
742
0
150
266
708
485
471
852
731
338
452
322
859
21
124
273
688
621
808
87
203
642
425
457
785
600
657
69
787
300
949
373
950
668
357
327
783
946
823
181
826
587
786
105
745
293
278
819
912
712
267
99
116
810
420
893
875
677
293
440
632
571
27
882
43
349
242
617
899
755
977
398
696
706
753
689
862
52
714
196
459
96
487
877
389
812
686
322
107
60
857
851
695
371
184
64
143
773
496
363
616
150
0
249
228
899
416
62
421
402
60
104
939
352
364
860
912
163
2
626
784
459
506
40
172
302
372
736
757
478
710
319
858
809
953
122
27
419
962
295
270
528
929
229
124
701
748
38
421
26
873
743
97
369
335
874
41
168
258
778
656
520
590
189
973
829
8
651
587
137
381
946
802
96
652
275
970
336
176
191
93
421
306
242
142
235
524
186
295
283
535
327
174
820
933
108
918
721
929
401
760
266
249
0
785
768
5
432
365
569
707
777
970
769
226
687
89
247
252
805
971
758
58
734
920
2
422
548
936
832
733
260
337
190
872
295
154
196
519
211
527
744
538
54
606
864
220
314
208
868
488
550
492
552
276
215
723
414
501
860
169
942
11
654
975
984
268
174
924
663
59
385
22
589
265
756
105
496
63
315
209
521
180
86
246
787
345
312
693
80
75
782
460
740
14
155
432
655
513
585
974
708
228
785
0
819
652
319
455
596
254
170
166
67
526
300
258
581
673
17
309
489
614
787
1000
696
278
78
203
377
980
883
38
174
251
651
307
668
364
785
578
148
412
727
669
552
448
212
578
929
206
710
477
426
696
917
995
679
620
467
898
947
48
531
427
717
648
727
245
237
541
157
728
290
497
855
428
277
304
712
232
847
723
852
53
825
535
348
296
851
292
854
917
759
929
421
230
174
37
544
825
485
899
768
819
0
651
111
518
477
621
30
169
267
619
796
325
185
980
783
225
328
456
534
884
124
298
301
483
718
729
666
245
418
738
1000
228
638
191
698
700
821
474
237
594
966
245
944
371
668
863
420
926
924
562
914
600
257
62
995
541
611
175
943
573
288
809
27
256
208
377
890
621
221
942
616
183
906
368
88
744
776
986
353
431
411
170
803
494
218
544
853
651
575
372
710
793
873
314
702
262
471
416
5
652
651
0
246
167
963
879
556
935
315
29
570
248
177
758
323
875
733
321
906
265
239
419
794
260
834
240
83
398
89
553
13
398
893
261
892
215
94
103
637
391
75
980
106
839
980
314
29
662
443
734
771
855
669
902
934
211
443
497
98
998
583
9
843
826
323
133
679
984
914
633
157
415
348
586
880
632
183
259
761
33
841
259
472
215
294
346
266
970
202
139
280
246
586
860
919
958
852
62
432
319
111
246
0
897
603
254
426
569
158
446
271
959
509
576
285
393
774
652
745
692
470
587
556
641
340
696
320
417
987
118
28
209
175
622
168
131
140
525
243
341
688
394
451
174
107
82
133
881
527
665
468
205
445
929
559
979
398
515
263
196
172
339
836
948
67
127
889
266
319
522
579
729
292
207
633
674
830
264
961
938
679
199
499
825
178
724
56
325
692
61
616
459
906
603
555
342
731
421
365
455
518
167
897
0
513
287
994
44
567
256
415
507
869
596
622
410
777
589
461
312
84
745
967
577
917
409
68
62
472
56
111
878
357
488
159
831
531
540
440
187
440
462
292
321
300
327
156
584
475
183
556
852
175
698
495
835
374
818
24
594
995
617
725
869
309
545
104
545
248
170
850
950
18
378
290
328
963
289
186
404
145
904
985
515
506
443
447
615
721
757
677
632
259
992
585
221
338
402
569
596
477
963
603
513
0
994
487
670
700
351
358
324
632
702
984
875
512
905
795
433
431
966
65
84
519
55
30
667
917
775
744
611
589
698
558
545
121
170
194
185
281
103
228
814
745
174
869
873
322
138
589
683
465
74
725
352
209
146
409
466
382
632
991
330
58
305
462
98
908
84
686
293
533
503
92
126
346
744
455
519
75
451
875
566
90
580
699
386
267
547
959
774
243
520
422
927
452
60
707
254
621
879
254
287
994
0
29
154
76
720
122
72
168
231
304
141
102
679
643
297
237
922
824
605
749
582
389
885
490
241
18
532
683
292
237
688
553
143
549
995
13
946
919
917
153
197
602
52
41
13
747
205
278
122
366
121
4
188
486
598
885
70
689
557
648
358
533
386
753
735
231
547
169
868
609
101
299
760
988
299
627
9
455
128
55
125
407
866
935
937
925
703
126
500
487
497
322
104
777
170
30
556
426
994
487
29
0
86
370
465
112
637
593
491
822
248
916
715
910
924
896
586
969
576
801
283
960
546
490
74
624
202
451
836
726
606
610
579
298
814
130
54
489
141
607
697
865
583
327
742
299
633
294
647
624
49
107
491
672
885
344
508
131
912
447
611
857
159
656
235
773
81
735
945
846
189
281
988
525
912
954
699
537
345
395
237
247
574
323
732
94
216
808
60
301
14
859
939
970
166
169
935
569
44
670
154
86
0
27
8
400
203
565
27
211
296
5
825
272
559
555
315
393
917
578
339
773
810
513
363
934
248
977
268
351
368
666
133
279
37
179
447
892
546
211
383
73
871
965
266
212
497
964
804
861
90
550
16
282
228
553
711
82
558
589
664
855
460
969
214
904
834
427
169
445
280
644
361
164
850
903
582
503
609
259
721
975
653
757
977
56
688
745
350
732
849
21
352
769
67
267
315
158
567
700
76
370
27
0
305
123
56
908
987
464
967
538
101
81
763
269
273
931
491
747
904
190
854
994
749
865
809
438
879
983
815
102
54
243
223
770
110
150
225
130
528
702
377
187
174
616
121
19
570
662
640
351
924
989
873
81
533
481
745
708
668
773
245
697
899
453
632
847
700
439
817
898
922
592
832
496
866
759
763
733
822
712
229
64
435
825
156
419
750
973
611
124
364
226
526
619
29
446
256
351
720
465
8
305
0
281
957
601
17
102
367
227
411
208
302
871
790
10
898
196
658
292
354
326
992
470
114
885
422
802
943
570
554
204
434
740
325
444
845
762
631
50
197
657
168
407
633
273
314
983
999
790
160
405
374
543
827
776
922
203
766
702
982
275
121
824
112
399
905
842
948
965
647
358
89
263
732
908
302
608
936
124
459
625
227
490
151
610
69
217
761
273
860
687
300
796
570
271
415
358
122
112
400
123
281
0
807
777
586
615
558
859
601
998
497
279
753
954
990
341
311
920
885
741
478
880
267
638
125
276
699
542
869
207
123
246
531
695
167
168
285
13
594
417
180
842
581
908
469
64
766
259
929
342
924
443
905
748
221
615
57
416
453
202
465
388
4
132
368
186
756
637
397
157
773
144
438
647
356
218
691
857
120
381
566
939
935
480
25
835
48
688
912
89
258
325
248
959
507
324
72
637
203
56
957
807
0
858
494
617
483
370
272
103
411
339
248
53
953
529
493
188
946
219
741
423
727
336
865
791
74
943
955
125
398
300
134
778
952
496
809
163
566
647
608
268
241
417
519
192
149
97
975
537
222
494
280
219
735
880
875
681
637
928
673
234
99
835
563
884
554
359
526
263
867
407
163
44
915
580
614
300
772
48
810
878
205
97
866
575
785
621
163
247
581
185
177
509
869
632
168
593
565
908
601
777
858
0
246
579
685
236
482
548
528
958
36
770
383
296
872
352
510
189
786
557
307
722
969
282
170
435
568
113
763
508
412
487
650
114
429
576
942
358
331
831
966
636
764
6
211
720
186
656
413
698
232
233
671
142
939
188
920
230
475
546
330
193
487
315
105
932
79
660
311
692
880
13
639
506
487
522
162
163
476
243
66
390
259
780
275
808
2
252
673
980
758
576
596
702
231
491
27
987
17
586
494
246
0
14
61
526
544
923
514
456
393
316
347
204
180
45
275
236
691
446
739
967
377
779
868
812
663
302
890
323
860
778
540
723
314
586
259
831
66
254
136
144
509
890
785
106
816
516
485
677
401
381
506
389
523
179
37
314
457
155
142
515
184
509
937
202
213
787
152
58
287
207
790
709
574
497
434
23
25
588
507
213
615
866
546
87
626
805
17
783
323
285
622
984
304
822
211
464
102
615
617
579
14
0
625
209
493
109
542
93
389
131
218
44
703
903
100
195
140
678
77
709
780
702
627
618
620
760
456
616
602
864
748
194
871
666
525
73
285
505
770
580
717
671
730
303
211
186
911
397
791
243
430
529
672
373
920
664
50
770
946
35
36
470
84
629
480
950
75
211
224
157
62
268
489
333
241
599
276
177
220
657
502
489
290
203
784
971
309
225
875
393
410
875
141
248
296
967
367
558
483
685
61
625
0
945
93
201
269
708
74
474
584
20
828
484
231
527
390
706
25
764
555
487
436
169
792
77
195
140
165
409
91
733
398
912
233
939
887
133
247
345
528
909
41
193
842
788
142
376
714
109
398
109
943
391
982
70
977
374
6
165
964
668
927
515
51
238
864
148
356
44
233
191
737
715
548
870
718
914
172
531
737
826
537
642
459
758
489
328
733
774
777
512
102
916
5
538
227
859
370
236
526
209
945
0
186
609
716
25
546
718
108
39
442
924
377
771
239
442
446
918
361
857
5
566
187
941
768
993
665
680
313
206
701
284
880
273
258
746
149
126
446
546
72
933
917
494
605
163
513
70
303
542
956
731
994
863
817
459
863
539
125
831
301
732
985
31
688
158
165
256
746
241
429
386
400
273
362
24
531
79
685
501
48
425
506
58
614
456
321
652
589
905
679
715
825
101
411
601
272
482
544
493
93
186
0
16
376
262
94
90
503
695
459
16
402
52
311
954
33
154
627
772
742
229
522
362
64
719
751
416
127
978
587
262
422
227
969
852
220
323
252
209
523
408
339
12
158
726
808
713
536
410
872
683
739
973
848
1000
283
751
463
900
420
88
815
715
748
872
909
611
543
648
368
733
164
333
406
345
181
477
928
331
743
457
40
734
787
534
906
745
461
795
643
910
272
81
208
998
103
548
923
109
201
609
16
0
773
589
705
955
854
514
689
926
935
635
87
7
490
8
155
605
656
288
812
363
173
313
295
714
391
393
141
891
170
946
966
933
377
628
414
656
935
456
199
16
142
915
810
908
400
929
945
701
141
742
569
562
132
244
12
953
308
779
981
406
986
514
656
98
198
213
525
65
645
352
467
897
261
513
471
292
934
785
172
920
1000
884
265
692
312
433
297
924
559
763
302
497
411
528
514
542
269
716
376
773
0
610
312
313
99
845
746
269
84
604
195
90
554
883
677
60
292
915
985
283
857
338
236
837
124
14
739
296
32
244
532
25
569
161
753
196
200
223
259
565
47
883
188
465
203
519
530
393
306
17
968
476
222
222
338
536
231
196
116
891
651
983
651
289
529
54
812
64
344
401
299
277
585
175
141
317
610
600
302
2
696
124
239
470
84
431
237
896
555
269
871
279
339
958
456
93
708
25
262
589
610
0
701
489
382
726
257
753
514
581
365
764
776
831
44
608
200
780
544
271
225
178
372
7
920
390
593
345
459
442
90
519
672
487
106
356
911
1
241
918
326
888
690
786
507
108
99
563
541
300
177
271
84
167
557
952
722
697
224
322
583
936
60
80
288
108
841
364
47
66
50
701
85
945
549
665
763
657
372
422
278
298
419
587
745
966
922
586
315
273
790
753
248
36
393
389
74
546
94
705
312
701
0
10
850
474
94
879
212
154
902
944
795
551
114
993
948
298
659
763
322
828
862
293
754
465
897
410
417
747
906
795
698
569
852
324
354
286
265
764
813
306
10
264
364
287
571
279
304
807
683
168
491
386
354
80
451
960
762
2
348
670
166
757
810
136
812
421
801
138
51
546
959
433
134
340
434
69
736
548
78
301
794
556
967
65
824
969
393
931
10
954
53
770
316
131
474
718
90
955
313
489
10
0
565
710
485
594
980
909
514
670
662
225
345
104
767
184
393
449
709
123
535
759
949
37
217
184
605
352
760
586
911
465
281
44
359
985
348
522
60
128
655
738
130
488
406
650
867
456
16
979
917
913
549
838
658
787
263
508
39
306
456
742
391
581
915
194
346
700
547
38
301
556
140
677
464
787
757
936
203
483
260
641
577
84
605
576
917
491
898
990
953
383
347
218
584
108
503
854
99
382
850
565
0
264
362
922
604
783
295
732
308
71
273
129
129
944
236
50
164
742
167
293
720
187
973
470
146
511
377
467
441
954
882
480
153
582
468
910
513
240
673
301
37
804
761
752
356
782
52
794
462
923
967
451
322
99
520
989
802
81
723
254
325
131
716
501
596
369
598
96
12
205
442
407
27
300
478
832
377
718
834
340
917
519
749
801
578
747
196
341
529
296
204
44
20
39
695
514
845
726
474
710
264
0
571
414
757
92
600
510
779
71
30
228
192
590
98
844
160
602
920
652
802
668
888
748
680
658
696
128
975
694
462
396
22
890
935
758
995
667
737
985
435
513
277
903
226
482
104
467
69
747
475
232
90
7
742
88
637
512
264
61
303
950
257
27
330
486
241
897
717
703
755
209
987
949
710
733
980
729
240
696
409
55
582
283
339
904
658
311
493
872
180
703
828
442
459
689
746
257
94
485
362
571
0
375
404
595
91
534
303
410
667
668
944
604
821
93
399
652
625
239
7
384
498
331
808
209
690
979
219
29
312
672
993
916
420
695
638
456
410
582
631
777
689
108
739
535
890
871
24
223
68
134
48
417
802
617
507
86
681
159
826
334
777
256
525
763
329
729
53
2
574
708
524
373
319
260
883
666
83
320
68
30
389
960
773
190
292
920
188
352
45
903
484
924
16
926
269
753
879
594
922
414
375
0
512
166
550
151
745
421
17
142
747
359
728
223
496
123
941
981
522
968
206
173
706
489
858
505
650
836
78
92
826
860
209
693
817
50
730
355
325
823
689
35
728
726
653
227
911
661
414
140
582
101
7
147
103
407
351
167
919
796
532
717
615
132
441
94
315
801
158
714
32
950
858
337
38
245
398
417
62
667
885
546
810
854
354
885
946
510
275
100
231
377
402
935
84
514
212
980
604
757
404
512
0
362
591
864
980
364
473
480
53
371
391
74
210
129
358
844
554
141
617
819
187
964
751
470
987
385
975
764
141
606
482
37
876
765
119
823
692
483
997
805
179
484
214
248
928
505
388
946
114
113
297
78
850
808
29
533
838
340
813
91
917
653
85
959
163
291
15
228
602
668
809
190
174
418
89
987
472
917
490
490
513
994
326
741
219
189
236
195
527
771
52
635
604
581
154
909
783
92
595
166
362
0
67
679
675
364
267
551
423
913
162
420
376
164
316
719
445
873
128
981
439
933
813
754
627
651
44
463
550
622
599
441
702
536
40
888
54
541
596
870
374
441
367
321
738
732
781
759
237
877
252
641
185
370
445
333
58
534
877
795
473
174
878
584
135
78
820
279
202
357
953
872
251
738
553
118
56
775
241
74
363
749
992
478
741
786
691
140
390
239
311
87
195
365
902
514
295
600
91
550
591
67
0
926
606
244
294
280
729
69
798
637
620
708
794
179
568
578
447
324
199
545
20
714
949
905
594
878
368
868
682
294
985
82
850
293
68
579
583
54
637
879
401
362
992
342
255
209
11
231
935
365
827
577
79
947
598
544
222
207
31
69
894
305
751
617
916
884
257
327
122
295
651
1000
13
28
111
744
18
624
934
865
470
880
423
557
446
678
706
442
954
7
90
764
944
670
732
510
534
151
864
679
926
0
834
371
645
143
53
379
630
987
947
565
329
586
10
383
731
499
270
447
55
578
997
236
658
908
705
50
538
210
28
767
499
270
864
243
652
160
211
774
944
616
521
200
763
441
324
795
200
587
90
298
375
382
832
85
772
719
145
544
880
923
216
844
788
619
716
783
27
154
307
228
398
209
878
611
532
202
248
809
114
267
727
307
739
77
25
446
33
490
554
776
795
662
308
779
303
745
980
675
606
834
0
45
189
8
441
703
999
32
380
541
271
427
968
419
337
567
786
27
146
180
576
831
708
258
917
710
181
327
3
54
599
79
428
688
16
960
909
164
490
914
417
85
144
135
726
917
760
473
325
457
291
52
755
9
92
714
80
836
818
912
221
304
454
982
845
946
419
196
668
638
893
175
357
589
683
451
977
438
885
638
336
722
967
709
764
918
154
8
883
831
551
225
71
71
410
421
364
364
244
371
45
0
941
638
581
300
620
282
375
440
384
661
339
825
868
528
177
677
756
616
426
3
416
173
535
459
78
367
664
814
185
44
473
356
815
294
99
230
173
307
135
667
774
801
167
588
631
601
898
783
838
700
191
706
743
648
469
522
499
917
919
818
393
898
75
823
962
519
364
191
261
622
488
698
292
836
268
879
422
125
865
969
377
780
555
361
627
155
677
44
114
345
273
30
667
17
473
267
294
645
189
941
0
875
549
786
223
691
743
268
318
465
247
362
995
885
298
610
270
571
633
47
787
146
720
758
513
555
495
644
283
114
292
912
162
798
529
779
860
683
933
710
538
833
120
509
159
758
833
545
286
820
507
285
846
539
258
842
649
47
495
794
643
433
611
181
295
211
785
698
892
168
159
558
237
726
351
983
802
276
791
282
779
702
487
857
772
605
60
608
993
104
129
228
668
142
480
551
280
143
8
638
875
0
309
353
637
834
100
48
506
97
963
118
579
958
545
424
257
927
558
410
290
324
966
110
153
494
399
325
847
830
589
211
590
757
997
374
702
351
206
796
903
126
863
935
85
395
688
948
891
608
156
603
547
326
155
217
539
714
567
907
419
261
252
826
270
527
578
700
215
131
831
545
688
606
368
815
943
699
74
170
868
627
436
5
742
656
292
200
948
767
129
192
944
747
53
423
729
53
441
581
549
309
0
957
29
850
644
780
4
166
106
873
513
261
71
455
990
629
520
583
286
428
296
303
325
459
557
244
270
157
323
394
428
414
532
835
296
815
290
475
192
915
675
555
175
386
206
472
794
762
733
124
928
80
826
548
810
723
302
444
703
307
915
587
528
744
148
821
94
140
531
121
553
610
666
102
570
542
943
435
812
618
169
566
229
288
915
780
298
184
944
590
604
359
371
913
69
379
703
300
786
353
957
0
394
931
380
860
17
407
278
71
126
290
52
766
860
921
229
985
462
787
712
392
310
295
294
626
142
78
286
183
795
535
206
237
772
621
510
373
108
904
673
544
432
795
686
87
126
308
109
402
831
786
272
944
279
870
183
670
405
862
61
786
929
538
412
474
103
525
540
170
143
579
133
54
554
869
955
568
663
620
792
187
522
812
985
544
659
393
236
98
821
728
391
162
798
630
999
620
223
637
29
394
0
302
356
365
480
407
383
534
825
732
818
986
594
437
605
861
273
93
400
683
794
247
776
88
270
966
761
232
123
616
547
5
412
867
101
557
251
381
766
557
504
966
150
474
365
735
450
501
721
714
626
511
22
126
753
176
450
482
338
105
229
54
727
237
637
243
440
194
549
298
279
243
204
207
125
113
302
760
77
941
362
363
283
271
763
449
50
844
93
223
74
420
637
987
32
282
691
834
850
931
302
0
965
448
129
339
206
913
581
213
971
256
171
1
674
79
652
784
823
400
500
827
332
223
938
939
236
172
49
864
829
890
38
202
505
368
329
128
821
704
77
406
448
276
351
223
284
7
652
933
4
645
540
445
972
878
179
478
171
745
124
606
669
594
391
341
187
185
995
814
37
223
434
123
398
763
890
456
195
768
64
173
857
225
322
709
164
160
399
496
210
376
620
947
380
375
743
100
644
380
356
965
0
171
827
243
124
685
239
453
760
96
274
713
751
545
552
491
209
355
295
533
791
849
401
683
827
457
886
998
396
458
437
486
171
874
876
915
524
343
424
387
50
616
77
73
476
304
21
194
37
519
705
974
152
930
646
214
132
293
701
864
552
966
75
688
440
281
13
130
179
770
740
246
300
508
323
616
140
993
719
313
338
178
828
123
742
602
652
123
129
164
708
565
541
440
268
48
780
860
365
448
171
0
764
242
42
355
507
136
962
57
614
643
113
431
733
259
920
792
987
387
672
574
772
671
51
237
379
954
98
480
346
141
116
383
434
832
88
863
486
386
692
723
560
364
577
926
762
533
822
148
180
629
712
526
545
650
378
278
748
220
448
245
980
394
462
103
946
54
447
110
325
531
134
412
860
602
165
665
751
295
236
372
862
535
167
920
625
941
358
316
794
329
271
384
318
506
4
17
480
129
827
764
0
763
116
36
41
844
716
230
40
92
214
942
111
174
114
177
180
951
34
430
352
436
896
974
118
379
961
627
742
115
257
384
407
670
32
552
446
183
678
454
123
755
451
890
793
17
336
512
152
670
30
982
490
294
522
819
38
314
212
944
106
451
292
228
919
489
892
150
444
695
778
487
778
864
409
680
416
714
837
7
293
759
293
652
239
981
844
719
179
586
427
661
465
97
166
407
407
339
243
242
763
0
365
656
734
667
721
318
324
31
542
66
910
675
572
568
651
696
735
149
413
772
390
609
500
250
717
819
446
313
302
458
732
189
540
169
348
814
512
169
606
493
156
589
624
362
945
639
6
241
105
94
204
792
837
912
421
208
578
371
839
174
321
814
917
141
546
225
845
167
952
650
540
748
91
313
127
391
124
920
754
949
720
802
7
522
554
445
568
10
968
339
247
963
106
278
383
206
124
42
116
365
0
416
942
723
302
431
137
17
266
953
57
64
896
354
229
791
220
83
345
165
564
803
969
44
218
366
229
216
314
864
306
755
258
162
805
300
422
683
850
681
842
949
932
129
982
365
701
652
262
743
413
647
739
712
26
868
929
668
980
107
300
745
153
607
211
130
762
168
496
114
723
194
733
206
978
393
14
390
465
37
187
668
384
968
141
873
578
383
419
825
362
118
873
71
534
913
685
355
36
656
416
0
804
997
463
93
182
859
679
505
638
612
933
48
620
358
40
109
536
551
531
626
811
168
956
335
678
652
720
643
561
901
148
729
603
172
19
330
335
28
666
686
709
774
957
722
942
238
561
913
840
601
829
267
873
488
206
863
314
82
327
174
197
697
383
528
631
285
809
429
314
871
398
701
587
141
739
593
897
217
973
888
498
206
617
128
447
731
337
868
995
579
513
126
825
581
239
507
41
734
942
804
0
480
19
957
453
650
354
951
995
51
888
536
98
519
544
838
362
583
166
521
990
115
95
133
720
594
731
964
990
13
994
445
438
914
443
261
885
157
715
547
149
724
821
122
618
952
188
612
610
131
404
99
743
550
710
420
29
133
156
869
602
865
73
702
50
13
163
576
586
666
912
284
262
891
296
345
410
184
470
748
331
173
819
981
324
499
567
528
885
958
261
290
732
213
453
136
844
667
723
997
480
0
1000
493
431
565
722
450
843
373
609
236
682
893
446
600
672
226
796
701
344
737
380
338
709
234
172
852
215
109
593
434
799
680
316
602
165
306
464
829
898
680
394
820
445
231
317
549
218
588
323
116
97
492
477
926
662
881
584
873
52
583
871
377
197
594
566
942
259
525
233
880
422
170
32
459
417
605
146
680
808
706
187
439
199
270
786
177
298
545
71
52
818
971
760
962
716
721
302
463
19
1000
0
290
153
782
83
290
349
376
37
480
614
542
687
882
730
270
333
101
953
23
849
142
712
749
770
475
577
122
799
109
420
902
597
78
811
228
464
844
690
603
490
522
18
655
332
28
834
944
164
810
369
552
426
924
443
527
475
322
41
327
965
187
657
417
647
358
831
73
939
273
227
946
244
442
747
352
511
658
209
489
964
933
545
447
27
677
610
424
455
766
986
256
96
57
230
318
431
93
957
493
290
0
428
484
418
256
737
886
205
545
520
205
897
668
493
840
637
211
701
291
880
322
822
468
462
561
467
311
869
280
48
975
240
995
130
636
300
851
403
289
727
745
952
64
276
572
386
431
536
420
335
276
696
562
734
665
183
138
13
742
266
174
168
180
608
331
66
285
887
258
969
966
532
90
906
760
377
696
690
858
751
813
20
55
146
756
270
257
990
860
594
171
274
614
40
324
137
182
453
431
153
428
0
645
396
475
485
147
64
318
765
815
643
368
511
521
348
802
991
286
120
656
692
945
298
968
820
110
267
780
672
82
895
1
988
87
671
247
680
553
222
660
475
432
159
647
443
717
894
893
874
215
917
914
771
468
556
589
747
299
212
616
407
842
268
831
254
505
133
746
852
933
25
519
795
586
467
128
979
505
470
754
714
578
180
616
571
927
629
921
437
1
713
643
92
31
17
859
650
565
782
484
645
0
499
546
861
203
150
587
881
973
585
423
739
78
500
401
993
601
567
219
907
589
453
730
462
835
836
938
100
704
818
910
773
931
614
490
198
278
846
450
729
491
505
294
462
423
695
875
41
723
995
600
855
205
852
683
205
633
497
121
633
581
241
966
136
770
247
149
220
377
569
672
698
911
441
975
219
650
987
627
949
997
576
426
633
558
520
229
605
674
751
113
214
542
266
679
354
722
83
418
396
499
0
930
177
527
843
910
862
109
879
899
662
467
106
450
830
629
660
402
29
868
74
238
348
839
398
385
489
105
799
288
437
146
239
450
635
853
500
47
680
46
384
861
262
277
79
677
168
414
679
257
669
445
175
465
278
294
964
19
273
908
417
636
144
580
345
126
323
628
161
487
569
465
954
694
29
836
385
651
905
236
831
3
47
410
583
985
861
79
545
431
942
66
953
505
951
450
290
256
475
546
930
0
451
801
671
286
860
696
31
575
938
239
960
239
129
135
950
880
950
926
403
564
631
504
553
391
551
236
14
29
755
613
155
3
537
567
825
502
44
440
734
59
717
225
919
293
258
501
620
62
902
929
698
74
122
647
804
570
314
469
519
764
509
717
528
446
252
414
753
106
852
281
882
462
312
78
975
44
594
658
708
416
787
290
286
462
273
652
552
733
111
910
57
638
995
843
349
737
485
861
177
451
0
547
919
458
789
603
271
599
873
64
23
166
95
633
247
702
183
831
993
647
70
42
72
982
672
905
261
661
353
555
891
649
384
358
295
51
10
447
109
530
494
983
948
440
778
860
467
995
934
559
495
725
366
624
861
662
983
64
192
6
890
671
909
546
209
656
196
356
324
44
480
396
672
92
764
463
878
908
258
173
146
324
428
787
93
784
491
259
174
675
64
612
51
373
376
886
147
203
527
801
547
0
545
854
25
744
480
815
566
80
81
873
288
472
547
231
171
854
835
918
196
495
748
528
877
610
757
880
396
224
759
302
223
399
428
749
25
185
872
51
645
442
678
632
656
169
898
541
211
979
835
352
121
49
90
640
999
766
149
211
785
730
41
72
523
935
200
911
354
359
153
22
993
826
141
550
368
705
917
535
720
966
296
712
400
823
209
920
114
572
896
933
888
609
37
205
64
150
843
671
919
545
0
306
375
517
371
91
214
315
516
523
289
193
860
370
20
511
870
226
234
310
869
648
130
428
450
604
231
522
283
707
589
608
430
199
909
880
296
775
139
628
321
571
520
942
947
611
443
398
374
209
4
107
550
351
790
259
97
720
106
303
193
933
408
456
223
1
286
985
582
890
916
860
606
622
868
50
710
459
758
110
303
392
683
400
355
792
177
568
354
48
536
236
480
545
318
587
910
286
458
854
306
0
623
41
777
294
777
364
223
350
279
932
707
552
430
96
749
451
145
658
910
928
404
544
786
103
431
40
618
996
357
945
675
783
601
743
313
217
244
114
53
27
590
11
48
175
497
515
818
146
188
491
16
924
160
929
975
186
816
211
842
917
339
199
259
241
265
348
468
935
420
209
482
599
682
538
181
78
513
153
325
310
794
500
295
987
180
651
229
620
98
682
614
520
765
881
862
860
789
25
375
623
0
670
351
222
434
189
114
904
467
370
150
237
845
523
969
364
276
242
649
625
332
996
465
317
69
299
582
566
806
423
828
456
583
826
414
232
381
873
819
882
189
654
531
943
98
263
24
409
486
672
282
989
405
342
537
656
516
186
788
494
12
16
565
918
764
522
910
758
695
693
37
441
294
210
327
367
555
494
459
295
247
827
533
387
951
696
791
358
519
893
542
205
815
973
109
696
603
744
517
41
670
0
661
377
801
328
236
791
830
569
418
551
70
411
287
202
849
65
113
267
728
865
595
455
930
965
832
329
656
996
653
33
323
380
757
392
40
379
675
43
973
975
427
573
998
196
594
466
598
885
228
873
374
924
222
413
485
911
142
605
158
142
47
326
813
60
513
995
638
817
876
702
985
28
3
664
495
399
557
294
776
332
791
672
34
735
220
40
544
446
687
897
643
585
879
31
271
480
371
777
351
661
0
35
760
692
574
265
399
254
649
768
340
30
672
723
234
605
985
513
648
908
305
171
321
605
613
715
348
424
229
499
144
748
21
125
600
957
561
349
829
984
717
288
583
172
995
382
885
344
553
81
543
443
494
698
677
397
376
163
726
915
883
888
306
128
240
667
456
50
765
536
82
767
54
814
644
325
244
626
88
223
849
574
430
149
83
109
838
600
882
668
368
423
899
575
599
815
91
294
222
377
35
0
970
754
261
795
709
543
591
36
146
474
760
898
259
151
939
628
129
87
967
392
73
253
80
386
140
547
872
75
327
71
726
111
930
892
78
242
8
268
648
809
9
339
617
632
70
508
711
533
827
905
280
232
401
791
714
513
808
810
188
690
10
655
673
737
410
730
119
40
850
499
599
185
283
847
270
142
270
938
401
772
352
413
345
536
362
672
730
493
511
739
662
938
873
566
214
777
434
801
760
970
0
684
447
141
350
639
578
859
276
420
629
205
261
481
322
568
692
738
677
88
469
834
189
108
305
941
353
869
881
524
358
385
513
955
696
617
651
174
727
27
843
836
725
991
689
131
82
481
776
748
219
233
381
243
109
70
713
908
465
786
264
738
301
985
582
355
823
888
293
270
79
44
114
830
157
78
966
939
683
671
436
772
165
551
583
226
270
840
521
78
467
239
64
80
315
364
189
328
692
754
684
0
55
810
614
887
699
661
600
847
887
153
611
994
98
432
552
374
48
692
623
630
131
403
996
507
659
94
594
930
48
101
552
915
565
899
587
924
245
256
826
948
869
330
557
912
558
745
922
221
735
671
506
430
398
303
536
400
203
507
364
130
37
435
631
325
692
54
68
864
428
473
292
589
323
286
761
236
827
51
896
390
564
531
166
796
333
637
348
500
106
960
23
81
516
223
114
236
574
261
447
55
0
353
478
676
753
791
49
238
338
619
661
579
604
305
204
715
644
507
692
423
738
97
384
902
39
355
497
224
649
120
765
785
447
755
137
663
237
208
323
67
309
58
648
447
589
708
203
615
880
142
389
529
109
542
410
929
519
108
287
488
804
513
777
823
483
541
579
243
688
356
912
211
394
183
232
172
457
237
974
609
803
626
521
701
101
211
802
401
450
239
166
873
523
350
904
791
265
795
141
810
353
0
793
461
302
113
596
851
325
989
110
677
1
958
135
6
833
904
331
497
585
105
655
47
349
447
379
822
680
855
244
135
815
977
381
59
541
377
133
127
545
305
358
611
664
668
766
57
875
939
523
672
943
956
872
945
530
99
571
406
761
277
689
689
997
596
583
652
16
815
162
590
428
795
123
49
886
379
118
500
969
811
990
344
953
701
991
993
830
129
95
288
289
279
467
830
399
709
350
614
478
793
0
497
481
429
864
111
98
499
395
76
812
328
833
747
498
570
417
911
557
50
936
456
677
398
623
320
19
127
405
857
939
398
946
385
157
890
679
889
104
462
533
857
855
773
702
416
681
188
179
373
391
731
683
701
393
563
279
650
752
903
108
35
805
870
54
160
960
294
798
757
414
535
616
864
998
954
379
250
44
168
115
737
23
291
286
601
629
135
633
472
193
932
370
569
254
543
639
887
676
461
497
0
601
954
353
265
944
790
577
38
914
623
338
832
696
502
263
126
28
27
930
68
56
206
222
853
927
449
181
334
897
696
802
22
728
621
984
266
545
98
386
159
460
245
982
453
637
920
37
920
982
994
739
141
306
541
304
867
356
226
739
728
179
374
637
211
909
99
529
997
532
206
547
829
396
98
961
717
218
956
95
380
849
880
120
567
660
950
247
547
860
707
150
418
649
591
578
699
753
302
481
601
0
123
822
206
298
700
657
141
548
218
556
979
892
329
63
223
525
924
124
125
220
966
240
981
21
819
821
427
294
706
96
589
290
221
914
319
248
908
753
656
969
697
275
202
928
230
314
664
70
863
973
742
17
300
807
456
782
482
535
726
484
441
879
774
164
230
779
374
835
237
5
890
458
480
627
819
366
335
133
338
142
322
656
219
402
880
702
231
370
552
237
551
768
36
859
661
791
113
429
954
123
0
941
835
326
355
739
988
799
308
74
1
244
764
367
794
573
3
155
197
311
262
998
296
570
365
842
875
910
753
652
265
497
942
633
522
170
84
735
235
214
899
121
465
673
475
457
50
977
817
848
569
968
177
683
16
52
104
890
653
214
367
401
944
490
173
860
702
296
772
412
38
437
346
742
446
229
678
720
709
712
822
692
907
29
950
183
171
20
430
845
70
340
146
276
600
49
596
864
353
822
941
0
