0
956
0
831
0
908
0
0
0
0
0
930
0
0
0
0
0
0
564
0
942
260
0
0
0
0
0
0
0
0
0
0
0
0
0
0
0
0
0
0
0
984
0
0
0
365
873
0
0
0
919
0
0
0
0
0
0
0
0
0
0
929
0
0
0
0
0
0
0
0
0
453
867
0
0
0
0
0
0
0
296
810
0
982
0
0
0
824
0
0
0
0
0
0
0
0
0
0
0
0
956
0
0
853
0
0
0
647
0
0
0
0
0
0
0
0
0
0
0
503
0
0
0
0
94
0
0
561
0
0
0
0
0
271
0
458
0
0
0
0
895
948
0
0
0
960
0
824
0
0
0
0
0
0
0
0
0
0
0
0
0
0
0
0
0
0
0
908
960
0
0
0
630
0
0
0
0
0
0
375
0
0
0
0
0
0
0
0
976
848
0
983
0
0
0
824
0
0
0
0
0
0
0
869
947
268
0
913
502
0
0
0
0
0
0
0
977
0
942
0
0
0
0
0
0
0
0
0
0
405
0
0
0
468
0
0
649
0
0
0
0
0
0
0
596
0
0
900
0
0
0
962
0
0
0
0
0
0
0
0
0
0
0
0
0
0
0
0
880
0
0
0
0
337
0
857
566
0
0
0
0
997
851
959
0
0
0
0
896
0
0
0
0
0
805
0
986
0
457
0
831
853
869
0
0
0
0
0
926
952
889
0
0
117
700
0
0
436
0
0
854
0
0
0
0
0
0
0
0
0
0
0
967
919
0
295
0
0
0
0
830
0
0
0
0
0
0
0
0
0
0
0
0
0
0
874
0
0
0
0
0
917
0
997
0
0
0
0
0
0
0
903
0
0
0
57
0
0
396
0
0
0
0
814
331
0
0
999
0
0
0
0
894
868
0
654
0
0
0
0
0
0
947
0
0
710
0
0
569
0
847
0
0
0
0
902
810
0
0
0
0
0
0
0
0
0
0
0
0
0
59
0
0
0
0
0
0
631
941
623
0
0
869
917
0
0
0
827
0
0
0
0
0
0
0
0
0
0
0
157
154
813
50
0
0
990
0
0
0
0
0
0
625
0
986
0
938
0
0
894
0
891
0
0
0
0
303
0
0
0
0
0
0
0
0
0
0
474
0
0
908
0
268
0
710
0
0
0
0
0
0
974
998
0
0
0
0
0
0
0
870
0
0
0
0
0
0
0
0
0
0
709
0
0
834
0
0
0
0
0
0
872
0
0
0
0
0
0
0
141
0
0
877
0
0
0
0
0
0
0
895
0
0
0
0
0
821
0
0
0
0
0
0
0
0
0
358
786
0
300
203
0
910
0
0
0
0
0
0
107
0
0
0
0
0
315
0
0
847
0
0
0
0
0
0
0
0
0
945
0
0
0
0
0
822
0
0
0
0
0
785
0
0
0
0
0
0
0
296
0
0
0
0
0
0
0
0
461
0
0
0
0
0
0
0
0
0
347
0
0
894
0
0
0
0
0
0
0
0
0
0
0
0
0
993
0
0
0
963
0
0
0
0
0
0
0
0
0
993
0
0
843
0
0
0
0
0
133
0
0
0
0
0
0
0
0
388
0
936
0
0
647
913
0
0
0
0
0
0
0
0
806
935
0
0
0
0
0
0
750
0
0
0
0
0
0
0
0
880
230
0
0
0
0
0
0
0
0
0
0
0
0
0
0
0
826
0
885
0
250
0
0
0
0
0
0
0
0
0
0
0
0
0
0
0
0
0
0
0
0
0
0
505
0
0
0
0
0
574
0
0
136
0
653
0
0
0
922
0
802
947
65
0
0
0
0
0
514
0
0
0
0
502
926
569
0
945
0
0
0
0
580
0
0
0
0
0
0
468
0
0
0
0
811
0
0
0
651
0
0
0
0
0
0
661
885
956
946
0
0
882
0
465
0
0
0
0
0
0
0
0
0
0
0
0
0
0
0
0
0
0
0
971
0
0
0
0
0
0
0
0
0
947
0
658
0
0
0
0
0
0
0
0
0
0
561
0
0
0
0
0
0
0
0
0
0
0
0
0
973
0
0
0
952
0
0
0
0
0
0
935
997
0
569
0
0
0
456
0
0
0
0
0
0
915
0
0
0
0
0
0
0
0
0
0
0
0
0
0
0
0
982
0
835
0
0
0
0
0
0
0
0
0
0
0
0
0
0
0
0
0
0
0
0
0
0
0
0
0
0
0
208
0
0
0
0
751
0
560
0
0
0
0
821
928
871
0
0
0
0
0
928
0
0
0
0
0
0
0
0
0
0
0
889
847
0
0
0
0
935
0
0
0
0
0
0
0
0
0
0
0
953
0
0
0
0
0
0
0
0
0
0
0
0
834
814
0
0
0
825
0
558
0
0
0
0
0
0
0
0
0
0
0
0
0
0
0
0
0
253
0
0
109
0
0
0
0
0
895
957
0
0
942
961
0
0
0
0
0
973
0
0
0
0
0
0
0
0
0
0
975
0
0
0
0
0
833
0
0
0
930
0
0
0
0
974
0
806
580
997
0
0
0
0
0
0
0
0
353
0
0
0
0
0
0
840
0
0
0
0
875
0
0
0
0
0
0
0
0
0
0
0
983
0
0
0
0
960
0
848
0
0
915
0
0
0
0
0
0
881
0
0
0
552
0
972
0
0
0
463
0
0
0
212
0
549
0
0
0
0
0
0
0
0
0
432
262
0
0
0
0
0
0
0
0
947
552
0
0
0
0
0
0
0
0
998
0
935
0
0
0
0
0
0
0
850
0
0
0
0
0
0
0
0
0
814
0
0
0
0
0
0
0
0
0
0
0
0
0
323
843
0
0
0
0
0
459
0
0
0
0
837
0
0
0
0
958
0
896
0
0
0
0
318
0
0
0
0
974
0
0
0
0
0
833
758
0
0
0
963
0
0
0
0
954
0
994
0
958
0
0
783
0
0
0
882
0
0
0
0
0
0
0
117
0
0
0
0
0
569
0
0
0
0
477
0
0
0
0
0
0
0
0
0
0
0
0
0
0
0
0
0
0
0
0
128
0
0
0
616
954
0
0
932
0
0
0
0
0
0
0
980
0
821
0
0
0
0
0
0
809
0
808
0
595
0
0
813
0
0
0
0
855
0
877
0
0
0
0
0
0
0
0
0
0
0
987
0
0
0
0
0
857
0
0
0
0
0
717
477
0
0
0
700
0
0
822
0
0
0
0
0
0
477
0
0
0
0
0
0
0
0
0
0
0
0
847
0
849
0
0
0
0
946
886
0
0
0
0
0
0
0
0
0
0
0
0
0
0
841
353
0
0
0
0
0
0
0
0
868
0
0
0
952
0
0
0
0
0
0
0
0
0
0
0
0
0
0
0
0
0
0
0
0
0
965
0
0
0
73
0
901
0
0
0
0
0
0
0
0
0
0
0
0
902
0
0
0
0
0
0
0
850
0
0
0
0
0
0
0
490
0
0
0
0
0
754
0
0
0
0
517
0
855
0
655
0
0
0
347
0
0
0
0
0
0
0
0
0
0
0
0
0
0
0
0
0
0
0
0
806
0
0
0
0
0
0
928
0
0
455
0
0
0
0
0
258
0
0
0
0
0
0
0
0
0
0
0
0
0
0
0
0
0
0
0
0
0
0
0
0
0
977
0
810
0
0
0
0
0
0
0
0
0
0
0
0
873
0
0
874
0
0
0
0
0
0
0
0
0
0
0
880
0
0
0
0
0
0
0
0
0
0
0
819
0
0
0
859
957
0
0
0
0
0
0
0
0
0
0
0
0
0
669
0
0
0
213
0
0
0
0
0
992
881
0
0
0
0
0
164
0
0
0
0
0
0
0
0
0
0
0
0
0
0
0
842
0
0
0
0
0
0
436
0
0
0
0
0
456
0
0
0
0
0
0
873
0
0
0
0
0
806
0
0
0
953
0
0
0
0
0
0
0
938
0
0
0
0
0
0
0
800
0
0
575
696
837
948
837
0
0
0
0
0
0
949
0
0
0
0
0
0
0
0
0
0
0
997
0
0
0
0
0
0
718
0
0
0
0
0
0
0
0
0
0
0
0
922
0
905
0
0
0
0
0
719
0
0
0
564
0
942
0
0
0
0
0
468
0
0
353
0
0
0
0
0
0
0
0
0
0
0
0
0
0
0
0
964
0
0
0
0
0
0
0
0
0
0
0
0
0
0
0
530
172
0
922
0
0
0
802
0
0
0
0
0
0
0
0
0
962
0
0
0
572
879
879
0
0
0
0
0
851
0
0
0
0
0
0
0
0
0
0
0
0
0
0
0
0
0
0
0
0
0
0
0
0
0
0
0
503
0
0
0
0
0
750
0
0
0
0
0
0
0
0
0
0
0
0
0
0
0
0
0
944
0
0
0
0
0
0
0
0
975
902
0
0
0
0
0
0
0
643
82
235
0
570
911
0
928
0
0
0
0
0
0
0
0
0
953
0
0
0
594
0
0
891
0
0
0
0
0
0
0
870
0
0
836
909
0
989
0
0
0
0
240
970
0
0
0
0
0
0
0
0
852
0
0
0
942
0
0
854
0
870
785
0
0
0
0
0
0
0
0
490
874
0
0
0
0
0
0
0
0
0
882
0
0
910
446
988
0
812
0
0
0
0
0
0
0
0
0
0
0
0
0
250
0
0
0
0
0
980
0
0
0
0
0
0
0
0
731
833
909
1000
0
0
0
0
0
0
0
0
0
0
980
0
0
0
0
592
0
0
0
0
0
0
0
923
0
0
0
0
0
0
0
0
522
0
260
0
0
0
0
0
0
0
0
0
953
0
0
0
0
0
0
0
0
0
0
0
0
387
0
0
0
0
0
378
969
0
0
0
102
0
0
957
0
0
0
840
0
0
0
0
0
0
720
0
0
0
379
845
0
0
0
0
0
0
908
0
0
676
810
0
0
0
0
0
204
0
0
0
820
0
0
0
0
0
0
0
0
0
0
0
426
0
0
0
0
0
809
0
998
900
769
0
876
0
0
0
0
0
0
0
0
0
0
0
0
0
0
0
0
0
0
806
0
0
0
0
0
0
815
0
0
893
898
0
0
0
0
0
80
0
0
0
0
0
0
0
0
676
0
0
0
0
0
823
0
0
0
0
993
0
0
0
0
0
0
616
0
0
0
0
0
0
0
0
0
0
943
930
0
0
0
0
0
0
0
0
0
357
0
0
0
0
0
0
0
0
175
0
0
0
0
935
0
0
0
0
0
0
0
0
0
0
811
0
0
0
0
0
0
0
0
0
0
0
0
387
0
0
0
0
0
0
0
0
0
0
0
0
0
0
874
0
863
0
0
0
0
0
0
0
236
0
0
0
0
971
0
0
0
0
890
0
0
809
0
0
0
0
978
0
0
0
815
245
0
0
0
0
0
0
0
0
0
954
0
0
0
0
0
0
0
0
0
0
0
0
0
0
0
0
386
306
0
0
0
94
0
0
0
0
0
0
0
915
0
0
0
0
0
0
0
0
0
0
0
0
815
0
0
0
0
0
0
545
0
965
0
995
99
0
0
0
0
925
0
0
0
0
0
0
0
0
0
0
0
0
444
0
0
0
0
0
0
0
0
0
0
0
0
0
0
0
0
0
0
0
0
0
0
0
217
646
0
0
0
0
559
265
0
0
0
0
328
0
0
0
0
0
0
0
880
0
926
0
0
0
0
0
0
0
0
0
0
0
0
840
814
0
0
0
0
0
0
944
0
0
0
0
0
0
0
0
0
0
0
0
0
401
0
859
809
873
0
105
0
0
0
0
0
0
0
912
981
888
0
0
0
0
264
0
932
0
0
0
0
0
0
0
0
0
0
927
0
0
698
0
0
0
0
0
0
0
0
0
464
0
0
0
0
0
617
888
0
0
0
0
0
0
881
0
0
0
930
0
0
0
0
0
0
0
0
0
0
0
0
0
0
0
847
754
0
953
0
0
882
0
0
0
0
0
0
0
0
0
0
0
0
0
0
0
0
897
0
0
0
926
0
947
0
0
0
958
0
0
0
0
0
328
0
925
0
0
0
922
0
0
0
899
0
519
0
0
0
0
539
0
0
0
0
0
0
0
220
0
0
0
0
0
0
0
913
0
192
0
0
0
0
0
0
0
841
0
0
0
0
561
0
0
0
0
0
0
651
0
0
0
0
0
0
0
0
0
0
0
0
0
893
0
0
0
0
0
918
0
0
979
0
0
775
0
0
944
0
932
0
0
895
0
0
0
0
0
0
0
0
0
408
0
0
0
869
0
0
0
0
0
808
852
502
0
0
0
0
0
0
0
0
0
0
0
0
984
0
0
0
0
0
0
0
907
0
0
0
0
0
903
0
0
828
0
0
0
0
0
0
0
0
0
0
0
296
880
0
0
0
0
0
0
849
0
0
0
964
0
0
0
898
0
0
0
0
918
0
815
0
733
921
0
0
0
0
0
0
0
0
887
0
0
0
0
0
0
0
0
0
910
942
0
0
0
0
0
0
0
0
0
0
0
0
916
0
0
0
0
960
0
0
0
0
0
0
660
0
0
0
0
637
0
0
529
0
0
948
0
968
0
0
0
0
0
423
0
890
882
0
0
405
0
0
0
0
230
0
0
0
0
0
0
0
0
0
0
0
0
910
378
0
0
545
0
0
0
815
0
377
916
572
0
0
0
0
0
719
0
0
0
0
0
0
0
0
920
0
141
0
0
434
0
0
0
0
0
0
0
0
0
0
838
0
0
0
212
0
0
0
0
0
0
0
0
0
0
0
0
0
0
0
0
0
0
0
0
0
0
0
0
0
0
0
0
0
0
0
0
0
0
0
0
59
0
0
0
0
0
0
875
0
0
0
0
0
0
0
0
446
969
0
0
0
0
0
0
0
377
0
0
0
847
0
993
0
0
0
0
0
967
0
0
232
0
0
0
0
0
1000
0
0
0
0
0
898
0
0
0
0
0
0
0
0
0
0
0
0
0
885
0
0
0
0
0
0
0
0
199
0
0
898
0
0
655
0
0
854
847
927
0
0
969
0
0
0
0
0
0
0
0
0
0
0
709
0
0
0
0
0
0
0
0
0
517
0
0
0
0
988
0
0
0
965
0
0
979
733
916
0
0
0
644
0
686
0
0
0
0
0
895
0
0
0
0
0
0
0
0
0
0
0
0
914
0
0
872
0
907
0
252
0
0
0
0
0
0
0
0
0
855
0
0
996
89
0
0
0
0
0
0
0
0
0
0
992
78
0
0
0
0
0
0
0
0
0
0
856
0
0
0
0
967
0
0
0
0
0
0
0
0
0
0
0
0
880
0
0
0
0
0
0
0
0
0
0
0
921
572
0
0
0
316
0
0
0
0
641
0
0
0
0
0
0
0
0
0
0
0
0
878
0
0
0
0
0
0
0
0
0
0
0
835
0
0
0
0
0
996
537
0
0
0
0
0
0
0
0
0
0
0
0
0
0
0
0
0
0
0
0
882
0
0
0
338
978
0
0
0
0
271
468
919
0
0
0
0
0
0
0
0
0
0
946
855
0
0
0
0
812
0
0
0
995
401
0
0
0
0
847
644
316
0
0
0
847
0
0
0
0
0
889
0
0
0
914
450
0
0
0
101
0
0
0
0
0
0
804
0
869
0
0
0
0
0
741
0
0
0
924
0
556
0
0
0
0
0
951
0
0
0
0
0
0
0
0
0
0
0
566
0
0
0
0
0
995
894
0
0
0
0
0
0
0
834
0
0
661
0
834
0
0
0
886
0
0
938
0
975
0
102
80
0
99
0
0
775
0
0
0
0
0
0
0
0
0
0
0
113
564
0
984
0
0
0
0
0
0
0
0
0
0
0
807
0
0
0
987
0
844
0
0
0
0
0
0
0
0
0
0
0
0
0
0
0
0
0
0
0
0
0
0
0
0
0
0
632
0
0
0
0
0
0
0
0
0
56
0
0
0
458
0
295
0
0
0
0
885
0
814
0
0
128
0
655
0
0
0
902
0
0
0
0
0
859
0
0
0
0
993
686
0
0
0
0
0
0
0
785
0
345
0
0
0
0
0
0
0
0
0
867
0
0
0
0
357
0
0
0
875
0
0
0
0
0
0
0
0
0
0
918
0
0
0
0
0
0
0
0
0
0
0
0
0
175
0
0
0
0
0
0
0
0
0
0
0
0
0
0
0
0
649
0
0
0
0
0
956
0
0
0
0
0
0
0
0
0
0
0
0
0
0
874
0
809
0
0
0
0
0
0
0
847
0
0
0
0
0
0
0
0
0
0
962
149
0
0
0
0
0
51
593
0
642
0
0
0
0
0
0
955
0
0
0
827
0
0
0
0
0
937
0
750
0
0
0
0
0
0
831
0
0
0
0
0
0
0
818
0
0
0
0
0
0
0
0
0
0
0
0
0
0
0
631
0
461
0
946
0
0
0
0
0
0
0
0
0
0
0
0
957
0
0
0
873
897
944
0
0
0
0
0
0
0
0
0
0
0
0
0
0
0
0
0
0
342
0
0
0
0
0
0
0
0
0
0
0
0
0
965
0
0
0
0
0
0
0
965
860
0
0
0
0
868
792
0
0
0
0
0
0
0
0
0
0
0
0
0
0
0
0
0
864
0
0
0
0
0
0
0
0
0
0
941
0
0
0
0
0
0
0
0
0
0
0
0
0
0
0
0
0
0
863
0
0
0
0
0
719
0
0
641
0
0
0
0
0
0
948
0
961
0
800
0
0
0
944
0
0
0
0
0
0
0
0
0
0
631
0
0
53
0
0
0
0
0
0
0
0
0
0
0
0
0
0
865
0
0
717
0
0
0
0
0
0
0
0
0
0
0
922
0
0
0
0
0
0
0
0
0
0
0
0
623
0
0
0
0
0
825
0
323
616
0
347
0
0
0
0
0
0
0
0
925
105
0
932
0
0
0
0
0
0
113
785
0
0
948
0
0
618
0
0
0
0
0
0
0
557
0
786
440
838
0
0
0
0
0
254
0
0
961
143
0
0
0
0
0
966
0
0
0
299
234
0
0
918
0
0
0
903
0
977
0
0
998
0
0
0
0
0
0
0
889
0
355
934
0
0
0
895
0
830
0
0
0
0
882
0
0
0
843
954
0
0
0
0
0
0
0
0
0
0
0
0
0
0
0
0
0
0
0
0
564
0
0
0
0
0
0
0
0
0
0
0
0
0
0
0
0
0
815
0
0
0
986
182
0
707
0
829
0
580
0
0
0
0
0
0
548
0
976
0
974
953
0
916
0
0
0
0
0
920
0
0
0
0
0
0
0
867
883
0
0
0
0
0
0
0
984
948
0
0
0
872
0
0
0
982
558
0
0
0
0
0
0
0
0
0
0
840
0
0
0
0
926
0
887
0
967
895
0
0
0
345
0
0
961
618
0
0
0
0
0
0
546
0
0
0
973
0
908
0
0
907
0
968
0
0
0
0
0
0
0
0
0
0
926
0
0
0
0
0
0
0
0
0
0
0
0
0
0
0
0
0
0
195
0
0
0
0
0
599
0
848
0
965
0
0
0
0
0
0
869
0
0
0
465
0
0
983
0
0
0
0
0
800
0
0
0
0
0
0
0
0
0
895
0
0
0
0
0
889
984
0
0
0
0
0
0
0
0
0
0
0
0
0
0
0
0
0
0
0
0
0
347
0
0
0
0
0
0
0
0
0
0
0
0
905
0
0
0
0
0
0
0
0
0
0
952
998
0
0
0
870
0
909
0
0
0
0
0
0
0
880
0
0
0
0
0
0
0
0
917
0
0
0
0
835
0
0
0
932
0
0
0
0
0
643
0
0
676
0
0
0
947
0
0
0
0
0
0
0
0
0
0
0
800
0
0
0
0
0
0
0
0
0
0
0
0
0
0
0
0
0
0
0
0
258
0
389
0
0
0
0
0
0
0
0
0
0
0
390
0
0
0
0
0
149
0
0
1000
0
436
0
0
0
0
0
0
0
0
0
911
0
0
716
551
778
0
0
596
0
0
0
0
0
0
0
0
0
0
0
0
0
819
0
530
82
0
0
0
0
0
0
0
0
0
0
232
0
0
0
0
0
962
0
0
0
0
0
0
0
0
0
0
0
764
0
263
0
0
0
0
0
0
0
0
0
0
0
945
0
0
0
0
0
0
0
0
0
0
0
0
0
510
0
0
733
0
0
0
0
0
0
0
0
0
0
0
0
0
0
0
0
0
947
0
0
365
960
0
0
0
0
0
826
0
0
0
0
0
0
0
0
0
575
172
235
0
0
0
0
0
0
0
0
0
0
0
0
0
0
0
0
149
0
0
0
0
0
0
0
0
0
0
0
0
0
0
0
0
0
0
0
0
0
0
0
0
0
0
0
0
0
0
0
0
926
0
0
0
0
0
946
459
0
0
0
0
0
0
934
0
0
0
0
0
0
0
0
0
193
0
0
0
0
0
0
873
0
0
0
0
0
0
0
0
0
0
0
459
0
0
0
0
696
0
0
0
0
0
236
0
0
0
0
0
0
0
0
0
914
0
0
0
342
0
0
0
546
0
0
0
0
0
0
0
0
0
0
0
0
875
0
0
948
0
0
0
0
0
860
0
0
0
334
164
0
675
0
884
0
544
0
0
0
0
0
553
0
0
276
0
0
110
0
0
703
0
0
828
0
0
0
0
0
0
0
0
824
900
0
827
0
347
885
0
0
0
960
0
0
0
0
0
837
922
570
250
0
0
0
0
912
958
0
0
920
0
0
0
450
0
0
0
0
944
0
0
0
0
0
0
0
0
0
0
0
904
0
386
946
0
726
458
0
0
117
0
0
0
556
0
0
0
0
0
0
0
0
0
0
0
0
0
0
0
0
0
0
0
0
0
0
0
0
812
0
98
0
658
0
0
0
0
814
0
0
0
0
0
0
0
0
0
0
0
0
0
0
0
0
0
0
859
948
0
911
0
720
0
0
0
981
0
0
0
0
0
0
0
0
0
0
0
0
0
0
0
0
0
0
764
0
0
0
0
0
0
0
0
0
599
0
0
802
0
0
0
0
638
0
0
0
0
933
916
0
0
0
0
0
0
0
0
0
0
0
896
0
0
0
0
0
0
0
0
0
0
0
0
0
0
0
657
0
0
0
0
0
0
0
0
141
0
250
0
0
0
848
0
0
841
0
957
837
0
0
0
0
823
0
0
888
0
0
0
141
0
0
0
0
0
0
0
0
0
557
0
0
0
0
0
0
0
0
0
0
0
0
0
0
0
0
0
0
619
0
966
0
0
0
806
0
0
0
0
851
957
0
0
981
0
0
0
0
427
0
0
0
823
0
0
0
0
0
0
0
0
0
818
0
906
0
0
0
0
890
919
0
0
0
0
0
894
0
0
0
0
0
0
0
353
0
0
0
0
928
0
0
0
0
0
0
0
0
0
0
1000
0
0
0
0
0
0
0
0
0
0
973
0
0
263
0
0
904
0
0
0
0
0
0
207
0
0
0
331
0
0
825
0
0
0
0
0
0
0
899
0
0
0
178
0
0
0
0
0
0
0
0
0
0
0
0
939
0
985
811
0
0
0
0
0
0
0
0
0
0
0
0
962
0
0
0
0
0
0
0
0
0
837
980
0
0
0
0
802
0
0
0
0
971
0
0
0
0
910
0
0
0
878
101
0
867
51
0
0
786
0
0
0
0
0
0
0
0
0
0
0
0
0
0
0
0
0
709
0
0
0
934
0
0
933
0
0
0
266
0
936
251
998
0
0
0
0
0
0
0
0
0
0
0
0
0
0
0
0
0
0
0
0
0
0
0
0
0
0
0
0
0
0
0
0
877
0
0
0
0
0
915
0
0
0
0
0
0
0
0
0
379
0
0
444
0
0
408
942
434
0
0
0
0
0
0
593
0
0
440
815
908
0
0
0
0
0
386
0
0
0
0
0
321
0
0
0
0
0
0
930
0
0
0
0
0
0
0
0
0
0
0
0
0
0
553
0
0
0
0
0
0
0
651
0
0
0
0
0
0
0
0
316
0
978
0
0
0
0
0
0
0
0
0
0
0
0
0
0
0
0
0
0
821
0
0
0
0
0
0
980
845
0
0
0
0
328
0
0
0
0
0
0
0
0
0
0
0
0
838
0
0
0
0
0
0
0
946
0
0
0
0
321
0
0
787
0
0
902
0
0
0
0
0
0
0
0
0
0
0
0
0
952
0
0
0
0
920
0
0
805
303
63
0
0
0
0
0
0
408
0
0
0
0
0
0
0
971
439
0
0
0
0
0
0
0
0
0
0
0
0
0
0
0
0
0
0
0
0
0
0
0
993
0
0
264
0
0
0
0
0
914
0
0
807
0
642
0
0
0
0
0
0
0
0
0
875
0
599
0
207
0
0
0
0
0
0
0
0
0
0
0
0
0
948
925
0
0
0
0
0
0
0
0
0
0
0
0
0
0
0
0
0
0
0
0
998
0
0
0
836
0
0
0
0
0
0
0
0
802
0
0
0
874
0
0
0
0
0
0
0
0
0
0
0
0
0
0
0
0
0
0
0
0
0
0
925
0
0
0
0
0
0
0
0
0
0
0
0
0
0
907
0
0
0
0
0
726
0
0
0
0
0
787
0
0
0
0
0
0
953
0
0
931
0
0
0
685
0
0
0
0
0
0
0
0
0
0
0
0
0
470
953
577
838
0
896
0
997
0
475
896
0
848
0
0
0
0
0
876
0
0
0
0
0
0
0
0
0
0
0
0
958
0
0
0
0
949
0
0
0
0
0
890
0
932
0
869
0
0
898
0
0
0
0
357
0
0
0
0
986
0
347
0
0
0
0
458
0
0
0
0
0
0
0
0
0
886
0
0
0
0
0
911
996
0
826
0
0
904
0
0
0
0
0
0
0
0
0
0
0
827
0
0
0
0
976
750
0
0
0
0
0
0
0
0
0
0
0
0
0
0
0
0
0
0
0
0
0
0
0
0
0
0
0
0
0
0
0
0
0
0
0
0
0
0
0
0
0
0
0
872
0
0
0
0
0
0
0
0
182
968
0
0
0
0
948
0
802
0
0
709
0
0
0
0
886
0
0
0
0
472
0
0
110
0
0
427
0
0
955
641
0
0
0
0
0
962
0
827
414
0
0
0
0
0
827
0
0
0
0
0
0
908
0
0
0
0
0
877
0
0
0
0
0
0
0
0
0
0
0
0
896
0
0
0
0
0
0
0
0
0
0
0
0
0
0
0
0
0
0
0
0
804
987
0
0
0
631
0
0
0
0
0
0
0
0
0
0
619
331
0
0
902
0
0
0
0
0
0
0
0
0
0
156
0
0
0
0
950
0
0
0
0
935
0
0
0
0
0
0
918
0
0
0
601
0
0
0
0
0
0
0
0
0
0
0
0
929
426
0
0
0
0
157
0
0
0
0
0
253
881
0
0
868
0
0
0
0
0
0
0
0
809
0
0
922
0
0
0
0
907
0
0
0
0
0
0
0
254
707
0
0
258
0
0
0
117
0
0
0
0
0
0
0
0
0
0
0
0
0
0
957
0
907
0
0
0
0
0
0
0
0
0
0
0
0
0
0
0
0
0
0
0
0
225
0
0
0
0
0
0
0
0
0
0
0
0
0
0
0
0
0
0
154
895
0
0
0
0
0
0
0
809
0
806
0
0
0
953
0
908
0
0
0
0
0
0
0
0
0
0
0
869
844
875
0
965
0
0
0
0
0
0
0
0
0
0
0
966
0
0
930
0
0
953
0
0
0
0
0
0
0
0
0
0
0
942
400
0
0
911
0
837
0
0
0
0
0
0
0
0
0
0
0
0
939
773
0
0
815
0
0
0
0
0
0
0
0
0
929
0
0
917
813
0
0
0
0
0
0
0
0
0
0
0
0
0
962
0
0
0
616
0
0
0
0
0
0
0
0
252
0
0
0
0
955
0
53
0
829
0
0
389
0
0
0
0
0
0
825
934
0
0
0
0
0
472
0
0
0
0
0
0
826
0
0
502
0
908
850
0
0
0
0
0
852
0
0
0
0
0
0
923
0
0
880
0
0
0
0
0
0
0
0
0
0
0
0
0
0
0
0
0
50
0
0
0
971
0
109
0
0
808
0
0
0
0
0
0
731
0
0
0
0
0
0
808
0
0
0
0
0
0
0
0
0
0
0
961
0
0
0
0
945
0
0
0
638
0
0
0
0
0
0
0
0
0
0
957
0
0
0
0
0
0
0
0
0
0
0
0
0
445
0
290
0
0
0
0
0
0
0
0
0
0
907
0
0
0
0
966
943
0
643
0
0
0
0
0
0
0
0
997
0
0
0
0
0
0
0
552
318
0
952
0
669
0
0
0
833
676
0
0
0
0
899
852
0
838
0
0
835
0
0
0
0
0
0
143
580
0
0
0
0
0
860
556
0
0
0
0
0
0
0
931
911
0
0
0
0
0
0
0
0
956
942
0
865
0
0
0
0
0
0
859
0
0
0
0
509
0
0
0
0
0
906
0
0
834
0
0
0
941
0
0
0
0
0
64
0
0
0
0
0
0
993
0
0
0
0
0
0
595
0
0
0
0
0
594
909
810
0
978
0
0
0
502
0
0
0
0
0
0
0
0
0
0
0
0
0
0
0
0
0
0
0
0
0
806
0
933
0
0
948
0
996
110
156
907
0
826
0
0
0
0
0
0
0
0
496
0
0
928
0
0
0
957
0
0
0
0
0
0
941
679
856
0
0
807
0
938
845
691
0
0
0
0
0
0
0
0
0
0
990
0
0
0
0
0
0
972
0
0
0
0
0
0
572
0
1000
0
0
0
0
0
519
0
916
0
0
0
0
0
0
0
827
0
0
0
0
0
0
0
0
0
0
0
0
0
0
0
0
0
925
0
0
0
0
0
0
0
0
956
0
0
0
0
0
0
815
0
0
0
0
802
0
0
0
0
0
0
870
0
0
0
906
0
859
0
853
0
0
0
0
986
0
0
356
0
0
0
0
0
0
821
0
0
0
0
0
0
0
0
0
0
0
0
879
0
0
0
0
0
0
0
0
0
0
0
0
0
0
741
0
0
0
0
0
0
0
0
0
0
0
0
0
0
0
0
0
0
0
0
0
0
826
0
0
0
0
0
0
942
0
0
0
0
0
0
0
0
0
0
0
0
0
0
0
0
0
0
0
0
0
0
0
0
0
916
0
0
0
0
0
0
0
0
0
0
0
908
0
0
0
0
0
0
0
0
0
0
0
813
0
928
213
0
879
891
0
0
0
0
0
927
0
0
0
212
0
0
0
0
0
0
0
0
0
0
0
0
0
0
0
0
334
0
933
0
0
0
0
0
0
685
0
427
0
0
942
502
0
0
0
0
0
0
0
0
0
0
0
962
0
0
0
0
0
0
0
950
0
0
0
0
0
0
0
991
0
0
901
0
0
0
979
0
0
0
0
960
880
0
0
0
963
0
0
0
895
0
974
0
0
0
0
997
0
0
0
0
0
815
0
0
0
0
0
0
0
0
0
0
0
0
0
965
0
0
0
926
0
0
0
0
164
0
916
0
0
266
0
0
0
0
0
0
0
0
400
0
0
865
0
0
0
0
0
0
0
0
0
0
0
0
0
0
0
0
0
0
0
873
0
0
0
0
86
0
0
0
0
0
0
0
0
0
0
0
0
0
0
0
0
0
0
0
0
0
957
463
0
0
0
0
0
0
0
0
0
0
0
245
0
0
0
0
0
0
0
0
996
0
0
0
0
860
0
966
0
0
905
0
0
926
0
0
0
851
899
0
0
0
0
0
904
0
950
0
0
908
0
0
0
0
0
0
0
0
811
0
0
0
0
0
0
364
0
0
0
866
862
0
0
0
0
0
0
0
0
0
815
0
0
0
0
0
0
237
0
0
0
0
0
0
0
0
0
0
0
0
0
0
0
455
0
0
0
0
0
204
0
0
0
698
539
0
960
0
885
0
537
924
0
0
0
0
0
0
548
0
0
0
0
0
675
0
0
957
0
936
0
0
0
0
0
955
0
0
0
850
0
0
496
815
0
0
0
811
0
863
990
0
0
978
0
891
0
0
0
0
339
0
603
0
0
0
0
0
0
0
0
0
0
0
0
0
990
0
453
0
0
903
0
0
0
0
0
208
0
0
0
0
0
0
0
0
0
0
0
0
0
0
0
0
0
0
0
0
0
855
0
0
0
918
937
0
0
0
0
0
0
0
0
0
0
0
0
0
0
251
0
0
0
0
0
641
0
0
911
0
0
0
0
0
0
0
0
0
863
0
0
0
877
0
0
0
817
0
0
0
0
0
0
0
233
0
825
807
693
0
0
0
860
0
838
0
0
0
867
630
0
0
625
0
0
505
947
0
942
0
0
855
0
0
0
0
0
0
0
0
943
0
0
0
0
0
0
0
0
0
0
556
0
0
0
0
0
0
976
0
0
0
0
0
884
0
0
0
0
998
0
952
0
0
0
0
0
0
0
0
0
0
0
0
0
0
0
0
990
0
0
0
0
766
0
0
0
0
0
991
0
0
0
0
0
0
516
0
0
0
0
0
0
0
0
0
0
0
0
0
337
0
0
0
0
0
0
0
961
212
0
0
0
0
992
0
851
0
0
0
930
0
0
0
0
0
0
0
0
0
0
0
0
0
750
0
0
299
0
0
0
390
0
0
0
0
0
981
178
0
0
0
0
0
0
0
0
0
837
0
445
0
928
0
0
962
0
0
0
0
0
0
0
712
0
0
0
0
79
0
0
907
613
0
0
0
0
0
449
0
0
0
0
0
0
0
0
0
0
0
0
0
986
0
0
0
658
0
0
0
833
877
0
0
881
0
0
0
0
820
0
0
0
0
0
0
0
0
0
996
0
0
0
0
0
868
0
234
974
0
0
0
0
0
544
0
0
0
0
0
0
0
0
0
0
0
935
0
0
0
0
0
0
0
0
0
0
0
0
877
0
0
0
271
0
330
939
0
0
0
0
0
0
0
837
0
0
0
994
0
0
815
0
0
0
0
0
0
0
0
857
57
0
0
0
0
0
0
0
549
758
0
0
0
0
718
0
870
0
0
0
0
0
0
0
0
0
0
0
89
0
0
0
0
0
792
0
0
953
0
0
0
0
946
0
0
0
0
0
0
553
0
0
0
0
0
0
0
0
0
290
859
0
802
0
0
0
0
978
0
766
712
271
0
0
0
0
0
0
0
849
0
0
0
0
0
0
0
0
0
0
0
0
0
0
199
0
0
0
0
566
0
938
358
0
0
0
751
0
0
0
0
0
258
0
0
0
0
980
0
0
0
217
0
0
0
0
0
0
0
0
0
0
0
0
0
865
0
0
0
0
0
510
459
0
0
0
0
0
0
0
0
0
0
0
0
0
0
0
852
0
0
0
0
0
0
0
0
0
0
0
0
0
0
0
0
0
0
0
0
0
0
0
0
0
0
0
0
0
0
0
0
0
0
0
0
0
161
0
0
0
0
0
786
0
0
0
0
0
0
0
0
0
0
0
0
0
0
0
0
0
0
646
0
0
984
660
0
0
0
0
0
0
0
0
0
0
918
916
0
0
0
0
0
0
0
0
0
0
0
0
920
0
0
0
962
0
0
0
0
0
0
957
0
0
0
0
364
891
0
0
0
330
0
0
0
0
908
0
896
0
0
0
0
407
851
0
0
406
0
0
0
0
184
0
738
904
0
0
0
0
396
0
0
993
574
0
560
0
0
0
0
0
0
0
0
0
836
0
0
0
0
0
0
220
0
0
0
0
0
0
951
0
0
0
0
0
0
0
0
0
0
0
0
0
0
0
427
0
0
0
0
0
0
0
0
0
0
0
0
0
0
0
0
0
0
0
0
0
817
0
0
939
0
0
0
0
0
0
0
0
0
0
0
0
0
0
0
0
213
0
0
0
0
0
0
304
0
0
375
0
0
894
300
0
0
0
0
973
0
963
0
0
0
0
0
0
909
0
0
0
954
0
0
0
0
0
0
199
0
0
0
0
0
0
0
717
0
0
0
0
149
733
0
0
0
0
0
0
0
0
0
0
0
0
827
0
0
0
0
0
0
0
0
0
0
0
0
0
0
0
0
0
0
0
908
0
0
471
0
0
0
0
0
969
903
0
0
0
0
0
968
0
0
0
0
0
0
296
0
0
0
0
203
0
0
0
0
0
0
0
0
0
0
164
0
0
0
0
0
0
0
0
464
0
0
0
0
0
0
0
0
0
0
831
0
0
0
0
0
952
0
0
0
553
0
896
0
0
0
0
805
0
0
0
414
0
0
0
0
0
509
0
0
0
0
0
0
0
0
0
79
0
0
0
0
0
471
0
0
0
0
0
0
0
0
0
0
0
0
0
304
0
0
0
0
891
0
810
0
997
0
891
0
843
136
0
0
0
0
0
0
0
0
0
0
0
989
592
0
0
0
0
0
0
0
0
0
0
0
0
0
0
0
0
0
0
903
0
0
998
0
0
0
0
0
0
0
0
0
0
303
0
470
827
0
918
0
0
0
0
0
0
0
0
950
0
866
0
0
991
0
0
0
0
896
0
0
0
0
0
0
0
0
343
0
0
966
0
800
0
0
0
941
0
0
0
0
0
0
851
0
0
910
0
0
0
0
0
0
0
0
0
0
0
0
0
0
0
0
0
0
559
0
0
0
637
0
898
0
0
0
0
0
0
0
0
0
0
0
0
1000
0
0
0
0
0
823
0
0
0
63
0
953
0
0
0
0
0
0
0
0
0
870
0
0
0
862
339
0
0
0
0
849
0
0
0
0
0
0
0
0
0
0
0
0
0
0
0
0
0
0
0
0
0
0
0
978
982
0
959
814
0
0
0
653
0
821
0
0
0
0
0
0
0
0
0
0
0
0
357
0
265
0
0
0
0
0
0
0
0
0
0
0
0
0
0
977
920
0
0
0
0
934
276
0
0
0
0
0
651
0
0
577
0
0
0
0
0
923
0
0
0
0
0
0
873
0
0
0
0
907
0
0
0
0
0
0
0
0
0
0
0
0
943
0
0
979
860
897
0
0
265
878
0
930
0
0
0
0
0
331
0
0
0
0
0
928
0
0
954
0
0
0
0
0
0
0
0
0
0
0
0
0
0
0
0
0
0
0
0
0
0
0
0
0
0
0
0
0
0
436
0
0
0
0
0
0
0
0
0
0
0
838
0
0
0
0
0
0
0
0
941
0
0
0
0
0
603
0
0
613
0
0
0
0
0
0
0
0
0
0
0
0
982
914
0
0
774
955
0
0
877
0
0
0
0
0
0
0
0
0
0
0
0
0
561
871
0
432
0
0
965
0
0
0
0
0
0
0
0
0
0
0
0
907
529
0
655
0
0
0
0
175
0
0
0
0
0
0
870
0
0
0
0
0
0
0
0
0
0
0
0
0
0
0
601
225
0
0
0
0
679
0
0
0
0
0
0
0
0
0
0
0
0
0
0
0
0
0
0
0
0
0
0
0
0
0
797
0
0
0
0
0
0
0
0
0
0
0
0
0
303
0
0
0
0
0
0
262
994
987
0
0
0
0
0
240
0
426
0
0
0
617
913
0
0
0
0
992
0
0
0
0
0
0
0
998
0
0
0
0
0
0
110
0
0
0
939
0
0
0
998
896
976
827
0
0
939
880
907
906
856
906
0
0
0
0
0
233
0
0
837
0
0
407
0
969
0
343
0
943
982
0
0
724
0
0
852
375
0
984
0
0
0
0
0
0
824
0
0
999
0
0
133
922
0
0
0
0
0
0
0
0
0
0
0
970
0
0
0
0
0
888
0
0
0
0
0
78
0
0
632
0
0
0
0
0
0
195
909
0
0
0
0
0
0
0
0
0
0
0
0
0
750
0
0
0
773
0
0
0
0
0
0
0
0
0
0
0
0
0
0
0
0
851
0
903
0
0
0
0
914
0
724
0
0
0
0
0
0
0
0
0
0
821
996
0
0
976
896
0
0
0
0
0
0
0
0
0
958
0
0
0
0
922
0
0
0
0
0
0
328
0
192
0
948
0
854
0
0
0
0
0
818
0
0
0
0
0
0
0
0
0
0
812
0
0
985
0
0
0
0
997
0
0
0
0
0
0
0
0
0
859
0
0
86
0
0
825
516
0
0
0
0
0
0
0
0
0
0
0
0
0
0
0
0
0
914
0
948
0
0
0
988
894
900
0
0
848
0
0
0
107
0
802
0
0
0
0
0
0
73
0
0
0
0
0
923
0
0
0
0
0
0
0
0
0
847
0
0
0
0
0
0
0
0
0
0
0
0
0
0
0
703
0
0
0
811
0
0
408
0
0
0
0
0
0
0
0
0
834
807
0
916
991
0
0
0
807
0
0
0
0
0
0
0
0
0
966
0
979
0
0
0
0
0
0
534
0
0
0
0
0
0
0
0
821
0
0
0
0
0
0
0
947
0
0
975
0
0
0
0
0
0
905
0
0
0
0
0
0
0
0
0
0
968
0
927
0
0
566
0
0
0
0
0
0
0
0
0
0
0
0
0
98
0
0
0
0
0
0
836
475
0
0
0
0
815
0
0
0
0
853
0
0
0
0
0
693
0
449
994
0
0
406
0
0
0
0
0
860
774
797
852
0
914
534
0
0
368
996
969
0
849
0
385
0
0
983
0
0
0
0
0
65
0
928
0
0
783
0
901
0
0
0
0
0
0
0
0
0
0
0
0
903
0
0
0
0
882
0
0
0
0
0
922
0
867
0
0
0
0
0
0
0
0
0
0
0
0
0
0
896
0
0
0
0
0
0
966
0
938
0
0
0
0
0
0
0
0
0
0
0
0
0
213
0
0
800
0
897
955
0
375
0
0
0
0
0
0
817
0
935
908
0
0
938
0
0
0
894
0
0
0
0
0
0
0
0
0
857
0
0
0
0
0
0
0
809
175
0
0
0
0
0
0
0
0
0
0
0
0
0
0
0
0
0
883
0
0
0
0
0
828
658
0
818
0
0
316
0
0
0
0
0
0
0
0
0
943
0
845
0
0
901
0
815
0
0
0
0
0
0
0
0
0
0
0
0
0
0
0
0
0
0
948
0
368
0
0
883
0
0
0
0
820
0
0
0
0
868
0
0
0
0
0
0
0
0
0
0
0
0
0
0
0
0
0
0
0
0
0
0
0
0
0
0
969
0
0
0
0
0
0
864
0
0
0
599
0
0
0
193
0
0
0
0
0
0
0
0
0
848
0
908
0
0
0
0
0
941
691
0
0
0
0
0
0
0
0
0
815
0
0
0
0
968
304
0
0
0
0
0
984
0
0
0
996
817
883
0
999
966
0
0
0
0
0
0
805
0
0
0
0
0
0
0
0
0
0
0
0
0
0
0
0
0
0
998
0
0
0
881
0
828
0
0
0
0
0
0
0
0
0
0
0
889
0
0
0
911
0
0
0
0
0
906
0
0
978
0
0
0
0
0
0
0
0
0
643
0
0
0
0
0
0
0
0
860
0
0
0
0
0
0
0
0
0
0
0
265
877
0
0
0
0
0
969
0
0
999
0
0
0
74
0
0
0
824
0
654
0
315
0
0
0
0
0
947
882
0
0
0
0
0
0
0
0
900
0
0
0
0
0
0
0
0
0
0
338
0
0
0
0
0
0
0
0
848
880
0
0
0
0
0
0
0
0
0
0
0
0
0
0
0
0
0
0
0
0
0
0
986
0
0
0
0
0
0
0
0
0
0
0
184
0
0
0
941
0
878
0
0
0
0
0
0
0
935
0
966
0
0
0
0
0
0
0
0
986
0
0
0
388
0
0
0
833
552
0
0
0
0
842
719
0
852
0
769
0
386
880
0
841
0
423
0
0
0
978
995
0
0
0
0
0
355
0
0
0
0
0
0
0
0
657
0
0
0
0
0
0
0
0
0
0
0
0
0
0
0
0
0
0
979
0
0
0
838
0
0
0
0
0
0
0
0
0
0
0
0
0
0
0
0
988
0
849
908
0
0
0
0
0
0
0
839
0
0
0
0
474
0
0
514
0
0
0
0
0
0
0
0
0
0
0
0
0
0
935
306
0
0
0
0
0
0
0
0
0
894
56
0
0
0
0
934
0
965
0
716
947
0
0
814
0
0
0
0
0
971
0
0
0
0
0
0
0
0
0
0
0
0
0
0
0
0
0
0
0
0
0
199
0
738
0
0
0
0
0
930
0
0
0
821
894
0
0
0
0
0
74
0
0
0
0
0
0
0
457
0
0
847
936
0
0
0
0
0
0
717
0
0
0
0
0
0
522
876
0
0
926
930
0
0
890
0
0
856
0
0
0
0
0
0
0
0
0
0
0
551
0
0
0
0
0
0
0
0
0
439
0
0
0
0
929
0
0
0
0
0
0
356
0
0
0
0
990
0
0
0
0
0
0
904
304
0
891
0
0
0
0
0
0
996
900
0
385
0
820
0
0
0
0
0
0
0
0
0
0
0
0
0
0
0
973
0
0
0
0
477
0
0
0
0
0
0
0
0
0
0
0
0
0
0
882
0
0
0
0
0
0
0
0
0
0
0
0
0
0
778
0
0
0
0
0
890
0
0
0
0
802
876
0
877
426
0
0
0
0
64
0
0
0
0
0
237
0
0
0
0
0
0
161
0
0
0
0
0
978
0
0
0
0
0
0
821
0
938
0
0
0
0
839
0
0
0
