0
496
0
0
0
402
0
681
0
0
0
784
0
700
0
0
0
538
0
974
0
0
0
491
0
718
0
0
0
603
0
923
0
0
0
938
0
446
0
0
0
459
0
684
0
0
0
664
0
817
0
0
0
729
0
406
0
0
0
905
0
815
0
0
0
727
0
670
0
0
0
949
0
670
0
0
0
768
0
951
0
0
0
812
0
457
0
0
0
657
0
979
0
0
0
933
0
540
0
0
496
0
769
952
860
407
852
605
593
989
512
657
894
617
740
925
746
482
908
615
951
491
883
667
697
885
989
913
997
565
938
428
904
870
480
607
948
883
522
475
794
658
977
870
980
668
699
513
481
422
468
650
420
553
822
469
549
916
508
713
458
675
499
517
673
470
670
680
646
654
708
522
944
490
942
461
437
746
586
494
545
619
665
663
701
916
865
612
875
511
616
964
524
737
454
973
618
737
872
548
0
769
0
0
0
868
0
700
0
0
0
711
0
503
0
0
0
608
0
534
0
0
0
666
0
424
0
0
0
500
0
951
0
0
0
824
0
543
0
0
0
638
0
973
0
0
0
562
0
497
0
0
0
651
0
833
0
0
0
952
0
688
0
0
0
939
0
802
0
0
0
539
0
494
0
0
0
667
0
733
0
0
0
708
0
505
0
0
0
428
0
638
0
0
0
461
0
712
0
0
0
952
0
0
0
586
0
567
0
0
0
965
0
762
0
0
0
506
0
747
0
0
0
798
0
781
0
0
0
522
0
957
0
0
0
812
0
424
0
0
0
973
0
400
0
0
0
677
0
475
0
0
0
657
0
750
0
0
0
612
0
451
0
0
0
872
0
684
0
0
0
619
0
456
0
0
0
794
0
445
0
0
0
999
0
623
0
0
0
645
0
603
0
0
0
454
0
912
0
0
0
860
0
0
0
804
0
862
0
0
0
950
0
876
0
0
0
509
0
622
0
0
0
950
0
681
0
0
0
698
0
753
0
0
0
978
0
881
0
0
0
427
0
729
0
0
0
731
0
485
0
0
0
441
0
666
0
0
0
422
0
842
0
0
0
480
0
840
0
0
0
477
0
563
0
0
0
828
0
781
0
0
0
730
0
932
0
0
0
415
0
835
0
0
0
442
0
645
0
0
402
407
868
586
804
0
673
579
537
455
611
604
915
978
903
744
935
510
405
581
786
727
679
894
948
566
423
895
477
853
752
465
982
514
613
749
782
648
482
446
679
712
435
591
687
407
705
506
874
612
562
443
459
834
876
898
733
627
802
689
599
885
516
652
668
576
869
763
449
466
603
921
966
529
639
709
736
418
445
456
456
440
755
508
845
863
922
673
803
645
457
838
598
519
733
587
635
644
996
727
0
852
0
0
0
673
0
533
0
0
0
790
0
566
0
0
0
452
0
539
0
0
0
724
0
456
0
0
0
417
0
402
0
0
0
578
0
473
0
0
0
771
0
948
0
0
0
699
0
880
0
0
0
557
0
721
0
0
0
795
0
915
0
0
0
588
0
815
0
0
0
533
0
780
0
0
0
560
0
873
0
0
0
728
0
826
0
0
0
600
0
904
0
0
0
691
0
607
0
0
681
605
700
567
862
579
533
0
900
529
666
718
430
636
890
873
800
497
669
558
864
420
780
649
909
966
542
690
706
663
670
848
803
829
435
529
716
860
708
888
728
485
895
633
418
629
684
660
512
452
816
926
411
892
641
580
663
405
995
978
718
682
786
953
960
942
658
894
659
567
604
519
463
612
882
551
718
529
978
799
956
932
501
416
582
770
690
612
959
860
727
427
958
646
671
697
856
689
418
813
0
593
0
0
0
537
0
900
0
0
0
918
0
789
0
0
0
533
0
727
0
0
0
853
0
923
0
0
0
705
0
914
0
0
0
944
0
749
0
0
0
498
0
985
0
0
0
737
0
796
0
0
0
821
0
981
0
0
0
876
0
829
0
0
0
848
0
592
0
0
0
440
0
452
0
0
0
494
0
432
0
0
0
589
0
468
0
0
0
411
0
472
0
0
0
404
0
771
0
0
0
989
0
0
0
455
0
529
0
0
0
483
0
457
0
0
0
976
0
506
0
0
0
732
0
521
0
0
0
483
0
576
0
0
0
508
0
640
0
0
0
620
0
429
0
0
0
997
0
864
0
0
0
861
0
469
0
0
0
655
0
678
0
0
0
732
0
847
0
0
0
805
0
680
0
0
0
530
0
985
0
0
0
924
0
443
0
0
0
550
0
735
0
0
0
669
0
886
0
0
0
512
0
0
0
611
0
666
0
0
0
987
0
881
0
0
0
604
0
943
0
0
0
766
0
440
0
0
0
416
0
770
0
0
0
824
0
991
0
0
0
986
0
419
0
0
0
774
0
577
0
0
0
830
0
505
0
0
0
418
0
533
0
0
0
410
0
885
0
0
0
845
0
652
0
0
0
587
0
404
0
0
0
845
0
968
0
0
0
764
0
553
0
0
0
993
0
532
0
0
784
657
711
965
950
604
790
718
918
483
987
0
530
908
780
524
665
579
506
449
495
857
890
688
701
814
587
797
633
693
771
735
466
548
856
690
729
855
923
684
854
802
749
655
770
536
498
485
719
477
658
904
1000
994
843
937
675
666
514
626
435
586
535
414
451
939
986
608
523
610
563
776
568
852
938
706
931
652
400
985
464
931
478
943
562
445
836
598
615
892
753
701
801
621
989
603
869
815
707
448
0
894
0
0
0
915
0
430
0
0
0
530
0
980
0
0
0
493
0
473
0
0
0
980
0
478
0
0
0
526
0
749
0
0
0
553
0
951
0
0
0
970
0
592
0
0
0
495
0
905
0
0
0
885
0
666
0
0
0
935
0
549
0
0
0
988
0
799
0
0
0
869
0
919
0
0
0
839
0
833
0
0
0
710
0
780
0
0
0
935
0
653
0
0
0
539
0
621
0
0
700
617
503
762
876
978
566
636
789
457
881
908
980
0
542
464
500
959
610
837
883
468
437
884
527
453
639
664
677
818
709
555
929
456
441
899
737
721
995
869
945
745
829
999
494
712
699
874
820
516
751
929
600
884
420
884
667
640
629
948
837
649
544
555
874
803
415
712
487
438
905
769
782
765
529
404
974
448
777
654
889
814
546
909
914
564
611
928
456
410
509
850
666
933
916
867
622
809
855
686
0
740
0
0
0
903
0
890
0
0
0
780
0
542
0
0
0
609
0
895
0
0
0
435
0
697
0
0
0
878
0
690
0
0
0
407
0
568
0
0
0
722
0
700
0
0
0
850
0
941
0
0
0
845
0
997
0
0
0
796
0
411
0
0
0
983
0
466
0
0
0
993
0
446
0
0
0
419
0
719
0
0
0
691
0
840
0
0
0
703
0
581
0
0
0
596
0
625
0
0
0
925
0
0
0
744
0
873
0
0
0
524
0
464
0
0
0
910
0
450
0
0
0
984
0
578
0
0
0
595
0
683
0
0
0
623
0
948
0
0
0
990
0
542
0
0
0
893
0
796
0
0
0
639
0
403
0
0
0
702
0
491
0
0
0
765
0
927
0
0
0
949
0
829
0
0
0
691
0
689
0
0
0
636
0
551
0
0
0
734
0
579
0
0
0
874
0
866
0
0
0
746
0
0
0
935
0
800
0
0
0
665
0
500
0
0
0
706
0
771
0
0
0
605
0
679
0
0
0
704
0
512
0
0
0
824
0
616
0
0
0
703
0
448
0
0
0
542
0
458
0
0
0
688
0
778
0
0
0
499
0
481
0
0
0
964
0
681
0
0
0
418
0
608
0
0
0
612
0
899
0
0
0
532
0
481
0
0
0
835
0
662
0
0
0
868
0
532
0
0
538
482
608
506
509
510
452
497
533
976
604
579
493
959
609
910
706
0
666
576
940
915
655
952
740
834
461
609
763
484
542
917
665
943
617
456
757
421
469
590
529
800
609
472
708
978
486
833
402
550
448
891
517
954
468
842
628
904
522
555
798
497
728
400
530
624
594
657
719
408
625
924
668
616
465
781
855
845
973
998
794
726
738
924
486
834
651
598
891
477
466
672
954
897
592
734
905
631
955
455
0
908
0
0
0
405
0
669
0
0
0
506
0
610
0
0
0
666
0
679
0
0
0
996
0
460
0
0
0
873
0
471
0
0
0
634
0
735
0
0
0
841
0
421
0
0
0
986
0
764
0
0
0
726
0
421
0
0
0
628
0
724
0
0
0
661
0
614
0
0
0
656
0
925
0
0
0
803
0
575
0
0
0
508
0
574
0
0
0
441
0
955
0
0
0
780
0
429
0
0
974
615
534
747
622
581
539
558
727
506
943
449
473
837
895
450
771
576
679
0
468
879
712
588
972
918
518
509
816
673
835
434
572
927
790
972
869
455
414
715
661
695
817
584
864
522
559
671
953
530
951
606
562
795
595
935
419
743
927
410
865
828
747
478
533
809
937
880
615
564
888
776
823
949
681
722
499
519
814
559
840
805
870
432
578
579
447
419
930
864
916
834
933
771
915
435
665
961
516
682
0
951
0
0
0
786
0
864
0
0
0
495
0
883
0
0
0
940
0
468
0
0
0
733
0
766
0
0
0
894
0
681
0
0
0
562
0
959
0
0
0
988
0
765
0
0
0
733
0
728
0
0
0
802
0
582
0
0
0
869
0
821
0
0
0
481
0
900
0
0
0
400
0
608
0
0
0
862
0
549
0
0
0
874
0
550
0
0
0
944
0
734
0
0
0
632
0
684
0
0
0
491
0
0
0
727
0
420
0
0
0
857
0
468
0
0
0
915
0
879
0
0
0
551
0
604
0
0
0
861
0
750
0
0
0
923
0
670
0
0
0
897
0
830
0
0
0
478
0
841
0
0
0
674
0
836
0
0
0
990
0
823
0
0
0
535
0
541
0
0
0
451
0
707
0
0
0
588
0
941
0
0
0
421
0
765
0
0
0
643
0
546
0
0
0
780
0
412
0
0
0
883
0
0
0
679
0
780
0
0
0
890
0
437
0
0
0
655
0
712
0
0
0
524
0
461
0
0
0
864
0
642
0
0
0
590
0
892
0
0
0
666
0
779
0
0
0
721
0
436
0
0
0
661
0
621
0
0
0
917
0
544
0
0
0
570
0
484
0
0
0
990
0
611
0
0
0
707
0
479
0
0
0
692
0
633
0
0
0
856
0
980
0
0
0
626
0
852
0
0
491
667
666
798
950
894
724
649
853
732
766
688
980
884
435
984
605
952
996
588
733
551
524
0
477
709
754
878
507
796
421
667
810
759
449
520
877
418
549
644
514
977
623
957
582
492
721
734
556
890
874
871
556
701
760
474
950
649
677
413
412
822
870
678
464
906
567
574
454
574
551
722
680
841
492
539
784
770
738
563
909
813
891
415
961
909
779
766
805
568
857
783
615
550
650
732
967
967
582
684
0
697
0
0
0
948
0
909
0
0
0
701
0
527
0
0
0
740
0
972
0
0
0
477
0
514
0
0
0
913
0
849
0
0
0
864
0
469
0
0
0
498
0
605
0
0
0
919
0
533
0
0
0
754
0
991
0
0
0
842
0
823
0
0
0
476
0
449
0
0
0
679
0
700
0
0
0
458
0
625
0
0
0
645
0
943
0
0
0
569
0
824
0
0
0
614
0
646
0
0
718
885
424
781
681
566
456
966
923
521
440
814
478
453
697
578
679
834
460
918
766
604
461
709
514
0
692
675
624
954
759
502
441
966
885
816
768
801
516
966
664
804
690
832
980
465
438
892
594
502
907
761
436
409
965
824
620
681
573
661
705
709
656
688
402
594
859
788
482
567
714
612
731
714
444
681
826
962
571
466
630
988
818
873
408
472
521
833
697
828
511
442
719
749
575
785
935
525
927
485
0
989
0
0
0
423
0
542
0
0
0
587
0
639
0
0
0
461
0
518
0
0
0
754
0
692
0
0
0
496
0
419
0
0
0
883
0
712
0
0
0
598
0
770
0
0
0
742
0
854
0
0
0
445
0
796
0
0
0
592
0
837
0
0
0
871
0
478
0
0
0
950
0
947
0
0
0
679
0
745
0
0
0
988
0
936
0
0
0
798
0
973
0
0
0
613
0
920
0
0
0
913
0
0
0
895
0
690
0
0
0
797
0
664
0
0
0
609
0
509
0
0
0
878
0
675
0
0
0
522
0
545
0
0
0
535
0
767
0
0
0
559
0
874
0
0
0
853
0
941
0
0
0
986
0
834
0
0
0
992
0
692
0
0
0
657
0
607
0
0
0
646
0
885
0
0
0
932
0
725
0
0
0
924
0
821
0
0
0
623
0
796
0
0
0
694
0
508
0
0
0
997
0
0
0
477
0
706
0
0
0
633
0
677
0
0
0
763
0
816
0
0
0
507
0
624
0
0
0
521
0
622
0
0
0
942
0
460
0
0
0
658
0
767
0
0
0
685
0
743
0
0
0
850
0
482
0
0
0
607
0
773
0
0
0
862
0
890
0
0
0
427
0
979
0
0
0
615
0
762
0
0
0
591
0
867
0
0
0
644
0
969
0
0
0
637
0
819
0
0
603
565
500
522
698
853
417
663
705
483
416
693
526
818
878
595
704
484
873
673
894
861
864
796
913
954
496
522
521
0
772
969
899
421
419
548
668
1000
409
740
851
657
667
785
441
776
915
667
404
546
588
726
490
766
511
876
737
837
653
981
493
502
721
607
901
839
668
928
580
604
464
466
525
818
544
623
530
503
842
745
567
474
963
768
511
563
817
788
696
403
961
747
865
701
840
769
574
638
469
785
0
938
0
0
0
752
0
670
0
0
0
771
0
709
0
0
0
542
0
835
0
0
0
421
0
759
0
0
0
772
0
862
0
0
0
966
0
426
0
0
0
902
0
902
0
0
0
440
0
683
0
0
0
570
0
912
0
0
0
442
0
434
0
0
0
604
0
644
0
0
0
505
0
964
0
0
0
1000
0
947
0
0
0
893
0
545
0
0
0
794
0
991
0
0
0
940
0
625
0
0
923
428
951
957
753
465
402
848
914
576
770
735
749
555
690
683
512
917
471
434
681
750
642
667
849
502
419
545
622
969
862
0
699
762
402
552
821
989
768
614
983
661
458
633
990
665
406
773
987
547
472
475
606
745
773
675
442
949
462
817
480
539
487
662
640
669
766
992
939
441
865
831
973
994
659
784
906
694
700
722
757
990
999
954
898
771
823
820
684
489
542
668
405
957
480
969
819
898
641
711
0
904
0
0
0
982
0
803
0
0
0
466
0
929
0
0
0
665
0
572
0
0
0
810
0
441
0
0
0
899
0
699
0
0
0
659
0
804
0
0
0
957
0
635
0
0
0
679
0
542
0
0
0
596
0
845
0
0
0
909
0
633
0
0
0
454
0
985
0
0
0
915
0
835
0
0
0
817
0
836
0
0
0
470
0
768
0
0
0
723
0
918
0
0
0
418
0
807
0
0
0
870
0
0
0
514
0
829
0
0
0
548
0
456
0
0
0
943
0
927
0
0
0
759
0
966
0
0
0
421
0
762
0
0
0
610
0
402
0
0
0
606
0
670
0
0
0
584
0
610
0
0
0
550
0
783
0
0
0
662
0
420
0
0
0
616
0
903
0
0
0
897
0
685
0
0
0
724
0
925
0
0
0
697
0
411
0
0
0
693
0
846
0
0
0
591
0
602
0
0
0
480
0
0
0
613
0
435
0
0
0
856
0
441
0
0
0
617
0
790
0
0
0
449
0
885
0
0
0
419
0
402
0
0
0
664
0
512
0
0
0
754
0
884
0
0
0
835
0
657
0
0
0
529
0
480
0
0
0
989
0
637
0
0
0
972
0
835
0
0
0
525
0
608
0
0
0
799
0
766
0
0
0
638
0
785
0
0
0
931
0
613
0
0
0
669
0
489
0
0
938
607
824
812
978
749
578
529
944
508
824
690
553
899
407
623
824
456
634
972
562
923
590
520
864
816
883
535
942
548
966
552
659
610
664
0
823
603
750
606
697
565
782
655
830
743
433
743
731
698
953
938
575
564
437
718
900
638
739
629
978
898
913
939
993
748
416
562
930
611
471
660
461
866
645
725
449
535
961
770
739
599
969
977
984
962
488
935
474
789
489
457
463
929
502
572
728
852
488
953
0
948
0
0
0
782
0
716
0
0
0
729
0
737
0
0
0
757
0
869
0
0
0
877
0
768
0
0
0
668
0
821
0
0
0
823
0
493
0
0
0
624
0
401
0
0
0
636
0
992
0
0
0
561
0
505
0
0
0
543
0
540
0
0
0
979
0
474
0
0
0
598
0
586
0
0
0
714
0
687
0
0
0
988
0
652
0
0
0
715
0
915
0
0
0
532
0
645
0
0
446
883
543
424
881
648
473
860
749
640
991
855
951
721
568
948
616
421
735
455
959
670
892
418
469
801
712
767
460
1000
426
989
804
402
512
603
493
0
450
843
956
812
829
739
457
670
853
497
687
676
641
614
865
634
559
969
850
733
444
839
597
423
981
613
489
934
829
935
670
525
655
741
407
631
532
907
570
436
982
495
975
944
658
467
826
748
875
870
675
868
954
497
450
851
897
734
546
752
706
487
0
522
0
0
0
482
0
708
0
0
0
923
0
995
0
0
0
469
0
414
0
0
0
549
0
516
0
0
0
409
0
768
0
0
0
750
0
450
0
0
0
406
0
652
0
0
0
938
0
856
0
0
0
642
0
1000
0
0
0
637
0
977
0
0
0
699
0
652
0
0
0
727
0
763
0
0
0
487
0
464
0
0
0
713
0
564
0
0
0
403
0
738
0
0
0
587
0
402
0
0
0
475
0
0
0
446
0
888
0
0
0
684
0
869
0
0
0
590
0
715
0
0
0
644
0
966
0
0
0
740
0
614
0
0
0
606
0
843
0
0
0
640
0
401
0
0
0
477
0
593
0
0
0
698
0
528
0
0
0
491
0
986
0
0
0
935
0
992
0
0
0
466
0
723
0
0
0
983
0
790
0
0
0
638
0
605
0
0
0
863
0
924
0
0
0
476
0
723
0
0
0
794
0
0
0
679
0
728
0
0
0
854
0
945
0
0
0
529
0
661
0
0
0
514
0
664
0
0
0
851
0
983
0
0
0
697
0
956
0
0
0
703
0
834
0
0
0
815
0
678
0
0
0
628
0
499
0
0
0
524
0
646
0
0
0
678
0
983
0
0
0
668
0
480
0
0
0
635
0
780
0
0
0
765
0
571
0
0
0
716
0
908
0
0
0
881
0
605
0
0
459
658
638
973
427
712
771
485
498
620
986
802
970
745
722
990
703
800
841
695
988
897
666
977
498
804
598
559
658
657
902
661
957
606
754
565
624
812
406
640
703
0
684
590
970
894
974
646
908
513
634
750
788
892
586
552
794
611
879
661
651
539
850
884
910
954
621
559
752
440
852
764
706
532
615
891
504
437
487
738
721
752
709
505
652
881
591
841
640
460
541
717
781
567
794
933
662
441
772
514
0
977
0
0
0
435
0
895
0
0
0
749
0
829
0
0
0
609
0
817
0
0
0
623
0
690
0
0
0
667
0
458
0
0
0
782
0
829
0
0
0
684
0
927
0
0
0
704
0
813
0
0
0
978
0
508
0
0
0
508
0
956
0
0
0
662
0
580
0
0
0
420
0
951
0
0
0
663
0
653
0
0
0
772
0
556
0
0
0
793
0
616
0
0
0
967
0
823
0
0
684
870
973
400
729
591
948
633
985
429
419
655
592
999
700
542
448
472
421
584
765
830
779
957
605
832
770
874
767
785
902
633
635
670
884
655
401
739
652
401
834
590
927
0
520
470
911
1000
425
797
501
740
726
409
961
441
465
509
801
843
857
601
496
662
724
828
901
876
993
842
660
980
812
657
665
688
717
605
416
684
926
868
783
408
434
416
555
825
608
979
619
544
864
828
475
946
791
659
968
998
0
980
0
0
0
687
0
418
0
0
0
770
0
494
0
0
0
708
0
864
0
0
0
582
0
980
0
0
0
441
0
990
0
0
0
830
0
457
0
0
0
970
0
520
0
0
0
697
0
465
0
0
0
481
0
781
0
0
0
657
0
400
0
0
0
404
0
689
0
0
0
420
0
788
0
0
0
915
0
458
0
0
0
847
0
832
0
0
0
821
0
964
0
0
0
558
0
608
0
0
0
668
0
0
0
407
0
629
0
0
0
536
0
712
0
0
0
978
0
522
0
0
0
492
0
465
0
0
0
776
0
665
0
0
0
743
0
670
0
0
0
894
0
470
0
0
0
701
0
455
0
0
0
629
0
538
0
0
0
632
0
457
0
0
0
749
0
883
0
0
0
815
0
827
0
0
0
782
0
970
0
0
0
494
0
691
0
0
0
853
0
825
0
0
0
553
0
401
0
0
0
699
0
0
0
705
0
684
0
0
0
498
0
699
0
0
0
486
0
559
0
0
0
721
0
438
0
0
0
915
0
406
0
0
0
433
0
853
0
0
0
974
0
911
0
0
0
404
0
830
0
0
0
513
0
829
0
0
0
730
0
411
0
0
0
845
0
772
0
0
0
939
0
603
0
0
0
766
0
549
0
0
0
483
0
880
0
0
0
909
0
864
0
0
0
856
0
419
0
0
664
513
562
677
731
506
699
660
737
997
774
485
495
874
850
893
542
833
986
671
733
478
721
734
919
892
742
853
685
667
440
773
679
584
835
743
636
497
938
477
815
646
704
1000
697
701
404
0
521
887
550
877
529
910
750
601
670
407
818
894
671
884
838
820
576
838
697
762
521
718
920
439
740
400
848
663
764
461
706
411
664
508
851
689
490
939
436
858
783
504
775
787
617
940
769
784
834
787
671
554
0
481
0
0
0
874
0
512
0
0
0
719
0
820
0
0
0
402
0
953
0
0
0
556
0
594
0
0
0
404
0
987
0
0
0
731
0
687
0
0
0
908
0
425
0
0
0
521
0
436
0
0
0
826
0
576
0
0
0
641
0
592
0
0
0
473
0
652
0
0
0
854
0
921
0
0
0
560
0
528
0
0
0
660
0
564
0
0
0
466
0
517
0
0
0
943
0
422
0
0
817
422
497
475
485
612
880
452
796
864
577
477
905
516
941
796
458
550
764
530
728
841
436
890
533
502
854
941
743
546
683
547
542
610
657
698
992
676
856
593
678
513
813
797
465
455
830
887
436
0
412
595
438
433
705
731
758
803
679
706
459
961
429
460
998
796
714
487
437
461
553
944
839
601
853
470
974
926
925
946
591
483
895
741
614
655
420
580
511
964
856
443
551
488
507
883
909
979
953
684
0
468
0
0
0
562
0
816
0
0
0
658
0
751
0
0
0
448
0
951
0
0
0
874
0
907
0
0
0
588
0
472
0
0
0
953
0
641
0
0
0
634
0
501
0
0
0
550
0
412
0
0
0
993
0
841
0
0
0
466
0
464
0
0
0
994
0
593
0
0
0
655
0
523
0
0
0
543
0
886
0
0
0
436
0
591
0
0
0
909
0
429
0
0
0
470
0
829
0
0
0
650
0
0
0
443
0
926
0
0
0
904
0
929
0
0
0
891
0
606
0
0
0
871
0
761
0
0
0
726
0
475
0
0
0
938
0
614
0
0
0
750
0
740
0
0
0
877
0
595
0
0
0
903
0
809
0
0
0
854
0
532
0
0
0
724
0
663
0
0
0
930
0
869
0
0
0
917
0
785
0
0
0
586
0
488
0
0
0
797
0
901
0
0
0
940
0
790
0
0
0
420
0
0
0
459
0
411
0
0
0
1000
0
600
0
0
0
517
0
562
0
0
0
556
0
436
0
0
0
490
0
606
0
0
0
575
0
865
0
0
0
788
0
726
0
0
0
529
0
438
0
0
0
558
0
462
0
0
0
410
0
901
0
0
0
798
0
503
0
0
0
630
0
452
0
0
0
506
0
713
0
0
0
954
0
611
0
0
0
484
0
469
0
0
0
745
0
651
0
0
729
553
651
657
441
834
557
892
821
861
830
994
885
884
845
639
688
954
726
795
802
674
661
701
754
409
445
986
850
766
570
745
596
550
529
564
561
634
642
698
628
892
978
409
481
629
513
910
826
433
993
903
558
0
769
590
946
930
735
686
953
439
682
623
866
709
568
704
557
507
966
602
971
464
604
650
770
946
930
527
723
969
942
886
968
904
888
568
806
534
501
636
597
700
834
569
406
922
883
792
0
822
0
0
0
876
0
641
0
0
0
843
0
420
0
0
0
468
0
595
0
0
0
760
0
965
0
0
0
511
0
773
0
0
0
437
0
559
0
0
0
586
0
961
0
0
0
750
0
705
0
0
0
769
0
549
0
0
0
825
0
895
0
0
0
693
0
697
0
0
0
595
0
666
0
0
0
629
0
697
0
0
0
957
0
811
0
0
0
648
0
629
0
0
0
897
0
703
0
0
406
469
833
750
666
898
721
580
981
469
505
937
666
884
997
403
778
842
421
935
582
836
621
474
991
824
796
834
482
876
912
675
845
783
480
718
505
969
1000
528
499
552
508
441
781
538
829
601
576
731
841
809
462
590
549
0
930
603
872
615
666
660
688
662
671
516
814
505
864
855
556
887
713
628
915
949
692
932
566
894
580
986
753
844
429
751
781
907
748
449
562
777
808
920
621
523
669
870
543
686
0
549
0
0
0
733
0
663
0
0
0
675
0
667
0
0
0
628
0
419
0
0
0
950
0
620
0
0
0
737
0
442
0
0
0
900
0
850
0
0
0
794
0
465
0
0
0
670
0
758
0
0
0
946
0
930
0
0
0
894
0
768
0
0
0
992
0
995
0
0
0
777
0
799
0
0
0
445
0
830
0
0
0
562
0
697
0
0
0
859
0
973
0
0
0
870
0
906
0
0
0
916
0
0
0
627
0
405
0
0
0
666
0
640
0
0
0
904
0
743
0
0
0
649
0
681
0
0
0
837
0
949
0
0
0
638
0
733
0
0
0
611
0
509
0
0
0
407
0
803
0
0
0
930
0
603
0
0
0
835
0
425
0
0
0
515
0
803
0
0
0
752
0
692
0
0
0
643
0
610
0
0
0
855
0
740
0
0
0
869
0
605
0
0
0
405
0
785
0
0
0
508
0
0
0
802
0
995
0
0
0
514
0
629
0
0
0
522
0
927
0
0
0
677
0
573
0
0
0
653
0
462
0
0
0
739
0
444
0
0
0
879
0
801
0
0
0
818
0
679
0
0
0
735
0
872
0
0
0
447
0
706
0
0
0
888
0
452
0
0
0
933
0
974
0
0
0
766
0
518
0
0
0
471
0
670
0
0
0
956
0
480
0
0
0
666
0
518
0
0
905
713
952
612
422
689
795
978
876
655
418
626
935
948
796
702
499
555
628
410
869
990
917
413
842
661
592
992
607
981
442
817
909
662
989
629
543
839
637
491
524
661
508
843
657
632
730
894
641
706
466
854
410
686
825
615
894
835
447
0
616
446
937
733
747
729
529
827
674
574
900
549
960
563
531
400
474
652
983
540
420
764
967
558
801
736
884
468
551
705
413
572
491
463
466
768
693
768
903
631
0
458
0
0
0
599
0
718
0
0
0
435
0
837
0
0
0
798
0
865
0
0
0
412
0
705
0
0
0
493
0
480
0
0
0
978
0
597
0
0
0
651
0
857
0
0
0
671
0
459
0
0
0
953
0
666
0
0
0
616
0
702
0
0
0
954
0
822
0
0
0
551
0
746
0
0
0
588
0
944
0
0
0
678
0
623
0
0
0
935
0
724
0
0
0
576
0
813
0
0
815
675
688
451
842
885
915
682
829
678
533
586
549
649
411
491
481
497
724
828
821
823
544
822
823
709
837
692
773
502
434
539
633
420
637
898
540
423
977
986
646
539
956
601
400
457
411
884
592
961
464
532
901
439
895
660
768
425
706
446
702
0
677
735
953
445
888
752
427
693
663
618
759
626
751
468
582
631
457
747
568
460
912
630
624
691
488
924
765
870
457
404
599
623
863
933
937
405
805
405
0
499
0
0
0
516
0
786
0
0
0
535
0
544
0
0
0
728
0
747
0
0
0
870
0
656
0
0
0
721
0
487
0
0
0
913
0
981
0
0
0
850
0
496
0
0
0
838
0
429
0
0
0
682
0
688
0
0
0
937
0
677
0
0
0
552
0
791
0
0
0
649
0
682
0
0
0
579
0
636
0
0
0
511
0
583
0
0
0
719
0
525
0
0
0
968
0
557
0
0
0
517
0
0
0
652
0
953
0
0
0
414
0
555
0
0
0
400
0
478
0
0
0
678
0
688
0
0
0
607
0
662
0
0
0
939
0
613
0
0
0
884
0
662
0
0
0
820
0
460
0
0
0
623
0
662
0
0
0
733
0
735
0
0
0
404
0
795
0
0
0
919
0
506
0
0
0
661
0
539
0
0
0
941
0
940
0
0
0
668
0
968
0
0
0
957
0
460
0
0
0
673
0
0
0
668
0
960
0
0
0
451
0
874
0
0
0
530
0
533
0
0
0
464
0
402
0
0
0
901
0
640
0
0
0
993
0
489
0
0
0
910
0
724
0
0
0
576
0
998
0
0
0
866
0
671
0
0
0
747
0
953
0
0
0
874
0
451
0
0
0
958
0
659
0
0
0
813
0
880
0
0
0
447
0
792
0
0
0
447
0
782
0
0
0
591
0
557
0
0
727
470
939
872
480
576
588
942
848
732
410
939
988
803
983
765
964
624
661
809
481
535
570
906
476
594
871
657
862
839
604
669
454
616
972
748
979
934
699
935
678
954
662
828
404
749
845
838
473
796
994
724
798
709
693
516
992
515
888
729
954
445
552
404
874
0
428
674
760
429
509
414
564
522
980
577
799
881
640
830
904
684
879
808
437
770
485
763
507
656
737
951
652
684
683
551
420
400
500
789
0
670
0
0
0
869
0
658
0
0
0
986
0
415
0
0
0
594
0
937
0
0
0
567
0
859
0
0
0
668
0
766
0
0
0
416
0
829
0
0
0
621
0
901
0
0
0
697
0
714
0
0
0
568
0
814
0
0
0
529
0
888
0
0
0
428
0
423
0
0
0
413
0
993
0
0
0
787
0
475
0
0
0
937
0
709
0
0
0
427
0
943
0
0
0
751
0
918
0
0
670
680
802
684
840
763
815
894
592
847
885
608
799
712
466
927
681
657
614
880
900
541
484
574
449
788
478
607
890
928
644
992
985
903
835
562
474
935
652
992
983
559
580
876
689
883
772
762
652
487
593
663
503
704
697
505
995
803
452
827
822
752
791
795
451
674
423
0
546
832
525
916
560
420
478
491
764
665
636
593
861
481
419
688
542
440
557
987
806
808
595
784
981
482
867
654
797
453
473
865
0
646
0
0
0
449
0
659
0
0
0
523
0
487
0
0
0
719
0
615
0
0
0
454
0
482
0
0
0
580
0
939
0
0
0
930
0
670
0
0
0
752
0
993
0
0
0
521
0
437
0
0
0
557
0
864
0
0
0
674
0
427
0
0
0
760
0
546
0
0
0
881
0
454
0
0
0
941
0
784
0
0
0
591
0
530
0
0
0
713
0
836
0
0
0
460
0
573
0
0
0
654
0
0
0
466
0
567
0
0
0
610
0
438
0
0
0
408
0
564
0
0
0
574
0
567
0
0
0
604
0
441
0
0
0
611
0
525
0
0
0
440
0
842
0
0
0
718
0
461
0
0
0
507
0
855
0
0
0
574
0
693
0
0
0
429
0
832
0
0
0
886
0
670
0
0
0
830
0
816
0
0
0
886
0
581
0
0
0
583
0
1000
0
0
0
990
0
694
0
0
0
708
0
0
0
603
0
604
0
0
0
563
0
905
0
0
0
625
0
888
0
0
0
551
0
714
0
0
0
464
0
865
0
0
0
471
0
655
0
0
0
852
0
660
0
0
0
920
0
553
0
0
0
966
0
556
0
0
0
900
0
663
0
0
0
509
0
525
0
0
0
636
0
640
0
0
0
530
0
763
0
0
0
519
0
772
0
0
0
635
0
873
0
0
0
860
0
630
0
0
949
522
539
619
477
921
533
519
440
805
845
776
869
769
993
949
418
924
656
776
400
451
990
722
679
612
950
646
427
466
505
831
915
897
525
660
598
741
727
466
668
764
420
980
420
815
939
439
854
944
655
930
630
602
595
887
777
752
933
549
551
618
649
919
958
414
413
916
881
886
636
0
822
592
679
587
826
798
790
457
907
851
465
499
577
443
583
589
657
631
546
415
773
562
500
595
544
773
960
714
0
944
0
0
0
966
0
463
0
0
0
568
0
782
0
0
0
668
0
823
0
0
0
680
0
731
0
0
0
525
0
973
0
0
0
461
0
407
0
0
0
706
0
812
0
0
0
740
0
839
0
0
0
971
0
713
0
0
0
960
0
759
0
0
0
564
0
560
0
0
0
822
0
558
0
0
0
620
0
595
0
0
0
674
0
862
0
0
0
863
0
951
0
0
0
919
0
983
0
0
670
490
494
456
563
529
780
612
452
680
652
852
919
765
446
829
608
616
925
949
608
707
611
841
700
714
947
885
979
818
964
994
835
685
608
866
586
631
763
723
480
532
951
657
788
827
603
400
921
601
523
869
452
464
666
628
799
692
974
563
746
626
682
506
659
522
993
420
454
670
640
592
558
0
877
490
586
549
495
620
664
936
598
742
743
970
516
491
636
467
618
1000
419
466
727
413
457
840
858
962
0
942
0
0
0
639
0
882
0
0
0
938
0
529
0
0
0
465
0
681
0
0
0
492
0
444
0
0
0
544
0
659
0
0
0
645
0
532
0
0
0
615
0
665
0
0
0
848
0
853
0
0
0
604
0
915
0
0
0
531
0
751
0
0
0
980
0
478
0
0
0
679
0
877
0
0
0
903
0
992
0
0
0
572
0
610
0
0
0
962
0
919
0
0
0
1000
0
458
0
0
0
461
0
0
0
709
0
551
0
0
0
706
0
404
0
0
0
781
0
722
0
0
0
539
0
681
0
0
0
623
0
784
0
0
0
725
0
907
0
0
0
891
0
688
0
0
0
663
0
470
0
0
0
650
0
949
0
0
0
400
0
468
0
0
0
577
0
491
0
0
0
587
0
490
0
0
0
438
0
641
0
0
0
672
0
716
0
0
0
750
0
780
0
0
0
754
0
916
0
0
0
437
0
0
0
736
0
718
0
0
0
931
0
974
0
0
0
855
0
499
0
0
0
784
0
826
0
0
0
530
0
906
0
0
0
449
0
570
0
0
0
504
0
717
0
0
0
764
0
974
0
0
0
770
0
692
0
0
0
474
0
582
0
0
0
799
0
764
0
0
0
826
0
586
0
0
0
419
0
423
0
0
0
670
0
885
0
0
0
874
0
896
0
0
0
516
0
487
0
0
768
746
667
794
828
418
560
529
494
530
587
652
839
448
419
691
612
845
803
519
862
588
707
770
458
962
679
932
615
503
1000
694
817
724
799
535
714
436
487
983
635
437
663
605
915
782
766
461
560
926
543
917
506
946
629
932
445
643
766
652
588
631
579
661
813
881
787
665
941
830
530
798
620
549
903
438
419
0
446
569
918
702
906
900
727
575
556
669
662
432
689
782
779
448
954
795
939
789
428
439
0
586
0
0
0
445
0
978
0
0
0
400
0
777
0
0
0
973
0
814
0
0
0
738
0
571
0
0
0
842
0
700
0
0
0
961
0
982
0
0
0
487
0
416
0
0
0
706
0
925
0
0
0
930
0
566
0
0
0
983
0
457
0
0
0
640
0
636
0
0
0
790
0
495
0
0
0
446
0
719
0
0
0
587
0
448
0
0
0
711
0
705
0
0
0
568
0
954
0
0
951
494
733
445
781
456
873
799
432
985
404
985
833
654
719
689
899
998
575
559
549
941
479
563
625
466
745
725
762
745
947
722
836
925
766
770
687
495
464
790
780
738
653
684
458
970
549
411
528
946
886
785
713
527
697
894
830
610
518
540
944
747
636
539
880
830
475
593
784
816
763
457
595
620
992
641
423
569
719
0
497
551
517
862
796
555
988
563
656
847
729
422
897
538
477
568
822
403
681
918
0
545
0
0
0
456
0
956
0
0
0
464
0
889
0
0
0
794
0
840
0
0
0
909
0
630
0
0
0
567
0
757
0
0
0
739
0
975
0
0
0
721
0
926
0
0
0
664
0
591
0
0
0
723
0
580
0
0
0
420
0
568
0
0
0
904
0
861
0
0
0
907
0
664
0
0
0
918
0
497
0
0
0
981
0
922
0
0
0
691
0
588
0
0
0
818
0
848
0
0
0
619
0
0
0
440
0
932
0
0
0
931
0
814
0
0
0
726
0
805
0
0
0
813
0
988
0
0
0
474
0
990
0
0
0
599
0
944
0
0
0
752
0
868
0
0
0
508
0
483
0
0
0
969
0
986
0
0
0
764
0
460
0
0
0
684
0
481
0
0
0
851
0
936
0
0
0
702
0
551
0
0
0
717
0
598
0
0
0
777
0
844
0
0
0
691
0
536
0
0
0
665
0
0
0
755
0
501
0
0
0
478
0
546
0
0
0
738
0
870
0
0
0
891
0
818
0
0
0
963
0
999
0
0
0
969
0
658
0
0
0
709
0
783
0
0
0
851
0
895
0
0
0
942
0
753
0
0
0
967
0
912
0
0
0
879
0
419
0
0
0
465
0
598
0
0
0
906
0
517
0
0
0
746
0
950
0
0
0
620
0
717
0
0
0
920
0
694
0
0
812
663
708
999
730
508
728
416
589
924
845
943
710
909
691
636
532
924
508
432
874
421
692
415
645
873
988
924
591
768
893
954
470
697
638
977
988
467
713
638
765
505
772
408
847
494
483
689
660
741
436
586
954
886
957
844
562
855
471
558
678
630
511
941
447
808
937
688
591
886
519
499
674
742
572
672
670
900
587
862
981
717
746
0
530
818
755
703
438
453
461
564
484
608
718
536
529
623
723
516
0
701
0
0
0
845
0
582
0
0
0
562
0
914
0
0
0
486
0
578
0
0
0
961
0
408
0
0
0
511
0
898
0
0
0
984
0
826
0
0
0
652
0
434
0
0
0
490
0
614
0
0
0
968
0
429
0
0
0
801
0
624
0
0
0
437
0
542
0
0
0
577
0
743
0
0
0
727
0
796
0
0
0
530
0
416
0
0
0
883
0
854
0
0
0
591
0
564
0
0
457
916
505
623
932
863
826
770
468
443
968
445
780
564
840
551
481
834
574
579
550
765
633
909
943
472
936
821
867
563
545
771
768
411
785
962
652
748
564
605
571
881
556
416
832
691
880
939
564
655
591
488
611
904
811
751
697
740
670
736
623
691
583
940
792
770
709
440
530
581
772
443
862
970
610
716
885
575
448
555
922
598
950
818
416
0
978
468
995
920
839
988
513
903
566
613
721
782
980
766
0
865
0
0
0
922
0
690
0
0
0
836
0
611
0
0
0
651
0
447
0
0
0
779
0
521
0
0
0
817
0
823
0
0
0
488
0
875
0
0
0
591
0
555
0
0
0
436
0
420
0
0
0
888
0
781
0
0
0
884
0
488
0
0
0
485
0
557
0
0
0
583
0
516
0
0
0
556
0
988
0
0
0
755
0
978
0
0
0
576
0
985
0
0
0
845
0
614
0
0
0
612
0
0
0
673
0
612
0
0
0
598
0
928
0
0
0
598
0
419
0
0
0
766
0
833
0
0
0
788
0
820
0
0
0
935
0
870
0
0
0
841
0
825
0
0
0
858
0
580
0
0
0
568
0
907
0
0
0
468
0
924
0
0
0
763
0
987
0
0
0
589
0
491
0
0
0
669
0
563
0
0
0
703
0
468
0
0
0
426
0
893
0
0
0
542
0
403
0
0
0
875
0
0
0
803
0
959
0
0
0
615
0
456
0
0
0
891
0
930
0
0
0
805
0
697
0
0
0
696
0
684
0
0
0
474
0
675
0
0
0
640
0
608
0
0
0
783
0
511
0
0
0
806
0
748
0
0
0
551
0
765
0
0
0
507
0
806
0
0
0
657
0
636
0
0
0
662
0
656
0
0
0
438
0
995
0
0
0
629
0
924
0
0
0
424
0
904
0
0
657
511
428
645
415
645
600
860
411
550
764
892
935
410
703
734
835
477
441
864
944
643
856
568
569
828
798
623
644
403
794
489
723
693
931
789
715
868
403
863
716
460
793
979
821
853
909
504
466
964
909
797
484
534
648
449
859
869
956
705
935
870
719
668
447
656
427
808
713
583
635
631
863
467
962
750
874
432
711
847
691
777
620
453
883
920
576
426
629
0
826
929
831
953
589
912
687
700
904
903
0
616
0
0
0
457
0
727
0
0
0
753
0
509
0
0
0
466
0
916
0
0
0
857
0
511
0
0
0
961
0
542
0
0
0
489
0
954
0
0
0
541
0
619
0
0
0
775
0
856
0
0
0
501
0
562
0
0
0
413
0
457
0
0
0
737
0
595
0
0
0
546
0
618
0
0
0
689
0
729
0
0
0
461
0
839
0
0
0
826
0
417
0
0
0
441
0
413
0
0
979
964
638
603
835
838
904
427
472
735
553
701
653
850
581
579
662
672
955
834
734
546
980
783
824
442
973
796
969
747
991
668
918
846
613
457
915
497
738
924
908
717
616
544
964
825
864
787
517
443
429
901
469
636
629
777
973
605
480
572
724
404
525
968
782
951
943
784
836
1000
873
415
951
1000
919
780
896
782
705
422
588
844
717
564
854
988
985
893
924
929
417
0
907
685
811
865
906
923
814
457
0
524
0
0
0
598
0
958
0
0
0
801
0
666
0
0
0
954
0
933
0
0
0
615
0
719
0
0
0
865
0
405
0
0
0
463
0
450
0
0
0
781
0
864
0
0
0
617
0
551
0
0
0
597
0
808
0
0
0
491
0
599
0
0
0
652
0
981
0
0
0
773
0
419
0
0
0
779
0
897
0
0
0
484
0
513
0
0
0
831
0
907
0
0
0
966
0
557
0
0
0
737
0
0
0
519
0
646
0
0
0
621
0
933
0
0
0
897
0
771
0
0
0
550
0
749
0
0
0
701
0
957
0
0
0
929
0
851
0
0
0
567
0
828
0
0
0
940
0
488
0
0
0
700
0
920
0
0
0
463
0
623
0
0
0
684
0
482
0
0
0
562
0
466
0
0
0
448
0
538
0
0
0
608
0
903
0
0
0
953
0
685
0
0
0
843
0
613
0
0
0
454
0
0
0
733
0
671
0
0
0
989
0
916
0
0
0
592
0
915
0
0
0
650
0
575
0
0
0
840
0
480
0
0
0
502
0
897
0
0
0
794
0
475
0
0
0
769
0
507
0
0
0
834
0
621
0
0
0
466
0
863
0
0
0
683
0
867
0
0
0
500
0
727
0
0
0
954
0
477
0
0
0
718
0
566
0
0
0
589
0
811
0
0
0
466
0
658
0
0
933
973
461
454
442
587
691
697
404
669
993
603
539
867
596
874
868
734
780
435
632
780
626
732
614
785
613
694
637
769
940
969
418
591
669
572
532
734
587
476
881
933
967
946
558
553
856
784
943
883
470
940
745
569
897
523
870
405
666
768
576
933
968
957
591
551
751
654
460
990
860
595
919
413
1000
754
516
795
568
568
818
691
920
536
591
613
845
542
424
912
441
865
966
843
466
0
543
559
820
466
0
618
0
0
0
635
0
856
0
0
0
869
0
622
0
0
0
905
0
665
0
0
0
967
0
935
0
0
0
574
0
819
0
0
0
728
0
546
0
0
0
662
0
791
0
0
0
834
0
909
0
0
0
406
0
669
0
0
0
693
0
937
0
0
0
420
0
797
0
0
0
544
0
457
0
0
0
939
0
822
0
0
0
529
0
721
0
0
0
687
0
906
0
0
0
543
0
587
0
0
540
737
712
912
645
644
607
689
771
886
532
815
621
809
625
866
532
631
429
961
684
412
852
967
646
525
920
508
819
638
625
898
807
602
489
852
645
752
402
723
605
441
823
659
608
401
419
787
422
979
829
790
651
922
703
870
906
785
518
768
813
405
557
460
557
400
918
453
573
694
630
773
983
840
458
916
487
789
954
403
848
536
694
623
564
782
614
403
904
700
413
923
557
613
658
559
587
0
501
627
0
872
0
0
0
996
0
418
0
0
0
707
0
855
0
0
0
955
0
516
0
0
0
582
0
927
0
0
0
469
0
641
0
0
0
488
0
706
0
0
0
772
0
968
0
0
0
671
0
953
0
0
0
883
0
543
0
0
0
903
0
805
0
0
0
500
0
473
0
0
0
960
0
858
0
0
0
428
0
681
0
0
0
723
0
980
0
0
0
904
0
814
0
0
0
820
0
501
0
0
0
548
0
0
0
727
0
813
0
0
0
448
0
686
0
0
0
455
0
682
0
0
0
684
0
485
0
0
0
785
0
711
0
0
0
953
0
487
0
0
0
514
0
998
0
0
0
554
0
684
0
0
0
792
0
686
0
0
0
631
0
405
0
0
0
789
0
865
0
0
0
714
0
962
0
0
0
439
0
918
0
0
0
516
0
766
0
0
0
903
0
457
0
0
0
466
0
627
0
0
