0
0
375
273
309
59
822
233
0
638
339
990
710
163
849
179
262
819
37
676
644
0
74
620
739
103
2
0
649
0
564
951
649
846
378
211
886
35
516
701
265
453
798
916
462
863
346
136
511
1
426
508
813
120
678
575
524
541
831
640
599
328
963
230
71
0
65
151
175
516
0
862
322
595
507
673
860
243
452
0
593
264
553
987
0
755
475
38
131
913
361
629
0
1
517
137
962
0
371
378
0
0
0
174
316
519
799
234
877
796
265
548
78
990
256
218
481
604
489
291
651
67
553
820
353
0
859
23
173
979
234
144
377
278
696
707
389
0
13
833
718
0
435
300
0
173
689
773
0
550
0
0
536
504
990
987
503
810
558
616
539
941
793
0
430
958
615
547
0
16
381
639
949
285
345
230
238
811
789
163
163
441
517
0
580
760
650
371
587
562
488
554
444
731
418
504
480
759
564
494
375
0
0
0
217
285
163
819
780
474
501
143
0
0
285
798
313
865
82
1
334
726
804
0
47
566
491
34
315
527
187
667
630
293
0
839
511
244
366
481
232
170
238
939
601
767
862
0
886
461
936
622
911
261
209
928
91
170
0
626
534
241
897
119
827
461
0
537
635
206
731
386
0
0
119
830
0
453
165
53
448
843
969
532
746
27
565
211
21
741
734
0
270
126
591
242
0
109
532
536
273
174
0
0
263
596
0
16
685
622
31
567
13
350
8
519
848
211
797
289
540
741
445
347
897
632
325
70
109
172
318
744
389
134
578
80
593
450
422
596
950
0
452
791
744
958
93
0
0
0
734
0
537
402
519
480
958
605
91
198
425
120
833
412
961
123
518
588
843
575
36
863
919
711
176
438
858
510
0
712
768
778
459
642
214
86
726
822
864
825
326
235
897
191
172
810
491
500
368
412
309
316
217
263
0
0
884
20
949
901
550
484
0
474
192
896
978
868
709
920
222
496
721
824
481
151
880
819
0
175
679
247
500
475
397
376
436
656
160
804
822
697
534
739
129
364
56
378
671
356
0
157
240
253
360
132
826
504
988
433
197
950
591
0
731
302
747
0
966
363
897
160
258
200
80
543
610
0
298
818
407
954
0
0
557
57
0
382
116
351
170
790
682
2
419
987
0
773
656
38
59
519
285
596
0
0
0
566
777
911
0
271
332
349
689
0
0
630
459
476
298
143
638
413
0
668
760
524
440
0
727
986
350
225
387
243
369
261
527
338
632
122
962
409
417
28
635
682
193
547
0
567
502
669
681
968
496
539
758
560
118
375
964
682
636
496
820
898
0
979
33
595
178
940
413
975
499
488
936
526
968
0
8
755
841
0
59
589
856
348
609
234
406
619
903
622
536
492
533
217
822
799
163
0
884
0
0
945
81
0
378
437
779
554
204
480
667
806
213
498
337
260
289
741
307
822
376
993
188
488
636
845
879
0
854
49
639
831
803
417
904
190
855
0
436
0
726
55
186
7
603
462
0
792
788
980
758
171
509
854
902
445
0
898
842
0
2
0
0
841
212
15
398
0
739
940
826
836
162
725
189
642
14
612
0
0
694
570
650
144
592
57
867
720
227
40
367
181
930
123
233
234
819
16
20
566
945
0
341
596
868
0
564
833
171
520
0
829
356
594
982
382
140
822
738
0
630
437
0
198
827
536
859
460
0
495
715
719
950
822
493
784
885
339
144
538
587
0
500
236
0
985
580
0
496
8
51
670
571
441
416
0
570
39
95
105
164
760
573
494
148
481
463
771
315
153
18
286
821
874
245
887
0
469
45
851
279
554
0
0
230
244
914
1
0
355
657
349
835
277
0
877
780
685
949
777
81
341
0
647
871
874
0
594
0
746
403
491
106
906
112
886
28
0
785
67
242
0
2
732
491
360
751
203
169
0
508
701
579
249
188
803
555
0
97
247
265
831
979
650
468
0
717
550
382
747
0
0
821
566
899
0
0
980
611
0
0
0
113
407
153
699
795
0
582
599
703
122
564
191
693
160
951
421
99
891
585
242
827
540
131
320
794
802
198
599
0
525
668
894
638
796
474
622
901
911
0
596
647
0
0
0
220
248
187
703
401
179
516
762
0
116
381
965
201
189
156
853
0
844
164
234
289
773
818
784
266
266
733
588
762
565
341
379
622
85
676
643
693
555
211
2
855
0
659
424
742
769
593
40
570
848
780
493
354
378
478
225
0
828
70
142
0
466
903
632
274
627
50
836
88
614
289
385
0
3
903
0
675
231
60
493
429
0
695
60
789
0
346
944
339
265
501
31
550
0
378
868
871
0
0
729
165
675
654
30
0
945
42
533
675
451
213
0
742
0
665
109
725
335
378
0
139
939
1
849
0
845
403
187
524
0
127
517
446
165
662
368
487
0
171
0
769
0
330
590
0
919
182
936
274
0
79
92
72
413
270
0
589
459
950
837
0
119
248
381
282
271
237
210
71
164
346
40
899
907
0
307
472
23
739
996
665
777
746
924
194
298
859
338
990
548
143
567
484
271
437
0
874
0
729
0
0
424
724
645
874
290
239
78
284
181
8
234
105
409
897
795
535
491
197
458
622
54
0
0
693
848
606
946
688
952
742
623
213
648
0
0
807
636
20
491
814
505
152
659
89
189
447
0
704
11
872
100
951
372
193
58
339
0
785
0
389
877
750
235
266
225
532
0
0
264
702
517
160
584
0
108
448
102
945
393
986
0
538
131
895
28
130
176
710
78
0
13
0
332
779
564
0
220
165
0
0
258
955
165
0
89
912
800
523
507
857
0
393
22
0
78
834
605
265
622
948
588
0
928
320
140
0
901
907
859
940
25
373
832
0
43
212
721
704
471
983
139
423
834
491
281
525
775
242
557
541
0
0
564
837
326
810
508
48
525
24
689
266
443
868
0
0
581
536
302
629
0
640
849
771
389
0
114
611
108
419
526
892
614
0
0
867
858
163
990
0
350
474
349
554
833
594
248
675
424
258
0
917
823
92
0
399
803
648
880
870
959
366
465
205
905
813
96
49
625
186
57
60
491
99
600
850
394
493
416
856
786
198
0
0
825
750
66
188
640
931
303
62
50
365
423
616
228
932
0
997
571
389
317
208
554
318
887
278
901
729
631
0
0
0
466
428
456
585
412
96
848
683
691
512
256
0
192
724
653
413
713
0
517
782
837
202
50
849
256
285
8
192
689
204
171
0
187
654
724
955
917
0
381
792
791
168
63
600
493
0
415
242
534
297
195
525
95
388
48
121
746
794
587
229
976
241
770
748
405
923
706
995
286
987
741
99
27
0
652
464
413
364
564
643
711
159
0
940
969
81
994
430
949
865
0
999
55
558
800
856
737
384
255
447
997
968
668
0
571
899
638
803
709
463
592
31
117
57
374
0
628
286
160
777
337
825
638
179
218
798
519
896
0
480
520
746
703
30
645
165
823
381
0
487
943
532
590
272
13
509
924
349
29
763
839
0
643
268
301
816
66
501
656
684
819
537
87
0
147
735
570
931
0
3
72
0
0
113
536
41
505
492
313
184
93
0
259
0
564
808
652
0
492
382
270
292
0
701
92
377
362
925
654
950
973
866
143
439
995
982
366
424
362
794
872
735
607
839
962
289
794
375
0
284
296
449
472
262
481
313
848
978
0
667
0
403
401
0
874
0
92
792
487
0
25
312
525
74
314
0
350
0
524
113
0
491
197
90
614
518
989
600
63
707
0
946
334
12
202
268
263
777
719
434
94
553
187
0
556
139
782
918
182
456
518
836
0
158
596
555
606
497
652
65
893
0
169
898
657
285
761
204
517
449
730
970
937
695
452
765
504
736
518
573
312
132
635
22
843
410
0
709
230
158
0
979
0
819
604
865
211
868
630
806
829
491
179
945
290
89
0
791
943
25
0
866
173
538
489
232
97
626
20
0
403
36
479
458
0
229
980
153
83
681
581
103
810
264
349
340
564
51
394
484
940
371
352
500
730
907
48
911
0
411
897
911
373
23
979
188
760
856
393
852
432
0
125
506
106
152
993
587
806
695
0
203
420
256
293
906
601
655
473
567
166
154
0
429
0
0
0
515
163
339
763
664
554
37
489
82
797
709
459
213
356
106
516
42
239
912
399
168
532
312
866
0
409
884
0
334
980
544
298
638
974
458
581
527
730
0
225
133
112
524
210
504
358
0
102
179
6
916
360
593
703
0
802
44
756
445
0
968
96
24
603
431
33
0
747
863
116
0
953
0
416
0
205
787
0
787
933
0
35
265
985
525
424
330
742
801
987
964
0
464
813
754
31
569
747
77
26
298
531
499
0
55
0
676
291
1
289
920
476
498
594
906
762
533
78
800
803
63
590
525
173
409
0
586
401
944
347
598
879
0
0
992
0
0
501
913
701
0
513
934
140
0
0
855
277
567
37
843
651
723
197
138
0
737
807
673
0
592
452
387
877
961
300
0
634
166
264
590
740
0
965
993
612
792
0
801
260
802
191
999
77
744
195
728
568
448
136
145
711
462
0
684
782
119
949
271
96
777
856
57
0
0
0
644
651
334
540
222
298
337
982
112
0
675
284
523
648
600
272
74
538
884
586
0
146
809
469
721
282
0
159
130
716
304
116
319
151
431
287
513
878
0
341
741
283
704
902
867
767
814
833
0
668
480
290
438
989
532
70
997
936
869
12
608
101
0
0
22
325
912
486
435
0
945
147
23
791
777
689
989
163
146
842
548
484
660
0
377
792
842
800
600
0
269
909
413
524
803
435
652
447
591
525
0
67
726
741
496
143
260
382
886
116
451
181
507
880
493
13
314
489
0
401
146
0
153
265
339
257
948
0
159
123
828
578
700
942
500
50
119
621
0
464
0
0
0
127
752
233
869
943
887
623
633
0
846
0
491
880
126
616
908
734
702
295
430
694
0
361
746
0
130
316
168
323
418
916
950
749
703
934
558
978
828
160
563
0
206
170
788
46
0
850
219
184
772
413
550
634
26
432
0
301
74
553
804
445
721
638
289
140
28
381
213
8
857
870
0
509
0
232
334
944
809
153
0
0
474
835
610
368
351
285
321
197
0
989
307
311
944
0
288
0
541
81
0
0
332
277
732
216
286
0
331
983
682
780
408
838
801
763
0
0
594
377
335
612
0
0
927
263
123
697
143
390
620
669
597
318
262
981
497
286
474
499
0
258
908
645
881
0
837
0
771
776
876
991
252
443
640
531
256
103
620
820
0
347
824
413
741
822
0
965
0
234
0
959
415
924
350
97
980
347
469
265
0
0
588
459
112
979
0
281
132
699
493
163
548
772
0
433
327
431
566
909
271
607
718
904
271
247
403
488
998
0
428
0
387
0
380
0
470
996
305
62
170
0
185
917
987
399
401
908
194
682
0
0
124
130
524
870
895
457
146
353
481
525
475
969
8
218
193
507
751
7
407
380
0
681
366
789
160
358
739
353
47
897
481
0
307
738
785
201
742
105
393
366
242
349
0
626
544
598
721
339
474
588
0
0
54
644
672
0
279
954
241
162
422
340
790
359
687
68
117
387
262
495
0
827
0
0
0
553
621
568
817
678
349
699
5
410
0
251
833
961
11
832
576
0
279
879
0
247
147
973
576
70
0
0
751
368
686
797
158
343
289
126
48
948
421
180
61
883
637
208
0
419
435
65
178
897
572
659
103
0
566
632
151
668
822
0
67
189
0
409
22
465
534
29
524
20
298
879
282
257
835
459
0
0
538
561
799
274
730
145
815
779
701
902
0
744
0
530
348
657
657
240
446
826
996
752
356
202
463
38
417
0
388
350
683
910
36
0
643
0
0
411
581
984
724
767
963
293
374
295
858
622
114
889
488
0
553
848
0
174
344
719
878
28
303
0
770
23
60
354
510
988
158
800
0
642
948
0
2
859
491
325
880
760
376
630
242
156
665
897
0
205
297
763
113
0
638
0
0
948
610
112
54
538
0
820
394
685
0
283
904
134
475
539
41
669
174
238
171
0
531
741
848
70
971
775
875
732
806
334
354
140
0
303
670
340
960
0
75
439
101
90
450
221
31
410
840
598
235
875
18
549
249
76
529
379
0
422
450
848
616
845
862
902
446
998
566
716
795
155
800
107
493
0
242
733
725
600
0
23
34
70
819
524
993
437
0
853
109
795
78
905
195
839
0
403
974
0
159
0
368
979
644
561
820
0
80
289
89
0
845
0
419
421
0
882
621
498
0
667
195
441
847
897
270
0
995
671
454
316
283
60
0
65
386
575
663
628
661
0
959
451
352
389
299
347
390
900
890
586
0
0
575
383
479
425
270
657
825
4
864
850
49
908
784
480
877
0
0
0
707
236
276
979
747
340
624
153
649
173
315
109
0
440
188
0
2
0
725
535
834
813
525
0
491
36
458
992
130
159
351
0
672
799
394
80
0
768
811
623
909
293
544
102
249
775
439
272
103
3
451
138
981
0
540
550
196
85
287
537
49
852
0
886
518
502
327
0
135
294
293
468
316
896
40
0
0
544
970
684
328
916
0
501
645
769
262
15
266
0
0
0
0
945
577
585
561
171
317
486
665
0
953
392
354
165
192
142
0
979
527
172
175
0
488
198
732
844
335
491
605
96
95
643
197
479
581
0
716
123
285
281
0
274
685
289
768
0
818
702
451
518
993
353
486
307
739
878
690
789
551
0
364
353
437
74
0
273
306
440
208
0
0
826
971
742
806
51
357
107
849
873
605
747
853
21
935
0
971
297
326
0
636
255
874
536
342
853
3
667
89
137
971
145
784
0
836
60
698
346
509
292
802
736
363
439
76
755
564
234
187
318
679
727
636
827
491
164
378
197
265
49
388
268
90
458
527
0
304
828
321
132
279
730
0
89
811
818
0
427
596
98
724
171
330
30
735
0
66
431
488
775
178
63
942
0
952
54
0
0
523
248
520
0
816
402
696
927
341
448
382
0
288
17
859
0
0
960
466
32
610
580
0
937
10
58
573
674
273
0
476
269
439
342
752
41
721
669
560
116
553
586
149
24
233
994
615
224
951
144
667
744
247
986
845
536
360
234
0
458
622
625
48
301
614
0
730
501
116
578
197
699
954
145
283
0
623
702
427
0
0
0
850
416
280
568
246
108
940
82
494
939
20
366
0
276
467
594
198
845
166
832
904
753
0
631
825
518
800
0
863
872
300
855
51
708
0
0
793
0
357
844
604
875
149
470
59
984
893
7
901
396
765
910
176
363
472
858
566
633
142
240
444
623
164
318
169
957
649
377
630
389
500
350
879
859
751
289
139
622
948
186
121
816
518
229
0
913
319
700
0
493
241
815
904
845
909
451
596
0
0
471
424
842
778
796
257
112
0
67
0
0
391
188
858
933
596
78
612
639
79
0
873
17
467
248
152
246
562
0
890
50
890
661
255
230
0
277
778
403
167
966
0
693
0
747
527
0
985
0
777
104
0
0
457
331
862
371
0
275
707
295
941
108
448
198
0
344
846
278
293
134
475
225
0
460
203
773
939
54
588
57
746
66
989
980
225
701
151
942
989
163
162
779
134
0
293
518
98
0
471
0
683
515
207
0
689
0
572
109
128
719
932
672
879
0
341
0
739
319
454
166
604
126
0
0
993
897
600
37
927
553
0
305
452
117
150
402
494
923
257
14
664
0
0
432
873
527
970
0
319
919
924
721
837
0
0
97
0
215
5
893
855
758
11
730
438
542
378
696
0
578
397
387
854
0
169
818
1
0
0
60
794
501
600
153
133
0
431
500
307
548
422
701
475
419
544
993
724
850
424
683
0
721
186
296
146
0
734
0
268
847
0
695
70
861
294
0
569
81
100
568
240
162
399
300
158
0
594
603
349
481
944
0
676
137
152
2
789
298
633
162
143
638
806
116
861
250
143
758
0
385
934
0
597
355
242
658
22
740
0
529
0
789
127
0
590
0
211
707
839
80
376
243
49
495
0
784
849
0
928
491
587
656
63
83
112
513
287
50
311
772
340
902
539
421
102
353
171
416
842
515
721
0
142
856
521
831
671
976
34
316
949
247
902
214
743
0
10
747
487
943
569
622
622
128
875
0
469
114
604
734
392
359
475
811
518
344
770
127
211
291
267
756
635
353
803
0
0
503
513
374
308
0
22
834
26
488
0
250
485
123
723
985
670
743
0
17
886
389
511
593
436
369
639
715
508
266
0
693
320
99
229
684
707
681
524
934
513
119
944
0
790
0
41
0
249
486
330
280
778
207
186
142
0
392
512
0
658
137
0
266
0
0
437
810
879
332
548
57
376
145
214
558
335
867
935
0
725
282
0
0
878
117
840
0
602
444
154
213
364
63
970
312
452
461
985
620
564
594
449
674
70
46
872
67
870
710
0
123
670
18
120
38
174
148
0
157
35
0
244
450
656
261
831
719
701
266
845
848
140
600
976
819
0
581
210
140
878
621
0
433
359
744
669
882
775
307
30
568
796
0
296
856
392
0
865
446
658
31
0
872
749
382
88
614
616
372
0
524
822
38
313
629
438
285
839
0
953
418
276
456
46
689
397
98
518
822
46
95
0
231
88
757
151
866
276
365
732
360
381
0
916
646
884
907
245
405
327
0
962
384
674
0
174
0
310
1
516
13
366
422
160
527
803
950
579
733
403
606
0
850
241
537
946
103
504
0
0
0
288
327
687
0
174
621
439
739
735
246
257
689
146
521
512
865
0
0
242
371
13
766
819
716
890
772
0
640
642
223
7
185
996
460
245
282
0
890
279
0
868
304
219
0
910
600
0
931
519
50
681
760
716
960
860
699
397
893
356
454
149
788
909
535
904
578
173
81
107
425
376
327
610
51
411
552
319
3
701
833
481
596
804
338
417
822
249
588
187
946
901
394
770
87
334
810
358
0
341
464
0
431
68
530
238
498
272
878
0
108
112
0
0
831
0
446
0
0
644
366
177
0
614
426
545
483
218
0
0
423
94
969
287
550
514
395
161
191
145
757
409
652
0
313
179
16
50
453
218
214
944
288
943
0
818
914
322
919
625
315
743
911
473
465
865
7
543
433
522
204
0
883
449
452
422
949
72
0
265
718
232
950
822
632
904
493
188
762
524
688
907
493
748
0
12
264
0
855
741
0
541
566
117
348
171
0
103
690
66
940
0
572
734
671
658
658
242
644
0
258
0
260
370
509
474
90
515
180
0
651
559
210
568
437
43
364
966
74
646
689
653
727
864
846
448
0
685
931
0
950
664
312
114
781
548
294
130
608
171
409
948
2
647
855
13
350
53
212
702
440
458
650
545
8
338
578
0
872
453
0
170
0
697
122
190
784
803
565
0
952
859
416
405
147
202
349
102
277
283
0
81
909
387
657
0
667
3
789
431
82
67
109
0
976
137
31
371
366
258
0
438
777
945
331
804
0
630
976
0
159
356
0
21
54
985
525
567
808
935
371
511
353
442
267
802
391
562
581
870
178
0
549
848
569
470
478
989
832
838
0
382
566
874
369
666
271
806
0
86
935
0
8
556
0
364
172
947
652
798
435
238
452
534
962
855
885
555
341
127
742
940
856
923
735
268
340
179
567
704
0
0
271
262
657
531
195
451
551
488
494
0
128
268
34
0
0
13
177
0
438
0
84
2
548
660
472
172
496
615
209
869
542
0
235
511
20
299
998
0
847
83
0
837
618
715
813
0
0
710
871
536
75
698
624
269
0
417
681
860
481
294
206
0
78
612
305
179
0
991
0
516
572
569
0
964
718
246
684
916
300
939
791
739
409
0
339
0
379
517
623
25
786
706
570
263
564
6
37
902
127
0
607
495
240
741
441
138
0
775
939
0
719
847
316
266
872
766
0
260
777
84
0
669
978
0
612
0
815
230
0
48
264
555
0
0
607
333
524
417
532
0
706
650
608
734
224
220
934
128
525
20
45
48
945
656
26
290
817
25
605
0
734
199
821
71
269
413
302
970
144
519
388
175
320
18
0
950
0
462
0
601
744
129
417
436
144
97
622
446
213
373
198
995
931
777
51
916
843
867
752
332
718
0
446
848
847
981
364
178
20
391
932
0
949
0
749
819
614
370
945
2
669
0
392
670
10
880
689
808
397
526
920
198
218
432
0
315
886
0
609
712
780
227
270
659
0
23
952
68
0
661
223
555
390
896
784
643
599
243
527
271
482
197
858
285
298
97
406
301
0
304
453
803
0
473
658
457
0
863
173
767
958
364
28
0
538
247
85
165
648
832
0
286
0
719
394
360
651
767
233
277
904
827
826
70
897
0
353
63
366
188
672
695
247
0
382
716
426
509
331
548
978
392
0
655
756
862
827
337
760
390
197
613
387
173
137
823
276
932
995
706
976
195
584
825
780
376
88
0
908
281
495
0
12
681
174
667
232
760
634
492
303
809
0
490
749
28
373
91
171
547
501
140
25
801
958
78
456
346
689
862
93
56
635
726
587
265
676
662
0
0
0
987
3
434
484
593
723
814
869
732
271
0
996
971
270
540
437
942
0
858
879
70
902
437
88
890
545
474
804
660
0
670
655
0
340
0
0
493
400
872
861
712
425
373
314
0
55
619
44
41
135
259
0
468
981
0
405
740
362
0
0
0
719
957
424
68
97
652
562
858
593
78
55
211
527
824
891
422
636
326
282
86
571
654
150
97
415
136
773
0
0
378
682
55
0
831
643
368
0
43
825
741
72
94
940
703
197
833
943
216
247
0
752
775
0
550
74
0
276
933
0
861
214
810
614
772
483
90
0
472
612
10
756
340
0
0
435
767
497
658
0
675
950
805
627
132
763
50
64
697
264
956
454
697
338
978
923
0
613
720
154
0
904
271
213
261
447
224
985
37
560
378
165
451
47
45
636
490
283
176
336
0
507
978
306
890
302
511
0
886
0
671
193
186
500
979
693
487
807
212
750
99
0
553
371
0
138
0
887
286
403
0
356
875
995
196
0
952
467
596
341
294
743
879
616
0
218
515
630
172
0
880
862
0
0
0
0
670
201
861
298
877
555
409
172
587
543
307
194
770
425
488
713
0
0
693
262
494
172
19
331
476
533
995
349
0
0
483
1
402
48
454
426
309
983
0
697
107
70
320
5
361
159
0
346
389
383
1
550
461
0
356
547
7
236
650
555
0
636
721
66
27
0
187
352
802
0
668
623
0
488
553
202
732
671
85
273
54
594
78
0
0
0
332
372
640
0
180
976
496
815
689
827
0
435
0
0
277
539
0
766
641
660
256
41
733
781
205
254
313
599
993
595
982
371
163
657
0
831
769
516
0
807
68
727
877
339
163
349
0
802
436
324
0
219
659
680
138
765
802
495
6
966
423
965
350
0
426
0
936
734
0
0
603
0
468
211
171
20
704
188
0
113
0
500
44
737
480
633
331
998
621
463
806
454
287
306
0
198
612
739
569
10
548
0
642
0
0
0
615
230
808
337
493
767
670
277
0
856
246
973
598
71
832
725
647
143
929
422
593
173
802
747
83
928
135
507
0
154
0
312
602
0
279
0
83
131
822
295
583
492
874
132
437
0
709
887
328
969
882
503
883
924
184
157
0
456
508
0
622
0
157
567
462
985
0
2
0
491
471
640
652
536
556
730
756
807
290
0
983
0
568
38
334
316
537
440
0
845
639
319
81
747
57
524
223
423
651
159
209
0
397
760
400
497
201
539
856
0
494
471
570
480
631
525
795
995
501
448
950
840
978
288
278
484
263
470
0
496
454
195
361
25
92
442
322
235
861
375
749
396
730
0
971
0
142
516
505
314
800
535
461
0
528
981
0
812
813
536
911
537
240
502
0
580
717
855
769
814
983
931
464
41
139
907
445
673
438
846
682
428
817
417
354
283
49
208
523
166
79
454
100
487
376
822
7
94
559
356
869
48
526
390
872
658
861
0
246
494
0
654
656
0
728
325
316
443
0
975
715
508
330
796
0
802
207
36
888
53
297
149
9
308
0
0
795
148
991
714
64
734
245
422
25
553
252
357
815
0
986
680
401
595
347
0
614
783
120
504
261
402
253
669
792
0
550
0
0
505
139
303
413
505
782
48
0
0
989
0
780
0
678
0
140
60
852
0
248
832
0
166
568
943
145
38
185
969
210
0
542
264
920
197
861
0
298
766
973
471
654
0
19
557
0
354
179
269
680
804
621
582
643
903
764
0
964
202
204
684
0
0
99
498
930
0
38
807
25
249
59
784
0
128
442
368
240
725
601
941
0
386
0
44
916
806
853
823
678
990
209
519
360
681
788
496
382
659
330
152
423
62
364
492
918
911
968
592
532
491
408
387
349
388
0
0
0
0
520
904
873
604
240
569
214
313
996
287
568
21
0
555
198
613
712
675
877
641
598
570
656
19
0
904
435
129
0
826
388
504
445
947
111
912
445
49
251
946
950
169
0
14
37
682
880
872
17
492
327
777
236
766
438
779
773
885
367
64
0
775
285
750
395
996
797
969
149
305
575
987
928
480
132
968
980
8
747
424
590
659
834
50
564
313
182
0
96
452
70
880
838
0
699
350
303
65
886
826
0
753
17
126
162
622
558
629
460
550
437
54
235
0
218
387
425
950
555
660
71
480
0
557
904
0
0
377
0
3
595
75
147
91
0
160
306
0
846
0
98
411
397
0
342
32
819
10
515
631
184
0
501
136
236
712
676
825
32
0
0
677
618
693
685
784
60
414
444
265
524
503
91
958
826
496
758
51
0
742
0
89
491
365
643
184
456
411
24
387
997
126
801
380
5
683
670
386
518
971
816
0
467
0
399
622
335
438
245
514
43
985
511
0
432
173
373
805
409
256
832
631
728
0
435
0
0
416
266
112
488
511
405
607
732
220
989
579
411
0
73
18
519
0
859
0
794
949
0
551
0
535
312
373
523
423
370
28
0
937
0
496
951
656
706
163
442
921
786
39
541
810
170
605
504
539
171
670
0
769
919
189
281
423
711
93
518
897
603
877
936
616
763
0
410
910
340
575
502
742
402
631
248
0
300
128
867
285
282
395
364
525
20
607
0
137
314
627
172
41
725
525
325
354
129
377
416
0
307
702
216
904
781
0
394
785
204
704
92
546
472
195
912
23
33
685
473
518
349
132
298
314
883
521
0
2
454
890
0
348
295
967
73
807
414
0
693
957
748
992
831
558
0
91
988
758
509
571
821
593
182
447
525
616
159
0
836
911
431
961
869
908
0
470
0
36
960
663
327
806
696
825
152
993
158
875
935
839
0
161
966
567
299
333
315
823
0
132
587
733
647
795
316
179
0
0
266
307
0
119
883
973
552
141
389
827
0
811
0
229
306
20
49
0
14
201
683
582
674
455
0
908
45
0
612
570
0
0
413
593
661
482
436
970
790
128
196
0
993
175
640
616
626
198
433
560
854
441
566
40
936
0
775
228
0
259
0
373
33
300
12
734
0
996
251
0
0
628
0
51
927
518
246
897
0
0
0
0
890
191
74
808
998
524
886
276
55
763
543
781
143
995
443
269
826
3
112
702
119
0
752
706
553
777
163
216
547
673
769
0
498
0
256
730
924
168
27
420
158
0
544
812
402
660
722
334
785
0
894
829
2
368
392
0
990
318
290
998
766
777
599
539
534
425
197
118
902
416
899
570
274
704
242
932
940
0
158
23
0
0
608
702
594
305
833
643
75
661
135
357
341
800
562
600
594
469
725
953
279
145
646
935
0
417
0
932
619
50
307
205
929
501
0
680
388
595
488
216
883
752
0
288
259
212
348
785
881
488
605
789
415
390
0
630
0
170
414
589
357
793
336
281
485
163
166
531
602
807
0
0
590
568
355
746
337
391
471
0
707
839
328
941
241
120
950
375
445
0
0
848
0
11
557
0
969
564
596
979
747
634
101
295
377
62
961
0
439
0
294
107
448
0
0
37
603
114
282
418
0
757
689
371
847
532
609
995
44
64
194
254
422
448
975
804
504
75
511
904
973
706
288
0
237
114
764
0
693
582
18
861
973
206
468
507
0
402
671
636
155
663
57
360
340
389
124
294
829
221
746
557
783
158
95
492
356
799
523
622
384
0
963
793
897
833
591
964
0
570
0
780
79
872
541
997
81
808
555
188
863
166
0
430
335
170
11
0
101
959
293
849
382
863
890
927
349
604
0
276
868
409
653
511
83
0
712
706
41
697
770
313
593
950
715
621
445
147
405
781
552
553
259
237
0
617
886
958
602
292
864
949
280
77
631
674
0
99
134
397
183
0
296
240
584
794
676
699
26
0
209
139
847
303
532
0
0
26
679
213
51
462
230
0
119
412
0
682
898
39
980
493
92
100
0
571
994
652
606
760
116
264
0
694
612
0
832
411
90
451
468
873
0
872
50
553
481
734
0
456
304
652
727
353
0
706
780
976
135
264
425
599
173
840
508
582
947
91
607
0
141
777
212
114
617
0
718
264
488
698
881
691
176
477
115
0
31
765
707
128
650
669
926
73
595
200
428
277
0
14
433
159
285
674
984
423
587
56
646
404
859
31
71
430
827
961
731
636
842
95
611
354
72
951
0
389
430
0
497
856
0
590
22
0
0
185
576
581
450
352
316
605
288
300
890
0
944
392
878
46
219
0
864
442
837
650
227
195
259
956
488
993
802
978
330
643
111
0
732
394
389
163
348
764
886
718
0
0
802
526
471
202
861
399
24
130
399
0
142
626
243
871
252
268
799
439
0
446
429
359
0
473
823
174
606
0
0
381
0
515
0
120
0
958
461
123
302
496
0
105
0
378
413
372
564
317
949
492
652
393
953
740
325
361
0
917
0
984
221
389
896
747
17
855
661
305
0
359
117
689
0
313
846
267
618
608
270
584
0
454
713
595
747
288
796
903
912
160
220
785
827
216
785
0
958
264
0
0
507
281
783
461
293
355
254
539
961
489
391
638
0
191
0
370
932
871
385
765
0
692
759
267
337
263
453
654
606
210
0
820
440
190
65
615
0
518
747
820
2
164
0
478
270
193
837
208
865
382
65
852
0
0
912
746
927
987
279
724
31
299
40
853
859
51
255
452
676
475
840
397
910
179
448
802
715
734
659
825
468
697
0
982
83
278
0
764
445
306
989
204
0
547
881
693
602
488
802
507
0
171
577
761
667
357
219
719
23
0
0
810
813
842
241
0
233
158
675
467
0
558
253
31
421
931
0
97
674
705
326
832
754
862
151
547
537
588
0
898
0
760
0
225
0
58
326
554
0
270
893
432
416
965
486
0
263
399
879
767
410
347
0
21
0
708
230
117
137
811
0
98
600
16
0
391
813
224
0
780
981
338
0
371
928
484
802
0
49
0
579
704
811
673
488
582
292
698
526
281
171
0
3
458
495
861
760
503
32
879
399
688
0
316
239
266
981
132
928
0
225
708
567
499
19
452
301
169
211
866
472
135
888
564
175
0
635
843
966
0
0
573
113
0
589
339
810
318
999
292
0
0
0
993
435
130
123
401
0
963
840
390
0
935
0
0
0
150
152
518
602
518
0
50
685
562
0
220
23
376
0
978
693
163
135
263
207
964
251
846
411
92
0
769
605
18
864
881
471
783
577
3
0
311
0
407
387
151
850
409
200
334
368
648
801
0
730
950
691
175
659
711
904
669
372
22
132
0
259
207
502
114
324
225
516
16
206
575
363
979
841
494
407
828
459
0
508
887
55
0
169
125
205
612
0
316
697
908
247
293
598
900
544
0
960
0
277
402
2
344
444
822
931
453
931
581
0
934
952
88
405
923
262
657
507
470
36
202
946
0
0
546
229
0
789
861
949
691
202
461
761
458
311
0
870
42
889
202
707
599
361
479
0
158
243
437
575
938
826
912
250
169
756
0
876
510
594
32
644
475
404
269
251
776
0
381
731
36
897
33
212
148
153
70
950
785
48
278
558
701
898
506
787
792
945
168
143
194
147
374
235
890
970
971
466
793
778
494
789
770
154
46
519
218
0
870
710
128
68
0
740
0
494
0
0
0
888
204
950
98
73
472
306
498
415
973
280
176
861
293
667
495
0
870
0
845
146
704
746
406
812
778
0
0
271
621
55
284
694
683
855
812
858
904
773
454
741
957
423
540
790
869
332
317
862
639
386
863
160
595
15
481
699
142
837
0
525
901
800
92
657
106
0
0
147
323
390
682
973
295
875
586
684
297
32
0
403
923
298
127
213
95
50
214
950
178
871
525
0
908
362
613
172
831
154
496
53
684
169
411
18
195
20
0
390
206
77
477
399
355
357
861
407
42
845
0
799
580
0
235
0
587
0
988
635
417
780
587
0
716
421
681
261
301
444
558
273
869
0
662
0
0
464
361
322
949
0
919
258
178
398
463
795
0
0
389
24
729
856
377
285
152
787
801
23
418
620
0
576
858
18
0
328
326
610
357
167
257
633
211
364
0
681
944
664
0
536
20
661
281
0
720
19
769
0
454
297
0
0
397
519
912
49
256
0
468
631
115
24
254
219
760
387
889
146
799
0
391
0
427
383
748
0
0
440
973
402
104
205
740
0
50
169
0
624
843
292
481
33
129
127
249
754
355
595
285
0
711
200
940
0
771
0
466
119
877
689
631
737
362
761
993
933
260
791
916
669
0
70
622
549
0
916
0
580
844
966
14
162
291
63
231
760
288
312
549
75
45
223
495
0
154
331
516
312
195
149
0
14
0
0
23
0
730
630
507
674
0
130
539
719
503
151
202
704
580
391
0
683
960
48
0
339
601
0
755
0
105
532
686
369
0
0
0
951
351
0
450
222
149
751
0
0
267
507
345
119
176
80
413
739
315
582
903
248
750
266
0
384
925
204
587
0
802
777
950
597
124
0
114
249
575
0
636
0
604
0
664
143
267
970
88
716
943
114
848
698
48
555
0
0
0
476
0
602
361
9
99
37
342
859
33
14
924
0
0
0
31
399
961
23
32
850
707
746
0
0
683
0
960
676
68
0
435
399
832
0
496
26
757
404
559
688
0
115
680
0
682
790
32
757
0
117
586
673
230
830
438
543
975
940
153
599
632
381
235
443
0
255
654
517
806
35
191
689
749
318
130
0
889
76
383
501
255
937
875
693
0
638
756
312
757
960
0
781
569
624
945
390
12
719
904
533
807
0
25
308
498
682
32
0
685
201
168
170
402
99
765
0
489
0
879
409
599
406
235
427
960
960
0
78
415
507
666
209
903
810
633
379
665
663
739
0
33
251
236
635
617
760
767
289
73
66
282
860
238
0
858
610
499
826
18
703
274
282
266
868
0
447
950
449
695
265
999
989
703
262
524
751
488
529
479
645
874
10
149
0
0
806
635
452
151
860
818
548
470
269
656
896
681
957
271
995
68
279
92
0
930
880
819
794
473
683
27
414
671
134
707
142
391
0
399
200
361
812
0
383
48
676
78
0
0
200
21
588
170
599
867
0
958
0
0
831
249
572
590
714
184
616
0
344
17
206
801
243
811
453
510
0
488
836
286
122
627
271
225
0
466
997
973
730
0
985
77
163
934
981
870
368
0
379
425
769
536
58
470
747
432
116
353
461
866
699
914
294
478
0
26
784
174
424
213
349
727
0
442
0
0
872
10
949
518
582
420
589
636
397
128
626
638
810
688
334
479
778
587
748
0
68
415
0
0
917
0
192
396
561
570
401
0
740
341
979
101
346
569
150
744
790
727
101
0
134
576
452
789
165
0
298
936
162
821
564
50
237
532
0
428
968
866
970
203
525
744
146
558
497
895
686
553
0
270
262
342
573
59
527
873
861
803
985
276
397
322
130
989
417
290
643
667
68
261
0
877
83
322
795
38
17
515
0
349
674
158
357
155
183
650
243
0
813
0
368
0
0
0
0
339
0
507
200
917
0
310
29
617
718
526
441
494
182
838
41
555
595
249
797
417
832
0
46
395
886
96
0
163
53
712
818
526
725
874
191
836
210
0
581
456
668
143
937
420
424
195
842
978
286
457
797
848
422
657
15
853
674
984
0
527
250
0
620
365
893
919
608
832
681
817
599
232
97
447
0
339
131
235
148
807
492
631
551
132
455
0
793
663
0
669
871
191
842
316
648
158
0
988
0
601
435
666
21
0
310
0
18
903
105
321
804
779
0
819
0
619
883
908
760
464
282
512
970
660
947
96
593
163
448
768
407
968
189
245
693
88
71
0
536
585
0
439
695
256
330
728
548
828
474
146
158
0
450
825
266
3
273
893
985
970
143
0
564
732
356
625
171
838
860
25
243
760
652
224
483
163
822
861
991
25
327
184
0
298
0
544
336
57
296
926
252
0
241
239
801
243
271
635
440
0
399
209
588
192
29
18
0
152
994
528
524
644
394
0
362
101
579
21
690
0
217
814
997
502
410
267
264
441
843
778
954
0
642
887
160
614
164
264
302
412
571
995
452
293
742
568
484
160
499
353
343
174
848
4
0
667
0
7
0
0
758
503
594
360
454
315
409
0
481
605
527
634
562
985
1
349
295
375
714
249
777
0
535
314
908
812
281
360
240
73
268
370
0
266
0
437
621
417
973
755
832
903
170
396
617
903
152
0
741
990
204
0
411
768
364
142
600
664
137
863
813
395
262
481
786
347
553
517
969
459
0
8
14
0
951
289
346
702
629
96
899
982
765
906
801
448
660
563
0
481
289
344
616
864
0
89
476
901
777
319
0
513
449
381
149
743
948
382
294
0
271
492
858
37
402
0
583
749
64
59
236
501
312
883
45
402
485
340
584
595
799
932
233
981
730
575
55
780
402
0
0
810
599
561
718
105
994
741
0
0
344
496
935
27
353
158
916
0
0
628
0
468
127
499
433
973
987
0
532
642
0
755
612
469
421
385
40
517
0
848
638
366
504
601
987
136
0
0
258
525
126
719
845
850
0
137
269
396
104
919
385
374
674
0
788
911
2
566
206
734
482
303
593
560
48
802
492
396
734
784
766
136
373
521
0
660
163
389
794
200
439
871
158
132
950
938
284
587
104
105
496
633
867
570
526
321
528
990
0
0
62
776
621
293
871
0
943
949
417
732
645
0
845
0
470
887
0
580
746
214
557
841
0
45
99
0
899
160
640
683
803
424
736
655
964
145
377
206
908
475
48
878
862
49
0
971
439
765
0
924
934
308
70
916
909
473
647
874
0
199
197
809
78
378
454
436
874
730
245
0
438
236
523
0
612
722
166
124
676
428
0
385
675
928
691
826
694
0
205
532
26
379
0
401
441
804
524
204
344
62
0
882
0
0
166
717
513
478
720
0
462
507
225
0
809
549
755
760
27
86
57
0
0
851
891
3
907
584
849
691
709
362
518
473
0
711
792
170
645
969
948
28
902
908
945
145
342
910
0
721
0
0
46
646
535
465
855
369
78
821
858
0
55
165
426
324
132
0
422
128
779
712
423
2
570
334
531
294
699
277
446
765
467
0
175
912
683
716
740
686
757
665
958
0
494
779
644
0
496
776
882
0
207
960
670
37
493
0
228
816
92
666
723
0
218
346
475
650
565
726
0
59
694
279
585
903
0
0
771
512
463
794
573
567
464
462
842
788
881
8
421
303
446
784
577
784
752
176
457
837
597
22
872
884
904
865
13
666
612
71
285
490
211
451
309
0
437
971
25
442
773
676
370
454
0
785
602
829
26
0
429
0
0
225
659
250
855
421
0
369
404
663
0
740
182
0
394
411
935
621
0
207
0
609
832
184
901
591
213
511
0
594
424
0
683
808
38
371
211
822
382
589
570
554
242
0
307
108
389
256
592
872
312
166
813
0
800
46
0
218
180
0
998
480
585
0
41
363
331
0
355
834
67
907
578
7
350
271
305
269
298
749
527
47
983
219
0
0
553
368
885
825
28
890
0
0
807
221
0
14
359
692
558
708
711
169
812
681
50
0
559
739
0
341
838
819
0
768
27
293
0
960
609
0
935
138
481
44
79
779
914
0
112
266
691
764
131
587
21
864
116
856
650
0
827
675
472
448
0
0
31
735
132
154
754
684
600
0
837
193
61
770
566
877
561
836
721
472
862
0
242
26
870
245
173
543
53
806
179
413
97
28
824
45
0
659
709
142
252
240
367
32
0
0
413
894
0
746
209
433
0
759
253
567
904
756
858
261
169
0
688
0
831
979
41
0
362
364
353
871
166
670
832
935
0
692
862
916
229
940
0
3
574
927
146
172
913
562
741
825
351
348
144
0
540
231
23
102
114
192
117
607
635
0
31
782
0
850
0
507
883
23
716
0
171
60
669
858
371
97
658
488
710
405
81
433
212
0
0
302
406
373
891
636
697
680
887
516
357
725
64
0
937
348
593
829
0
557
139
159
473
267
31
499
669
0
904
301
0
0
0
33
249
101
555
619
101
142
158
0
717
37
184
138
692
0
389
848
794
0
11
0
453
246
481
822
361
488
734
326
170
609
592
230
131
60
739
945
611
724
57
839
22
429
569
119
269
219
771
751
637
60
795
0
317
698
560
566
0
0
22
0
0
327
107
522
702
86
991
970
301
91
422
490
107
138
328
505
815
601
0
0
0
295
661
2
590
783
847
285
823
337
421
19
372
876
773
444
624
951
115
251
572
346
595
883
579
600
916
943
513
493
901
481
862
389
0
524
823
0
883
452
242
661
619
683
629
554
0
235
790
234
57
244
320
493
996
393
108
653
374
962
843
0
747
949
909
184
776
7
208
354
155
0
486
346
116
633
275
215
740
250
123
0
425
204
440
935
0
144
0
171
636
283
70
765
969
314
0
941
775
677
496
967
482
368
568
158
303
674
174
263
931
452
22
510
454
558
843
351
680
236
590
569
249
908
21
664
0
949
478
0
591
44
916
848
524
0
110
361
101
596
146
0
323
276
0
444
270
897
682
406
867
914
794
429
665
986
419
413
0
289
410
0
77
271
413
772
876
407
0
510
800
707
665
509
553
142
707
5
0
485
670
962
376
0
458
0
516
519
304
547
326
176
320
802
882
800
986
0
285
618
951
73
436
392
355
95
532
984
606
453
0
301
132
594
741
273
292
0
0
635
714
150
797
760
690
137
0
417
720
228
213
79
229
794
823
110
0
0
285
412
551
0
171
974
1
731
126
191
2
619
720
1
802
0
777
0
526
713
628
794
0
0
26
96
524
413
991
380
419
988
107
236
0
292
586
240
295
893
529
123
18
384
327
883
650
8
572
388
453
501
282
336
5
495
503
535
680
386
750
693
656
807
970
0
746
492
0
423
0
654
97
169
0
32
957
869
481
450
682
617
184
744
417
464
0
863
628
732
0
816
511
779
940
0
0
361
0
0
724
685
104
0
30
503
517
418
591
172
419
903
227
0
198
695
746
538
892
0
286
375
709
515
298
777
803
550
252
0
435
158
493
276
953
802
149
444
941
855
0
723
120
674
610
449
545
556
569
175
803
140
86
0
361
6
883
461
401
0
395
685
706
414
790
990
337
356
0
587
0
606
674
211
259
644
423
0
33
222
790
760
616
790
832
282
217
813
0
645
462
92
0
914
0
11
883
101
285
724
0
111
148
0
0
225
137
504
242
810
987
622
40
355
599
60
924
131
614
517
160
0
230
163
531
856
435
634
443
681
65
800
0
979
392
736
24
623
108
758
789
985
38
0
51
452
8
0
0
320
0
25
571
507
159
966
924
0
595
44
996
784
163
0
128
318
391
799
26
56
381
210
705
866
207
475
540
662
129
149
32
767
0
727
0
512
814
395
468
0
507
666
594
0
3
0
452
596
412
685
111
0
941
780
0
94
962
480
0
491
0
536
367
657
0
789
194
895
0
782
777
284
158
339
499
57
652
26
640
366
178
0
242
747
354
363
233
164
448
11
127
670
174
174
411
422
338
364
964
18
473
801
654
978
0
423
184
528
347
916
797
60
442
693
196
290
471
523
679
646
0
0
326
472
502
404
790
0
127
751
757
289
344
101
46
970
997
262
127
845
225
723
424
112
574
453
242
146
551
104
148
941
0
724
265
978
0
759
109
500
773
492
181
349
525
0
298
28
0
837
337
296
0
763
0
0
447
432
531
789
897
642
733
340
165
439
994
318
198
730
0
743
148
0
552
949
578
172
718
0
658
958
150
306
346
965
157
981
0
806
969
414
921
957
0
998
0
622
213
404
515
820
832
135
114
269
869
0
249
0
0
73
17
0
395
660
502
481
499
0
0
0
0
266
927
246
661
0
0
0
0
780
724
0
746
987
371
564
532
368
656
533
930
835
668
346
859
130
867
202
825
449
979
664
55
0
591
0
256
160
572
948
725
624
192
76
615
169
0
438
590
0
0
310
319
72
0
947
246
950
457
78
97
890
389
350
0
0
614
853
149
444
786
748
993
766
707
384
51
859
0
440
754
888
324
251
332
464
754
0
117
66
206
134
886
947
410
786
433
470
809
218
683
691
146
481
619
323
171
30
0
0
265
746
0
750
378
494
536
412
38
217
123
277
894
944
338
176
858
50
638
472
0
554
0
0
525
301
103
358
659
0
600
153
142
755
224
957
344
542
0
17
157
1
3
0
872
652
684
0
0
456
415
302
383
0
456
812
783
823
305
265
39
992
175
777
839
0
462
31
120
190
862
564
225
776
317
361
355
267
586
282
801
576
96
96
267
347
973
887
549
346
808
764
172
822
683
276
974
503
225
94
978
987
750
0
