0
769
77
967
652
760
801
667
881
290
130
93
128
331
739
92
856
605
517
675
218
415
156
837
597
152
943
477
746
246
112
429
837
868
535
83
121
806
55
142
836
226
467
265
584
432
260
517
642
688
550
696
697
223
998
867
179
807
441
31
429
762
233
800
379
768
518
812
481
156
371
104
874
398
590
958
755
465
480
718
934
13
583
241
909
230
549
40
54
16
783
392
316
510
285
261
442
786
516
10
769
0
670
478
998
521
29
578
707
219
305
409
925
290
299
177
788
157
968
261
454
262
845
162
521
307
29
337
27
785
845
68
884
763
593
167
996
944
981
361
471
426
842
134
236
559
640
534
589
680
913
481
187
639
307
821
873
537
757
685
137
221
653
797
682
21
800
723
482
421
108
963
949
226
14
705
816
270
394
748
387
211
875
743
268
322
542
851
325
105
240
43
885
926
11
719
317
374
586
6
77
670
0
311
706
616
100
931
211
679
511
677
314
613
1
73
503
976
28
550
912
708
366
587
757
313
820
653
762
14
724
861
339
559
959
848
19
962
469
529
705
968
961
109
667
707
53
618
802
860
133
691
596
839
27
761
540
129
992
874
45
433
877
476
677
752
152
541
538
496
755
670
725
66
501
618
97
733
910
489
716
115
676
112
923
275
359
467
959
114
198
224
833
243
524
518
678
858
618
534
967
478
311
0
637
52
921
957
513
683
216
11
170
811
604
201
141
965
708
583
181
171
606
172
730
623
413
261
402
130
510
297
197
148
535
170
376
621
354
478
188
538
989
767
431
333
859
264
781
754
328
951
690
432
48
607
659
413
391
97
740
268
902
515
2
144
346
834
591
561
592
202
85
851
770
195
183
874
468
265
334
310
475
325
174
719
690
192
861
916
95
390
957
529
570
958
520
368
87
698
652
998
706
637
0
96
72
533
970
826
451
466
604
786
769
947
455
340
368
189
509
267
863
554
631
117
935
702
866
304
902
506
581
617
30
639
210
325
98
584
266
872
726
686
879
377
396
324
935
819
994
170
553
871
909
336
530
926
745
131
494
110
574
842
75
480
450
663
260
432
999
419
191
497
649
831
846
41
794
528
485
799
995
125
723
379
611
423
161
715
489
478
247
323
556
832
462
870
701
95
760
521
616
52
96
0
426
278
511
341
220
785
545
242
560
952
394
413
402
7
195
685
21
490
336
253
221
68
773
542
26
1000
262
4
383
225
358
743
476
253
97
741
632
606
952
698
937
719
502
47
213
375
570
653
34
908
139
184
43
859
819
964
975
283
160
245
818
85
62
626
967
540
189
270
214
278
767
428
317
584
367
123
590
122
218
880
520
882
569
673
316
787
22
625
619
449
998
2
911
304
801
29
100
921
72
426
0
702
74
273
829
933
406
777
526
286
418
840
618
193
843
721
208
43
296
878
704
184
882
699
748
167
138
347
268
36
95
104
2
622
110
837
98
521
872
630
647
637
867
123
410
402
820
376
876
730
979
642
730
998
825
254
953
382
329
696
356
875
684
538
831
506
122
968
598
962
487
903
125
48
886
505
610
415
266
41
500
478
657
587
826
534
77
548
701
454
918
190
574
796
667
578
931
957
533
278
702
0
993
487
409
912
311
61
563
998
54
750
848
304
306
743
659
582
25
707
204
333
881
761
785
826
722
273
618
677
650
951
415
103
593
193
914
745
479
116
181
50
461
876
21
999
618
709
370
60
583
412
2
169
448
769
184
859
523
747
847
944
777
837
152
811
612
281
908
461
691
80
819
307
473
368
35
307
853
82
923
467
579
863
802
386
303
678
538
296
667
534
218
92
881
707
211
513
970
511
74
993
0
978
768
473
375
7
345
366
420
973
341
775
122
881
317
772
835
430
477
959
238
450
795
715
592
445
474
368
460
857
613
238
552
136
195
714
396
537
499
454
410
131
279
98
932
418
925
290
162
316
882
940
532
289
386
828
820
688
588
827
808
974
522
539
91
379
773
731
641
8
243
333
187
253
781
48
85
964
798
467
792
875
791
894
505
452
698
318
27
619
212
797
290
219
679
683
826
341
273
487
978
0
912
932
973
594
602
474
142
485
803
167
831
258
681
443
404
857
855
183
581
739
465
525
277
145
615
213
879
39
580
43
955
360
806
305
432
880
41
39
337
945
615
359
88
550
487
456
150
575
267
499
90
964
409
241
78
370
381
646
490
588
808
111
50
534
710
616
306
172
94
528
856
462
395
279
600
105
23
172
11
321
25
374
755
550
465
568
188
498
796
165
130
305
511
216
451
220
829
409
768
912
0
407
143
835
15
424
712
783
563
613
18
104
234
580
861
690
809
505
503
758
18
698
632
729
990
702
178
260
906
775
431
703
858
91
826
892
205
560
100
54
241
786
813
915
55
368
226
149
209
455
654
290
366
238
595
935
687
505
625
801
379
447
233
282
761
932
151
800
448
276
959
761
843
877
275
866
756
409
101
485
114
620
534
306
603
649
427
88
878
60
93
409
677
11
466
785
933
912
473
932
407
0
606
326
206
56
216
666
716
909
386
913
968
626
374
793
40
294
599
247
814
439
62
92
61
291
816
421
420
726
820
388
664
973
492
469
997
382
785
330
321
767
899
841
978
332
640
246
662
629
673
81
312
276
872
315
843
237
637
941
230
121
784
638
150
552
718
184
681
477
325
325
243
305
532
611
497
476
316
721
296
631
971
67
189
113
401
221
252
636
128
925
314
170
604
545
406
311
375
973
143
606
0
536
720
718
327
51
881
98
667
242
110
107
746
328
652
949
280
681
298
972
969
245
185
497
297
734
991
353
667
608
501
518
800
212
999
326
381
561
425
81
339
837
625
649
128
565
678
202
442
656
573
127
441
813
835
596
247
182
548
923
183
117
692
922
73
183
240
805
800
606
847
762
676
904
102
965
39
311
14
851
368
597
434
71
253
888
165
131
331
290
613
811
786
242
777
61
7
594
835
326
536
0
638
720
740
134
801
45
328
602
424
296
852
500
674
891
248
159
510
672
635
539
179
73
76
984
789
409
526
699
852
921
635
340
660
688
331
430
524
216
666
738
744
857
365
994
161
47
363
875
628
786
592
800
212
574
801
316
330
590
607
631
271
172
797
938
223
849
570
323
222
930
426
413
600
845
414
191
117
501
252
450
667
439
543
635
849
710
739
299
1
604
769
560
526
563
345
602
15
206
720
638
0
643
805
803
35
831
12
426
439
254
390
68
830
652
284
916
640
561
487
591
744
502
235
63
394
904
675
353
988
325
866
833
153
896
974
735
718
970
818
902
610
547
399
840
174
522
809
50
117
955
985
967
34
971
901
4
46
287
601
333
217
180
187
888
438
98
898
332
266
781
523
542
577
580
91
928
114
885
429
181
537
218
468
526
736
320
92
177
73
201
947
952
286
998
366
474
424
56
718
720
643
0
662
675
767
165
207
974
907
339
827
32
47
563
28
707
326
243
578
500
852
67
726
555
672
659
315
194
819
293
31
218
238
895
907
628
248
775
749
210
367
406
97
346
414
639
349
946
842
194
833
225
205
271
245
325
115
663
99
1
604
894
367
109
544
732
417
1
196
887
549
457
851
224
509
773
549
805
583
737
320
395
48
482
32
63
856
788
503
141
455
394
418
54
420
142
712
216
327
740
805
662
0
90
656
329
156
800
756
411
924
665
601
121
305
656
877
843
494
789
983
633
900
92
650
754
917
481
937
103
846
631
327
164
582
837
450
862
854
86
638
266
438
896
779
828
325
498
222
529
737
885
282
985
216
639
141
901
423
860
594
231
798
882
994
407
808
693
754
733
546
12
162
21
705
361
143
310
894
276
678
418
233
640
997
501
605
157
976
965
340
413
840
750
973
485
783
666
51
134
803
675
90
0
585
1
503
222
474
494
808
801
484
340
935
910
407
409
957
93
935
715
230
652
991
198
953
204
123
417
648
615
471
265
294
128
188
37
874
829
769
968
670
305
925
85
135
14
1000
200
586
440
906
458
832
622
703
294
351
336
285
181
724
456
287
210
388
520
254
75
821
668
422
704
928
375
27
251
637
312
607
768
855
187
899
868
517
968
28
708
368
402
618
848
341
803
563
716
881
801
35
767
656
585
0
361
969
998
578
551
914
584
575
270
288
372
999
677
577
422
88
327
571
108
751
917
47
169
543
344
315
63
564
140
989
395
678
403
320
135
841
381
748
177
588
50
26
633
690
934
835
756
111
156
937
178
496
356
590
929
163
216
823
278
616
679
249
59
196
381
977
42
705
195
847
151
573
980
81
439
506
990
5
623
552
840
675
261
550
583
189
7
193
304
775
167
613
909
98
45
831
165
329
1
361
0
44
803
398
309
754
784
358
67
110
739
761
879
532
309
719
784
16
6
992
864
111
950
561
419
840
445
473
412
256
703
177
175
716
182
128
691
471
782
492
58
423
37
216
203
144
837
902
423
273
384
726
223
896
565
751
597
493
265
160
537
767
74
129
485
9
803
650
540
144
897
8
943
711
396
600
198
568
489
298
738
218
454
912
181
509
195
843
306
122
831
18
386
667
328
12
207
156
503
969
44
0
558
664
588
249
926
144
308
622
416
460
454
845
885
897
313
941
444
572
619
699
159
726
503
444
477
596
306
530
916
41
661
286
155
779
924
326
373
452
417
641
52
444
774
948
339
297
987
5
850
229
505
811
26
212
663
745
941
472
373
452
438
372
776
951
149
465
942
702
432
897
953
869
524
499
889
138
837
851
528
415
262
708
171
267
685
721
743
881
258
104
913
242
602
426
974
800
222
998
803
558
0
849
714
701
320
367
1
750
67
934
947
133
399
660
903
664
226
250
283
41
429
52
175
821
458
347
817
56
868
813
964
334
490
584
69
102
730
773
142
460
413
553
656
132
988
120
987
756
186
777
880
955
414
764
650
807
946
701
218
72
424
41
791
767
660
478
723
947
721
448
294
194
137
258
659
45
855
44
328
156
845
366
606
863
21
208
659
317
681
234
968
110
424
439
907
756
474
578
398
664
849
0
155
975
867
834
275
119
432
825
400
255
46
801
931
775
199
296
23
555
865
788
80
746
842
442
354
204
139
604
113
252
758
456
680
401
473
677
715
74
377
474
891
535
745
363
66
344
610
646
726
707
970
123
926
552
34
161
311
62
454
280
955
488
168
183
332
7
548
77
44
893
547
829
125
252
782
44
794
837
162
587
172
554
490
43
582
772
443
580
626
107
296
254
339
411
494
551
309
588
714
155
0
47
163
316
682
839
17
276
536
888
486
441
586
155
713
522
996
626
28
375
518
102
463
619
590
886
944
815
790
320
431
342
887
148
567
583
805
867
714
239
770
872
724
766
982
125
629
29
265
233
33
710
163
810
293
583
810
16
130
886
677
641
455
936
480
643
197
642
572
197
451
994
593
429
664
850
762
597
521
757
730
631
336
296
25
835
404
861
374
746
852
390
827
924
808
914
754
249
701
975
47
0
940
219
124
221
858
377
860
264
687
825
982
843
788
677
906
334
746
390
487
965
723
653
224
106
642
323
852
271
62
231
213
286
914
321
521
944
652
751
916
249
865
246
881
730
725
995
736
963
670
780
139
400
555
590
519
647
542
692
64
288
145
981
895
227
357
143
416
684
818
496
830
958
603
797
776
152
307
313
623
117
253
878
707
430
857
690
793
328
500
68
32
665
801
584
784
926
320
867
163
940
0
581
415
1000
127
988
277
333
956
737
208
203
514
810
225
381
22
815
969
507
1000
446
436
954
498
376
331
11
35
315
699
148
807
957
581
377
921
988
821
450
51
923
332
57
553
208
806
573
781
799
859
619
23
474
970
295
820
276
564
878
423
779
836
263
737
446
804
337
742
473
690
684
885
468
639
943
29
820
413
935
221
704
204
477
855
809
40
652
674
830
47
601
484
575
358
144
367
834
316
219
581
0
78
610
109
928
933
549
288
326
520
759
663
825
864
833
98
91
268
888
497
315
263
231
214
220
246
294
143
312
841
912
520
143
353
610
38
481
178
46
15
229
1
596
306
385
999
596
625
820
450
562
352
767
875
982
585
209
804
376
267
706
834
537
3
267
21
531
909
562
135
614
964
783
497
477
337
653
261
702
68
184
333
959
183
505
294
949
891
652
563
121
340
270
67
308
1
275
682
124
415
78
0
630
447
417
253
420
108
121
332
836
425
1000
795
257
194
573
825
966
470
170
761
962
930
592
418
876
499
572
276
365
34
349
150
302
243
56
751
96
965
214
102
155
432
198
40
571
892
806
45
850
276
363
408
926
123
684
36
607
754
460
325
743
47
400
12
359
601
711
614
824
49
460
567
746
27
762
402
866
773
882
881
238
581
503
599
280
248
284
28
305
935
288
110
622
750
119
839
221
1000
610
630
0
373
170
167
218
406
805
84
843
733
288
814
736
171
904
233
600
91
347
121
19
205
274
432
19
886
978
828
298
272
271
256
349
431
559
294
874
632
965
798
700
522
923
50
790
129
376
87
794
260
79
976
702
900
397
770
484
207
303
73
264
951
819
78
147
17
513
478
411
252
692
896
246
785
14
130
304
542
699
761
450
739
758
247
681
159
916
707
656
910
372
739
416
67
432
17
858
127
109
447
373
0
494
625
681
471
304
250
858
580
733
957
734
554
606
30
153
332
631
743
444
952
797
46
973
864
46
941
1000
26
471
83
56
338
561
953
528
957
246
190
408
475
326
965
382
544
548
517
145
388
97
934
564
162
781
847
814
229
121
158
437
632
837
62
204
637
462
48
621
859
421
28
112
845
724
510
902
26
748
785
795
465
18
814
298
510
640
326
877
407
999
761
460
934
825
276
377
988
928
417
170
494
0
377
343
959
23
721
166
845
312
672
876
567
54
413
993
150
961
501
850
103
416
193
756
555
990
212
544
68
7
611
274
341
190
326
474
163
670
27
934
316
243
312
712
379
720
571
750
89
832
92
832
952
289
426
911
713
220
314
501
753
573
723
632
198
384
591
166
480
32
801
429
68
861
297
506
1000
167
826
715
525
698
439
972
672
561
243
843
409
677
879
454
947
400
536
860
277
933
253
167
625
377
0
333
521
279
235
678
106
882
135
126
795
764
165
738
973
380
674
271
352
88
470
255
377
522
649
919
906
152
270
306
597
909
286
235
831
720
655
190
260
398
466
918
250
52
332
135
789
161
590
380
920
870
429
819
374
546
440
234
613
165
8
441
549
672
682
477
973
28
690
837
884
339
197
581
262
138
722
592
277
632
62
969
635
487
578
494
957
577
532
845
133
255
888
264
333
549
420
218
681
343
333
0
478
644
130
255
330
908
896
302
863
745
674
716
115
464
755
229
349
174
454
747
86
249
297
819
444
310
242
735
285
577
122
764
172
647
925
601
470
438
81
576
142
879
135
68
85
994
191
200
821
530
962
107
29
642
885
504
67
87
192
602
918
975
633
138
606
512
138
868
763
559
148
617
4
347
273
445
145
729
92
245
539
591
500
789
93
422
309
885
399
46
486
687
956
288
108
406
471
959
521
478
0
437
479
420
176
243
812
237
211
559
791
445
614
606
923
470
307
735
150
141
768
321
189
593
686
991
913
705
74
619
913
521
719
900
754
913
797
540
846
633
221
738
597
897
964
608
278
872
15
540
171
492
68
894
807
665
572
381
85
659
34
765
893
524
776
923
261
535
593
959
535
30
383
268
618
474
615
990
61
185
179
744
852
983
935
88
719
897
660
801
441
825
737
326
121
805
304
23
279
644
437
0
602
176
296
618
472
146
614
261
762
783
472
771
520
700
570
694
170
874
251
523
432
156
981
509
665
645
404
91
600
840
774
517
340
59
79
970
267
774
809
3
81
636
370
199
314
387
915
83
519
851
660
422
146
376
753
172
223
489
882
652
937
207
69
685
865
83
167
848
170
639
225
36
677
368
213
702
291
497
73
502
67
633
715
327
784
313
903
931
586
982
208
520
332
84
250
721
235
130
479
602
0
997
191
368
259
921
845
984
294
863
262
887
624
311
563
96
125
778
825
92
774
449
153
375
291
470
176
544
127
201
765
582
81
606
562
82
833
7
146
779
309
903
830
684
428
283
643
594
498
851
443
719
746
767
131
276
921
439
688
262
861
958
95
732
869
121
996
19
376
210
358
95
650
460
879
178
816
297
76
235
726
900
230
571
16
941
664
775
155
843
203
759
836
843
858
166
678
255
420
176
997
0
815
365
800
935
639
65
477
886
744
515
736
857
743
607
986
906
267
231
721
560
768
345
27
557
294
423
336
998
623
163
302
296
318
394
25
703
80
38
298
194
61
396
969
57
14
897
331
883
470
99
696
99
442
392
4
733
696
335
9
450
454
743
498
806
944
962
621
325
743
104
951
857
39
260
421
734
984
63
555
92
652
108
6
444
226
199
713
788
514
663
425
733
580
845
106
330
176
296
191
815
0
8
695
329
336
352
736
363
994
437
758
298
581
245
913
290
342
466
60
650
177
402
232
107
178
233
575
568
90
369
58
45
787
61
374
642
781
337
72
656
4
501
268
473
374
82
766
459
405
292
698
446
981
995
159
748
805
165
472
955
282
904
421
55
981
469
354
98
476
2
415
613
580
906
420
991
789
394
672
650
991
751
992
572
250
296
522
677
810
825
1000
288
733
312
882
908
243
618
368
365
8
0
560
344
671
484
92
67
557
800
436
912
30
920
470
576
931
787
10
970
73
469
823
274
752
419
358
745
720
976
108
2
568
796
892
168
114
874
337
419
986
898
181
505
810
1
525
821
258
910
352
834
898
913
910
913
175
131
978
94
710
651
27
142
361
529
478
584
253
622
103
238
43
775
726
353
409
904
659
754
198
917
864
619
283
23
996
906
225
864
795
814
957
672
135
896
812
472
259
800
695
560
0
898
897
74
766
299
376
47
724
557
82
128
781
674
867
794
26
159
363
637
541
607
773
146
888
175
197
909
759
678
679
12
749
205
618
30
414
791
111
114
921
571
1000
578
857
900
208
430
274
789
124
23
744
552
645
216
240
981
657
28
451
836
471
705
188
266
97
110
593
552
955
431
820
667
526
675
315
917
953
47
111
699
41
555
626
334
381
833
257
736
734
876
126
302
237
146
921
935
329
344
898
0
408
590
368
576
742
104
719
853
925
505
792
705
115
987
553
584
323
839
42
133
654
870
559
11
790
964
924
882
570
265
638
19
845
415
960
607
90
630
124
88
72
920
992
963
635
428
996
483
132
446
206
434
342
416
955
576
734
944
102
226
426
968
538
872
741
837
193
136
360
703
388
608
699
353
194
481
204
169
950
159
429
865
28
746
22
98
194
171
554
567
795
863
211
614
845
639
336
671
897
408
0
229
332
599
572
932
696
659
131
473
855
704
335
412
388
45
530
705
935
966
455
519
53
50
796
314
146
62
164
290
483
870
595
684
978
12
729
912
851
338
298
56
940
619
59
923
679
427
233
726
535
975
837
20
274
942
565
470
771
467
842
961
989
726
632
98
914
195
806
858
664
501
852
988
819
937
123
543
561
726
52
788
375
390
815
91
573
904
606
54
764
745
559
261
984
65
352
484
74
590
229
0
550
510
523
453
471
345
494
166
426
936
20
189
447
257
260
550
465
283
842
783
484
799
477
65
15
330
900
374
444
467
435
4
388
373
91
647
996
4
883
13
152
516
316
395
434
589
276
627
789
706
645
388
860
115
358
119
845
265
134
109
767
686
606
521
745
714
305
91
973
518
921
325
293
103
417
344
419
503
175
80
518
487
969
268
825
233
30
413
165
674
791
762
294
477
736
92
766
368
332
550
0
145
307
68
804
70
578
784
125
899
251
153
503
717
976
173
598
517
97
265
762
176
972
822
295
902
585
24
860
94
899
556
712
895
280
967
691
53
723
559
182
467
949
678
431
169
770
339
955
209
835
533
198
86
352
42
711
584
236
667
431
879
952
872
479
396
432
826
492
800
635
866
31
846
648
315
840
444
821
746
102
965
507
888
966
600
153
993
738
716
445
783
863
886
363
67
299
576
599
510
145
0
844
992
466
61
220
195
610
160
673
121
768
614
945
135
348
837
255
731
356
802
487
867
867
802
231
73
481
430
361
353
287
168
508
425
878
500
269
868
668
196
119
801
289
478
355
209
847
847
236
620
768
205
257
964
408
432
559
707
333
377
698
630
116
537
880
892
469
212
340
833
218
631
615
63
445
477
458
842
463
723
1000
497
470
91
332
150
973
115
614
472
262
744
994
557
376
742
572
523
307
844
0
462
912
147
532
280
648
663
828
785
403
961
526
225
204
743
261
552
207
6
566
860
81
802
314
443
159
628
33
458
87
353
323
871
570
500
165
9
688
799
586
583
181
445
627
885
906
668
362
985
335
109
35
227
863
260
640
53
859
396
937
647
181
499
41
205
997
999
660
153
238
327
471
564
473
596
347
442
619
653
446
315
170
347
631
961
380
464
606
771
887
515
437
800
47
104
932
453
68
992
462
0
936
479
20
653
593
747
403
827
426
51
307
16
770
207
402
940
40
620
107
798
147
98
873
513
327
487
382
419
413
865
177
94
980
9
280
948
926
54
468
162
380
980
598
306
896
783
232
871
593
20
455
52
276
517
534
618
264
324
719
637
50
454
39
560
382
326
688
896
895
164
265
140
412
306
817
354
590
224
436
263
761
121
743
501
674
755
923
520
624
736
758
436
724
719
696
471
804
466
912
936
0
673
312
88
619
71
387
521
894
193
291
756
466
424
969
840
324
802
327
131
201
680
465
809
155
650
919
926
534
432
750
65
69
9
650
459
237
178
914
406
701
351
332
952
257
963
838
870
231
406
598
410
706
642
589
802
781
935
502
867
461
410
337
100
785
381
331
974
907
582
294
989
256
530
56
204
886
106
954
231
962
19
444
850
271
229
470
700
311
857
298
912
557
853
659
345
70
61
147
479
673
0
326
245
520
639
382
533
63
355
70
268
759
853
643
283
123
706
710
496
95
730
204
608
566
621
564
290
167
300
621
328
115
889
222
143
623
562
300
589
868
50
969
472
179
181
368
226
368
661
668
271
892
688
680
860
754
819
47
123
876
131
945
54
330
561
430
735
628
837
128
395
703
916
868
139
944
642
498
214
930
205
952
103
352
349
307
570
563
743
581
30
82
925
131
494
578
220
532
20
312
326
0
200
756
720
200
130
244
31
226
372
160
455
642
34
998
466
896
90
888
261
791
477
391
674
602
363
238
515
178
975
673
848
335
922
240
695
968
27
419
350
861
99
525
896
833
213
483
870
961
339
354
550
913
133
328
994
213
410
21
279
615
241
321
425
524
718
248
450
188
678
177
41
813
604
815
323
376
220
592
274
797
416
88
174
735
694
96
607
245
920
128
505
473
166
784
195
280
653
88
245
200
0
462
460
570
295
388
654
469
195
480
789
125
136
653
798
306
889
383
252
575
677
730
896
492
360
481
171
216
915
318
986
880
545
383
29
744
797
103
852
348
511
72
168
556
533
733
165
628
654
817
696
481
691
951
170
375
402
999
98
359
786
767
81
216
970
775
862
37
403
175
661
964
113
790
852
331
246
418
432
46
193
470
454
150
170
125
986
913
470
781
792
855
426
125
610
648
593
619
520
756
462
0
577
803
889
398
266
60
396
874
94
574
30
861
201
367
462
765
297
307
499
774
803
437
504
518
106
610
202
414
694
394
316
909
700
567
326
684
260
732
750
425
431
738
354
822
157
265
306
854
697
187
596
690
553
570
820
618
932
88
813
899
339
666
818
749
854
874
320
716
286
334
252
320
271
11
294
876
19
973
756
255
747
141
874
778
906
290
576
674
705
704
936
899
160
663
747
71
639
720
460
577
0
479
210
896
469
928
970
700
402
816
703
988
98
852
323
367
58
402
129
738
306
527
208
533
451
574
886
837
343
678
956
43
427
286
888
312
954
457
700
317
914
646
259
288
917
838
537
574
223
639
839
432
871
653
376
709
418
550
915
841
837
738
902
210
86
829
135
182
155
490
758
431
62
35
143
499
886
864
555
377
86
768
251
825
267
342
931
867
115
335
20
251
673
828
403
387
382
200
570
803
479
0
926
669
743
28
270
435
847
2
615
71
577
281
220
52
281
738
259
753
146
521
486
129
440
375
538
442
91
366
977
454
986
634
682
422
142
422
709
636
543
904
454
712
409
468
909
180
998
307
27
48
909
34
876
370
925
487
55
978
625
744
610
367
638
769
841
128
779
584
456
342
231
315
312
572
978
46
990
522
249
321
523
92
231
466
787
794
987
412
189
153
121
785
827
521
533
130
295
889
210
926
0
242
409
161
413
790
944
325
569
149
339
658
58
180
788
909
722
203
28
947
739
202
788
205
902
256
61
951
87
539
857
585
849
502
658
102
875
88
717
171
184
675
949
37
556
553
867
821
761
607
336
908
730
60
290
456
368
332
649
857
547
406
266
968
381
691
924
69
680
887
213
699
841
276
828
941
212
649
297
189
432
774
721
60
10
26
553
388
447
503
768
403
426
894
63
244
388
398
896
669
242
0
355
253
921
272
930
801
975
207
562
766
255
218
193
745
824
849
240
380
222
898
307
660
278
716
234
709
59
797
591
212
825
1
825
549
268
270
328
134
441
124
862
442
687
523
179
873
540
659
530
139
979
583
162
150
226
640
128
365
399
97
438
670
748
471
326
102
401
148
286
148
912
365
298
1000
544
919
819
593
156
449
560
650
970
159
584
45
257
717
614
961
51
193
355
31
654
266
469
743
409
355
0
113
264
174
102
674
449
328
261
735
547
590
821
579
121
118
835
977
508
244
329
16
210
977
882
922
281
783
1
728
454
576
657
618
862
133
397
175
876
499
216
546
204
148
807
537
129
413
926
184
642
412
316
575
149
246
565
994
840
346
896
305
177
782
373
730
473
567
914
807
520
34
272
26
68
906
444
686
981
153
768
177
73
363
323
530
260
976
945
526
307
291
70
226
469
60
928
28
161
253
113
0
730
417
227
871
419
562
128
186
411
871
514
176
553
532
690
685
770
808
227
656
273
569
727
255
277
846
218
990
615
601
984
432
606
542
898
366
867
240
203
821
736
303
441
757
992
391
745
43
730
2
882
267
209
662
678
161
174
414
779
925
588
492
452
773
677
583
321
957
143
349
271
471
7
152
310
991
509
375
345
402
469
637
839
705
550
173
135
225
16
756
268
372
195
396
970
270
413
921
264
730
0
678
532
10
432
925
458
887
911
290
714
589
902
521
77
406
422
743
399
14
670
516
19
788
940
860
289
725
978
855
569
281
15
606
188
832
359
554
858
124
748
279
31
685
874
97
131
859
998
169
940
499
455
629
202
47
522
639
828
85
50
58
417
142
715
805
521
581
353
150
256
83
611
270
242
913
665
291
27
232
823
541
42
935
465
598
348
204
770
466
759
160
480
874
700
435
790
272
174
417
678
0
518
530
864
68
97
413
474
702
791
624
443
973
433
950
51
769
41
863
319
236
266
594
875
870
124
415
572
631
286
476
797
872
242
281
111
17
257
461
247
309
429
137
45
740
494
819
825
448
532
90
654
673
442
363
809
349
325
135
26
423
641
460
74
867
944
377
610
302
349
56
274
306
735
705
645
470
557
107
274
607
133
966
283
517
837
743
207
424
853
455
789
94
402
847
944
930
102
227
532
518
0
5
417
510
103
362
971
372
251
476
560
972
118
448
921
753
419
895
848
645
404
230
961
299
979
288
990
531
622
407
183
219
427
992
561
944
327
496
852
699
762
221
433
268
110
964
254
769
289
964
290
81
656
875
50
946
498
14
633
37
52
413
377
714
652
921
38
243
431
338
341
597
285
74
404
176
294
178
752
773
654
455
842
97
255
261
402
969
643
642
125
574
816
2
325
801
674
871
10
530
5
0
223
630
104
489
141
561
841
263
29
14
561
776
702
875
660
733
634
637
969
19
477
746
917
613
60
652
844
518
39
529
208
896
454
794
916
178
379
70
233
653
877
902
574
975
953
184
386
409
366
312
573
628
117
842
222
1000
690
216
444
553
474
239
751
988
481
56
559
561
190
909
577
619
91
544
423
233
419
146
870
519
783
265
731
552
940
840
283
34
136
30
703
615
569
975
449
419
432
864
417
223
0
486
677
733
791
488
758
312
384
767
907
141
86
474
655
431
19
159
597
362
477
832
171
198
331
685
696
997
713
219
823
406
214
933
211
18
267
610
800
797
476
515
842
283
382
859
828
241
238
276
127
786
955
194
529
200
934
203
774
656
891
770
916
821
178
751
294
953
326
286
122
913
600
127
336
575
358
888
559
53
484
762
356
207
40
324
123
998
653
861
988
71
149
207
328
562
925
68
510
630
486
0
264
675
708
532
207
225
470
21
234
327
115
363
76
868
3
829
766
246
626
508
289
577
52
421
952
264
934
331
764
868
772
265
405
132
481
69
379
682
677
2
75
160
329
523
820
78
595
872
441
592
985
833
737
586
835
144
948
132
535
872
249
450
46
96
874
528
474
235
764
521
840
201
998
568
745
175
11
50
799
176
802
6
620
802
706
466
798
201
98
577
339
562
261
128
458
97
103
104
677
264
0
399
111
242
509
576
56
801
383
849
221
685
541
693
788
757
517
729
104
408
208
225
349
233
75
699
231
285
193
773
233
296
22
921
67
765
768
21
752
144
480
245
696
747
688
370
935
315
813
800
967
225
885
440
756
837
339
988
745
724
865
51
15
965
632
957
163
831
172
719
774
765
623
90
720
197
790
796
477
972
487
566
107
327
710
896
306
367
852
281
658
766
735
186
887
413
362
489
733
675
399
0
487
835
666
624
13
708
92
57
275
107
210
301
934
78
404
727
247
155
787
683
125
633
346
669
336
226
533
153
237
71
785
562
236
232
518
800
152
346
450
818
356
847
588
381
687
843
835
212
34
205
282
906
111
902
297
120
363
766
246
923
229
214
965
246
670
720
647
900
517
582
163
369
976
909
964
314
65
822
867
860
798
131
496
90
889
462
323
220
58
255
547
411
911
474
971
141
791
708
111
487
0
135
775
891
251
203
692
842
127
912
645
865
490
315
289
921
252
432
168
562
4
724
954
563
484
998
175
893
439
477
540
528
82
160
812
723
541
834
663
85
875
944
827
646
505
237
596
574
971
271
985
458
156
423
987
987
66
982
881
332
1
102
798
190
27
655
925
754
340
81
302
58
108
759
924
146
15
295
867
81
147
201
95
888
383
765
367
52
180
218
590
871
290
702
372
561
488
532
242
835
135
0
137
331
864
372
619
424
737
398
881
592
578
838
999
33
325
434
193
45
595
879
850
267
747
315
758
548
987
581
288
538
726
19
481
482
538
591
260
62
684
777
808
490
625
637
247
801
901
245
216
832
937
273
5
756
344
125
730
57
596
155
700
408
934
190
601
913
59
606
296
45
2
678
882
62
330
902
802
802
98
680
730
261
252
297
58
281
788
193
821
514
714
791
251
841
758
207
509
666
775
137
0
345
502
271
223
76
712
130
472
902
984
467
578
464
197
454
489
892
967
499
953
566
309
235
808
530
214
703
328
680
872
752
156
421
496
561
432
626
538
837
974
588
801
941
182
316
4
325
639
622
178
384
850
186
610
629
725
553
306
432
522
475
316
260
470
797
79
562
318
787
568
679
570
164
900
585
231
314
873
465
204
791
575
307
402
738
909
745
579
176
589
624
476
263
312
225
576
624
891
331
345
0
503
113
189
189
148
351
60
12
400
887
204
610
458
901
843
351
649
666
599
624
518
717
311
427
615
91
402
114
787
680
371
108
755
592
999
967
831
152
522
808
379
230
548
330
46
115
141
703
496
726
229
777
646
29
995
208
385
198
923
326
243
398
438
540
970
82
394
61
796
12
265
290
374
24
73
443
513
809
608
477
677
499
129
259
722
824
121
553
902
443
560
29
384
470
56
13
251
864
502
503
0
817
375
71
539
467
342
449
632
400
236
863
570
531
155
373
802
813
575
653
682
654
643
592
119
275
52
581
973
359
104
963
670
202
419
540
506
811
539
111
447
121
923
590
287
663
901
294
356
223
505
880
726
265
736
806
999
40
50
965
312
466
81
846
267
833
25
374
892
749
638
483
444
860
481
159
327
155
566
391
730
774
738
753
203
849
118
532
521
973
972
14
767
21
801
708
203
372
271
113
817
0
420
803
231
748
811
227
261
470
695
660
60
812
304
217
43
126
92
720
886
110
93
795
21
63
341
17
478
723
874
949
725
85
191
189
122
612
91
50
233
784
183
607
601
99
423
351
590
896
811
955
707
233
963
573
596
571
790
382
712
918
576
633
774
7
703
642
168
205
19
870
467
94
430
628
487
650
621
674
896
803
306
146
28
240
835
690
77
433
118
561
907
234
383
92
692
619
223
189
375
420
0
951
386
45
453
541
798
378
566
69
526
949
812
65
780
78
976
804
915
841
420
356
384
424
856
116
596
539
398
226
66
851
497
270
968
281
379
534
282
638
117
631
333
1
860
336
929
565
26
414
970
33
670
781
625
892
129
544
379
250
142
221
809
146
80
781
114
618
845
595
435
899
361
33
382
919
564
602
492
437
527
521
947
380
977
685
406
950
448
776
141
327
849
57
842
424
76
189
71
803
951
0
484
33
97
253
631
157
940
454
673
931
927
27
371
601
624
782
412
627
2
637
63
883
258
911
517
640
590
14
501
770
649
214
598
908
773
710
761
150
692
271
217
604
594
285
163
751
212
764
123
710
780
799
820
806
376
548
720
52
879
738
3
779
38
337
874
30
415
684
4
556
353
458
419
926
290
363
360
504
208
486
739
222
508
770
422
51
921
702
86
115
221
275
127
737
712
148
539
231
386
484
0
591
535
379
826
795
506
202
678
465
508
450
594
989
526
723
606
213
885
809
231
23
122
607
866
247
958
705
618
195
831
278
962
461
731
616
932
552
922
172
180
894
231
181
216
597
663
650
926
163
139
859
450
45
87
517
571
332
135
597
81
309
298
72
337
414
960
978
388
712
287
87
413
534
167
238
481
518
533
129
202
898
244
808
743
769
753
875
474
363
685
107
912
398
130
351
467
748
45
33
591
0
783
557
244
930
453
912
702
10
875
129
792
284
973
436
818
64
884
235
333
795
595
398
462
477
755
816
97
183
846
767
487
691
641
306
151
718
73
797
187
367
798
724
823
493
745
807
552
810
400
619
562
850
794
145
750
135
68
897
636
903
194
656
419
791
607
12
373
895
168
353
865
432
300
515
171
106
451
440
788
307
329
227
399
41
419
660
655
76
541
210
645
881
472
60
342
811
453
97
535
783
0
369
28
509
293
474
503
437
107
183
136
611
491
572
581
359
622
116
692
656
485
527
311
245
465
270
733
874
41
428
903
80
8
172
800
184
183
938
888
109
882
456
278
265
941
946
34
293
555
23
352
276
260
388
89
789
85
964
370
830
61
4
986
111
90
729
91
280
508
323
177
750
621
178
216
610
574
375
205
660
16
656
14
863
895
733
431
868
693
301
865
592
902
12
449
227
541
253
379
557
369
0
394
15
946
325
328
988
749
802
746
702
289
282
696
865
739
705
417
175
583
73
463
786
480
394
910
468
794
317
125
819
243
94
448
681
240
223
438
544
994
287
616
160
472
701
161
583
590
474
767
363
79
97
832
161
994
608
199
684
396
501
898
114
630
912
647
967
425
871
94
65
328
975
915
202
886
538
902
278
210
273
670
319
848
634
19
3
788
934
490
578
984
400
632
261
798
631
826
244
28
394
0
666
81
779
843
451
431
32
830
83
234
596
677
874
765
869
254
447
743
45
790
645
718
748
489
265
528
584
48
307
333
528
276
477
805
849
98
732
407
210
679
537
373
218
311
810
519
970
875
408
976
934
92
590
191
278
314
428
969
268
181
921
124
851
996
691
878
570
980
69
115
673
318
414
837
442
256
716
977
569
516
236
645
637
159
829
757
78
315
838
467
887
400
470
378
157
795
930
509
15
666
0
782
512
152
644
989
581
893
306
781
335
284
879
170
31
825
744
55
201
915
220
934
387
716
334
485
367
886
473
187
856
959
325
800
570
898
417
808
388
249
767
452
72
62
16
647
295
982
926
702
564
832
380
200
872
387
283
57
473
505
571
88
338
4
53
500
500
9
9
889
848
986
694
343
91
61
234
882
727
19
266
404
969
597
766
517
404
289
999
578
204
236
695
566
940
506
453
293
946
81
782
0
661
241
639
657
670
148
909
105
930
827
594
996
10
45
705
481
89
888
271
13
211
115
310
799
123
505
368
253
462
761
325
606
323
332
1
693
520
59
74
438
424
454
130
542
820
585
123
900
162
952
920
821
15
915
643
14
374
810
1000
72
298
883
723
269
165
280
650
222
335
880
394
678
366
951
709
922
255
788
594
230
19
362
246
729
727
921
33
464
610
863
660
69
454
202
912
474
325
779
512
661
0
307
232
432
419
546
839
776
707
122
207
49
373
127
111
587
422
92
801
583
875
676
475
995
590
610
35
781
395
843
243
847
222
266
196
754
254
196
129
372
41
280
886
692
276
209
684
397
781
289
870
530
540
83
594
897
82
1
578
920
56
13
559
868
9
948
459
143
922
545
316
956
977
87
59
281
277
940
875
961
477
477
626
104
247
252
325
197
458
570
60
526
673
678
702
503
328
843
152
241
307
0
248
601
709
341
819
255
45
884
378
352
423
464
224
825
295
600
832
241
743
112
325
125
122
415
307
48
279
877
305
762
930
781
887
733
75
381
485
776
791
955
677
64
564
804
36
770
847
426
429
962
171
519
498
331
766
525
857
992
940
152
182
668
688
926
237
623
240
383
909
43
454
539
797
783
846
860
870
299
746
832
508
408
155
432
434
454
901
531
812
949
931
465
10
437
988
451
644
639
232
248
0
275
887
908
99
980
6
485
886
273
344
858
429
263
18
304
805
909
268
923
174
723
218
266
853
85
600
275
532
676
426
523
549
546
821
977
9
951
767
488
641
288
878
376
607
484
814
911
819
107
492
851
851
883
459
821
900
963
619
516
467
196
799
54
178
562
695
29
700
427
986
857
591
1
218
289
124
979
917
171
289
208
787
168
193
489
843
155
304
812
927
508
875
107
749
431
989
657
432
601
275
0
765
258
904
293
408
580
356
253
385
793
565
240
737
634
951
230
322
275
719
379
880
41
82
964
105
866
611
904
413
542
457
12
668
42
803
149
660
168
455
145
423
267
754
207
229
713
374
29
68
660
443
470
405
258
208
635
59
316
949
119
586
468
914
300
968
744
567
286
634
585
212
728
990
725
415
288
613
198
577
225
683
562
45
892
351
373
217
65
27
450
129
183
802
32
581
670
419
709
887
765
0
252
866
624
161
337
528
330
955
939
79
749
96
399
748
549
542
359
690
611
520
500
923
798
23
756
497
102
600
577
851
162
422
705
650
465
478
183
936
981
779
706
460
303
121
220
546
642
894
422
719
99
292
910
430
428
923
395
678
801
583
162
406
589
27
797
326
888
682
849
825
454
615
978
572
990
60
331
52
349
125
4
595
967
649
802
43
780
371
594
792
136
746
830
893
148
546
341
908
258
252
0
114
380
466
419
813
385
36
479
889
110
219
961
176
40
851
467
192
423
882
478
467
467
172
409
476
965
845
580
224
21
704
195
540
942
723
332
480
895
836
834
325
73
158
314
440
885
807
146
746
696
698
352
274
996
679
434
431
289
181
380
701
868
419
103
684
312
422
502
1
576
601
855
631
531
652
685
421
233
633
724
879
499
666
813
126
78
601
989
284
611
702
83
306
909
839
819
99
904
866
114
0
775
100
108
966
505
216
440
759
458
151
747
46
54
325
959
861
161
569
657
579
792
11
101
316
39
414
91
509
705
928
847
144
702
947
7
643
227
263
537
743
264
437
501
234
504
665
376
767
99
446
834
789
483
427
589
169
478
445
980
351
50
350
852
260
954
142
658
825
657
984
569
286
622
844
696
952
75
346
954
850
953
599
575
92
976
624
526
973
491
289
234
781
105
776
255
980
293
624
380
775
0
861
905
773
405
232
976
532
729
50
890
491
16
105
114
916
715
673
587
863
875
321
485
721
311
191
928
773
361
375
151
897
432
721
548
197
357
737
3
47
951
632
753
613
67
572
753
131
442
981
898
124
132
233
276
770
355
627
598
332
969
861
348
732
457
422
102
549
618
432
281
476
407
518
997
264
699
669
563
267
566
624
653
720
804
782
723
436
572
282
596
335
930
707
45
6
408
161
466
100
861
0
289
605
83
48
172
179
643
592
61
255
783
240
198
95
489
316
826
802
791
25
114
296
14
117
114
549
143
27
573
8
897
448
77
642
143
446
267
400
819
837
573
165
87
381
172
276
392
995
913
23
446
726
627
339
209
885
306
952
472
99
511
750
700
709
875
268
862
606
15
797
183
39
713
934
231
336
484
747
309
518
682
886
915
412
606
818
581
696
677
284
827
122
884
485
580
337
419
108
905
289
0
739
932
226
637
222
315
738
907
685
392
43
224
390
478
787
534
386
894
374
620
631
851
501
885
805
310
251
980
943
953
294
44
572
416
804
21
12
78
62
723
8
192
85
223
921
4
159
910
744
206
535
789
955
847
906
896
257
179
525
72
425
317
636
88
270
133
542
606
872
219
529
219
331
285
226
998
315
235
717
654
110
841
627
213
64
359
865
874
879
594
207
378
886
356
528
813
966
773
605
739
0
867
374
600
915
353
17
7
807
316
885
833
957
247
22
77
303
505
755
534
971
368
252
429
583
894
637
81
711
869
194
893
197
684
337
531
359
147
204
632
441
602
659
489
439
733
748
913
552
434
975
706
209
847
668
783
963
181
896
168
431
914
543
717
328
397
898
188
242
427
208
823
764
193
533
175
758
808
311
643
93
420
2
885
884
622
739
765
170
996
49
352
273
253
330
385
505
405
83
932
867
0
217
496
702
706
615
129
714
510
926
243
529
323
625
548
678
452
550
306
67
597
450
181
737
276
312
439
396
524
137
547
451
818
742
909
601
17
637
198
549
918
34
882
688
696
805
175
645
342
837
645
835
236
362
232
838
368
833
556
738
646
904
171
134
175
366
832
281
992
896
406
868
773
153
893
548
530
427
592
795
356
637
809
235
116
705
869
31
10
373
423
344
385
955
36
216
232
48
226
374
217
0
786
181
921
612
591
117
285
11
524
570
556
619
701
538
698
465
603
189
434
667
537
320
678
607
506
600
499
258
829
994
496
473
562
711
513
462
384
672
975
765
652
262
335
165
131
216
416
20
388
533
620
985
871
870
226
213
533
354
259
454
184
441
876
867
359
111
561
454
214
772
233
237
439
987
214
615
119
21
384
63
231
333
692
417
254
825
45
127
464
858
793
939
479
440
976
172
637
600
496
786
0
206
703
936
998
37
261
719
518
958
832
449
454
296
318
568
649
113
71
439
218
395
418
768
990
198
889
659
125
593
830
690
135
614
478
48
591
682
633
893
937
861
9
472
978
240
955
274
860
198
768
335
593
231
368
483
733
822
288
712
675
124
499
240
554
17
944
794
933
265
296
71
477
581
703
91
275
63
424
883
23
795
656
175
447
744
705
111
224
429
565
79
889
759
532
179
222
915
702
181
206
0
475
34
32
331
442
317
678
520
462
998
918
667
27
188
427
401
253
543
468
48
233
855
5
568
138
45
252
429
958
684
614
824
411
621
166
477
138
524
207
958
450
955
94
981
576
942
115
86
205
109
20
406
661
870
165
157
917
409
949
862
216
203
858
257
327
916
211
405
22
785
540
288
328
402
52
341
856
258
122
595
485
583
743
55
481
587
825
263
240
749
110
458
729
643
315
353
706
921
703
475
0
329
651
551
786
374
858
368
870
2
190
534
619
498
88
221
888
635
526
482
640
187
623
489
837
855
782
664
603
885
964
49
252
859
480
973
606
776
69
95
454
282
710
657
734
565
358
352
257
35
455
598
668
961
628
265
838
468
37
442
546
821
124
461
496
178
18
132
921
562
528
538
680
114
581
17
116
911
607
398
527
73
45
201
89
422
295
18
737
96
219
151
50
592
738
17
615
612
936
34
329
0
896
258
516
586
618
87
701
911
574
218
212
796
878
252
165
849
736
32
997
899
552
298
851
44
44
850
797
468
783
460
692
421
32
28
512
923
685
732
743
904
651
28
944
470
119
42
964
227
52
410
271
339
654
306
537
909
556
687
204
736
748
247
852
379
267
481
67
236
82
726
872
787
973
478
596
517
866
462
311
463
790
915
888
92
600
304
634
399
961
747
890
61
907
7
129
591
998
32
651
896
0
359
10
6
534
698
95
304
796
92
797
165
60
636
131
710
320
63
501
868
840
738
528
328
794
762
776
639
497
567
896
28
801
690
138
261
865
869
498
421
27
451
102
771
845
711
408
863
276
706
892
354
817
854
574
180
553
523
148
303
279
309
699
70
610
69
765
232
160
19
752
680
359
723
539
640
247
477
245
786
645
220
271
801
832
805
951
748
176
46
491
255
685
807
714
117
37
331
551
258
359
0
