0
0
0
0
0
0
0
0
0
0
189
292
414
302
185
192
212
158
455
318
333
209
376
301
245
409
170
332
366
208
105
217
112
421
309
0
0
0
0
0
0
0
0
0
0
0
0
0
0
0
0
0
0
0
0
0
0
0
0
0
716
730
791
909
954
657
746
960
908
510
630
874
616
550
622
938
518
512
687
749
757
813
630
686
837
913
807
546
813
892
539
756
891
754
802
994
896
977
948
657
0
0
0
0
0
0
0
0
0
0
213
494
444
453
494
139
459
381
358
277
195
207
340
137
337
264
116
465
214
239
237
404
290
280
353
0
0
0
0
0
0
0
0
0
0
0
0
0
0
0
0
0
0
0
0
0
0
0
0
0
979
568
755
544
531
805
593
971
966
852
525
814
566
787
684
882
828
641
947
765
797
936
592
867
500
727
601
638
735
609
545
862
905
657
942
909
501
543
525
698
0
0
0
0
0
0
0
0
0
0
363
431
483
298
315
248
379
451
479
340
182
277
304
291
437
158
321
394
209
219
303
325
482
422
267
0
0
0
0
0
0
0
0
0
0
0
0
0
0
0
0
0
0
0
0
0
0
0
0
0
571
693
577
928
557
875
708
916
728
713
616
906
694
720
829
975
776
732
958
572
838
547
855
554
579
516
517
989
753
767
982
999
521
673
609
923
874
874
986
907
0
0
0
0
0
0
0
0
0
0
200
124
398
121
481
241
447
149
498
311
310
261
457
419
395
331
336
245
292
288
246
197
341
234
424
0
0
0
0
0
0
0
0
0
0
0
0
0
0
0
0
0
0
0
0
0
0
0
0
0
924
718
997
578
984
533
777
514
993
925
730
769
788
776
616
904
747
961
707
667
811
937
643
564
993
526
511
752
863
904
826
979
884
766
929
774
632
934
884
654
0
0
0
0
0
0
0
0
0
0
132
426
453
194
245
290
161
184
244
355
323
380
241
165
423
107
489
174
175
396
461
490
214
150
301
0
0
0
0
0
0
0
0
0
0
0
0
0
0
0
0
0
0
0
0
0
0
0
0
0
578
709
698
525
830
642
957
997
834
531
541
857
972
582
795
955
884
834
822
980
925
550
853
611
866
624
985
946
758
591
722
600
681
698
698
508
697
771
887
504
0
0
0
0
0
0
0
0
0
0
451
330
453
145
392
107
115
455
426
476
173
112
370
253
177
490
231
325
462
446
202
490
397
173
239
0
0
0
0
0
0
0
0
0
0
0
0
0
0
0
0
0
0
0
0
0
0
0
0
0
988
996
830
761
877
537
831
970
907
804
578
780
670
791
921
675
635
648
937
907
557
560
858
782
889
523
867
576
876
685
519
703
862
849
868
602
805
870
891
998
0
0
0
0
0
0
0
0
0
0
302
422
309
192
284
156
140
153
493
407
326
451
432
263
394
132
387
266
483
471
319
434
397
450
208
0
0
0
0
0
0
0
0
0
0
0
0
0
0
0
0
0
0
0
0
0
0
0
0
0
877
630
807
520
761
763
970
874
574
895
518
650
726
623
560
736
862
986
751
512
727
980
617
649
934
921
869
953
738
527
800
964
774
705
573
972
726
801
895
741
0
0
0
0
0
0
0
0
0
0
463
418
197
445
472
142
249
418
143
257
471
132
425
140
453
452
165
470
198
153
134
427
320
429
221
0
0
0
0
0
0
0
0
0
0
0
0
0
0
0
0
0
0
0
0
0
0
0
0
0
956
964
704
698
658
991
860
882
949
981
775
877
831
677
565
626
998
557
965
830
851
879
671
969
619
905
777
753
770
722
632
930
542
990
705
635
980
985
642
920
0
0
0
0
0
0
0
0
0
0
324
304
307
466
476
246
231
449
244
400
453
172
464
250
258
369
424
283
206
133
173
228
453
144
127
0
0
0
0
0
0
0
0
0
0
0
0
0
0
0
0
0
0
0
0
0
0
0
0
0
752
520
680
846
675
623
814
757
512
973
650
875
608
600
843
659
969
542
782
986
838
808
990
512
507
957
837
610
763
605
727
591
890
872
984
594
781
818
525
703
0
0
0
0
0
0
0
0
0
0
217
243
494
265
280
484
420
482
483
260
412
260
478
168
152
326
484
349
423
402
168
413
399
110
497
0
0
0
0
0
0
0
0
0
0
0
0
0
0
0
0
0
0
0
0
0
0
0
0
0
798
789
985
777
819
549
714
911
560
776
575
764
887
542
753
970
604
815
973
573
717
683
790
993
864
810
970
814
879
803
686
557
649
883
635
970
549
884
654
678
189
213
363
200
132
451
302
463
324
217
0
0
0
0
0
0
0
0
0
0
0
0
0
0
0
0
0
0
0
0
0
0
0
0
0
512
309
589
358
513
380
329
376
323
432
469
487
364
234
520
437
317
431
425
451
328
382
543
248
393
0
0
0
0
0
0
0
0
0
0
0
0
0
0
0
0
0
0
0
0
0
0
0
0
0
0
0
0
0
0
0
0
0
0
0
0
0
0
0
0
292
494
431
124
426
330
422
418
304
243
0
0
0
0
0
0
0
0
0
0
0
0
0
0
0
0
0
0
0
0
0
0
0
0
0
591
531
478
345
329
260
205
585
289
462
256
549
545
375
419
326
340
243
264
434
493
316
359
568
567
0
0
0
0
0
0
0
0
0
0
0
0
0
0
0
0
0
0
0
0
0
0
0
0
0
0
0
0
0
0
0
0
0
0
0
0
0
0
0
0
414
444
483
398
453
453
309
197
307
494
0
0
0
0
0
0
0
0
0
0
0
0
0
0
0
0
0
0
0
0
0
0
0
0
0
545
335
267
294
472
366
280
549
402
530
559
590
468
532
440
272
260
522
512
472
343
334
251
358
481
0
0
0
0
0
0
0
0
0
0
0
0
0
0
0
0
0
0
0
0
0
0
0
0
0
0
0
0
0
0
0
0
0
0
0
0
0
0
0
0
302
453
298
121
194
145
192
445
466
265
0
0
0
0
0
0
0
0
0
0
0
0
0
0
0
0
0
0
0
0
0
0
0
0
0
266
591
590
356
330
546
225
322
542
565
488
419
552
311
239
561
253
357
323
561
561
505
229
321
219
0
0
0
0
0
0
0
0
0
0
0
0
0
0
0
0
0
0
0
0
0
0
0
0
0
0
0
0
0
0
0
0
0
0
0
0
0
0
0
0
185
494
315
481
245
392
284
472
476
280
0
0
0
0
0
0
0
0
0
0
0
0
0
0
0
0
0
0
0
0
0
0
0
0
0
333
227
403
334
213
441
367
252
499
409
465
483
276
599
489
482
285
320
439
530
431
257
287
476
554
0
0
0
0
0
0
0
0
0
0
0
0
0
0
0
0
0
0
0
0
0
0
0
0
0
0
0
0
0
0
0
0
0
0
0
0
0
0
0
0
192
139
248
241
290
107
156
142
246
484
0
0
0
0
0
0
0
0
0
0
0
0
0
0
0
0
0
0
0
0
0
0
0
0
0
325
302
417
297
501
376
203
575
564
215
337
551
457
201
257
539
387
591
489
335
454
573
300
573
450
0
0
0
0
0
0
0
0
0
0
0
0
0
0
0
0
0
0
0
0
0
0
0
0
0
0
0
0
0
0
0
0
0
0
0
0
0
0
0
0
212
459
379
447
161
115
140
249
231
420
0
0
0
0
0
0
0
0
0
0
0
0
0
0
0
0
0
0
0
0
0
0
0
0
0
353
472
488
492
210
312
207
221
247
491
297
578
544
575
548
507
592
311
565
349
394
569
337
517
218
0
0
0
0
0
0
0
0
0
0
0
0
0
0
0
0
0
0
0
0
0
0
0
0
0
0
0
0
0
0
0
0
0
0
0
0
0
0
0
0
158
381
451
149
184
455
153
418
449
482
0
0
0
0
0
0
0
0
0
0
0
0
0
0
0
0
0
0
0
0
0
0
0
0
0
399
572
424
348
507
471
483
458
356
248
576
326
493
235
405
274
203
294
345
236
383
379
456
502
357
0
0
0
0
0
0
0
0
0
0
0
0
0
0
0
0
0
0
0
0
0
0
0
0
0
0
0
0
0
0
0
0
0
0
0
0
0
0
0
0
455
358
479
498
244
426
493
143
244
483
0
0
0
0
0
0
0
0
0
0
0
0
0
0
0
0
0
0
0
0
0
0
0
0
0
412
554
366
326
540
236
210
467
235
226
220
596
469
592
341
590
207
438
348
346
332
422
507
338
313
0
0
0
0
0
0
0
0
0
0
0
0
0
0
0
0
0
0
0
0
0
0
0
0
0
0
0
0
0
0
0
0
0
0
0
0
0
0
0
0
318
277
340
311
355
476
407
257
400
260
0
0
0
0
0
0
0
0
0
0
0
0
0
0
0
0
0
0
0
0
0
0
0
0
0
503
333
391
370
506
205
506
368
232
457
430
507
474
317
343
223
532
274
524
348
355
206
587
320
234
0
0
0
0
0
0
0
0
0
0
0
0
0
0
0
0
0
0
0
0
0
0
0
0
0
0
0
0
0
0
0
0
0
0
0
0
0
0
0
0
333
195
182
310
323
173
326
471
453
412
0
0
0
0
0
0
0
0
0
0
0
0
0
0
0
0
0
0
0
0
0
0
0
0
0
318
210
296
476
448
520
487
257
525
310
212
264
238
367
319
536
275
406
518
419
362
294
451
291
435
0
0
0
0
0
0
0
0
0
0
0
0
0
0
0
0
0
0
0
0
0
0
0
0
0
0
0
0
0
0
0
0
0
0
0
0
0
0
0
0
209
207
277
261
380
112
451
132
172
260
0
0
0
0
0
0
0
0
0
0
0
0
0
0
0
0
0
0
0
0
0
0
0
0
0
495
479
581
410
431
590
312
566
446
569
516
467
507
590
357
228
343
431
377
341
282
542
445
222
366
0
0
0
0
0
0
0
0
0
0
0
0
0
0
0
0
0
0
0
0
0
0
0
0
0
0
0
0
0
0
0
0
0
0
0
0
0
0
0
0
376
340
304
457
241
370
432
425
464
478
0
0
0
0
0
0
0
0
0
0
0
0
0
0
0
0
0
0
0
0
0
0
0
0
0
220
515
599
277
327
263
301
277
544
557
347
277
557
568
569
571
251
509
424
513
332
576
483
323
571
0
0
0
0
0
0
0
0
0
0
0
0
0
0
0
0
0
0
0
0
0
0
0
0
0
0
0
0
0
0
0
0
0
0
0
0
0
0
0
0
301
137
291
419
165
253
263
140
250
168
0
0
0
0
0
0
0
0
0
0
0
0
0
0
0
0
0
0
0
0
0
0
0
0
0
551
334
576
569
584
412
373
587
537
581
329
297
464
471
256
433
503
340
438
214
224
525
382
273
304
0
0
0
0
0
0
0
0
0
0
0
0
0
0
0
0
0
0
0
0
0
0
0
0
0
0
0
0
0
0
0
0
0
0
0
0
0
0
0
0
245
337
437
395
423
177
394
453
258
152
0
0
0
0
0
0
0
0
0
0
0
0
0
0
0
0
0
0
0
0
0
0
0
0
0
215
300
491
245
484
464
345
374
307
569
550
294
317
218
206
379
237
597
527
348
427
275
279
587
517
0
0
0
0
0
0
0
0
0
0
0
0
0
0
0
0
0
0
0
0
0
0
0
0
0
0
0
0
0
0
0
0
0
0
0
0
0
0
0
0
409
264
158
331
107
490
132
452
369
326
0
0
0
0
0
0
0
0
0
0
0
0
0
0
0
0
0
0
0
0
0
0
0
0
0
415
518
536
473
213
278
320
514
358
437
481
261
355
235
599
539
243
412
223
397
598
481
574
395
302
0
0
0
0
0
0
0
0
0
0
0
0
0
0
0
0
0
0
0
0
0
0
0
0
0
0
0
0
0
0
0
0
0
0
0
0
0
0
0
0
170
116
321
336
489
231
387
165
424
484
0
0
0
0
0
0
0
0
0
0
0
0
0
0
0
0
0
0
0
0
0
0
0
0
0
402
486
264
448
552
229
280
349
375
314
421
217
582
503
210
382
236
574
231
247
444
263
386
467
250
0
0
0
0
0
0
0
0
0
0
0
0
0
0
0
0
0
0
0
0
0
0
0
0
0
0
0
0
0
0
0
0
0
0
0
0
0
0
0
0
332
465
394
245
174
325
266
470
283
349
0
0
0
0
0
0
0
0
0
0
0
0
0
0
0
0
0
0
0
0
0
0
0
0
0
532
349
285
564
480
385
565
204
513
360
341
268
480
512
361
294
260
274
213
397
213
597
225
517
506
0
0
0
0
0
0
0
0
0
0
0
0
0
0
0
0
0
0
0
0
0
0
0
0
0
0
0
0
0
0
0
0
0
0
0
0
0
0
0
0
366
214
209
292
175
462
483
198
206
423
0
0
0
0
0
0
0
0
0
0
0
0
0
0
0
0
0
0
0
0
0
0
0
0
0
537
230
547
559
558
224
255
303
349
381
423
217
361
471
333
207
210
570
306
309
361
511
376
447
585
0
0
0
0
0
0
0
0
0
0
0
0
0
0
0
0
0
0
0
0
0
0
0
0
0
0
0
0
0
0
0
0
0
0
0
0
0
0
0
0
208
239
219
288
396
446
471
153
133
402
0
0
0
0
0
0
0
0
0
0
0
0
0
0
0
0
0
0
0
0
0
0
0
0
0
592
395
597
398
417
246
395
580
581
393
311
550
503
355
431
446
227
356
228
273
556
432
534
547
487
0
0
0
0
0
0
0
0
0
0
0
0
0
0
0
0
0
0
0
0
0
0
0
0
0
0
0
0
0
0
0
0
0
0
0
0
0
0
0
0
105
237
303
246
461
202
319
134
173
168
0
0
0
0
0
0
0
0
0
0
0
0
0
0
0
0
0
0
0
0
0
0
0
0
0
225
348
215
512
337
500
219
243
214
463
484
222
441
264
560
255
565
454
324
310
558
246
260
382
560
0
0
0
0
0
0
0
0
0
0
0
0
0
0
0
0
0
0
0
0
0
0
0
0
0
0
0
0
0
0
0
0
0
0
0
0
0
0
0
0
217
404
325
197
490
490
434
427
228
413
0
0
0
0
0
0
0
0
0
0
0
0
0
0
0
0
0
0
0
0
0
0
0
0
0
546
574
288
391
565
325
269
207
359
343
319
515
353
318
264
507
550
515
317
561
552
365
461
379
554
0
0
0
0
0
0
0
0
0
0
0
0
0
0
0
0
0
0
0
0
0
0
0
0
0
0
0
0
0
0
0
0
0
0
0
0
0
0
0
0
112
290
482
341
214
397
397
320
453
399
0
0
0
0
0
0
0
0
0
0
0
0
0
0
0
0
0
0
0
0
0
0
0
0
0
533
385
231
489
516
584
512
517
336
586
488
269
528
548
266
234
383
258
302
276
268
547
284
251
294
0
0
0
0
0
0
0
0
0
0
0
0
0
0
0
0
0
0
0
0
0
0
0
0
0
0
0
0
0
0
0
0
0
0
0
0
0
0
0
0
421
280
422
234
150
173
450
429
144
110
0
0
0
0
0
0
0
0
0
0
0
0
0
0
0
0
0
0
0
0
0
0
0
0
0
258
289
202
442
427
200
254
210
225
337
462
220
438
599
493
535
203
587
261
282
486
568
463
552
200
0
0
0
0
0
0
0
0
0
0
0
0
0
0
0
0
0
0
0
0
0
0
0
0
0
0
0
0
0
0
0
0
0
0
0
0
0
0
0
0
309
353
267
424
301
239
208
221
127
497
0
0
0
0
0
0
0
0
0
0
0
0
0
0
0
0
0
0
0
0
0
0
0
0
0
402
592
239
494
512
422
404
375
544
491
264
332
408
459
569
319
446
344
367
514
288
466
229
332
345
0
0
0
0
0
0
0
0
0
0
0
0
0
0
0
0
0
0
0
0
0
0
0
0
0
0
0
0
0
0
0
0
0
0
0
0
0
0
0
0
0
0
0
0
0
0
0
0
0
0
512
591
545
266
333
325
353
399
412
503
318
495
220
551
215
415
402
532
537
592
225
546
533
258
402
0
0
0
0
0
0
0
0
0
0
0
0
0
0
0
0
0
0
0
0
0
0
0
0
0
540
628
483
616
472
320
677
529
455
564
394
439
490
575
497
651
359
508
614
605
458
439
678
477
333
617
350
591
354
338
511
324
387
512
494
330
628
446
536
473
0
0
0
0
0
0
0
0
0
0
309
531
335
591
227
302
472
572
554
333
210
479
515
334
300
518
486
349
230
395
348
574
385
289
592
0
0
0
0
0
0
0
0
0
0
0
0
0
0
0
0
0
0
0
0
0
0
0
0
0
554
472
508
536
638
699
352
482
428
628
677
664
571
393
466
565
643
327
448
371
350
424
328
589
372
384
656
504
560
583
570
698
470
365
479
337
428
318
490
491
0
0
0
0
0
0
0
0
0
0
589
478
267
590
403
417
488
424
366
391
296
581
599
576
491
536
264
285
547
597
215
288
231
202
239
0
0
0
0
0
0
0
0
0
0
0
0
0
0
0
0
0
0
0
0
0
0
0
0
0
657
518
674
511
489
506
447
409
474
305
657
653
634
615
498
492
599
514
676
556
611
473
525
435
486
610
479
358
485
571
557
578
620
453
459
540
467
487
617
428
0
0
0
0
0
0
0
0
0
0
358
345
294
356
334
297
492
348
326
370
476
410
277
569
245
473
448
564
559
398
512
391
489
442
494
0
0
0
0
0
0
0
0
0
0
0
0
0
0
0
0
0
0
0
0
0
0
0
0
0
511
507
359
574
661
443
486
455
550
620
441
620
537
452
410
486
467
612
451
479
552
667
475
636
318
429
591
482
683
489
626
637
427
538
466
465
541
419
329
343
0
0
0
0
0
0
0
0
0
0
513
329
472
330
213
501
210
507
540
506
448
431
327
584
484
213
552
480
558
417
337
565
516
427
512
0
0
0
0
0
0
0
0
0
0
0
0
0
0
0
0
0
0
0
0
0
0
0
0
0
428
431
414
529
374
594
316
462
503
599
451
326
369
428
369
436
449
370
379
517
491
464
330
493
471
663
335
400
603
427
598
567
381
576
393
507
584
318
500
405
0
0
0
0
0
0
0
0
0
0
380
260
366
546
441
376
312
471
236
205
520
590
263
412
464
278
229
385
224
246
500
325
584
200
422
0
0
0
0
0
0
0
0
0
0
0
0
0
0
0
0
0
0
0
0
0
0
0
0
0
328
411
403
475
541
575
696
376
363
695
357
314
577
574
588
363
658
643
304
429
560
346
593
586
624
475
662
666
396
454
576
491
471
377
406
614
573
500
352
436
0
0
0
0
0
0
0
0
0
0
329
205
280
225
367
203
207
483
210
506
487
312
301
373
345
320
280
565
255
395
219
269
512
254
404
0
0
0
0
0
0
0
0
0
0
0
0
0
0
0
0
0
0
0
0
0
0
0
0
0
435
392
428
348
425
592
366
327
563
551
534
560
526
341
455
605
360
616
518
411
611
313
408
407
392
674
487
539
394
318
506
310
483
320
362
506
544
409
483
315
0
0
0
0
0
0
0
0
0
0
376
585
549
322
252
575
221
458
467
368
257
566
277
587
374
514
349
204
303
580
243
207
517
210
375
0
0
0
0
0
0
0
0
0
0
0
0
0
0
0
0
0
0
0
0
0
0
0
0
0
508
664
302
331
615
527
376
533
499
653
552
303
480
651
307
595
436
603
543
585
649
513
415
499
683
629
474
597
597
515
356
616
515
402
535
555
543
651
330
684
0
0
0
0
0
0
0
0
0
0
323
289
402
542
499
564
247
356
235
232
525
446
544
537
307
358
375
513
349
581
214
359
336
225
544
0
0
0
0
0
0
0
0
0
0
0
0
0
0
0
0
0
0
0
0
0
0
0
0
0
449
686
506
482
326
408
549
521
523
393
439
619
396
643
617
327
495
338
484
305
376
514
330
547
646
500
394
367
622
430
429
563
659
407
611
545
307
634
350
467
0
0
0
0
0
0
0
0
0
0
432
462
530
565
409
215
491
248
226
457
310
569
557
581
569
437
314
360
381
393
463
343
586
337
491
0
0
0
0
0
0
0
0
0
0
0
0
0
0
0
0
0
0
0
0
0
0
0
0
0
570
422
684
663
575
587
378
681
488
634
600
449
594
309
473
420
509
316
536
690
554
346
443
406
471
503
615
629
559
431
344
542
539
475
416
330
550
632
447
557
0
0
0
0
0
0
0
0
0
0
469
256
559
488
465
337
297
576
220
430
212
516
347
329
550
481
421
341
423
311
484
319
488
462
264
0
0
0
0
0
0
0
0
0
0
0
0
0
0
0
0
0
0
0
0
0
0
0
0
0
592
353
429
451
506
390
655
461
301
426
640
513
319
697
692
603
425
505
468
515
458
441
304
665
674
578
398
359
389
326
630
579
398
466
602
658
668
659
608
346
0
0
0
0
0
0
0
0
0
0
487
549
590
419
483
551
578
326
596
507
264
467
277
297
294
261
217
268
217
550
222
515
269
220
332
0
0
0
0
0
0
0
0
0
0
0
0
0
0
0
0
0
0
0
0
0
0
0
0
0
341
356
333
451
417
366
559
416
476
380
323
409
489
349
302
516
552
502
499
379
399
300
391
397
341
657
616
590
682
577
335
314
404
589
374
646
389
659
419
639
0
0
0
0
0
0
0
0
0
0
364
545
468
552
276
457
544
493
469
474
238
507
557
464
317
355
582
480
361
503
441
353
528
438
408
0
0
0
0
0
0
0
0
0
0
0
0
0
0
0
0
0
0
0
0
0
0
0
0
0
584
612
668
381
544
502
677
629
430
591
491
580
456
658
551
359
638
350
501
525
535
319
431
381
695
422
300
517
580
504
411
570
564
572
647
648
516
613
557
332
0
0
0
0
0
0
0
0
0
0
234
375
532
311
599
201
575
235
592
317
367
590
568
471
218
235
503
512
471
355
264
318
548
599
459
0
0
0
0
0
0
0
0
0
0
0
0
0
0
0
0
0
0
0
0
0
0
0
0
0
592
482
528
614
564
639
578
593
375
476
489
477
510
553
547
646
333
691
408
562
468
420
535
597
694
379
442
688
599
468
646
372
684
305
568
315
386
565
650
316
0
0
0
0
0
0
0
0
0
0
520
419
440
239
489
257
548
405
341
343
319
357
569
256
206
599
210
361
333
431
560
264
266
493
569
0
0
0
0
0
0
0
0
0
0
0
0
0
0
0
0
0
0
0
0
0
0
0
0
0
360
352
491
647
634
349
353
640
495
618
356
457
653
538
695
485
364
655
428
560
318
693
543
331
422
437
339
511
363
624
339
314
455
401
692
513
587
390
590
489
0
0
0
0
0
0
0
0
0
0
437
326
272
561
482
539
507
274
590
223
536
228
571
433
379
539
382
294
207
446
255
507
234
535
319
0
0
0
0
0
0
0
0
0
0
0
0
0
0
0
0
0
0
0
0
0
0
0
0
0
461
578
377
667
319
405
364
591
427
554
494
552
322
304
547
594
661
585
636
670
468
648
378
564
529
498
381
627
452
638
427
541
533
513
329
348
644
566
615
497
0
0
0
0
0
0
0
0
0
0
317
340
260
253
285
387
592
203
207
532
275
343
251
503
237
243
236
260
210
227
565
550
383
203
446
0
0
0
0
0
0
0
0
0
0
0
0
0
0
0
0
0
0
0
0
0
0
0
0
0
643
475
638
658
641
519
383
652
543
419
419
511
583
578
595
337
306
472
422
506
692
458
643
640
423
388
522
602
337
613
398
399
334
672
483
633
350
520
692
627
0
0
0
0
0
0
0
0
0
0
431
243
522
357
320
591
311
294
438
274
406
431
509
340
597
412
574
274
570
356
454
515
258
587
344
0
0
0
0
0
0
0
0
0
0
0
0
0
0
0
0
0
0
0
0
0
0
0
0
0
519
450
351
559
410
652
458
310
634
411
526
335
441
544
656
473
381
358
396
518
390
489
587
545
526
420
678
697
476
641
486
337
408
318
623
658
558
668
478
396
0
0
0
0
0
0
0
0
0
0
425
264
512
323
439
489
565
345
348
524
518
377
424
438
527
223
231
213
306
228
324
317
302
261
367
0
0
0
0
0
0
0
0
0
0
0
0
0
0
0
0
0
0
0
0
0
0
0
0
0
617
402
449
372
560
471
376
354
541
383
418
537
404
420
351
642
516
340
304
454
561
629
611
615
402
369
647
406
472
608
453
460
448
402
611
675
500
501
689
538
0
0
0
0
0
0
0
0
0
0
451
434
472
561
530
335
349
236
346
348
419
341
513
214
348
397
247
397
309
273
310
561
276
282
514
0
0
0
0
0
0
0
0
0
0
0
0
0
0
0
0
0
0
0
0
0
0
0
0
0
531
443
536
353
617
658
570
668
375
663
386
355
470
400
679
653
561
380
537
666
692
531
357
694
362
577
623
553
385
627
491
485
311
533
463
660
686
495
500
381
0
0
0
0
0
0
0
0
0
0
328
493
343
561
431
454
394
383
332
355
362
282
332
224
427
598
444
213
361
556
558
552
268
486
288
0
0
0
0
0
0
0
0
0
0
0
0
0
0
0
0
0
0
0
0
0
0
0
0
0
627
487
592
694
550
585
565
413
525
585
377
563
396
441
337
452
323
645
661
601
371
586
472
525
529
313
444
586
564
369
689
694
488
668
557
373
509
699
681
504
0
0
0
0
0
0
0
0
0
0
382
316
334
505
257
573
569
379
422
206
294
542
576
525
275
481
263
597
511
432
246
365
547
568
466
0
0
0
0
0
0
0
0
0
0
0
0
0
0
0
0
0
0
0
0
0
0
0
0
0
446
354
583
319
515
491
368
529
419
592
448
383
531
520
456
323
581
446
354
624
416
479
335
570
315
357
335
374
444
482
418
658
326
542
363
527
686
648
676
435
0
0
0
0
0
0
0
0
0
0
543
359
251
229
287
300
337
456
507
587
451
445
483
382
279
574
386
225
376
534
260
461
284
463
229
0
0
0
0
0
0
0
0
0
0
0
0
0
0
0
0
0
0
0
0
0
0
0
0
0
484
434
654
646
481
472
620
661
640
509
669
324
624
343
665
588
304
312
606
562
589
576
400
384
472
688
462
681
409
342
460
651
529
550
357
629
607
582
671
413
0
0
0
0
0
0
0
0
0
0
248
568
358
321
476
573
517
502
338
320
291
222
323
273
587
395
467
517
447
547
382
379
251
552
332
0
0
0
0
0
0
0
0
0
0
0
0
0
0
0
0
0
0
0
0
0
0
0
0
0
529
341
352
623
523
302
451
517
615
419
349
355
580
504
687
401
584
471
696
369
531
393
467
500
472
482
657
375
343
487
326
536
682
532
571
406
599
600
555
608
0
0
0
0
0
0
0
0
0
0
393
567
481
219
554
450
218
357
313
234
435
366
571
304
517
302
250
506
585
487
560
554
294
200
345
0
0
0
0
0
0
0
0
0
0
0
0
0
0
0
0
0
0
0
0
0
0
0
0
0
429
549
649
434
644
593
440
303
628
390
658
677
461
565
631
314
464
626
450
394
633
316
549
305
340
619
337
338
666
390
466
664
385
669
424
642
308
428
332
317
716
979
571
924
578
988
877
956
752
798
0
0
0
0
0
0
0
0
0
0
0
0
0
0
0
0
0
0
0
0
0
0
0
0
0
540
554
657
511
428
328
435
508
449
570
592
341
584
592
360
461
643
519
617
531
627
446
484
529
429
0
0
0
0
0
0
0
0
0
0
0
0
0
0
0
0
0
0
0
0
0
0
0
0
0
0
0
0
0
0
0
0
0
0
0
0
0
0
0
0
730
568
693
718
709
996
630
964
520
789
0
0
0
0
0
0
0
0
0
0
0
0
0
0
0
0
0
0
0
0
0
0
0
0
0
628
472
518
507
431
411
392
664
686
422
353
356
612
482
352
578
475
450
402
443
487
354
434
341
549
0
0
0
0
0
0
0
0
0
0
0
0
0
0
0
0
0
0
0
0
0
0
0
0
0
0
0
0
0
0
0
0
0
0
0
0
0
0
0
0
791
755
577
997
698
830
807
704
680
985
0
0
0
0
0
0
0
0
0
0
0
0
0
0
0
0
0
0
0
0
0
0
0
0
0
483
508
674
359
414
403
428
302
506
684
429
333
668
528
491
377
638
351
449
536
592
583
654
352
649
0
0
0
0
0
0
0
0
0
0
0
0
0
0
0
0
0
0
0
0
0
0
0
0
0
0
0
0
0
0
0
0
0
0
0
0
0
0
0
0
909
544
928
578
525
761
520
698
846
777
0
0
0
0
0
0
0
0
0
0
0
0
0
0
0
0
0
0
0
0
0
0
0
0
0
616
536
511
574
529
475
348
331
482
663
451
451
381
614
647
667
658
559
372
353
694
319
646
623
434
0
0
0
0
0
0
0
0
0
0
0
0
0
0
0
0
0
0
0
0
0
0
0
0
0
0
0
0
0
0
0
0
0
0
0
0
0
0
0
0
954
531
557
984
830
877
761
658
675
819
0
0
0
0
0
0
0
0
0
0
0
0
0
0
0
0
0
0
0
0
0
0
0
0
0
472
638
489
661
374
541
425
615
326
575
506
417
544
564
634
319
641
410
560
617
550
515
481
523
644
0
0
0
0
0
0
0
0
0
0
0
0
0
0
0
0
0
0
0
0
0
0
0
0
0
0
0
0
0
0
0
0
0
0
0
0
0
0
0
0
657
805
875
533
642
537
763
991
623
549
0
0
0
0
0
0
0
0
0
0
0
0
0
0
0
0
0
0
0
0
0
0
0
0
0
320
699
506
443
594
575
592
527
408
587
390
366
502
639
349
405
519
652
471
658
585
491
472
302
593
0
0
0
0
0
0
0
0
0
0
0
0
0
0
0
0
0
0
0
0
0
0
0
0
0
0
0
0
0
0
0
0
0
0
0
0
0
0
0
0
746
593
708
777
957
831
970
860
814
714
0
0
0
0
0
0
0
0
0
0
0
0
0
0
0
0
0
0
0
0
0
0
0
0
0
677
352
447
486
316
696
366
376
549
378
655
559
677
578
353
364
383
458
376
570
565
368
620
451
440
0
0
0
0
0
0
0
0
0
0
0
0
0
0
0
0
0
0
0
0
0
0
0
0
0
0
0
0
0
0
0
0
0
0
0
0
0
0
0
0
960
971
916
514
997
970
874
882
757
911
0
0
0
0
0
0
0
0
0
0
0
0
0
0
0
0
0
0
0
0
0
0
0
0
0
529
482
409
455
462
376
327
533
521
681
461
416
629
593
640
591
652
310
354
668
413
529
661
517
303
0
0
0
0
0
0
0
0
0
0
0
0
0
0
0
0
0
0
0
0
0
0
0
0
0
0
0
0
0
0
0
0
0
0
0
0
0
0
0
0
908
966
728
993
834
907
574
949
512
560
0
0
0
0
0
0
0
0
0
0
0
0
0
0
0
0
0
0
0
0
0
0
0
0
0
455
428
474
550
503
363
563
499
523
488
301
476
430
375
495
427
543
634
541
375
525
419
640
615
628
0
0
0
0
0
0
0
0
0
0
0
0
0
0
0
0
0
0
0
0
0
0
0
0
0
0
0
0
0
0
0
0
0
0
0
0
0
0
0
0
510
852
713
925
531
804
895
981
973
776
0
0
0
0
0
0
0
0
0
0
0
0
0
0
0
0
0
0
0
0
0
0
0
0
0
564
628
305
620
599
695
551
653
393
634
426
380
591
476
618
554
419
411
383
663
585
592
509
419
390
0
0
0
0
0
0
0
0
0
0
0
0
0
0
0
0
0
0
0
0
0
0
0
0
0
0
0
0
0
0
0
0
0
0
0
0
0
0
0
0
630
525
616
730
541
578
518
775
650
575
0
0
0
0
0
0
0
0
0
0
0
0
0
0
0
0
0
0
0
0
0
0
0
0
0
394
677
657
441
451
357
534
552
439
600
640
323
491
489
356
494
419
526
418
386
377
448
669
349
658
0
0
0
0
0
0
0
0
0
0
0
0
0
0
0
0
0
0
0
0
0
0
0
0
0
0
0
0
0
0
0
0
0
0
0
0
0
0
0
0
874
814
906
769
857
780
650
877
875
764
0
0
0
0
0
0
0
0
0
0
0
0
0
0
0
0
0
0
0
0
0
0
0
0
0
439
664
653
620
326
314
560
303
619
449
513
409
580
477
457
552
511
335
537
355
563
383
324
355
677
0
0
0
0
0
0
0
0
0
0
0
0
0
0
0
0
0
0
0
0
0
0
0
0
0
0
0
0
0
0
0
0
0
0
0
0
0
0
0
0
616
566
694
788
972
670
726
831
608
887
0
0
0
0
0
0
0
0
0
0
0
0
0
0
0
0
0
0
0
0
0
0
0
0
0
490
571
634
537
369
577
526
480
396
594
319
489
456
510
653
322
583
441
404
470
396
531
624
580
461
0
0
0
0
0
0
0
0
0
0
0
0
0
0
0
0
0
0
0
0
0
0
0
0
0
0
0
0
0
0
0
0
0
0
0
0
0
0
0
0
550
787
720
776
582
791
623
677
600
542
0
0
0
0
0
0
0
0
0
0
0
0
0
0
0
0
0
0
0
0
0
0
0
0
0
575
393
615
452
428
574
341
651
643
309
697
349
658
553
538
304
578
544
420
400
441
520
343
504
565
0
0
0
0
0
0
0
0
0
0
0
0
0
0
0
0
0
0
0
0
0
0
0
0
0
0
0
0
0
0
0
0
0
0
0
0
0
0
0
0
622
684
829
616
795
921
560
565
843
753
0
0
0
0
0
0
0
0
0
0
0
0
0
0
0
0
0
0
0
0
0
0
0
0
0
497
466
498
410
369
588
455
307
617
473
692
302
551
547
695
547
595
656
351
679
337
456
665
687
631
0
0
0
0
0
0
0
0
0
0
0
0
0
0
0
0
0
0
0
0
0
0
0
0
0
0
0
0
0
0
0
0
0
0
0
0
0
0
0
0
938
882
975
904
955
675
736
626
659
970
0
0
0
0
0
0
0
0
0
0
0
0
0
0
0
0
0
0
0
0
0
0
0
0
0
651
565
492
486
436
363
605
595
327
420
603
516
359
646
485
594
337
473
642
653
452
323
588
401
314
0
0
0
0
0
0
0
0
0
0
0
0
0
0
0
0
0
0
0
0
0
0
0
0
0
0
0
0
0
0
0
0
0
0
0
0
0
0
0
0
518
828
776
747
884
635
862
998
969
604
0
0
0
0
0
0
0
0
0
0
0
0
0
0
0
0
0
0
0
0
0
0
0
0
0
359
643
599
467
449
658
360
436
495
509
425
552
638
333
364
661
306
381
516
561
323
581
304
584
464
0
0
0
0
0
0
0
0
0
0
0
0
0
0
0
0
0
0
0
0
0
0
0
0
0
0
0
0
0
0
0
0
0
0
0
0
0
0
0
0
512
641
732
961
834
648
986
557
542
815
0
0
0
0
0
0
0
0
0
0
0
0
0
0
0
0
0
0
0
0
0
0
0
0
0
508
327
514
612
370
643
616
603
338
316
505
502
350
691
655
585
472
358
340
380
645
446
312
471
626
0
0
0
0
0
0
0
0
0
0
0
0
0
0
0
0
0
0
0
0
0
0
0
0
0
0
0
0
0
0
0
0
0
0
0
0
0
0
0
0
687
947
958
707
822
937
751
965
782
973
0
0
0
0
0
0
0
0
0
0
0
0
0
0
0
0
0
0
0
0
0
0
0
0
0
614
448
676
451
379
304
518
543
484
536
468
499
501
408
428
636
422
396
304
537
661
354
606
696
450
0
0
0
0
0
0
0
0
0
0
0
0
0
0
0
0
0
0
0
0
0
0
0
0
0
0
0
0
0
0
0
0
0
0
0
0
0
0
0
0
749
765
572
667
980
907
512
830
986
573
0
0
0
0
0
0
0
0
0
0
0
0
0
0
0
0
0
0
0
0
0
0
0
0
0
605
371
556
479
517
429
411
585
305
690
515
379
525
562
560
670
506
518
454
666
601
624
562
369
394
0
0
0
0
0
0
0
0
0
0
0
0
0
0
0
0
0
0
0
0
0
0
0
0
0
0
0
0
0
0
0
0
0
0
0
0
0
0
0
0
757
797
838
811
925
557
727
851
838
717
0
0
0
0
0
0
0
0
0
0
0
0
0
0
0
0
0
0
0
0
0
0
0
0
0
458
350
611
552
491
560
611
649
376
554
458
399
535
468
318
468
692
390
561
692
371
416
589
531
633
0
0
0
0
0
0
0
0
0
0
0
0
0
0
0
0
0
0
0
0
0
0
0
0
0
0
0
0
0
0
0
0
0
0
0
0
0
0
0
0
813
936
547
937
550
560
980
879
808
683
0
0
0
0
0
0
0
0
0
0
0
0
0
0
0
0
0
0
0
0
0
0
0
0
0
439
424
473
667
464
346
313
513
514
346
441
300
319
420
693
648
458
489
629
531
586
479
576
393
316
0
0
0
0
0
0
0
0
0
0
0
0
0
0
0
0
0
0
0
0
0
0
0
0
0
0
0
0
0
0
0
0
0
0
0
0
0
0
0
0
630
592
855
643
853
858
617
671
990
790
0
0
0
0
0
0
0
0
0
0
0
0
0
0
0
0
0
0
0
0
0
0
0
0
0
678
328
525
475
330
593
408
415
330
443
304
391
431
535
543
378
643
587
611
357
472
335
400
467
549
0
0
0
0
0
0
0
0
0
0
0
0
0
0
0
0
0
0
0
0
0
0
0
0
0
0
0
0
0
0
0
0
0
0
0
0
0
0
0
0
686
867
554
564
611
782
649
969
512
993
0
0
0
0
0
0
0
0
0
0
0
0
0
0
0
0
0
0
0
0
0
0
0
0
0
477
589
435
636
493
586
407
499
547
406
665
397
381
597
331
564
640
545
615
694
525
570
384
500
305
0
0
0
0
0
0
0
0
0
0
0
0
0
0
0
0
0
0
0
0
0
0
0
0
0
0
0
0
0
0
0
0
0
0
0
0
0
0
0
0
837
500
579
993
866
889
934
619
507
864
0
0
0
0
0
0
0
0
0
0
0
0
0
0
0
0
0
0
0
0
0
0
0
0
0
333
372
486
318
471
624
392
683
646
471
674
341
695
694
422
529
423
526
402
362
529
315
472
472
340
0
0
0
0
0
0
0
0
0
0
0
0
0
0
0
0
0
0
0
0
0
0
0
0
0
0
0
0
0
0
0
0
0
0
0
0
0
0
0
0
913
727
516
526
624
523
921
905
957
810
0
0
0
0
0
0
0
0
0
0
0
0
0
0
0
0
0
0
0
0
0
0
0
0
0
617
384
610
429
663
475
674
629
500
503
578
657
422
379
437
498
388
420
369
577
313
357
688
482
619
0
0
0
0
0
0
0
0
0
0
0
0
0
0
0
0
0
0
0
0
0
0
0
0
0
0
0
0
0
0
0
0
0
0
0
0
0
0
0
0
807
601
517
511
985
867
869
777
837
970
0
0
0
0
0
0
0
0
0
0
0
0
0
0
0
0
0
0
0
0
0
0
0
0
0
350
656
479
591
335
662
487
474
394
615
398
616
300
442
339
381
522
678
647
623
444
335
462
657
337
0
0
0
0
0
0
0
0
0
0
0
0
0
0
0
0
0
0
0
0
0
0
0
0
0
0
0
0
0
0
0
0
0
0
0
0
0
0
0
0
546
638
989
752
946
576
953
753
610
814
0
0
0
0
0
0
0
0
0
0
0
0
0
0
0
0
0
0
0
0
0
0
0
0
0
591
504
358
482
400
666
539
597
367
629
359
590
517
688
511
627
602
697
406
553
586
374
681
375
338
0
0
0
0
0
0
0
0
0
0
0
0
0
0
0
0
0
0
0
0
0
0
0
0
0
0
0
0
0
0
0
0
0
0
0
0
0
0
0
0
813
735
753
863
758
876
738
770
763
879
0
0
0
0
0
0
0
0
0
0
0
0
0
0
0
0
0
0
0
0
0
0
0
0
0
354
560
485
683
603
396
394
597
622
559
389
682
580
599
363
452
337
476
472
385
564
444
409
343
666
0
0
0
0
0
0
0
0
0
0
0
0
0
0
0
0
0
0
0
0
0
0
0
0
0
0
0
0
0
0
0
0
0
0
0
0
0
0
0
0
892
609
767
904
591
685
527
722
605
803
0
0
0
0
0
0
0
0
0
0
0
0
0
0
0
0
0
0
0
0
0
0
0
0
0
338
583
571
489
427
454
318
515
430
431
326
577
504
468
624
638
613
641
608
627
369
482
342
487
390
0
0
0
0
0
0
0
0
0
0
0
0
0
0
0
0
0
0
0
0
0
0
0
0
0
0
0
0
0
0
0
0
0
0
0
0
0
0
0
0
539
545
982
826
722
519
800
632
727
686
0
0
0
0
0
0
0
0
0
0
0
0
0
0
0
0
0
0
0
0
0
0
0
0
0
511
570
557
626
598
576
506
356
429
344
630
335
411
646
339
427
398
486
453
491
689
418
460
326
466
0
0
0
0
0
0
0
0
0
0
0
0
0
0
0
0
0
0
0
0
0
0
0
0
0
0
0
0
0
0
0
0
0
0
0
0
0
0
0
0
756
862
999
979
600
703
964
930
591
557
0
0
0
0
0
0
0
0
0
0
0
0
0
0
0
0
0
0
0
0
0
0
0
0
0
324
698
578
637
567
491
310
616
563
542
579
314
570
372
314
541
399
337
460
485
694
658
651
536
664
0
0
0
0
0
0
0
0
0
0
0
0
0
0
0
0
0
0
0
0
0
0
0
0
0
0
0
0
0
0
0
0
0
0
0
0
0
0
0
0
891
905
521
884
681
862
774
542
890
649
0
0
0
0
0
0
0
0
0
0
0
0
0
0
0
0
0
0
0
0
0
0
0
0
0
387
470
620
427
381
471
483
515
659
539
398
404
564
684
455
533
334
408
448
311
488
326
529
682
385
0
0
0
0
0
0
0
0
0
0
0
0
0
0
0
0
0
0
0
0
0
0
0
0
0
0
0
0
0
0
0
0
0
0
0
0
0
0
0
0
754
657
673
766
698
849
705
990
872
883
0
0
0
0
0
0
0
0
0
0
0
0
0
0
0
0
0
0
0
0
0
0
0
0
0
512
365
453
538
576
377
320
402
407
475
466
589
572
305
401
513
672
318
402
533
668
542
550
532
669
0
0
0
0
0
0
0
0
0
0
0
0
0
0
0
0
0
0
0
0
0
0
0
0
0
0
0
0
0
0
0
0
0
0
0
0
0
0
0
0
802
942
609
929
698
868
573
705
984
635
0
0
0
0
0
0
0
0
0
0
0
0
0
0
0
0
0
0
0
0
0
0
0
0
0
494
479
459
466
393
406
362
535
611
416
602
374
647
568
692
329
483
623
611
463
557
363
357
571
424
0
0
0
0
0
0
0
0
0
0
0
0
0
0
0
0
0
0
0
0
0
0
0
0
0
0
0
0
0
0
0
0
0
0
0
0
0
0
0
0
994
909
923
774
508
602
972
635
594
970
0
0
0
0
0
0
0
0
0
0
0
0
0
0
0
0
0
0
0
0
0
0
0
0
0
330
337
540
465
507
614
506
555
545
330
658
646
648
315
513
348
633
658
675
660
373
527
629
406
642
0
0
0
0
0
0
0
0
0
0
0
0
0
0
0
0
0
0
0
0
0
0
0
0
0
0
0
0
0
0
0
0
0
0
0
0
0
0
0
0
896
501
874
632
697
805
726
980
781
549
0
0
0
0
0
0
0
0
0
0
0
0
0
0
0
0
0
0
0
0
0
0
0
0
0
628
428
467
541
584
573
544
543
307
550
668
389
516
386
587
644
350
558
500
686
509
686
607
599
308
0
0
0
0
0
0
0
0
0
0
0
0
0
0
0
0
0
0
0
0
0
0
0
0
0
0
0
0
0
0
0
0
0
0
0
0
0
0
0
0
977
543
874
934
771
870
801
985
818
884
0
0
0
0
0
0
0
0
0
0
0
0
0
0
0
0
0
0
0
0
0
0
0
0
0
446
318
487
419
318
500
409
651
634
632
659
659
613
565
390
566
520
668
501
495
699
648
582
600
428
0
0
0
0
0
0
0
0
0
0
0
0
0
0
0
0
0
0
0
0
0
0
0
0
0
0
0
0
0
0
0
0
0
0
0
0
0
0
0
0
948
525
986
884
887
891
895
642
525
654
0
0
0
0
0
0
0
0
0
0
0
0
0
0
0
0
0
0
0
0
0
0
0
0
0
536
490
617
329
500
352
483
330
350
447
608
419
557
650
590
615
692
478
689
500
681
676
671
555
332
0
0
0
0
0
0
0
0
0
0
0
0
0
0
0
0
0
0
0
0
0
0
0
0
0
0
0
0
0
0
0
0
0
0
0
0
0
0
0
0
657
698
907
654
504
998
741
920
703
678
0
0
0
0
0
0
0
0
0
0
0
0
0
0
0
0
0
0
0
0
0
0
0
0
0
473
491
428
343
405
436
315
684
467
557
346
639
332
316
489
497
627
396
538
381
504
435
413
608
317
0
0
0
0
0
0
0
0
0
0
0
0
0
0
0
0
0
0
0
0
0
0
0
0
0
0
0
0
0
0
0
0
0
0
0
0
0
0
0
0
