0
146
657
845
468
116
176
933
364
0
936
0
510
819
606
0
863
949
611
296
672
394
0
0
544
909
319
136
218
626
333
0
225
485
576
544
587
204
832
734
0
666
249
281
845
0
307
237
886
117
296
669
115
991
0
744
0
890
773
237
0
931
0
657
656
0
775
899
396
922
567
0
426
880
927
496
304
256
320
292
120
604
537
390
0
923
510
271
0
450
332
0
0
252
915
348
400
865
0
115
146
0
413
685
0
482
946
776
587
971
313
390
524
457
822
147
353
221
483
614
0
485
570
599
0
993
675
266
339
0
552
543
906
480
866
994
0
758
697
0
450
695
191
496
620
924
0
0
905
0
603
330
0
464
0
742
463
336
816
264
593
0
114
490
280
307
445
648
338
663
319
0
210
978
253
0
605
0
402
376
0
259
546
538
391
345
761
457
805
0
950
389
982
0
0
405
900
344
579
605
657
413
0
131
0
810
458
217
958
714
990
169
273
529
415
0
947
0
389
891
599
0
326
791
800
282
313
361
415
187
614
240
981
501
758
227
671
190
900
967
0
840
713
284
796
0
541
0
928
342
0
904
159
238
319
850
235
654
365
0
574
513
513
134
409
760
535
231
506
0
812
108
698
648
0
551
403
728
828
485
276
0
838
723
256
431
160
212
368
0
113
570
966
104
353
476
132
602
283
343
845
685
131
0
0
644
490
681
327
0
774
0
258
556
451
197
405
101
424
0
612
107
122
0
738
0
0
667
816
867
912
434
805
107
333
545
969
0
219
834
239
614
795
213
760
540
786
990
0
654
441
0
105
781
329
0
0
0
962
751
334
484
0
986
566
414
839
214
700
122
688
151
540
0
852
509
972
0
686
487
510
536
350
802
374
0
978
0
557
625
752
210
746
0
0
365
779
905
494
0
468
0
0
0
0
0
909
963
0
0
813
498
386
702
145
272
802
382
0
664
0
293
795
159
799
425
556
0
883
564
208
939
306
578
0
410
591
897
309
378
160
310
683
269
987
509
381
810
660
971
391
205
0
220
0
527
0
616
351
463
614
0
0
0
295
761
282
575
0
472
0
504
586
892
0
0
0
464
0
891
505
264
472
537
362
573
0
276
0
709
911
244
244
667
0
199
0
674
140
282
116
482
810
644
0
0
265
410
569
496
595
465
383
754
605
636
553
192
946
543
945
0
447
748
951
721
656
775
0
0
163
581
729
488
0
855
503
201
0
485
154
674
937
195
891
936
711
529
509
0
617
0
0
0
373
625
989
0
0
822
404
324
0
767
466
0
320
519
359
717
899
443
656
476
244
0
0
362
912
658
642
861
320
786
993
593
463
715
429
447
346
105
866
653
986
649
0
0
0
377
176
946
458
490
909
265
0
276
0
882
505
0
522
755
147
538
232
591
0
802
745
578
589
992
251
129
989
754
649
924
281
261
555
131
350
0
800
731
113
493
0
840
549
971
858
0
527
708
749
987
769
764
0
355
310
162
643
262
0
0
469
409
168
654
728
846
712
223
717
567
190
651
224
0
782
747
548
0
786
624
727
487
217
233
205
0
937
0
989
0
858
708
626
637
0
335
0
0
593
990
933
776
217
681
963
410
276
0
636
744
540
907
414
895
491
283
249
516
170
478
305
441
462
849
701
207
954
118
520
0
862
0
700
220
374
903
754
770
671
147
389
348
680
444
442
450
964
0
0
890
205
857
716
150
0
974
0
916
537
543
552
1000
596
0
889
0
0
962
128
253
811
351
609
382
356
0
450
0
0
548
328
982
153
0
222
131
598
388
154
925
164
111
348
0
813
859
946
0
917
496
364
587
958
327
0
569
0
636
0
720
777
997
327
0
934
274
150
936
0
748
287
859
928
607
437
436
938
548
217
935
0
124
839
884
241
933
729
914
373
0
0
973
504
281
406
477
915
0
697
0
823
270
100
250
0
243
827
0
906
0
338
554
0
172
0
942
964
423
197
227
447
340
730
352
0
766
276
142
900
999
0
0
126
625
844
276
436
333
980
131
377
958
182
439
174
620
942
483
763
948
0
971
714
0
0
496
882
744
720
0
540
799
527
0
134
731
604
0
686
821
332
0
699
139
484
473
0
0
714
180
144
853
749
544
342
0
797
538
0
0
234
173
255
532
964
0
0
864
387
0
171
621
304
0
686
0
384
537
156
906
363
0
524
106
450
0
310
545
998
140
563
765
376
273
439
443
142
465
923
460
490
872
0
353
598
264
614
246
0
0
862
0
402
290
285
176
844
754
112
663
936
313
990
774
813
595
505
540
777
540
0
482
515
135
692
319
301
753
159
891
668
0
393
724
590
371
376
414
260
644
683
442
164
936
307
503
112
0
549
0
639
792
530
0
0
718
450
816
328
255
567
936
173
229
199
694
222
210
0
534
0
279
161
105
0
0
690
368
346
994
765
802
941
677
571
615
807
0
999
818
899
522
775
734
468
0
418
994
0
177
503
408
0
586
175
451
163
735
720
0
0
390
169
0
498
465
0
907
997
799
482
0
632
899
450
651
890
0
0
0
781
708
527
293
104
0
755
690
0
785
0
397
727
0
728
931
749
642
0
0
307
665
693
435
593
575
126
591
0
849
310
495
717
764
277
944
241
351
872
961
896
385
709
0
340
784
339
120
998
232
345
0
501
442
266
468
516
531
741
688
259
880
898
161
988
298
430
828
549
274
387
578
447
0
497
134
276
216
0
694
510
524
273
258
386
383
522
414
327
527
515
632
0
889
865
945
287
702
147
605
928
441
375
744
872
111
504
290
0
0
162
566
904
180
508
397
769
0
966
490
0
392
509
0
543
323
944
0
881
429
850
946
133
910
526
437
0
974
879
0
111
668
386
422
669
274
190
242
835
298
0
611
828
160
276
305
0
394
567
161
682
337
914
547
566
321
293
433
624
0
319
181
595
0
598
177
461
826
121
966
819
457
529
556
702
754
755
895
0
0
135
899
889
0
158
182
996
972
0
279
472
670
241
167
132
690
0
267
449
594
760
151
0
580
870
857
453
742
250
0
925
240
630
694
700
715
0
702
357
506
578
204
0
615
0
818
634
480
515
724
0
0
695
818
819
678
891
341
906
641
281
0
0
771
420
167
201
0
725
386
560
0
0
702
171
903
276
920
858
671
816
160
827
0
143
0
831
988
331
994
606
822
415
451
145
605
147
491
934
134
692
450
865
158
0
763
308
582
737
586
0
711
105
479
0
729
344
347
503
725
980
730
811
404
782
0
150
373
460
949
879
952
285
508
0
548
720
279
605
0
774
0
378
808
275
177
0
771
556
609
235
719
0
439
0
905
809
804
473
786
522
789
844
575
0
940
0
0
0
482
0
0
170
0
711
855
0
596
291
0
423
940
739
873
423
169
656
625
403
264
0
147
0
197
272
636
538
283
274
731
319
651
945
182
763
0
578
716
0
333
391
460
577
880
806
169
0
691
690
789
0
331
865
238
394
0
426
179
187
768
525
0
284
669
855
0
429
0
0
469
662
0
412
813
468
893
460
0
380
0
825
0
0
863
121
462
585
0
170
412
623
0
229
778
0
150
0
981
0
584
758
0
502
335
599
0
970
530
654
404
968
595
641
845
513
110
927
962
390
0
863
353
947
405
802
553
232
249
150
604
301
890
287
996
308
578
0
448
153
290
863
316
0
760
406
0
0
139
0
295
283
275
132
494
164
885
0
746
0
842
326
0
199
552
520
586
0
401
198
0
977
930
821
950
124
302
512
0
768
635
439
0
174
115
815
914
383
500
677
674
169
714
932
894
0
409
651
586
831
0
614
880
147
580
791
732
0
0
856
0
0
0
0
0
0
798
0
116
783
832
949
221
0
101
382
192
591
516
936
0
753
0
702
972
582
716
448
0
621
0
223
660
191
0
0
0
476
0
181
162
0
0
865
601
0
910
0
865
207
579
751
736
955
0
0
250
678
364
683
798
365
531
743
872
254
346
189
559
120
707
728
170
734
366
236
811
400
730
0
922
877
442
436
843
523
0
337
846
848
661
402
0
154
420
0
233
900
404
329
683
619
249
430
373
367
641
0
281
0
783
611
483
389
424
0
946
0
170
0
686
159
0
147
0
737
0
153
621
0
945
559
741
0
0
0
393
812
455
881
550
385
0
311
406
610
630
331
0
0
528
362
775
771
157
414
897
102
0
323
950
251
516
652
0
401
940
491
136
467
0
0
0
426
902
435
591
356
493
0
486
350
0
914
0
391
752
0
508
404
538
896
526
404
958
666
477
0
244
549
428
0
966
854
369
732
531
0
638
781
0
296
614
891
0
664
543
802
478
748
821
891
0
605
279
586
333
290
0
945
0
782
303
217
416
0
868
0
0
153
493
209
613
785
564
462
686
906
369
259
307
717
693
580
0
909
341
597
952
0
401
675
0
303
683
769
485
101
861
596
954
624
832
357
844
669
805
459
0
415
362
892
338
840
983
129
545
374
0
622
111
0
770
761
254
113
608
908
706
365
0
515
890
0
142
299
0
682
556
795
918
672
0
599
612
0
945
745
305
287
332
668
781
928
472
0
391
863
223
559
782
0
547
0
492
886
762
672
248
572
774
464
718
0
480
945
106
940
164
217
676
824
536
459
184
0
196
140
680
319
0
573
881
739
145
461
329
147
286
728
990
715
361
749
640
0
0
585
304
621
670
834
564
448
0
298
498
497
533
231
0
176
884
645
399
693
789
0
646
507
0
911
514
786
527
114
192
896
221
0
793
394
485
0
107
293
0
578
441
859
0
0
708
441
670
711
460
316
660
741
303
547
0
655
0
236
430
369
329
448
773
0
258
327
327
831
801
883
506
403
885
428
113
687
0
0
962
732
245
0
862
0
0
0
0
0
407
697
812
568
173
124
491
688
437
312
653
185
113
343
829
657
110
316
513
804
0
954
0
409
0
0
955
221
963
594
111
794
395
0
549
877
0
410
0
120
305
899
111
207
510
0
570
326
122
795
447
589
462
928
699
393
527
375
241
105
577
0
191
0
217
0
655
0
214
188
677
390
728
919
279
0
820
0
590
0
0
205
761
648
0
552
524
194
0
0
853
707
0
775
384
434
599
0
876
239
0
0
869
707
472
933
902
847
975
394
0
528
278
0
777
633
0
779
0
0
321
565
427
150
633
669
0
203
381
0
130
0
700
851
0
633
140
480
0
474
507
0
567
553
379
0
599
791
0
159
748
992
849
607
139
724
293
744
167
479
880
760
0
0
416
492
0
214
0
726
0
775
241
707
638
0
845
0
533
630
690
200
357
0
249
913
665
755
302
960
0
775
823
383
576
980
903
0
641
0
636
625
143
862
103
0
0
0
0
142
586
0
428
967
314
869
776
677
407
472
990
0
964
273
0
0
727
824
131
470
0
301
555
537
108
672
305
0
393
978
924
502
0
625
0
544
0
800
738
799
951
251
701
437
484
590
104
872
132
0
806
406
0
0
0
886
236
188
726
0
0
192
255
564
159
767
305
836
267
0
126
232
186
0
456
158
717
0
680
0
0
282
791
740
653
964
853
0
0
169
0
602
288
434
484
0
411
321
667
0
674
396
0
508
667
298
231
0
0
530
720
884
348
454
959
541
428
780
457
0
578
0
295
190
0
0
729
0
323
0
0
974
668
0
0
909
993
282
0
425
721
129
207
436
473
371
0
111
690
729
169
0
0
393
868
762
430
677
0
0
0
547
0
428
813
549
485
0
396
0
254
469
0
619
111
447
528
208
706
923
407
916
193
336
851
765
503
0
518
486
0
596
134
537
692
877
202
433
882
797
0
712
980
544
180
111
0
706
588
141
249
185
102
860
628
226
102
882
640
564
978
0
339
580
422
0
522
806
745
915
0
539
324
0
147
319
675
313
0
556
656
989
954
938
0
376
755
504
0
344
0
0
476
812
0
672
369
390
775
192
547
0
137
193
0
0
0
817
157
0
0
0
727
805
392
773
327
360
146
765
176
725
987
0
464
513
815
734
318
0
920
973
999
0
735
0
621
585
0
984
146
0
411
440
0
0
498
798
867
128
0
451
642
155
0
156
422
0
227
537
130
274
177
144
627
869
938
998
861
701
954
547
691
0
118
136
266
361
667
0
775
754
118
548
0
414
690
290
267
347
691
139
0
455
0
248
329
728
241
255
0
137
0
376
260
594
743
0
451
982
276
0
0
362
890
679
818
161
785
350
857
296
657
833
0
556
0
868
696
979
780
438
270
0
899
749
0
932
987
515
637
415
141
355
649
798
363
0
772
335
858
610
0
174
0
0
469
925
624
689
0
818
663
633
251
699
368
0
408
129
0
149
665
321
767
218
339
415
816
883
0
649
520
217
714
260
0
0
449
503
690
0
181
881
153
572
448
919
707
564
428
193
376
0
0
248
832
165
588
343
0
950
832
318
623
396
0
0
308
902
0
809
615
818
977
849
987
673
0
218
0
285
351
277
0
273
278
934
865
858
0
0
500
122
0
340
848
633
680
0
0
989
858
728
567
479
0
0
352
928
732
998
0
0
480
409
653
918
0
795
934
0
0
955
534
626
0
187
867
564
0
924
0
935
180
644
785
0
594
725
789
295
162
550
493
774
773
279
638
159
813
0
260
0
0
962
792
0
862
210
840
0
390
385
0
0
945
611
487
0
372
193
0
582
192
716
118
0
352
938
652
702
638
263
0
105
878
355
365
242
112
0
637
171
557
749
103
0
966
480
196
644
911
192
579
940
982
160
219
615
990
880
751
0
0
0
0
0
770
844
0
795
169
587
141
333
552
614
912
208
163
281
862
0
144
683
0
162
760
980
0
283
0
385
209
464
0
0
0
767
549
0
594
248
962
0
526
886
786
677
149
110
203
0
416
0
321
397
0
182
719
126
822
224
312
606
487
327
950
0
0
919
0
0
412
420
937
692
722
951
691
763
117
102
206
924
905
163
868
377
306
254
476
211
551
0
733
293
444
192
352
537
682
428
336
168
222
933
0
830
726
730
0
653
560
0
543
240
434
939
581
261
0
124
853
442
397
566
151
730
331
275
0
0
613
718
258
820
845
305
485
0
743
832
792
526
0
604
626
675
0
791
490
611
0
466
793
401
345
245
0
128
562
657
443
172
884
213
520
514
0
0
766
654
885
546
633
875
962
553
961
0
377
850
380
643
832
172
231
651
0
0
528
0
481
441
263
690
545
757
213
371
371
0
0
922
0
503
439
149
0
520
0
827
0
225
906
981
805
306
729
555
700
839
749
164
727
904
0
811
865
132
865
311
785
0
327
0
0
836
0
817
0
165
0
886
604
0
886
0
549
217
704
0
859
564
860
882
0
919
439
743
135
635
762
0
0
100
136
463
546
0
369
0
104
0
0
773
237
863
129
0
0
243
454
930
621
437
930
507
569
785
0
0
980
272
182
669
600
960
165
495
448
298
726
984
0
752
476
732
192
814
582
489
894
485
480
501
107
578
488
131
220
884
544
936
0
180
580
404
238
494
601
406
564
480
327
590
533
267
396
157
451
588
862
786
626
886
0
0
632
0
752
652
134
0
368
483
823
460
832
621
322
491
789
0
302
0
675
396
504
236
372
0
0
998
836
0
344
0
550
455
285
669
334
174
243
0
559
0
755
625
491
962
157
427
889
975
711
445
373
0
441
484
0
0
128
680
369
0
380
363
100
530
365
576
866
758
333
0
0
350
374
241
342
307
728
508
870
782
394
164
0
610
462
945
831
0
630
0
0
0
982
343
210
677
675
0
0
0
752
675
0
0
0
0
683
0
519
442
0
0
603
669
226
223
454
354
337
458
0
908
993
0
984
762
0
423
836
226
402
0
190
158
717
0
567
0
329
170
253
436
0
0
178
0
990
923
366
715
214
352
0
0
788
279
120
0
820
994
227
877
579
0
896
544
994
227
545
410
855
0
903
933
0
503
931
397
857
0
0
885
910
630
686
106
801
0
690
126
254
0
276
0
840
149
0
549
632
752
0
156
0
762
0
0
315
0
311
496
556
0
482
0
331
256
0
539
542
0
424
919
613
0
961
707
0
590
867
989
482
439
441
179
757
648
578
773
256
0
285
920
706
332
140
658
723
0
782
0
361
151
676
134
618
205
549
637
632
419
560
0
959
679
972
587
0
671
969
591
503
800
754
729
797
112
749
769
453
150
426
0
0
331
906
940
883
205
200
232
469
0
0
950
0
110
791
217
0
675
156
0
669
0
0
134
333
460
889
0
0
776
176
0
619
0
117
658
120
401
138
321
897
505
734
0
455
414
173
391
0
995
0
120
296
121
762
953
0
143
621
0
963
880
513
829
797
687
435
532
1000
907
927
904
260
0
0
787
192
0
0
536
858
179
0
204
758
190
0
897
201
731
770
914
538
0
642
0
742
373
179
746
865
0
369
164
506
761
357
186
0
727
0
832
390
203
490
704
752
0
0
669
0
0
565
650
0
146
925
406
0
0
495
637
960
200
319
428
0
236
698
596
0
638
0
343
712
147
223
474
0
746
0
708
504
882
604
620
0
624
705
846
154
327
718
946
941
0
649
954
818
0
229
641
991
379
0
150
863
579
314
305
950
275
821
832
697
900
219
309
0
113
671
373
0
549
0
966
250
460
187
0
207
0
259
217
403
648
0
0
619
805
362
318
385
0
611
0
652
0
762
0
0
0
0
0
522
887
686
710
745
910
550
255
419
642
911
898
287
675
0
833
855
598
933
0
177
102
586
0
0
598
203
530
0
418
795
0
728
799
194
0
0
0
677
509
483
769
961
0
0
723
0
0
243
439
266
977
0
517
0
979
0
592
462
734
0
967
834
378
485
493
147
0
0
0
0
490
0
949
768
842
579
528
307
676
885
0
249
456
111
392
890
623
0
416
0
859
134
0
0
0
565
0
0
575
190
569
763
453
750
338
880
999
0
0
135
666
624
676
0
575
429
250
317
798
461
753
306
818
967
974
140
951
383
742
633
851
382
402
534
0
787
602
781
0
258
149
612
792
692
396
766
895
0
145
405
597
418
423
254
570
282
995
756
0
450
0
239
160
154
0
389
0
234
639
307
0
925
879
525
326
751
362
717
824
428
552
913
158
447
773
679
396
0
0
466
564
0
0
0
134
650
0
575
0
509
613
620
0
518
935
986
749
169
412
0
622
0
141
283
959
660
0
0
141
386
844
271
639
855
496
0
116
834
221
874
577
595
0
675
0
774
486
646
0
456
0
516
169
103
224
580
286
855
525
100
428
153
933
642
887
159
412
827
666
695
840
614
310
674
840
348
973
173
792
665
392
240
952
0
0
736
775
693
536
113
524
665
717
528
327
818
0
945
321
793
860
368
683
315
333
0
522
190
509
0
862
0
695
957
871
897
0
120
0
475
724
934
519
678
861
164
774
666
452
0
140
178
0
0
251
614
0
807
323
694
0
105
0
373
239
0
596
375
413
902
947
171
355
327
936
168
380
797
0
684
0
653
856
830
495
958
243
303
249
191
713
795
683
937
549
680
504
255
530
693
509
630
285
284
199
955
771
580
459
687
194
755
0
208
360
161
0
611
397
401
882
483
0
0
460
146
887
569
613
862
0
634
151
0
363
914
0
0
0
178
468
647
0
741
486
648
925
945
531
994
0
393
0
366
693
748
523
239
585
288
311
789
106
168
426
262
237
926
0
321
270
344
252
751
826
0
306
0
227
165
958
441
0
0
852
438
531
931
281
496
284
213
269
195
971
444
281
532
0
435
0
694
508
669
552
0
157
0
184
0
0
302
680
706
146
785
308
487
0
345
0
823
519
311
889
925
686
763
620
0
634
0
553
533
989
0
700
996
160
0
412
0
779
958
681
451
488
191
668
952
165
0
941
402
528
154
965
725
0
0
541
0
270
217
184
734
568
0
556
884
0
380
0
146
500
349
882
902
982
218
712
556
242
749
895
832
878
380
845
620
796
760
987
891
858
442
406
964
0
593
543
700
0
855
520
0
414
909
0
0
0
960
0
923
765
350
902
0
182
245
919
460
442
496
0
406
710
453
0
695
151
553
0
204
232
123
302
0
371
540
602
0
475
675
0
666
685
456
285
0
893
529
321
562
926
421
412
266
1000
624
0
538
368
363
601
245
688
903
993
881
0
0
0
0
256
146
966
453
0
129
138
486
167
274
539
231
0
385
0
924
0
540
509
936
0
450
477
0
718
575
323
715
548
0
586
250
897
341
196
962
853
0
0
407
176
857
0
372
719
0
439
832
0
556
0
0
745
750
518
957
0
533
204
0
0
0
0
854
160
933
296
398
697
449
476
169
0
815
408
784
934
288
0
556
245
840
634
576
437
614
941
0
0
880
801
490
624
242
0
999
892
0
439
0
715
0
0
945
711
495
0
0
401
0
475
858
827
848
307
0
541
786
381
711
527
964
915
0
450
126
944
0
720
429
0
678
102
597
140
732
707
775
282
916
725
296
809
193
126
128
743
621
0
0
776
0
910
338
935
871
363
989
232
0
0
0
891
330
719
341
0
244
576
313
893
191
272
248
925
691
191
937
232
751
510
533
536
0
588
696
637
754
985
456
170
478
822
265
333
846
380
388
891
793
601
818
504
604
289
101
351
447
0
310
585
0
325
164
237
0
0
990
810
529
708
0
0
864
816
591
0
702
279
0
401
364
0
952
680
245
0
823
791
193
987
657
615
0
822
562
135
322
603
482
176
495
550
880
986
897
914
0
123
0
0
0
1000
941
898
0
312
0
878
809
447
0
266
186
291
238
748
880
685
0
853
239
340
0
0
653
243
744
809
333
0
954
355
197
735
751
442
0
188
796
535
0
0
184
399
202
711
503
137
748
903
547
914
784
886
905
928
0
660
509
749
0
697
387
328
0
881
357
605
0
198
683
323
0
319
0
775
383
740
336
0
833
818
582
224
657
635
491
669
0
0
637
255
999
749
0
0
700
302
0
891
1000
0
0
0
990
623
351
0
180
143
582
0
907
0
798
948
691
0
297
0
565
365
0
228
909
380
918
0
0
479
925
853
0
739
915
262
679
978
700
831
109
741
565
463
271
398
731
860
182
353
520
298
623
117
0
342
654
971
0
987
890
0
0
255
849
429
506
0
469
0
798
950
401
0
862
384
576
653
851
464
0
977
192
312
443
762
789
226
331
619
960
419
0
169
120
0
996
0
854
330
941
0
0
279
824
116
404
926
0
587
0
0
630
172
252
921
0
617
380
117
763
324
333
683
344
311
840
606
531
313
268
273
0
0
326
718
902
0
406
846
719
830
589
811
0
0
404
442
857
308
296
0
759
296
603
0
441
391
617
769
205
823
171
567
310
850
578
774
662
977
365
251
675
573
0
434
980
964
765
513
556
849
716
606
172
0
0
223
256
0
200
642
0
412
0
0
160
371
160
719
898
0
279
0
935
0
108
0
782
832
595
127
360
137
0
814
137
0
269
137
0
714
173
559
0
546
323
998
679
505
255
0
557
0
964
583
641
0
992
380
676
883
0
157
129
0
969
670
0
412
717
0
0
669
330
904
0
205
0
764
857
270
621
936
495
946
204
0
0
930
531
516
0
881
0
599
903
853
503
815
0
987
118
487
884
0
302
454
0
117
319
911
135
0
475
178
0
540
933
341
0
990
824
935
0
668
526
811
394
0
494
0
889
0
825
279
0
167
359
904
430
335
494
371
886
407
437
303
515
0
311
406
0
628
790
633
548
977
544
669
392
403
707
826
376
384
100
190
403
572
685
336
628
115
0
159
105
0
0
0
716
100
304
173
717
133
0
378
412
821
743
652
303
739
0
0
0
0
0
734
868
673
0
327
213
100
0
354
539
658
428
898
666
622
724
468
412
602
296
0
312
623
116
0
668
0
660
0
781
960
355
211
747
847
333
0
436
879
677
764
592
793
0
830
0
143
0
247
660
389
0
0
157
636
177
999
0
721
920
528
0
0
0
546
420
103
243
939
329
594
235
266
632
991
464
238
781
220
0
355
150
250
0
229
764
910
615
808
813
950
872
0
683
145
0
876
641
0
518
318
696
0
352
950
520
136
675
337
542
120
0
287
624
0
934
647
0
0
398
244
0
351
404
108
526
660
0
230
860
741
0
0
197
576
360
909
497
546
453
563
731
953
974
547
551
501
342
448
647
295
771
899
796
0
985
490
640
830
763
0
120
202
281
887
900
738
503
0
529
786
0
833
0
0
0
319
329
0
373
310
0
0
686
199
277
526
0
275
468
124
254
401
769
461
0
239
0
169
486
0
979
218
938
0
514
463
396
458
0
401
236
675
676
141
519
0
779
475
697
576
878
0
926
0
811
0
230
0
211
0
298
0
639
824
807
378
124
0
236
139
0
609
0
0
344
0
989
226
0
347
0
362
299
118
0
201
440
0
391
0
667
0
407
566
0
777
0
689
495
767
468
658
957
744
742
850
0
527
625
162
974
243
0
694
944
437
818
177
893
302
346
940
485
329
407
0
636
0
0
920
780
0
652
0
0
546
504
0
424
138
698
0
0
283
678
741
958
675
449
313
809
180
0
782
394
781
860
211
0
472
972
294
0
340
654
536
233
907
146
266
471
763
182
219
0
0
156
914
782
913
485
0
623
926
409
525
808
664
361
0
964
531
761
310
299
966
119
447
464
952
163
118
0
0
463
235
0
0
989
643
0
827
384
222
241
0
634
0
460
512
189
491
101
147
697
0
625
602
596
973
438
285
702
919
0
0
236
908
919
321
596
833
575
959
861
486
681
0
476
893
447
143
587
832
0
960
741
0
472
0
341
868
724
330
888
965
908
398
951
0
236
319
179
797
646
988
781
445
554
444
656
759
187
601
0
739
812
988
0
558
363
1000
310
579
275
469
362
648
541
158
408
152
178
890
336
654
0
616
0
262
916
0
537
210
351
974
480
771
0
0
559
136
861
286
812
869
143
288
134
999
270
351
638
0
766
369
372
993
613
897
0
855
429
660
164
648
451
666
169
191
0
582
0
595
494
355
0
298
972
341
0
694
769
429
137
296
499
355
866
922
646
178
236
830
851
0
333
955
883
0
869
402
802
305
288
781
968
683
775
398
0
296
498
265
492
582
306
0
304
719
685
489
816
773
816
365
962
351
0
0
537
906
156
0
872
879
515
556
380
768
120
467
596
728
568
707
862
434
537
0
0
277
263
0
654
0
0
0
0
505
638
598
250
0
774
925
488
685
0
272
266
0
0
127
0
211
0
0
294
868
694
0
781
508
191
808
414
598
852
0
494
853
859
329
0
144
735
0
671
0
136
835
113
148
514
429
0
943
482
123
219
252
528
716
694
650
766
858
0
381
426
0
381
237
264
0
751
463
822
0
543
0
906
534
961
0
724
609
0
635
707
0
954
990
173
472
103
484
692
735
899
0
0
412
885
104
0
984
961
734
0
933
317
0
666
945
191
456
815
248
186
907
630
360
889
747
197
639
0
724
769
781
0
0
834
0
0
595
381
837
355
526
695
114
376
356
258
0
654
420
0
901
0
530
647
0
453
0
534
179
815
430
564
853
293
0
921
650
239
746
286
653
925
0
593
574
334
614
404
469
552
338
363
0
896
111
0
235
825
439
728
0
624
715
124
933
0
0
877
0
749
273
105
420
546
0
998
762
707
0
343
0
798
141
452
531
668
285
408
925
291
0
172
137
0
847
576
824
340
330
429
508
0
0
318
247
356
0
178
705
466
720
869
184
997
935
733
238
0
847
0
436
412
253
0
560
0
383
252
599
205
506
846
0
265
993
219
489
482
252
410
385
335
931
0
513
484
0
324
409
1000
554
0
279
385
668
0
719
0
0
170
0
832
361
491
902
0
411
202
621
0
278
878
937
633
0
836
0
0
455
712
177
461
386
0
994
952
0
784
691
238
798
252
0
825
333
360
807
654
888
137
191
834
318
0
790
537
664
123
824
530
286
554
0
0
119
174
564
261
0
713
227
0
0
688
759
150
850
971
415
0
223
410
350
546
369
116
854
366
414
734
905
718
0
114
513
0
0
0
168
596
0
524
161
709
386
695
0
0
174
734
426
357
749
688
847
0
321
433
585
932
934
355
692
875
773
0
423
590
414
147
102
753
844
140
0
165
893
934
191
748
948
921
814
279
0
909
378
536
965
296
808
0
247
790
0
548
879
314
432
617
0
622
684
387
455
552
394
0
0
0
349
127
507
256
314
688
0
0
0
0
191
0
269
346
591
665
0
874
261
651
0
713
657
490
134
986
0
767
654
0
172
106
105
0
422
818
439
863
115
366
902
844
640
437
975
0
667
882
0
987
865
365
722
962
237
344
836
867
173
223
586
306
271
178
393
0
529
288
937
880
691
0
137
0
436
497
124
233
908
499
414
0
356
537
548
0
804
611
0
106
124
0
0
208
783
214
194
693
206
0
946
859
461
792
496
926
367
417
771
0
175
301
0
219
406
669
813
188
306
261
123
603
656
280
409
566
295
466
728
889
0
450
0
340
669
819
0
121
815
236
435
669
0
312
394
142
0
797
984
515
858
242
951
553
863
0
226
989
391
474
0
818
639
0
0
941
321
0
232
685
0
617
0
167
879
546
0
907
398
355
598
595
0
664
879
804
0
196
387
659
941
0
999
538
556
840
134
888
0
594
838
0
267
726
206
237
459
670
112
0
120
291
0
601
159
0
0
243
831
352
736
126
0
307
760
414
761
0
846
0
942
0
0
784
274
678
905
462
914
811
591
805
0
653
0
586
674
0
146
637
0
112
691
961
129
550
402
482
0
0
0
967
855
0
366
402
562
556
751
0
297
380
269
359
677
453
236
146
951
866
852
381
178
123
314
611
196
0
0
923
0
0
0
937
719
0
568
269
0
325
459
951
623
828
121
0
610
0
377
276
447
422
0
557
307
811
420
868
578
0
0
595
775
445
535
839
282
320
712
0
964
310
690
339
190
891
809
585
383
400
356
459
585
185
528
0
396
712
0
415
0
0
763
0
0
455
0
439
995
746
598
974
496
251
693
528
926
245
510
853
0
117
137
904
764
563
139
266
0
922
0
837
705
824
432
0
387
0
0
239
596
975
775
283
0
448
718
514
686
0
404
0
569
892
468
530
859
165
174
271
0
0
112
642
823
230
192
299
797
212
491
759
899
648
231
214
575
519
223
962
423
545
368
120
242
341
804
0
500
730
493
0
304
113
278
428
0
980
411
141
500
637
117
377
0
285
190
441
0
0
203
140
0
614
748
154
421
840
533
239
565
763
0
430
592
731
0
471
236
646
494
355
466
530
617
106
659
923
239
0
265
350
0
902
131
160
0
612
313
998
0
810
536
469
0
0
385
765
607
479
642
383
969
207
361
858
430
207
979
866
0
299
396
338
506
700
0
359
717
128
197
998
346
998
835
906
473
170
677
0
0
415
621
343
0
967
508
544
440
355
122
171
102
850
243
669
158
179
120
708
530
951
116
0
523
965
412
634
536
340
365
324
714
335
793
953
609
763
319
178
853
526
720
286
0
124
941
0
596
265
0
403
897
0
279
452
639
0
648
0
877
582
183
165
0
971
0
118
0
620
931
434
637
0
0
820
981
705
309
935
798
891
922
663
0
122
472
717
567
253
227
140
994
232
298
641
786
412
674
922
486
362
670
829
777
314
667
180
0
649
0
557
206
380
454
334
717
757
296
504
0
383
834
807
239
725
266
576
0
0
0
333
173
494
0
974
0
182
179
236
859
695
869
554
622
0
0
0
975
350
403
0
465
175
891
937
730
893
203
565
396
390
379
0
0
535
239
840
864
271
745
766
365
0
522
526
854
953
152
138
640
0
567
319
812
688
0
899
190
811
447
563
765
345
0
281
522
623
169
877
350
892
834
657
633
869
298
111
0
798
340
749
924
643
930
174
0
648
121
882
418
742
221
323
585
0
1000
437
588
0
228
683
559
371
830
547
0
219
797
830
329
114
184
0
684
0
999
0
775
0
897
465
0
897
919
615
441
176
532
821
0
338
838
0
301
382
838
215
438
392
562
137
200
353
0
697
563
488
923
743
514
0
0
0
108
151
504
443
651
351
340
765
802
0
611
0
789
0
714
442
0
338
564
110
0
776
231
0
498
363
848
103
905
832
621
243
567
578
762
604
795
633
874
694
288
0
624
614
696
653
909
344
0
886
0
551
344
0
646
851
0
376
997
0
387
208
538
937
283
902
0
175
897
0
0
357
197
291
834
0
339
777
721
645
388
671
566
252
0
0
0
851
740
0
172
173
0
334
382
426
385
137
426
210
698
540
586
656
224
609
730
376
941
501
828
0
844
229
932
436
914
840
448
316
779
677
0
706
798
0
633
0
163
172
437
0
0
773
953
620
0
851
577
0
311
541
0
941
637
243
380
311
546
407
143
501
0
0
988
0
144
356
935
119
455
783
556
719
0
131
279
891
919
0
0
530
128
0
351
745
0
175
452
527
0
626
202
103
300
673
485
331
0
814
328
0
0
713
308
982
309
155
880
978
648
0
892
476
0
382
352
273
677
442
160
771
575
778
894
843
0
983
0
513
0
407
0
588
867
772
680
966
868
231
930
559
329
256
0
0
728
382
595
105
789
0
538
0
754
744
918
840
323
437
0
342
989
156
781
333
735
258
733
174
552
214
840
0
448
160
452
937
615
357
530
0
617
0
455
237
472
300
945
0
898
485
0
553
962
313
0
627
652
270
856
317
0
227
435
787
0
349
927
253
0
852
0
244
782
356
0
439
571
266
276
420
0
0
0
523
391
129
298
804
0
472
530
141
128
335
0
480
377
651
507
0
170
0
143
624
799
402
0
0
106
270
368
0
985
809
0
606
998
303
247
448
226
914
445
955
0
0
238
564
394
194
134
568
718
0
639
730
441
197
128
617
0
127
0
550
0
101
344
108
0
364
892
830
722
799
103
208
590
399
0
0
820
554
667
0
526
0
496
0
551
509
0
0
747
0
766
443
615
468
305
167
940
150
409
0
752
545
498
0
321
990
720
249
0
858
0
196
306
0
569
755
253
285
621
705
194
534
675
373
168
217
363
880
456
333
0
531
679
515
660
647
0
782
554
883
671
654
0
261
0
693
888
269
514
612
0
893
176
291
0
0
127
0
618
249
417
413
387
286
857
567
344
0
575
239
915
746
906
840
153
808
981
941
892
528
997
278
304
605
403
972
0
0
548
450
276
142
807
516
0
201
0
0
651
337
0
374
497
954
565
0
884
185
451
610
989
644
254
0
785
625
436
920
0
846
0
0
0
239
426
184
601
801
170
0
479
313
505
0
389
295
347
913
444
0
0
420
847
0
0
206
0
0
686
313
648
203
532
834
351
455
0
618
0
0
613
762
807
249
552
485
965
707
280
419
736
919
0
528
709
0
518
0
807
627
0
562
256
0
728
0
464
362
0
0
142
465
0
531
394
0
0
981
586
846
508
0
533
0
427
964
348
102
642
0
858
911
476
528
0
491
0
706
963
154
0
787
774
0
262
734
245
490
478
954
925
268
255
311
0
771
0
485
656
869
136
0
0
713
0
0
594
325
0
998
0
565
821
0
745
237
550
249
0
0
0
514
690
375
153
0
0
603
480
530
638
126
0
666
382
765
0
264
0
224
863
969
320
402
828
686
0
912
786
0
900
923
999
741
567
725
0
0
831
848
404
622
231
409
150
273
454
860
155
174
728
192
211
0
0
962
0
332
880
327
0
602
486
596
237
568
688
624
822
355
853
273
0
406
0
899
362
0
759
402
835
901
436
227
349
946
838
459
404
0
877
396
0
339
0
472
0
417
613
0
0
189
687
0
778
804
102
318
978
945
412
359
704
0
981
0
480
819
181
830
523
203
292
376
485
487
891
658
624
548
999
460
818
688
161
386
482
584
0
661
538
111
0
0
633
0
959
628
0
0
567
579
551
481
980
157
178
140
513
718
677
781
646
375
926
0
903
242
265
197
0
0
557
0
157
796
299
623
187
802
113
0
412
0
127
859
0
951
0
810
582
390
338
777
175
300
101
413
762
514
189
0
138
713
125
0
496
335
814
717
933
390
771
979
534
884
749
180
0
0
719
954
120
0
276
510
505
642
727
328
0
490
899
259
682
560
0
758
614
402
896
0
176
0
669
0
541
226
156
0
479
940
0
441
272
427
0
658
829
946
509
0
0
413
0
556
993
0
333
735
739
0
0
628
636
0
118
926
601
305
148
530
253
0
507
461
267
623
569
536
183
379
838
721
452
945
344
387
807
690
687
138
0
251
0
0
380
0
0
0
436
880
0
612
472
189
0
124
0
0
567
465
604
259
0
536
264
861
487
982
0
872
522
880
337
0
0
0
880
0
526
770
884
955
0
727
428
102
422
469
0
982
733
263
182
889
990
723
797
941
483
258
456
902
321
884
881
999
846
751
915
326
964
790
177
985
0
409
0
288
514
647
0
688
256
792
726
828
892
469
165
0
0
645
527
0
108
286
249
375
0
713
251
0
750
424
199
543
900
870
766
0
944
686
0
680
838
0
745
186
167
622
537
546
838
350
472
320
217
153
126
0
775
898
914
0
170
502
147
154
404
761
645
221
203
824
780
882
0
925
0
160
293
690
669
975
923
0
687
0
769
149
0
947
270
0
0
892
380
442
262
718
583
633
999
490
201
525
739
781
429
0
560
759
314
496
206
121
468
0
0
0
301
388
0
898
0
857
552
153
778
125
0
750
0
799
698
882
0
907
240
0
0
574
302
725
585
800
216
0
329
441
390
538
723
802
537
786
233
0
625
353
734
161
547
702
0
335
580
420
958
254
399
963
381
131
457
640
227
624
352
219
444
545
600
711
366
782
435
649
961
612
516
171
344
380
0
0
388
0
679
902
641
548
0
640
440
808
812
968
0
453
0
150
688
926
237
0
530
0
971
535
382
671
626
485
364
567
485
0
804
0
0
424
799
0
980
0
0
500
357
633
871
831
279
548
902
655
972
177
615
596
0
391
256
374
362
993
205
222
844
598
468
988
566
171
711
599
791
0
666
113
693
594
0
470
0
564
537
689
928
615
192
757
960
445
715
0
532
954
0
792
169
355
252
0
0
439
891
188
978
0
0
977
721
830
0
664
988
683
943
0
383
850
0
367
459
610
859
385
0
239
838
566
202
0
892
344
965
0
102
496
380
199
698
980
0
0
654
306
0
686
876
534
501
466
498
238
962
0
0
338
923
345
431
0
573
593
0
131
276
264
0
298
321
903
855
0
732
233
477
608
789
111
130
0
578
978
130
0
732
990
352
213
165
373
214
361
1000
818
0
692
103
327
751
146
0
0
793
796
700
406
992
544
920
763
391
361
0
775
482
534
252
971
0
417
670
0
165
765
118
840
215
252
103
553
830
0
707
603
318
335
0
543
882
0
0
0
396
828
0
984
239
149
0
665
834
0
977
716
903
457
510
761
160
978
0
463
937
598
436
614
418
430
293
276
0
970
0
900
0
908
0
794
0
301
0
0
274
818
998
880
537
371
495
0
352
151
907
0
723
396
224
936
826
500
256
715
601
535
831
846
380
669
528
0
0
0
558
398
123
179
599
415
0
771
112
377
174
607
0
864
438
0
300
962
722
575
280
480
978
814
0
900
0
0
654
396
0
943
146
0
790
0
0
0
0
333
325
749
839
0
271
457
212
0
276
715
0
388
333
246
994
828
433
920
596
530
0
404
244
706
646
395
700
555
295
339
177
663
0
751
682
371
448
441
0
676
927
229
0
766
580
168
0
349
146
0
818
0
109
719
676
392
0
120
667
964
363
0
219
815
205
0
0
0
0
276
271
479
620
271
392
0
673
313
799
239
419
530
945
717
0
870
907
500
306
828
943
0
306
861
594
910
920
705
535
132
405
833
800
890
0
805
368
557
0
429
989
154
980
0
0
549
624
858
291
654
856
329
549
365
507
0
851
537
190
580
144
633
0
0
428
0
298
484
0
134
904
641
0
895
286
380
306
882
966
0
504
0
741
830
883
403
0
202
0
531
1000
296
252
430
506
223
191
175
120
447
0
642
931
745
562
0
485
0
103
915
736
638
412
933
436
766
240
357
0
0
146
306
0
0
775
0
0
636
952
176
0
350
130
355
450
0
0
625
709
447
0
925
131
0
177
274
0
671
0
404
0
683
428
0
0
549
0
108
0
422
627
251
480
0
336
0
726
0
788
618
260
991
243
0
855
797
0
902
453
945
604
184
565
589
0
707
0
281
407
761
310
498
528
564
846
410
0
301
291
422
0
383
434
766
137
851
331
627
208
746
919
126
359
390
880
0
0
633
686
984
0
861
0
0
749
319
0
854
130
0
130
573
409
0
332
950
113
752
911
346
858
164
377
862
503
387
319
816
423
968
0
619
0
515
911
877
633
672
0
0
869
699
409
0
168
922
984
0
279
205
0
379
439
145
525
0
227
982
0
711
289
399
463
811
157
826
546
887
566
310
579
265
716
853
0
350
269
0
0
0
112
969
637
365
200
740
0
652
590
906
0
0
704
771
0
944
0
871
876
239
790
594
775
749
0
0
352
153
0
711
140
750
807
573
0
389
570
210
244
105
708
111
958
0
408
578
181
160
940
595
0
249
966
890
514
0
140
305
729
522
938
368
653
0
222
0
0
128
120
549
0
0
266
405
100
684
165
218
129
495
101
202
271
0
129
376
420
900
0
299
275
492
694
293
265
546
346
219
601
557
642
207
0
0
353
0
814
270
399
840
528
666
0
979
612
686
574
831
534
149
0
910
0
319
0
0
0
562
130
168
0
136
901
844
0
982
966
746
244
866
626
348
182
402
0
447
595
827
739
641
0
430
854
0
786
410
480
0
0
806
998
0
918
0
933
503
752
680
0
637
787
150
977
597
428
0
958
712
138
0
351
711
398
0
0
384
103
738
777
966
469
582
650
0
993
369
591
406
159
307
823
361
0
522
0
172
328
856
0
153
709
382
981
534
472
0
302
279
501
0
0
920
0
0
352
0
0
0
0
748
630
719
118
632
252
0
104
0
667
653
637
0
439
290
586
0
0
0
873
845
0
373
369
142
527
0
0
393
323
745
861
408
0
770
0
439
476
369
820
632
192
863
0
418
153
653
441
556
486
0
447
503
731
404
969
100
243
503
0
119
362
306
766
921
219
116
665
669
0
811
230
858
820
526
697
173
0
317
0
808
0
765
0
884
189
680
725
548
466
665
0
705
636
854
153
562
0
0
778
0
807
381
0
805
915
0
353
0
0
986
0
813
174
285
175
497
598
143
423
513
0
367
732
299
114
120
474
978
0
915
701
129
795
844
830
149
732
0
994
419
0
579
517
423
933
856
0
242
167
401
0
137
860
442
670
190
939
0
689
447
648
0
858
650
489
854
0
813
0
420
192
430
981
854
563
0
0
0
820
981
518
0
480
749
0
838
585
902
498
834
0
535
952
130
0
130
0
778
0
0
496
308
217
0
348
405
476
365
199
649
335
859
620
176
451
134
177
0
169
110
798
641
531
0
192
305
507
924
0
0
954
0
934
0
726
0
192
380
227
560
0
314
0
254
642
830
0
749
274
0
310
748
182
857
0
403
329
529
495
464
541
304
0
239
482
366
874
188
243
868
299
207
705
953
488
334
713
227
554
941
0
264
819
180
124
0
800
655
238
0
333
132
176
0
711
168
748
0
0
0
0
372
194
814
400
900
132
779
0
0
0
946
942
844
163
276
461
831
656
927
0
0
0
682
896
899
0
502
974
539
547
149
0
795
730
520
814
363
877
0
536
305
979
570
887
495
852
895
539
475
585
903
353
308
412
572
594
786
767
952
158
719
381
746
252
414
261
306
831
578
797
979
309
152
923
382
308
435
667
892
807
0
181
0
0
745
216
972
962
977
325
405
0
130
140
0
630
807
496
0
0
0
381
565
865
344
602
905
674
0
0
0
483
754
735
216
826
988
625
962
116
281
638
556
221
111
567
0
668
324
691
665
0
169
0
0
582
100
579
959
858
950
0
282
159
958
438
832
231
858
0
547
520
296
717
685
235
0
468
163
408
685
426
286
410
734
651
261
352
0
212
866
935
138
743
426
982
787
0
528
627
224
830
0
0
186
0
177
0
716
749
833
350
573
750
136
719
381
308
372
0
0
739
994
0
579
283
494
140
0
593
917
763
112
720
0
121
331
403
390
783
0
781
795
0
207
553
625
0
0
0
321
955
587
653
827
489
530
0
679
179
275
592
995
412
243
531
878
0
827
325
914
298
0
0
336
266
833
658
118
152
489
0
653
385
905
0
123
736
0
491
0
798
640
514
385
309
0
526
997
0
863
523
719
567
167
329
615
0
903
839
800
130
409
807
901
118
0
217
194
381
739
0
448
115
605
343
0
282
377
990
496
948
663
0
694
966
994
264
0
832
783
0
918
793
510
379
0
0
147
118
767
534
141
560
0
894
365
896
972
0
821
462
756
827
303
931
380
385
848
164
784
623
759
0
628
632
0
957
0
178
816
381
925
335
718
713
603
126
595
759
299
891
0
0
137
155
349
0
278
562
969
203
954
465
622
441
596
338
457
0
890
355
0
573
844
632
805
0
814
565
994
448
0
