0
816
771
782
0
767
753
929
748
777
847
709
979
742
930
823
699
912
849
805
796
741
733
752
0
851
777
644
0
939
982
875
810
0
769
829
0
877
700
922
812
814
966
815
619
0
968
734
786
823
0
0
793
803
851
783
766
899
982
851
0
679
955
947
0
628
903
844
854
852
788
970
880
757
735
0
969
0
777
838
900
886
843
0
812
852
844
768
961
790
911
0
853
753
0
975
698
977
935
814
816
0
843
796
840
969
0
805
868
663
772
919
850
823
916
765
0
819
0
763
0
795
995
729
869
916
951
732
829
836
900
769
1000
781
815
771
886
805
893
834
0
872
882
838
774
837
775
0
813
811
749
855
847
0
851
793
886
879
759
934
745
863
708
755
744
0
939
0
710
961
925
0
759
902
796
0
813
0
949
922
976
786
823
724
858
956
810
844
950
765
705
0
853
910
871
824
0
824
0
867
771
843
0
732
809
757
901
913
0
855
786
0
0
778
739
953
835
826
0
919
697
838
0
780
740
801
0
835
917
892
834
925
0
873
874
882
805
0
813
752
780
780
826
862
643
947
0
978
0
876
816
804
0
0
0
0
0
845
0
848
880
830
0
927
869
807
874
678
831
832
0
764
0
819
810
0
973
912
743
937
896
0
945
893
914
766
880
898
776
0
0
677
876
945
916
786
0
783
752
716
782
796
732
0
886
984
851
695
0
948
766
882
0
640
969
774
980
904
876
878
885
829
882
790
927
913
912
0
820
966
812
881
930
0
886
768
871
801
960
892
825
750
848
821
0
0
682
847
979
0
770
793
755
0
819
0
968
0
795
851
0
768
833
805
813
883
658
769
888
823
911
962
940
862
910
0
823
0
0
854
996
903
0
887
757
774
827
853
707
866
734
0
846
0
846
855
852
849
837
755
0
840
809
886
0
836
836
600
0
0
845
0
864
872
682
708
734
754
916
951
613
912
781
957
763
798
802
0
0
816
910
898
802
778
874
927
861
722
827
0
744
832
992
854
923
937
789
864
805
876
0
809
911
900
766
866
0
799
829
867
943
801
883
815
784
894
825
828
918
815
0
869
938
662
780
788
0
813
810
811
907
715
870
845
791
739
977
902
0
857
846
858
810
970
767
792
0
899
711
0
767
969
757
984
836
0
856
929
800
832
901
847
0
905
728
822
745
731
768
901
0
819
814
947
851
727
931
0
855
859
952
834
0
980
896
777
808
845
0
821
0
903
0
834
0
0
914
774
0
774
762
786
848
878
871
642
898
894
809
848
784
972
799
945
585
906
0
869
735
962
861
858
963
768
850
831
716
699
679
960
0
0
803
0
822
842
0
833
766
840
772
774
855
797
867
0
635
886
810
884
753
0
901
851
836
856
0
871
761
965
781
794
844
829
800
954
780
0
903
0
947
734
874
0
928
881
847
0
729
772
788
749
863
0
680
816
938
0
727
893
738
885
809
858
714
692
847
934
967
0
715
797
694
951
730
0
0
952
728
809
849
962
844
789
923
839
924
758
757
921
896
793
0
837
669
785
977
778
929
0
715
863
731
0
956
877
774
0
0
800
927
944
759
954
784
935
0
822
817
873
929
805
913
695
600
929
871
0
821
0
765
820
782
881
891
842
883
908
740
0
821
896
971
0
897
824
827
938
817
805
845
814
963
770
726
789
787
690
830
862
891
0
937
938
632
699
0
759
880
854
0
744
918
892
812
870
816
990
848
0
696
944
916
837
800
903
0
0
836
694
785
700
787
941
708
843
729
787
887
718
830
709
809
877
849
785
850
896
878
988
866
815
808
815
857
744
880
803
722
853
748
868
0
0
0
800
761
821
0
896
797
0
804
0
827
785
836
857
918
831
996
760
884
876
863
0
848
0
0
780
964
719
778
727
916
783
859
0
892
791
988
943
913
638
766
921
870
927
819
831
695
717
0
0
771
893
0
984
838
899
766
810
747
828
794
861
821
0
766
668
887
789
931
799
0
661
988
846
896
851
949
769
0
949
865
0
808
802
839
898
738
823
915
942
812
866
864
907
901
893
777
663
855
948
0
832
965
0
896
0
813
788
899
722
850
973
866
818
964
770
732
646
935
0
960
870
0
772
853
802
866
865
705
910
843
0
821
0
816
0
0
973
816
864
575
796
784
0
0
971
777
821
783
889
796
858
987
0
819
917
878
0
0
889
898
838
955
0
823
0
803
0
893
707
928
980
824
842
855
701
935
0
867
751
941
0
879
811
826
858
903
0
697
856
801
0
873
637
812
939
847
772
786
766
845
901
781
765
797
813
0
887
767
964
867
800
864
767
0
902
712
961
659
712
942
0
950
933
974
926
809
815
799
734
775
851
798
867
961
832
0
840
0
841
867
729
943
0
915
799
0
0
782
0
669
769
733
735
858
0
850
816
922
761
974
947
0
612
904
810
882
885
933
945
833
788
733
833
806
964
872
0
979
864
912
948
627
854
811
822
891
938
715
892
877
777
855
812
818
786
709
919
0
882
0
847
794
820
0
788
887
0
882
773
0
970
829
689
817
945
806
718
740
887
895
958
950
893
748
0
906
0
666
927
794
827
0
0
819
748
876
689
916
832
902
721
828
0
0
676
762
843
855
0
914
851
883
948
847
835
805
915
802
857
0
936
783
0
944
802
858
0
833
901
826
826
0
825
703
868
708
0
638
721
0
871
900
697
0
0
767
966
957
821
747
865
0
907
778
917
979
850
0
0
864
0
844
782
804
899
767
882
0
928
776
938
888
932
833
951
794
0
1000
886
777
671
0
0
728
0
801
854
894
0
710
944
0
801
0
935
730
868
956
816
0
860
678
865
966
863
795
0
779
737
937
837
0
705
713
855
934
0
0
760
0
743
764
0
864
862
0
757
0
893
743
712
801
708
0
895
816
955
804
765
761
910
836
864
966
0
0
980
825
0
866
749
851
973
844
924
742
823
778
640
872
905
829
881
0
722
964
773
928
0
726
795
745
0
0
837
965
756
879
0
682
0
0
0
876
0
723
804
739
957
864
862
918
783
906
841
967
843
749
0
806
0
0
0
713
786
833
642
0
873
0
710
783
961
765
0
847
0
851
779
919
994
899
0
911
875
901
0
842
810
830
0
810
0
748
957
818
751
922
0
775
778
959
801
982
850
834
828
850
768
874
818
703
855
885
819
930
916
739
969
682
728
800
891
827
850
867
0
776
726
0
870
936
767
981
654
740
822
676
930
826
789
833
0
994
824
921
0
837
687
911
774
758
735
729
807
949
895
772
869
861
668
764
967
0
848
742
823
779
813
796
970
767
952
815
796
852
0
923
703
902
968
870
891
824
751
933
873
783
0
0
740
0
884
812
848
808
934
895
0
739
920
878
766
791
0
630
0
0
0
766
850
863
865
0
831
823
765
953
774
708
822
954
842
785
973
800
970
938
795
870
0
943
0
970
914
913
917
889
844
729
0
868
866
877
838
841
708
844
979
843
760
830
785
979
826
909
929
861
971
0
785
893
924
759
721
855
874
0
840
876
810
618
0
829
797
836
902
714
770
840
632
879
863
800
758
768
877
947
904
958
707
866
887
865
859
0
0
673
974
838
906
748
887
933
818
889
789
903
744
671
0
946
989
875
763
699
0
835
980
734
745
780
883
836
866
864
829
888
745
936
943
0
779
859
951
0
875
951
901
814
656
729
760
904
0
772
982
692
798
804
0
801
838
0
984
896
816
794
735
822
932
0
0
0
766
918
848
805
0
858
0
868
0
887
847
750
983
782
835
827
751
808
878
676
861
0
821
962
808
824
968
800
898
775
795
873
877
885
762
847
848
745
807
910
716
761
817
775
0
905
911
708
828
962
963
912
819
826
904
754
731
0
908
857
818
767
689
932
0
767
0
779
0
0
926
826
915
820
814
748
758
873
738
0
725
817
991
809
779
0
817
742
973
804
819
968
885
862
807
0
806
0
911
783
592
749
816
909
793
0
755
773
789
934
717
811
0
901
895
914
709
657
796
693
794
868
869
0
880
998
0
889
712
847
862
878
757
0
826
984
815
766
760
771
823
853
795
841
889
704
838
870
908
989
789
849
0
0
876
916
768
903
740
918
964
0
817
833
0
981
970
859
0
0
0
750
853
0
852
0
789
876
0
900
769
759
844
723
632
726
0
843
0
768
928
737
0
0
913
839
762
904
712
733
0
0
0
979
920
0
974
871
995
814
823
723
815
802
921
815
0
0
871
738
792
807
816
0
856
921
872
937
805
894
877
0
914
730
841
809
0
901
0
810
839
731
0
876
801
781
870
737
0
0
773
805
763
919
878
951
901
0
0
831
770
902
945
951
837
654
914
951
926
0
0
874
0
610
939
740
0
998
603
691
796
763
0
963
814
987
896
921
951
908
832
880
964
851
630
846
792
939
821
0
939
745
777
800
902
740
917
807
790
877
0
776
835
0
836
0
0
0
873
768
814
0
769
772
989
904
813
0
762
689
867
784
922
0
826
902
785
885
929
881
751
0
0
726
856
660
961
933
0
881
859
796
0
697
885
613
0
947
821
996
732
712
806
794
965
740
913
0
826
750
874
0
633
955
714
821
0
0
952
812
840
842
612
0
0
0
908
831
961
760
875
0
0
818
783
0
848
764
727
782
0
881
921
0
887
843
950
0
875
835
0
936
908
929
846
824
830
824
767
875
783
844
908
770
739
636
895
799
762
815
808
0
846
794
934
972
0
720
860
952
736
862
0
752
947
880
0
0
784
873
927
741
795
838
829
912
819
734
896
760
646
961
718
0
756
822
917
875
915
853
0
633
0
720
853
868
985
795
0
913
0
945
808
925
857
815
677
0
913
790
725
0
863
0
0
757
907
908
905
918
717
736
672
881
916
0
962
800
893
0
846
824
752
0
786
698
737
794
0
888
842
858
878
0
980
0
0
931
823
762
607
921
742
0
726
887
726
852
759
777
738
866
771
858
802
837
881
942
0
870
717
733
995
0
882
781
814
874
971
884
935
659
740
1000
879
676
889
951
820
0
610
955
720
0
812
932
0
0
0
990
845
981
0
746
844
900
736
906
0
867
929
746
723
0
0
821
945
955
841
794
680
854
809
803
981
864
739
949
812
807
0
859
747
845
927
770
0
0
746
839
851
916
623
0
706
727
827
919
923
706
0
812
821
970
713
938
815
898
717
727
782
848
0
0
839
814
875
933
837
790
0
752
729
780
790
957
947
0
0
876
0
712
887
886
0
930
844
901
814
852
939
714
853
812
0
0
742
681
829
770
0
0
0
0
751
775
972
0
977
861
0
763
770
947
819
771
755
670
845
919
882
785
0
901
0
885
858
727
760
798
633
798
944
897
777
927
800
0
813
0
0
688
781
0
799
0
864
883
0
857
907
904
787
0
947
869
821
0
0
854
899
892
652
924
877
884
822
0
964
896
943
0
869
740
927
763
851
928
897
863
960
942
895
777
682
826
729
814
748
0
740
821
868
932
0
0
884
777
923
807
0
810
819
792
897
870
687
875
841
0
866
0
871
779
941
889
0
694
818
744
795
696
791
814
783
679
961
0
937
776
760
729
844
934
0
868
0
833
0
780
0
809
819
906
0
960
825
793
914
727
868
0
800
0
0
761
0
979
901
814
858
606
817
867
898
735
813
796
0
0
759
851
916
801
913
798
727
881
824
0
870
0
958
671
0
789
0
656
758
789
0
0
985
0
742
884
0
896
816
817
0
845
822
795
742
0
0
810
986
780
740
881
802
750
936
0
728
0
910
959
817
777
0
820
0
849
943
861
0
0
656
908
0
0
928
778
881
849
865
872
854
799
0
967
0
819
0
811
852
0
858
0
790
0
948
937
909
837
0
884
858
0
986
0
0
885
896
823
800
698
722
777
951
0
912
802
931
847
827
848
0
950
950
0
0
833
868
729
873
876
998
0
795
0
681
777
896
0
801
0
817
898
0
761
925
854
857
758
890
769
761
0
0
773
878
848
839
0
831
725
0
943
773
942
977
0
0
741
967
959
941
838
695
0
997
0
785
0
879
788
816
915
952
826
767
675
0
0
937
827
929
0
0
0
926
781
895
753
893
961
866
843
823
955
0
909
822
841
785
938
884
644
732
835
0
0
0
0
938
0
772
933
893
0
0
0
866
760
738
0
603
952
0
0
829
923
816
801
0
883
871
913
929
807
976
803
695
925
948
750
914
903
765
0
926
0
0
757
834
854
719
0
0
896
777
900
713
738
837
668
918
952
833
867
0
774
0
821
809
763
0
671
0
0
880
850
895
945
698
0
913
0
857
868
0
801
919
888
0
717
845
832
0
757
939
771
834
0
720
809
807
0
829
917
820
0
855
729
817
0
853
974
748
728
876
994
877
904
0
900
691
812
913
990
770
807
817
0
883
0
882
0
854
895
0
876
843
694
690
0
1000
808
791
0
757
0
859
702
0
864
747
0
0
791
786
867
920
880
719
833
809
717
873
841
0
839
0
0
864
709
864
769
958
0
721
902
784
871
808
0
0
0
880
828
896
972
952
719
861
716
823
0
851
902
711
966
946
848
808
812
0
939
836
892
966
816
859
772
805
780
802
926
0
0
0
824
838
0
725
769
796
840
0
845
0
0
0
817
871
882
0
733
963
618
657
975
766
0
766
771
875
745
924
0
796
0
0
0
806
799
0
814
850
743
783
709
803
895
769
0
970
0
857
729
812
878
0
806
0
927
0
918
763
940
959
809
844
911
922
880
816
981
746
873
872
857
875
0
847
657
862
907
777
815
796
968
816
813
906
765
939
982
900
834
812
910
952
788
845
964
866
809
906
801
723
921
841
772
817
759
763
842
945
981
0
810
845
898
913
0
733
0
869
800
0
904
0
832
956
600
776
797
826
849
852
884
808
0
950
804
722
786
823
942
736
0
0
926
764
0
900
922
817
907
763
876
0
903
0
869
814
833
885
768
800
0
1000
997
811
733
958
896
0
956
663
707
780
901
959
760
884
789
0
0
931
829
788
954
792
777
879
875
769
925
881
898
834
749
814
719
865
815
0
854
804
0
708
982
991
844
0
612
808
0
0
819
822
0
929
854
963
869
0
800
761
0
0
0
729
0
743
0
0
902
779
818
608
792
782
0
866
858
830
0
906
905
784
967
713
908
762
876
969
0
893
0
0
967
814
825
770
682
0
814
787
779
749
850
822
801
0
874
792
912
0
0
812
795
862
0
845
779
770
0
0
754
826
0
822
0
802
810
1000
0
930
802
0
863
963
778
705
799
666
894
739
837
844
692
809
723
963
0
925
746
0
792
795
761
807
895
618
800
800
0
791
904
591
757
963
0
0
922
861
729
785
928
764
774
838
718
951
862
798
0
835
702
995
850
911
708
773
0
910
867
723
874
842
835
0
884
0
0
0
0
807
793
0
789
715
0
890
841
944
824
808
821
909
0
654
0
722
0
0
874
633
989
987
0
827
778
663
0
781
873
0
778
980
0
770
727
910
734
927
0
957
687
979
798
779
632
814
0
857
844
751
897
742
925
976
0
657
0
761
791
0
728
775
883
845
0
984
822
0
0
831
905
786
698
680
847
581
889
804
911
0
658
893
837
776
944
948
856
689
0
664
621
0
769
922
0
740
890
746
748
0
701
799
769
0
886
800
834
886
858
906
819
899
690
853
897
766
863
907
836
0
708
0
0
749
914
902
769
815
874
886
874
896
680
726
916
843
775
794
710
864
911
843
804
0
726
987
0
815
900
775
870
0
854
803
876
975
904
0
904
728
0
783
861
900
731
873
763
922
727
722
941
0
958
707
0
619
829
893
811
752
994
0
741
701
815
951
827
873
830
0
0
0
941
641
798
783
829
0
0
747
0
829
0
764
881
0
849
925
906
867
890
0
867
832
868
926
957
836
645
887
0
845
861
0
0
782
829
771
882
768
927
777
816
789
783
0
851
827
944
862
774
760
0
817
0
896
908
677
736
972
687
0
857
695
843
766
0
0
591
775
783
0
835
807
800
846
0
0
856
881
786
863
0
0
0
847
978
931
680
799
738
884
844
0
760
996
866
748
911
899
745
745
0
914
828
931
832
815
818
625
762
747
916
807
0
0
856
787
975
831
838
851
0
837
850
975
855
964
0
911
886
794
705
0
982
741
0
886
805
871
861
808
938
787
859
821
798
0
0
918
758
830
801
742
843
921
831
0
906
0
875
810
758
925
694
0
832
0
757
883
861
835
0
782
866
761
922
773
781
813
887
688
988
909
985
902
834
841
807
922
855
0
714
608
0
822
909
980
884
702
620
692
708
811
747
0
0
860
872
848
726
874
846
784
836
789
876
732
790
869
848
851
0
858
787
0
872
610
813
822
957
783
0
920
692
679
877
805
0
801
722
845
0
690
0
0
867
0
801
783
735
785
838
973
0
951
961
913
0
977
841
986
890
948
690
766
956
729
963
845
900
807
782
0
800
855
971
867
754
902
774
736
810
800
807
866
897
0
893
900
773
0
802
679
931
893
0
796
915
921
766
0
603
894
0
0
984
812
890
0
0
741
770
803
878
857
955
964
713
841
0
0
792
864
900
716
0
820
787
640
0
904
0
0
681
763
700
893
813
960
827
0
727
830
892
816
961
819
0
906
729
979
0
804
768
908
760
790
867
861
0
780
769
750
0
771
600
0
0
0
731
800
866
800
0
0
754
0
789
672
0
758
888
0
901
720
928
849
0
742
845
789
833
789
952
823
993
886
812
787
743
892
845
815
0
786
809
912
849
864
801
929
805
785
727
862
960
956
723
772
711
0
866
959
869
753
857
958
813
728
885
964
767
798
832
748
922
834
752
892
0
821
893
862
791
0
832
748
935
841
807
826
984
819
928
832
875
725
929
0
866
740
761
914
1000
875
776
743
0
984
873
846
761
855
0
0
0
951
772
723
0
869
953
0
952
606
736
780
0
0
0
892
0
866
840
838
714
914
0
764
0
0
888
742
0
936
962
0
952
798
808
793
939
696
877
729
844
702
908
958
812
849
847
753
788
936
778
0
764
806
753
615
0
873
838
0
812
0
780
825
744
0
738
891
988
0
0
876
730
967
949
909
896
968
737
880
0
0
746
763
0
881
0
903
808
745
797
0
922
822
763
0
922
971
754
0
0
899
895
765
852
979
875
721
773
833
898
752
758
894
0
0
869
0
858
689
802
0
743
803
837
768
829
840
756
0
826
923
0
835
903
760
886
896
817
845
877
798
735
0
0
847
800
937
878
735
722
947
827
879
872
0
906
600
982
840
814
872
780
750
832
903
885
0
943
973
840
689
868
843
895
929
816
885
0
964
0
863
723
770
871
802
0
765
791
924
826
0
861
0
922
0
773
867
0
951
899
0
726
860
0
935
838
858
765
913
747
0
862
0
0
0
630
876
939
923
915
944
784
783
804
869
759
947
655
655
943
626
830
798
901
697
983
874
638
772
784
0
744
858
0
898
0
0
762
0
900
808
757
903
892
873
913
874
803
886
966
882
826
848
992
0
809
937
913
816
0
916
956
749
772
861
794
862
0
851
818
0
0
947
779
750
773
0
0
0
849
902
729
0
727
856
781
754
789
772
895
726
0
829
742
857
623
659
820
983
766
887
821
863
889
980
771
0
792
748
909
908
726
886
761
750
715
0
655
873
778
881
879
739
0
763
0
764
798
817
982
884
888
717
0
745
864
832
851
822
893
777
817
818
821
825
836
904
805
813
815
838
862
821
854
834
858
938
638
864
841
832
816
0
869
971
735
807
913
630
783
0
0
819
941
936
878
926
757
796
852
779
785
831
722
881
813
902
672
723
765
860
829
0
940
911
851
805
901
921
855
964
878
0
975
0
901
915
0
738
834
849
812
0
628
785
941
879
742
966
838
886
919
979
0
678
927
799
904
843
925
677
984
777
653
0
768
849
902
754
751
781
817
862
0
0
0
0
837
0
619
774
643
0
923
0
714
632
766
575
867
902
0
806
861
0
822
0
839
846
0
757
821
771
889
0
848
0
0
0
884
818
928
905
941
786
887
774
0
0
852
0
742
940
0
0
902
943
767
908
912
768
817
869
959
826
0
839
806
762
888
831
866
0
971
894
934
0
769
0
773
923
876
915
713
905
0
0
774
943
842
0
890
0
876
766
823
0
732
913
940
833
753
0
820
750
829
908
733
906
0
837
947
0
937
0
692
699
921
796
729
721
860
0
668
785
932
806
762
792
848
907
945
755
0
728
839
0
859
0
808
608
764
786
0
863
688
736
758
869
979
935
857
911
0
0
901
912
952
852
982
684
938
811
856
0
715
735
792
838
749
0
0
783
0
951
990
867
787
0
733
0
688
850
931
867
887
933
0
859
829
808
829
827
887
990
738
941
0
981
961
953
949
974
795
804
835
805
0
835
968
775
0
682
789
914
847
0
870
784
943
828
678
0
764
893
0
0
904
939
764
908
955
670
694
0
0
757
702
0
0
792
774
698
958
0
988
810
888
953
875
838
623
851
902
901
0
0
904
856
785
0
910
0
908
0
845
752
859
883
882
986
718
0
746
703
868
737
886
846
0
696
975
863
0
960
0
812
831
0
0
826
903
770
789
606
817
959
825
983
764
0
960
0
844
976
890
782
879
839
734
0
978
847
864
774
934
759
927
0
0
0
865
0
967
924
0
911
712
821
727
905
841
845
818
910
831
834
0
806
950
782
838
680
707
0
909
800
0
0
721
858
659
805
943
912
0
0
997
0
980
964
784
742
838
0
0
864
0
711
764
884
738
0
848
891
922
716
646
784
802
874
920
768
0
978
889
819
798
0
887
965
876
0
786
0
645
0
987
833
0
0
847
762
793
0
749
906
807
736
786
813
0
979
805
0
967
880
819
0
915
0
966
713
0
759
0
783
733
0
782
918
794
919
744
959
725
854
864
799
804
0
718
847
0
0
985
807
901
952
773
765
820
901
767
952
904
997
0
866
845
751
0
856
714
742
0
853
775
816
892
0
886
881
794
966
0
0
864
739
838
0
817
0
975
758
0
742
949
849
916
849
786
896
850
894
799
758
832
856
709
852
885
930
783
851
806
0
802
851
823
811
876
0
876
774
0
854
831
971
799
676
863
786
848
721
766
592
0
939
0
717
680
882
795
817
0
719
747
0
722
866
951
581
619
847
902
866
720
606
833
913
983
921
908
852
856
0
866
0
0
0
935
901
835
850
789
750
0
796
753
0
607
853
802
830
874
885
0
846
868
0
899
845
780
0
966
0
924
868
0
0
0
845
922
805
0
0
0
0
919
759
791
892
0
849
849
800
891
914
0
749
816
770
0
762
715
0
695
777
0
762
795
833
742
855
918
749
0
745
881
736
854
785
696
777
943
0
0
814
786
858
862
889
829
978
834
897
928
736
898
747
766
855
912
982
785
980
845
0
0
704
806
890
727
731
0
715
0
908
915
973
763
834
733
859
743
818
747
0
900
846
848
0
848
773
798
842
851
772
953
966
784
0
0
958
810
798
0
985
0
0
813
858
776
0
984
698
802
808
0
855
804
793
809
786
797
744
717
821
0
843
0
642
823
874
848
816
0
777
921
672
809
0
791
0
773
0
0
850
823
830
798
804
893
931
841
0
849
780
752
0
887
964
768
684
0
964
751
0
704
0
0
839
946
0
836
952
778
0
822
0
0
841
651
0
899
857
744
943
758
0
836
0
666
826
892
780
763
887
829
848
785
742
911
0
978
922
950
789
0
908
931
786
711
738
955
814
796
794
793
847
0
755
911
848
694
918
0
783
782
855
779
0
779
0
805
909
979
800
0
881
803
901
814
820
942
896
791
743
942
0
0
911
811
680
807
893
0
0
758
862
821
878
817
938
910
784
0
935
806
0
0
911
810
701
0
867
853
923
0
0
859
929
0
835
894
0
0
857
860
806
731
685
0
0
759
0
960
920
0
0
750
811
726
879
960
0
872
842
846
0
879
0
877
837
804
931
986
942
803
0
0
0
900
878
951
892
0
889
0
0
737
873
813
840
0
793
920
902
887
916
981
0
783
0
977
777
786
783
736
906
835
0
752
799
922
900
742
0
894
0
863
0
869
811
0
742
856
901
890
839
911
0
935
934
0
822
942
882
0
857
891
0
843
754
746
804
0
974
915
898
732
0
844
999
692
919
0
0
765
0
851
793
901
702
938
802
943
765
754
811
766
821
902
757
777
775
959
983
851
851
0
819
766
871
730
812
771
796
669
914
937
0
796
876
858
0
0
740
843
0
864
885
679
849
0
900
867
709
0
905
702
658
994
738
855
773
845
0
0
0
889
975
959
856
908
838
714
835
727
946
810
935
0
828
863
929
0
912
737
931
803
760
655
769
0
0
832
0
0
929
871
717
902
907
799
0
885
847
656
845
931
828
882
811
654
904
764
758
800
844
797
735
904
992
0
821
0
738
783
793
0
0
866
642
0
870
893
858
769
851
837
710
970
810
0
755
974
917
950
962
739
858
961
943
0
713
920
803
0
784
995
893
0
884
0
0
789
892
0
0
980
0
826
0
0
0
742
850
731
0
701
934
828
0
900
0
840
936
792
646
866
817
832
990
960
809
918
0
952
904
673
788
858
754
876
877
0
906
0
833
850
0
785
802
782
0
892
988
717
810
780
893
964
867
871
732
917
845
766
886
0
968
0
898
0
816
0
987
733
883
0
783
767
618
868
773
871
807
0
800
949
727
0
861
741
738
880
895
926
967
850
837
741
844
714
802
833
0
869
630
771
901
0
715
845
0
0
789
0
836
0
0
863
900
0
860
852
886
0
0
0
965
956
0
876
901
835
751
980
0
921
0
840
832
0
0
778
805
961
950
893
928
0
0
877
703
912
833
949
714
764
837
941
727
883
0
788
0
899
879
845
0
799
894
952
990
984
0
735
948
705
961
952
0
0
789
995
790
875
893
812
760
937
0
967
837
719
769
764
713
911
776
701
0
608
679
789
866
0
876
0
915
839
735
752
864
853
750
715
952
867
822
929
0
860
0
0
0
813
706
898
968
802
825
814
880
916
0
770
862
0
0
757
850
846
757
970
860
698
815
884
734
972
849
0
800
879
895
623
882
916
862
951
734
925
795
0
893
982
759
0
795
829
809
728
848
838
819
858
847
713
765
815
829
887
934
814
877
835
0
807
798
776
0
959
668
833
0
0
908
708
944
815
760
0
931
952
840
858
939
792
0
806
792
859
0
775
0
0
778
853
942
0
840
852
0
0
646
802
0
812
776
842
726
765
839
789
813
854
0
690
824
0
981
959
770
969
894
864
860
0
0
987
835
813
933
0
877
993
842
945
757
817
778
931
805
764
841
851
934
848
851
867
848
809
0
899
917
0
835
855
0
796
797
847
717
823
0
0
846
0
633
760
656
941
918
809
970
900
762
773
948
951
996
822
893
823
838
689
923
748
738
762
838
883
711
816
796
908
0
923
882
912
936
886
0
646
0
862
836
776
983
852
0
705
966
887
0
731
786
871
905
0
861
771
924
805
891
926
820
0
964
0
870
868
982
846
0
926
0
855
0
932
864
0
824
0
822
0
745
880
0
943
784
849
696
766
878
850
805
934
847
852
836
750
811
723
776
936
824
859
798
729
908
838
952
717
0
922
876
0
856
827
866
909
0
993
714
802
915
909
834
888
749
882
764
892
753
915
822
0
0
737
792
0
813
802
862
0
653
748
822
811
923
744
0
855
744
0
784
824
879
839
823
830
723
753
715
780
932
0
861
0
804
809
863
820
904
658
711
993
922
817
811
0
848
863
817
679
863
830
768
801
972
962
944
810
0
816
915
0
0
0
902
983
0
815
835
908
752
747
944
844
0
695
833
873
857
817
969
910
689
873
748
980
796
886
914
0
944
908
849
831
0
986
884
0
0
973
0
0
857
931
646
0
706
0
836
653
0
804
935
0
701
688
930
892
0
0
874
805
803
843
935
848
886
0
728
0
908
976
0
0
731
786
911
0
893
919
0
848
0
987
732
0
856
857
0
955
708
0
833
883
799
844
916
747
0
922
802
0
851
923
714
782
901
802
0
929
0
845
897
934
0
0
867
841
729
907
0
867
0
830
911
884
915
812
0
743
784
726
812
866
0
718
738
886
607
763
0
859
891
803
866
0
898
812
776
748
804
0
0
799
896
797
750
860
711
0
0
972
809
853
765
887
0
977
666
947
701
788
795
804
827
778
997
956
904
1000
0
743
771
0
841
833
0
866
638
947
755
927
805
815
945
789
837
828
889
761
857
760
779
703
770
835
895
921
836
846
786
927
777
0
928
997
0
0
812
763
893
723
664
0
899
702
921
787
764
803
783
886
0
0
783
0
0
881
853
834
841
929
0
760
817
965
968
776
983
822
935
0
0
0
905
752
815
0
896
750
730
763
789
904
774
905
0
873
774
739
935
855
750
895
869
831
830
896
880
927
888
742
793
566
0
872
845
0
714
0
744
869
813
784
585
923
800
794
898
974
0
0
919
902
840
827
914
815
0
824
698
770
927
868
778
0
774
839
878
876
0
874
621
0
745
620
766
743
0
837
804
761
628
971
0
746
848
794
802
733
651
0
843
655
832
956
802
842
852
811
0
799
0
0
0
0
0
783
809
932
834
852
870
962
788
715
815
675
907
879
868
835
0
809
804
0
0
0
798
0
959
795
934
0
842
0
0
0
865
628
0
807
883
894
906
839
903
861
838
947
936
743
994
968
632
751
709
0
0
830
737
0
800
0
881
785
0
0
0
0
0
842
0
0
745
692
0
892
0
768
869
750
785
894
951
703
891
966
830
859
0
835
754
769
990
0
825
726
0
923
701
896
905
0
0
0
677
789
760
0
788
852
872
828
891
774
926
0
0
877
874
864
904
731
0
891
701
699
0
688
0
868
865
821
895
886
605
808
787
903
939
874
658
825
0
924
0
821
955
0
783
764
899
870
879
808
657
0
0
824
794
0
0
833
849
0
821
0
806
903
967
835
769
941
0
708
603
845
888
829
759
715
941
934
990
868
922
0
874
743
899
894
746
0
960
876
814
765
705
744
688
797
752
0
0
0
950
994
0
760
801
732
998
705
878
974
899
869
754
759
717
0
950
953
0
0
826
936
0
645
791
0
737
0
846
806
840
0
893
844
0
678
769
828
869
758
0
0
0
612
0
0
0
891
863
878
796
871
873
767
0
746
813
0
865
879
809
864
0
0
814
0
922
641
914
811
894
815
742
840
947
0
879
0
867
737
716
0
885
818
857
0
804
0
809
901
880
839
966
0
930
750
815
0
677
950
0
679
722
824
820
735
849
976
817
904
0
769
734
839
692
0
0
921
784
912
832
716
744
805
628
0
911
798
979
687
842
852
991
854
710
831
888
918
735
757
836
766
823
904
944
864
911
824
800
676
693
738
768
875
888
839
0
780
872
788
763
709
927
869
825
884
0
798
828
747
0
0
0
756
655
655
742
769
787
886
646
864
0
747
744
0
0
832
918
835
916
789
887
855
892
860
0
783
789
994
679
0
634
856
0
882
932
896
898
733
769
837
958
0
934
0
929
0
884
679
743
0
766
959
825
792
0
738
774
810
596
919
0
852
961
832
823
815
962
921
694
668
0
810
802
862
875
751
758
861
794
792
814
783
842
851
0
0
854
816
0
864
0
814
770
0
740
783
931
0
0
786
936
0
655
873
966
0
0
846
784
739
846
0
943
857
974
0
0
751
0
813
0
744
0
711
896
809
760
0
722
634
0
856
915
865
747
0
0
882
778
862
937
0
824
846
906
915
898
754
805
887
657
825
863
713
836
780
786
715
684
905
695
788
925
0
911
0
861
896
785
887
803
882
858
0
901
933
768
0
868
807
0
844
858
916
688
809
799
915
671
769
918
833
682
0
890
829
832
0
984
809
962
826
943
778
838
773
733
0
802
838
868
900
758
860
915
0
952
980
770
854
731
0
0
0
750
932
0
760
824
856
856
0
872
843
0
747
787
799
868
804
826
716
778
889
725
0
971
862
0
942
824
734
857
0
0
769
668
746
0
865
851
970
0
764
962
869
858
793
700
789
0
885
0
757
0
873
877
821
869
816
769
908
878
623
781
819
0
952
0
958
763
885
0
0
746
0
815
860
812
912
0
923
626
881
886
923
0
696
874
0
0
846
0
806
898
929
904
0
862
0
786
784
874
0
730
834
788
801
820
0
915
872
0
783
749
818
933
850
736
0
774
825
996
979
0
0
774
0
766
776
842
784
982
722
0
862
724
811
807
970
697
880
759
0
940
938
963
0
787
931
893
933
833
0
842
783
947
962
0
0
772
770
0
0
0
906
967
826
0
0
940
768
814
0
748
0
818
872
890
849
952
0
830
879
919
876
688
975
920
817
899
848
836
731
732
871
673
921
0
690
871
824
805
972
763
852
852
732
735
882
865
843
783
0
957
766
850
835
854
0
995
916
852
0
811
744
897
804
846
688
0
836
716
831
886
885
800
0
732
774
926
757
902
819
862
662
768
837
941
799
707
945
901
893
810
0
904
808
880
856
989
739
980
706
799
0
0
767
880
721
959
800
787
807
0
747
625
848
0
864
798
835
798
739
979
915
850
863
768
0
845
0
0
685
0
717
788
0
0
824
905
879
803
809
789
870
872
998
849
932
747
0
749
957
0
883
787
942
0
0
723
905
804
803
0
0
802
930
821
684
0
717
0
0
901
845
0
0
725
722
861
735
796
810
910
780
850
669
708
0
928
833
826
743
830
0
958
824
998
921
904
636
0
727
0
960
819
675
850
902
809
0
779
793
701
0
762
726
0
801
808
903
901
0
0
713
931
0
0
975
780
848
666
0
844
902
858
840
757
0
0
839
843
853
904
962
828
705
976
896
0
747
818
766
883
0
976
936
881
770
0
0
859
870
863
814
0
872
891
0
863
876
720
972
747
0
929
0
747
861
745
0
0
0
0
788
831
785
843
661
980
788
826
712
0
740
707
968
0
872
813
895
0
827
864
825
0
0
895
784
844
1000
749
0
799
829
747
874
741
929
793
760
697
763
678
905
867
960
978
758
0
773
826
0
999
907
754
832
850
981
861
823
935
765
774
788
891
878
817
898
0
787
933
850
787
976
0
824
995
665
865
897
783
0
819
0
823
0
0
817
726
674
0
809
0
833
795
731
786
972
934
969
813
973
823
0
716
977
729
988
824
733
0
801
810
0
866
800
889
937
0
799
931
919
883
793
811
0
945
871
911
997
850
789
769
0
916
846
770
805
939
886
983
0
927
0
887
0
889
0
966
798
892
759
692
799
876
0
846
959
771
830
848
887
905
715
774
974
904
733
882
799
850
835
942
936
824
0
861
948
848
885
877
0
920
0
0
768
841
0
918
880
863
809
825
880
0
899
675
844
732
0
0
912
0
813
699
778
787
846
842
833
825
708
0
884
887
898
712
805
762
762
823
923
0
914
852
937
698
808
922
811
822
715
0
764
807
784
803
785
696
896
874
764
799
0
933
812
819
742
0
842
780
0
919
0
877
0
757
770
924
723
886
0
0
815
926
899
0
769
778
868
736
854
0
881
995
861
0
805
0
771
831
942
797
695
654
0
914
0
824
762
739
792
844
785
884
939
724
822
730
777
949
743
0
810
679
929
887
896
855
806
703
0
748
812
865
775
847
894
689
815
762
706
857
727
0
827
0
0
880
733
801
0
886
881
0
836
878
727
877
817
638
798
904
774
0
831
798
949
924
851
763
960
0
885
0
778
970
969
805
753
0
977
873
675
0
869
769
837
862
804
0
0
0
770
665
948
805
0
796
774
876
826
882
756
794
0
747
964
0
865
0
803
781
929
766
736
887
807
821
838
922
937
854
811
960
0
718
851
701
964
868
895
957
848
859
795
862
877
867
808
607
0
907
868
858
929
913
0
816
958
0
890
800
0
0
789
857
862
729
845
772
817
843
943
859
0
0
849
868
772
887
920
0
847
906
805
860
894
891
715
728
666
774
907
0
754
734
958
937
826
774
995
723
0
865
848
0
796
0
0
752
718
993
834
0
712
684
993
914
870
826
811
719
0
0
0
989
856
708
900
976
896
996
907
0
715
830
949
935
872
708
816
818
808
0
873
878
0
784
0
921
812
904
0
0
0
0
0
981
896
874
841
834
849
856
876
955
960
844
877
784
982
925
842
829
0
887
916
0
953
829
0
765
656
0
961
698
864
926
780
0
947
739
879
877
759
839
0
0
716
825
916
905
0
897
885
771
774
0
0
934
867
733
773
876
787
0
875
822
907
901
888
827
905
705
939
994
799
767
886
786
0
903
715
0
863
709
769
0
0
0
955
751
934
0
877
757
914
922
846
742
821
787
800
790
0
857
880
746
0
792
944
886
925
787
732
964
956
702
798
0
884
677
0
808
826
965
849
0
966
848
0
0
845
833
950
815
860
820
932
908
701
935
868
874
717
692
934
824
778
996
852
804
859
783
877
831
876
752
934
0
854
0
842
829
936
743
825
914
838
625
0
0
836
829
943
0
893
950
843
823
945
0
870
803
731
809
0
867
979
638
804
922
895
673
885
0
730
0
794
0
970
0
0
0
0
868
828
873
956
912
824
858
906
975
790
713
723
908
735
744
888
984
890
829
903
876
786
0
784
785
750
851
931
850
893
884
0
0
0
976
788
855
835
864
0
0
0
846
889
979
0
803
870
0
0
942
826
718
867
854
0
813
874
882
900
792
965
0
721
999
829
830
814
723
842
821
741
845
0
724
893
887
845
0
0
877
949
751
864
721
765
0
0
974
762
826
841
826
934
726
713
947
0
948
926
0
896
872
663
0
808
906
867
831
869
841
772
958
0
858
717
777
0
827
770
0
896
845
0
742
811
793
828
0
928
734
0
964
861
0
795
750
0
904
950
0
929
906
725
0
811
0
863
819
920
797
882
993
733
0
813
0
747
927
976
837
962
679
860
726
803
896
0
0
918
0
794
910
812
858
914
757
791
822
956
849
865
941
912
0
761
775
739
838
847
984
809
902
972
887
938
869
761
937
781
801
972
857
707
0
821
819
890
838
848
0
711
812
0
0
0
653
876
887
789
786
850
922
0
911
726
901
882
785
0
972
987
0
0
0
804
895
809
731
953
921
0
915
0
0
744
0
814
0
0
695
756
834
773
842
874
747
0
800
0
614
797
834
719
830
805
701
696
880
670
989
0
936
852
956
766
774
739
842
877
785
0
0
948
871
910
778
920
906
848
815
0
785
0
726
815
821
0
909
895
919
952
875
780
812
909
899
0
851
851
0
0
849
847
898
745
0
766
990
606
0
894
805
958
0
879
702
811
802
0
849
835
870
804
731
827
869
804
0
0
784
884
898
971
774
897
802
0
823
0
654
794
0
876
829
882
927
800
0
808
791
664
868
962
942
828
901
621
949
875
888
827
817
844
810
880
827
977
0
774
850
808
879
627
900
836
959
878
748
745
766
901
885
720
852
898
0
979
837
753
888
719
0
901
795
0
690
867
0
0
792
866
847
800
0
864
768
823
738
817
645
799
0
810
978
960
938
654
782
877
0
813
868
809
786
778
831
0
891
0
912
679
754
862
0
804
930
872
0
768
0
0
712
787
936
900
976
0
808
0
709
835
0
802
914
0
0
865
805
774
878
819
814
768
844
898
853
902
833
0
896
802
811
854
697
864
801
766
887
807
760
0
929
860
759
717
0
901
0
893
0
861
847
959
862
654
853
832
837
858
864
959
753
937
0
832
849
0
941
959
0
758
0
798
922
0
802
904
0
703
800
933
982
863
911
997
830
0
701
826
832
743
805
0
766
846
821
891
0
841
914
747
684
0
743
792
837
614
791
709
0
662
725
852
994
0
818
825
0
0
844
772
887
961
950
776
707
0
766
0
878
839
826
811
0
966
982
791
933
910
771
810
881
952
777
727
854
814
884
961
717
716
657
760
0
0
897
868
850
787
900
869
788
878
762
851
902
732
0
825
987
832
0
0
950
872
943
764
892
912
879
0
846
820
0
956
896
0
699
936
716
0
887
942
776
688
684
0
817
0
0
964
993
875
825
965
962
797
664
835
662
0
793
837
745
738
928
878
798
0
825
878
815
790
765
0
866
857
840
800
988
898
858
822
0
0
850
0
818
716
823
839
751
736
738
782
899
858
858
866
845
823
862
884
845
722
766
926
975
0
716
753
936
735
0
822
754
913
981
983
833
856
0
985
789
842
765
758
988
833
895
877
0
904
893
904
880
798
0
0
744
766
657
824
842
0
0
863
726
918
824
0
914
822
914
0
679
834
868
0
725
793
0
762
943
972
797
951
0
617
871
882
796
911
705
0
734
846
772
927
866
738
903
891
767
0
834
630
889
761
853
731
0
862
866
848
892
606
0
843
832
0
907
789
779
0
863
957
855
872
0
857
778
722
900
893
751
940
961
764
0
709
919
0
0
846
754
800
717
949
623
993
926
658
919
1000
927
0
688
645
805
959
825
734
784
836
717
876
674
880
762
865
870
907
838
721
860
719
962
802
852
837
762
0
0
0
759
683
653
616
0
692
680
0
0
677
0
858
774
944
815
823
0
938
966
980
828
0
789
817
795
0
0
0
771
0
652
817
986
823
0
851
777
0
770
0
907
836
964
610
820
958
0
947
808
777
781
833
953
0
0
852
759
0
908
0
811
844
810
714
882
842
0
711
0
0
888
959
0
791
628
825
863
857
982
716
0
720
0
863
739
0
826
901
625
999
726
830
942
914
994
745
943
0
0
786
834
816
0
773
926
879
753
853
853
876
846
810
855
759
808
915
697
715
957
825
850
0
903
775
841
876
726
752
858
0
924
867
0
955
757
902
815
0
0
874
836
645
0
813
787
813
764
827
757
817
817
753
949
960
847
885
791
813
931
879
766
797
780
764
916
945
855
993
848
743
742
795
868
0
0
792
713
0
722
831
0
972
809
809
792
803
811
888
0
829
803
805
828
0
0
738
972
0
786
0
0
852
730
882
833
865
855
753
910
945
0
970
797
954
815
942
856
892
821
0
768
0
744
0
889
801
856
947
802
839
877
898
0
0
939
711
796
931
0
633
0
887
911
822
640
728
806
879
903
818
862
0
974
0
762
930
892
858
786
0
821
735
893
837
862
757
0
922
0
771
793
934
865
737
911
0
836
0
0
886
901
747
0
825
844
781
719
827
0
830
896
701
901
0
818
928
797
759
834
0
0
0
623
820
760
870
0
0
871
916
846
767
867
784
857
812
801
877
747
866
874
766
671
905
704
781
660
880
837
814
884
735
885
909
771
966
968
829
754
989
708
0
886
957
0
885
753
872
892
821
0
820
795
844
793
783
0
776
711
877
902
904
964
941
951
817
932
817
987
0
566
0
821
0
798
738
780
769
862
885
845
0
833
880
785
929
0
905
836
814
0
696
621
865
825
878
951
683
816
852
0
0
764
0
799
801
849
975
824
786
855
792
0
935
744
866
0
777
865
749
818
850
0
911
838
870
961
0
881
875
822
813
896
822
834
946
816
788
826
987
0
845
794
783
904
964
615
0
873
825
0
750
804
976
0
851
849
0
738
837
757
992
867
727
734
778
864
811
732
841
0
842
895
846
979
774
786
668
724
800
0
929
795
0
884
766
0
705
829
723
0
880
949
805
0
798
0
653
0
730
623
764
0
0
885
772
851
698
0
0
852
0
635
0
880
864
873
855
0
851
703
863
946
708
870
737
933
0
942
933
0
796
823
841
0
848
813
954
0
0
0
861
705
0
0
767
0
906
913
836
0
829
835
890
749
806
849
984
955
804
777
0
871
883
925
931
0
0
0
833
872
0
886
806
687
810
715
746
811
0
0
0
731
899
939
736
0
939
943
842
918
670
875
774
0
0
617
616
773
882
820
0
0
0
923
769
749
977
824
783
849
899
886
822
803
907
637
812
907
973
855
865
989
828
908
0
0
784
0
837
964
0
800
785
720
808
906
792
822
827
749
0
0
920
0
798
873
600
874
904
0
908
805
782
906
0
800
698
814
931
775
821
732
0
795
805
824
848
856
0
845
0
605
840
842
596
684
0
807
732
725
747
786
675
724
887
989
994
0
821
0
989
888
878
844
825
871
0
926
833
760
799
885
923
0
811
839
935
0
752
837
711
810
817
722
901
812
818
778
844
885
0
875
962
989
0
881
873
870
790
896
0
698
938
809
812
765
777
0
778
914
0
982
692
681
832
838
982
803
805
837
733
0
879
807
802
891
802
796
986
959
0
917
788
0
764
0
863
857
866
0
0
808
0
852
919
905
865
970
774
722
861
972
844
822
807
856
799
893
741
794
0
827
819
772
878
882
692
879
865
870
801
772
769
811
0
542
814
867
716
755
0
884
873
853
893
939
786
917
924
819
831
763
963
789
773
859
927
717
0
943
759
722
884
807
0
939
879
802
663
902
782
741
679
763
748
0
840
886
813
0
906
835
839
736
851
914
808
794
942
983
738
845
0
893
841
822
817
0
638
714
865
787
893
991
0
695
851
697
926
861
745
934
732
730
821
708
767
950
845
910
936
817
814
887
815
796
680
753
855
0
849
851
749
839
542
0
