0
806
948
561
897
0
0
625
0
599
504
0
604
529
0
0
845
0
903
530
808
984
617
0
655
868
1000
742
0
704
0
789
909
0
780
0
846
0
907
0
927
627
951
728
0
754
507
510
966
0
745
0
760
561
0
984
0
719
0
0
844
697
0
0
782
0
710
809
798
916
568
0
906
582
0
677
0
820
0
680
0
0
0
821
0
0
608
745
0
0
581
0
0
877
0
826
0
815
723
899
806
0
713
803
0
0
868
0
0
552
944
656
0
580
0
0
893
0
802
825
0
610
745
0
737
944
798
731
0
792
507
887
0
552
0
0
0
720
942
888
0
0
685
0
738
899
0
0
907
0
590
0
912
0
0
0
603
880
0
997
0
0
774
771
0
992
0
0
816
0
642
0
532
532
970
829
603
0
0
0
0
0
0
568
0
0
0
0
661
0
947
0
836
981
907
0
521
509
850
611
948
713
0
953
673
0
690
536
987
838
0
824
931
0
996
791
606
901
946
842
890
0
0
563
933
723
758
0
0
590
609
916
959
632
0
694
957
0
521
0
0
0
997
775
641
520
965
0
589
810
607
537
791
758
667
0
0
834
581
919
0
728
709
769
0
702
860
683
0
0
977
521
991
944
849
0
620
0
885
561
802
745
845
933
0
0
698
0
0
891
0
868
569
550
548
634
636
0
680
0
561
803
953
0
589
928
0
0
614
962
578
0
889
657
788
0
994
814
0
952
563
550
0
506
0
678
0
610
599
899
802
877
848
666
872
910
841
0
707
677
582
0
0
519
0
774
0
819
532
544
838
734
714
726
0
589
932
720
981
663
905
0
874
0
831
602
556
811
795
0
728
850
504
974
0
0
962
753
0
982
961
561
634
504
538
573
0
780
704
552
940
792
880
781
877
0
833
0
777
873
897
0
673
589
0
0
754
769
529
0
908
944
618
0
615
610
772
0
951
957
0
890
621
0
795
0
651
610
549
893
620
0
715
902
886
886
678
771
657
953
0
0
940
822
0
547
604
0
585
636
0
0
0
0
562
634
650
834
603
0
871
0
668
0
660
625
747
895
573
938
949
536
0
995
894
715
761
618
921
553
707
829
846
0
848
0
538
0
931
860
561
948
965
629
614
646
0
0
0
737
0
0
0
928
0
0
0
769
666
0
627
0
0
503
941
0
784
0
521
930
0
0
780
891
524
687
993
575
967
883
0
0
611
864
936
0
0
674
814
758
548
823
706
712
0
988
970
0
716
832
702
0
0
798
0
0
0
677
0
0
817
721
687
988
0
780
709
618
0
688
0
742
0
768
0
0
605
798
781
0
900
978
718
0
849
895
535
641
664
623
0
762
0
933
808
0
0
625
0
0
0
868
690
0
754
0
0
618
569
0
653
982
867
801
608
801
522
825
755
0
530
0
521
0
0
663
687
840
783
0
990
749
809
0
825
0
733
0
538
859
988
0
717
0
906
677
0
0
0
521
0
0
662
676
617
768
0
832
0
0
551
804
562
0
0
859
0
0
977
919
816
0
646
810
0
0
0
0
0
632
0
0
939
690
891
0
853
0
758
587
727
0
0
0
888
0
776
559
922
653
625
0
536
0
769
769
618
0
0
0
0
0
0
520
617
0
0
628
501
767
897
658
0
0
0
692
0
541
612
0
649
0
0
566
546
0
757
766
0
977
602
701
807
0
0
0
826
0
533
790
0
0
550
524
689
0
0
939
693
0
0
0
571
0
778
660
707
667
520
956
802
891
933
825
0
882
775
763
0
935
0
913
638
588
0
754
636
0
862
545
788
823
668
0
799
0
767
0
660
0
0
0
987
614
529
666
569
0
0
553
650
506
648
855
675
841
0
989
560
584
0
715
724
591
584
0
502
851
606
0
743
646
528
909
0
502
785
0
573
902
542
578
0
621
0
0
813
0
0
741
0
664
751
522
0
901
699
840
0
660
0
799
0
895
742
695
868
0
0
736
0
940
583
764
643
0
0
716
643
0
0
0
935
948
510
0
0
649
539
671
0
666
682
571
593
622
669
954
0
687
599
552
838
962
0
0
0
0
553
0
0
589
0
858
961
0
704
0
0
0
637
775
540
699
522
875
501
690
518
961
0
0
0
0
734
0
831
0
997
955
870
793
930
0
0
0
647
562
0
625
0
626
0
786
0
794
614
0
947
908
633
550
933
976
0
0
757
772
0
0
793
0
0
725
645
977
0
954
0
694
0
717
0
532
554
774
0
0
747
584
689
666
781
664
692
956
917
0
759
0
504
944
0
578
908
627
653
0
650
0
0
0
0
0
569
632
642
794
0
0
755
0
702
825
0
823
855
0
666
0
857
788
674
877
617
0
824
661
0
522
0
0
695
0
924
504
0
530
818
855
929
0
632
567
0
647
0
0
837
574
0
825
774
0
661
972
682
765
570
595
556
627
0
0
971
768
0
524
571
916
0
610
0
814
609
807
587
518
0
562
525
998
862
910
0
687
0
782
779
506
0
656
824
0
944
0
982
0
506
589
0
0
690
0
977
849
643
0
0
0
775
0
0
0
554
927
528
0
0
0
0
968
664
0
578
790
651
0
558
0
0
985
799
904
881
0
956
817
709
0
899
0
636
977
780
948
0
0
895
931
625
607
0
975
599
0
0
875
0
0
547
641
0
801
829
674
744
936
622
741
784
730
989
699
0
961
821
811
826
919
928
0
632
0
880
551
880
579
722
0
604
0
931
889
618
0
867
0
648
0
0
690
0
0
966
867
1000
707
621
594
0
567
936
573
530
0
743
0
778
738
739
520
0
825
577
0
0
0
892
914
752
809
0
726
560
0
817
0
718
925
0
0
769
545
706
805
515
0
0
954
0
569
0
0
528
786
0
0
979
598
0
574
0
717
793
0
0
856
0
0
0
837
930
0
744
950
772
595
500
576
669
840
0
940
0
933
552
687
0
0
529
580
0
657
0
503
801
520
855
858
0
0
0
0
0
928
593
0
537
926
516
0
918
0
949
0
950
523
569
829
545
642
827
944
836
965
625
567
517
0
0
0
0
779
896
716
847
611
756
628
632
712
653
0
757
664
0
525
0
841
757
857
0
972
816
592
705
971
695
0
0
607
815
924
0
871
643
503
0
616
0
0
0
570
0
640
631
982
0
986
904
830
730
951
0
0
0
0
545
992
0
0
996
788
615
941
608
617
675
961
569
977
966
0
0
0
968
0
0
0
0
0
0
699
557
678
599
0
0
530
763
623
0
528
0
0
0
589
655
0
786
0
0
0
934
529
0
811
872
0
853
0
585
560
0
962
966
823
0
0
0
0
822
0
863
0
845
857
0
0
551
728
0
848
796
0
896
0
0
0
997
0
0
663
0
650
929
0
922
729
721
0
515
0
0
0
956
0
0
587
0
0
791
0
610
0
801
0
841
0
632
849
867
928
0
0
891
822
714
0
672
992
943
616
552
577
624
987
567
582
0
870
993
688
0
662
0
0
927
0
0
0
686
905
0
895
637
904
0
906
0
0
963
0
0
508
0
0
0
0
0
0
681
623
800
0
682
632
920
970
0
732
0
781
0
648
895
844
0
666
740
0
0
0
898
0
596
876
637
932
588
509
0
978
0
940
917
543
853
0
845
893
606
994
772
784
522
0
0
704
642
643
1000
593
968
891
0
559
630
661
700
911
946
822
779
509
0
507
705
690
648
656
982
0
515
0
0
0
621
0
0
517
777
0
0
0
0
0
574
0
0
560
561
665
832
0
624
0
618
0
640
715
504
790
0
899
903
0
780
0
527
586
0
934
709
830
567
0
602
601
562
0
811
0
961
0
0
747
858
0
906
559
0
786
897
0
638
761
753
512
0
0
901
814
0
0
825
628
989
0
794
0
707
0
0
822
559
0
0
0
834
917
855
544
0
0
844
0
0
884
0
0
0
0
905
522
769
0
0
610
943
717
0
0
989
829
789
0
0
561
701
802
961
956
867
0
0
0
746
561
0
684
993
0
0
720
695
833
734
0
556
985
542
927
0
599
0
0
567
0
788
857
726
623
586
0
0
797
783
840
647
733
810
653
0
994
958
0
529
793
903
802
946
0
951
521
755
501
560
0
0
0
621
537
0
714
630
0
0
980
0
0
797
808
0
0
0
824
945
959
0
0
880
0
0
0
0
0
0
828
0
0
693
749
0
0
827
0
639
661
0
0
0
0
534
0
856
0
982
925
988
708
672
0
0
785
0
0
866
892
878
550
606
850
718
868
602
561
0
602
686
850
932
0
879
706
953
0
697
570
0
926
524
545
629
726
0
743
515
0
530
825
842
952
957
930
0
767
584
0
0
0
594
926
0
0
661
0
980
0
841
0
845
658
813
949
878
835
555
771
0
0
974
0
585
679
0
0
751
0
751
0
735
0
0
0
629
626
986
692
655
700
0
0
726
992
0
0
0
0
976
788
735
959
0
598
629
0
838
0
0
801
0
742
635
741
816
855
856
540
793
0
633
939
827
652
0
849
870
0
869
933
769
794
0
896
800
0
672
546
808
0
890
563
0
0
530
897
0
637
755
775
0
516
0
672
700
834
0
841
0
507
861
0
0
510
0
589
817
0
0
0
840
953
929
723
689
861
0
0
565
980
637
901
0
561
520
0
0
0
576
0
575
788
689
0
506
536
0
827
791
638
0
0
668
646
0
943
721
713
963
0
662
0
0
945
0
0
0
567
1000
597
898
0
727
0
533
736
0
0
0
505
605
0
655
0
544
0
0
573
984
610
0
550
890
0
0
658
715
775
0
0
567
0
0
992
911
917
0
0
507
0
0
865
0
933
0
0
991
567
0
0
716
643
901
506
585
0
803
995
0
0
0
0
679
0
765
525
0
629
0
605
727
0
911
844
0
513
769
649
888
894
757
0
795
602
795
0
0
959
981
865
648
940
877
0
533
0
867
717
667
665
935
570
948
644
0
789
586
790
920
769
574
0
0
578
0
579
790
796
617
745
0
0
621
780
521
0
724
540
702
0
936
918
0
943
946
855
797
845
861
0
0
873
615
816
837
544
868
689
756
696
0
0
0
706
0
0
0
862
0
0
763
951
723
798
0
771
962
0
0
0
641
673
0
879
0
0
539
0
0
669
594
859
899
946
765
934
0
705
0
935
663
876
937
599
0
622
0
754
658
522
0
734
0
0
765
675
0
0
929
0
685
907
0
0
944
683
908
742
0
0
563
506
0
891
0
0
591
699
825
0
573
0
699
616
822
544
808
658
0
865
873
0
0
921
0
556
0
908
873
966
832
0
974
835
756
0
555
0
0
0
570
844
854
0
788
673
0
766
866
0
0
0
803
523
0
524
666
520
0
544
0
0
603
0
900
665
0
521
0
968
912
633
996
940
0
0
0
0
577
695
527
603
0
796
942
997
0
0
0
664
989
734
0
604
872
819
0
0
655
737
933
0
795
524
0
0
584
522
0
554
530
949
557
552
779
0
0
813
0
0
615
0
0
0
503
775
852
578
718
618
550
0
504
722
817
980
833
802
0
0
0
909
0
814
857
954
601
718
0
0
656
0
913
627
566
931
0
555
0
689
677
0
808
564
0
678
0
829
583
0
0
0
800
676
746
0
779
757
0
812
0
638
937
0
925
732
925
804
809
987
801
520
624
946
879
0
938
993
868
944
723
678
0
687
663
692
0
875
823
927
0
0
678
577
509
0
0
949
510
933
816
921
0
0
0
515
0
824
0
0
621
928
699
849
0
966
0
712
523
621
858
0
653
717
518
900
569
625
0
679
0
0
723
555
556
0
0
970
0
544
778
990
740
0
840
578
753
906
713
616
727
544
714
0
744
0
0
669
560
602
919
0
605
608
594
546
737
689
0
0
0
0
0
756
0
0
829
563
1000
798
758
0
651
993
687
0
502
501
855
528
743
950
599
624
0
844
0
878
0
0
837
0
503
0
0
606
648
744
711
0
654
0
598
667
527
981
998
0
538
891
774
0
607
604
839
0
618
0
0
947
0
0
0
0
0
915
818
626
896
537
0
864
0
572
544
0
0
636
846
573
956
822
534
574
955
695
897
990
912
0
0
792
988
0
863
541
0
0
0
0
623
633
809
567
824
642
0
709
742
731
0
610
610
575
840
541
851
690
0
0
0
523
0
987
507
0
824
835
589
0
544
556
775
515
606
0
798
877
588
0
0
601
698
644
0
0
614
770
0
0
751
862
855
730
0
0
967
0
0
0
0
660
683
0
961
0
876
805
530
991
921
579
653
582
0
582
0
0
0
853
586
963
804
771
703
552
780
0
584
0
869
834
0
0
555
0
0
975
787
0
0
0
0
0
0
0
995
834
0
0
0
599
549
967
783
612
606
518
666
0
778
569
0
567
705
0
945
555
817
991
868
0
852
0
648
798
0
0
943
536
638
663
0
0
512
0
0
832
756
0
681
956
0
0
0
0
0
0
0
0
0
540
995
757
540
954
664
743
725
706
600
833
0
0
882
984
814
556
746
685
0
660
0
596
578
0
0
723
584
998
0
0
0
0
675
662
0
0
876
0
976
0
680
661
734
977
964
0
704
792
590
899
893
883
0
0
0
961
0
0
738
829
530
582
690
884
959
771
0
567
689
908
578
824
744
877
0
0
768
0
544
0
585
632
742
841
0
0
0
731
577
972
594
844
871
972
0
0
0
949
764
0
782
555
786
755
704
0
0
634
0
829
572
0
782
702
587
0
677
688
0
592
0
655
0
0
595
636
0
919
555
674
772
0
862
528
0
874
530
0
665
743
0
0
0
561
786
680
0
507
609
802
620
0
990
649
743
0
857
0
739
545
763
0
648
0
0
0
0
0
756
873
718
0
711
588
943
768
0
908
873
988
700
752
0
0
677
0
0
984
705
849
768
0
658
621
0
977
0
0
0
0
864
990
0
0
0
0
567
942
882
722
619
522
734
685
515
571
898
858
618
713
780
807
0
0
0
0
0
885
0
573
1000
973
730
775
0
933
991
830
853
919
0
868
0
688
0
0
789
887
916
877
0
0
749
0
646
0
788
968
520
642
623
870
656
0
0
0
0
0
696
966
618
0
0
0
536
0
908
0
819
893
0
0
708
930
597
0
821
550
0
764
0
0
865
605
860
0
0
0
870
553
994
0
0
742
0
737
0
910
529
726
984
715
0
0
970
0
589
912
0
872
577
995
536
655
773
503
0
0
690
0
0
0
0
681
962
685
0
526
629
669
777
0
778
939
606
801
909
0
959
848
715
611
809
0
528
0
674
664
0
827
0
993
982
0
880
974
840
716
0
832
550
621
654
0
638
544
873
819
0
672
0
0
742
940
641
633
914
763
0
790
857
0
975
567
0
0
870
0
931
506
523
954
0
983
840
863
0
757
845
0
0
607
989
552
942
591
538
0
0
940
531
896
870
759
889
978
954
514
980
0
839
563
0
500
0
0
953
800
651
0
687
0
0
866
640
0
0
552
632
666
902
864
0
566
909
0
877
0
825
944
528
688
0
0
0
0
953
643
0
0
0
928
0
601
663
0
988
893
672
0
790
766
0
0
916
563
773
759
693
505
611
710
756
0
0
642
960
725
0
0
978
0
516
796
668
0
733
837
570
725
847
0
720
732
509
0
0
854
0
544
839
951
931
785
733
966
0
535
0
564
831
886
763
0
0
949
0
0
0
0
0
677
510
0
0
949
780
0
0
872
886
936
825
546
0
734
617
578
577
836
0
0
515
905
0
585
929
901
0
974
504
699
598
698
0
585
700
0
0
790
0
0
965
817
0
539
0
672
967
787
945
917
0
0
823
907
0
769
947
0
0
0
732
910
845
0
912
741
0
937
0
949
0
938
836
0
0
929
635
0
578
888
503
0
0
0
0
0
0
751
920
0
623
0
649
802
500
609
856
586
818
0
0
884
808
870
0
0
694
910
886
0
0
0
502
0
0
790
0
965
0
662
0
522
0
679
723
506
706
835
722
849
667
644
0
632
752
0
0
766
0
0
0
0
0
0
0
0
0
0
0
633
819
0
595
0
525
0
687
595
540
662
548
723
0
557
578
0
0
555
861
602
522
733
704
917
690
849
0
946
0
0
854
978
0
0
847
912
530
0
653
0
0
666
661
0
546
535
815
936
0
743
605
529
992
810
846
0
957
841
678
0
733
757
785
831
824
651
0
625
0
0
0
769
0
0
689
585
0
756
817
0
527
0
512
742
0
708
742
0
965
0
0
0
980
508
515
510
0
0
0
0
636
614
0
738
0
0
535
0
901
627
0
800
879
914
915
0
0
548
0
663
0
672
0
0
896
0
0
945
0
789
0
569
509
673
738
0
515
731
999
662
0
0
735
958
0
870
916
0
740
0
715
810
0
955
0
720
0
0
771
674
0
766
0
0
661
0
0
567
589
0
0
0
0
0
861
0
0
0
980
966
981
0
0
841
0
930
940
0
817
0
0
0
867
0
988
718
563
804
666
500
0
0
525
937
761
0
0
0
0
993
999
708
0
848
0
935
948
565
957
577
951
661
789
776
880
879
0
833
575
0
735
0
0
0
0
0
651
717
0
0
0
0
0
586
955
0
922
689
544
525
890
0
969
0
907
942
521
707
657
814
538
0
573
997
0
558
892
517
655
927
621
0
0
751
0
803
0
555
833
0
998
614
0
0
677
597
641
916
0
0
980
867
0
0
909
0
943
0
0
0
822
0
728
666
0
0
556
807
787
829
933
0
0
648
842
785
591
0
0
566
0
600
765
999
584
509
800
590
624
0
956
0
635
905
0
0
717
0
0
958
825
0
709
0
852
699
945
0
878
841
0
855
997
721
0
888
0
677
953
758
859
977
902
955
522
0
914
0
0
0
0
610
828
0
0
995
862
0
802
712
0
770
832
0
0
0
633
563
539
0
508
0
0
0
677
0
0
842
0
0
652
864
0
0
930
0
609
702
603
790
946
761
961
937
991
961
911
0
967
963
512
505
696
0
0
855
0
0
0
662
838
756
0
924
642
871
924
0
961
660
0
986
871
0
0
841
931
0
764
829
565
856
0
783
927
0
0
582
0
548
988
602
542
870
0
0
752
0
786
0
0
943
0
751
565
0
0
0
0
523
538
0
756
0
0
821
914
773
0
0
515
988
909
677
0
0
0
510
993
0
996
0
783
0
702
522
820
843
802
611
0
733
608
831
789
783
848
0
664
658
534
817
0
0
518
0
877
780
723
0
748
873
0
847
0
0
900
892
0
0
747
697
664
805
606
680
902
0
592
728
0
0
0
745
627
0
0
0
0
823
0
701
578
793
0
985
809
0
0
0
517
717
0
0
980
0
0
0
0
621
891
0
0
731
984
550
763
759
672
0
510
718
0
0
0
0
950
997
929
811
586
0
0
697
988
851
959
968
761
0
919
791
927
582
886
777
786
0
832
0
0
0
0
0
973
873
697
660
531
829
0
649
0
0
0
0
0
0
584
509
789
614
0
809
555
915
817
562
0
0
0
823
0
0
951
685
997
0
940
706
717
807
0
930
695
799
0
0
0
686
777
0
693
735
637
0
763
570
0
858
774
751
681
577
705
0
0
693
967
0
0
563
943
0
0
950
0
652
0
854
732
0
633
592
921
544
914
971
0
562
665
739
709
708
805
0
999
704
0
0
0
844
788
0
657
691
694
617
0
0
0
779
561
0
683
0
609
670
0
0
758
0
746
840
0
526
518
739
1000
0
921
0
511
696
728
0
775
519
822
712
0
0
621
0
0
904
726
779
0
905
0
0
749
0
901
0
951
844
909
0
0
862
956
972
849
764
790
505
787
0
0
804
0
842
510
997
652
0
0
729
0
0
0
0
845
1000
0
685
636
783
0
922
527
565
0
525
543
539
682
0
0
740
854
624
0
822
601
0
0
900
686
0
1000
0
695
0
754
638
0
0
780
0
562
895
570
879
0
535
810
634
825
755
0
839
0
738
641
0
0
0
906
0
0
0
924
881
560
896
934
0
0
989
0
0
0
679
723
854
0
653
607
855
0
594
768
0
857
611
945
0
0
666
0
0
993
929
0
0
0
561
846
600
0
754
0
968
948
892
0
988
926
856
929
725
889
566
787
0
0
0
726
985
0
0
866
0
725
0
0
753
664
0
0
0
640
934
540
527
744
523
792
956
0
581
514
652
860
607
787
752
589
797
718
0
754
899
520
774
547
988
677
0
0
0
504
0
0
716
529
895
0
829
0
0
561
0
798
0
814
717
604
730
0
844
0
0
0
710
917
633
0
500
0
0
0
811
854
729
561
0
889
944
679
766
0
0
568
586
621
0
922
0
696
878
798
604
0
648
0
0
990
0
551
0
719
548
0
839
0
0
0
770
886
0
0
740
0
0
0
618
865
757
0
519
511
688
998
712
824
0
0
744
678
0
507
0
965
0
604
970
0
826
813
647
0
956
817
847
0
637
0
789
827
629
520
765
0
788
857
518
839
0
0
871
658
865
975
756
0
819
636
0
822
652
996
586
732
0
846
889
0
942
536
0
933
0
884
0
0
739
737
0
0
716
0
0
803
995
0
619
0
0
0
702
670
824
892
819
0
0
962
750
0
673
745
638
567
0
992
993
797
882
0
894
681
903
0
791
783
513
629
748
0
914
510
0
0
819
0
0
0
0
0
562
530
817
0
611
811
904
0
0
0
626
0
525
771
673
954
900
0
0
0
972
621
605
567
0
0
0
614
0
0
864
0
0
0
0
600
944
942
0
0
0
981
0
0
661
699
831
602
705
692
813
0
0
0
0
677
0
972
584
802
614
0
888
0
750
616
0
563
0
512
500
859
852
615
785
745
0
0
609
534
0
652
747
500
0
0
970
0
729
0
0
966
907
589
532
585
716
0
533
0
0
818
709
718
756
872
0
574
0
639
986
0
0
962
0
601
569
618
967
0
0
0
860
0
0
823
595
0
525
728
0
783
0
633
0
0
679
536
0
0
994
862
0
780
866
0
818
645
703
0
0
721
0
659
777
0
0
0
612
705
754
0
548
0
742
574
0
809
630
0
0
0
780
890
895
858
798
0
922
0
0
0
845
597
909
623
953
757
706
0
0
0
0
810
544
636
832
521
790
741
625
855
0
925
628
0
906
0
561
661
692
0
629
0
766
718
625
0
0
0
0
977
0
0
642
907
0
738
937
666
0
0
697
592
0
754
766
0
0
994
0
0
0
975
0
0
756
802
724
607
608
0
0
0
0
753
524
0
0
641
581
0
0
895
805
938
565
707
737
922
678
0
805
664
0
776
557
829
720
0
505
0
637
0
0
772
897
0
0
790
0
745
590
607
838
0
702
0
0
0
0
929
899
0
632
853
0
0
701
0
655
576
0
0
866
0
0
0
0
0
0
0
0
870
960
0
525
0
761
0
930
702
988
921
845
0
0
933
981
862
0
0
560
0
684
0
0
602
913
0
717
547
752
907
805
544
786
0
0
802
0
0
881
0
675
773
0
958
0
993
597
0
903
0
892
851
981
825
985
0
932
0
657
0
998
0
558
503
736
936
0
0
0
537
734
0
0
0
0
664
626
0
0
0
712
0
0
560
802
0
700
0
605
0
0
0
679
947
0
0
949
0
0
0
725
769
0
0
0
0
0
522
851
544
1000
968
0
0
0
0
0
560
0
971
506
610
969
508
838
997
875
607
897
0
526
0
905
513
0
838
707
869
981
0
762
729
0
844
922
0
0
0
967
702
0
939
534
721
0
971
766
817
624
946
796
0
729
549
0
821
0
760
912
791
714
0
0
662
550
751
0
632
636
769
653
585
963
561
961
0
0
575
727
641
0
656
0
0
0
0
764
0
870
931
0
947
687
535
0
556
609
820
959
914
0
948
568
884
0
780
975
0
971
0
0
0
0
0
0
864
0
552
608
957
877
915
570
756
728
649
555
960
783
0
769
0
0
913
857
885
0
0
847
0
642
745
0
0
588
816
701
0
0
978
0
733
0
0
0
845
899
561
0
758
726
0
798
676
524
522
786
567
977
545
0
560
0
665
956
0
0
788
0
673
0
0
0
0
660
540
0
0
553
506
0
0
595
0
0
807
702
843
968
971
685
892
586
0
661
866
0
684
506
0
0
779
0
0
0
882
624
0
918
0
972
807
0
574
801
936
968
606
932
681
0
0
0
0
0
989
720
632
712
0
823
989
0
954
0
0
0
0
998
878
0
737
0
812
814
553
0
0
0
667
0
562
0
617
689
0
0
0
780
706
757
0
0
832
867
534
726
689
911
0
803
913
723
0
683
995
782
864
994
523
978
0
540
901
0
787
603
802
761
0
636
0
621
0
699
0
0
0
610
0
779
0
687
736
0
846
655
528
0
768
762
579
613
834
691
0
943
957
946
799
0
566
513
933
533
0
0
595
824
0
923
0
863
879
592
735
924
0
0
886
0
0
882
0
738
643
604
984
0
0
589
634
0
768
0
901
794
647
948
805
664
962
508
0
0
0
992
0
844
879
523
627
555
0
0
757
555
990
0
954
0
0
662
627
993
829
790
611
0
562
783
988
0
739
831
818
756
0
969
0
0
687
0
0
0
0
730
0
0
0
893
666
0
792
842
798
650
596
601
0
0
0
0
894
785
0
627
672
829
878
776
0
594
507
594
811
0
0
0
0
0
778
850
0
815
652
0
0
603
0
932
650
0
0
0
699
614
0
0
515
0
966
0
624
0
856
0
506
0
0
0
566
556
0
961
540
786
0
0
0
516
732
548
0
999
933
946
0
919
665
0
926
922
737
602
645
802
602
508
0
0
736
0
0
0
854
778
0
634
0
949
976
598
0
0
0
0
616
0
502
512
0
0
776
751
578
0
0
783
512
747
583
714
958
0
643
0
0
788
794
530
0
722
949
585
0
557
719
880
834
720
834
677
832
939
840
0
0
0
0
525
823
0
0
0
0
0
536
513
0
524
931
0
915
0
954
755
0
742
983
796
910
723
800
708
0
761
733
791
739
922
856
0
0
705
703
724
913
838
0
0
0
0
0
0
937
749
0
0
874
0
950
0
641
522
659
600
668
0
0
605
789
679
856
0
966
856
0
970
0
944
0
852
0
0
0
0
0
604
763
814
856
0
0
859
650
0
0
0
581
981
603
0
0
693
0
947
837
895
0
0
0
0
618
746
982
0
0
769
539
666
0
0
818
876
664
704
0
0
840
668
845
0
879
0
0
961
608
927
709
527
929
696
0
692
0
607
0
997
864
882
846
0
854
937
0
0
917
0
530
657
0
0
0
802
920
913
0
687
0
524
0
957
835
857
912
675
599
674
970
917
897
723
510
0
941
0
540
0
794
839
0
986
0
924
0
0
0
997
919
663
0
0
0
0
660
908
574
931
954
841
0
0
0
561
925
0
827
649
0
520
555
970
626
805
743
0
0
737
863
0
0
557
914
848
648
937
831
582
708
565
725
878
716
813
0
608
717
875
0
624
655
730
778
749
0
0
0
909
0
0
0
747
521
680
701
0
0
510
849
909
0
570
725
694
838
504
541
685
673
774
546
865
667
984
984
0
588
998
699
940
989
0
0
0
0
642
844
0
0
905
871
817
551
0
0
633
0
625
0
757
0
0
640
0
988
976
791
888
0
0
0
0
896
530
725
0
567
0
0
733
912
578
915
0
842
991
789
886
805
0
889
798
0
0
721
0
547
607
552
0
528
0
0
0
917
0
0
975
682
0
790
697
878
0
807
0
0
0
610
741
998
0
0
732
0
897
520
643
579
0
834
564
559
0
511
0
0
799
801
866
888
726
637
0
808
0
697
0
728
0
0
721
804
0
799
550
825
607
569
857
0
0
715
684
708
788
638
894
669
544
689
544
537
991
706
634
942
910
757
837
741
0
0
935
785
961
783
777
0
525
566
604
0
0
0
0
752
897
608
918
0
0
634
0
0
909
975
0
0
791
0
664
0
545
0
673
936
949
718
843
519
795
739
0
0
0
585
799
0
0
501
988
750
555
712
683
616
555
0
561
0
675
593
566
973
703
0
774
709
874
668
687
562
571
0
933
774
0
0
0
822
681
504
993
672
735
0
757
594
0
677
778
0
921
600
0
882
529
845
570
0
0
0
948
591
911
848
786
999
543
787
0
803
0
659
0
907
0
957
0
768
0
0
874
530
0
682
0
0
0
927
674
0
792
793
979
629
0
0
714
705
548
531
0
735
0
906
661
812
0
862
0
629
830
0
940
826
892
804
841
615
0
809
581
989
767
0
771
769
0
0
988
0
0
895
976
0
975
0
972
0
623
790
0
0
959
0
0
859
0
0
990
864
579
833
829
722
726
0
725
937
555
548
565
0
0
0
0
704
539
0
648
995
0
777
0
805
526
877
972
762
893
949
0
657
0
0
791
0
0
0
0
596
985
0
924
654
818
0
910
551
580
837
907
974
712
815
854
888
568
822
0
0
521
0
0
911
816
977
0
646
714
0
760
746
0
782
0
0
831
660
0
0
778
742
0
661
599
528
816
863
800
0
0
0
0
668
795
899
603
808
740
0
653
0
572
619
984
0
847
0
861
0
957
0
967
664
832
0
682
0
0
0
677
0
753
544
0
915
807
579
666
976
950
0
0
790
0
927
0
0
827
0
0
901
0
507
0
0
651
0
0
950
574
561
727
0
991
744
579
760
539
0
0
0
503
596
846
868
910
546
647
0
0
0
0
0
992
702
602
625
780
859
660
695
0
972
0
786
592
0
0
899
720
785
598
646
602
946
0
564
0
572
582
0
0
522
715
607
0
949
602
663
577
566
963
658
0
0
0
0
0
619
0
0
524
786
905
570
0
613
0
598
0
0
747
697
664
674
0
827
0
0
564
708
734
0
0
710
698
719
0
0
501
944
632
712
990
845
0
0
597
0
0
0
876
0
670
0
0
0
0
679
638
577
0
710
0
860
556
747
709
0
707
868
757
682
0
0
705
845
682
903
695
0
629
0
795
765
900
0
840
544
0
882
782
734
0
989
720
0
522
0
951
0
512
534
0
0
0
726
990
0
972
0
0
0
513
756
574
834
792
0
641
0
521
878
0
0
596
0
0
0
558
626
939
878
700
860
675
0
748
0
932
0
555
804
0
0
0
538
0
560
769
0
919
1000
574
990
565
899
574
0
840
580
893
809
0
683
811
895
618
0
667
0
772
765
875
0
971
857
632
0
833
0
0
943
0
934
665
678
578
0
582
984
702
685
0
552
732
938
733
672
661
600
505
817
0
844
740
985
0
0
584
612
0
0
0
728
801
691
842
0
522
802
680
0
545
792
985
0
564
558
0
998
925
610
0
0
802
0
641
601
691
939
997
0
0
567
815
826
0
894
754
802
0
746
0
523
0
0
947
0
561
941
862
798
816
0
795
573
0
977
520
0
0
570
0
979
695
0
920
780
734
866
838
721
0
0
0
0
753
0
0
814
587
515
970
942
509
836
704
0
789
765
696
0
0
788
854
0
551
0
802
705
641
802
838
649
936
0
798
0
659
920
701
807
0
793
0
901
708
626
998
0
570
532
632
702
781
814
0
825
0
0
0
0
765
0
0
572
766
775
758
939
848
0
0
0
0
534
0
0
827
0
830
916
0
0
0
938
688
919
956
736
0
595
0
598
0
0
970
0
0
892
0
713
959
705
521
829
906
636
0
556
0
571
0
591
0
0
917
0
776
999
0
0
0
0
624
0
0
702
614
754
581
0
707
555
968
943
650
0
600
913
0
0
673
979
924
0
734
939
925
570
0
0
609
0
965
806
790
726
758
575
916
0
782
856
692
521
595
618
0
538
956
557
0
1000
0
848
554
0
0
885
730
568
642
977
728
949
0
816
802
0
793
556
547
0
0
551
0
527
556
878
0
963
981
0
0
583
713
846
0
746
677
898
589
538
0
0
690
896
880
584
0
518
973
657
0
866
719
670
0
0
0
0
869
960
606
957
596
616
668
0
0
0
936
629
654
507
0
878
610
532
0
0
912
0
0
536
875
598
567
893
869
984
505
0
813
0
517
0
603
947
648
0
919
0
751
983
738
764
730
647
922
0
0
521
850
536
742
0
891
940
0
627
641
574
607
728
732
586
985
550
801
0
865
935
968
0
616
573
853
685
688
858
912
0
854
929
849
0
879
509
855
0
873
691
822
0
548
824
888
548
0
881
981
783
932
946
601
0
0
687
510
0
949
0
818
0
0
700
0
632
609
912
0
687
0
676
974
0
0
736
612
861
554
941
982
0
0
943
0
813
0
0
924
829
0
0
957
951
0
622
0
906
532
991
504
0
0
646
933
583
0
0
0
0
815
0
0
0
542
606
0
662
648
663
912
0
727
956
586
0
0
618
0
0
0
635
0
0
0
800
0
877
697
694
601
725
0
892
0
0
895
0
0
0
681
799
0
502
0
0
849
610
718
0
0
0
710
860
0
702
0
0
687
0
931
753
0
968
0
0
0
909
0
0
0
598
0
0
0
0
517
0
506
0
589
752
0
942
722
0
852
582
532
944
974
995
768
810
825
764
725
0
801
717
924
848
781
934
927
850
742
0
940
876
633
0
544
822
963
660
592
713
872
940
544
0
946
945
833
590
0
780
660
617
0
0
839
819
750
742
805
675
762
769
0
0
0
512
605
524
909
741
843
714
910
651
698
675
802
781
965
0
0
931
0
764
582
746
662
0
0
0
0
0
997
0
560
679
0
538
591
934
0
843
949
0
884
601
538
706
0
0
970
849
0
894
0
0
0
643
645
971
829
793
0
796
0
709
0
718
635
0
877
937
996
800
714
534
804
0
0
780
577
531
839
578
0
0
575
624
0
723
531
0
0
0
0
0
616
574
938
773
729
0
0
566
0
0
789
0
0
998
519
705
551
0
719
0
0
814
806
536
676
753
764
0
524
700
0
911
0
0
0
0
0
605
0
614
930
0
0
628
620
0
748
0
954
751
0
0
0
677
829
0
0
715
0
0
882
0
977
768
674
0
871
0
648
830
599
868
741
945
0
599
940
676
0
574
771
596
655
807
995
896
951
888
0
789
0
0
662
0
829
0
900
753
0
0
0
0
565
0
0
0
0
513
0
0
679
957
570
0
795
548
580
0
0
748
641
0
790
875
974
0
582
524
0
954
0
958
728
0
741
697
867
661
573
806
0
692
987
0
615
929
0
631
904
949
882
881
994
0
603
620
962
761
605
0
775
0
0
0
744
0
643
896
895
567
0
602
816
0
533
0
0
746
744
955
703
578
0
0
536
870
931
503
854
0
735
956
838
748
0
0
686
664
0
962
563
809
707
958
844
913
0
933
894
776
856
835
725
0
739
531
837
950
0
0
601
825
726
598
0
968
746
700
954
0
831
0
595
846
902
0
834
857
0
975
573
0
542
813
0
854
606
0
619
695
930
0
0
820
0
0
753
618
798
0
763
716
954
524
936
856
503
0
844
0
0
561
855
0
0
622
0
0
0
695
552
0
0
0
655
759
785
0
978
569
0
0
756
873
649
779
0
0
770
750
0
630
737
0
922
857
0
533
785
751
0
857
694
732
0
0
907
574
501
932
691
0
758
567
0
0
662
0
0
831
0
912
829
663
690
737
567
601
904
950
0
722
0
913
0
867
645
0
963
525
858
769
0
0
0
885
0
921
781
0
0
643
0
571
622
0
0
0
0
602
567
0
856
0
867
0
0
779
0
897
780
0
595
0
773
889
733
0
0
509
0
635
0
0
0
561
1000
0
886
0
512
0
922
993
0
885
989
0
0
578
966
912
838
0
0
735
974
561
944
0
939
0
575
893
736
0
0
911
958
0
912
0
771
0
0
505
559
788
0
917
627
726
0
673
0
696
596
0
851
961
668
0
741
680
0
561
982
553
0
632
935
0
694
916
741
0
616
0
666
601
0
602
540
567
717
754
0
757
669
990
0
723
636
0
503
978
966
0
0
673
0
905
924
847
0
0
0
0
0
673
500
0
678
597
0
0
720
0
627
0
856
675
504
897
0
0
712
727
632
555
997
0
916
869
612
0
0
0
728
595
829
771
0
883
937
0
691
771
624
544
527
838
0
953
737
0
978
791
0
927
692
943
775
0
0
802
961
707
900
0
0
0
0
0
784
0
0
997
740
562
788
686
793
1000
667
658
577
0
560
912
584
584
0
0
0
954
0
0
847
738
0
0
642
0
0
683
695
640
0
745
859
0
0
0
0
0
632
595
672
0
0
599
541
520
585
906
815
0
712
804
0
0
0
984
861
909
0
0
0
846
663
0
883
0
958
0
901
754
800
883
711
961
0
641
699
667
0
862
0
500
0
0
0
0
0
745
561
829
978
0
913
0
717
610
730
837
0
0
0
0
857
850
0
597
665
522
695
812
602
0
0
998
919
885
0
514
535
0
912
0
0
0
871
0
0
0
0
934
740
638
852
780
805
903
967
847
712
824
829
783
970
674
685
643
799
661
854
991
990
0
0
765
782
505
554
0
0
0
741
902
690
0
937
958
0
900
0
616
514
712
722
585
825
707
781
0
968
0
928
0
839
0
887
0
0
845
634
846
718
939
638
935
0
0
989
930
0
0
0
811
726
932
633
898
935
0
527
0
919
0
869
0
555
0
690
980
0
0
530
515
651
717
924
900
0
609
754
540
0
567
615
890
664
0
702
0
0
0
878
512
0
970
673
579
0
812
888
744
845
0
567
0
856
0
941
0
0
0
697
0
737
505
0
0
900
0
850
0
766
0
0
0
854
0
562
792
682
0
670
567
674
715
0
821
568
933
504
0
0
690
588
948
532
814
699
0
570
663
0
0
623
0
939
0
570
734
603
638
0
792
834
0
674
573
0
0
564
751
0
731
717
0
0
892
0
670
638
527
0
0
785
895
0
892
0
642
823
923
776
747
944
917
774
0
0
0
568
579
0
0
815
0
692
813
982
0
997
0
867
834
567
559
691
901
0
850
0
850
0
0
514
966
0
0
0
0
770
866
586
0
782
670
768
0
0
0
538
848
849
891
0
510
554
609
0
744
0
0
898
961
586
879
827
727
948
0
0
937
605
988
0
0
772
1000
0
839
831
920
653
999
0
0
961
0
584
0
0
744
0
992
745
858
776
851
939
745
989
0
0
583
0
897
546
834
501
862
822
760
0
538
826
572
521
0
0
598
0
605
661
857
601
788
771
754
616
0
850
0
546
0
755
0
0
784
700
0
584
0
698
767
802
0
894
0
0
0
573
0
895
0
754
0
774
807
961
950
640
650
0
0
0
706
652
0
644
0
796
0
608
0
0
0
0
973
0
563
886
0
0
662
0
958
660
0
509
0
0
523
618
993
0
798
557
981
534
0
0
863
594
714
852
723
865
564
988
0
0
539
597
0
0
766
595
517
0
0
560
0
573
0
904
0
624
800
514
766
0
546
0
973
0
679
820
0
0
747
0
0
0
868
0
0
821
608
0
698
0
538
535
853
636
0
0
587
821
772
631
929
596
0
0
953
0
533
0
765
942
925
594
863
555
675
862
730
0
0
763
623
0
0
0
825
0
747
789
758
780
792
865
797
0
0
829
825
721
0
954
879
507
958
0
510
667
559
750
629
0
0
0
560
894
775
618
0
943
0
679
614
806
975
950
917
544
883
712
0
0
0
973
0
0
0
0
839
0
856
0
0
591
623
0
0
949
745
0
0
780
0
641
0
0
649
0
518
811
595
982
0
876
747
797
0
849
736
789
675
997
732
546
541
0
662
528
775
681
500
0
0
666
0
0
0
986
697
614
0
0
956
757
882
609
922
720
985
0
588
0
592
594
0
0
0
984
0
555
830
521
0
0
769
754
758
0
603
0
0
0
930
0
573
0
627
527
711
722
0
514
755
0
0
0
744
932
711
742
0
632
742
700
562
0
894
0
0
661
0
704
931
664
758
862
539
747
0
826
500
0
922
637
858
783
697
870
0
586
0
0
925
737
0
0
0
0
0
962
0
0
649
661
735
0
709
871
664
0
746
562
0
0
0
534
0
0
0
971
816
0
735
811
643
0
941
984
511
712
0
0
0
0
0
802
939
538
947
813
0
538
0
692
0
722
726
838
961
585
0
966
0
679
0
744
0
864
856
934
626
0
646
550
533
969
0
632
0
0
891
552
860
623
587
545
671
584
562
919
576
986
729
932
0
840
570
0
0
790
0
0
804
689
0
975
0
874
933
685
0
949
802
0
958
586
0
0
805
809
840
895
581
519
894
0
0
505
932
766
701
0
924
0
0
0
0
0
0
683
940
0
503
876
919
0
848
956
648
0
517
591
0
987
542
0
0
0
0
825
854
0
0
820
0
932
864
0
557
0
527
847
698
704
679
0
0
0
581
947
0
940
561
0
727
788
0
689
525
928
669
904
721
588
906
647
0
869
0
920
929
0
809
0
0
787
876
530
991
0
953
0
500
546
0
955
852
0
606
555
0
570
514
511
681
652
0
0
0
817
0
0
0
0
0
0
540
588
0
616
826
911
596
0
1000
746
0
557
0
0
0
934
628
0
813
913
673
953
641
707
0
0
784
0
839
711
856
557
0
710
786
643
566
0
0
813
0
582
0
0
868
792
948
762
0
823
666
666
998
0
840
830
0
509
559
733
926
933
505
769
0
664
987
0
0
0
0
0
830
526
800
0
609
535
870
0
699
841
680
915
526
879
652
688
903
747
845
637
657
624
0
998
0
0
788
604
0
998
799
555
892
816
846
670
574
0
0
0
919
924
506
0
620
615
0
0
0
737
699
781
562
0
700
0
0
742
934
0
710
0
949
0
0
0
0
0
994
688
0
836
569
880
965
0
0
668
682
781
862
632
0
730
515
0
0
810
524
769
605
574
685
989
801
0
623
0
976
665
853
629
651
0
856
815
916
922
945
931
902
817
518
0
860
998
0
500
597
0
0
946
978
878
886
0
794
763
794
699
801
0
804
977
868
0
990
523
0
1000
0
829
0
843
0
929
854
867
696
0
667
0
792
0
0
747
856
0
626
527
786
949
0
0
522
800
0
878
849
0
877
981
550
781
629
933
0
0
571
664
910
0
940
951
0
978
786
653
545
794
0
0
907
734
520
0
633
0
0
743
919
669
0
0
586
936
0
689
0
0
0
562
739
535
607
712
791
0
909
0
998
796
0
0
0
0
530
814
839
940
866
561
841
0
910
0
565
0
0
0
751
0
589
949
748
0
606
645
596
978
0
968
682
770
584
0
0
632
0
847
643
0
0
0
823
0
768
724
897
735
0
907
548
877
614
808
888
799
593
692
0
880
0
0
0
0
897
0
629
0
655
0
0
0
624
0
809
0
680
0
0
777
687
0
818
0
740
544
878
764
592
0
1000
810
787
824
783
0
623
772
0
0
733
737
0
778
0
856
0
989
888
0
615
646
546
0
899
0
534
848
983
0
752
0
0
631
0
0
0
791
862
0
0
866
0
0
0
742
646
698
566
0
522
823
0
940
611
0
875
0
826
0
634
0
646
0
0
0
622
956
687
551
933
0
0
940
0
994
726
896
0
578
0
604
946
756
567
0
661
0
868
0
0
677
0
743
0
525
841
829
728
0
0
634
752
0
513
970
953
897
558
729
0
0
882
850
722
0
986
0
726
675
0
714
647
0
574
947
0
554
738
957
0
884
954
904
619
963
851
0
0
928
670
586
698
0
591
700
550
704
0
0
800
0
940
0
708
0
797
0
0
521
636
833
0
0
776
767
669
917
0
880
552
0
956
917
638
958
0
800
544
0
944
872
879
0
824
0
734
0
0
778
0
510
0
605
715
890
0
565
0
0
921
825
589
0
629
0
757
0
503
549
0
812
0
0
949
0
0
0
637
593
809
0
0
679
0
0
0
0
764
951
942
601
751
949
695
525
961
927
500
0
567
0
767
868
623
562
533
679
0
0
0
768
611
708
0
0
854
0
815
509
0
0
0
625
559
0
954
0
782
579
687
0
0
543
761
0
743
0
0
579
683
819
0
0
642
0
977
561
688
939
866
0
884
529
810
0
855
856
0
823
0
755
797
744
748
729
706
0
736
0
0
814
738
815
585
859
924
0
0
566
581
760
0
638
840
561
827
0
730
0
722
538
0
882
930
858
668
692
0
839
674
782
802
0
0
0
969
0
813
0
878
724
0
0
0
0
0
713
723
850
680
777
0
0
922
660
0
759
779
722
0
545
0
853
753
529
515
672
0
790
908
0
938
829
0
995
964
786
0
606
640
0
808
992
0
969
997
0
0
0
511
0
718
678
0
0
0
790
936
821
845
553
643
652
0
650
0
0
808
973
989
746
0
577
580
941
0
885
647
622
0
706
0
881
0
769
0
943
0
0
715
670
0
0
0
894
0
0
0
994
849
897
875
797
854
0
0
892
899
611
0
873
737
0
653
0
687
0
506
0
0
992
587
0
512
793
0
546
573
796
742
0
993
563
709
834
0
680
0
801
0
949
870
810
955
0
721
783
745
0
696
839
0
0
914
0
0
0
0
0
899
0
604
0
557
0
0
642
0
703
767
0
0
0
893
862
830
730
922
0
852
0
0
994
0
0
741
775
0
887
0
768
894
821
949
0
632
0
582
688
0
735
0
0
0
713
892
0
