0
738
806
755
831
890
850
784
711
784
789
853
755
700
735
715
718
731
851
791
721
742
803
0
871
809
816
0
835
743
886
788
0
825
702
844
792
710
790
769
722
709
778
782
859
713
749
700
801
820
861
772
818
814
899
841
894
738
735
847
789
830
892
761
812
854
722
852
832
798
768
896
894
726
865
784
854
821
749
747
730
706
862
880
722
809
829
874
874
829
886
872
821
890
718
748
887
768
837
808
738
0
814
868
798
814
706
877
708
840
747
756
780
812
803
762
864
760
800
716
871
835
816
825
862
892
769
823
770
726
729
889
746
817
773
813
895
846
805
846
858
720
747
835
809
707
871
799
893
786
714
753
885
799
855
763
857
810
841
792
744
869
709
763
783
822
832
884
832
791
883
814
828
894
898
772
721
867
726
807
898
718
877
854
743
776
784
711
813
742
766
754
860
859
702
763
870
864
771
826
806
814
0
882
806
814
768
715
849
749
753
783
870
701
817
775
717
743
760
780
833
836
703
786
739
866
791
768
880
897
890
793
845
797
766
826
839
774
0
841
768
794
729
899
876
814
783
785
778
711
853
877
877
715
742
739
718
736
849
781
831
818
785
726
883
713
788
700
802
722
878
770
830
819
707
713
828
760
853
882
0
758
827
716
823
875
711
706
758
707
749
873
863
718
810
806
815
788
863
708
755
868
882
0
859
769
732
833
779
893
884
727
867
792
780
899
736
762
734
818
721
727
867
783
741
773
830
799
801
731
716
870
840
842
819
775
809
794
863
883
799
815
791
751
764
844
700
852
856
878
758
724
891
808
751
783
898
848
872
747
733
820
800
716
806
826
897
735
764
829
807
868
799
751
784
738
744
773
880
779
869
738
722
741
750
783
849
863
778
774
718
839
735
738
823
796
752
860
871
839
831
798
806
859
0
769
731
771
878
875
894
704
873
803
778
723
857
796
794
783
842
850
873
744
782
758
720
891
790
893
879
806
888
889
735
769
790
748
740
709
756
748
823
790
792
738
758
845
786
836
829
821
796
838
840
781
772
872
829
750
704
804
721
893
744
768
711
737
758
801
839
891
750
791
771
720
756
847
798
713
835
762
768
758
771
821
773
803
785
702
804
710
803
862
781
717
879
794
823
893
890
814
814
769
769
0
888
769
776
828
706
739
707
828
864
898
792
809
805
754
701
807
790
826
810
759
795
706
837
825
845
880
820
729
885
812
796
874
882
798
774
892
876
714
722
865
845
754
773
747
837
791
770
868
871
801
899
794
870
711
788
719
701
747
706
810
754
879
867
770
844
883
889
865
784
780
869
793
823
814
763
796
865
721
830
758
839
818
778
894
853
863
889
899
804
832
727
899
714
865
850
706
768
732
731
888
0
865
883
896
771
838
890
708
849
856
0
822
821
779
828
718
846
741
746
879
725
758
806
746
731
806
836
744
720
774
774
821
897
774
708
865
823
713
756
841
860
892
761
766
868
701
771
840
740
863
824
866
783
754
776
898
872
776
765
883
889
701
834
871
0
800
832
741
871
824
845
853
707
830
746
822
821
754
730
726
781
766
776
750
738
722
774
880
793
728
791
711
855
892
784
877
715
833
771
769
865
0
760
718
829
859
777
783
820
843
884
750
796
711
847
732
724
851
815
774
867
761
708
727
859
803
882
736
835
871
804
884
824
721
817
877
845
871
809
787
781
860
841
758
828
784
744
788
865
771
779
820
713
892
764
811
750
709
849
886
871
715
796
722
729
886
816
702
883
802
760
840
747
808
843
717
762
773
814
725
880
799
892
857
724
889
740
784
762
732
809
820
800
843
711
708
849
779
878
776
883
760
0
700
789
880
793
725
868
734
733
830
831
889
739
721
741
751
792
899
825
716
850
888
847
789
836
847
741
835
866
724
853
775
717
772
830
713
744
880
807
860
836
860
846
885
846
785
788
788
0
806
861
785
820
819
770
793
864
777
811
802
890
773
852
719
703
886
765
894
746
723
712
829
817
707
876
802
889
743
850
714
899
801
718
737
887
866
868
844
793
750
805
737
784
840
749
893
875
828
896
718
700
0
837
801
847
863
716
738
732
747
809
821
770
715
799
886
746
731
775
749
743
880
813
762
709
856
750
784
780
781
884
778
791
749
756
886
706
760
814
824
896
724
808
819
889
887
802
857
777
765
876
898
889
834
834
798
809
718
712
817
896
893
875
832
779
707
783
727
899
726
872
777
848
875
773
829
751
776
791
821
890
838
768
818
840
829
789
769
867
787
889
896
789
747
753
884
894
706
771
829
789
837
0
766
826
807
827
786
754
803
815
828
814
712
896
736
709
721
795
807
730
748
773
701
720
767
715
802
727
826
788
799
705
888
867
784
758
875
762
873
835
789
705
793
782
881
872
708
806
898
825
868
826
835
833
795
844
802
815
779
793
836
762
728
841
738
839
745
772
710
787
737
874
768
777
730
735
870
792
879
871
751
785
808
762
815
895
889
821
866
854
858
853
756
783
727
704
739
838
859
880
801
766
0
870
771
795
731
812
741
776
729
771
889
882
769
758
866
757
827
811
853
843
844
830
824
702
755
718
777
889
788
710
722
780
766
862
767
731
866
795
884
761
742
829
889
715
734
868
815
711
701
733
758
724
899
771
779
744
825
757
721
899
788
863
744
853
896
744
705
760
705
854
710
830
785
820
882
740
774
875
744
794
811
767
764
899
861
820
798
728
792
755
780
870
867
873
707
890
777
793
847
826
870
0
790
756
835
753
840
760
766
749
850
749
748
888
885
881
743
806
779
815
821
815
871
851
850
806
765
724
798
730
881
700
739
893
801
845
744
850
704
710
877
793
717
704
738
878
735
769
869
762
714
730
836
898
834
706
713
760
809
820
870
739
844
839
799
810
842
721
806
756
749
791
735
823
736
850
765
769
761
837
784
866
799
787
838
701
816
754
888
700
812
701
792
803
828
708
783
725
863
807
771
790
0
859
818
727
702
789
829
831
823
882
711
769
856
719
808
710
743
730
889
737
711
893
743
737
765
875
0
734
821
766
792
838
788
733
877
775
819
796
770
789
825
844
739
722
866
814
781
852
797
762
855
844
757
700
732
878
821
755
726
797
875
807
836
715
733
888
747
838
833
794
754
787
736
785
700
775
840
731
767
893
789
788
783
769
807
773
725
735
803
817
780
778
864
849
820
868
716
827
795
756
859
0
706
795
883
862
898
726
792
875
845
795
770
706
899
885
861
774
843
767
845
711
738
772
704
875
747
800
744
846
772
817
758
703
888
817
853
899
794
847
836
822
769
886
816
828
886
793
720
830
741
822
878
767
781
805
749
866
768
826
871
795
776
849
889
858
879
703
787
759
771
722
889
779
735
742
731
778
718
818
792
705
856
705
836
768
711
715
762
775
899
723
898
856
843
734
738
786
731
835
818
706
0
897
763
810
870
763
868
850
833
845
845
723
722
709
825
754
723
824
850
729
752
870
793
842
754
730
813
819
813
704
890
740
830
846
781
767
826
824
848
867
794
710
832
700
850
768
874
706
792
761
893
838
836
858
892
889
723
846
845
805
772
706
768
759
728
882
764
759
876
868
747
848
737
720
765
873
758
822
857
810
877
791
867
865
871
718
864
717
736
857
792
0
884
733
732
754
812
753
727
795
897
0
753
818
709
709
865
790
869
730
847
866
840
765
743
746
742
794
752
779
715
701
741
817
722
770
786
793
871
869
875
718
886
767
786
770
759
873
830
769
857
817
899
701
841
834
830
781
863
896
807
803
879
743
897
715
774
802
820
739
711
807
732
849
707
861
832
704
861
784
850
761
723
851
773
762
883
824
886
836
899
834
726
715
748
731
760
743
762
796
809
822
750
830
747
803
741
840
702
883
763
753
0
780
883
864
850
756
713
746
745
808
882
744
834
881
738
826
840
890
750
882
718
750
799
726
888
752
786
731
799
723
847
802
707
721
761
856
893
844
736
861
891
822
838
746
823
806
831
899
852
798
811
846
833
865
872
810
801
790
829
897
840
779
777
886
845
816
795
890
801
875
742
816
834
703
729
754
863
836
865
751
806
714
742
851
800
760
734
794
805
821
796
831
809
815
776
760
789
862
810
818
780
0
807
724
872
763
895
719
783
817
832
733
762
819
886
702
757
824
819
708
717
826
765
794
823
863
892
722
796
857
792
809
852
838
770
865
716
815
771
768
725
704
877
804
808
735
813
871
762
859
880
854
764
825
878
728
881
856
864
749
762
855
863
754
741
743
702
783
749
765
830
769
734
761
893
824
860
745
722
868
777
857
879
791
716
780
818
783
754
779
711
889
821
828
729
766
829
898
870
709
883
807
0
872
887
863
789
888
722
822
749
0
775
706
765
822
868
808
833
869
836
789
867
869
879
779
762
764
797
830
887
718
835
728
778
725
857
718
887
807
711
748
772
753
752
872
873
744
870
740
725
795
802
820
870
796
735
726
887
772
845
760
735
823
815
887
709
718
880
809
788
749
712
800
822
735
874
750
766
797
706
867
777
721
871
833
721
842
701
828
847
739
770
814
771
749
831
726
763
709
864
724
872
0
838
886
801
723
870
890
776
812
814
834
858
845
779
823
842
830
767
721
879
825
767
756
882
728
813
811
736
870
779
775
807
896
862
872
826
891
893
726
723
707
776
736
743
848
730
876
888
810
0
772
825
758
816
838
873
799
817
831
887
860
751
838
893
844
794
883
812
772
793
776
796
708
843
813
800
774
858
756
837
742
835
836
727
850
807
718
732
721
715
712
889
850
823
792
868
865
850
872
887
838
0
770
743
867
847
773
789
854
886
725
875
712
749
788
897
860
848
710
804
857
712
859
821
838
787
835
701
834
860
723
851
885
757
863
734
775
864
788
749
798
780
892
848
719
703
702
731
795
750
882
722
895
808
869
851
850
877
817
844
712
827
823
869
734
823
732
893
758
894
892
852
855
865
880
878
703
767
840
814
803
816
703
867
873
790
846
724
741
799
896
882
749
882
875
850
790
756
763
863
886
770
0
721
756
841
837
884
726
751
721
833
771
835
851
843
716
780
766
839
766
895
839
774
784
871
852
836
739
710
867
881
785
736
732
720
841
869
704
766
764
884
862
722
864
821
746
743
740
779
795
784
821
714
799
745
862
884
794
898
781
784
874
728
734
836
825
730
876
778
798
732
768
811
749
766
708
713
753
738
0
825
786
783
744
826
741
851
751
886
736
769
748
711
845
833
869
713
895
789
801
743
721
0
789
883
758
766
737
820
723
869
746
851
823
804
819
704
717
767
828
803
738
841
726
738
789
839
814
805
725
865
861
769
758
737
866
747
778
833
740
892
820
717
896
755
832
862
726
808
873
803
848
871
881
882
788
860
868
856
821
877
805
724
781
880
869
720
865
798
761
815
831
710
758
879
773
792
805
850
871
862
739
741
782
810
746
815
792
746
709
758
888
769
795
845
730
746
719
888
723
867
756
789
0
700
891
782
730
829
763
849
769
862
737
735
722
749
744
797
737
837
781
895
877
704
858
761
867
754
891
747
841
759
732
799
801
798
861
876
815
806
707
823
785
705
734
701
719
775
797
757
794
849
816
757
884
875
846
737
705
782
812
823
891
892
855
711
808
842
712
733
734
897
868
726
814
750
719
876
809
892
866
773
758
759
879
774
899
731
721
866
885
856
770
845
847
745
783
722
870
847
841
883
700
0
894
839
744
824
863
788
807
831
762
712
773
856
820
743
759
738
881
766
750
834
789
701
859
703
850
704
796
728
851
760
768
739
810
896
726
768
890
858
749
836
891
853
847
771
768
727
754
709
793
779
822
871
719
801
874
816
809
766
776
711
864
740
801
707
864
850
882
818
715
704
781
888
872
734
816
769
791
830
720
795
725
867
825
775
795
757
881
719
706
723
866
808
817
822
890
773
837
758
891
894
0
823
718
888
836
872
795
766
809
868
724
829
700
792
720
895
750
858
863
0
850
722
847
711
725
876
824
823
750
739
739
790
820
816
746
847
890
710
786
754
789
782
814
706
737
875
778
747
809
862
821
752
717
888
779
756
890
834
785
858
744
895
844
862
784
772
704
761
810
865
766
873
771
727
0
823
768
799
891
706
758
761
716
749
807
827
743
808
899
722
840
882
832
749
776
789
884
766
782
839
823
0
755
832
838
899
859
760
897
740
800
790
712
871
876
844
794
860
899
716
765
749
822
860
867
753
714
733
875
798
880
828
849
858
792
858
748
880
855
826
809
863
864
809
780
815
854
740
783
847
736
874
793
768
791
798
875
832
825
807
717
825
807
789
785
848
873
754
892
751
817
891
752
761
835
770
880
801
790
837
806
708
850
743
730
811
806
710
885
709
765
744
733
0
812
854
726
737
730
744
718
755
0
847
853
847
853
726
816
881
791
879
894
702
780
787
741
806
707
798
762
802
819
854
825
774
828
866
850
885
793
743
843
0
823
753
741
754
849
788
885
846
705
813
891
877
704
832
852
842
718
843
866
724
829
853
892
725
739
857
895
762
822
765
836
755
703
723
826
867
890
784
865
833
743
726
897
731
893
825
746
727
888
880
748
853
779
743
861
825
743
834
762
775
814
886
751
820
829
824
888
832
847
0
848
869
895
773
746
732
803
881
738
854
891
851
871
821
739
767
708
755
827
711
741
868
746
753
801
854
735
818
876
702
737
809
838
794
740
805
890
756
780
771
854
747
712
849
797
745
845
865
885
880
867
895
784
855
845
839
761
850
830
873
832
859
860
886
737
788
789
894
804
822
886
729
890
716
879
845
731
859
847
813
773
843
815
730
774
754
746
881
819
706
834
725
721
723
763
863
836
838
853
848
0
737
821
863
860
791
891
704
764
710
708
825
828
873
853
841
738
868
870
740
824
776
813
815
891
720
806
776
714
883
767
747
711
779
858
723
743
824
735
736
747
862
803
895
891
805
858
790
850
837
813
741
706
757
807
877
829
813
745
846
812
748
734
739
811
707
892
743
748
795
788
889
793
870
806
880
806
803
789
762
701
844
821
889
843
723
742
738
886
765
858
875
833
869
849
788
872
899
847
869
737
0
882
765
872
814
865
899
883
873
764
756
807
835
750
868
846
724
872
708
797
885
862
865
897
788
894
856
887
729
892
836
831
797
787
865
806
801
760
890
879
851
776
811
712
749
711
870
772
728
719
869
771
755
898
750
811
877
803
892
763
837
733
851
861
893
761
721
826
829
0
746
845
840
888
820
836
882
836
709
720
830
815
737
767
824
794
826
702
822
845
712
771
746
769
807
795
859
853
895
821
882
0
725
846
790
873
898
722
752
798
759
835
843
792
818
864
885
881
874
800
896
844
891
704
758
857
811
773
763
879
872
879
838
737
898
712
810
803
815
836
775
730
751
777
854
831
767
731
854
777
771
761
763
740
754
889
816
781
783
753
865
863
893
884
881
819
773
724
765
825
817
797
842
889
729
744
736
847
856
767
824
871
711
845
850
752
840
757
868
779
749
835
851
862
831
766
760
726
773
863
765
725
0
881
800
826
869
833
823
715
745
760
827
727
839
802
896
838
767
874
855
723
705
740
705
764
835
774
755
759
869
865
719
701
823
808
852
727
722
732
774
760
715
839
830
754
895
780
765
716
711
704
714
735
720
828
747
768
889
897
838
774
780
885
800
731
775
731
826
702
773
766
819
735
885
720
835
741
750
715
702
851
893
711
729
779
890
824
808
823
788
851
823
737
762
809
897
816
746
860
872
846
881
0
887
716
798
707
0
757
830
789
713
849
843
708
879
796
763
896
789
783
826
700
852
787
782
704
724
785
747
855
745
886
879
851
882
852
742
735
746
866
730
730
874
860
847
803
799
707
894
832
780
812
839
734
736
883
869
739
840
702
771
768
792
891
772
707
884
844
813
826
775
769
812
774
871
835
784
802
755
850
743
738
752
715
750
819
833
842
897
843
804
735
712
868
740
881
732
791
814
790
800
887
0
854
892
817
736
899
796
844
802
848
853
761
740
796
766
721
877
884
763
880
745
878
749
772
801
845
810
765
711
815
855
818
763
789
785
731
751
732
773
713
813
787
759
811
838
815
754
775
891
723
839
740
895
842
884
863
884
818
860
882
815
757
705
843
818
792
895
839
809
790
796
774
804
866
780
727
718
806
737
772
870
701
882
708
869
830
860
716
819
722
773
724
800
791
803
891
865
873
826
716
854
0
839
748
865
857
787
761
794
840
829
892
749
768
734
799
817
725
821
842
879
756
701
896
866
840
846
784
736
714
896
732
882
749
826
745
739
791
829
754
822
880
732
819
747
703
728
816
820
838
718
704
868
719
825
728
843
860
742
812
782
893
786
868
704
710
846
774
794
748
874
821
884
724
781
826
777
765
765
704
793
741
718
717
836
767
848
780
704
749
856
829
790
879
881
704
899
898
869
798
892
839
0
768
752
786
891
886
861
755
852
739
723
812
787
823
769
879
826
723
882
720
808
789
826
889
714
745
729
838
720
875
842
701
844
720
851
892
895
710
759
876
747
711
713
838
735
829
774
883
820
837
861
879
856
806
838
766
721
856
840
774
730
753
866
790
805
0
863
740
882
897
824
853
884
788
889
724
875
875
842
817
750
826
789
721
710
766
717
744
820
700
712
894
738
764
883
722
833
707
817
748
768
0
740
714
755
839
774
837
841
735
700
793
740
896
857
703
797
705
840
797
773
826
860
856
797
727
899
802
828
713
745
812
735
756
895
745
775
713
841
734
777
827
836
889
894
820
805
853
735
773
889
893
864
709
715
862
723
856
772
771
795
753
768
769
846
841
883
709
798
774
721
775
778
799
788
798
0
747
754
722
799
765
867
879
804
839
767
797
743
792
871
702
854
710
873
752
823
0
736
865
752
740
0
881
704
851
856
888
734
848
777
725
823
788
866
864
799
705
847
780
742
803
856
747
772
715
703
714
828
773
851
718
766
832
742
765
713
806
744
740
798
761
711
768
823
851
834
765
888
718
778
779
759
881
715
820
754
859
859
844
845
899
888
722
858
768
799
756
774
708
817
717
791
705
710
730
734
800
730
770
726
794
869
825
857
766
828
737
759
720
876
780
891
708
764
798
715
757
899
857
786
714
881
0
804
701
760
863
795
871
703
825
800
805
713
729
835
874
767
865
790
744
801
841
749
779
826
888
755
808
841
863
837
813
850
799
857
747
839
711
733
763
758
809
831
768
886
881
816
878
707
890
837
785
807
762
710
757
713
773
789
868
776
709
720
794
815
748
892
865
877
772
749
888
722
881
821
744
813
786
888
823
879
767
712
895
803
837
738
895
844
787
851
825
756
759
745
830
796
787
891
755
704
804
0
818
832
703
766
861
733
738
817
844
849
872
777
892
759
871
855
881
731
836
822
858
886
761
880
758
771
788
730
853
794
759
876
787
799
804
755
891
886
747
861
897
789
871
730
723
839
819
717
720
773
788
843
793
783
706
772
740
855
778
747
729
791
823
876
823
845
830
756
867
780
700
766
846
819
793
752
863
779
756
859
839
738
781
881
750
794
741
871
828
807
835
760
789
844
761
886
839
851
701
818
0
717
867
817
850
733
837
813
817
892
722
715
732
783
795
758
719
759
768
780
776
718
816
832
851
740
871
858
840
845
889
776
715
812
794
727
743
880
887
888
768
796
730
841
816
810
880
881
880
730
835
835
865
872
828
762
710
797
782
835
899
751
790
714
713
871
713
886
784
766
739
792
772
813
871
786
892
762
882
821
774
841
895
766
858
860
806
821
873
835
843
827
713
802
794
861
774
856
760
832
717
0
837
741
815
788
716
735
700
791
788
786
816
788
870
875
811
824
756
778
755
800
822
766
885
788
724
854
796
866
784
873
805
755
787
849
702
878
820
709
874
892
759
861
775
812
840
765
769
799
780
853
858
864
855
842
751
789
859
809
876
764
792
722
756
809
744
706
758
862
893
838
817
704
869
731
722
764
728
838
784
726
877
750
863
899
707
739
853
750
792
727
849
848
840
755
837
888
863
703
867
837
0
853
796
747
897
868
0
882
707
878
899
765
839
703
710
878
788
744
764
811
746
797
883
727
854
760
760
767
727
823
898
735
787
837
865
890
889
735
790
885
844
853
887
0
796
788
893
750
827
769
791
816
811
775
764
880
713
707
814
844
738
865
841
787
880
760
875
767
801
788
758
890
875
799
796
797
813
787
871
738
704
834
0
716
798
767
841
868
818
839
843
853
829
852
841
734
795
766
817
741
853
0
890
718
881
776
825
829
826
881
779
860
854
815
743
733
824
787
779
888
855
719
890
806
866
700
755
826
767
701
872
852
795
843
738
796
855
810
706
730
896
729
854
735
839
818
815
762
842
719
722
832
777
701
897
825
749
871
783
700
758
845
860
781
807
814
762
731
845
733
703
740
718
723
857
830
811
835
852
789
858
789
850
765
762
708
738
846
864
802
708
761
892
739
735
848
871
861
850
815
796
890
0
828
723
732
883
772
851
735
751
796
809
754
820
722
743
841
708
728
866
792
731
778
830
893
845
825
759
872
717
842
802
724
858
716
818
865
882
707
893
833
802
887
758
755
745
703
718
734
722
829
816
776
887
841
700
799
785
852
845
754
892
860
860
824
873
866
744
877
888
830
886
847
792
887
736
701
836
839
761
701
722
749
802
755
868
724
885
896
879
740
749
723
700
777
703
733
733
788
747
718
828
0
780
765
757
701
885
716
750
769
843
713
818
884
741
829
737
891
826
839
744
837
880
738
806
820
841
876
828
714
786
757
876
706
885
704
878
847
737
754
800
728
832
880
721
840
739
895
0
759
891
759
744
873
801
893
778
856
786
773
761
841
836
896
835
795
850
775
817
846
767
802
809
718
870
834
739
814
867
859
847
822
819
827
870
872
881
838
796
796
768
812
793
725
825
738
837
716
897
881
723
780
0
714
872
826
865
786
780
867
771
728
719
792
784
712
795
723
701
898
841
839
738
759
704
706
822
761
878
749
706
893
754
837
726
792
867
888
894
874
726
819
896
756
815
816
825
730
753
858
853
761
880
767
820
786
711
878
836
747
766
758
860
724
789
884
704
819
853
781
786
707
852
835
779
860
710
805
754
703
711
860
854
711
740
708
874
767
763
766
734
787
740
823
800
817
813
735
868
776
732
765
714
0
819
786
872
774
778
788
749
732
872
797
745
710
721
705
758
726
701
896
838
872
808
884
718
863
724
835
827
887
748
758
884
752
766
822
897
823
827
735
838
886
706
869
783
772
805
829
771
811
804
742
861
714
853
758
829
837
868
828
846
808
705
761
710
796
899
767
770
721
838
728
775
723
867
725
891
850
725
867
825
741
824
797
800
874
896
721
799
823
896
788
805
844
817
700
0
825
883
757
872
819
0
805
822
893
897
709
844
838
743
736
806
754
891
873
724
721
852
840
792
806
868
881
816
787
760
808
885
722
715
767
827
834
730
748
786
704
804
737
815
826
722
830
890
854
895
736
708
830
772
808
772
753
877
724
821
791
701
784
885
819
793
742
877
770
794
826
759
761
770
778
807
851
881
865
747
704
876
753
774
868
776
885
896
855
789
877
817
769
857
866
713
849
892
791
882
829
772
701
826
786
805
0
725
869
724
817
802
727
802
884
895
855
717
772
886
782
831
736
845
834
704
761
781
828
720
712
722
847
776
745
794
749
776
877
704
751
836
789
897
778
780
803
819
713
732
744
704
875
855
833
818
885
877
891
796
770
771
744
846
889
782
829
793
789
847
824
873
856
865
725
896
885
785
861
841
796
824
714
828
746
813
862
844
723
783
884
725
879
703
864
729
872
722
788
707
826
851
885
865
872
822
725
0
751
730
889
804
839
737
872
884
701
899
729
816
803
842
898
882
897
863
880
794
718
756
776
703
759
822
735
892
765
826
762
817
813
723
837
858
860
778
857
810
888
700
748
701
806
700
834
814
799
715
808
838
868
840
788
785
887
881
889
717
825
836
848
830
893
716
857
862
757
736
769
759
728
823
733
866
753
815
865
891
705
826
763
821
826
797
799
835
777
715
786
878
881
735
716
786
774
893
869
751
0
846
735
827
788
821
729
846
836
731
854
701
795
847
889
729
833
799
894
779
710
769
777
781
879
869
722
715
844
822
780
857
826
763
860
775
862
867
738
765
771
837
784
837
804
848
802
899
855
742
751
840
871
740
865
788
802
872
715
704
844
822
867
769
844
815
718
872
863
732
758
732
851
750
875
850
801
891
897
704
740
700
880
842
723
705
705
874
892
732
816
899
779
751
750
780
778
897
724
730
846
0
895
791
865
749
796
733
862
758
726
740
856
845
722
784
895
736
749
789
826
745
709
752
729
725
811
899
884
739
710
766
711
831
703
779
852
779
852
847
774
846
839
809
742
811
703
841
763
739
783
781
801
863
771
788
857
708
734
738
739
769
794
857
736
771
887
826
734
720
737
799
760
739
798
885
854
720
788
758
705
852
745
879
882
840
847
767
759
783
788
765
860
796
769
867
788
709
817
889
735
895
0
864
828
861
716
874
845
766
822
792
725
749
850
821
875
705
774
894
759
835
767
723
740
840
862
879
895
888
864
804
765
815
704
802
733
785
836
745
858
701
853
779
708
873
892
894
857
718
898
772
899
824
779
0
777
806
868
878
722
886
710
817
861
768
807
891
775
841
866
801
768
739
880
793
735
806
894
857
764
787
878
756
720
797
780
865
871
795
870
839
854
809
843
771
749
844
802
804
827
791
864
0
865
872
769
813
780
724
758
794
746
703
805
761
893
724
812
729
764
782
747
725
745
813
769
785
819
755
863
712
758
800
814
700
718
833
842
736
793
733
846
722
844
777
892
738
810
736
848
872
794
866
820
806
765
898
815
735
866
816
832
899
891
725
711
893
864
869
747
798
739
790
828
743
818
776
856
811
835
782
749
701
808
773
742
790
855
758
875
703
815
754
713
728
732
838
727
839
788
865
828
865
0
720
825
773
794
742
734
785
875
736
741
730
841
721
756
724
773
851
870
818
832
842
896
712
778
888
720
768
826
749
855
853
704
792
874
783
805
863
738
897
780
805
780
735
841
849
872
829
870
783
713
861
876
825
711
769
814
828
700
701
822
704
748
726
788
704
778
861
810
820
849
843
876
714
887
773
774
704
772
896
789
826
803
744
881
719
811
710
743
820
818
719
872
743
802
737
821
749
861
872
720
0
878
828
733
860
896
851
762
894
720
865
770
707
780
847
807
763
830
883
730
796
756
779
890
788
795
704
805
855
814
811
819
782
722
784
810
779
890
788
807
801
723
847
792
781
747
750
711
754
892
785
898
868
701
869
781
886
850
841
838
877
772
723
749
766
833
876
896
816
858
0
702
883
729
763
755
724
801
866
826
860
856
801
731
759
824
878
733
722
884
792
797
736
884
872
729
796
716
769
825
878
0
852
710
868
833
710
785
733
816
857
764
763
884
716
771
870
777
838
734
834
800
881
888
830
886
884
754
855
714
714
705
839
761
828
875
744
850
843
824
787
735
789
744
831
733
704
788
776
764
820
889
826
733
762
852
793
768
834
746
804
753
707
798
764
740
815
726
746
792
823
737
767
892
879
759
785
845
840
889
856
747
841
836
768
756
788
824
743
741
784
745
806
895
884
846
733
874
813
773
828
852
0
856
748
808
769
729
844
774
706
813
781
799
820
705
804
829
710
883
828
790
748
784
897
860
778
794
773
885
835
809
705
876
863
713
895
792
841
735
876
870
830
869
818
820
804
719
898
811
819
834
835
758
714
797
720
874
830
823
808
752
776
780
884
892
806
768
847
858
753
809
747
836
872
869
747
810
846
714
797
772
749
822
780
778
744
787
841
829
712
710
754
855
701
836
862
845
780
794
733
710
856
0
749
867
703
796
713
796
888
805
791
812
761
734
860
751
712
806
714
795
874
709
764
775
886
808
843
710
883
856
736
749
838
713
852
795
843
772
854
732
892
709
785
800
721
701
872
750
770
834
833
724
730
762
830
706
781
806
735
872
736
892
862
820
707
890
890
748
741
838
711
831
879
865
855
765
784
745
727
715
779
858
776
755
764
779
708
737
795
721
891
717
899
731
758
766
724
742
860
868
748
749
0
774
726
816
803
886
724
874
880
876
775
843
892
781
859
740
820
812
804
882
872
865
873
714
855
802
806
706
734
884
721
867
856
770
745
850
840
876
761
763
726
716
893
747
776
709
793
798
795
899
836
855
741
792
863
831
813
873
743
848
722
717
823
858
710
880
754
794
779
797
838
719
745
711
736
729
899
703
826
886
718
800
811
888
728
891
723
705
873
772
729
854
726
822
758
734
896
833
808
867
774
0
705
849
797
781
889
809
772
816
720
774
890
884
806
898
735
892
766
721
882
742
732
789
741
755
814
744
712
870
716
849
798
891
737
882
870
758
812
783
883
806
744
706
765
849
864
809
844
771
898
844
822
761
896
899
871
744
848
719
864
896
785
749
786
855
849
740
858
787
737
701
886
815
714
838
802
714
888
761
816
822
746
855
866
826
701
758
724
886
816
701
740
792
794
785
851
710
769
703
726
705
0
738
825
725
742
893
700
727
840
829
718
782
775
816
748
767
744
759
713
897
727
832
833
886
815
792
808
881
885
858
874
771
776
837
899
849
854
822
713
826
768
810
883
886
777
718
802
779
834
757
878
893
807
852
762
870
730
703
821
755
705
836
754
826
788
805
723
865
898
823
879
855
896
720
828
828
755
880
832
766
797
719
792
839
898
726
721
782
803
795
856
725
746
875
762
785
729
796
816
849
738
0
854
750
795
770
899
888
766
827
892
705
820
851
710
809
880
887
705
846
830
720
882
785
726
775
817
773
898
731
705
701
844
802
743
892
722
832
788
897
711
754
889
871
811
712
815
744
706
700
767
838
803
798
859
740
876
702
746
832
734
891
789
809
885
890
743
806
712
808
851
818
732
875
713
773
808
758
851
885
883
890
731
744
841
701
852
831
842
847
845
749
703
736
894
733
844
713
803
797
825
854
0
760
838
839
842
734
720
713
866
814
816
767
786
871
875
882
892
830
888
811
817
806
894
894
825
725
831
725
758
846
806
820
874
771
852
884
700
735
737
879
701
715
802
817
779
825
713
732
781
836
879
811
880
725
888
731
743
862
701
853
782
863
846
756
824
801
810
852
882
763
882
842
745
851
841
771
740
788
727
806
778
837
839
896
840
736
898
889
722
850
805
741
720
816
774
796
886
781
725
750
760
0
739
815
807
862
781
804
802
871
727
711
774
867
853
757
755
722
705
702
741
857
735
823
728
859
840
854
790
764
705
806
784
728
832
832
802
764
758
867
834
796
890
896
793
757
760
878
805
858
743
846
854
795
810
795
740
726
719
847
814
864
705
780
735
760
803
727
852
789
749
701
812
718
863
788
871
724
854
866
830
880
738
838
792
845
882
729
784
821
761
730
865
857
706
888
724
889
742
795
838
739
0
752
706
720
810
873
754
752
831
835
705
777
715
718
899
881
774
792
841
732
892
863
876
850
820
736
771
801
830
795
787
748
798
791
722
829
801
770
871
722
773
893
836
721
809
821
749
892
897
833
764
802
0
750
779
808
775
771
706
809
813
771
736
890
815
722
742
785
826
844
735
766
837
730
858
854
760
700
893
738
759
872
806
834
897
833
895
875
893
841
770
764
813
805
874
809
893
770
839
815
752
0
703
765
766
745
740
772
802
754
875
740
850
734
810
774
751
822
774
798
764
794
717
781
734
819
829
740
820
707
706
855
768
883
878
807
839
844
0
729
852
875
762
899
820
755
866
889
715
865
825
820
772
882
795
873
797
768
737
780
891
854
747
879
836
732
735
731
745
720
756
832
813
853
840
796
760
755
845
806
704
808
868
704
863
799
736
705
724
721
707
763
781
791
880
772
700
899
842
807
706
703
0
766
812
723
823
806
865
821
877
889
820
809
740
802
878
841
854
870
715
861
822
790
822
742
804
783
893
705
868
775
896
814
770
868
891
883
800
886
719
832
728
788
870
726
768
723
774
872
878
870
825
722
784
803
757
727
875
815
877
747
862
851
775
774
746
751
739
851
895
742
850
794
845
866
767
826
825
820
706
884
881
761
880
894
749
774
812
756
780
884
799
812
876
816
727
888
734
862
720
765
766
0
800
781
835
784
770
0
830
784
774
799
824
762
729
895
887
895
853
723
713
897
791
844
789
895
813
877
817
755
894
828
830
799
750
889
832
816
703
779
841
863
739
797
826
846
802
810
728
796
758
895
821
848
794
754
778
854
704
712
803
776
730
760
866
732
791
892
745
765
799
759
889
784
727
767
759
841
822
718
816
781
794
779
789
894
729
724
847
716
820
761
775
720
840
766
720
781
810
766
812
800
0
805
788
802
856
789
773
782
818
818
753
738
889
716
709
722
824
861
845
712
782
837
806
802
788
845
765
868
726
894
819
751
791
865
741
702
886
707
738
744
844
875
871
845
820
801
881
735
816
808
714
871
849
709
747
740
832
849
895
811
751
715
730
773
829
895
775
713
857
876
776
873
823
701
872
876
761
863
787
828
718
710
826
759
764
773
807
771
705
734
843
774
829
827
713
804
873
745
723
781
805
0
876
898
830
804
776
869
739
833
873
849
863
835
893
897
892
869
824
896
870
753
754
810
734
899
892
850
865
898
707
784
771
784
871
883
765
783
839
853
839
807
795
805
739
790
856
726
838
869
799
881
816
793
809
783
852
797
891
712
777
839
730
713
754
710
713
806
747
787
715
805
898
872
717
828
878
724
760
720
756
769
745
835
782
851
763
870
804
860
892
890
718
892
866
802
754
740
823
835
788
876
0
706
891
805
881
816
729
895
729
839
816
753
754
855
705
771
730
898
856
853
841
894
821
809
750
881
784
772
713
738
720
780
824
802
894
727
745
896
799
836
776
772
711
829
864
887
873
851
745
882
757
779
862
847
842
745
805
749
854
830
874
813
822
759
841
744
839
799
812
755
735
852
842
714
749
835
808
712
776
777
709
767
747
870
830
777
829
751
781
884
782
705
814
871
752
772
806
784
802
898
706
0
866
708
745
741
797
704
794
873
738
837
712
888
716
792
836
730
758
819
818
846
789
710
885
787
854
721
828
744
756
869
845
760
746
899
772
744
810
715
849
706
807
897
749
772
799
850
862
788
884
822
821
736
718
845
858
711
831
754
860
787
880
876
734
740
711
804
794
787
787
795
802
786
706
827
885
722
703
781
752
723
725
818
883
838
710
712
859
806
775
820
816
727
831
802
865
770
856
830
891
866
0
743
741
850
887
819
869
754
730
725
767
838
704
0
721
841
857
746
784
891
886
875
783
719
821
867
760
773
847
793
853
840
723
726
710
705
842
733
889
768
732
840
762
845
817
877
884
860
875
871
752
874
843
865
790
870
767
895
847
759
732
747
777
798
733
755
727
849
837
843
724
757
893
887
722
847
759
879
729
740
745
832
730
734
883
806
740
898
816
851
767
711
835
754
821
0
789
804
805
708
743
0
884
744
761
814
809
820
727
894
822
750
718
727
705
765
768
720
883
800
713
894
777
895
749
726
853
880
798
823
707
747
712
872
787
760
721
888
858
759
849
779
855
760
831
817
794
868
846
719
717
793
866
885
850
772
731
780
803
811
819
711
827
761
763
891
743
702
865
738
858
876
754
748
715
776
822
869
725
840
813
842
796
834
828
714
820
735
748
710
786
774
705
875
877
830
773
776
881
745
741
884
0
782
856
726
813
875
725
701
809
749
715
741
874
898
852
721
867
756
806
766
738
882
747
807
882
779
713
814
830
808
829
777
737
705
806
747
879
728
707
777
863
735
887
844
898
856
737
801
888
768
724
880
837
728
854
765
799
838
747
713
836
711
758
886
880
878
890
796
716
706
837
758
767
745
735
722
811
862
769
896
756
800
790
795
812
892
767
809
871
867
777
740
889
784
782
869
816
741
850
744
782
0
801
713
893
893
711
822
846
717
892
723
824
886
853
850
831
760
760
790
786
881
730
898
0
869
835
763
746
843
817
848
874
854
756
838
703
882
861
886
754
823
860
712
781
821
705
874
779
791
829
867
813
719
777
716
707
815
703
838
889
768
809
747
887
820
889
855
818
885
726
884
827
794
892
715
899
879
785
712
779
881
748
874
804
766
744
880
875
853
715
850
820
774
818
739
729
797
887
761
856
801
0
868
773
865
818
895
760
706
732
822
756
802
712
710
847
889
722
735
826
765
706
718
758
738
762
796
822
717
707
875
768
710
749
833
787
764
832
845
741
815
751
827
784
877
782
816
756
798
853
895
741
869
771
711
894
754
728
735
894
823
831
861
888
709
735
810
865
704
792
752
834
749
765
844
884
895
819
778
890
888
784
709
882
721
759
887
882
757
718
734
809
799
818
833
895
704
819
814
726
713
868
0
871
813
765
815
726
777
709
890
803
821
864
804
782
837
844
815
816
896
862
877
827
722
768
865
821
762
876
773
777
830
791
794
759
759
704
816
743
887
838
823
874
805
812
809
890
875
892
784
706
771
761
704
832
775
816
829
820
851
768
897
768
874
790
706
882
878
867
766
730
776
826
822
739
888
755
888
788
830
897
764
872
882
713
705
892
755
899
810
740
824
753
873
729
794
869
809
813
893
773
871
0
882
886
895
761
794
709
796
765
824
775
881
822
890
778
817
740
814
880
854
716
741
758
721
754
773
802
829
730
785
735
754
771
876
861
795
702
709
893
869
728
724
823
766
834
832
725
855
757
755
763
714
780
891
820
774
805
834
886
789
796
892
885
730
707
847
888
822
748
877
762
780
710
864
863
720
795
886
860
775
865
742
897
846
830
722
881
774
802
762
738
849
839
873
754
820
875
893
865
813
882
0
784
875
752
851
745
770
768
738
820
711
762
870
742
888
774
831
722
743
823
750
771
830
730
814
889
751
735
820
823
787
722
868
784
890
783
718
844
734
734
781
891
776
785
825
739
845
807
898
740
735
812
723
838
883
853
765
881
871
730
759
844
896
893
737
894
897
786
704
817
857
766
804
712
768
704
884
778
886
873
732
727
830
888
705
774
751
878
729
889
863
816
738
730
727
725
711
818
765
886
784
0
894
781
715
731
821
814
774
797
743
834
869
836
723
731
788
809
776
875
783
821
758
726
725
743
776
870
882
736
736
889
747
850
801
749
880
794
823
836
880
892
711
858
807
857
839
877
750
754
720
839
839
718
820
735
888
816
730
841
861
853
729
833
754
874
823
704
751
813
826
711
765
758
826
805
754
794
808
714
789
832
720
811
702
792
822
841
895
716
835
753
837
725
894
701
822
895
815
895
875
894
0
793
868
747
821
793
803
773
832
731
785
801
891
882
775
829
784
711
849
773
839
781
880
850
791
792
740
850
785
779
848
761
875
765
809
883
732
825
869
855
864
744
717
895
761
829
811
889
828
734
740
704
837
773
718
878
723
816
775
887
854
802
800
726
827
804
836
723
763
831
815
800
749
855
855
773
843
855
741
833
882
817
741
841
774
854
887
709
893
754
712
767
822
809
846
760
726
761
752
781
793
0
704
884
880
845
862
816
741
875
767
812
766
832
860
874
711
706
863
803
818
766
799
714
821
879
774
765
700
735
737
723
742
830
788
812
893
730
720
711
740
895
825
762
850
813
877
816
747
736
895
868
861
889
778
707
839
810
812
0
735
887
728
819
735
737
789
837
860
703
704
814
855
814
714
885
710
802
755
886
785
806
857
732
798
870
895
722
897
855
888
838
750
749
717
706
777
794
851
715
868
704
0
769
767
792
748
881
850
754
772
762
838
825
818
874
813
758
778
785
778
776
892
899
890
871
875
769
775
742
720
851
816
769
749
772
758
876
865
808
801
844
807
822
830
745
803
781
768
883
842
719
879
893
779
890
819
880
840
796
839
758
832
896
838
815
897
858
775
779
802
700
853
811
714
835
883
806
814
815
726
894
735
892
764
715
853
824
892
705
716
704
718
715
892
732
709
709
745
731
747
884
769
0
843
792
793
731
727
751
816
748
780
826
863
829
742
707
774
702
894
750
857
801
838
751
744
761
840
731
765
773
834
734
712
793
894
778
798
842
707
862
789
765
873
846
892
783
889
869
884
825
856
864
759
837
717
881
765
788
818
755
880
756
886
826
778
860
862
852
733
718
704
819
705
809
856
706
744
792
775
894
823
863
794
861
723
861
869
771
792
0
727
741
723
822
890
796
770
821
821
880
767
843
0
813
727
750
782
840
702
897
733
847
864
886
766
749
718
804
853
738
724
718
768
785
794
837
731
778
873
762
703
761
800
776
892
798
761
712
864
784
785
836
832
812
763
753
897
739
863
728
806
709
881
785
720
880
769
893
815
745
721
815
706
722
780
778
867
779
785
833
792
782
839
705
736
734
712
808
817
825
728
876
717
822
713
845
824
730
836
721
705
874
824
756
803
765
768
814
793
845
792
792
813
0
750
762
743
780
751
728
752
707
701
872
754
873
839
710
863
722
889
737
818
808
811
784
767
718
758
883
729
893
822
796
852
732
815
733
850
772
848
755
859
748
837
865
838
840
884
843
838
715
715
807
773
730
799
750
762
703
840
816
869
830
803
857
738
852
836
842
874
722
761
876
749
884
870
881
773
725
859
850
781
790
897
712
896
898
730
841
765
898
886
802
821
824
738
774
803
862
748
793
727
750
0
827
819
724
815
866
825
771
824
821
860
863
735
803
889
774
740
887
840
762
767
866
893
818
822
824
754
824
735
708
855
768
831
734
882
704
873
703
860
734
733
863
774
702
818
860
766
862
820
762
788
835
780
827
842
718
739
825
783
890
819
810
765
847
745
736
783
784
828
863
838
721
716
885
898
831
840
820
734
822
791
782
870
856
758
857
768
852
853
712
864
775
820
797
773
816
881
731
750
762
827
0
814
872
739
765
798
848
892
890
859
718
738
862
899
880
784
866
829
815
764
799
789
792
857
886
863
860
874
843
865
811
710
897
818
761
754
723
886
739
851
893
780
771
860
742
721
723
754
710
843
835
853
769
719
734
895
730
772
854
713
888
771
774
858
793
805
810
875
713
713
867
849
858
731
725
854
736
819
742
844
837
753
853
819
746
720
721
850
710
804
881
711
743
832
741
850
727
782
743
819
814
0
867
700
881
803
792
733
718
702
810
823
781
804
793
762
868
789
895
899
787
788
705
810
836
836
745
750
813
880
749
758
868
715
810
892
826
737
811
861
884
885
768
882
812
856
856
859
757
793
865
858
791
722
722
0
753
805
895
732
700
837
846
701
733
863
779
744
895
852
856
798
874
705
758
790
771
829
804
789
806
754
841
818
784
883
867
831
847
782
822
762
834
731
875
754
751
840
780
724
872
867
0
701
824
866
878
704
748
763
806
796
717
832
728
732
844
769
889
861
838
783
856
877
899
865
722
766
800
878
766
879
726
704
865
751
867
788
707
893
881
800
792
815
782
840
772
859
713
783
872
864
816
832
829
759
858
829
736
744
748
784
839
853
846
738
890
850
792
795
770
891
771
701
846
764
801
740
783
895
802
810
894
846
891
800
756
760
889
837
890
870
869
785
767
772
816
702
751
815
739
700
701
0
888
892
801
720
887
870
815
752
879
727
791
809
793
867
821
820
701
769
705
791
834
751
868
797
774
703
708
773
814
781
766
817
890
789
892
761
819
731
891
757
893
774
771
844
773
706
828
855
811
777
816
891
853
771
708
704
701
837
809
779
722
897
788
843
841
843
745
737
776
844
806
705
830
820
893
813
788
734
821
789
886
713
806
760
722
844
778
742
836
801
812
762
748
897
728
866
765
881
824
888
0
898
707
749
768
864
788
860
794
899
711
820
750
787
866
798
816
807
836
867
726
806
777
706
858
767
713
792
750
888
873
891
784
894
743
721
773
775
772
705
786
730
795
845
789
772
762
842
775
701
776
759
761
811
830
875
806
804
742
708
844
780
807
824
735
772
850
882
837
802
820
806
795
707
705
877
845
899
809
710
875
894
766
790
735
815
817
888
723
891
766
838
780
733
752
825
798
803
866
892
898
0
768
798
837
771
863
871
823
714
855
800
805
889
854
728
754
773
768
865
715
714
857
867
756
840
753
805
719
872
771
752
865
804
748
826
724
731
707
843
868
753
753
899
868
740
710
751
764
897
887
744
880
804
772
855
700
848
811
873
777
805
801
787
876
854
840
870
899
743
874
784
787
706
868
817
765
892
750
885
783
777
738
786
826
816
740
774
731
882
832
825
826
847
707
771
848
792
878
801
707
768
0
878
808
826
708
839
893
865
892
843
737
896
858
792
888
725
711
871
748
742
879
777
837
814
738
850
876
734
727
761
833
822
795
829
765
826
884
818
704
866
768
888
776
855
797
789
880
825
841
873
767
742
808
833
834
802
703
892
892
780
723
735
870
732
876
758
849
892
771
728
748
855
775
755
868
850
881
787
719
895
882
881
765
896
814
831
788
775
860
818
863
864
701
824
892
733
704
720
749
798
878
0
