0
619
585
369
642
222
354
442
205
915
193
649
464
833
846
595
724
653
851
762
899
921
894
427
933
654
286
953
354
613
143
544
500
772
741
777
126
472
553
703
725
858
596
710
836
322
368
662
728
641
224
115
266
101
761
355
457
485
626
479
260
685
582
631
844
819
218
199
861
226
963
121
707
103
405
650
573
810
116
636
232
382
667
484
189
161
473
260
651
754
785
436
222
753
914
693
734
883
390
184
619
0
586
840
523
261
177
839
492
167
935
123
236
117
295
794
783
620
277
759
824
172
219
653
985
171
251
823
235
161
366
591
281
502
974
410
224
665
729
999
837
669
537
525
264
708
158
510
782
593
999
700
512
386
205
933
253
447
783
130
626
421
901
510
556
606
112
611
166
372
822
388
414
630
308
974
329
153
163
672
123
638
879
606
218
382
980
491
663
522
151
756
662
782
879
659
567
651
753
886
585
586
0
646
312
248
426
603
493
313
493
711
307
141
414
762
884
176
384
314
265
324
683
237
871
259
818
714
945
389
780
417
396
122
189
969
356
456
772
838
855
214
819
609
437
531
639
670
844
877
171
776
473
118
949
155
414
139
553
628
851
111
994
416
185
879
341
683
290
557
637
716
421
172
772
560
352
506
652
687
812
545
148
582
275
955
159
641
515
683
980
694
440
471
310
909
716
664
962
218
369
840
646
0
586
827
371
490
441
973
722
726
555
805
273
442
525
880
991
737
174
348
497
307
759
863
799
640
751
595
679
571
379
784
566
500
748
672
156
209
309
251
735
157
356
848
251
815
325
574
564
228
625
969
240
966
719
871
137
644
951
417
718
854
314
216
566
672
433
944
998
894
432
203
651
357
589
314
167
322
623
466
154
591
444
694
133
642
708
438
491
578
854
115
991
481
947
253
119
759
642
523
312
586
0
214
219
846
746
912
162
410
382
743
980
863
502
417
390
388
275
925
420
460
246
567
257
923
771
996
553
145
947
898
983
956
455
608
503
531
814
876
755
118
896
238
374
914
172
251
228
634
496
942
842
716
123
625
450
625
141
966
165
236
477
259
170
959
113
732
727
235
600
609
298
885
160
125
312
346
116
492
724
915
775
173
732
430
771
819
340
521
628
379
905
726
998
363
406
426
222
261
248
827
214
0
104
950
397
794
684
823
579
924
322
764
526
749
822
834
113
276
619
522
407
121
252
550
487
822
828
684
922
480
446
230
434
469
451
697
422
811
205
473
233
218
493
497
914
196
411
755
858
413
680
758
155
441
244
358
708
614
581
899
327
691
697
466
492
874
772
334
990
522
232
238
754
275
190
471
703
867
906
799
685
238
268
805
254
384
964
896
653
150
270
755
807
734
561
497
354
177
426
371
219
104
0
995
242
838
790
683
588
536
393
747
751
371
242
244
124
100
813
689
295
301
953
524
901
498
618
208
687
100
410
750
299
405
141
152
907
145
716
634
356
892
683
961
551
405
483
107
145
820
787
419
886
397
275
905
956
757
555
468
450
410
307
433
230
881
569
580
237
820
559
793
924
425
319
323
255
545
515
166
717
138
744
889
411
163
711
178
517
614
270
561
904
933
664
565
442
839
603
490
846
950
995
0
726
218
379
918
562
427
352
426
347
347
869
611
675
446
887
568
794
257
992
536
976
897
447
679
889
367
801
158
777
439
767
529
199
305
809
286
622
375
861
436
676
605
162
633
253
237
896
108
125
296
875
519
620
750
899
529
269
868
834
641
331
283
256
658
959
263
821
629
427
492
684
368
680
715
612
254
231
600
947
695
206
674
964
787
109
835
723
889
276
398
391
661
205
492
493
441
746
397
242
726
0
338
553
493
794
527
296
414
247
901
209
988
312
863
783
499
871
423
245
897
469
708
821
317
928
589
917
453
543
323
523
828
904
856
281
493
175
568
149
470
628
133
423
380
951
426
443
280
938
995
765
898
966
686
626
614
565
316
409
587
103
755
910
643
607
715
257
163
705
866
719
535
992
719
818
689
667
800
858
302
667
405
558
329
531
903
921
722
603
836
916
293
915
167
313
973
912
794
838
218
338
0
727
604
805
284
187
602
904
678
848
542
240
750
174
167
564
494
301
137
488
479
897
921
859
122
955
512
562
782
895
323
295
325
159
655
236
457
982
979
679
721
686
734
294
174
167
151
436
757
852
122
641
155
110
867
247
321
584
653
315
219
350
679
861
301
727
553
881
141
967
124
582
527
823
957
152
286
643
547
448
892
663
711
940
279
490
879
504
771
773
467
193
935
493
722
162
684
790
379
553
727
0
640
859
992
858
446
841
827
591
364
111
161
183
531
390
773
397
902
453
335
771
994
602
843
354
296
887
883
700
936
191
776
885
755
337
186
575
123
703
826
962
728
226
847
690
236
330
763
307
170
858
467
950
486
838
520
372
737
600
567
316
476
723
211
278
616
146
971
430
506
795
1000
530
214
666
807
350
657
346
155
221
829
817
366
621
956
424
203
898
279
649
123
711
726
410
823
683
918
493
604
640
0
925
575
445
964
995
957
485
281
968
777
994
650
735
427
297
574
856
172
147
949
305
622
139
824
940
927
223
220
602
782
832
825
776
885
835
552
681
270
159
306
135
878
495
340
789
933
787
851
431
409
463
898
384
669
274
256
432
214
839
449
972
933
214
502
451
431
310
274
226
433
541
724
132
671
141
320
818
843
821
388
467
548
600
207
789
223
253
180
464
236
307
555
382
579
588
562
794
805
859
925
0
170
718
944
786
507
352
547
624
195
175
582
788
908
223
554
354
483
971
528
155
426
646
512
454
244
857
184
794
714
799
316
684
595
877
718
201
260
382
793
965
188
498
140
915
472
307
337
875
716
945
159
827
986
511
532
167
805
223
768
863
404
636
429
699
808
621
192
852
800
883
293
461
564
818
110
172
378
245
204
561
466
513
744
226
759
493
152
833
117
141
805
743
924
536
427
527
284
992
575
170
0
943
686
345
405
287
801
245
966
814
675
119
567
225
529
995
942
152
526
837
663
219
820
939
335
468
917
440
839
131
649
733
192
545
294
310
934
119
975
882
216
875
252
444
921
449
236
512
726
716
181
791
361
581
401
300
976
507
992
667
441
849
723
129
168
241
599
399
998
179
393
611
780
420
416
540
638
930
289
777
819
411
396
511
992
652
578
846
295
414
273
980
322
393
352
296
187
858
445
718
943
0
143
743
955
616
894
852
824
472
819
364
303
185
220
948
425
637
703
709
889
965
964
709
541
420
493
368
783
655
229
719
899
659
568
853
326
431
652
724
218
311
999
770
873
152
616
445
136
635
605
233
352
515
436
648
133
293
606
280
340
720
766
204
710
197
681
117
927
217
873
650
566
614
374
444
116
519
317
696
629
812
354
873
374
707
532
595
794
762
442
863
764
747
426
414
602
446
964
944
686
143
0
404
719
587
651
587
366
360
177
734
994
799
296
626
203
123
930
832
133
405
185
884
977
217
150
740
991
658
510
866
709
106
929
662
411
399
456
295
322
451
980
744
385
204
304
600
941
663
850
545
978
715
172
403
929
512
206
302
840
980
408
341
181
620
575
609
432
141
759
964
915
934
557
758
943
203
209
499
237
203
814
519
638
896
684
724
783
884
525
502
526
751
347
247
904
841
995
786
345
743
404
0
901
959
489
894
631
496
242
968
836
419
314
415
822
120
154
979
569
196
857
856
147
758
385
215
270
426
882
354
337
481
377
874
401
659
742
944
325
746
207
927
789
365
511
115
180
978
685
173
428
526
134
514
741
746
800
611
487
799
170
696
900
363
949
512
717
287
541
546
506
316
205
269
455
509
866
549
643
735
322
730
245
363
537
653
620
176
880
417
749
371
347
901
678
827
957
507
405
955
719
901
0
202
366
931
172
345
240
166
603
357
863
151
293
997
322
624
692
444
668
972
390
920
860
437
812
220
436
768
596
142
369
960
610
561
100
573
863
125
544
926
984
183
964
666
738
429
817
937
852
398
686
284
973
891
753
498
560
687
501
738
916
509
402
575
829
382
822
972
233
836
130
125
970
469
765
618
356
360
197
297
294
180
782
851
277
384
991
390
822
242
869
209
848
591
485
352
287
616
587
959
202
0
236
589
352
224
998
715
379
148
976
931
273
763
158
697
397
808
884
408
864
996
355
710
949
307
564
601
573
688
214
685
974
256
162
316
671
701
180
428
363
969
914
171
427
983
782
780
157
789
422
339
921
609
516
119
282
141
558
796
467
474
468
268
996
698
890
217
408
202
717
532
683
669
420
913
795
942
164
657
788
146
320
762
759
314
737
388
834
244
611
988
542
364
281
547
801
894
651
489
366
236
0
998
417
689
124
794
452
426
903
101
148
996
262
853
986
488
106
828
501
212
326
827
722
387
540
618
291
201
982
322
601
231
329
845
288
869
564
632
613
140
811
596
656
972
649
990
728
127
200
586
234
263
546
620
857
544
221
350
393
788
991
838
821
760
420
657
786
631
899
569
391
811
584
134
419
169
893
401
819
266
223
899
824
265
174
275
113
124
675
312
240
111
968
624
245
852
587
894
931
589
998
0
108
901
120
670
937
706
437
399
336
853
813
227
417
952
816
986
969
669
876
481
804
225
353
794
757
716
732
538
850
482
456
794
343
135
214
647
675
258
267
985
732
453
377
502
153
598
235
780
113
325
110
961
658
523
287
256
283
809
760
856
228
505
431
734
620
900
929
709
648
654
521
817
903
610
307
241
326
136
601
921
172
324
348
925
276
100
446
863
750
161
777
195
966
824
366
631
172
352
417
108
0
257
427
383
773
852
457
254
951
970
554
988
380
487
717
951
688
143
345
229
565
842
617
908
377
189
577
940
232
274
322
243
496
108
287
833
194
365
248
831
967
271
850
485
726
536
372
282
321
212
362
606
933
297
826
264
838
240
558
776
491
628
593
315
928
135
467
364
956
619
764
406
289
116
725
489
146
286
154
894
219
683
497
420
619
813
887
783
174
183
994
175
814
472
360
496
345
224
689
901
257
0
254
728
776
898
620
703
903
977
906
676
588
954
908
822
974
228
352
155
998
741
887
819
345
389
793
133
348
377
812
316
692
501
210
152
153
817
131
575
179
983
788
406
830
884
878
456
444
585
178
612
691
275
183
978
724
886
554
147
517
725
750
214
559
191
491
636
433
745
296
689
726
761
419
429
176
902
346
427
653
237
307
460
522
689
568
499
167
531
650
582
675
819
177
242
240
998
124
120
427
254
0
352
187
290
163
814
520
476
622
534
144
607
579
369
471
878
410
668
101
875
964
615
731
831
247
529
353
138
226
232
490
579
308
697
484
417
815
526
615
478
612
214
766
546
847
738
460
162
200
889
622
733
762
501
469
106
186
171
785
622
724
595
568
591
490
339
927
946
221
982
450
815
856
518
726
456
757
933
985
871
759
246
407
295
794
871
564
390
735
788
119
364
734
968
166
715
794
670
383
728
352
0
438
206
386
463
378
386
585
206
677
417
378
260
689
877
988
104
512
791
672
239
306
218
527
405
758
265
650
816
941
514
938
372
817
607
707
579
398
818
632
376
308
382
883
380
954
681
100
786
898
526
242
894
640
774
640
248
720
183
116
811
788
252
400
235
471
765
553
244
470
297
810
225
356
885
696
654
171
259
863
567
121
301
257
423
494
773
427
908
567
303
994
836
603
379
452
937
773
776
187
438
0
656
562
562
242
629
443
466
798
940
912
167
960
890
708
828
188
953
748
626
367
420
482
124
649
493
269
194
706
517
952
313
185
520
764
834
335
634
413
761
562
819
635
232
989
516
544
869
806
775
994
265
222
687
833
416
329
504
754
997
207
711
246
833
597
220
503
603
190
407
597
780
762
882
246
286
251
818
799
257
252
953
992
245
301
397
297
223
225
185
799
419
357
148
426
706
852
898
290
206
656
0
233
136
181
706
999
661
568
471
831
423
312
243
700
161
466
424
349
766
981
578
222
311
307
424
413
816
334
187
573
100
803
849
990
382
158
422
460
857
117
790
477
821
492
727
233
103
923
358
509
183
868
488
184
650
758
282
970
304
210
884
398
656
863
294
529
287
334
994
303
942
370
640
951
953
823
714
640
923
550
524
536
897
137
902
574
554
529
220
296
314
863
976
903
437
457
620
163
386
562
233
0
314
986
948
198
890
880
154
452
177
802
854
337
717
957
703
539
176
926
833
450
441
382
711
302
278
504
936
468
712
123
103
793
914
227
324
266
645
641
375
673
893
935
491
507
227
158
999
984
686
995
575
583
127
402
761
264
422
445
535
830
379
985
712
814
666
309
623
503
404
908
566
984
354
235
945
751
771
487
901
976
469
488
453
856
354
995
948
626
415
151
931
101
399
254
703
814
463
562
136
314
0
934
849
729
134
661
449
254
523
558
123
297
590
891
298
931
675
756
961
462
123
470
857
354
888
939
454
199
737
417
883
609
171
581
213
155
301
884
350
426
240
514
893
186
233
970
169
634
205
919
731
912
498
112
652
722
291
792
880
426
615
380
933
335
584
116
617
142
228
812
610
693
613
161
389
595
996
822
498
897
708
479
335
172
483
942
425
203
822
293
273
148
336
951
903
520
378
242
181
986
934
0
712
274
967
216
996
531
514
922
952
232
160
804
329
720
257
991
136
318
122
450
470
292
116
954
486
695
419
151
912
293
853
704
278
566
211
663
442
996
955
271
614
269
811
980
637
186
461
870
420
283
223
905
469
625
920
162
439
129
882
860
242
147
462
608
231
240
692
508
975
515
143
366
780
679
553
828
618
447
821
897
771
147
971
152
637
123
120
997
763
996
853
970
977
476
386
629
706
948
849
712
0
239
363
827
524
663
186
512
741
708
144
642
659
359
835
760
946
924
223
877
557
403
181
777
800
520
103
589
462
810
409
733
855
953
332
384
420
557
377
380
217
626
714
308
646
973
798
566
607
688
778
150
115
482
267
667
767
203
848
291
219
533
851
276
974
142
605
932
326
707
544
591
417
571
145
684
208
679
317
921
994
949
528
526
703
930
154
322
158
262
813
554
906
622
585
443
999
198
729
274
239
0
820
213
179
632
940
708
426
904
241
711
240
594
224
710
753
838
687
980
517
512
149
203
565
866
524
697
578
692
657
282
649
864
826
915
344
486
115
212
187
920
371
800
127
603
925
740
758
251
769
998
445
237
304
308
709
510
267
105
565
682
774
479
848
983
941
761
287
766
500
281
396
379
947
922
687
889
928
859
602
305
155
837
709
832
979
624
697
853
227
988
676
534
206
466
661
890
134
967
363
820
0
987
452
774
755
711
138
584
156
913
861
738
232
899
606
332
182
995
226
491
173
826
410
759
410
143
809
934
585
526
224
818
171
420
613
594
173
389
391
483
700
627
818
367
111
942
663
300
845
677
207
867
999
970
258
451
958
520
598
446
190
403
378
853
802
356
935
917
772
502
122
784
898
480
100
367
589
122
843
622
426
663
889
133
569
692
397
986
417
380
588
144
677
798
568
880
661
216
827
213
987
0
992
242
215
160
969
842
907
124
404
377
617
317
821
360
489
547
920
761
258
386
890
218
442
979
890
899
646
142
342
368
448
236
711
118
888
816
408
172
410
639
173
650
109
977
855
148
866
180
906
605
295
861
798
274
270
111
100
382
148
966
444
160
496
603
850
300
741
974
189
566
983
446
410
801
917
955
354
139
646
219
965
405
196
444
808
488
952
487
954
607
417
940
471
154
449
996
524
179
452
992
0
287
173
645
297
519
311
218
233
360
845
916
567
894
810
946
243
891
730
455
877
314
132
417
492
835
709
387
951
374
721
971
696
916
910
550
793
224
460
926
968
112
732
293
329
561
512
829
986
161
265
643
628
128
503
880
226
237
209
183
675
252
152
337
582
443
777
410
969
500
956
230
750
158
453
512
296
824
512
820
964
185
857
668
884
106
816
717
908
579
378
912
831
452
254
531
663
632
774
242
287
0
433
464
717
294
769
725
438
800
644
726
788
773
182
467
518
511
565
527
473
876
991
868
292
909
540
238
927
176
416
920
515
155
966
956
245
831
888
700
793
375
681
541
984
679
501
908
938
937
776
837
117
321
997
996
796
259
271
802
690
806
211
137
261
494
126
224
356
748
455
434
299
777
543
562
887
940
454
939
709
884
856
972
408
828
986
951
822
369
260
167
423
177
523
514
186
940
755
215
173
433
0
301
826
324
532
577
996
855
471
391
794
877
296
136
362
174
476
691
351
103
889
988
263
832
324
561
220
314
858
713
607
407
783
648
988
337
642
872
910
943
304
296
365
245
509
628
540
421
941
553
924
447
960
641
394
135
291
208
706
965
968
182
149
874
472
665
456
672
608
469
405
439
323
782
883
927
244
335
541
977
147
390
864
501
969
688
974
471
689
960
312
802
558
922
512
708
711
160
645
464
301
0
417
705
713
278
658
398
730
832
322
734
323
332
266
295
368
225
566
494
724
143
708
480
249
846
184
267
194
987
761
775
978
144
738
216
498
994
165
503
254
279
726
687
413
927
974
868
652
238
555
707
875
932
443
599
720
149
667
924
341
802
287
525
553
729
772
156
503
451
141
767
523
895
700
223
857
468
420
217
758
920
996
212
669
143
228
878
877
890
243
854
123
952
741
426
138
969
297
717
826
417
0
818
894
860
555
716
545
213
766
588
133
451
487
335
269
953
487
604
939
267
992
355
253
460
198
275
498
604
641
590
378
615
635
632
769
423
674
262
761
976
918
122
165
278
985
656
983
279
165
310
412
804
723
384
454
337
166
102
873
587
695
148
703
999
838
209
531
697
152
529
828
323
936
220
184
917
493
150
385
860
355
326
876
345
352
410
988
708
700
337
297
232
708
904
584
842
519
294
324
705
818
0
548
491
944
993
548
451
826
496
836
605
974
101
989
226
422
933
285
470
656
798
892
170
161
298
796
658
213
291
494
987
560
958
487
237
170
386
294
662
593
286
552
277
825
867
905
177
435
706
909
222
665
550
489
433
897
237
431
861
363
365
725
837
855
309
814
422
907
199
904
295
191
602
794
440
368
740
215
437
710
827
481
229
155
668
104
828
161
717
590
160
144
241
156
907
311
769
532
713
894
548
0
747
203
953
817
788
597
977
355
478
595
489
243
108
292
598
681
260
559
834
299
563
421
224
816
761
230
863
974
896
618
222
291
126
952
958
456
811
167
610
392
849
696
565
390
592
558
793
500
876
458
491
511
283
645
863
562
915
209
267
858
669
214
251
876
811
145
305
856
325
776
782
714
839
783
991
270
812
949
722
804
565
998
101
512
188
466
957
891
804
642
711
913
124
218
725
577
278
860
491
747
0
286
624
579
363
857
698
588
299
536
702
585
561
715
809
715
435
182
499
448
100
863
501
632
640
899
835
929
239
810
167
751
871
843
558
363
415
626
417
378
481
192
218
312
721
485
143
921
815
957
559
732
866
629
688
648
358
440
184
596
537
819
735
755
205
716
809
281
159
885
832
799
131
655
658
426
220
307
387
225
842
741
875
791
953
424
703
298
329
659
240
861
404
233
438
996
658
555
944
203
286
0
528
755
350
393
800
938
397
101
537
369
296
705
838
949
700
970
742
307
431
633
530
723
976
820
124
863
873
824
844
569
915
728
347
305
313
979
676
971
859
639
437
589
342
342
975
569
818
772
498
110
282
851
651
180
988
842
811
710
525
609
157
118
473
634
286
493
655
755
825
316
649
229
510
882
436
564
540
353
617
887
964
672
748
349
539
931
720
359
594
738
377
360
800
855
398
716
993
953
624
528
0
815
897
908
706
211
987
903
181
223
938
555
264
756
861
554
829
562
803
539
310
594
892
402
477
350
222
165
105
256
717
253
590
200
816
641
795
888
904
618
689
432
460
366
440
528
444
785
915
520
291
920
204
961
560
103
758
836
264
437
356
896
233
356
622
175
236
337
776
684
733
719
866
354
768
601
618
794
908
819
615
239
626
766
176
675
257
835
224
232
617
845
644
471
730
545
548
817
579
755
815
0
185
998
384
813
226
806
624
215
288
837
924
189
746
650
148
204
836
128
424
358
464
856
445
128
194
659
996
684
420
918
505
759
267
558
752
951
729
844
521
622
759
951
761
704
174
308
385
960
830
168
483
305
540
726
534
322
708
531
848
238
218
892
375
568
457
186
885
595
192
899
709
337
596
573
291
757
377
345
731
306
367
981
926
756
991
760
710
899
317
916
726
391
832
213
451
788
363
350
897
185
0
970
118
100
389
564
246
674
323
261
313
945
742
968
604
452
920
815
662
839
508
332
355
700
166
481
294
469
516
778
159
760
254
999
778
493
860
726
645
457
551
987
650
944
485
529
277
910
505
413
540
571
890
589
236
368
158
639
251
374
493
683
861
149
982
575
835
877
545
659
106
481
142
688
201
716
189
389
831
218
420
578
833
961
136
946
753
606
821
567
788
794
322
766
826
597
857
393
908
998
970
0
890
186
310
900
892
310
762
467
955
625
981
508
602
463
685
296
285
936
830
364
891
476
820
279
679
666
481
342
966
970
964
429
285
684
240
868
719
427
425
856
481
235
425
879
588
256
307
612
479
191
200
584
860
662
510
670
815
914
497
961
436
470
979
123
552
718
294
568
929
377
369
214
982
732
577
793
247
527
482
222
450
462
318
924
838
332
360
894
773
877
734
588
496
977
698
800
706
384
118
890
0
500
558
814
920
724
600
394
335
410
817
967
590
474
365
378
276
991
658
648
897
516
195
619
899
450
187
634
629
379
165
922
627
196
973
890
950
603
306
237
388
752
307
403
329
799
568
361
330
273
826
830
244
728
782
844
325
172
914
551
676
628
679
703
681
201
310
853
662
874
960
685
322
538
940
133
529
405
124
311
441
123
122
223
687
182
489
810
182
296
323
133
836
355
588
938
211
813
100
186
500
0
187
590
851
543
119
786
766
461
151
237
904
800
210
561
339
290
190
898
699
723
257
982
982
283
701
227
168
840
942
798
294
609
556
210
243
190
730
918
322
744
509
677
753
713
949
824
529
259
703
667
197
641
593
877
574
251
196
405
605
133
721
826
270
260
934
326
411
401
610
974
601
850
232
348
353
758
649
307
382
470
450
877
980
995
547
946
467
136
332
451
605
478
299
397
987
226
389
310
558
187
0
940
231
573
662
846
957
267
744
914
107
489
358
445
974
804
402
160
922
166
161
764
806
766
261
563
916
330
675
283
966
149
527
788
840
440
268
316
994
146
284
832
234
546
490
917
585
895
683
953
349
224
999
171
564
228
411
483
162
423
686
962
159
382
119
431
399
659
561
256
231
482
274
377
138
265
493
424
711
857
470
557
517
226
920
243
518
362
266
487
974
595
536
101
903
806
564
900
814
590
940
0
124
366
661
332
558
639
969
830
835
161
630
243
612
704
192
695
846
260
542
182
443
146
759
194
955
966
758
243
889
656
675
685
887
797
441
123
648
160
626
242
409
757
812
756
486
262
386
621
747
115
700
776
228
634
755
107
633
380
734
728
306
793
975
652
456
742
100
162
329
456
322
812
226
650
269
413
302
354
292
403
512
491
761
891
511
174
295
335
101
489
702
537
181
624
246
892
920
851
231
124
0
256
934
239
783
165
217
769
696
273
349
687
651
778
289
525
213
296
526
924
846
949
592
572
840
708
258
780
799
174
859
604
186
203
404
488
631
234
801
614
599
737
186
883
538
412
734
740
369
266
512
473
625
496
858
145
253
951
294
226
135
965
882
724
295
944
573
316
845
794
243
316
232
816
194
816
278
888
116
181
149
173
258
730
565
476
368
269
989
243
585
369
223
215
674
310
724
543
573
366
256
0
595
371
883
186
852
295
927
668
666
663
925
998
548
500
417
787
799
542
777
415
364
449
994
247
178
702
575
844
433
980
955
615
470
429
468
816
326
188
447
516
878
434
198
395
915
314
677
101
386
118
969
942
413
820
237
426
174
847
878
188
216
218
322
325
863
671
288
343
496
692
490
941
706
334
504
939
954
777
203
826
386
455
527
691
225
953
226
108
561
296
938
288
323
762
600
119
662
661
934
595
0
640
166
922
223
205
579
342
572
116
323
112
124
533
666
508
386
182
853
226
610
536
318
718
763
476
630
576
249
894
465
271
312
388
629
591
866
945
168
805
534
743
424
130
130
336
664
761
205
949
240
842
680
787
896
443
167
690
495
498
875
311
451
746
125
701
869
135
108
501
579
514
517
187
936
454
486
800
565
410
890
877
473
351
566
487
422
292
715
705
555
837
261
467
394
786
846
332
239
371
640
0
887
845
803
656
983
716
890
365
435
294
213
671
151
705
131
853
757
369
681
486
848
229
442
291
811
580
885
483
960
593
819
276
724
278
779
106
705
559
145
399
886
879
689
585
916
355
933
155
966
716
758
419
108
280
151
236
340
140
252
999
980
207
544
180
564
214
287
210
308
938
952
573
468
199
695
520
866
759
218
314
876
103
494
604
933
598
809
838
264
924
313
955
335
766
957
558
783
883
166
887
0
891
998
140
953
854
460
663
863
155
754
335
424
990
178
436
738
912
293
728
286
135
559
354
662
421
961
379
329
418
663
461
610
666
243
796
129
628
843
782
249
981
921
167
766
457
253
414
719
123
155
886
125
938
436
330
789
915
444
770
744
927
926
428
632
647
833
152
697
372
313
100
712
737
419
103
524
410
442
132
991
889
724
939
285
681
715
949
756
189
945
625
410
461
267
639
165
186
922
845
891
0
723
647
542
786
782
521
990
481
968
328
975
148
926
174
685
999
282
602
120
869
577
502
611
616
895
148
143
398
771
400
644
586
754
258
807
168
388
195
768
480
920
181
985
485
447
139
871
625
441
397
296
995
757
763
933
472
921
873
385
789
984
363
613
675
194
153
484
817
185
803
123
417
151
589
697
143
979
417
868
988
143
267
470
260
435
700
861
746
742
981
817
151
744
969
217
852
223
803
998
723
0
742
233
578
561
844
143
978
217
170
289
984
837
841
217
997
277
716
768
969
546
103
920
863
333
442
780
108
860
851
311
875
468
521
609
135
472
196
232
261
601
555
972
626
783
553
137
450
244
275
875
765
852
307
787
307
449
152
204
365
183
969
140
258
365
817
417
607
520
849
103
883
912
462
578
809
890
492
292
263
708
992
656
559
182
970
554
650
968
508
967
237
914
830
769
295
205
656
140
647
742
0
614
431
138
810
175
398
613
259
147
941
180
871
996
485
260
815
967
484
197
464
971
248
490
413
112
428
911
479
230
669
803
656
872
822
415
809
676
867
858
834
860
479
130
628
644
625
358
905
519
898
122
170
851
337
236
616
304
511
964
914
811
267
248
131
815
707
764
990
793
609
293
810
692
934
899
835
909
832
480
355
798
834
499
742
829
148
604
602
590
904
107
835
696
927
579
983
953
542
233
614
0
771
899
587
277
123
230
796
552
979
347
896
867
753
820
660
495
951
995
441
769
197
812
858
845
290
809
396
267
306
578
292
840
491
620
627
841
689
957
972
926
260
626
851
951
141
708
956
620
966
641
858
431
875
512
445
600
115
666
171
596
985
831
575
526
579
834
382
914
171
853
409
657
585
646
709
540
324
249
253
892
299
448
307
562
204
452
463
474
800
489
161
273
668
342
716
854
786
578
431
771
0
618
343
627
921
344
646
652
702
783
922
987
464
810
218
514
299
868
319
179
114
876
397
246
920
736
662
776
252
362
990
293
444
757
364
952
778
743
927
129
685
421
111
417
966
614
757
750
686
155
467
409
716
726
136
941
180
738
427
656
732
967
179
615
398
335
158
227
581
704
733
282
526
142
387
238
561
846
460
170
563
100
431
803
836
920
685
365
210
358
630
349
666
572
890
460
782
561
138
899
618
0
786
414
551
175
982
235
352
358
668
205
310
392
972
980
453
453
435
181
989
659
868
926
649
873
347
193
609
116
501
600
651
405
155
756
149
968
808
566
582
901
994
718
165
581
555
899
626
110
950
463
945
716
635
663
978
429
983
972
453
271
983
478
818
634
422
324
213
278
855
649
224
342
951
927
220
184
198
161
421
863
633
539
128
815
296
378
561
445
243
687
663
116
365
663
521
844
810
587
343
786
0
388
394
171
683
392
690
306
985
507
814
208
278
223
151
564
399
540
895
622
631
598
919
249
971
713
467
684
983
431
466
753
895
581
502
753
855
568
631
510
416
854
236
899
468
529
614
867
486
898
159
181
605
850
685
817
782
649
377
850
788
612
632
413
460
266
155
566
953
864
818
368
374
176
314
267
275
298
224
501
530
310
424
662
285
276
339
974
612
651
925
323
435
863
990
143
175
277
627
414
388
0
529
318
393
340
670
595
625
177
804
732
612
397
890
874
247
603
201
520
112
624
708
307
944
159
435
932
537
429
510
137
258
191
392
149
760
843
844
556
185
314
477
327
450
269
565
247
838
384
827
791
233
545
173
937
780
990
502
485
406
214
376
761
857
645
301
211
332
826
171
448
721
416
858
194
498
796
816
632
723
594
358
839
936
991
290
804
704
778
998
112
294
155
481
978
398
123
921
551
394
529
0
251
997
194
409
422
916
285
420
740
602
894
247
621
475
245
497
113
567
862
818
195
508
962
937
940
436
538
581
977
929
396
410
262
668
118
819
606
879
216
259
691
410
868
316
321
520
669
986
361
352
978
428
852
157
728
153
726
830
766
308
562
117
641
884
663
384
915
420
236
971
920
713
987
604
658
761
640
976
892
464
508
830
658
190
402
192
289
548
124
213
754
968
217
613
230
344
175
171
318
251
0
610
302
958
664
323
519
757
199
331
495
606
465
658
355
652
821
728
536
605
619
890
414
736
142
101
254
717
189
493
420
680
163
951
416
218
112
341
566
170
697
307
834
409
584
372
274
511
581
515
715
526
398
789
127
598
536
884
546
382
819
790
375
350
442
420
344
613
711
696
515
607
761
641
213
230
899
820
402
856
332
364
648
898
160
695
525
500
533
671
335
328
170
259
796
646
982
683
393
997
610
0
971
147
307
971
964
966
753
940
866
822
372
606
161
126
191
489
818
381
326
293
477
314
226
600
555
310
944
612
113
717
998
315
759
199
611
683
672
959
466
433
641
587
653
737
256
532
401
436
172
134
686
422
200
235
372
878
847
883
635
477
673
426
996
557
486
594
118
916
155
407
775
590
291
863
835
124
477
445
355
891
897
699
922
846
213
417
666
151
424
975
289
147
552
652
235
392
340
194
302
971
0
149
626
793
926
818
386
216
994
642
114
911
231
755
720
500
744
269
445
815
706
294
887
737
444
677
196
476
606
321
303
710
351
861
166
290
433
113
492
230
331
103
315
600
432
167
300
648
403
514
284
339
586
780
282
456
738
380
232
821
893
240
955
377
115
173
888
910
966
783
978
378
494
974
929
863
350
128
700
476
516
723
166
260
296
787
508
705
990
148
984
941
979
702
352
690
670
409
958
147
149
0
711
538
980
818
614
462
661
470
934
325
764
893
486
783
226
974
112
136
894
202
294
608
139
144
734
759
357
163
900
867
887
226
372
557
944
732
874
881
283
755
219
567
214
805
976
133
929
741
973
921
234
113
321
444
460
954
989
492
935
514
271
380
212
389
816
550
956
648
144
615
987
896
239
873
222
194
166
820
195
257
161
542
526
799
386
131
178
926
837
180
347
783
358
306
595
422
664
307
626
711
0
818
733
107
714
188
995
405
698
254
605
161
447
208
665
417
772
879
664
698
680
164
252
933
355
915
706
353
326
808
231
963
822
637
998
727
772
569
256
910
350
316
839
223
507
293
512
746
891
609
263
325
212
585
162
681
516
727
491
893
614
217
187
391
408
793
245
988
738
635
560
618
810
824
165
659
481
279
619
982
764
182
924
542
182
853
436
174
841
871
896
922
668
985
625
916
323
971
793
538
818
0
536
340
895
476
973
976
981
645
591
229
326
602
930
129
527
374
188
622
706
356
531
960
880
559
293
986
572
518
732
121
388
716
894
235
334
580
658
643
679
476
449
768
992
606
206
800
753
516
546
110
362
178
200
100
544
233
507
186
269
626
920
483
172
224
831
337
216
632
958
222
167
844
105
996
294
679
899
982
806
443
846
777
853
757
738
685
217
996
867
987
205
507
177
285
519
964
926
980
733
536
0
610
843
488
809
827
674
863
491
833
521
595
913
866
988
779
295
507
689
217
436
943
118
710
840
107
519
609
854
707
414
421
432
600
990
237
959
607
861
723
972
863
667
280
302
611
498
119
620
961
606
612
889
786
869
103
227
233
811
714
371
700
410
460
888
642
498
769
487
291
751
569
256
684
469
666
450
283
766
146
949
415
226
369
912
999
997
485
753
464
310
814
804
420
757
966
818
818
107
340
610
0
241
782
152
984
512
688
428
975
763
999
346
485
445
433
367
339
377
849
427
706
185
176
995
711
318
1000
558
103
630
172
203
609
522
820
263
715
301
211
933
404
441
340
840
487
560
282
857
658
933
691
622
898
806
923
158
970
980
308
800
627
639
926
700
872
994
423
237
126
871
915
717
420
516
481
187
701
261
759
592
364
610
681
293
282
277
260
820
810
392
208
732
740
199
753
386
614
714
895
843
241
0
670
660
909
658
920
842
884
713
844
736
953
171
230
632
405
292
687
849
465
164
678
942
390
828
304
566
405
308
772
651
298
232
559
821
257
727
278
214
636
849
720
980
799
687
141
544
523
297
275
733
526
775
358
999
169
637
646
127
818
173
968
793
910
165
674
170
952
843
728
253
918
778
342
634
227
563
194
572
449
536
486
728
602
716
815
660
218
972
278
612
602
331
940
216
462
188
476
488
782
670
0
240
483
104
962
922
991
199
378
799
798
603
711
827
182
401
388
146
247
948
549
762
402
737
348
515
650
974
560
357
885
238
793
629
163
553
616
502
429
723
766
408
170
501
558
221
287
826
183
762
242
994
509
984
634
186
973
603
367
650
112
375
943
503
262
386
958
558
347
590
505
159
966
629
168
916
955
840
994
318
848
286
120
768
967
495
514
980
223
397
894
495
866
994
661
995
973
809
152
660
240
0
367
636
786
396
195
281
320
586
508
915
194
595
321
110
747
713
624
347
227
377
668
596
392
528
573
329
352
589
160
754
924
427
705
881
146
451
699
129
204
341
696
738
796
350
256
264
978
501
894
265
183
686
205
461
798
925
111
109
732
681
304
254
761
294
456
363
305
200
759
760
970
379
840
330
966
708
247
718
229
135
869
969
484
951
299
453
151
890
247
606
822
642
470
405
976
827
984
909
483
367
0
168
219
280
986
602
601
242
869
407
137
549
199
540
546
603
600
795
546
567
649
100
163
127
810
153
506
314
125
275
425
492
866
141
971
431
808
168
710
181
900
916
467
393
283
838
724
469
640
222
868
995
919
870
566
740
942
977
293
541
296
279
976
662
811
415
313
816
267
254
964
165
942
675
758
258
178
763
442
559
577
546
197
995
868
453
564
874
621
465
372
114
934
698
981
674
512
658
104
636
168
0
756
927
461
777
295
952
450
356
989
235
910
123
766
635
449
916
908
335
444
654
690
329
116
163
652
167
312
190
319
684
719
967
430
310
621
241
197
620
363
509
474
788
809
240
886
106
774
687
488
575
731
420
607
758
663
855
329
984
365
726
918
593
167
626
979
641
558
999
429
922
798
283
243
780
702
476
291
354
502
103
464
441
319
435
399
247
475
658
606
911
325
254
645
863
688
920
962
786
219
756
0
268
791
321
617
784
500
335
248
976
421
799
290
839
541
427
603
136
905
372
520
346
636
672
687
322
346
471
323
368
535
124
506
274
192
599
681
575
949
402
468
991
760
558
554
186
640
833
184
583
912
283
688
251
300
148
561
679
245
687
122
286
610
417
676
795
752
778
285
627
294
966
889
799
575
630
811
662
611
920
971
769
179
181
540
603
245
355
161
231
764
605
591
491
428
842
922
396
280
927
268
0
278
413
155
879
614
600
927
616
480
485
217
991
881
587
711
275
669
328
606
706
232
123
812
623
116
703
255
680
992
582
795
226
852
399
117
609
512
575
268
838
856
776
147
171
248
416
650
127
498
223
778
769
845
866
512
501
509
413
165
552
392
378
971
888
951
493
684
196
609
149
656
174
844
576
580
421
616
863
248
197
114
989
895
201
497
652
126
755
893
161
229
833
975
884
991
195
986
461
791
278
0
546
620
448
447
391
673
245
832
527
586
855
757
652
922
388
832
269
480
650
382
638
545
466
492
867
545
715
719
527
1000
433
800
998
927
432
717
829
996
821
228
491
517
785
720
329
758
402
112
905
150
998
677
180
829
908
628
927
278
277
849
481
859
904
729
860
240
973
556
527
675
859
433
249
885
961
895
333
490
812
876
659
622
520
113
821
191
720
486
447
326
521
763
713
199
281
602
777
321
413
546
0
957
142
277
794
622
925
825
593
257
807
342
497
886
239
990
682
751
860
667
879
148
154
724
906
515
612
818
823
530
541
883
179
217
141
287
382
698
760
505
628
725
622
183
504
282
761
652
469
115
445
207
906
986
938
540
974
985
825
696
192
639
618
844
726
868
890
210
788
685
604
980
894
483
379
148
442
413
858
397
868
631
112
567
728
489
500
783
208
602
595
999
844
378
320
601
295
617
155
620
957
0
606
904
804
819
566
316
190
337
793
677
862
437
672
971
865
651
680
484
606
582
591
915
799
166
254
689
957
214
724
293
393
873
759
541
822
890
420
431
593
750
724
116
754
970
264
722
625
482
237
867
605
161
937
421
868
656
867
565
218
437
689
521
645
719
950
243
840
887
186
955
465
960
329
143
780
112
845
246
926
598
624
862
536
818
744
226
665
930
913
346
736
799
586
242
952
784
879
448
142
606
0
883
473
753
998
680
102
206
174
676
168
689
741
462
393
226
382
189
218
275
444
775
685
717
231
667
152
666
132
461
611
650
964
546
972
217
657
734
315
214
595
811
997
304
422
291
920
267
304
999
295
265
776
941
652
983
905
390
312
589
432
622
457
427
603
190
440
797
203
615
271
593
418
398
108
428
290
920
649
919
708
818
605
381
269
974
417
129
866
485
953
798
508
869
450
500
614
447
277
904
883
0
742
473
834
939
685
318
857
347
150
187
769
781
944
280
434
161
382
955
694
173
238
138
600
800
286
807
671
564
780
566
915
506
233
408
786
620
928
559
568
788
207
210
445
792
162
667
308
970
861
643
837
553
238
279
177
592
721
342
460
759
551
425
306
730
268
441
404
470
312
819
663
771
860
911
809
736
873
249
307
195
619
326
445
112
772
527
988
445
171
603
915
407
356
335
600
391
794
804
473
742
0
572
246
676
831
318
834
419
585
550
924
616
177
809
413
473
980
159
133
732
268
744
947
858
643
350
141
818
420
614
934
316
836
202
631
900
135
191
591
252
711
884
535
880
439
767
709
258
798
628
117
924
555
165
435
558
485
342
366
951
987
856
237
918
316
123
488
429
388
276
461
400
851
479
396
662
347
971
944
508
890
293
815
136
879
374
779
433
230
711
194
137
989
248
927
673
622
819
753
473
572
0
692
976
824
732
911
263
170
667
557
744
801
791
621
260
491
641
642
430
805
889
695
302
547
657
320
110
416
374
557
205
130
717
899
929
467
491
490
400
246
398
830
426
129
203
510
451
274
128
321
447
707
310
706
793
143
975
440
761
650
481
388
322
994
648
631
468
629
724
610
644
311
230
267
776
193
713
159
962
414
477
706
894
664
188
295
367
632
827
595
549
235
976
616
245
925
566
998
834
246
692
0
570
896
779
215
315
791
515
724
689
585
417
647
651
663
515
708
771
254
411
206
667
448
346
818
172
540
444
758
269
125
532
569
709
364
636
339
235
833
656
379
615
882
848
267
958
270
503
997
960
875
412
909
500
921
569
528
704
944
235
752
744
146
160
234
816
591
278
666
586
875
669
306
252
609
467
435
937
736
314
294
202
698
622
507
339
405
182
321
199
910
421
480
832
825
316
680
939
676
976
570
0
354
812
787
405
182
544
510
675
396
554
634
754
522
683
438
819
384
163
674
405
892
155
843
378
638
116
943
455
970
683
391
648
956
433
927
471
597
863
985
380
860
291
105
520
111
880
996
641
932
804
222
876
815
818
444
174
485
425
307
509
284
626
801
326
866
779
243
754
468
803
578
362
116
684
932
940
142
226
887
294
680
706
689
377
292
401
110
540
123
799
485
527
593
190
102
685
831
824
896
354
0
640
963
251
279
432
752
730
403
403
406
785
151
980
491
340
964
711
964
558
663
221
821
245
930
519
203
509
469
669
811
654
619
745
946
765
220
294
712
933
242
219
565
598
100
226
796
394
443
723
665
458
957
772
785
308
529
879
403
677
832
242
614
188
945
106
796
258
521
656
292
990
501
983
537
436
101
600
737
608
164
356
217
849
687
388
747
546
766
290
217
586
257
337
206
318
318
732
779
812
640
0
214
283
193
327
814
291
163
606
446
436
756
694
578
521
896
178
787
329
711
829
388
204
289
317
209
866
765
420
584
521
764
296
221
553
503
529
814
335
147
533
682
446
382
237
259
135
599
384
550
491
559
498
915
385
277
588
329
753
234
409
599
447
168
705
129
807
609
872
840
293
600
431
429
538
254
555
444
139
252
531
436
427
849
146
713
603
635
839
991
855
807
793
174
857
834
911
215
787
963
214
0
174
940
773
192
499
280
867
206
222
662
440
854
628
653
517
109
531
940
817
467
561
777
696
499
549
618
913
134
817
406
689
982
244
603
287
666
584
462
851
774
190
148
209
271
291
720
454
489
511
732
110
520
960
910
256
799
713
546
757
737
516
805
559
628
168
135
822
491
444
651
466
510
581
717
310
677
144
933
960
943
706
465
247
624
600
449
541
881
757
342
677
676
347
419
263
315
405
251
283
174
0
477
964
851
660
402
248
439
753
782
471
115
379
150
614
835
903
279
366
548
466
819
629
237
643
356
795
419
903
289
726
450
470
190
334
309
116
608
276
479
403
966
183
802
208
149
337
433
283
866
282
291
830
505
307
568
949
490
812
186
878
534
145
843
388
472
415
620
757
405
753
137
977
189
944
196
734
355
880
118
185
164
948
347
795
916
427
587
652
497
862
168
150
585
170
791
182
279
193
940
477
0
790
761
868
953
756
974
914
879
310
991
905
270
270
723
921
490
621
600
513
411
812
203
735
360
942
169
610
116
761
815
297
407
994
623
617
231
974
848
378
444
675
690
706
667
166
897
645
629
851
920
168
413
612
361
824
917
756
883
434
743
399
782
195
196
809
627
364
155
895
258
929
493
612
476
759
915
559
710
176
678
549
227
546
908
603
711
922
886
437
689
187
550
667
515
544
432
327
773
964
790
0
547
998
450
852
831
693
659
909
481
726
755
561
889
722
879
956
207
744
396
354
814
322
197
164
893
307
725
419
856
810
597
303
503
142
240
142
983
853
160
252
806
965
924
102
237
863
688
651
204
483
540
479
330
529
585
486
538
198
424
886
249
768
232
676
841
952
756
581
191
396
420
113
606
357
706
293
840
995
942
762
377
567
335
136
275
388
239
672
741
769
924
557
724
510
752
814
192
851
761
547
0
329
234
856
831
734
567
716
947
998
807
904
276
603
504
424
789
226
511
873
519
730
297
657
401
241
489
429
518
225
780
942
404
228
692
605
941
802
496
152
211
968
341
873
431
562
648
180
961
305
571
191
273
259
895
262
412
395
130
879
981
480
261
867
689
778
149
502
392
410
680
717
321
163
353
986
107
711
390
402
668
649
444
905
669
832
990
971
462
781
616
744
689
675
730
291
499
660
868
998
329
0
910
297
998
883
651
664
253
363
734
933
398
836
771
203
223
759
992
374
638
245
294
788
819
326
146
176
726
356
762
370
908
812
508
932
761
356
603
337
137
182
802
587
861
915
358
988
560
540
890
200
826
703
683
386
734
915
130
689
921
920
601
858
957
743
968
753
149
262
163
998
303
900
326
572
519
318
828
737
596
100
654
372
328
269
682
865
393
944
177
801
585
396
403
163
280
402
953
450
234
910
0
198
502
390
753
962
119
406
561
664
391
916
773
898
253
493
652
707
896
363
180
146
266
136
286
902
456
885
882
640
566
610
975
326
287
935
850
582
261
149
287
695
363
209
440
842
103
726
589
584
830
667
953
621
740
314
336
585
167
181
555
834
972
927
808
855
760
668
951
315
710
867
808
518
609
1000
304
348
392
163
690
520
606
480
751
651
226
280
809
791
417
554
403
606
867
248
756
852
856
297
198
0
839
184
886
218
759
426
497
565
661
293
467
279
180
152
578
532
684
537
782
320
223
601
154
346
757
696
246
951
984
693
515
707
766
917
300
443
494
874
525
148
365
267
184
811
758
534
236
860
244
197
349
747
369
677
664
916
766
985
972
860
926
129
566
568
843
118
416
759
351
887
231
732
854
558
566
515
528
127
329
346
706
650
860
680
382
434
413
621
647
634
406
446
206
439
974
831
831
998
502
839
0
