0
0
0
0
0
0
0
0
0
0
498
0
0
0
0
0
0
0
0
0
0
0
0
609
0
0
0
0
371
0
0
69
0
481
667
0
230
0
0
0
0
0
0
0
0
0
991
0
0
0
170
430
0
0
0
0
0
0
193
543
0
614
0
0
0
0
0
118
0
0
0
0
0
0
0
0
334
0
0
0
0
0
0
0
0
14
0
0
397
0
0
0
0
0
0
0
0
0
166
603
0
0
0
316
0
312
358
0
0
0
569
670
0
0
0
0
216
0
0
557
0
0
0
0
0
0
0
0
0
859
0
0
0
0
631
0
95
0
0
0
975
0
0
248
535
892
0
0
195
0
0
439
0
0
0
270
0
0
0
0
0
0
0
66
438
0
0
0
0
0
0
532
0
0
551
0
644
0
0
0
0
0
527
0
225
404
0
0
0
553
0
0
0
0
419
0
0
0
0
0
0
0
0
0
0
0
0
0
0
0
735
0
0
0
0
0
822
0
0
0
0
0
0
0
836
478
0
0
0
645
0
986
0
0
0
0
0
0
102
481
49
0
0
0
0
0
0
912
0
0
0
560
0
0
0
0
729
159
0
0
523
0
0
0
0
0
804
0
0
806
0
527
63
728
0
0
354
0
0
0
0
0
0
0
688
0
968
0
0
0
0
0
0
0
0
0
0
0
0
0
0
316
0
0
0
0
0
0
0
0
473
0
979
0
0
0
0
412
0
0
0
0
116
0
0
0
912
0
753
0
0
0
0
0
0
0
0
680
0
605
0
0
761
0
388
0
0
0
0
10
0
0
266
0
0
0
0
0
0
651
620
0
0
0
0
0
0
0
0
0
0
0
0
0
0
0
0
642
0
414
0
923
0
0
867
0
0
38
511
0
0
0
0
0
0
0
0
0
0
0
0
0
0
0
0
0
114
0
0
0
0
0
0
0
251
0
0
0
0
0
136
0
0
0
0
0
0
0
0
0
0
0
0
0
249
0
0
0
0
134
0
329
0
969
0
0
0
0
0
0
0
637
0
0
0
0
0
0
380
0
0
0
679
0
0
0
0
0
0
0
768
0
0
0
0
0
6
0
726
0
0
0
0
0
11
0
0
0
0
0
0
0
794
0
0
974
0
0
0
0
0
312
0
0
0
0
0
0
0
0
0
0
825
0
0
0
0
0
0
0
0
0
0
317
0
0
0
0
0
0
0
208
0
0
0
0
490
403
575
0
0
0
0
0
208
542
0
0
0
365
601
400
0
0
823
0
0
694
389
282
0
0
0
923
290
515
0
0
453
0
0
0
0
0
0
0
893
0
0
0
0
0
0
0
0
0
0
505
0
981
0
0
0
0
0
0
0
0
0
0
0
358
0
0
114
0
0
0
0
0
0
0
0
0
0
0
0
0
730
0
0
0
0
0
881
341
0
0
0
0
0
0
0
561
0
0
0
440
0
0
0
940
0
0
0
0
452
0
0
89
0
0
0
0
0
0
0
0
161
0
0
185
0
0
0
0
0
0
0
0
0
670
330
0
0
0
0
0
361
0
0
0
959
0
0
0
0
448
0
0
0
0
481
0
0
0
0
419
0
0
0
0
0
0
0
0
0
0
828
0
0
0
0
0
4
0
0
275
0
0
0
0
486
0
0
0
0
0
0
0
0
0
888
0
0
0
0
0
492
322
0
0
0
0
0
0
495
0
0
0
61
0
843
261
0
0
0
0
0
847
0
0
0
0
0
0
466
947
743
0
0
0
0
0
0
0
0
0
172
0
0
0
400
0
0
0
0
0
0
0
0
0
0
0
0
0
0
0
0
0
0
0
0
0
0
0
0
828
0
0
0
769
0
0
0
716
0
0
0
0
0
0
692
0
0
0
456
211
222
0
0
0
0
837
0
0
0
0
892
0
0
0
0
0
0
0
0
0
0
0
0
0
0
0
0
0
0
0
0
0
437
49
0
0
0
442
0
0
698
0
0
0
0
0
0
673
0
0
0
0
0
0
98
0
0
0
0
0
807
0
0
0
0
240
0
531
0
0
0
0
0
0
0
0
0
0
0
0
0
0
0
0
183
0
0
0
0
0
0
0
0
0
0
0
0
0
0
0
0
0
0
0
0
0
0
0
0
0
922
0
0
0
0
0
0
649
0
0
0
0
641
99
841
0
0
708
0
0
0
0
863
0
0
0
0
0
0
111
0
0
751
0
0
0
0
0
172
598
0
0
0
0
791
0
0
0
0
0
744
0
0
0
0
96
0
0
0
0
0
0
498
569
735
473
0
0
0
0
0
0
0
38
0
0
0
0
0
0
536
797
0
74
0
0
0
0
0
0
0
752
0
0
0
0
0
671
0
0
0
0
57
0
0
0
0
0
0
0
0
0
987
0
0
7
0
0
815
0
0
0
0
859
414
0
0
0
0
0
0
0
0
0
235
0
0
0
0
0
0
0
463
0
0
0
0
0
0
0
0
941
0
764
0
0
895
249
0
0
0
731
0
670
0
0
0
0
0
0
769
0
38
0
0
63
372
438
0
0
0
0
0
0
0
0
258
395
63
0
0
0
0
0
0
0
0
0
380
0
0
0
0
0
0
0
103
0
112
0
0
396
867
0
0
0
0
0
0
0
0
0
0
0
0
243
0
0
0
712
0
0
0
0
0
713
0
0
0
0
0
0
0
949
0
0
343
683
0
153
0
104
0
0
0
0
0
0
322
510
601
0
0
0
0
979
0
825
0
0
0
183
0
0
0
0
649
0
619
0
433
0
0
0
718
830
0
0
0
705
0
0
0
0
0
0
0
0
0
0
0
0
0
0
346
785
204
0
165
0
0
0
0
0
0
0
0
0
0
363
0
0
0
0
661
0
682
0
0
0
0
0
0
0
0
0
0
0
0
0
0
0
0
0
360
0
0
0
0
0
0
0
0
0
0
0
595
0
0
0
569
0
0
0
0
0
0
0
0
0
0
0
0
63
0
0
0
0
827
785
337
0
0
254
0
0
0
0
178
0
0
0
316
0
0
0
0
0
0
0
0
0
0
0
0
0
547
411
0
0
0
285
0
0
0
0
0
0
0
0
0
0
0
0
0
0
0
0
0
0
0
0
0
0
0
998
0
0
0
0
0
0
0
0
315
0
947
0
0
551
0
0
321
0
907
0
0
475
0
0
0
0
0
0
0
0
251
0
0
4
0
0
0
372
649
0
0
0
677
36
0
0
0
0
238
0
366
0
0
0
0
0
266
0
0
523
0
0
0
0
960
0
0
0
0
0
384
0
0
929
0
51
952
0
0
0
0
0
0
0
0
0
0
496
0
0
0
0
0
0
105
278
0
0
0
0
0
0
0
575
0
0
0
0
0
0
0
0
0
0
0
0
594
0
0
0
0
0
0
0
0
0
0
0
0
0
0
0
0
0
716
0
0
438
0
0
0
0
0
0
0
0
0
0
0
0
406
0
0
0
0
0
830
0
909
0
0
0
0
715
0
0
0
212
0
0
0
0
0
0
0
0
0
0
541
834
0
776
0
0
0
797
0
0
0
0
0
0
903
0
0
0
0
0
706
315
0
0
0
0
0
0
0
0
0
0
0
0
0
0
0
859
0
234
0
766
183
0
246
0
0
0
0
216
822
0
0
0
0
0
0
0
0
0
619
827
677
0
0
0
0
0
0
0
636
0
0
0
0
0
0
0
0
0
0
0
0
274
0
0
0
0
0
0
479
0
0
818
0
0
0
0
0
0
0
0
0
0
799
0
0
8
0
0
0
0
822
0
0
0
0
0
0
0
0
0
0
0
0
0
0
451
0
0
180
130
0
0
814
0
0
0
0
0
0
925
0
0
157
867
247
0
0
0
0
412
0
0
0
275
0
0
0
0
0
785
36
0
0
0
0
0
0
0
0
0
717
0
0
137
0
0
557
0
0
382
0
0
0
0
0
0
0
0
0
0
0
0
0
0
0
0
0
0
0
0
122
0
0
0
0
0
0
0
0
0
476
240
553
0
783
0
0
590
0
358
0
0
0
0
0
0
0
0
214
0
0
0
0
444
0
0
0
0
0
0
0
0
0
0
0
0
0
0
0
0
0
0
730
0
0
0
536
0
433
337
0
0
0
0
0
0
0
457
0
0
172
0
0
0
0
0
49
0
0
0
0
0
0
0
0
0
0
0
0
0
0
0
936
0
0
728
0
597
0
0
0
0
0
509
649
0
25
0
0
0
0
0
0
0
0
0
918
0
0
0
0
0
0
336
525
0
41
0
0
180
0
0
0
0
0
0
0
0
0
0
375
0
0
18
0
30
0
557
0
0
0
0
0
0
0
0
797
0
0
0
0
0
0
0
0
0
0
0
0
664
0
0
0
0
0
0
0
0
0
0
0
0
555
483
0
716
0
0
0
0
56
0
0
0
0
0
0
0
0
0
0
0
0
0
0
0
0
139
0
0
0
0
0
0
0
0
0
0
0
695
0
0
0
774
0
381
0
0
0
0
0
0
0
0
0
0
0
0
0
0
386
0
916
879
789
0
0
0
0
0
136
0
0
0
0
0
0
0
0
0
0
0
0
0
0
0
0
310
0
0
0
0
0
0
0
0
0
0
0
610
0
0
0
0
0
0
0
0
0
0
0
0
0
0
0
0
880
0
587
0
0
0
0
0
0
0
0
0
0
740
0
0
0
0
506
0
0
0
0
0
0
0
0
0
0
0
581
0
0
0
0
0
420
78
852
0
0
0
0
0
0
0
0
0
0
185
0
0
0
0
0
0
0
0
0
0
74
0
0
254
0
0
0
0
457
0
310
0
0
0
0
940
0
0
0
0
315
0
0
0
0
0
0
0
0
0
0
0
261
0
0
0
0
0
605
0
0
697
0
0
0
0
0
117
0
0
686
0
0
17
0
0
0
0
324
0
0
0
0
0
0
0
610
0
63
0
0
0
0
0
0
0
0
0
0
0
0
0
0
0
671
259
0
849
554
698
0
0
0
116
0
0
0
486
692
0
0
0
718
0
238
0
636
0
0
0
0
0
0
0
0
0
0
475
0
0
0
724
0
0
0
0
341
242
0
0
0
0
429
0
0
0
0
163
0
0
0
0
383
0
0
779
0
0
0
601
860
0
0
0
0
526
0
0
0
0
0
0
0
0
0
0
0
0
0
645
0
0
0
0
0
0
0
0
0
0
0
977
0
0
0
0
0
0
768
987
609
0
0
0
0
317
0
0
0
0
0
0
830
0
0
0
0
0
0
664
0
0
0
0
0
0
0
0
0
348
0
0
0
0
0
0
0
884
904
0
0
0
0
0
0
0
0
823
0
0
0
0
0
0
0
706
0
0
917
0
0
810
0
0
0
591
0
0
0
0
0
0
0
0
0
417
0
0
0
0
189
0
0
0
577
0
0
0
0
0
0
0
0
17
0
0
637
0
0
709
0
0
836
0
0
0
881
0
0
0
0
258
0
0
366
406
0
717
172
0
0
0
0
0
0
0
0
0
0
0
0
0
0
0
0
0
0
107
0
0
0
324
850
0
0
478
0
0
0
696
0
0
230
0
0
0
0
0
0
0
0
0
0
635
0
0
0
0
0
0
0
0
0
0
0
575
0
328
0
0
0
0
0
0
940
0
413
0
0
0
0
0
0
0
0
91
0
150
0
0
0
0
478
0
0
0
341
0
0
0
0
395
0
0
0
0
0
0
0
0
0
940
0
0
0
0
0
225
931
0
0
0
0
0
0
839
0
0
0
0
0
0
0
0
0
0
0
0
0
0
0
0
0
714
0
0
0
0
0
0
0
0
0
0
0
0
0
0
103
0
0
0
0
0
0
0
0
0
0
0
0
0
0
0
0
404
0
0
0
0
0
0
0
0
0
0
0
0
114
668
0
0
0
912
0
0
0
0
456
0
0
63
0
178
0
0
0
0
0
0
0
0
0
0
0
0
0
0
0
0
204
0
274
0
0
0
0
0
0
157
761
0
0
0
0
0
0
0
25
0
744
0
0
0
0
108
0
0
0
0
0
743
0
0
0
886
0
0
0
694
0
0
0
0
0
0
0
0
124
0
0
793
0
0
0
11
0
0
0
92
0
0
0
0
0
0
0
0
0
943
0
0
0
0
0
0
0
0
211
0
0
0
705
0
0
0
0
137
0
0
0
0
475
0
0
225
0
0
0
728
78
0
776
0
150
858
0
0
0
0
0
0
950
0
0
291
0
231
0
0
0
0
301
0
0
913
0
0
340
0
13
0
0
0
0
0
0
0
0
0
0
0
0
0
0
793
466
0
0
0
0
0
53
0
294
0
0
0
0
531
0
0
0
0
0
0
0
474
0
0
371
0
0
753
0
0
0
0
222
0
0
0
0
0
0
0
0
0
0
0
0
0
0
0
0
931
0
0
0
888
618
0
987
0
486
74
0
0
0
0
0
0
0
0
253
0
0
134
0
0
0
0
0
0
0
357
0
0
0
0
854
0
0
0
0
552
0
0
0
0
0
0
956
0
0
0
0
0
0
0
0
0
0
0
936
0
0
0
0
0
345
670
0
0
0
410
0
0
0
0
0
859
645
0
0
0
0
0
0
0
752
0
0
0
0
0
0
0
0
0
0
0
0
348
0
0
0
728
888
0
0
0
0
438
173
0
0
694
0
0
0
311
330
0
0
0
0
0
0
0
0
187
0
389
64
756
0
0
0
0
0
556
499
0
94
0
0
426
0
575
936
535
0
0
0
0
0
0
0
822
0
785
0
0
0
0
0
0
0
0
0
0
0
0
54
0
0
0
0
0
0
0
0
0
0
0
0
0
0
0
0
0
0
316
266
830
0
557
49
0
0
315
0
0
0
0
204
78
618
0
0
0
0
985
0
0
0
0
0
204
0
80
80
0
552
0
203
0
858
0
406
0
0
0
16
0
672
0
922
0
0
0
233
0
0
0
0
583
930
0
78
337
569
0
0
0
0
0
0
0
531
0
0
0
0
0
0
0
878
0
612
934
0
0
0
0
0
0
0
0
69
0
986
0
0
208
0
0
0
0
0
0
0
0
0
0
0
0
0
0
0
0
724
0
0
0
0
0
0
0
0
0
602
0
0
0
0
0
0
126
0
135
0
0
0
0
0
0
0
0
0
0
0
0
0
12
377
0
0
0
0
0
0
0
0
0
78
0
0
0
0
845
959
0
0
0
0
0
0
0
0
0
0
0
133
0
0
0
0
0
0
586
77
0
183
932
975
0
505
0
0
0
0
0
0
0
0
888
0
0
0
0
0
0
0
909
0
0
0
0
0
0
0
0
0
0
274
776
987
0
0
602
0
0
0
0
872
0
0
0
0
0
67
0
0
437
428
0
678
148
0
0
163
0
0
955
407
70
0
0
0
0
0
0
443
0
0
770
0
0
0
477
544
0
0
117
0
603
0
0
708
0
0
0
0
0
0
0
0
0
0
0
0
0
0
0
0
0
0
118
481
0
0
0
0
0
561
0
837
0
0
0
0
0
523
0
0
382
0
0
610
0
0
0
0
0
0
0
0
438
985
0
0
0
0
0
928
0
0
0
0
0
0
0
0
0
0
0
0
0
675
0
0
0
0
0
0
0
0
0
0
944
0
0
0
575
544
0
0
0
0
0
0
0
0
0
0
0
0
0
0
0
0
0
843
0
0
0
0
0
673
0
0
0
0
0
173
0
952
0
667
631
0
0
249
0
0
0
0
0
0
0
0
0
0
0
0
0
0
0
0
0
0
0
0
0
0
150
486
173
0
0
0
0
0
0
0
0
0
0
0
527
0
0
0
0
0
0
587
0
0
111
0
0
0
0
161
771
0
0
0
0
0
0
0
462
0
521
0
0
644
0
0
385
0
0
0
638
0
530
551
0
0
0
0
0
0
121
0
583
0
0
0
0
0
0
0
0
0
0
0
0
0
0
0
0
0
0
0
0
671
0
0
0
0
0
274
0
0
0
0
0
0
0
0
839
0
858
74
0
0
0
0
0
0
0
0
0
0
0
0
545
0
0
0
0
0
0
0
0
0
17
154
0
294
0
0
122
0
0
0
0
0
0
0
0
473
0
0
0
860
0
0
0
883
288
807
0
0
0
0
0
0
0
141
0
110
0
0
136
0
0
0
0
0
0
320
0
0
0
230
95
0
0
0
490
0
0
0
0
0
380
0
0
0
0
0
0
0
555
0
0
341
0
0
0
0
0
0
0
0
0
872
928
0
0
0
83
0
0
0
0
0
0
0
0
0
0
0
449
0
0
0
0
0
474
528
0
892
0
0
0
0
358
0
0
0
0
0
0
0
0
0
0
0
0
938
0
0
605
924
0
0
0
220
0
0
652
177
0
124
0
0
0
0
0
0
0
325
957
0
0
0
680
0
403
440
0
0
0
0
0
0
0
0
715
0
0
0
483
0
0
242
884
107
0
0
0
0
694
0
0
0
0
0
0
83
0
383
0
0
0
322
79
900
0
0
0
0
798
0
0
0
296
0
0
0
0
0
0
0
0
0
449
0
164
0
964
0
0
432
0
0
0
0
0
0
0
0
0
197
0
0
0
986
0
799
0
0
0
0
0
0
0
168
276
0
0
0
0
0
0
102
0
0
575
0
492
892
922
0
0
0
0
960
0
0
0
0
0
0
0
0
904
0
0
0
0
0
0
0
0
0
0
0
0
0
383
0
0
0
0
0
0
0
0
287
0
0
0
0
0
33
457
346
820
481
0
457
0
6
0
0
0
0
0
0
0
0
0
0
0
0
0
0
0
331
0
0
0
0
0
0
0
0
0
0
0
0
0
0
0
0
151
0
0
900
130
0
0
0
0
481
605
134
0
0
322
0
0
0
0
0
0
0
0
0
0
0
716
0
0
0
0
0
0
157
0
0
0
204
126
0
0
0
0
0
0
0
0
0
0
0
0
0
0
0
0
0
0
0
615
0
543
0
0
0
753
0
0
0
982
0
0
0
0
868
737
0
0
0
0
713
372
0
0
0
0
0
0
0
0
0
0
0
0
0
0
0
284
0
0
0
0
135
0
0
625
0
887
0
975
49
0
0
0
0
0
0
0
57
0
0
0
0
0
0
0
0
0
0
0
0
0
0
0
761
0
0
0
0
0
0
0
0
0
0
0
0
0
0
0
0
363
0
0
0
0
56
0
0
0
224
0
600
0
0
0
0
0
0
0
0
873
977
0
0
880
0
0
0
0
0
387
0
0
0
0
644
0
0
0
0
0
0
0
468
244
0
0
0
0
0
29
0
0
0
391
746
0
0
0
0
0
329
0
940
0
0
0
0
0
0
0
0
212
0
0
0
0
0
0
0
0
324
0
0
0
0
311
80
135
0
0
527
545
0
0
0
0
0
0
0
587
611
0
0
0
0
0
0
932
947
0
0
640
0
0
0
76
0
0
0
0
622
0
0
0
0
0
0
0
319
830
0
0
0
52
0
0
609
0
0
0
0
0
679
0
516
0
0
0
0
0
470
0
0
0
125
880
0
0
0
761
0
0
0
0
0
0
0
0
346
0
0
0
479
0
0
0
0
261
429
0
850
0
0
950
0
330
80
0
67
0
0
0
0
322
0
0
0
0
0
0
0
0
0
0
0
796
0
887
440
0
0
0
886
0
0
0
0
0
0
769
0
0
0
0
0
0
0
0
0
0
0
0
0
0
0
849
0
0
0
0
0
0
0
0
719
0
0
643
0
0
0
0
0
0
0
0
0
248
0
0
969
0
0
0
0
0
0
0
785
0
0
0
0
0
0
0
0
0
0
0
0
0
0
0
0
0
0
0
0
0
0
0
0
79
0
0
363
587
0
0
973
0
0
0
0
0
0
0
0
521
0
0
0
234
0
0
0
0
0
0
0
0
0
0
0
0
0
104
0
0
0
0
263
0
0
0
0
0
0
0
0
0
0
0
0
0
794
0
0
0
0
0
766
0
0
0
0
535
0
388
0
208
0
0
0
0
0
103
204
547
384
0
0
0
0
56
0
0
0
0
0
0
0
0
253
0
552
0
0
0
0
0
0
900
0
0
0
611
0
973
0
0
462
0
0
0
0
0
670
0
0
0
0
0
0
0
0
0
0
0
260
0
0
0
0
768
0
514
923
0
0
0
0
0
0
0
491
0
0
0
593
0
946
0
0
0
0
0
0
0
200
0
0
0
345
934
0
892
0
0
0
542
0
0
0
649
0
0
0
411
0
0
818
0
0
0
0
0
0
0
478
0
0
291
0
0
0
0
437
0
0
0
0
0
0
0
0
0
0
0
0
0
0
887
0
0
0
0
0
166
0
0
0
0
0
0
0
0
0
0
0
0
0
0
0
217
0
346
441
259
0
820
0
0
48
0
0
685
0
0
0
0
0
0
0
0
820
0
0
0
0
0
223
0
0
0
991
0
0
0
0
0
452
495
0
0
0
112
165
0
0
0
0
0
936
0
0
0
0
0
0
0
0
0
0
0
203
0
428
0
0
0
0
0
287
0
0
0
0
0
462
0
0
619
0
0
0
0
0
0
0
0
0
0
0
0
0
0
0
0
704
0
0
0
0
0
558
365
0
0
0
0
0
0
0
0
63
0
0
0
0
0
0
0
0
0
0
0
836
0
0
0
0
0
0
0
0
0
912
0
0
0
0
0
0
0
0
0
0
0
929
0
0
0
0
0
0
0
163
823
0
0
0
231
134
0
0
0
0
0
0
0
0
0
0
0
0
0
0
0
0
887
619
0
0
0
0
0
0
0
0
0
0
64
0
0
138
0
0
0
0
982
0
0
0
0
0
0
0
133
0
0
0
0
318
0
0
0
0
0
0
0
0
616
0
0
0
0
0
0
958
0
0
0
0
0
0
195
0
0
0
0
0
0
0
0
0
0
0
0
0
0
0
0
0
0
0
605
0
0
0
0
25
0
0
0
858
0
678
0
587
0
0
0
0
0
56
0
0
0
0
0
0
0
0
0
0
0
889
274
0
26
0
0
0
0
171
0
769
658
0
0
78
0
0
0
0
0
0
737
0
0
0
190
0
0
0
0
0
0
0
0
0
0
889
0
0
0
0
0
134
0
40
0
0
0
0
0
0
10
0
365
89
0
0
0
0
396
0
285
51
0
0
0
728
0
0
0
0
0
696
0
0
0
0
0
0
0
148
0
0
0
449
798
0
0
0
0
796
0
0
0
0
0
0
0
424
0
0
394
0
0
0
809
0
0
0
0
0
0
374
0
0
0
0
707
0
0
0
645
0
0
0
0
0
0
0
0
0
0
0
0
0
0
0
0
0
0
75
0
0
0
0
0
0
0
170
0
0
0
0
601
0
61
0
641
987
867
0
0
952
0
0
0
0
0
880
0
0
0
0
0
744
0
0
0
406
0
0
675
0
0
0
0
0
0
0
0
0
0
0
0
0
0
0
424
0
0
0
990
0
592
0
0
185
0
0
0
0
0
0
299
0
0
0
0
0
0
0
621
0
0
0
0
895
996
0
837
579
0
0
0
0
0
516
0
0
0
0
0
0
206
0
0
0
0
430
439
560
0
637
400
0
0
0
99
0
0
0
0
0
0
0
0
597
0
0
697
0
0
0
0
0
0
0
187
0
0
0
0
111
17
0
0
0
615
0
932
887
0
0
0
0
0
0
0
0
0
0
0
0
0
0
0
0
703
0
0
0
0
0
0
0
0
0
832
0
0
0
0
0
0
0
0
0
0
0
0
0
0
0
763
742
0
0
0
0
0
0
619
0
0
0
0
0
986
0
0
0
266
0
0
0
843
0
841
0
0
0
0
0
541
0
0
0
0
587
0
383
0
230
0
0
301
0
0
0
0
163
0
0
154
0
0
33
0
224
947
440
0
670
0
0
0
889
0
0
0
0
0
0
759
0
0
0
0
941
0
0
916
0
0
0
50
0
271
402
324
291
0
0
585
0
0
0
0
0
0
0
0
219
0
0
0
490
0
0
0
0
771
0
0
0
0
0
0
0
0
0
0
0
0
0
261
0
0
7
0
0
0
0
834
0
0
0
0
0
0
0
0
0
714
0
0
0
389
0
0
0
0
0
0
0
296
457
543
0
0
0
521
0
166
0
0
274
394
990
0
0
0
0
0
0
0
0
351
0
0
0
0
0
114
0
0
0
0
0
0
0
0
0
0
0
0
0
0
0
0
0
0
0
374
162
0
0
0
0
0
0
188
0
0
0
0
376
0
0
0
0
0
0
823
0
0
0
0
0
0
0
0
0
0
0
122
0
0
0
0
0
0
0
0
0
0
0
64
16
0
0
0
0
294
0
0
346
0
600
0
0
0
0
0
0
0
0
0
0
0
0
0
0
0
152
0
0
0
0
0
8
0
341
0
0
0
0
0
0
0
0
738
0
0
257
0
537
576
917
0
0
0
0
0
0
0
533
0
0
0
0
0
0
0
0
504
0
0
0
270
0
0
0
0
0
0
0
708
0
0
0
0
0
776
0
0
0
0
0
0
779
706
0
0
108
913
357
756
0
12
955
0
0
0
474
0
820
0
0
640
0
0
0
0
0
0
26
0
592
0
759
0
0
0
0
0
726
309
32
0
0
0
399
0
916
0
0
0
0
0
0
0
0
0
0
0
601
0
220
0
0
0
0
0
0
0
0
0
106
446
0
0
0
0
0
337
0
0
0
0
729
0
0
0
0
0
0
0
815
0
0
0
0
0
799
0
0
0
0
0
0
0
0
0
0
0
0
0
672
377
407
0
161
0
528
0
481
0
0
0
886
0
0
0
0
0
0
0
0
0
0
0
152
0
0
69
0
0
61
0
0
0
718
0
0
0
187
810
391
483
0
0
0
0
0
0
195
0
0
0
0
0
0
0
24
887
0
0
0
0
0
0
0
0
0
0
0
0
0
0
159
0
0
694
0
0
0
0
0
0
363
0
0
0
0
0
509
0
0
117
0
0
0
0
0
0
0
0
0
0
70
0
771
122
0
0
0
753
0
0
0
234
0
0
0
64
0
809
0
0
0
0
0
0
69
0
0
0
0
928
0
0
0
429
0
0
0
0
202
817
0
0
0
0
0
0
0
0
0
0
307
0
0
0
703
0
288
0
0
0
0
0
0
531
0
0
0
0
193
0
0
0
380
389
161
0
0
0
0
0
0
0
0
0
0
0
649
0
0
0
0
917
0
0
0
340
0
0
922
0
0
0
0
0
892
0
457
0
0
0
0
0
0
0
0
0
0
0
185
0
0
0
0
726
0
0
0
0
0
852
998
0
0
0
0
0
0
0
0
0
0
589
0
176
0
0
0
0
241
0
0
0
0
0
0
173
798
0
0
685
0
0
0
0
0
0
0
0
543
0
0
651
0
282
0
847
0
0
0
0
0
0
0
797
8
0
0
0
0
0
601
0
0
0
0
0
0
0
0
0
0
0
0
0
0
0
0
0
0
76
0
0
0
0
0
0
0
0
0
703
0
351
0
309
0
0
0
0
990
0
0
0
96
0
0
0
0
0
0
0
0
0
0
0
306
0
865
0
480
0
841
0
0
0
0
0
0
0
0
727
0
0
0
673
930
0
0
69
0
0
523
620
0
0
0
0
437
863
0
0
0
0
0
0
0
0
25
0
0
686
860
0
0
0
0
13
854
0
0
0
0
0
0
0
0
0
6
0
0
0
0
0
0
0
0
138
171
0
0
0
941
0
0
32
61
0
0
990
0
0
0
0
450
0
0
0
0
0
0
0
0
0
0
0
729
0
0
0
82
0
465
0
919
643
0
0
0
0
0
0
57
0
0
0
677
0
40
0
614
0
0
0
0
0
185
0
49
0
859
0
0
0
496
0
0
0
0
139
0
0
0
810
0
0
743
0
0
556
0
0
0
944
0
0
0
0
0
982
0
0
0
0
0
0
0
0
0
0
0
0
0
0
0
0
0
928
852
0
0
0
744
0
778
0
0
0
0
0
793
0
0
0
0
0
0
0
614
708
0
0
66
0
0
0
456
703
0
182
0
0
0
0
0
0
0
0
0
0
0
0
0
0
679
0
0
0
0
0
414
0
661
0
0
0
0
0
0
0
0
0
0
0
0
0
0
0
0
499
233
0
0
0
0
0
0
0
0
0
0
0
0
0
0
0
0
0
769
0
0
0
0
0
8
0
0
0
998
0
0
744
0
0
0
774
0
0
0
0
0
0
0
935
0
0
0
0
894
0
0
0
0
0
0
0
0
0
0
0
0
0
0
0
0
0
0
0
0
0
0
66
0
0
0
923
0
0
0
0
0
243
0
0
0
0
0
0
0
0
740
17
0
0
635
0
0
0
0
0
0
0
0
0
0
0
358
449
0
0
873
0
769
0
0
0
0
0
658
0
0
0
916
0
0
0
0
0
0
0
0
0
0
0
449
195
0
0
0
0
345
0
0
0
0
0
235
0
0
0
0
0
60
0
55
0
0
0
0
0
0
0
222
0
123
0
168
0
656
0
0
438
0
0
0
290
0
0
0
0
0
0
682
0
0
0
822
476
0
0
0
0
0
0
0
0
0
0
0
94
0
0
443
0
0
0
0
0
0
0
977
622
0
0
260
0
704
0
0
374
0
0
0
0
341
399
718
0
0
96
450
778
0
449
0
0
0
0
0
0
0
0
0
0
0
0
0
0
15
0
0
0
0
0
0
0
0
3
0
0
0
918
0
0
0
0
0
0
0
0
0
0
0
0
0
515
0
0
442
0
0
0
0
0
0
0
0
240
0
0
0
0
526
591
0
0
886
0
552
0
0
0
0
575
462
0
0
164
0
0
0
0
0
0
0
0
0
982
0
0
299
0
0
114
0
0
0
429
0
0
0
0
774
195
0
0
838
0
0
0
339
0
0
0
0
0
0
0
0
0
0
0
0
0
0
491
0
392
0
0
0
0
0
0
558
0
0
0
0
0
0
0
804
0
0
0
0
466
0
0
0
0
0
0
0
903
0
553
0
0
0
0
0
0
0
0
0
0
0
0
0
78
0
544
0
473
0
0
0
868
0
0
0
0
0
0
0
0
78
0
0
0
0
0
0
916
0
0
0
0
0
0
0
0
0
838
0
0
0
692
694
0
0
0
0
0
0
0
794
0
0
0
391
0
0
0
0
891
0
0
570
0
0
0
0
0
0
0
697
0
118
0
0
0
0
0
0
947
0
111
0
712
0
0
0
0
0
0
0
0
0
0
0
0
0
0
0
0
0
426
583
0
770
0
521
0
0
964
0
737
880
0
0
0
0
0
0
0
0
0
0
0
50
0
0
0
0
0
0
0
0
0
0
0
0
0
0
0
0
0
0
0
0
0
0
0
255
578
0
0
0
0
141
0
4
379
806
0
924
946
0
0
0
0
0
0
0
0
0
0
0
0
0
0
0
453
0
743
698
0
0
0
0
0
105
0
0
783
0
0
506
324
0
0
0
103
0
0
0
0
930
0
0
0
0
0
0
0
0
0
0
0
0
0
0
0
0
0
0
0
0
0
0
0
0
0
187
0
0
0
0
0
0
0
0
0
0
0
0
0
0
0
0
0
0
0
0
149
141
0
594
0
0
0
0
0
0
0
289
0
0
0
431
0
337
0
0
0
469
0
0
0
806
0
0
0
0
0
0
0
0
0
0
0
278
0
0
0
0
0
0
0
0
0
0
0
694
0
0
575
0
0
0
0
0
0
0
0
0
0
0
0
0
0
768
217
0
0
0
707
0
832
271
0
0
0
810
0
0
0
0
0
0
0
0
0
692
0
0
0
0
380
587
0
0
0
0
0
0
0
309
916
0
0
0
0
0
0
0
0
0
0
0
0
0
469
0
0
0
0
0
0
0
0
768
0
0
0
0
751
0
0
0
0
0
0
0
0
918
0
0
0
0
0
0
0
0
0
0
936
78
0
0
0
644
860
0
432
0
0
0
0
0
0
0
0
558
0
0
0
0
0
402
0
0
0
391
202
0
0
0
793
0
345
0
339
694
0
0
0
0
0
0
0
987
0
0
0
755
788
0
512
0
0
719
0
120
0
0
0
0
0
0
0
0
0
0
577
0
0
0
532
527
0
0
0
670
0
0
0
0
0
0
0
0
0
0
590
0
0
0
0
0
0
0
0
0
0
0
535
337
845
477
0
0
0
0
0
0
0
0
0
0
104
514
346
365
0
0
0
0
0
324
0
0
0
483
817
0
0
0
0
0
0
0
0
0
0
0
380
0
0
0
0
0
0
0
0
151
165
74
0
0
0
0
0
0
0
0
981
0
886
0
286
0
0
0
0
650
0
0
0
63
0
0
0
330
0
0
0
235
0
0
0
0
706
0
0
0
0
0
0
0
0
0
0
0
0
956
0
569
959
544
0
0
0
0
0
0
713
0
319
0
0
923
441
0
0
0
0
0
0
291
0
0
0
0
0
0
0
0
0
0
0
0
0
0
0
0
587
0
0
0
0
0
0
353
0
0
0
0
0
0
0
0
354
580
809
0
265
890
0
0
0
0
497
0
0
738
0
0
0
728
0
0
0
0
0
0
0
0
713
0
998
0
315
0
358
0
695
0
0
0
0
0
0
0
0
0
0
0
0
0
0
385
0
0
0
0
372
387
830
0
0
0
259
0
133
737
645
621
0
0
0
738
0
0
0
589
0
0
0
935
0
0
0
0
0
0
0
0
0
0
0
0
0
0
0
0
381
632
0
0
0
0
0
221
0
0
0
0
0
0
90
0
315
0
0
0
0
0
551
0
0
0
0
0
0
0
0
0
0
0
0
0
0
0
0
0
0
0
0
0
0
0
0
0
0
0
0
0
0
0
0
0
883
0
0
0
0
0
0
0
0
0
0
0
0
0
0
0
0
0
0
0
0
0
0
0
0
0
0
0
0
0
0
0
0
0
0
987
0
0
0
0
9
755
221
236
0
579
0
254
0
219
311
777
0
0
0
0
784
0
0
0
0
0
0
0
702
0
0
0
0
0
0
0
0
673
0
0
0
0
0
0
0
0
0
0
0
0
0
0
417
575
0
0
793
0
0
0
0
117
0
0
288
0
0
0
0
0
0
0
0
0
820
0
0
0
0
0
0
585
0
0
0
0
0
176
0
0
0
0
0
0
0
0
0
0
0
0
0
0
0
9
0
538
0
0
0
0
0
0
0
0
0
0
0
0
0
0
0
0
0
0
784
388
0
383
0
334
644
354
0
6
893
0
0
0
172
0
0
0
0
0
0
0
0
0
0
0
610
0
0
0
0
0
466
0
0
0
0
0
0
0
807
938
0
331
0
0
0
0
263
0
0
0
0
0
0
0
0
0
0
257
0
0
0
0
306
729
0
0
235
0
0
0
255
0
0
0
0
353
0
755
538
0
0
0
0
0
0
846
0
0
0
0
0
0
0
170
175
935
977
0
0
0
0
296
0
0
0
0
642
0
0
0
0
0
598
0
0
0
0
575
0
0
0
336
774
0
0
0
0
328
0
0
0
0
0
0
0
603
0
638
0
0
0
0
0
0
52
0
0
0
0
0
0
190
0
0
0
0
0
0
0
0
0
0
0
0
0
0
0
0
0
0
578
149
0
0
0
0
0
221
0
0
0
316
0
0
0
0
0
0
0
0
0
0
0
0
0
0
724
322
258
0
0
0
0
0
0
0
0
726
0
361
172
0
0
0
0
0
0
0
0
0
0
525
0
0
63
0
0
0
0
124
0
0
0
0
0
0
0
0
0
0
0
0
0
644
0
0
0
0
48
0
318
0
0
895
0
0
0
537
601
195
0
0
865
0
614
894
0
15
0
794
0
141
0
755
151
0
0
236
0
0
316
0
778
0
0
0
211
0
0
0
0
25
0
0
0
0
0
84
0
0
0
0
0
0
0
0
414
0
0
0
0
0
0
0
0
0
0
0
0
451
0
0
381
0
0
645
0
0
0
0
0
0
822
0
0
0
0
530
0
605
0
0
0
0
0
849
0
0
0
0
0
0
0
996
0
0
0
576
0
0
0
0
0
0
708
0
0
0
0
0
0
0
0
788
165
0
381
0
0
0
0
778
0
0
0
0
0
0
264
688
0
0
537
803
0
0
0
294
0
132
0
0
0
0
0
0
0
0
0
0
0
0
0
463
0
0
0
0
0
0
0
41
0
581
0
0
189
0
0
0
0
0
0
531
0
708
0
551
0
924
197
0
0
0
609
0
0
491
0
63
0
0
0
0
0
0
0
917
220
0
0
241
480
82
0
0
0
0
0
0
0
594
309
0
74
0
632
579
0
0
0
0
0
0
0
0
0
0
0
870
0
0
246
0
0
0
0
0
0
0
0
0
0
0
0
0
923
0
0
0
0
0
0
0
949
0
0
0
0
0
0
0
0
0
0
0
0
0
0
793
0
0
785
0
0
0
0
0
0
0
0
0
0
0
0
0
0
0
685
0
0
0
0
837
0
0
0
0
0
0
0
0
0
0
0
0
0
0
0
0
0
0
916
512
0
0
0
0
0
0
0
0
0
0
0
933
0
937
0
0
855
632
0
0
0
396
0
0
0
497
0
0
0
0
527
0
0
0
0
959
400
98
791
0
0
360
315
0
0
180
214
0
0
0
0
0
0
0
0
0
53
0
0
0
0
0
0
0
0
0
0
0
0
0
0
0
0
0
0
0
0
0
0
579
0
0
0
0
0
0
307
0
841
465
66
0
60
0
0
391
141
0
0
0
0
0
0
254
0
846
0
0
0
0
933
0
0
0
339
0
0
0
503
0
609
0
0
0
0
0
0
0
0
0
0
0
0
0
0
0
0
0
0
0
0
0
0
0
0
130
0
180
0
0
0
0
0
0
0
0
0
0
0
0
0
0
0
0
0
0
0
0
0
0
0
0
0
0
0
0
0
0
0
0
0
0
0
0
0
0
0
0
0
0
0
0
0
0
0
0
0
0
0
0
0
0
0
0
0
0
0
211
0
0
0
0
0
0
0
902
0
0
891
0
524
0
0
0
0
0
0
0
0
0
225
688
867
11
0
0
0
0
0
0
343
0
947
0
0
0
0
0
0
0
0
0
577
940
0
0
294
936
0
0
133
0
843
0
141
220
986
0
0
0
0
0
0
593
0
0
0
0
0
0
0
219
0
0
0
0
0
0
0
919
0
0
55
0
0
0
4
0
0
719
0
0
0
219
0
0
0
0
0
0
937
0
0
0
0
986
0
251
0
0
0
405
0
341
0
0
0
0
0
14
404
0
0
0
0
0
0
0
0
0
683
0
0
0
0
0
0
0
0
0
0
0
0
0
404
11
0
0
0
0
0
0
0
0
0
0
0
0
0
0
0
0
0
0
0
0
0
0
0
0
763
0
374
0
0
0
0
0
0
643
0
0
0
0
491
0
379
0
0
0
0
354
0
311
0
0
0
0
264
0
0
339
0
0
0
0
0
46
550
0
0
0
338
0
0
0
0
0
0
0
0
968
0
0
0
0
0
0
0
0
0
0
0
0
0
814
0
0
0
420
0
0
0
413
0
0
0
0
0
0
0
0
0
0
110
0
799
0
0
468
679
0
0
946
0
0
0
0
0
0
742
0
162
0
0
24
703
0
0
0
456
0
0
0
0
0
806
0
0
120
0
580
221
777
0
0
0
0
688
870
0
0
902
986
0
0
0
0
0
0
891
0
0
0
371
0
0
0
0
0
0
0
38
0
505
448
0
0
0
0
153
0
551
0
0
0
444
0
0
78
0
0
0
0
0
0
0
0
0
0
0
0
0
121
0
652
0
0
0
244
0
0
0
0
0
0
616
0
0
0
0
0
0
0
0
887
0
173
0
0
703
0
0
3
392
891
0
0
0
0
0
809
0
0
0
0
0
0
0
0
855
0
0
0
0
0
0
0
0
0
0
0
0
0
0
672
924
0
0
397
0
0
511
0
0
0
0
807
744
0
0
0
0
0
0
0
0
0
0
852
0
0
0
0
0
0
0
0
0
878
0
0
0
0
0
177
0
0
0
0
516
719
0
0
0
0
0
889
0
516
0
490
0
533
0
0
288
798
0
0
0
0
0
0
0
0
924
289
0
0
0
0
0
0
0
0
0
25
0
0
632
0
0
251
46
0
0
0
0
0
390
0
0
0
0
0
51
0
0
0
553
0
0
0
981
0
0
0
0
941
104
0
0
0
859
0
0
0
0
0
0
0
0
0
0
92
531
0
0
0
0
0
0
583
136
0
0
0
284
0
0
0
0
0
0
0
0
0
0
0
0
0
0
0
0
0
0
0
0
0
182
0
0
0
0
0
946
0
0
0
981
265
0
0
0
0
0
0
537
246
0
503
891
0
550
0
0
0
0
0
0
254
0
0
627
0
0
0
180
0
0
0
0
0
0
0
0
0
0
0
0
0
321
594
0
0
0
0
0
0
0
0
0
0
0
0
0
345
0
612
0
0
673
0
0
124
0
0
0
0
0
0
794
0
820
0
0
0
0
0
0
0
0
0
106
0
0
0
0
0
0
0
0
0
0
570
0
0
0
0
0
890
0
0
0
170
0
0
803
0
0
0
0
0
0
0
0
0
0
0
0
0
0
0
283
0
0
0
0
0
0
0
0
0
0
0
0
0
0
764
0
0
0
0
234
0
0
0
0
0
0
977
0
0
0
0
0
670
0
934
586
0
0
0
0
0
0
0
0
0
0
643
0
0
0
0
0
0
0
0
0
0
0
0
446
0
0
685
727
0
0
0
0
918
0
0
0
0
0
0
886
0
0
784
0
175
0
0
0
0
0
609
524
0
0
891
0
390
0
0
0
0
681
0
0
0
0
0
349
0
0
0
0
794
0
481
0
0
0
0
0
0
907
0
0
0
0
0
0
0
0
0
0
0
0
0
0
0
0
0
77
0
0
0
0
0
0
0
0
0
0
0
0
0
0
836
0
0
75
0
0
0
0
0
0
0
0
0
0
57
0
0
222
0
0
0
0
431
0
0
0
0
0
0
0
935
0
0
0
0
396
0
0
405
0
0
0
0
254
0
0
0
118
0
0
0
0
667
0
0
0
0
0
0
0
0
0
240
96
0
0
0
0
0
766
925
0
0
0
0
0
0
17
0
0
0
0
0
0
0
0
0
0
0
0
0
0
151
0
29
0
0
0
0
0
0
0
0
0
0
619
771
188
0
0
0
0
0
0
0
0
0
0
0
0
0
0
0
0
0
286
0
90
0
0
977
724
0
0
0
0
0
0
0
338
0
0
0
0
0
681
118
0
0
0
0
126
0
0
0
419
0
0
0
0
0
0
0
0
895
0
595
0
0
183
0
0
375
386
0
671
0
0
0
0
0
0
0
54
0
183
0
0
0
0
0
168
0
135
0
470
0
0
200
0
0
958
134
0
0
0
0
0
0
0
0
0
0
0
0
0
0
123
0
558
0
0
337
0
0
0
0
0
0
0
0
322
84
294
0
0
0
0
341
0
0
0
0
0
0
0
0
0
0
196
415
0
0
0
0
0
0
0
974
0
0
0
531
0
249
0
0
475
0
0
0
0
0
0
0
259
0
0
91
0
0
0
410
0
0
932
0
0
0
0
0
276
0
0
0
0
0
0
0
0
0
0
0
0
206
0
0
0
0
0
0
531
0
673
0
0
0
0
0
0
0
0
0
469
0
0
497
315
0
784
0
258
0
0
0
0
0
0
0
0
371
0
0
627
283
0
0
0
196
0
0
0
0
520
0
0
0
0
0
0
0
0
0
0
0
322
0
0
0
246
157
0
0
916
0
0
0
637
0
0
0
0
0
0
0
975
0
173
0
320
0
0
900
0
0
0
0
766
0
223
0
0
40
0
0
0
0
0
0
0
0
0
0
930
677
0
0
168
0
0
0
0
0
0
0
0
0
0
0
388
0
0
0
132
0
497
0
0
0
0
0
672
0
0
0
0
0
0
415
0
0
0
0
0
0
0
0
0
0
0
419
0
0
0
0
510
0
0
0
0
867
0
18
879
0
849
0
0
150
0
0
474
0
0
0
0
0
0
0
0
0
0
130
625
391
0
0
0
0
0
0
0
0
0
0
0
0
0
504
337
0
0
0
0
0
0
0
0
0
0
0
0
0
0
577
0
0
0
0
0
0
0
0
0
0
0
0
0
0
0
0
924
51
0
0
0
0
126
0
0
0
0
0
591
166
0
0
0
0
0
0
0
0
0
0
601
569
0
0
0
247
0
0
789
0
554
768
0
0
114
0
0
0
0
0
505
0
952
0
0
325
0
0
0
746
125
0
0
345
0
0
0
0
0
0
0
0
376
0
0
0
0
0
0
40
0
0
656
0
0
697
0
469
0
0
650
738
0
0
383
296
0
0
0
0
0
0
0
0
0
0
0
0
0
0
0
667
0
0
0
0
0
0
0
603
0
0
0
0
0
0
0
0
0
731
0
0
0
0
0
0
0
30
0
185
698
987
709
0
668
943
0
0
0
0
0
118
0
0
0
957
0
0
887
0
880
0
0
934
0
0
0
0
0
0
986
0
0
0
0
0
0
0
69
0
0
0
0
0
0
0
0
0
0
0
0
0
0
702
0
0
0
0
0
0
0
0
0
0
0
0
0
0
180
0
349
0
0
0
520
0
591
0
0
