0
877
871
342
644
442
823
318
377
129
129
968
380
440
225
383
358
411
692
339
224
716
661
375
373
725
906
968
975
954
896
744
351
558
605
765
821
748
485
399
113
882
921
712
635
267
820
520
195
592
903
120
673
223
913
315
954
373
592
396
883
521
884
216
220
876
432
827
115
633
396
984
838
685
476
368
280
998
543
690
145
935
955
744
360
376
626
698
107
639
481
279
615
700
606
811
746
663
227
117
877
0
396
831
998
621
414
281
162
755
583
548
896
268
284
737
963
435
858
325
150
579
165
700
946
174
277
165
743
839
253
240
895
564
622
627
294
319
152
334
142
354
557
915
500
651
279
891
945
214
289
924
892
467
722
990
708
164
939
994
638
292
765
323
795
542
955
908
856
763
490
332
755
829
193
669
309
258
895
318
350
534
276
759
985
993
709
490
974
807
105
437
550
539
932
913
925
608
118
638
871
396
0
811
953
571
191
152
562
425
417
749
585
824
271
484
899
400
702
621
979
781
780
594
239
879
318
553
811
285
996
921
821
514
496
771
537
812
761
956
872
221
907
109
234
185
943
364
361
790
808
823
825
838
357
416
899
268
755
147
661
994
154
652
866
411
705
905
293
177
763
286
709
839
240
484
981
676
641
134
913
102
349
651
672
156
873
655
375
621
483
553
375
680
354
829
148
488
224
141
342
831
811
0
872
752
225
769
347
347
509
596
121
408
102
365
119
402
154
775
714
452
922
979
566
201
906
295
421
748
302
583
848
281
291
151
411
373
536
304
685
397
550
237
562
862
272
922
552
464
822
693
911
157
766
111
372
808
865
520
473
805
589
322
772
797
764
629
925
382
802
503
224
445
146
139
747
106
272
942
309
363
273
356
889
916
271
944
381
373
864
917
931
755
668
784
756
336
956
535
644
998
953
872
0
595
577
963
948
487
628
474
180
125
623
171
729
899
462
350
914
114
118
406
810
542
795
659
400
525
557
697
573
739
344
259
635
784
592
203
402
220
756
173
643
364
403
786
218
984
359
326
147
605
528
541
182
631
180
290
382
685
976
768
254
188
982
548
465
385
890
575
720
1000
254
843
114
461
406
241
178
864
457
675
281
241
902
363
610
206
889
964
590
812
369
210
920
243
171
870
442
621
571
752
595
0
723
102
315
491
370
263
191
459
408
794
529
110
964
733
558
520
944
287
714
544
283
214
491
957
545
913
767
832
158
986
735
836
321
724
815
631
647
777
597
416
167
248
683
537
490
938
229
421
630
434
450
213
711
545
145
951
265
897
928
336
791
964
751
961
973
491
806
425
204
755
778
102
826
607
459
602
451
445
907
398
371
515
303
561
720
285
409
422
214
376
759
326
982
748
823
414
191
225
577
723
0
961
126
622
852
846
412
429
231
356
535
575
756
395
698
795
133
540
724
837
399
815
719
519
301
179
770
649
749
969
841
157
233
789
194
153
293
454
636
232
660
221
319
585
761
244
382
644
823
366
937
108
296
274
159
389
145
223
858
713
483
691
514
485
488
194
220
922
312
510
196
314
259
607
395
426
709
349
261
696
767
578
116
545
821
226
957
373
786
242
994
744
610
801
318
281
152
769
963
102
961
0
886
736
946
900
404
969
740
215
645
160
377
620
150
715
498
592
506
929
239
503
131
689
476
713
241
563
882
924
766
966
131
985
525
321
868
137
785
947
869
390
879
792
145
708
216
800
287
572
849
141
892
183
172
712
577
560
400
271
320
573
519
706
326
728
522
745
567
386
394
483
540
219
314
449
680
448
766
283
696
761
143
163
754
418
937
897
948
862
704
304
521
494
377
162
562
347
948
315
126
886
0
337
863
785
792
417
114
306
712
652
742
870
588
845
700
624
628
852
343
542
756
259
183
592
914
108
143
467
697
253
735
259
121
140
1000
358
160
322
149
539
581
522
205
858
492
385
887
436
844
330
568
457
470
342
589
306
210
664
126
961
806
471
601
869
392
805
176
694
214
811
374
675
122
282
628
826
341
357
373
272
676
598
217
435
234
294
609
335
228
437
473
922
129
755
425
347
487
491
622
736
337
0
427
275
289
510
304
391
226
680
733
543
151
332
449
131
481
134
660
794
762
906
187
713
960
176
173
713
622
183
171
365
330
281
179
233
500
502
105
505
645
524
871
367
744
527
201
557
711
224
602
869
910
419
663
827
608
740
454
921
145
552
623
447
629
312
282
321
352
375
917
835
294
143
460
354
369
610
800
937
428
959
812
253
198
439
282
356
178
716
176
424
129
583
417
509
628
370
852
946
863
427
0
602
967
777
863
853
262
272
438
645
737
334
495
632
316
628
164
867
114
306
178
650
944
227
172
918
151
636
178
411
951
123
456
123
781
664
996
915
894
287
849
238
867
308
625
741
998
361
885
417
227
589
310
840
945
563
727
916
589
917
356
274
808
677
381
216
241
755
635
674
833
395
767
567
456
631
300
995
683
463
341
862
543
716
678
329
334
417
155
413
968
548
749
596
474
263
846
900
785
275
602
0
281
615
834
684
706
846
857
975
288
275
837
440
164
112
926
334
445
773
619
821
531
660
852
497
695
860
738
412
869
665
125
477
604
748
974
167
890
979
252
292
641
618
330
148
476
327
294
743
281
281
194
177
888
418
808
148
624
893
301
266
818
582
145
789
953
985
349
359
498
189
862
729
102
900
902
733
853
289
344
370
695
302
290
274
665
273
460
867
380
896
585
121
180
191
412
404
792
289
967
281
0
501
613
966
796
674
662
413
266
153
609
958
713
827
815
558
148
668
485
288
625
116
921
704
946
940
139
834
306
972
625
256
403
569
249
654
210
124
918
533
873
986
193
724
396
814
333
710
984
713
763
407
732
424
530
830
821
930
832
432
700
241
120
969
486
721
373
125
450
113
290
277
184
880
402
564
641
476
961
969
855
143
991
888
460
272
176
829
440
268
824
408
125
459
429
969
417
510
777
615
501
0
986
869
615
279
728
341
845
603
582
254
441
461
324
419
586
871
967
224
895
894
196
830
663
550
847
481
275
470
297
829
878
588
549
506
738
245
774
390
756
728
754
156
928
506
792
378
327
467
650
729
135
701
905
675
854
643
170
184
174
968
496
514
666
397
228
379
914
251
783
419
604
754
772
949
565
134
606
492
467
684
313
328
610
454
558
331
225
284
271
102
623
408
231
740
114
304
863
834
613
986
0
320
362
667
908
377
291
201
272
319
771
969
631
266
245
509
313
586
450
969
351
782
834
436
760
626
491
584
456
566
382
884
956
942
307
912
901
962
633
996
722
382
288
295
377
108
846
329
699
857
332
943
726
1000
748
153
702
540
728
736
582
664
123
472
341
956
899
546
279
499
251
933
259
618
718
992
532
434
704
281
314
298
744
342
782
802
383
737
484
365
171
794
356
215
306
391
853
684
966
869
320
0
540
877
394
840
922
951
426
300
766
266
905
354
401
154
102
904
148
627
534
202
483
912
955
822
663
566
406
428
720
546
487
459
205
641
230
543
124
447
306
883
812
340
868
610
452
756
856
583
549
215
915
483
651
433
208
108
774
169
735
326
548
189
769
480
838
816
537
528
519
622
450
281
391
447
660
877
917
139
450
659
902
212
287
170
358
963
899
119
729
529
535
645
712
226
262
706
796
615
362
540
0
875
403
284
421
989
819
852
614
359
620
930
293
189
943
961
831
514
512
631
392
840
252
736
237
103
781
840
667
720
952
473
561
934
450
806
571
711
787
187
219
618
240
220
443
607
139
194
885
419
676
874
221
365
435
721
279
834
689
287
406
810
872
181
426
580
514
923
640
200
825
762
237
715
684
444
161
773
389
994
593
994
598
832
411
435
400
402
899
110
575
160
652
680
272
846
674
279
667
877
875
0
207
588
663
402
831
501
549
248
281
725
539
827
605
359
751
859
648
207
975
267
603
620
510
289
236
649
761
749
860
143
412
476
160
848
951
666
796
196
340
314
505
956
661
143
878
583
623
116
278
797
494
493
739
585
957
308
517
752
372
227
293
160
840
424
157
716
339
410
273
414
471
133
173
180
858
970
452
406
499
217
195
392
692
858
702
154
462
964
756
377
742
733
438
857
662
728
908
394
403
207
0
262
377
665
311
606
686
118
795
713
413
1000
609
806
129
850
806
698
547
694
866
108
530
824
963
981
108
221
761
364
790
724
150
498
829
725
424
277
221
719
581
894
391
945
833
835
545
168
531
858
594
140
658
584
960
668
646
539
491
441
112
993
467
694
547
562
496
344
409
284
484
288
706
743
131
340
804
810
126
745
128
792
339
325
621
775
350
733
395
620
870
543
645
975
413
341
377
840
284
588
262
0
849
473
787
922
906
320
125
986
237
392
297
884
785
1000
714
858
461
418
460
241
684
322
909
390
321
163
112
384
204
974
423
542
103
823
917
475
924
908
450
850
418
542
364
962
223
879
884
209
192
425
584
838
889
802
102
719
882
206
303
111
743
751
587
786
994
320
829
165
184
651
726
417
691
585
520
147
323
644
685
489
224
150
979
714
914
558
698
150
588
151
737
288
266
845
291
922
421
663
377
849
0
779
948
623
441
246
1000
844
668
145
274
591
556
965
305
308
450
403
963
118
646
652
941
621
919
953
364
780
671
265
834
572
118
794
221
1000
947
713
125
152
393
923
461
505
832
815
800
973
617
289
375
808
894
776
573
125
149
194
834
607
921
815
638
126
249
680
388
583
527
196
259
154
932
271
858
517
673
437
905
647
716
579
781
452
114
520
795
715
845
332
334
275
153
603
201
951
989
402
665
473
779
0
425
425
837
487
760
925
324
527
925
631
730
945
481
762
828
980
493
775
658
644
568
443
155
543
424
339
885
792
705
300
916
145
595
844
687
479
688
651
152
601
374
839
416
364
992
270
153
863
675
955
933
628
909
943
864
381
596
440
245
741
913
693
137
989
450
356
302
629
393
836
343
630
543
348
207
187
679
284
661
165
780
922
118
944
133
498
700
449
495
837
609
582
272
426
819
831
311
787
948
425
0
227
259
505
756
191
141
342
155
104
744
979
787
446
145
200
592
930
180
356
355
850
776
795
688
982
675
515
183
111
999
459
479
634
649
282
514
564
192
473
581
907
649
896
770
209
862
124
608
816
553
201
709
518
514
872
197
524
602
196
484
646
415
403
517
138
458
935
490
502
262
291
772
334
783
258
266
361
375
700
594
979
406
287
540
592
624
131
632
440
958
254
319
300
852
501
606
922
623
425
227
0
700
341
903
904
645
818
882
894
122
539
138
207
821
366
561
868
220
497
884
380
233
123
859
738
507
787
946
729
758
313
838
289
197
462
984
891
163
512
592
854
128
270
562
299
281
552
619
884
680
189
222
595
113
743
155
937
264
221
891
671
744
851
237
965
839
804
354
436
170
933
960
565
873
815
769
564
373
946
239
566
810
714
724
506
628
481
316
164
713
441
771
766
614
549
686
906
441
837
259
700
0
910
153
679
465
401
835
218
590
934
421
448
866
958
202
991
171
886
404
270
979
161
274
145
839
322
265
842
633
198
139
418
850
603
751
989
217
453
691
664
752
236
351
674
518
107
207
145
905
364
250
578
151
944
893
777
381
711
426
476
562
953
531
543
801
253
368
795
531
237
782
815
809
482
294
971
725
174
879
201
542
544
837
929
852
134
628
112
827
461
969
266
359
248
118
320
246
487
505
341
910
0
643
597
1000
528
138
142
294
998
210
224
246
212
762
588
393
773
544
742
201
123
260
576
895
443
323
248
593
907
604
451
620
467
543
160
169
707
599
923
860
990
647
620
402
496
489
892
106
998
381
573
446
604
666
946
234
805
818
699
430
515
844
186
557
965
158
342
647
843
919
579
378
724
929
799
906
277
318
906
795
283
399
239
343
660
164
926
815
324
631
905
620
281
795
125
1000
760
756
903
153
643
0
928
276
635
137
254
647
799
925
759
240
559
418
126
116
892
866
108
163
613
239
934
659
395
908
524
557
731
984
889
430
495
350
576
679
155
133
746
521
151
386
820
432
804
249
298
320
333
248
510
829
776
215
189
118
508
713
228
164
878
644
409
675
959
647
975
121
138
870
219
782
864
963
486
968
165
553
295
659
214
815
503
542
794
867
334
558
419
266
354
930
725
713
986
844
925
191
904
679
597
928
0
482
163
738
771
840
102
224
283
617
128
375
147
341
257
918
718
921
365
484
284
659
509
298
602
107
974
300
739
656
372
579
498
446
933
483
650
428
306
502
332
633
283
862
280
507
115
281
544
487
144
909
436
129
644
850
829
650
967
400
286
627
700
776
780
134
296
687
869
698
649
796
503
975
743
811
421
400
491
719
131
756
762
114
445
148
586
245
401
293
539
413
237
668
324
141
645
465
1000
276
482
0
336
979
505
328
582
181
250
452
704
483
418
510
553
289
428
744
523
246
961
696
932
764
634
565
134
679
104
823
593
644
964
270
920
228
328
476
311
941
282
684
918
571
984
525
707
970
321
966
746
972
214
558
958
295
351
114
850
784
353
474
693
540
676
462
441
256
855
703
280
163
538
954
839
285
748
525
957
519
689
259
906
306
773
668
871
509
154
189
827
1000
392
145
527
342
818
401
528
635
163
336
0
806
508
478
620
990
589
246
761
669
479
953
103
759
210
725
908
549
315
269
327
450
608
663
433
566
582
526
720
511
354
290
154
664
623
184
241
550
160
647
289
977
185
109
616
805
415
472
288
416
204
900
496
243
707
107
388
626
201
269
168
171
680
388
518
217
184
516
539
563
397
896
253
996
302
557
545
301
476
183
187
178
619
485
967
313
102
943
605
609
297
274
925
155
882
835
138
137
738
979
806
0
210
325
172
464
533
732
448
292
595
836
595
469
202
912
124
714
581
515
849
860
642
502
511
636
343
661
877
970
266
841
920
456
343
857
974
432
444
401
274
213
304
748
190
599
869
285
946
256
568
156
820
603
235
774
916
814
863
171
556
597
191
479
382
138
501
548
181
248
884
744
240
921
583
697
913
179
713
592
713
650
821
288
224
586
904
961
359
806
884
591
631
104
894
218
142
254
771
505
508
210
0
853
565
436
332
840
751
364
378
997
636
169
298
979
834
506
114
193
974
477
750
996
239
521
445
569
597
611
195
596
747
270
508
323
336
852
979
685
305
597
576
404
622
798
977
165
425
305
107
679
857
794
609
236
250
224
123
261
619
221
409
979
762
105
645
814
495
476
297
351
895
821
848
573
767
770
241
914
960
944
531
625
895
450
148
831
751
129
785
556
730
744
122
590
294
647
840
328
478
325
853
0
109
889
772
975
917
889
667
976
381
657
839
594
108
977
802
816
221
106
695
405
704
836
908
198
613
278
108
782
200
104
234
143
331
338
291
757
358
236
350
767
594
405
334
804
491
896
703
1000
306
679
568
335
912
564
418
184
833
578
729
944
134
741
776
999
803
779
553
558
564
514
281
739
832
649
563
108
176
227
660
116
894
969
627
514
859
850
1000
965
945
979
539
934
998
799
102
582
620
172
565
109
0
366
341
595
869
119
593
605
693
544
632
718
692
684
117
674
745
440
640
174
449
608
222
441
574
196
420
250
506
469
558
367
765
793
740
605
952
464
532
574
565
397
539
533
420
338
407
114
283
739
985
470
666
893
504
843
848
520
761
198
545
184
977
846
990
375
262
605
622
496
291
344
158
749
882
143
173
172
852
921
196
351
534
512
648
806
714
305
481
787
138
421
210
925
224
181
990
464
436
889
366
0
687
302
556
981
447
403
387
860
863
118
551
884
848
510
616
687
916
298
408
785
328
794
841
511
824
301
764
630
785
766
216
707
824
505
292
690
498
629
460
461
817
609
253
940
427
730
314
122
380
840
545
748
238
900
169
713
634
177
520
621
895
609
791
828
809
765
627
771
151
259
986
969
924
467
713
918
497
704
830
782
202
631
207
698
858
308
762
446
207
448
224
759
283
250
589
533
332
772
341
687
0
886
290
416
143
840
288
598
535
188
517
912
729
163
849
308
511
422
848
268
792
272
315
564
673
200
140
833
613
277
236
112
495
356
708
256
173
348
577
409
798
404
273
843
925
207
513
556
729
113
760
435
670
922
307
145
416
249
168
520
456
796
433
749
637
821
294
537
411
635
735
841
766
697
622
151
695
946
663
834
483
392
975
547
461
450
828
145
821
866
246
240
617
452
246
732
840
975
595
302
886
0
904
276
155
316
981
943
264
434
943
973
669
876
453
729
412
931
434
908
678
752
890
436
619
102
120
416
976
126
590
318
416
139
181
796
107
191
538
142
700
255
120
479
553
291
857
850
378
196
698
365
461
129
906
878
818
543
437
905
194
381
553
864
933
748
319
812
373
784
836
157
966
253
183
636
860
940
550
436
912
840
267
694
418
403
980
200
366
958
212
559
128
704
761
448
751
917
869
556
290
904
0
247
662
457
973
829
706
690
910
166
539
842
422
147
517
355
338
379
849
824
542
571
345
520
366
622
304
977
726
665
854
989
198
263
282
759
907
125
227
901
117
935
622
427
543
530
121
665
626
375
981
442
519
320
621
526
699
138
405
267
108
144
706
485
152
761
536
592
321
233
131
735
171
178
738
139
847
760
955
252
603
866
460
963
493
592
561
202
762
418
375
483
669
292
364
889
119
981
416
276
247
0
130
194
666
773
658
580
628
517
217
995
904
593
594
709
234
733
899
913
981
319
643
584
457
384
678
205
841
161
795
369
734
699
469
846
942
481
572
945
619
175
149
529
764
801
270
721
231
772
881
613
140
114
616
710
694
243
131
618
502
140
579
399
334
956
304
203
724
789
985
259
365
411
412
834
481
626
822
736
620
108
241
118
775
930
868
991
588
126
147
418
479
595
378
667
593
447
143
155
662
130
0
350
505
773
641
421
122
142
725
387
381
815
895
803
922
398
824
749
242
840
323
517
717
404
182
220
746
753
695
343
834
112
130
581
390
824
794
947
631
156
617
488
628
388
221
177
970
703
777
127
175
538
413
243
530
375
909
186
876
933
493
113
142
872
685
402
815
194
525
121
330
951
869
306
275
491
663
237
510
530
684
646
658
180
220
171
393
116
341
510
953
836
997
976
605
403
840
316
457
194
350
0
427
480
987
898
889
639
609
762
726
569
890
582
311
496
733
636
254
820
640
739
935
897
160
108
459
246
609
458
747
668
667
190
824
332
820
421
227
503
431
164
320
998
571
767
425
673
246
961
467
978
840
387
804
904
569
199
382
902
572
882
354
221
397
220
631
153
321
140
281
123
665
972
470
584
566
103
289
824
322
652
644
356
497
886
773
892
257
553
103
595
636
381
693
387
288
981
973
666
505
427
0
467
840
690
648
284
781
118
914
179
226
640
502
855
640
563
824
848
905
779
900
460
358
749
921
581
658
332
663
559
629
932
993
438
640
571
138
915
904
986
328
190
673
260
179
996
769
180
626
865
708
767
540
479
618
919
628
788
605
921
557
907
550
756
647
293
868
1000
179
456
125
625
297
456
406
781
236
963
909
941
568
355
884
404
544
866
918
289
759
469
169
657
544
860
598
943
829
773
773
480
467
0
280
215
952
462
481
108
276
948
907
904
780
239
561
765
660
333
299
627
802
318
911
109
581
381
826
402
813
200
380
991
254
199
422
450
182
761
461
362
589
478
623
534
933
333
631
773
736
468
565
536
737
382
500
486
855
701
510
712
915
109
237
173
777
454
137
358
233
123
477
256
829
566
428
840
649
981
390
621
443
850
380
270
742
108
718
428
210
202
298
839
632
863
535
264
706
658
641
987
840
280
0
681
873
915
768
380
679
610
372
711
701
513
166
204
704
394
775
837
930
605
164
517
703
821
919
169
971
183
319
742
866
398
139
174
125
780
362
365
908
191
546
928
975
638
555
897
836
458
419
217
473
199
230
102
830
529
536
635
500
234
562
643
597
636
785
160
500
781
604
403
878
382
720
667
761
108
321
919
155
776
233
979
201
163
921
744
725
912
979
594
718
118
188
434
690
580
421
898
690
215
681
0
464
939
551
948
433
326
418
218
300
511
758
818
998
565
713
351
640
590
116
719
140
894
395
547
138
699
334
292
798
473
773
682
820
992
269
786
422
798
871
301
220
240
553
872
258
623
482
746
964
232
760
104
245
794
723
267
651
185
862
364
416
232
947
322
502
664
748
569
588
884
546
720
749
221
163
953
543
795
123
161
123
613
365
523
908
124
834
108
692
551
517
943
910
628
122
889
648
952
873
464
0
868
249
896
590
666
964
370
260
229
452
365
383
952
204
679
750
838
927
262
840
989
552
416
980
343
679
265
844
996
723
616
150
317
805
252
609
924
205
612
408
669
714
308
347
757
656
555
607
830
744
743
138
729
531
820
279
943
272
403
167
660
869
149
105
996
974
249
549
956
487
952
860
761
112
364
424
688
859
274
260
239
484
246
549
714
506
977
684
884
912
973
166
517
142
639
284
462
915
939
868
0
693
431
677
996
187
516
595
337
578
369
208
762
464
256
349
908
899
709
399
109
148
315
705
832
343
642
482
850
544
683
720
430
232
108
568
321
433
186
309
467
278
596
757
462
483
830
374
499
551
452
247
643
951
520
891
364
922
786
248
221
390
539
505
915
167
654
506
942
459
473
143
364
384
780
339
982
738
145
576
934
284
961
315
581
114
802
117
848
729
669
539
217
725
609
781
481
768
551
249
693
0
972
617
719
806
834
560
926
857
390
382
657
599
969
750
307
396
428
581
329
758
251
976
933
779
164
660
839
586
162
587
924
889
127
631
974
394
944
945
590
282
568
408
656
271
718
459
565
228
366
463
134
487
195
945
361
552
218
683
319
879
581
645
894
890
210
738
307
205
561
412
790
204
671
885
675
507
839
895
659
659
696
269
515
193
816
674
510
163
876
842
995
387
762
118
108
380
948
896
431
972
0
377
979
223
256
317
404
693
607
692
549
785
398
690
662
514
108
504
232
889
598
221
690
213
678
598
525
732
536
167
639
923
596
395
846
977
467
841
875
567
742
892
933
274
861
589
277
497
825
953
416
930
592
214
790
464
984
537
585
792
522
524
287
979
124
245
912
641
934
476
724
974
265
792
515
787
322
443
395
509
932
327
849
974
221
745
616
849
453
422
904
381
726
914
276
679
433
590
677
617
377
0
717
389
841
131
736
553
544
785
111
468
858
475
236
211
717
504
356
522
732
315
455
875
159
487
520
204
117
813
494
726
919
702
577
969
204
539
432
499
804
122
658
993
759
735
288
355
401
497
490
516
903
289
808
822
359
490
761
145
205
871
849
252
918
774
901
230
450
160
150
423
834
705
183
946
265
323
908
298
764
450
860
477
106
440
687
308
729
147
593
815
569
179
948
610
326
666
996
719
979
717
0
412
995
716
218
459
470
240
330
493
340
625
238
127
641
638
844
506
999
153
153
217
715
351
876
412
503
118
485
357
924
821
694
901
289
965
543
745
996
640
575
223
899
444
235
887
258
675
607
928
120
924
823
693
326
938
244
708
858
367
238
292
533
390
962
543
806
848
498
542
572
300
111
729
842
248
524
602
634
608
642
750
695
640
916
511
412
517
594
895
890
226
907
372
418
964
187
806
223
389
412
0
432
950
251
122
538
584
637
381
533
478
142
753
108
592
487
797
993
787
491
524
471
994
577
288
261
924
122
553
852
420
456
338
255
912
282
187
140
813
361
581
905
282
897
170
688
527
340
546
673
892
825
911
147
229
382
216
492
744
867
641
873
756
633
124
571
951
829
103
118
916
999
758
633
593
557
107
565
663
502
996
405
174
298
422
931
355
709
803
582
640
904
711
218
370
516
834
256
841
995
432
0
953
339
142
752
486
811
523
140
851
347
311
530
244
354
647
765
830
941
470
720
888
444
663
495
866
744
605
307
270
644
523
237
308
353
636
508
218
811
388
116
324
929
754
138
374
386
912
223
467
838
157
605
421
644
800
385
527
308
618
986
728
996
447
711
666
725
823
794
145
459
313
198
907
731
974
134
433
511
239
704
449
408
848
434
338
234
922
311
502
780
701
300
260
595
560
317
131
716
950
953
0
258
881
733
598
939
761
583
751
270
249
410
957
691
649
870
496
670
151
616
331
458
592
783
680
348
191
221
684
371
171
677
492
974
132
547
669
792
771
515
673
854
497
295
413
814
408
913
722
357
766
528
630
823
287
887
201
625
330
193
754
722
306
787
796
424
917
221
595
479
838
139
604
984
300
679
566
636
521
836
608
785
268
908
379
733
398
496
855
239
513
511
229
337
926
404
736
218
251
339
258
0
819
187
534
413
639
892
403
624
697
720
112
498
377
616
647
624
507
200
150
592
594
259
884
342
212
801
834
629
769
113
414
710
407
611
533
594
772
128
760
675
211
963
976
730
877
315
990
416
111
541
434
366
572
436
557
741
148
724
156
382
883
187
196
277
475
1000
844
634
289
418
451
889
739
104
582
343
445
908
222
328
792
678
849
899
824
733
640
561
166
758
452
578
857
693
553
459
122
142
881
819
0
474
695
460
301
160
176
339
378
335
598
251
355
272
789
143
275
443
109
102
313
166
866
948
627
920
130
814
302
286
165
857
529
950
658
350
477
366
158
280
220
469
247
696
843
954
708
899
372
182
450
937
849
844
711
998
476
396
928
288
812
219
340
221
924
947
687
649
197
850
620
430
656
823
526
661
569
198
441
794
272
752
824
913
749
636
563
765
204
818
365
369
390
607
544
470
538
752
733
187
474
0
726
911
922
668
731
811
785
478
822
722
265
428
145
433
296
939
622
892
137
790
280
833
493
154
465
161
713
562
913
772
366
778
352
128
164
746
464
463
573
594
970
734
741
373
164
268
808
631
213
108
141
330
224
361
327
814
506
295
340
618
314
719
908
713
479
282
462
603
467
495
372
593
720
877
597
613
574
841
315
890
542
981
242
254
824
660
704
998
383
208
382
692
785
240
584
486
598
534
695
726
0
936
729
525
122
573
800
931
711
710
662
238
732
178
202
203
318
437
176
667
917
823
774
578
377
421
886
658
394
388
499
915
104
761
516
962
234
275
440
956
717
155
241
592
939
755
865
180
711
296
892
568
602
885
294
333
792
377
868
240
505
581
450
125
688
514
984
751
543
350
579
644
511
970
611
278
196
511
564
436
571
319
840
820
848
333
394
565
952
762
657
549
111
330
637
811
939
413
460
911
936
0
540
706
662
735
474
122
855
1000
485
852
323
501
984
948
823
653
529
643
374
452
908
190
699
477
777
292
196
420
213
282
112
588
388
383
106
203
151
985
197
116
993
396
994
147
520
290
545
274
183
457
869
417
743
710
378
108
610
220
956
894
850
152
651
564
891
989
160
576
498
964
354
266
195
108
420
824
673
619
345
643
323
640
905
299
775
713
204
464
599
785
468
493
381
523
761
639
301
922
729
540
0
364
815
125
165
647
880
463
464
741
480
823
728
828
723
941
259
405
967
597
398
261
867
693
233
476
884
553
577
911
323
836
168
730
523
726
768
419
186
488
495
883
638
661
473
382
145
159
172
470
910
227
281
984
327
846
452
443
661
391
418
393
152
192
163
217
169
679
446
270
290
841
596
782
250
301
200
102
520
584
517
739
779
627
837
351
679
256
969
398
858
340
533
140
583
892
160
668
525
706
364
0
922
802
782
620
107
761
392
869
608
861
190
884
834
560
228
543
270
321
751
138
876
256
773
687
471
320
828
155
205
368
962
852
840
412
370
385
913
767
642
521
292
994
805
685
951
389
712
342
419
589
281
713
467
329
756
607
143
945
542
923
601
473
512
453
707
155
933
920
154
920
747
200
506
764
140
120
366
457
717
935
900
802
930
640
750
349
750
690
475
625
478
851
751
403
176
731
122
662
815
922
0
208
225
888
847
768
409
535
492
569
405
191
498
690
130
413
645
714
364
428
816
889
701
909
391
589
401
315
881
373
858
708
742
770
225
300
984
801
582
884
765
154
589
976
265
145
577
589
663
310
194
763
650
699
856
139
878
833
364
461
374
581
592
691
599
133
483
228
664
456
270
104
469
630
833
416
622
384
404
897
460
318
605
590
838
908
307
662
236
238
142
347
270
624
339
811
573
735
125
802
208
0
131
991
816
780
585
652
476
939
959
758
141
977
493
277
262
824
754
370
948
528
946
981
740
609
289
564
153
456
992
926
998
356
761
411
866
452
699
216
323
652
322
768
897
223
560
306
827
840
177
407
729
857
583
194
583
835
962
505
839
907
854
664
923
746
650
328
623
343
508
234
558
785
613
976
304
678
182
160
358
911
164
116
927
899
396
514
211
127
753
311
249
697
378
785
800
474
165
782
225
131
0
685
106
979
373
312
798
854
846
845
611
529
238
300
808
401
659
854
654
776
436
118
410
477
440
364
374
449
657
798
852
919
397
731
811
232
720
220
795
866
772
254
928
858
400
210
608
945
888
732
135
332
549
885
623
545
223
832
416
649
128
752
860
521
428
476
184
857
323
143
367
766
277
126
977
205
220
108
749
109
517
719
262
709
428
108
717
641
108
530
410
720
335
478
931
122
647
620
888
991
685
0
662
154
202
391
632
723
948
372
335
721
923
394
755
776
113
459
523
796
152
688
137
951
469
954
758
546
572
987
521
479
306
246
701
874
397
876
542
411
797
188
336
713
271
664
740
563
418
424
701
943
215
419
116
168
879
815
364
896
270
236
990
151
306
311
241
974
336
331
765
216
236
590
726
841
746
459
921
581
703
140
840
399
581
504
504
638
592
244
957
112
598
822
711
855
880
107
847
816
106
662
0
586
707
792
665
737
295
834
520
643
540
698
484
293
700
978
540
709
182
418
592
325
978
812
133
859
956
827
115
817
758
145
990
285
197
432
955
705
764
982
791
483
320
126
454
727
808
530
905
726
915
676
278
531
884
800
992
770
562
351
647
386
502
941
550
432
852
338
793
707
112
318
665
161
753
246
581
381
821
894
989
109
329
232
356
844
487
354
691
498
251
722
710
1000
463
761
768
780
979
154
586
0
348
747
525
988
580
963
912
454
399
111
107
949
994
433
432
640
875
500
578
554
690
199
586
767
208
542
326
244
283
478
535
612
177
827
908
905
629
548
964
691
573
961
921
916
148
830
675
1000
483
874
797
858
209
973
270
209
299
674
620
820
332
282
160
444
979
291
740
824
495
416
854
795
695
609
658
826
919
395
552
148
758
889
522
506
797
647
649
377
355
265
662
485
464
392
409
585
373
202
707
348
0
743
547
452
660
107
824
212
801
633
342
387
276
786
814
840
805
236
781
960
333
403
908
475
787
940
895
883
348
668
431
980
868
115
856
293
925
465
751
514
519
806
145
589
624
821
854
748
651
221
494
594
192
617
153
862
281
518
402
432
633
684
647
401
685
757
605
505
356
139
989
369
343
458
332
402
169
547
416
315
251
598
732
999
993
765
870
616
272
428
238
852
741
869
535
652
312
391
792
747
743
0
192
616
588
953
887
729
526
837
301
529
942
184
772
521
151
189
219
147
983
338
446
559
555
199
721
277
431
211
879
665
352
633
763
177
382
385
961
485
706
471
552
917
893
930
643
153
433
365
493
140
425
289
863
124
552
107
496
804
283
918
289
274
305
358
952
292
708
181
198
734
834
747
663
813
971
138
980
705
976
221
315
153
787
830
496
647
789
145
732
323
480
608
492
476
798
632
665
525
547
192
0
583
806
586
342
711
936
576
113
222
627
398
361
983
196
720
187
365
756
712
196
796
674
842
129
891
211
316
438
574
537
396
490
763
802
890
973
488
326
601
623
356
301
832
170
702
208
435
739
658
584
375
675
608
619
207
489
249
862
571
977
213
597
236
464
690
256
796
263
699
112
668
559
200
183
699
343
832
933
690
455
153
491
941
670
624
143
433
178
501
823
861
569
939
854
723
737
988
452
616
583
0
291
435
634
250
670
505
851
441
572
788
185
621
144
645
906
724
613
939
430
571
994
125
410
331
593
818
323
168
782
984
332
286
503
575
491
194
728
869
447
274
266
432
184
540
108
721
585
584
838
808
955
816
884
145
892
298
280
984
185
304
576
350
532
498
173
107
282
469
130
667
629
380
319
334
679
343
779
213
875
217
524
470
151
507
275
296
202
984
728
190
405
959
846
948
295
580
660
588
806
291
0
249
783
551
295
595
112
592
245
458
516
234
663
953
822
553
293
752
642
437
985
361
633
306
154
476
701
874
406
838
755
709
224
720
806
220
522
392
629
808
818
700
174
728
774
279
957
960
889
894
933
553
680
905
106
320
507
525
109
748
404
767
574
629
348
191
759
846
581
190
932
991
742
292
265
642
164
678
159
715
471
720
616
200
443
939
203
948
828
884
191
758
845
372
834
963
107
953
586
435
249
0
836
282
446
724
994
420
345
739
346
149
503
334
399
123
165
507
499
478
656
163
698
628
119
645
312
593
706
685
829
839
445
1000
425
922
745
805
312
677
582
241
968
736
169
834
308
668
802
776
628
201
189
364
998
333
115
707
616
190
622
594
565
460
577
538
907
942
390
824
993
254
866
798
844
482
660
598
487
351
994
888
331
150
109
622
318
823
723
834
498
141
611
335
520
912
824
887
342
634
783
836
0
542
659
549
237
823
158
572
408
509
863
851
583
766
462
189
864
234
311
889
589
139
768
163
243
498
396
476
193
240
146
254
204
312
567
176
282
381
145
120
496
582
735
689
517
646
102
573
909
709
222
250
381
248
281
970
805
599
798
405
397
461
409
142
125
481
824
332
438
199
398
473
996
850
839
525
520
876
577
444
458
592
102
892
437
653
941
560
690
977
529
721
643
454
212
729
711
250
551
282
542
0
643
503
582
580
862
272
978
968
952
750
542
475
535
193
573
883
516
781
286
693
414
165
670
827
247
368
669
484
139
843
755
510
386
694
321
216
789
969
514
664
326
287
752
539
719
125
943
518
595
578
573
510
544
321
415
869
977
334
539
817
798
700
227
572
794
820
640
422
139
773
723
544
586
732
204
412
288
663
592
594
313
137
176
529
259
228
130
493
238
923
540
399
801
526
936
670
295
446
659
643
0
527
401
450
214
691
375
707
912
661
410
801
626
680
153
538
386
718
392
201
802
521
994
344
352
280
309
981
747
114
778
196
394
214
352
241
953
486
666
123
548
406
372
491
882
149
864
514
113
151
446
829
487
966
472
285
165
804
533
609
404
255
901
945
947
421
571
450
174
682
616
683
162
536
117
503
261
495
783
259
166
790
667
643
405
543
413
277
300
394
698
111
633
837
576
505
595
724
549
503
527
0
561
455
865
618
526
669
420
675
800
136
977
879
794
301
927
706
169
991
372
279
712
474
439
998
258
676
106
461
102
314
483
811
375
755
985
721
397
472
189
810
227
441
206
194
381
872
743
944
604
776
144
746
288
946
425
491
420
253
273
120
117
619
631
227
138
182
125
820
150
720
587
167
813
118
924
866
680
884
866
280
917
374
967
270
645
262
808
755
484
107
342
301
113
851
112
994
237
582
401
561
0
442
435
206
514
282
799
697
679
881
719
306
311
983
344
529
317
997
252
111
825
477
170
543
895
641
272
406
826
259
540
374
917
635
349
373
228
341
769
872
293
112
303
834
596
197
155
893
666
215
909
972
416
256
305
896
338
940
843
479
935
175
156
503
915
761
780
992
317
430
924
639
494
485
122
744
348
342
948
833
823
452
597
321
714
824
401
776
293
949
387
529
222
441
592
420
823
580
450
455
442
0
171
165
761
805
977
360
761
107
928
300
349
998
196
862
843
645
562
474
683
910
102
690
318
134
942
241
607
607
219
675
835
674
359
125
379
956
480
181
160
993
111
607
440
524
937
777
946
189
436
214
204
568
107
703
407
427
925
553
622
149
617
431
904
461
362
269
805
232
889
923
726
357
553
605
191
212
627
493
774
908
398
751
364
754
659
113
700
994
276
942
627
572
245
345
158
862
214
865
435
171
0
298
338
866
869
734
257
673
178
838
522
589
679
146
463
986
386
626
765
424
125
145
350
913
309
178
459
395
314
122
294
833
498
450
914
899
838
426
840
467
743
921
245
602
264
381
234
118
129
558
900
156
679
1000
114
730
207
291
427
529
488
164
986
362
365
786
252
108
127
596
919
924
852
307
221
801
920
154
578
190
261
138
428
370
854
459
978
433
786
184
398
788
458
739
572
272
691
618
206
165
298
0
565
724
827
212
907
892
185
524
586
977
231
313
128
300
399
318
411
378
912
935
534
102
363
864
602
426
449
282
143
395
189
113
251
546
816
580
424
694
751
815
741
196
221
711
805
508
644
958
496
820
857
306
283
314
513
857
543
764
628
320
328
589
908
422
609
568
631
395
702
821
420
270
684
834
130
465
377
699
867
876
816
948
654
523
540
432
814
772
361
185
516
346
408
978
375
526
514
761
338
565
0
795
916
161
885
584
522
237
403
478
202
422
907
147
789
236
166
989
668
955
276
349
273
457
451
709
680
628
460
767
862
290
783
279
537
514
157
547
587
638
913
484
891
426
818
713
850
295
243
603
794
679
739
122
556
850
530
801
388
998
190
478
191
798
924
321
974
846
577
694
456
644
371
629
814
161
421
477
693
256
889
528
776
796
709
640
840
521
983
621
234
149
509
968
707
669
282
805
866
724
795
0
392
647
113
840
295
864
926
978
807
872
294
154
380
282
252
308
550
744
759
651
356
675
445
349
448
826
354
567
729
277
419
499
528
923
716
562
786
126
693
646
671
476
699
228
829
351
707
235
609
568
985
380
729
378
121
270
221
571
673
623
546
871
205
433
394
977
969
901
338
523
171
769
302
713
886
777
233
773
701
946
436
152
182
875
805
151
196
144
663
503
863
952
912
420
799
977
869
827
916
392
0
240
921
263
291
977
832
171
654
819
592
427
873
888
832
648
800
360
985
672
889
281
907
261
766
341
369
456
102
184
604
251
519
640
339
496
994
249
137
415
744
562
430
164
650
114
107
774
236
335
470
840
113
196
665
721
177
767
260
534
928
301
612
186
944
467
204
289
255
237
677
113
286
562
658
292
476
687
909
981
118
688
418
500
236
189
720
645
953
334
851
750
661
675
697
360
734
212
161
647
240
0
811
108
854
419
617
726
589
823
403
989
960
246
641
328
199
376
993
156
916
241
398
696
283
357
610
631
900
880
754
933
622
200
410
344
320
680
989
403
851
953
515
878
967
850
388
916
250
912
666
545
760
698
626
231
970
425
179
933
975
220
408
309
945
841
539
965
912
308
492
414
165
913
394
196
884
471
391
740
410
137
592
578
781
219
187
906
822
399
583
542
410
800
679
761
257
907
885
113
921
811
0
254
430
475
506
246
750
464
231
837
734
915
755
869
358
626
709
873
271
902
371
767
696
373
800
300
902
402
772
259
450
825
273
409
829
388
450
517
237
531
844
644
400
784
626
814
224
564
893
748
435
365
375
772
703
673
996
333
638
240
669
467
590
875
432
543
282
353
974
710
857
772
388
420
553
320
589
609
477
951
325
554
960
147
365
724
553
123
766
475
801
136
881
107
673
892
584
840
263
108
254
0
700
451
179
667
214
224
966
527
116
208
178
467
738
698
490
655
944
363
515
578
761
272
937
995
733
564
949
618
281
762
414
284
165
583
356
138
965
543
186
409
286
353
201
863
123
418
504
238
670
461
981
881
777
246
769
631
555
553
714
278
282
567
499
745
187
636
132
407
529
366
499
213
577
828
401
289
440
469
978
690
333
983
756
613
293
165
462
535
626
977
719
928
178
185
522
295
291
854
430
700
0
769
351
516
578
437
580
876
497
335
594
899
161
107
974
375
381
610
303
116
143
676
428
683
853
641
565
718
391
237
471
484
184
527
302
458
839
801
557
675
627
474
269
171
261
184
843
900
922
129
442
613
127
961
180
773
897
872
308
596
568
742
804
996
140
508
547
611
950
778
915
282
911
155
315
564
364
954
812
199
403
338
712
939
752
507
189
193
680
879
306
300
838
524
237
864
977
419
475
451
769
0
276
201
808
890
936
772
255
777
300
785
936
639
807
621
373
206
561
545
163
598
959
463
289
476
134
992
447
715
133
288
651
196
629
935
804
253
965
959
700
693
168
556
619
833
848
169
307
906
519
140
175
467
626
736
836
258
347
757
408
892
122
640
813
218
669
533
658
352
104
112
323
205
881
153
374
758
133
586
908
446
196
430
642
499
864
573
153
794
311
349
522
586
403
926
832
617
506
179
351
276
0
629
540
116
253
463
351
905
250
317
121
481
105
483
864
889
720
821
754
217
812
341
344
961
606
532
660
684
173
706
726
259
393
490
354
368
158
647
776
540
171
597
221
578
520
713
145
878
320
114
538
978
865
468
458
623
757
462
656
933
658
575
361
811
792
594
350
128
761
588
836
368
373
456
449
546
859
767
475
559
796
571
437
478
234
883
538
301
983
998
589
977
478
978
171
726
246
667
516
201
629
0
968
976
510
398
975
869
885
413
273
279
437
553
917
964
285
226
418
435
253
862
370
969
492
434
877
444
180
743
417
154
836
502
436
795
342
975
780
676
680
191
409
729
761
634
416
818
621
616
413
840
708
565
419
482
656
483
271
274
993
223
581
388
771
772
477
164
516
388
168
962
858
992
657
572
956
208
787
555
674
994
985
656
311
516
386
927
344
196
679
231
202
807
654
589
750
214
578
808
540
968
0
601
971
584
764
783
265
585
524
615
550
375
931
590
409
957
937
234
198
543
695
855
467
704
917
161
858
131
691
932
343
262
170
531
647
121
134
462
388
479
979
944
198
177
249
543
526
710
243
387
767
536
217
746
555
830
718
861
759
899
905
116
515
128
366
746
962
383
730
852
708
926
798
987
827
542
940
199
842
125
361
163
889
781
718
706
529
862
146
313
422
872
819
823
464
224
437
890
116
976
601
0
167
565
948
378
913
372
678
700
539
680
755
812
422
373
897
294
439
716
302
143
684
281
139
773
970
340
585
271
630
291
933
237
843
138
296
441
518
382
762
134
545
520
168
437
699
694
530
804
540
737
473
964
607
374
459
589
735
444
282
324
673
760
158
464
234
106
523
840
742
998
852
521
115
326
895
721
129
410
633
698
589
286
392
169
317
843
463
128
907
294
592
403
231
966
580
936
253
510
971
167
0
955
140
416
382
160
727
606
932
354
668
369
214
786
948
609
282
678
290
991
313
314
450
389
452
804
520
858
543
772
960
782
919
870
687
256
217
138
105
741
184
621
520
905
138
243
375
904
479
382
199
232
830
499
565
277
288
235
897
929
854
675
280
463
275
203
726
412
770
356
919
479
817
244
883
277
891
331
306
628
139
693
201
991
997
645
986
300
147
154
427
989
837
527
876
772
463
398
584
565
955
0
411
762
308
231
940
811
913
829
784
210
376
242
862
335
356
329
274
888
328
298
659
994
406
810
147
517
348
334
565
815
579
219
869
855
184
501
645
776
977
895
456
194
405
131
909
569
618
500
230
760
744
551
228
497
355
887
170
754
497
211
220
573
440
151
768
370
225
761
397
306
758
283
348
431
211
593
154
119
768
414
802
372
252
562
386
399
789
380
873
960
734
116
497
255
351
975
764
948
140
411
0
873
129
845
239
746
925
148
756
920
759
994
704
228
178
334
665
460
610
744
902
593
499
126
323
673
207
783
873
809
378
782
698
703
516
548
814
999
846
609
796
381
267
618
186
199
919
486
102
104
743
452
366
825
401
258
688
138
295
963
469
594
956
985
419
385
300
411
731
246
145
478
668
211
316
818
476
645
163
165
521
279
111
474
626
318
236
282
888
246
915
208
335
777
905
869
783
378
416
762
873
0
273
557
822
663
608
488
336
243
326
744
304
437
716
417
273
272
454
342
212
994
217
745
644
437
187
258
815
482
724
864
649
280
539
181
495
803
990
791
433
553
108
502
876
382
628
855
830
245
138
247
463
953
497
675
527
374
413
976
247
970
717
197
186
913
984
866
811
701
990
535
431
879
438
323
701
312
243
670
994
712
825
683
765
411
166
252
832
641
755
178
594
300
250
885
265
913
382
308
129
273
0
955
891
227
118
224
956
171
982
610
521
473
176
155
460
176
558
782
287
598
195
128
685
905
679
266
769
294
929
963
796
163
563
248
476
779
375
828
749
864
144
140
933
902
788
701
529
794
729
643
134
416
490
607
340
386
814
730
696
734
155
116
488
767
801
452
232
874
285
612
980
665
574
168
874
593
498
827
344
474
477
910
424
378
989
308
648
328
869
467
899
785
317
413
585
372
160
231
845
557
955
0
858
117
638
141
535
870
748
801
494
922
424
413
867
829
331
802
170
832
392
792
489
647
284
361
564
971
799
486
503
538
397
884
297
553
262
809
637
933
706
579
493
572
605
510
536
723
531
951
487
930
516
928
546
912
408
877
843
741
241
993
495
642
582
699
720
397
197
177
868
352
537
782
406
706
396
247
352
439
170
102
125
912
668
550
800
199
358
738
161
936
121
273
524
678
727
940
239
822
891
858
0
