0
939
0
464
0
0
0
0
828
0
0
902
0
0
760
362
0
304
361
517
0
0
0
0
311
0
0
215
789
0
0
0
0
446
0
845
0
0
0
50
223
485
185
561
0
366
0
0
0
0
0
0
0
0
0
0
0
0
0
508
511
0
0
0
0
92
0
140
0
0
0
0
647
68
690
0
0
0
0
0
0
0
550
0
0
0
0
0
894
970
0
0
0
683
0
177
0
45
444
0
939
0
0
43
0
0
0
0
0
0
929
0
102
0
0
304
0
444
0
0
15
106
0
0
10
0
0
0
0
751
629
0
0
535
638
0
672
807
0
0
0
935
307
65
0
255
0
0
0
0
0
931
691
667
0
0
907
0
553
0
865
0
918
281
0
0
567
0
0
0
627
0
648
0
114
0
0
0
0
321
962
0
0
273
0
54
592
199
471
199
0
448
0
200
0
505
0
882
199
0
0
0
0
0
0
780
117
0
0
0
874
201
14
526
0
0
0
0
470
0
448
0
598
0
0
0
0
838
664
395
83
0
0
960
0
888
0
0
566
0
0
0
0
830
0
0
0
768
763
543
819
0
0
474
492
970
284
421
0
125
0
506
882
0
0
0
492
0
787
0
0
40
411
595
0
0
247
707
0
953
0
0
0
0
0
893
0
853
0
987
0
854
0
0
0
409
0
112
0
223
464
43
0
0
0
506
0
793
176
663
0
747
0
18
0
0
0
883
241
63
677
191
0
266
0
0
658
0
632
415
867
232
0
990
0
696
0
0
0
689
0
925
444
0
0
0
0
0
0
0
0
990
706
0
449
0
0
0
0
753
0
0
55
489
0
0
0
0
0
0
518
171
0
0
0
0
732
0
0
0
519
0
43
0
0
315
962
498
299
648
436
0
0
861
167
43
0
156
0
275
0
0
0
0
0
0
0
287
0
0
734
725
0
9
0
149
0
198
0
683
0
282
0
0
0
0
116
761
0
0
0
0
713
0
665
119
833
0
0
204
0
196
608
979
402
629
0
54
0
0
231
0
220
627
0
346
184
0
990
0
0
352
0
555
119
0
0
363
0
0
175
0
0
0
745
0
602
0
424
953
0
102
0
0
713
0
395
978
0
182
0
0
364
984
0
51
0
0
844
0
0
0
780
506
0
0
258
0
0
0
0
683
0
0
314
577
0
0
0
0
0
443
0
0
92
0
0
0
191
999
0
0
0
291
426
0
0
0
244
492
309
0
0
0
0
642
495
0
0
182
0
0
0
0
0
0
0
781
649
235
0
0
0
0
0
0
0
0
0
0
296
0
0
165
0
0
0
0
0
676
491
0
107
646
0
0
0
0
451
695
0
0
417
706
0
0
680
0
0
743
0
0
117
0
0
258
0
0
0
0
252
921
0
0
0
951
634
193
0
688
367
0
0
0
0
540
0
0
0
0
0
0
0
0
0
439
0
0
0
0
662
0
697
0
937
549
0
0
403
377
534
836
0
291
0
327
0
0
472
639
0
0
771
302
0
0
814
913
720
180
0
0
90
936
0
903
879
418
894
949
355
0
663
0
0
0
87
517
670
620
60
976
0
861
871
0
0
0
0
0
0
0
0
793
287
0
0
0
0
271
858
0
0
771
0
511
252
0
0
0
0
992
250
0
757
512
0
0
0
873
670
154
45
567
0
0
0
762
0
929
725
682
605
485
0
47
356
276
837
0
0
0
0
0
0
0
0
360
753
718
0
899
44
0
0
446
546
0
0
0
0
0
0
0
65
0
655
0
0
329
0
467
0
268
824
47
0
0
0
427
750
0
0
835
239
0
519
0
0
971
828
0
0
176
0
0
0
0
0
0
0
258
0
0
0
41
0
0
148
0
380
0
44
0
0
0
0
339
699
225
0
0
0
374
0
0
0
0
0
0
0
0
0
0
14
102
146
969
0
0
0
0
0
0
0
0
116
0
0
0
0
7
767
0
0
0
0
0
0
0
87
0
22
0
0
192
858
619
67
0
0
646
0
395
255
742
0
338
264
710
360
280
0
61
860
93
0
0
806
592
0
0
0
663
0
0
0
271
0
0
875
110
118
0
0
170
0
0
0
522
0
0
74
0
489
0
0
0
279
398
0
0
525
615
0
0
380
573
205
0
342
0
0
0
0
0
0
0
0
0
118
0
344
0
0
0
698
0
384
0
109
0
0
0
591
0
309
0
0
414
880
0
0
0
0
0
0
429
0
0
988
0
590
0
101
299
0
0
985
473
0
0
0
932
0
0
0
0
0
0
0
929
874
0
734
0
252
858
0
875
0
0
0
26
0
434
0
0
231
0
0
600
0
0
0
137
0
0
0
643
0
0
0
0
0
0
931
0
0
559
448
0
0
0
782
415
0
0
421
0
896
0
924
976
63
206
966
590
0
734
0
0
0
319
0
210
0
0
388
151
0
0
584
941
0
803
957
0
185
0
0
782
0
0
0
0
0
683
357
0
608
797
708
564
0
578
0
518
0
0
902
0
201
747
725
683
921
0
258
110
0
0
0
0
128
690
124
0
0
0
0
0
0
41
0
791
408
827
0
0
0
54
950
776
0
846
306
146
722
0
0
0
0
0
0
0
0
0
0
487
145
634
577
406
0
0
374
0
840
0
0
0
0
0
0
123
281
899
0
0
0
522
0
974
0
353
0
0
0
274
0
917
799
0
0
842
0
877
0
35
7
0
358
0
0
0
0
0
765
0
0
102
14
0
0
0
0
0
0
118
0
0
0
0
0
778
418
0
547
0
0
253
0
0
0
346
903
0
33
0
41
318
0
0
0
0
0
0
0
0
0
0
0
0
0
396
460
0
197
617
0
0
0
0
228
0
0
0
0
0
843
0
962
0
0
574
735
856
0
257
654
0
0
0
0
721
0
340
849
0
222
0
194
641
557
96
0
47
124
439
0
0
622
564
0
818
0
0
41
466
0
0
526
18
9
0
0
771
0
0
26
0
0
0
0
0
0
0
0
0
0
0
859
0
100
0
0
0
0
363
0
423
652
0
0
0
0
0
948
0
0
0
0
0
317
641
580
0
0
0
298
35
750
0
0
0
0
5
0
0
0
742
0
0
0
0
0
0
0
556
0
0
420
97
0
0
0
987
0
158
531
588
410
0
0
591
0
735
514
0
181
0
0
523
518
176
571
0
147
0
760
0
0
0
0
314
0
0
0
0
0
128
0
0
0
0
348
0
86
0
0
0
910
504
0
608
0
0
0
475
92
0
0
0
532
305
0
893
540
0
0
159
0
0
0
0
0
114
799
0
0
484
0
656
145
0
108
0
508
874
69
0
13
306
194
0
870
863
877
515
0
526
0
0
0
0
599
185
308
361
0
213
0
582
0
331
904
0
805
0
0
0
52
469
0
468
390
0
874
0
362
304
0
0
149
577
951
511
41
170
434
690
778
0
0
0
0
0
498
0
298
299
532
0
597
179
328
0
0
0
0
916
0
53
320
683
969
0
556
0
747
857
0
346
0
599
0
0
661
600
0
807
0
0
596
0
0
227
0
0
760
523
93
0
188
0
0
0
0
909
0
0
0
0
0
425
0
0
481
740
0
793
0
917
282
0
3
0
258
0
827
0
0
611
0
291
0
0
0
0
0
0
0
0
0
0
634
252
0
0
0
124
418
0
348
0
0
417
295
0
0
553
844
477
359
349
114
635
1
0
890
488
0
0
0
0
0
630
529
0
817
0
0
365
0
681
0
0
0
0
0
415
790
174
0
503
0
0
284
0
0
0
782
820
219
605
22
957
0
0
370
0
0
0
0
363
0
0
0
0
0
767
0
0
0
240
177
0
0
0
0
0
199
0
988
572
189
0
0
0
304
444
0
883
198
0
193
0
0
0
0
0
0
0
0
0
417
0
0
0
27
0
0
371
0
0
0
300
0
0
0
349
0
0
136
407
453
889
0
699
0
451
0
499
786
0
869
551
0
810
58
0
250
793
694
36
0
0
0
0
0
0
0
0
574
695
862
708
140
0
0
265
0
144
0
0
0
82
0
0
218
0
0
687
0
233
0
0
765
573
713
0
0
0
0
345
0
753
107
486
361
0
470
241
0
0
0
0
148
0
231
0
547
0
86
498
295
0
0
0
51
902
0
0
353
0
10
0
396
0
165
105
0
929
0
0
493
627
0
233
919
0
0
0
0
0
884
0
0
209
196
465
712
576
845
0
726
0
0
52
772
0
0
936
0
95
0
106
0
0
0
17
0
0
0
498
955
0
0
614
197
435
752
657
0
0
0
308
0
0
0
0
825
0
399
0
0
0
0
649
517
0
0
63
683
0
688
0
0
522
0
0
0
0
0
0
0
0
0
0
0
0
0
0
658
0
0
0
611
413
627
92
0
0
0
0
0
0
0
182
659
0
0
0
441
950
492
54
0
0
589
0
0
47
0
0
0
252
580
536
0
198
0
954
873
569
0
0
0
859
0
0
757
904
676
631
0
0
111
0
0
0
0
575
93
814
375
0
0
285
0
0
0
248
325
0
0
0
400
596
0
15
448
677
0
0
367
0
380
0
0
0
0
0
0
298
0
27
51
0
0
0
0
707
694
946
284
0
0
0
0
139
610
0
813
29
926
128
185
0
501
0
0
0
0
0
728
0
0
455
820
783
0
0
0
939
0
848
112
0
316
0
0
988
808
395
0
0
0
643
0
0
0
459
0
954
0
105
591
0
23
0
0
616
0
51
0
0
149
0
292
0
0
0
45
326
0
0
593
0
0
106
0
191
282
443
0
992
0
0
600
0
253
0
0
299
553
0
902
0
0
0
0
289
0
532
298
215
0
0
208
0
228
0
579
240
0
0
778
789
0
0
272
622
66
929
0
0
0
0
680
0
323
699
0
92
0
0
723
174
593
621
0
0
0
0
0
0
0
0
0
0
604
0
173
516
876
0
40
0
52
470
0
0
90
0
0
703
0
109
0
400
0
684
118
765
0
0
0
0
0
0
598
0
0
0
0
250
44
74
0
0
0
859
910
532
844
0
0
0
0
0
0
0
932
0
970
0
661
597
40
191
0
0
0
378
468
792
0
514
43
0
631
0
0
0
0
0
0
0
126
0
554
896
416
0
972
0
0
0
0
889
0
0
182
137
774
0
228
772
46
108
338
0
0
0
1000
0
694
0
0
0
65
0
151
785
674
388
647
923
0
0
214
329
0
0
0
614
0
578
0
0
0
266
0
0
0
0
0
0
0
41
0
0
504
0
477
371
0
0
707
289
0
0
64
62
12
0
0
0
0
0
544
0
0
0
0
0
0
78
995
699
11
751
0
0
735
310
0
0
0
0
0
0
0
959
0
0
83
529
0
896
0
0
0
26
0
0
401
312
634
347
404
0
898
0
0
0
0
288
0
696
72
0
0
0
0
0
138
160
0
0
0
469
0
0
830
668
0
0
311
10
0
0
0
92
0
757
0
489
0
0
0
100
0
597
359
0
353
658
694
0
932
64
0
416
0
170
0
370
0
0
144
0
40
432
689
0
760
237
0
380
0
512
524
0
144
26
0
0
10
931
959
0
0
0
909
0
0
0
0
869
963
82
95
0
0
0
102
0
522
0
0
0
0
496
0
0
0
0
0
862
953
655
703
365
0
850
918
100
0
0
0
633
0
0
0
886
119
0
0
0
0
0
0
0
540
512
0
0
137
791
346
0
608
179
349
0
0
0
946
532
0
62
416
0
911
0
767
912
0
926
0
784
0
951
668
758
254
751
0
0
890
447
0
0
572
17
0
107
0
654
0
0
32
0
764
0
504
0
0
448
222
446
0
0
0
0
312
0
0
0
0
849
485
812
600
0
409
826
0
0
751
0
428
0
885
127
0
0
0
89
145
0
0
0
74
0
540
0
0
0
0
658
116
0
0
0
0
0
0
408
903
0
0
328
114
0
10
0
284
298
970
12
0
911
0
0
451
913
0
711
0
0
0
392
0
0
0
0
0
577
0
42
0
925
0
0
732
641
173
0
0
0
308
0
0
211
0
523
0
0
0
925
0
258
347
0
0
0
0
0
842
0
338
0
0
870
333
0
0
702
0
0
958
0
652
0
0
0
0
0
945
724
0
0
0
690
0
0
215
0
838
0
761
0
0
0
339
0
0
827
0
0
0
0
635
300
0
0
0
215
0
0
170
0
0
0
301
0
0
788
0
919
0
204
0
0
0
0
773
528
0
0
0
808
131
0
0
0
145
0
506
690
275
0
194
0
468
0
759
0
0
323
0
0
0
0
0
131
0
0
0
806
0
637
0
0
777
0
0
0
407
735
0
256
0
0
43
0
0
0
0
367
0
0
0
476
0
0
789
0
664
632
0
191
0
0
699
279
0
0
33
0
0
0
1
0
396
611
0
0
661
0
0
767
451
301
0
0
0
980
302
0
0
975
877
0
498
567
0
152
0
0
569
0
0
0
703
35
0
0
0
0
869
852
989
0
0
0
332
131
954
147
632
408
0
0
0
0
0
0
0
0
786
556
0
31
0
0
0
0
0
410
0
197
13
0
213
770
0
718
0
0
0
0
45
0
0
0
0
751
395
415
0
999
0
873
225
398
643
0
0
363
475
0
0
0
0
413
0
0
597
0
370
912
913
0
0
0
0
0
0
0
0
680
228
0
782
0
318
0
484
0
0
612
0
0
703
0
0
406
788
0
626
151
0
186
0
0
0
282
914
0
0
0
707
360
0
0
753
0
0
743
130
0
0
0
0
0
932
737
0
152
0
736
0
0
0
276
0
0
919
35
494
0
0
0
567
855
0
629
83
867
0
0
0
670
0
0
0
0
41
0
92
0
890
0
165
627
0
208
40
0
0
0
0
0
0
0
0
0
0
0
0
0
274
0
0
0
0
199
236
0
202
0
0
392
110
0
0
0
0
34
157
0
565
991
0
0
746
0
282
0
218
0
0
599
0
163
0
908
0
636
0
325
547
682
0
779
0
622
0
915
0
0
0
122
0
0
0
626
140
0
0
0
312
803
0
0
0
0
0
232
0
0
0
154
0
0
0
54
318
423
0
916
488
349
105
92
139
0
191
0
0
926
711
788
980
0
0
0
0
936
0
830
24
730
958
414
0
0
846
19
696
657
0
0
0
259
281
0
0
958
322
1000
0
267
0
0
249
0
816
0
46
689
0
922
0
877
434
0
635
0
0
280
0
0
0
0
0
0
0
0
0
572
706
117
969
0
0
0
0
971
0
0
0
530
280
0
0
0
0
0
713
0
0
45
0
525
0
950
0
652
0
0
0
0
0
0
610
228
0
544
144
0
0
0
302
0
0
0
0
638
0
0
875
0
29
0
808
0
81
0
0
868
246
0
299
0
0
0
0
0
0
170
0
0
469
0
0
0
0
189
725
0
0
359
0
111
661
0
232
0
0
925
0
963
522
337
0
633
641
0
167
0
0
0
655
968
0
0
0
329
0
236
0
187
0
971
446
535
960
990
0
291
0
567
374
615
0
776
0
0
0
53
0
0
929
0
0
0
0
0
0
784
0
919
0
0
0
936
638
0
0
274
376
834
0
0
620
472
636
0
582
0
907
696
0
641
572
328
396
0
0
107
0
702
420
0
0
0
0
3
0
0
904
0
0
0
604
829
0
0
327
0
0
348
0
0
0
0
657
633
52
0
0
620
0
0
436
411
227
0
0
371
0
376
0
819
0
638
0
0
665
426
0
0
0
0
0
0
0
0
532
320
0
136
0
0
813
579
0
0
40
0
0
0
0
0
0
0
0
0
0
0
0
0
292
872
0
123
654
0
580
0
924
0
539
0
0
809
0
724
0
0
582
0
0
647
183
0
646
610
0
253
0
0
325
0
0
930
0
0
0
0
0
878
0
938
69
129
905
821
0
965
0
0
703
287
0
442
612
47
659
0
262
0
886
988
845
0
888
696
119
0
439
0
0
0
0
846
0
0
305
683
0
407
0
0
29
240
378
0
432
951
392
204
975
680
0
830
0
274
0
0
618
0
0
0
0
483
0
0
520
305
873
98
294
713
0
0
0
118
0
494
72
705
616
0
108
437
0
813
0
272
0
909
0
159
0
0
983
0
844
0
648
0
0
0
0
0
0
774
275
0
0
0
249
176
986
0
0
454
0
0
0
52
0
733
0
672
0
0
833
0
0
0
0
380
931
306
0
0
0
969
0
453
493
0
926
0
468
0
689
668
0
0
877
228
274
24
875
376
0
618
0
0
122
179
703
0
726
0
437
0
0
2
714
94
520
0
36
110
0
0
84
0
766
0
0
0
0
0
0
13
0
0
0
556
682
0
0
0
0
0
0
350
860
0
537
718
0
0
0
355
799
0
0
0
0
837
0
497
264
256
657
860
51
965
0
807
0
0
0
0
0
762
0
573
0
146
0
0
893
0
630
889
627
0
128
0
792
0
0
758
0
0
0
0
0
730
0
834
0
0
0
0
21
0
567
574
0
0
84
0
0
76
0
0
920
0
0
410
0
895
605
96
861
0
320
908
0
0
302
0
538
287
713
849
0
0
807
0
788
0
0
0
0
0
816
0
596
0
841
786
947
0
447
252
0
202
0
276
0
0
123
200
6
0
0
0
566
0
0
244
0
0
0
205
0
722
0
948
540
556
529
0
0
0
185
778
0
0
760
254
0
0
498
782
0
958
29
0
292
0
122
21
0
980
57
664
0
0
93
0
0
0
0
144
0
0
645
0
0
0
179
0
0
0
344
133
0
85
185
0
384
136
451
0
846
0
0
0
170
511
0
0
131
0
3
309
0
0
532
0
0
0
0
0
0
0
220
0
0
0
812
0
0
0
50
0
0
689
204
492
0
929
0
0
559
0
0
0
0
0
0
699
233
182
0
789
514
78
237
751
0
0
567
0
0
414
0
0
872
0
179
0
980
0
0
0
233
126
98
0
785
0
0
545
0
0
99
0
868
0
0
0
0
0
54
0
0
774
122
922
380
0
0
289
0
126
738
0
391
571
415
0
490
0
0
912
0
0
0
0
0
0
0
744
0
0
440
0
228
0
0
443
0
323
223
0
0
0
0
309
662
725
0
342
448
0
0
0
0
747
817
0
919
659
501
0
43
995
0
0
0
773
0
318
0
0
808
620
0
0
703
567
57
0
0
758
0
615
0
988
470
0
405
0
11
662
0
0
0
90
145
801
75
0
0
0
0
0
920
0
615
25
885
319
688
493
253
624
0
0
83
258
516
0
0
283
0
768
0
642
575
0
0
0
0
0
151
417
0
0
212
0
0
0
485
935
0
925
196
0
0
682
0
0
0
0
0
0
159
857
0
451
0
0
0
0
0
699
380
0
577
528
152
0
199
0
0
472
123
483
0
574
664
0
758
0
0
0
420
559
129
0
0
0
0
0
0
910
903
0
0
0
0
377
0
656
0
0
374
0
0
0
958
86
269
749
0
0
0
0
0
0
352
0
47
0
0
870
0
0
217
0
31
468
0
520
0
0
727
0
181
0
0
0
185
307
0
444
608
0
697
605
0
0
0
0
0
0
0
0
0
0
0
0
0
272
631
11
0
890
0
0
0
484
236
846
81
636
654
0
726
0
0
233
0
0
0
507
128
728
266
105
223
0
0
850
0
767
0
0
470
0
555
0
0
0
167
0
0
333
0
0
0
0
0
249
301
0
0
864
64
0
907
720
0
0
562
0
786
0
652
925
0
0
641
0
705
738
703
0
0
486
0
824
561
65
830
0
979
0
0
485
0
0
0
0
0
0
0
346
365
499
0
0
0
622
0
751
512
447
42
0
0
0
0
19
0
0
0
0
0
0
0
126
615
0
507
0
0
0
901
0
898
0
515
298
0
0
0
903
21
0
932
0
0
0
217
885
0
0
483
195
299
0
844
0
0
0
583
616
167
0
884
940
754
303
0
708
0
273
609
0
797
0
978
621
0
695
0
0
0
0
956
749
0
0
0
0
402
0
937
0
14
0
782
0
0
317
0
0
0
786
0
441
0
66
0
0
524
0
0
0
569
0
202
696
0
582
580
520
437
84
93
98
0
420
128
0
0
509
323
0
384
500
0
0
400
0
0
0
0
512
284
0
0
978
564
0
0
0
0
0
0
283
942
0
0
372
0
0
0
0
382
0
0
715
671
0
0
0
37
410
667
0
183
0
0
390
119
0
0
0
0
0
366
255
0
0
629
642
549
47
102
0
415
0
396
641
0
599
681
0
0
950
0
929
0
0
0
0
925
808
0
612
0
657
868
0
0
305
0
0
0
0
988
559
728
0
509
0
0
490
0
0
682
220
300
0
539
153
0
0
241
0
23
953
0
146
0
0
0
0
0
166
0
0
0
51
106
107
951
0
0
0
0
278
426
238
469
116
0
437
346
993
652
0
495
0
0
961
275
0
0
0
0
0
0
0
0
495
0
356
146
0
0
0
460
580
0
0
0
869
884
492
728
0
0
735
144
572
0
131
0
0
0
0
246
907
924
873
0
0
0
785
470
129
266
901
323
0
0
0
987
0
532
0
376
79
0
650
0
0
0
0
0
0
0
0
446
340
277
922
0
0
0
690
0
0
0
390
891
609
124
0
0
0
754
0
198
54
981
0
0
0
196
660
294
0
0
0
506
638
0
348
0
0
768
0
54
0
0
276
969
0
0
0
0
0
114
0
0
551
0
54
0
0
0
310
26
17
0
0
0
0
392
0
0
696
0
98
2
76
0
0
0
0
105
0
0
490
0
0
0
0
0
0
0
243
0
0
0
117
108
0
812
0
0
0
0
0
33
0
0
987
103
49
329
818
0
0
927
0
0
0
55
0
0
0
723
0
771
715
0
0
235
20
0
0
460
0
0
0
0
0
0
0
763
0
0
0
403
837
0
0
421
0
197
0
799
661
0
0
0
0
0
0
0
0
0
0
732
0
703
703
110
0
299
0
539
294
714
0
0
0
405
0
223
898
384
0
987
0
0
0
0
0
318
0
448
0
0
0
107
0
0
140
203
0
0
0
0
0
701
903
714
0
0
0
448
658
0
248
0
214
0
0
0
200
659
0
248
827
65
0
0
0
0
0
0
616
0
0
0
0
0
0
543
0
0
182
377
0
0
0
0
487
617
0
0
600
0
810
209
0
455
0
0
0
0
107
641
0
35
0
0
259
0
641
0
713
94
0
144
545
0
0
0
0
500
0
0
0
0
0
0
521
653
684
397
0
0
0
0
0
0
0
0
0
0
781
0
39
0
0
755
313
0
0
0
0
909
873
555
0
596
392
930
0
0
554
892
117
278
0
451
133
849
42
0
505
998
0
0
0
0
0
819
0
231
0
534
0
0
118
896
145
0
298
0
0
0
58
196
589
820
680
126
0
10
0
173
145
0
0
0
281
0
572
0
0
520
920
0
0
11
0
0
515
0
682
532
0
0
0
0
0
175
0
0
775
0
355
260
140
0
278
0
0
953
678
323
0
0
0
738
210
0
652
0
519
311
795
754
632
815
0
0
0
956
0
0
0
0
639
0
0
0
263
693
0
913
0
637
585
0
931
0
990
0
0
836
0
0
0
0
634
0
35
484
807
415
0
465
0
783
0
0
0
931
654
0
0
0
406
0
0
0
328
809
0
0
0
0
0
662
0
850
298
0
220
0
0
0
521
0
0
0
0
0
0
0
965
0
660
907
0
334
434
35
0
0
632
731
0
0
0
0
637
0
756
543
444
0
225
0
0
0
0
503
367
0
0
0
0
0
0
820
0
705
0
0
695
0
976
0
691
0
706
220
0
0
0
0
344
924
577
0
750
0
0
790
250
712
0
0
323
554
0
959
0
0
506
0
788
0
0
0
396
0
0
36
0
645
99
0
0
0
0
400
300
376
0
318
653
175
0
0
158
0
0
271
297
0
0
286
981
0
0
0
769
0
0
0
0
352
0
0
0
308
0
0
415
0
659
0
0
0
829
918
157
304
802
0
0
0
0
0
0
0
696
0
459
0
0
0
667
474
0
627
0
291
0
0
0
976
406
0
0
656
0
174
793
576
47
0
699
896
0
0
0
0
690
0
0
34
958
0
0
724
118
110
410
0
0
0
910
767
0
0
0
79
243
0
684
0
0
158
0
794
701
357
527
0
0
162
0
0
0
0
23
0
210
0
0
0
0
0
982
0
0
0
65
0
0
580
211
0
498
361
0
0
0
38
0
727
0
0
272
0
0
0
0
179
0
0
0
492
449
0
0
0
0
0
0
63
0
228
0
145
596
0
694
845
0
0
0
416
0
0
32
308
275
869
626
157
322
0
0
0
0
0
0
0
868
0
903
0
0
0
539
0
0
448
397
0
0
0
794
0
0
732
252
0
0
859
486
0
690
0
0
0
466
0
0
206
0
563
479
969
0
777
660
0
633
0
631
0
877
0
911
309
0
238
348
874
757
453
0
0
0
101
0
688
0
0
0
970
0
346
0
327
0
0
0
206
0
0
0
0
0
503
36
0
0
939
92
0
959
0
0
0
0
852
151
0
1000
170
107
0
494
0
895
0
0
90
0
0
903
0
153
650
0
0
0
775
0
0
701
0
0
0
747
0
238
193
412
794
0
767
0
0
0
0
710
556
494
0
0
489
614
519
0
0
533
0
57
189
0
889
9
0
768
0
546
0
0
0
327
719
0
0
459
0
0
0
907
284
0
184
0
0
0
116
698
966
374
0
0
108
0
0
0
726
0
0
0
972
0
909
764
0
194
989
0
565
0
0
0
582
72
84
605
179
0
145
0
470
21
0
0
0
0
0
0
0
0
271
357
732
0
0
590
804
950
0
0
0
75
621
0
0
432
0
0
0
0
0
0
741
0
0
0
0
290
0
437
775
0
54
0
0
17
0
0
249
215
0
0
667
0
0
0
0
0
0
0
421
0
0
781
0
360
0
0
590
0
0
5
0
227
0
0
0
252
848
0
0
0
0
0
211
0
0
186
991
267
0
702
0
705
0
96
0
0
801
0
0
0
512
0
0
117
0
0
355
965
297
527
252
747
590
0
402
110
347
472
768
807
190
39
0
0
411
0
38
0
0
0
630
0
0
0
159
0
782
976
726
0
0
0
174
593
0
0
755
0
206
0
758
0
0
0
0
58
0
553
0
0
990
649
472
753
0
384
0
840
0
0
508
0
284
0
0
580
112
723
0
83
0
504
0
468
0
0
0
0
469
420
0
616
766
861
0
0
75
0
555
932
284
241
0
108
107
0
260
0
0
0
0
0
804
402
0
872
0
97
0
0
451
0
0
727
0
771
917
669
0
0
960
0
0
0
0
0
896
0
0
0
0
408
0
0
0
0
562
0
55
0
0
371
0
640
735
0
508
0
125
753
0
235
639
718
0
0
734
0
0
0
874
0
0
0
52
536
0
174
0
529
0
0
523
0
0
0
0
0
0
0
647
0
0
0
0
0
0
377
0
0
0
0
0
0
0
0
140
660
0
0
0
238
950
110
872
0
361
0
0
0
489
321
0
0
0
0
293
0
0
708
0
317
946
0
712
0
970
860
0
0
0
0
0
0
291
0
0
0
0
497
857
27
223
4
0
364
511
865
0
0
0
0
0
0
0
109
0
0
843
0
69
760
0
0
772
0
316
593
0
0
0
0
0
759
332
0
746
249
0
0
183
108
0
320
344
54
0
0
0
0
0
23
0
812
0
0
0
907
286
162
859
193
0
347
0
361
0
0
0
0
0
403
313
0
0
851
0
0
0
0
499
792
216
107
454
0
777
0
169
0
0
0
731
0
0
0
0
0
461
0
746
0
0
0
0
393
0
0
506
0
352
0
0
899
7
0
0
0
0
742
0
523
0
0
0
198
0
621
889
896
869
448
0
0
131
282
0
0
0
0
0
437
0
908
133
0
0
656
0
0
978
953
0
0
140
0
278
0
981
0
486
412
0
472
97
0
0
0
0
0
0
474
0
552
933
556
958
641
0
0
0
820
0
790
89
882
0
705
255
529
407
16
7
0
902
0
0
0
380
0
0
661
0
631
0
0
0
918
882
55
0
0
771
44
767
0
0
0
962
0
13
93
782
0
0
0
0
0
0
0
963
222
0
0
954
914
282
816
0
0
646
0
0
0
0
0
0
0
167
217
564
0
0
0
203
0
0
334
0
0
0
794
0
768
0
0
0
0
0
733
0
0
0
528
0
961
730
0
198
261
389
766
449
0
0
0
0
0
888
88
309
740
400
0
112
0
199
0
0
0
0
294
0
0
0
910
0
281
0
489
555
0
302
0
0
0
319
0
0
0
306
0
820
0
936
954
988
0
0
0
82
446
925
323
147
0
0
0
189
3
610
813
0
0
85
774
0
0
0
885
0
146
0
0
0
0
0
434
0
0
690
0
75
807
0
0
0
0
733
0
0
0
906
953
910
627
155
297
567
0
0
318
773
0
960
0
585
107
349
0
430
0
0
747
724
0
0
58
0
377
0
827
0
0
0
0
0
0
0
0
119
0
0
0
0
591
0
0
0
0
194
188
219
574
0
873
808
0
182
0
95
0
0
0
632
0
218
46
725
0
0
0
0
302
185
122
920
374
0
0
0
0
446
0
0
0
953
35
0
0
0
767
621
190
451
489
0
0
0
0
0
0
57
0
0
0
189
0
0
668
936
145
0
627
756
544
0
399
0
82
0
0
65
0
0
0
478
523
0
416
744
0
0
0
537
0
92
0
0
0
0
0
0
446
0
0
210
123
574
0
0
0
605
695
95
569
395
0
137
26
0
0
258
0
408
0
0
689
0
0
253
272
13
0
0
922
0
0
333
0
0
0
340
0
0
781
678
0
769
23
0
0
0
39
0
321
403
474
0
0
0
0
0
0
903
0
0
0
0
436
16
0
335
143
679
0
766
0
538
151
0
0
907
0
0
125
479
594
774
0
0
612
0
926
0
0
0
567
492
0
0
0
814
546
0
309
0
281
735
0
870
0
22
862
0
0
0
0
774
0
0
0
347
0
0
707
0
0
0
904
0
0
0
538
384
380
615
0
0
483
0
0
277
33
0
0
323
0
0
0
0
0
0
0
0
0
313
0
0
906
57
0
0
1000
864
0
0
194
667
0
0
0
0
517
958
0
12
0
41
358
0
0
0
0
0
849
0
0
0
0
0
790
585
0
0
277
140
0
0
0
363
0
913
0
0
0
0
899
856
0
863
0
957
708
106
0
0
0
0
0
0
0
0
0
0
360
599
922
359
0
0
909
0
287
136
0
25
0
0
195
0
0
922
0
0
39
0
632
0
210
466
0
432
0
727
0
0
552
528
953
0
0
1000
0
0
810
0
0
554
0
780
634
0
576
0
0
765
91
0
433
940
0
0
162
0
990
0
0
41
0
878
0
928
0
162
0
0
0
787
0
0
0
720
0
0
0
388
0
0
0
877
0
0
140
0
0
0
0
228
401
102
312
0
0
0
0
0
0
0
0
325
0
0
713
451
0
885
958
0
299
0
0
0
0
701
0
0
731
0
0
0
0
0
411
0
0
0
933
0
910
0
903
864
0
0
0
698
742
0
0
736
379
353
302
0
0
0
742
0
324
0
0
47
675
0
61
0
97
37
0
183
0
0
0
0
89
0
0
0
0
0
0
180
0
0
414
151
0
257
556
515
909
0
0
0
859
643
0
772
312
0
0
0
131
0
0
163
877
111
0
0
159
556
849
0
289
319
86
0
0
283
166
0
987
903
0
0
0
0
0
0
710
0
0
771
0
851
556
961
627
0
0
0
810
0
0
0
0
0
0
0
929
0
581
0
27
755
569
0
0
0
0
0
120
0
0
0
0
0
921
0
0
981
0
0
0
0
627
0
518
175
296
0
0
87
880
0
0
654
0
0
0
370
0
0
0
0
0
46
634
522
0
0
0
0
753
0
434
661
604
0
0
682
0
846
0
688
269
0
844
942
0
0
103
714
755
738
0
352
0
206
556
0
38
917
293
0
958
730
155
189
0
0
0
698
0
0
0
603
0
426
37
0
109
700
0
844
407
305
336
798
587
0
792
664
0
0
344
0
837
0
0
0
895
0
0
0
0
40
171
0
0
0
0
0
0
0
522
0
0
526
0
0
265
17
0
0
0
108
347
0
0
0
0
0
0
908
0
0
829
930
0
0
0
0
126
493
749
249
0
0
0
690
49
0
313
210
0
0
0
0
494
0
0
669
0
0
641
0
297
0
0
194
0
742
0
0
0
0
0
0
243
0
336
0
0
0
0
0
0
0
0
0
320
0
0
0
142
746
0
781
0
87
0
983
0
647
648
411
0
0
0
90
0
22
0
584
0
0
420
0
0
0
0
0
757
0
604
338
404
0
0
842
0
0
0
0
635
232
0
0
983
0
807
0
738
253
0
301
0
0
0
0
329
0
0
0
0
0
0
563
0
0
0
0
0
0
0
198
567
0
0
667
554
0
0
603
0
0
533
0
0
0
328
413
441
0
0
637
0
0
337
0
0
0
0
662
69
0
0
918
0
263
0
908
0
68
0
595
0
0
165
936
0
0
0
941
974
0
97
0
0
0
144
0
904
459
0
0
0
0
849
0
806
0
743
636
0
0
0
0
0
0
0
0
0
624
0
0
0
372
51
0
818
0
0
652
637
0
982
479
0
0
0
0
708
0
0
261
0
668
436
0
0
0
0
0
0
533
0
0
0
952
0
0
607
0
0
950
692
886
919
877
915
0
0
971
814
912
0
0
0
0
171
0
0
690
114
0
0
745
0
0
65
0
0
0
0
0
0
0
0
0
0
0
676
0
173
0
898
0
485
338
0
786
130
0
0
0
327
0
844
0
788
170
391
0
0
0
583
0
106
0
0
448
0
0
0
308
0
969
489
741
630
960
0
499
0
389
0
936
16
0
780
736
0
426
0
0
0
0
641
0
0
928
760
115
0
195
0
0
0
883
412
0
210
0
0
0
0
0
0
659
0
873
391
0
0
0
0
0
0
903
0
192
0
803
353
721
0
0
425
363
0
498
631
954
516
0
0
496
812
0
637
556
0
325
280
925
0
0
0
0
0
511
571
0
0
864
616
0
107
390
0
658
0
519
756
0
0
0
614
0
0
0
317
792
820
766
318
145
0
0
634
379
929
37
243
0
0
641
0
0
0
740
290
0
685
0
0
0
0
0
176
437
0
403
0
0
0
931
0
121
205
0
0
0
0
247
732
602
0
879
655
858
0
957
0
0
0
599
0
0
0
955
0
0
876
1000
0
0
600
0
0
0
0
547
0
0
0
0
648
0
0
0
415
83
0
64
167
0
951
891
927
0
909
311
543
0
0
777
519
0
0
0
946
216
0
449
773
0
335
0
0
353
0
0
0
0
952
0
0
0
0
442
0
0
0
973
6
0
510
0
0
728
411
462
12
0
110
0
0
870
926
0
623
0
0
707
0
0
0
418
0
619
429
0
0
340
987
185
0
0
82
0
0
105
0
0
0
0
0
870
0
31
0
682
0
963
348
878
0
350
0
0
0
258
0
0
0
0
0
609
0
248
873
795
444
415
65
660
0
0
0
0
0
107
790
0
0
627
143
517
576
302
581
109
336
328
0
0
0
0
0
913
46
0
0
972
499
0
141
0
871
683
0
102
0
412
883
0
934
854
357
0
0
0
0
0
0
424
0
894
0
67
0
185
0
849
0
308
481
0
0
0
111
591
40
694
0
0
409
333
777
0
0
0
0
522
0
0
0
860
0
131
490
516
352
907
884
382
0
124
0
0
555
754
0
0
0
0
0
0
159
0
712
454
89
0
960
756
679
958
0
0
0
700
0
413
0
928
740
442
913
0
0
789
729
0
0
0
0
0
465
292
841
0
0
0
0
0
406
0
0
613
696
0
321
953
0
953
676
949
329
0
0
0
274
0
158
361
740
0
0
614
0
0
0
0
288
0
826
0
0
0
0
779
0
337
0
938
0
0
0
0
0
0
0
720
940
0
0
0
0
214
0
632
225
659
0
633
533
290
0
0
0
0
882
0
0
544
0
0
0
0
27
0
0
441
607
760
290
0
46
0
0
0
746
396
516
297
890
847
523
557
0
0
0
0
0
0
261
0
559
75
0
0
962
0
519
0
491
355
0
0
988
0
0
222
531
0
0
0
218
197
0
23
52
0
0
0
0
0
0
0
932
0
0
0
0
69
0
537
816
3
0
0
47
0
754
0
0
0
55
0
596
815
0
0
580
0
0
0
782
896
970
777
0
0
585
0
766
12
765
0
755
844
0
0
0
115
0
0
0
789
0
0
0
455
815
841
0
88
0
724
0
0
0
0
919
508
0
0
631
0
0
0
0
0
0
102
0
0
467
646
0
782
917
0
588
213
793
767
0
435
0
0
470
0
696
862
0
702
0
0
737
622
0
633
0
129
0
718
0
309
912
283
0
0
303
715
278
0
0
0
392
0
0
0
211
631
57
437
976
0
860
0
705
0
107
399
0
0
91
742
569
407
0
0
0
0
685
0
0
729
746
0
0
682
341
0
21
0
861
779
0
0
0
0
808
723
0
0
0
0
0
550
0
0
43
0
107
663
0
0
590
0
799
194
410
0
0
0
0
752
0
0
0
65
72
953
751
0
407
0
0
0
0
641
657
905
0
0
596
0
0
0
0
562
0
671
426
754
0
0
930
0
0
0
0
0
189
775
726
0
0
169
255
888
349
0
538
41
0
0
0
305
0
637
950
195
0
973
972
0
396
455
682
0
744
0
586
0
0
362
0
384
333
636
741
0
658
226
0
0
291
0
273
0
0
0
646
0
268
395
0
0
0
641
0
582
917
0
687
657
575
616
0
0
0
655
0
0
735
410
152
915
0
0
633
821
774
0
0
0
0
768
870
0
708
0
238
0
0
200
0
0
0
829
498
877
0
0
0
0
0
0
529
88
0
82
151
358
433
324
0
336
0
0
692
0
0
6
499
0
516
815
341
744
0
0
0
291
10
0
422
0
451
0
0
0
0
162
312
0
589
0
0
0
0
713
0
0
824
255
101
0
0
557
0
0
282
0
0
0
93
0
90
151
0
703
428
958
0
0
0
0
0
167
52
0
275
0
841
532
0
0
0
786
0
0
469
198
723
659
0
956
503
918
361
0
889
54
0
0
0
0
407
309
430
0
0
0
940
0
0
798
0
0
886
0
0
0
0
0
297
841
0
0
0
0
0
0
0
53
0
0
0
0
0
0
617
0
713
0
572
0
54
893
315
0
0
0
47
742
299
0
842
96
591
331
0
240
233
0
814
51
0
785
0
365
0
0
256
197
736
0
572
0
0
965
0
355
786
0
0
642
0
0
273
0
116
54
0
0
554
0
367
157
0
911
9
0
0
408
0
0
16
740
0
0
0
0
0
0
0
587
0
337
919
0
0
510
141
0
890
0
21
586
0
0
0
0
51
0
0
650
0
49
401
0
0
790
480
0
791
0
592
0
962
395
0
87
0
0
0
0
0
0
0
904
3
177
0
0
375
0
0
674
0
0
885
652
0
13
0
0
706
0
0
0
0
799
947
0
0
575
217
652
609
37
0
981
771
248
892
0
0
304
0
309
0
0
174
0
0
731
7
400
0
65
907
0
0
47
0
0
0
0
877
883
0
0
0
0
847
88
0
0
291
0
0
0
0
882
391
922
76
947
445
728
0
0
367
0
466
0
199
853
498
978
0
517
0
338
0
683
877
47
735
0
0
0
0
308
0
0
703
388
0
850
127
0
0
0
0
122
117
0
620
0
0
0
0
0
0
0
0
925
0
410
437
0
715
827
117
0
0
802
0
0
768
17
593
0
0
0
0
0
747
0
0
0
162
675
120
792
320
0
915
412
176
0
871
465
523
0
861
0
10
0
51
0
0
0
0
0
750
0
126
0
0
652
494
538
104
894
471
0
299
0
451
670
0
264
985
357
0
124
514
805
258
0
765
0
0
149
0
647
138
918
0
0
43
213
0
0
969
655
0
703
249
0
447
0
0
0
31
0
797
667
346
0
0
65
278
0
0
0
38
238
0
0
0
0
291
0
902
112
724
0
0
0
0
0
0
664
0
0
0
0
437
728
683
292
557
724
779
362
0
53
0
882
0
0
0
776
0
0
335
0
910
0
232
520
936
970
199
987
648
182
695
620
427
710
473
0
35
439
0
0
0
0
573
0
285
0
109
923
160
100
0
0
0
770
276
0
0
968
0
287
176
0
252
0
744
0
468
0
0
0
993
0
0
0
0
639
0
0
0
348
546
0
0
0
0
0
0
0
0
0
125
849
990
61
0
0
0
0
0
210
0
411
0
841
0
0
0
0
422
0
0
391
0
0
0
0
0
0
0
0
726
0
536
357
881
0
0
0
436
0
0
60
750
360
0
608
7
0
181
0
827
0
713
0
0
292
0
0
0
0
0
0
0
0
0
0
0
0
436
0
986
0
0
0
0
0
0
641
978
183
652
196
235
0
451
0
0
0
727
874
0
249
755
562
0
0
0
199
0
478
479
0
0
0
0
0
0
662
971
0
403
462
102
0
0
0
0
384
0
0
650
922
0
776
0
0
231
0
0
396
0
0
0
193
0
0
448
854
0
0
0
976
0
280
0
797
0
0
0
0
0
0
0
0
0
0
400
0
0
0
89
0
0
718
0
626
0
0
411
442
0
837
202
0
0
0
520
0
621
0
0
660
20
0
133
0
0
0
0
757
0
215
0
0
0
0
0
0
58
523
594
0
0
97
0
344
142
69
814
0
0
12
0
0
0
0
0
333
451
0
0
76
750
0
0
231
0
49
0
456
167
79
0
215
853
0
0
0
0
364
417
0
0
0
0
708
358
622
0
52
0
199
0
825
0
0
0
214
0
0
145
945
0
0
919
140
0
0
227
612
0
0
0
220
440
151
0
705
0
0
495
294
0
0
849
0
820
0
0
453
0
0
206
55
0
461
380
0
0
0
774
0
41
37
0
0
746
0
912
0
0
0
412
0
0
0
0
636
0
0
49
947
0
0
0
0
49
0
0
0
634
0
0
0
0
683
200
0
861
984
706
861
835
61
932
564
0
564
523
469
611
0
0
0
248
0
684
329
469
633
0
724
367
0
35
0
971
329
0
47
454
497
276
0
0
417
0
738
695
390
0
0
0
0
42
263
0
0
272
0
327
0
0
0
497
0
0
0
377
416
0
0
0
0
921
837
0
0
0
0
0
110
883
0
0
919
808
741
0
0
401
445
126
335
0
0
0
0
0
131
0
97
240
489
766
0
0
0
167
0
0
871
239
860
0
0
0
0
518
0
0
988
0
399
325
45
118
0
0
0
0
0
0
0
494
0
0
0
0
659
0
264
0
0
228
0
727
703
0
119
0
0
460
0
0
693
705
0
0
0
719
667
758
0
857
746
0
0
0
744
0
0
878
183
0
0
781
918
0
0
931
0
0
0
0
508
723
0
0
0
0
728
0
0
0
396
456
0
131
0
377
0
0
391
0
177
505
409
43
51
0
0
0
93
0
578
0
818
176
468
291
572
345
0
0
326
765
0
0
0
0
0
0
0
0
0
0
236
371
0
0
256
0
0
0
0
0
0
0
0
961
0
0
616
505
0
0
696
0
0
0
0
0
371
27
0
661
294
827
0
612
790
0
0
0
0
0
0
0
0
0
0
934
406
261
0
0
658
0
617
0
0
0
910
726
0
167
634
0
377
0
0
149
0
281
0
0
0
0
0
680
0
519
0
0
0
0
0
571
390
0
189
0
0
0
0
0
0
830
0
74
0
0
45
0
312
0
0
0
262
0
657
123
812
0
212
181
0
0
0
275
506
0
0
998
913
0
0
0
101
0
0
0
0
223
0
0
0
0
0
0
585
928
0
981
0
87
263
0
659
121
870
854
0
0
0
0
226
162
0
790
0
652
0
0
0
79
0
97
0
0
0
0
239
635
45
882
112
156
0
0
0
0
0
0
518
0
0
0
0
0
0
753
0
0
0
0
614
668
886
0
690
476
0
0
803
530
187
376
0
52
860
200
0
443
0
0
486
0
0
0
638
0
0
0
0
695
459
0
0
459
0
0
640
4
0
631
0
0
0
926
0
0
0
0
895
0
0
171
0
205
926
357
0
559
631
0
0
312
713
480
367
494
232
536
0
0
0
240
0
149
0
0
20
65
444
199
0
0
844
0
0
0
806
0
0
765
41
147
874
0
0
107
0
400
593
0
0
0
119
540
0
0
0
567
0
280
0
0
886
0
51
6
0
0
0
0
0
956
0
0
0
0
0
0
637
0
0
179
688
0
0
0
735
0
0
0
0
0
537
0
0
162
0
0
0
983
908
0
873
0
0
0
613
75
0
0
0
0
0
0
0
538
520
357
193
215
0
489
391
0
239
20
0
0
0
0
223
275
0
743
0
971
592
0
0
0
466
0
0
0
0
486
649
596
0
0
578
0
0
0
0
0
0
855
0
0
971
819
988
733
965
0
0
323
0
0
824
749
0
0
348
0
0
0
585
976
0
0
0
0
0
58
0
364
393
0
910
0
0
0
277
0
89
0
0
0
0
0
391
0
623
0
696
0
0
0
291
589
572
791
466
104
936
881
0
853
0
766
0
281
635
65
0
0
