0
0
0
0
743
0
419
373
492
771
0
0
126
0
905
513
0
34
429
0
0
941
959
326
0
0
286
0
0
600
391
0
0
885
83
368
223
350
0
0
0
603
486
469
497
0
308
898
275
733
495
0
0
0
612
219
0
420
275
0
286
0
955
907
0
0
111
581
0
259
0
221
473
0
397
695
0
500
101
0
0
350
0
0
269
0
458
542
0
0
864
0
63
131
0
107
666
629
0
830
0
0
0
0
0
205
0
508
692
0
0
0
709
346
0
628
0
880
0
746
0
464
12
0
706
358
0
167
0
858
891
787
702
332
715
0
586
621
0
595
790
0
286
0
301
739
0
615
460
533
595
0
675
0
994
0
239
140
829
0
0
0
358
44
0
8
649
0
0
768
0
0
34
0
0
60
691
103
713
0
0
0
92
0
261
948
19
0
182
0
612
977
342
482
0
422
0
328
964
20
0
0
0
151
107
854
269
0
522
0
45
53
431
973
884
0
718
0
488
0
11
291
289
461
0
759
19
0
707
474
289
207
0
26
0
422
816
424
896
184
0
787
0
950
0
24
0
394
0
294
557
0
0
971
726
690
208
0
333
881
0
0
922
4
0
0
568
535
0
826
257
0
846
0
283
823
0
462
0
482
951
0
562
770
60
786
946
347
0
642
0
889
49
0
0
587
0
353
0
0
0
0
151
0
0
110
327
467
0
0
987
192
321
454
145
998
107
247
553
0
838
616
0
0
467
0
0
0
0
0
467
0
0
575
399
310
0
0
0
0
0
0
0
0
22
213
204
0
615
0
814
713
901
209
0
0
0
350
188
538
0
233
670
12
279
217
171
672
0
488
929
971
186
0
0
0
287
0
351
540
0
0
5
741
0
608
808
863
0
406
302
851
647
0
559
0
162
808
0
292
743
0
107
0
0
148
331
0
217
0
0
995
188
223
575
130
942
878
0
0
0
657
0
0
157
645
0
46
190
580
615
53
792
708
989
445
996
158
78
0
0
534
884
446
0
0
247
150
35
363
769
0
750
935
0
742
0
0
19
891
350
327
407
705
192
0
259
818
0
0
585
426
344
0
470
740
632
914
665
735
570
0
186
104
601
961
198
960
0
642
0
816
604
547
674
177
621
863
0
0
0
205
854
110
148
0
682
0
726
785
359
282
0
0
0
607
835
413
632
0
758
0
474
0
632
571
0
445
768
284
0
0
670
0
0
734
0
781
308
311
0
725
0
666
0
0
835
326
112
285
233
932
0
954
777
491
538
601
0
52
0
165
0
0
0
0
58
529
462
0
43
920
771
0
732
0
0
0
0
560
69
319
511
0
68
0
0
0
349
49
611
540
454
627
0
149
198
0
0
838
419
0
269
327
331
682
0
635
0
0
0
434
821
349
607
247
903
0
350
806
0
106
896
593
571
594
946
0
993
0
813
660
0
396
0
204
636
0
856
913
643
177
0
315
917
0
676
0
164
826
134
546
991
0
0
0
69
0
205
0
747
820
503
0
0
587
0
0
586
582
0
0
0
748
464
0
933
0
630
0
0
469
181
35
0
0
940
0
321
0
762
926
0
0
0
0
0
842
0
615
373
508
0
467
0
0
635
0
602
0
0
943
363
449
459
490
112
209
712
0
489
0
250
102
0
0
150
0
0
0
449
0
0
674
0
258
131
0
640
388
0
627
0
778
0
0
114
365
0
778
0
0
430
114
385
293
267
294
0
444
0
0
277
320
862
350
241
220
50
981
585
0
889
331
0
753
0
801
0
689
715
0
478
0
550
0
0
947
371
981
263
97
585
381
0
644
339
473
390
751
492
692
522
0
217
726
0
602
0
0
0
985
0
0
83
501
0
587
322
31
675
0
362
0
821
0
0
0
886
400
795
785
118
881
10
0
0
536
707
435
61
0
996
104
620
390
0
884
0
603
199
449
479
38
0
879
234
0
782
0
271
498
102
590
587
0
759
651
823
0
0
0
982
641
498
0
0
537
894
405
0
985
412
0
285
0
288
579
100
832
0
886
307
0
732
789
634
234
929
0
771
0
0
0
0
785
0
0
0
0
0
376
0
0
474
889
39
0
0
909
466
136
753
226
543
625
813
558
257
0
994
315
798
372
999
790
311
242
504
438
213
0
0
713
0
0
991
247
0
235
595
105
675
936
332
61
0
572
155
698
159
755
0
104
0
403
616
26
59
110
653
284
316
0
159
0
0
859
791
0
0
92
0
839
0
169
294
23
301
689
0
108
0
868
32
0
0
0
881
0
0
0
45
987
0
359
0
0
0
0
0
229
109
550
0
0
0
0
741
65
2
392
0
0
466
0
0
957
467
0
855
775
784
0
0
0
0
807
0
756
0
0
892
0
921
291
0
632
942
0
0
947
501
0
905
0
261
0
222
0
0
0
492
652
210
262
403
852
581
815
431
763
0
406
117
0
0
817
728
105
0
0
302
505
0
0
0
847
0
75
552
0
0
868
281
342
8
96
662
0
0
0
53
192
995
282
434
943
985
376
229
0
0
0
245
98
153
0
0
0
947
0
952
573
710
0
363
781
712
238
633
129
130
0
316
0
0
526
683
0
0
828
211
0
0
756
0
0
441
751
313
100
0
319
646
108
942
177
0
0
190
0
0
101
590
0
0
575
990
147
0
561
618
731
613
910
753
205
492
0
939
399
0
0
15
521
297
654
139
631
249
0
793
739
0
982
0
164
848
446
126
709
431
321
188
0
821
363
0
0
109
0
0
64
554
0
70
0
429
0
0
202
0
360
430
0
154
728
684
113
622
0
0
0
0
0
231
869
266
0
968
0
758
0
0
0
0
215
870
857
952
369
707
0
924
602
0
796
0
369
0
155
111
290
0
0
0
887
271
383
461
0
288
635
807
891
417
0
641
872
327
742
401
0
0
0
19
391
436
0
0
470
0
646
0
385
169
673
207
0
0
346
973
454
223
0
349
449
0
0
550
0
64
0
923
223
294
0
722
994
0
692
581
106
0
384
964
844
478
0
0
739
960
849
408
801
234
966
455
691
81
822
0
210
0
0
948
461
555
894
512
881
945
0
281
624
255
760
0
940
53
0
0
44
0
0
551
187
915
0
0
984
250
0
641
801
938
0
869
0
0
97
0
303
0
363
0
809
50
67
0
0
434
0
0
0
0
448
410
0
905
0
884
145
575
0
607
459
83
474
0
245
554
923
0
204
0
0
366
554
820
613
0
966
69
865
400
716
394
0
733
0
582
13
34
356
0
0
811
681
675
889
0
0
0
810
0
422
869
710
691
347
954
854
0
323
835
750
0
0
0
0
0
0
0
0
0
311
682
0
824
0
893
836
0
702
576
0
4
35
919
733
926
0
0
537
0
488
167
334
164
994
21
447
228
0
424
582
0
569
513
628
0
998
130
607
247
490
501
889
0
98
0
223
204
0
315
671
0
0
909
415
570
0
503
325
944
928
140
0
192
711
0
766
0
444
751
0
935
225
65
0
0
210
349
0
375
0
0
922
363
149
840
141
13
0
0
947
307
0
506
503
794
955
456
725
492
0
0
820
312
41
0
320
587
12
436
998
0
0
10
999
917
0
257
303
880
0
0
0
344
573
620
0
0
0
0
903
516
242
0
0
718
107
942
835
903
112
0
39
0
153
70
294
0
315
0
0
0
0
0
0
472
0
0
490
915
498
910
203
0
0
802
450
957
0
0
568
129
46
0
0
290
0
0
0
350
876
120
984
526
919
653
328
150
5
0
974
910
0
0
613
913
959
88
21
416
11
0
72
353
0
0
881
103
0
414
862
58
223
617
0
0
0
0
300
223
498
3
770
253
0
935
0
885
0
893
0
544
579
34
880
0
247
878
413
0
209
587
0
0
0
0
0
0
671
0
0
38
0
0
604
0
274
422
619
0
401
0
89
0
0
526
653
0
760
0
0
0
695
877
172
638
0
0
116
0
630
874
371
0
992
0
458
0
168
822
0
0
558
103
869
875
463
339
0
0
171
0
0
607
0
249
747
506
822
0
776
0
0
210
790
650
202
26
441
0
0
0
0
644
0
0
0
518
935
388
0
322
942
429
0
488
553
0
632
350
712
322
0
741
0
429
722
366
0
0
38
0
0
0
451
272
0
164
356
518
61
755
0
179
514
543
438
624
0
0
723
965
570
358
0
0
0
0
0
931
0
22
107
987
996
20
974
0
660
0
230
0
940
0
0
0
0
0
0
0
0
10
636
461
324
339
205
993
0
0
779
0
47
435
459
520
144
63
0
150
0
0
45
26
810
0
0
0
600
893
511
297
435
0
746
0
0
0
0
806
0
31
909
65
0
0
994
554
0
0
0
0
0
135
0
714
167
971
0
0
865
143
970
0
122
0
0
562
0
987
599
587
991
193
0
8
471
695
65
0
154
142
673
825
2
18
374
991
797
156
0
0
0
834
0
94
436
0
0
538
731
46
732
991
864
0
710
0
0
519
0
0
0
34
240
272
96
662
751
410
938
872
0
0
0
0
113
0
0
0
650
451
0
0
0
11
838
0
758
0
489
675
466
2
947
0
0
820
909
0
0
0
135
0
0
0
0
6
165
376
620
550
88
678
19
205
0
0
0
0
0
0
749
0
0
528
848
509
264
463
0
984
412
0
754
217
591
431
492
0
164
0
891
382
90
374
970
122
991
0
633
663
0
325
86
0
713
0
522
33
394
985
117
0
296
141
898
634
900
170
178
0
0
226
915
361
19
333
463
508
0
0
421
941
464
291
616
657
0
106
0
0
136
392
0
202
692
613
415
0
604
451
0
0
0
0
0
581
496
0
2
913
0
730
0
348
791
0
102
682
182
922
897
689
0
924
983
53
0
299
810
0
0
1000
482
772
436
0
343
0
70
0
896
0
567
0
169
294
36
0
697
956
944
0
536
944
0
741
665
958
379
686
952
321
548
0
0
223
481
236
789
824
51
923
0
112
0
271
824
0
716
929
547
959
12
289
0
0
474
896
250
362
753
0
952
0
581
0
570
472
0
272
714
0
0
0
254
642
943
651
0
610
513
0
938
864
0
382
804
774
0
760
0
693
0
969
0
959
0
0
143
770
210
522
642
64
230
0
425
262
121
718
0
68
27
668
922
226
0
0
888
107
2
11
896
258
998
0
159
535
327
402
0
379
662
158
0
196
318
965
0
475
902
754
537
0
0
671
485
834
279
888
693
326
0
461
0
0
0
593
102
0
226
0
573
360
106
966
0
0
274
0
167
0
0
254
0
208
432
0
741
624
454
32
0
0
0
0
0
660
804
675
215
0
0
235
379
307
671
760
581
383
770
0
439
0
0
154
0
861
777
0
376
40
587
109
489
0
739
579
0
638
0
693
297
657
563
20
868
870
908
0
895
62
322
568
823
0
806
0
882
42
0
0
237
0
0
0
0
38
489
0
852
0
706
0
467
157
632
571
0
821
543
466
710
430
0
69
503
0
422
164
971
6
581
642
208
0
882
0
728
579
0
0
488
725
773
429
0
528
0
23
0
0
502
46
653
0
0
0
0
0
729
387
167
0
0
0
0
0
665
0
547
981
0
0
528
0
678
292
916
212
172
129
0
621
434
46
0
281
709
442
958
465
0
169
694
0
580
886
891
718
358
176
377
0
0
986
281
966
0
657
423
0
358
759
0
645
571
594
0
0
625
0
0
0
384
865
325
490
619
356
0
165
496
943
432
882
0
457
0
917
0
318
788
578
0
439
0
309
0
84
446
0
783
221
704
0
280
58
0
728
159
745
355
219
566
0
810
936
828
819
0
0
430
611
0
728
0
580
0
499
644
144
0
0
269
0
845
0
553
696
994
172
923
869
100
634
978
503
0
370
95
0
828
306
368
642
31
0
56
431
0
286
0
19
0
0
0
946
150
0
813
0
363
154
964
400
944
915
0
518
0
376
0
651
0
0
457
0
910
0
178
548
383
0
932
490
0
284
113
781
0
56
0
722
0
400
190
0
0
794
0
872
0
553
0
19
0
843
327
0
0
0
614
793
24
43
537
186
0
690
888
0
0
0
384
608
769
498
0
0
361
240
234
0
601
784
0
0
711
302
0
0
0
115
0
0
281
0
807
412
0
0
167
0
0
46
445
0
0
0
558
957
781
728
844
716
928
498
401
61
865
620
2
0
741
728
0
910
0
479
556
106
743
0
106
0
0
0
91
0
7
857
0
0
494
628
331
456
0
621
287
787
552
735
0
218
0
947
0
472
316
262
272
0
589
0
380
495
822
201
947
327
105
680
272
744
139
286
0
0
0
0
947
952
372
0
683
708
0
757
0
0
827
0
365
561
952
0
731
833
736
0
0
707
0
190
768
993
0
886
257
467
712
684
478
394
140
910
0
755
143
550
913
610
624
579
917
0
479
0
0
0
0
0
0
0
0
161
0
0
856
202
0
328
767
168
522
0
789
387
0
254
859
280
489
93
0
130
260
814
885
926
757
0
587
380
251
657
237
250
502
229
869
0
334
0
330
0
221
370
155
0
444
873
0
0
100
0
0
191
748
391
690
274
871
0
0
0
853
597
808
600
858
474
0
580
284
0
0
400
0
0
238
113
0
0
0
203
89
0
970
88
0
513
454
0
0
178
556
0
0
0
0
0
0
0
627
46
956
0
0
0
0
0
0
0
0
682
77
970
0
299
494
790
0
437
618
883
0
458
221
350
676
0
0
263
763
0
0
0
0
0
433
0
946
0
327
8
658
607
548
0
317
375
0
918
645
0
0
0
631
17
896
447
414
639
629
545
34
477
966
391
891
289
467
615
0
813
449
795
994
855
633
622
0
733
192
0
0
179
0
678
730
0
32
0
318
548
106
0
0
0
871
347
77
672
796
0
0
698
420
343
793
734
0
114
999
488
0
95
448
927
2
0
0
0
218
535
318
0
0
0
713
18
241
274
884
970
0
217
16
0
429
0
50
0
721
974
108
0
266
0
0
316
0
232
0
0
846
864
441
753
324
804
0
0
0
0
581
0
0
0
787
207
0
53
0
660
0
785
315
775
129
0
739
0
711
0
0
514
122
19
0
938
0
488
788
383
743
0
0
871
0
114
881
618
0
869
336
569
473
267
0
713
630
569
631
0
753
545
0
452
834
662
115
0
0
740
0
374
409
467
353
231
217
0
61
532
229
308
0
0
0
533
0
902
787
571
294
697
134
518
0
0
0
0
790
0
578
854
76
750
0
0
602
812
162
309
879
0
653
0
702
0
0
792
670
0
0
118
798
784
130
0
960
582
0
802
526
543
0
205
348
864
0
725
578
0
0
0
0
347
114
0
206
0
528
168
0
381
0
213
27
56
214
0
573
743
354
827
418
564
160
0
89
639
0
832
187
0
0
736
628
0
0
810
0
0
0
0
0
0
550
0
43
434
0
66
458
669
124
0
0
684
580
547
0
0
679
712
340
0
993
0
253
995
965
717
0
0
297
885
332
26
575
708
0
396
674
881
372
0
0
0
849
13
766
450
653
438
0
0
791
0
0
773
0
932
106
0
0
77
881
206
0
0
465
348
170
851
0
903
0
0
185
39
0
0
935
0
506
829
0
545
106
0
0
0
0
0
0
376
23
0
82
517
0
659
916
618
407
276
373
590
0
923
573
0
334
959
0
238
0
0
0
816
0
682
405
814
809
920
153
307
790
245
0
101
198
306
0
83
715
0
399
989
0
0
0
10
999
0
316
0
408
34
0
957
0
624
562
0
0
382
0
429
439
490
0
0
0
672
618
0
0
0
967
476
840
821
896
0
0
0
0
732
0
446
0
751
336
301
0
389
214
737
194
471
106
0
0
743
0
0
863
894
357
505
258
419
0
400
950
637
0
29
987
0
49
830
0
0
708
917
965
960
0
0
922
506
781
0
939
0
535
754
0
381
0
0
0
368
0
422
310
445
734
204
258
0
790
0
0
0
801
356
444
0
760
0
0
0
102
804
0
0
0
0
0
0
627
796
0
528
465
967
0
684
423
0
536
952
974
518
243
0
648
398
0
105
287
0
0
909
0
0
0
0
461
0
341
540
206
869
300
0
361
0
103
0
43
0
140
0
803
0
166
0
0
0
0
30
0
575
667
560
341
0
931
827
0
367
0
264
0
687
69
243
958
658
0
223
586
816
0
996
0
636
131
0
311
0
0
231
234
0
751
0
0
0
987
0
682
774
660
528
309
284
0
161
46
0
869
168
348
476
684
0
0
105
0
0
0
267
0
371
0
0
647
534
592
168
629
0
968
469
226
979
0
0
0
679
271
0
471
175
0
0
610
573
685
0
108
747
56
668
0
30
629
0
620
350
0
603
910
853
0
671
32
459
876
142
33
0
786
530
16
0
514
466
0
350
621
424
0
158
781
0
0
536
242
807
526
869
966
0
0
568
0
723
599
0
182
0
804
0
0
113
91
0
956
0
336
0
170
840
423
0
0
674
836
0
0
0
298
574
160
0
324
949
0
788
144
0
0
0
0
862
65
0
274
0
0
240
0
0
0
526
157
563
803
78
0
94
0
269
415
755
551
212
0
286
193
0
0
0
0
0
20
0
0
36
610
0
8
24
255
0
605
976
344
0
0
896
0
78
308
856
640
707
504
0
683
266
455
811
935
129
0
965
587
0
922
760
675
23
84
781
0
0
0
698
569
381
851
821
0
105
674
0
478
0
0
616
737
111
323
43
998
366
593
349
630
0
24
124
237
0
728
107
980
55
998
966
0
0
0
640
453
667
584
780
0
936
682
320
648
0
439
0
0
989
0
220
0
0
0
602
21
379
0
244
765
0
0
829
857
162
501
60
527
0
595
184
0
0
311
913
388
435
438
756
0
0
691
681
225
46
695
570
991
749
897
0
215
0
446
0
7
856
0
420
473
0
0
896
536
0
836
478
0
549
0
0
0
0
244
946
786
429
0
642
0
0
0
538
0
238
216
393
743
0
227
0
0
187
115
0
0
517
853
302
0
0
0
598
250
165
0
200
237
0
918
634
337
518
0
225
0
0
700
7
953
251
0
29
0
0
981
0
122
0
790
0
0
0
0
643
0
61
213
0
0
968
81
675
65
0
877
358
193
0
689
693
0
0
0
56
857
202
0
343
267
213
903
0
952
0
0
0
549
0
61
0
361
0
0
0
574
218
0
0
482
0
0
243
347
8
586
545
196
414
0
0
0
479
0
0
0
614
403
0
0
0
831
0
914
882
0
595
97
0
645
139
566
855
494
469
0
226
257
0
250
0
821
448
0
361
0
426
0
603
0
787
0
534
725
177
627
0
0
0
828
0
822
889
0
0
172
0
0
0
0
0
0
502
783
0
0
0
0
793
0
27
0
0
974
0
0
0
0
61
0
344
0
642
0
146
727
0
998
213
0
0
64
794
15
268
0
971
443
366
183
565
0
644
242
0
179
293
0
0
274
492
0
521
153
292
521
505
156
0
486
718
349
716
537
81
269
408
0
48
883
688
0
0
0
0
244
0
0
486
286
0
0
884
0
0
0
996
0
892
211
758
0
0
0
290
638
0
8
528
924
969
235
46
221
722
0
328
0
734
713
56
0
0
518
267
0
616
0
0
344
0
278
282
0
0
815
0
0
0
94
844
600
607
0
840
935
94
91
0
977
0
0
213
0
0
314
793
0
433
0
942
0
993
0
0
0
311
309
209
974
730
423
469
0
965
262
0
0
68
349
349
0
4
0
0
0
0
235
469
0
950
0
446
666
315
778
104
713
0
0
0
210
0
210
0
0
0
471
848
983
0
379
653
704
0
494
767
0
0
630
214
185
0
243
0
298
737
0
361
0
278
0
0
151
731
0
226
0
57
0
0
613
23
0
0
162
0
0
0
0
880
0
0
849
0
626
343
211
694
928
664
419
0
484
0
977
356
0
815
71
0
694
0
143
0
0
0
0
0
0
0
645
0
670
0
0
959
363
497
301
0
22
0
0
917
0
620
0
921
0
0
0
0
349
0
0
0
695
509
53
959
307
0
0
400
628
168
0
114
569
0
39
732
0
371
574
111
0
0
642
282
0
0
376
134
675
186
0
0
0
0
710
772
0
576
0
0
948
529
0
902
970
0
464
636
83
0
288
0
0
18
0
957
0
0
0
654
438
0
0
343
234
209
590
250
348
10
0
17
296
0
0
609
0
0
530
972
0
0
739
24
213
0
0
0
0
390
0
291
756
0
0
810
0
0
116
0
65
264
0
0
671
0
280
190
331
522
0
999
631
573
0
0
648
0
160
323
244
0
0
0
151
376
0
0
0
0
763
165
0
218
0
4
820
0
404
881
907
965
0
628
930
562
463
68
0
573
687
0
0
933
0
66
0
892
0
182
218
0
0
54
743
770
0
44
68
588
691
194
477
6
162
268
0
398
761
135
0
308
0
0
204
247
835
676
114
0
991
0
0
0
948
0
375
350
0
931
0
463
299
0
760
0
58
0
456
0
682
488
0
743
0
446
398
0
0
43
946
0
146
0
731
134
0
0
597
805
31
438
324
603
7
384
0
124
759
62
0
0
0
0
872
0
0
497
98
419
0
77
941
721
933
386
190
987
341
74
246
848
893
81
0
0
539
0
459
491
464
634
392
269
0
0
0
948
695
163
780
898
615
394
0
150
326
0
365
884
247
632
0
215
461
422
0
876
630
0
154
0
810
143
581
0
0
0
0
789
77
0
753
354
935
0
0
647
324
998
786
574
727
815
0
675
0
597
0
0
398
574
77
261
108
878
685
8
113
552
0
274
204
0
888
0
0
538
0
434
546
359
385
171
171
0
326
0
780
271
0
832
594
181
856
385
783
245
12
655
360
313
0
211
0
134
122
855
0
303
0
275
460
0
615
35
112
164
0
0
0
942
441
870
555
869
0
120
874
22
142
984
0
770
383
0
728
794
621
387
970
95
545
827
0
751
105
534
949
366
429
218
0
0
226
186
0
805
0
0
442
0
0
39
618
847
573
0
360
153
430
899
979
0
0
547
671
0
0
0
991
0
194
840
0
0
784
808
220
249
0
0
0
0
481
0
213
305
0
190
0
0
172
316
9
0
0
0
244
0
0
733
533
294
0
363
285
826
778
603
235
0
751
857
894
710
922
984
371
107
673
412
0
210
770
729
159
0
287
0
0
448
0
418
506
336
287
592
0
593
0
0
998
0
0
0
763
31
398
442
0
0
436
353
0
912
863
101
935
476
0
362
0
930
0
0
425
0
0
756
636
0
163
828
0
0
95
0
0
992
554
740
0
0
818
962
0
736
138
257
0
0
0
202
747
0
414
987
0
0
0
495
595
557
814
769
233
134
0
199
595
0
313
952
512
691
363
526
0
987
825
0
1000
522
0
387
745
872
787
254
299
927
452
564
829
301
0
168
788
349
642
0
213
0
57
0
165
438
574
0
0
0
0
394
690
930
607
0
0
0
0
506
469
683
667
325
389
25
117
953
853
65
0
699
820
0
299
330
0
710
0
0
0
213
0
945
0
824
254
392
267
0
0
0
814
0
272
524
832
0
205
0
0
0
713
0
932
546
0
449
105
947
100
369
881
347
149
919
992
996
2
754
482
642
439
167
355
0
552
859
494
2
834
160
0
0
0
629
144
630
0
482
0
94
0
0
0
324
77
0
436
0
0
0
0
0
119
785
789
225
253
668
844
0
851
381
0
0
200
166
400
936
363
57
771
930
795
410
502
0
214
239
377
914
646
207
552
790
420
381
85
630
419
438
94
850
125
389
0
199
502
0
675
0
901
750
0
991
430
479
675
501
0
707
945
954
840
653
0
20
18
217
772
64
0
0
219
553
735
280
790
0
662
0
545
389
909
0
0
0
0
0
0
844
0
0
218
603
261
39
353
394
0
0
0
995
0
154
0
0
761
48
777
207
915
0
933
763
108
93
0
758
506
898
731
0
18
312
140
78
0
687
466
632
0
0
404
89
792
0
514
506
964
0
0
0
688
0
125
0
169
0
0
971
209
935
954
0
114
38
936
0
319
0
0
854
141
328
458
974
374
591
436
230
0
0
566
0
0
489
0
0
115
89
106
214
0
968
0
24
0
0
64
600
613
710
0
7
108
618
0
690
0
0
0
0
0
336
0
879
713
636
587
0
56
617
0
0
523
0
0
656
890
86
52
625
605
737
254
0
412
517
0
651
345
585
0
703
0
0
0
0
322
0
672
890
0
154
0
548
119
612
994
726
0
0
777
0
385
0
332
905
646
924
281
0
13
150
0
0
991
431
0
0
154
0
0
19
218
93
437
0
0
639
0
737
0
469
0
124
538
243
794
607
23
772
4
384
878
847
912
930
0
995
0
0
576
0
827
757
668
0
359
432
0
0
0
0
0
727
997
599
606
0
819
0
330
122
0
10
653
188
0
733
0
405
191
0
0
974
0
0
252
0
14
954
330
761
71
76
0
219
0
690
0
742
491
0
293
879
61
0
108
602
624
323
0
5
168
660
797
492
343
425
0
0
810
0
0
0
618
218
0
0
0
194
0
226
0
237
0
347
15
0
0
0
820
0
685
573
863
607
119
0
0
576
0
297
184
394
811
213
196
580
0
0
485
638
0
299
0
369
687
937
0
419
900
0
292
0
0
0
409
0
0
50
283
14
0
919
154
884
0
0
63
0
932
839
589
0
0
0
239
208
0
0
538
69
267
234
0
261
942
0
255
835
0
0
822
0
156
0
0
262
861
0
936
843
947
130
883
535
740
832
0
471
0
979
862
0
238
8
268
840
0
576
0
124
8
0
101
0
785
154
336
0
297
0
0
841
346
104
0
709
0
788
564
130
0
0
0
0
624
370
0
706
833
838
388
313
110
976
444
0
0
259
719
808
286
0
0
815
783
0
206
970
0
0
436
0
0
420
140
0
350
0
601
0
294
0
572
0
177
796
760
750
947
974
0
230
0
164
70
121
777
665
828
327
0
260
0
318
0
187
0
106
461
0
65
728
216
586
0
935
162
0
404
759
113
360
935
0
789
0
0
827
184
0
0
681
389
520
0
0
352
53
828
0
664
0
0
0
0
348
746
266
298
40
0
99
0
0
773
396
0
0
464
0
0
0
199
678
954
0
0
0
0
0
902
681
725
275
829
333
188
19
0
205
0
782
155
222
0
0
0
0
307
910
0
0
0
0
0
718
0
0
819
0
472
814
458
0
374
0
0
0
0
0
0
107
393
545
971
94
0
0
881
62
552
153
476
0
225
0
879
757
394
841
681
0
336
786
0
15
641
109
0
470
67
341
641
43
509
637
843
0
351
197
557
0
582
497
992
879
713
245
0
249
957
586
0
458
532
153
584
944
0
678
537
0
135
0
0
881
538
891
52
0
444
0
698
0
0
369
940
0
0
0
558
940
0
891
896
0
376
547
0
0
316
885
221
0
409
0
0
0
341
0
274
980
743
196
443
91
0
948
907
0
0
430
0
0
253
761
713
668
811
346
389
336
0
525
609
33
267
0
960
0
52
693
655
0
266
0
977
425
619
623
0
178
659
0
0
0
62
0
176
823
32
730
887
872
0
421
955
0
141
0
504
190
0
286
0
0
0
350
0
747
0
271
159
0
190
0
53
0
506
0
103
0
834
382
0
68
40
981
0
0
262
926
350
0
467
736
376
743
540
679
0
55
0
414
366
0
0
529
965
0
274
899
362
506
668
48
636
0
213
104
520
786
525
0
50
748
0
358
128
60
566
0
507
643
625
468
857
819
450
0
751
53
0
646
607
904
836
14
223
0
0
276
848
815
198
701
445
0
976
567
0
185
181
0
0
0
233
327
165
820
0
498
755
0
0
155
0
0
503
613
869
0
0
90
567
27
587
0
430
614
272
757
676
713
353
628
23
0
206
271
0
998
227
0
183
977
0
0
0
0
204
979
0
469
844
777
587
359
196
0
0
0
609
50
0
1000
140
605
109
661
21
118
0
0
603
108
0
0
862
154
0
0
346
591
422
759
0
0
387
417
367
756
0
22
0
0
225
677
774
0
814
897
0
955
358
922
670
407
0
503
277
102
0
492
0
111
0
0
794
913
875
0
94
374
0
668
109
0
611
793
0
0
0
18
231
0
0
0
869
0
240
966
0
0
565
0
880
902
628
0
0
0
930
683
0
207
0
432
580
709
0
15
33
748
1000
0
0
555
602
539
0
890
734
0
308
652
200
0
401
0
230
503
767
213
137
0
231
350
0
0
0
279
0
0
696
0
79
736
944
979
274
0
25
907
44
4
12
705
0
0
320
590
104
652
101
290
44
0
955
959
463
0
436
970
169
922
489
528
0
24
589
587
0
241
217
0
82
863
300
471
0
0
0
0
0
0
0
970
930
872
888
0
0
667
851
915
56
0
0
0
352
641
267
0
140
0
0
0
413
367
0
852
452
0
934
644
0
375
650
0
0
977
0
0
0
0
982
0
153
589
0
264
480
894
969
275
340
584
341
831
261
811
118
0
0
0
279
192
0
0
862
587
0
210
590
0
0
0
456
88
339
0
0
122
294
226
0
0
728
43
0
380
263
274
0
810
517
894
0
175
0
0
187
479
644
213
0
0
562
0
0
547
0
325
381
0
617
0
0
788
53
109
0
358
605
555
0
0
980
0
580
0
0
85
165
447
0
0
278
640
55
0
672
0
955
0
0
0
0
701
0
357
677
465
995
628
0
968
455
488
721
42
907
0
8
0
217
0
0
587
350
0
403
262
0
0
0
0
725
21
0
0
0
991
36
0
739
678
0
537
380
251
763
884
61
0
0
357
361
0
0
0
115
0
242
0
849
464
463
0
0
671
425
389
0
933
0
0
485
564
828
0
960
128
109
602
413
980
0
48
97
322
407
197
410
463
0
0
767
0
759
392
829
624
243
892
0
231
0
552
0
124
401
925
471
142
0
0
798
919
0
880
121
111
649
568
171
259
58
0
241
759
616
403
0
0
551
0
492
416
0
0
538
0
0
0
579
292
580
186
495
657
0
970
532
0
659
505
0
0
526
640
0
0
0
0
0
636
68
497
538
0
0
25
0
763
0
0
638
130
0
470
0
60
661
539
367
0
48
0
0
906
835
329
0
0
787
510
550
702
0
0
82
0
0
0
125
0
614
663
0
0
216
554
0
253
795
0
134
597
73
516
671
581
0
535
672
818
529
0
220
651
26
852
575
887
187
311
0
11
171
0
731
633
697
888
0
916
0
0
822
237
0
0
229
0
916
258
103
610
157
453
0
0
179
314
626
83
0
98
0
0
0
117
200
108
523
0
0
0
664
67
52
566
21
0
0
580
97
0
0
569
0
0
763
0
607
0
662
898
460
0
0
385
0
82
0
649
447
65
684
874
535
676
820
0
436
0
0
0
471
0
487
0
0
0
0
0
462
586
50
823
59
581
990
271
915
682
0
0
0
10
46
663
956
107
638
212
499
690
201
250
0
217
308
0
618
419
0
573
563
667
517
614
293
793
343
0
573
419
434
0
756
953
166
93
0
727
299
0
0
341
693
0
118
890
852
0
322
906
569
0
67
125
338
0
0
0
42
0
0
0
781
0
679
843
0
575
79
579
343
755
0
702
0
49
703
686
751
849
0
941
0
259
768
826
488
0
0
582
981
0
110
815
147
383
0
0
820
72
0
636
732
0
944
2
0
172
644
888
947
502
0
16
0
0
407
0
43
685
803
584
853
403
0
0
211
288
687
0
546
991
636
853
400
0
0
997
0
0
0
641
655
507
0
734
452
0
407
835
0
67
0
62
568
793
0
714
954
372
672
0
0
433
0
961
663
258
109
928
818
0
0
630
0
458
0
749
0
278
782
313
0
0
0
257
929
585
43
0
585
0
653
431
0
461
0
824
312
353
607
461
991
325
0
11
693
129
144
0
327
229
0
0
0
0
276
400
0
0
78
780
302
0
0
433
694
0
0
77
359
0
0
65
936
758
656
599
369
0
0
43
0
643
0
0
0
85
197
329
0
125
62
0
0
196
814
212
0
764
51
51
215
0
435
0
0
198
54
0
600
0
0
707
492
51
0
339
0
961
0
581
0
221
0
0
971
426
920
0
0
0
284
763
561
0
984
0
41
0
0
324
864
86
536
896
297
0
0
0
105
869
433
429
0
550
373
950
140
108
0
0
0
0
274
0
928
0
0
941
385
194
163
0
363
506
890
606
687
624
0
509
266
625
603
308
934
165
410
0
763
338
568
0
0
383
0
302
194
27
215
629
439
712
399
632
0
0
53
0
794
220
668
596
164
482
820
86
0
594
518
0
462
473
34
846
186
344
771
0
889
982
316
0
618
288
250
893
0
0
249
339
0
0
944
258
657
621
0
0
680
0
0
0
533
0
590
637
0
747
94
936
0
0
492
942
664
18
933
721
171
840
828
699
57
898
86
0
937
370
348
637
0
468
108
652
644
447
463
0
0
0
793
196
383
0
19
158
0
263
0
939
277
242
100
186
820
303
318
0
445
467
338
591
206
0
0
0
0
0
988
0
356
0
0
0
0
0
0
748
331
641
0
406
731
635
0
836
320
881
747
205
710
713
0
998
563
434
269
384
272
334
946
50
0
43
0
0
803
56
0
682
0
831
0
0
419
0
0
933
171
0
0
820
771
731
52
819
0
0
746
843
977
857
0
200
0
0
0
787
607
0
0
814
0
19
0
0
0
784
0
181
0
636
0
0
0
668
354
896
392
343
374
0
333
96
590
613
0
518
160
854
457
397
0
283
0
470
732
464
0
498
159
117
613
807
641
0
587
103
506
993
0
0
741
0
20
46
0
608
744
0
0
0
902
434
923
29
0
668
269
320
598
0
521
993
0
957
66
386
0
0
0
0
930
0
625
0
419
706
266
0
425
819
0
0
375
0
0
510
0
0
714
212
302
158
0
0
139
0
507
0
0
421
573
0
271
0
759
322
611
967
686
352
155
990
0
370
0
682
787
0
0
695
60
823
0
740
0
0
753
0
0
0
910
891
801
702
12
0
822
0
0
522
665
159
868
0
845
769
139
330
327
721
787
0
573
987
166
0
415
648
250
914
153
0
484
0
0
190
326
784
95
299
795
18
605
330
900
833
298
351
619
450
862
401
650
278
767
550
662
42
954
0
194
0
0
139
0
0
900
301
237
0
816
0
0
899
552
808
0
0
340
210
0
460
0
354
751
774
838
0
958
0
691
0
287
632
0
933
0
0
0
0
753
417
938
576
436
414
0
0
519
33
958
535
870
281
0
498
286
0
8
974
571
66
0
0
0
30
755
0
165
882
292
0
0
0
892
987
0
808
0
330
410
312
737
122
0
838
40
197
623
0
154
0
0
640
0
702
898
0
372
764
27
263
784
0
0
0
38
474
707
0
782
445
859
0
619
386
978
0
0
873
0
473
427
902
0
0
0
0
324
500
103
462
0
914
0
0
801
537
859
817
205
0
0
0
998
862
776
779
0
394
379
327
908
709
553
0
0
221
658
108
294
458
334
49
0
629
551
439
0
0
521
0
977
0
0
341
780
220
0
0
502
140
254
0
292
388
0
557
0
751
0
230
0
55
759
0
460
0
672
51
215
0
0
507
900
38
0
812
970
77
0
0
0
0
299
885
0
779
0
101
0
896
975
86
630
0
674
436
0
101
713
0
351
665
0
630
0
894
791
728
492
641
869
4
0
58
0
0
0
985
686
402
0
442
696
0
0
370
607
0
697
669
959
830
0
0
212
0
200
595
505
311
356
654
182
74
271
249
992
710
0
78
0
10
0
313
99
0
178
53
0
503
977
0
392
0
0
0
0
51
629
939
181
0
301
474
812
0
49
0
6
613
559
0
111
39
347
796
0
0
215
111
468
698
0
224
189
749
856
0
0
482
540
735
560
0
689
405
0
105
0
872
0
35
0
223
0
47
0
117
952
0
895
958
994
361
0
155
548
266
134
124
0
0
0
620
0
0
237
97
156
309
0
438
218
246
0
0
554
0
214
0
412
653
0
110
0
582
659
0
346
767
0
672
829
82
0
781
0
215
439
277
0
0
237
707
970
49
0
0
0
0
0
0
0
639
0
0
508
0
0
679
0
0
568
0
310
396
236
0
0
951
0
570
69
0
715
0
0
0
939
327
0
919
10
617
210
435
34
0
321
379
62
465
172
240
0
0
0
0
518
0
238
0
30
350
286
989
0
0
0
209
815
0
0
848
832
0
740
0
239
687
517
188
0
976
0
497
0
646
591
213
0
0
624
0
385
0
433
0
712
242
636
421
0
0
77
0
0
0
0
40
589
0
48
640
989
0
0
370
0
494
0
187
100
254
689
453
0
350
0
0
0
0
319
469
0
985
92
0
399
742
97
733
999
0
790
459
240
296
548
662
322
0
923
234
947
444
317
0
0
0
0
708
0
0
193
0
918
645
486
974
71
0
0
893
594
0
0
0
377
466
0
0
409
444
773
992
0
607
422
137
0
955
243
0
0
679
0
435
399
100
0
573
816
782
0
6
0
0
0
0
380
970
0
547
554
798
688
0
307
0
0
203
0
889
846
540
26
0
92
562
5
186
511
181
478
412
0
302
0
401
0
926
917
0
650
520
272
141
0
158
568
169
869
0
952
873
375
316
0
684
0
917
575
603
0
220
634
139
718
730
0
343
54
81
181
0
0
213
914
632
651
733
0
0
396
879
0
904
759
0
0
0
892
0
82
843
961
0
632
186
0
0
0
445
0
613
0
40
0
0
535
0
549
957
0
805
742
657
0
601
811
384
0
0
0
291
0
0
0
770
741
104
0
35
0
0
839
505
0
0
303
0
0
0
202
144
96
898
0
0
823
694
100
601
372
0
0
0
0
580
0
965
667
910
0
0
337
566
349
423
694
234
743
0
856
481
818
0
646
0
345
0
0
0
0
713
62
836
0
231
982
0
0
125
0
0
663
0
0
820
0
271
0
859
0
559
0
589
380
535
0
43
271
0
539
315
724
907
0
0
289
828
247
0
0
0
895
269
261
60
0
601
68
0
550
285
0
0
15
0
0
0
257
0
26
63
662
634
223
196
0
0
634
784
0
0
918
232
0
547
816
960
560
853
0
0
518
855
716
469
0
209
770
0
385
0
962
945
207
0
585
405
50
259
0
245
0
14
0
350
0
0
231
0
649
575
258
198
0
303
668
0
899
0
0
0
0
0
970
0
43
0
0
0
479
0
703
724
361
965
420
498
116
363
639
37
693
0
948
786
608
961
0
0
0
0
169
0
521
0
363
537
303
300
441
0
751
900
481
318
806
580
978
0
683
100
645
0
790
0
0
0
341
0
0
0
0
494
537
0
143
590
0
539
783
213
0
0
552
404
0
191
283
719
464
0
176
223
387
0
153
0
0
614
447
79
109
54
53
318
354
759
552
619
299
111
0
48
0
549
271
0
0
985
896
0
841
0
0
123
504
738
0
448
404
563
0
458
19
946
808
198
0
940
0
288
294
0
297
19
0
0
880
223
0
150
410
170
236
965
0
886
503
0
708
0
0
0
0
0
682
0
0
671
0
602
225
469
81
965
0
250
44
0
245
305
736
824
790
89
703
0
14
808
0
249
823
0
417
0
589
701
552
663
65
579
928
0
0
0
896
322
808
386
885
39
639
640
547
957
0
0
985
0
166
0
134
828
0
538
0
771
208
115
0
819
0
542
0
347
863
960
0
0
947
579
23
847
654
391
809
488
0
498
0
0
938
178
789
0
882
891
0
711
0
0
0
846
578
679
405
922
931
32
20
21
0
0
269
262
0
348
68
459
12
0
138
254
420
792
0
0
0
286
0
957
32
0
367
0
0
0
0
0
684
343
818
600
794
445
392
611
0
978
0
347
0
989
554
0
539
479
896
166
0
395
94
6
171
122
253
403
684
0
804
0
309
0
182
0
0
0
349
321
371
100
301
0
139
436
50
167
0
3
0
0
872
0
824
475
42
718
370
302
757
191
0
864
854
712
814
506
827
459
0
379
0
226
408
0
0
10
588
491
655
190
257
392
381
0
0
974
919
0
0
586
730
276
756
279
264
357
124
0
874
755
0
0
220
467
343
967
0
0
779
796
0
0
798
805
315
0
0
0
395
0
0
568
0
0
379
19
0
431
579
0
323
0
0
642
406
642
49
0
981
832
689
75
631
0
67
334
0
770
0
45
0
0
51
902
0
358
95
0
0
748
631
441
76
340
809
781
0
876
0
0
700
257
0
0
0
0
691
464
360
0
0
267
85
514
0
0
154
0
199
0
887
848
0
0
480
677
401
216
535
0
0
0
668
338
374
686
340
0
0
0
508
0
688
742
724
703
841
134
94
0
0
0
684
264
0
762
814
149
753
0
29
864
612
0
302
0
611
762
263
0
0
552
249
0
0
164
344
253
644
26
0
226
923
754
0
176
0
0
0
391
17
753
750
0
920
0
367
142
36
244
7
0
48
68
0
17
194
634
313
0
0
0
630
506
0
0
884
815
678
458
872
815
22
0
894
465
925
554
676
702
630
707
596
591
0
352
210
873
101
0
0
370
0
657
907
724
0
828
6
568
0
0
744
636
0
485
674
517
426
317
0
0
977
889
851
816
540
926
97
886
108
0
0
470
0
994
573
0
0
810
0
915
0
537
237
377
828
0
827
690
896
324
0
993
153
939
0
33
610
765
953
250
883
349
0
296
477
392
0
172
0
0
419
964
322
252
0
783
954
532
0
198
0
696
969
995
471
0
820
0
0
492
164
206
333
155
0
0
0
215
0
0
307
0
0
361
0
0
171
0
684
744
0
965
436
0
411
0
948
0
114
63
342
49
647
604
454
0
585
307
0
0
793
0
434
21
620
935
0
0
0
361
112
0
0
0
306
115
0
274
447
804
0
0
307
0
264
0
0
0
251
0
688
349
0
0
6
269
211
316
202
0
438
0
0
0
0
0
0
153
421
701
0
0
275
628
142
253
0
49
458
51
482
0
96
990
460
473
896
111
679
494
0
601
0
965
123
538
122
0
264
636
965
0
0
0
0
0
0
0
824
131
482
0
0
547
627
0
381
0
868
868
739
646
0
447
0
0
0
0
113
19
0
0
0
0
368
0
365
871
414
0
602
253
790
535
0
786
8
0
0
821
0
0
645
0
162
0
0
9
747
814
94
0
672
14
63
206
0
584
955
445
225
79
340
0
0
795
436
703
0
0
820
0
590
0
0
427
975
468
0
0
0
811
289
420
504
0
253
379
0
0
436
0
0
0
0
0
435
596
869
0
0
0
559
674
0
0
0
732
32
281
0
0
0
228
0
885
518
0
0
333
271
671
0
986
642
0
561
0
639
0
812
995
245
754
687
530
24
829
29
448
0
4
0
609
268
0
134
0
0
0
850
0
890
954
0
970
0
944
0
0
677
736
584
968
0
0
0
686
749
339
86
0
613
370
354
902
86
698
0
187
203
384
828
498
738
771
403
19
762
485
0
0
0
0
611
984
0
736
365
107
422
587
0
177
149
0
644
789
0
342
982
385
0
0
0
0
935
600
0
463
824
485
0
281
31
281
952
0
629
0
162
965
0
0
69
16
255
857
0
0
0
0
670
0
0
0
122
0
414
272
125
688
0
330
932
0
0
0
141
976
774
944
341
455
798
134
0
751
0
0
0
0
0
0
751
0
630
0
568
100
0
0
247
116
0
208
684
0
814
674
411
0
0
611
0
0
0
0
945
666
0
0
162
621
198
0
339
634
0
8
0
169
0
424
0
893
388
893
0
508
0
834
38
966
0
0
0
0
545
0
309
717
101
381
243
0
0
162
0
361
0
0
0
0
398
948
855
0
987
524
389
0
154
761
839
0
0
678
0
567
0
979
831
488
919
597
0
849
278
961
594
0
518
682
774
0
0
224
0
254
889
0
0
363
448
115
0
431
149
517
0
0
0
984
0
0
926
695
376
629
328
353
808
863
0
842
473
234
0
96
164
673
448
582
903
0
0
511
650
0
716
279
489
0
56
807
731
853
34
581
879
0
198
0
958
514
605
501
981
0
244
0
0
530
761
695
0
244
0
832
0
125
0
71
589
436
902
537
504
0
814
274
261
721
0
73
471
0
782
0
518
988
160
787
838
0
674
189
310
689
846
0
0
639
404
0
804
579
753
426
948
0
435
0
0
926
0
856
889
0
964
0
0
0
0
0
390
929
881
662
848
207
410
0
516
544
322
297
451
0
929
888
0
657
431
412
833
597
477
0
0
0
306
0
658
466
976
60
0
426
0
0
959
972
135
163
303
0
0
0
199
0
548
76
0
0
681
0
190
185
897
0
811
42
880
516
0
941
313
581
0
0
854
0
0
0
436
749
396
453
540
291
0
37
563
819
0
0
0
317
0
0
596
736
0
695
856
0
238
830
20
0
292
0
838
615
751
0
0
0
446
0
0
569
242
579
942
435
0
421
547
693
852
423
0
0
736
808
966
0
653
297
0
0
0
0
344
527
122
0
0
235
363
0
0
780
0
0
0
205
502
169
119
0
0
0
725
135
0
181
0
25
118
907
121
671
487
0
0
0
462
356
457
0
958
324
0
856
236
0
26
0
895
693
0
0
309
323
29
0
114
824
869
365
945
376
889
238
0
