0
433
266
804
856
475
103
205
754
153
591
871
325
990
536
312
699
237
314
236
953
378
345
885
420
310
716
392
387
982
718
738
985
859
200
241
133
837
315
698
946
372
354
538
296
306
208
499
517
781
814
821
531
782
604
687
877
735
691
392
650
239
340
418
140
211
943
618
195
358
177
679
912
434
725
539
312
945
915
777
550
383
570
295
619
783
988
711
252
477
163
854
722
339
568
771
864
497
984
889
433
0
181
131
560
398
215
237
970
628
857
507
761
156
132
771
776
850
892
678
282
392
166
980
549
752
686
625
631
912
634
975
803
742
483
863
168
711
275
297
393
277
840
621
601
627
777
821
189
501
535
680
625
249
329
260
628
188
962
262
979
423
874
611
997
368
763
415
812
336
600
617
632
762
399
985
848
443
240
975
633
344
896
133
222
425
808
383
588
165
639
154
377
987
998
218
811
230
647
111
266
181
0
195
673
105
967
486
320
262
818
917
742
924
764
970
816
733
297
535
159
182
359
149
826
884
584
305
215
534
659
485
521
424
113
694
204
454
488
588
392
915
378
415
750
146
151
549
875
803
889
747
944
522
748
722
928
733
604
740
275
978
766
352
785
824
169
651
196
902
693
518
433
872
198
193
590
986
918
493
920
530
466
452
822
456
389
977
953
143
717
923
730
876
839
588
751
392
942
270
804
131
195
0
397
206
681
180
897
836
739
387
208
495
854
515
519
642
841
882
241
403
620
242
481
693
102
445
849
741
800
290
790
663
969
349
365
895
598
587
547
397
850
621
261
174
632
232
480
259
185
556
132
744
147
216
645
626
892
509
464
497
351
148
430
524
747
941
173
311
405
668
395
572
865
482
167
785
103
184
186
887
111
961
801
624
252
986
523
957
968
701
496
254
591
400
895
768
832
707
856
560
673
397
0
754
935
791
129
798
859
889
654
628
126
662
220
311
420
106
863
872
652
463
470
363
679
679
910
537
692
652
926
438
727
367
543
869
725
943
516
404
424
134
941
492
336
241
366
590
268
859
392
357
357
296
786
502
929
544
796
120
994
840
941
251
969
573
181
875
177
446
171
534
828
697
410
524
240
897
904
160
807
164
667
453
254
729
787
998
365
858
711
675
530
700
375
485
908
286
475
398
105
206
754
0
490
905
509
537
996
115
621
756
940
574
412
756
252
928
983
204
773
737
190
848
872
689
424
303
418
722
393
732
594
568
254
979
800
578
686
106
836
287
494
224
339
515
733
797
286
612
904
663
781
304
300
938
757
793
499
200
170
955
517
735
841
163
239
540
242
551
289
123
224
209
392
597
217
929
266
219
132
731
423
378
606
892
142
335
767
373
169
505
619
350
656
509
622
165
103
215
967
681
935
490
0
403
202
268
698
509
813
200
589
819
119
517
226
155
887
272
291
914
101
654
897
277
804
377
556
941
325
768
105
115
523
923
283
222
538
101
617
750
250
204
746
408
311
871
593
403
783
296
259
335
211
527
282
513
717
698
687
667
341
486
202
871
199
592
494
117
507
845
636
229
847
849
979
885
544
776
540
289
483
125
361
582
414
757
748
456
604
431
923
854
661
924
779
130
205
237
486
180
791
905
403
0
483
658
308
731
940
396
422
572
935
588
157
770
223
690
770
596
698
668
309
430
662
870
999
599
951
338
484
241
218
828
987
565
822
931
455
907
421
419
650
456
137
148
311
768
180
895
788
564
111
250
931
843
777
773
299
755
770
556
362
195
987
163
469
246
773
512
837
973
665
636
561
209
571
438
818
968
795
195
483
297
995
531
597
506
588
732
498
345
102
536
775
621
754
970
320
897
129
509
202
483
0
916
806
872
400
234
479
119
679
275
819
903
617
909
216
953
789
283
489
867
368
727
215
230
629
421
285
942
872
407
532
923
375
451
694
381
535
932
363
270
409
535
943
693
405
742
490
892
118
557
443
240
632
266
703
510
899
359
674
797
812
341
864
361
912
796
327
144
810
304
240
564
818
926
833
588
777
664
698
314
356
871
395
906
865
249
852
755
954
129
598
749
153
628
262
836
798
537
268
658
916
0
315
242
152
503
786
705
625
396
223
646
769
894
446
938
844
617
897
954
177
693
983
948
288
838
309
779
326
778
878
725
314
723
539
122
515
295
458
628
980
636
822
685
872
808
945
531
201
686
983
239
557
945
447
552
398
139
243
199
490
973
242
377
237
124
113
666
167
420
678
849
285
575
991
425
342
388
924
376
452
594
952
451
900
380
149
154
675
283
790
702
591
857
818
739
859
996
698
308
806
315
0
433
867
401
643
354
414
281
314
544
197
598
892
240
913
184
118
458
412
909
454
398
338
452
204
271
696
778
321
842
759
353
802
326
561
266
658
400
349
586
735
658
647
726
466
601
324
926
651
506
648
870
829
268
365
116
106
639
931
494
763
762
380
720
890
423
322
611
918
672
941
587
164
603
529
730
740
820
878
446
193
806
937
328
229
661
538
804
225
477
871
507
917
387
889
115
509
731
872
242
433
0
296
420
255
319
966
361
511
200
106
513
205
228
943
373
398
747
535
857
207
111
635
574
305
502
765
765
517
963
912
199
717
944
525
591
166
944
721
573
880
758
477
570
312
157
314
479
511
155
807
618
127
123
621
566
320
183
448
171
798
694
919
241
130
168
550
744
624
401
689
506
547
645
570
847
264
202
524
931
322
961
140
646
542
409
752
911
113
872
325
761
742
208
654
621
813
940
400
152
867
296
0
320
589
594
988
565
524
718
424
708
543
364
685
132
135
784
426
350
840
217
872
817
900
204
857
259
912
219
699
164
767
587
992
567
182
765
304
986
941
183
498
968
903
611
350
286
524
999
444
318
196
439
974
484
965
762
632
411
656
366
506
848
769
924
715
684
966
660
409
452
362
369
153
231
465
850
623
789
193
972
495
542
185
659
229
924
865
850
990
156
924
495
628
756
200
396
234
503
401
420
320
0
134
436
640
119
823
215
427
409
758
922
537
561
894
644
263
696
255
451
538
505
533
739
128
600
665
917
501
145
721
228
322
265
739
525
921
191
250
830
468
732
270
880
419
243
552
587
382
489
416
941
857
635
671
164
484
839
366
760
255
685
904
455
160
517
302
265
380
654
953
972
443
883
532
516
234
995
354
274
975
847
567
830
135
208
775
938
536
132
764
854
126
940
589
422
479
786
643
255
589
134
0
804
272
647
608
349
764
104
948
417
449
153
141
808
683
699
149
180
576
942
818
655
440
945
629
473
844
251
568
434
331
404
159
397
529
476
225
287
364
776
802
336
351
748
986
579
508
217
859
326
131
922
348
398
610
138
152
461
363
829
356
334
838
255
389
900
653
901
633
646
156
907
585
653
691
748
539
369
821
469
534
253
497
669
446
141
312
771
970
515
662
574
819
572
119
705
354
319
594
436
804
0
421
244
804
347
962
110
281
124
975
779
275
435
477
119
801
625
141
366
388
706
568
962
566
436
839
774
698
208
902
507
127
508
377
130
475
822
433
800
343
904
488
177
454
915
761
103
555
862
157
665
300
420
587
307
600
838
161
251
257
626
940
999
912
664
289
940
898
111
310
505
579
970
169
960
879
306
335
193
291
562
248
893
947
576
699
776
816
519
220
412
119
935
679
625
414
966
988
640
272
421
0
645
956
151
561
758
836
424
287
462
568
124
760
915
440
207
612
291
486
878
442
142
727
669
340
117
367
523
747
237
319
821
649
738
640
703
383
875
834
951
314
471
165
560
407
809
357
242
662
724
524
175
843
263
407
930
996
454
701
368
411
103
370
988
748
538
503
850
516
244
793
871
778
445
218
687
714
267
448
489
565
303
187
131
237
850
733
642
311
756
517
588
275
396
281
361
565
119
647
244
645
0
362
347
423
406
719
696
791
552
743
462
469
934
987
666
612
166
988
784
931
535
425
559
310
310
959
796
521
723
779
290
721
994
657
663
433
390
745
562
589
931
812
230
117
816
698
323
144
617
726
641
192
463
620
285
965
872
570
783
431
966
839
106
229
188
295
145
256
659
938
420
809
710
135
489
323
144
266
447
233
986
730
160
314
892
297
841
420
252
226
157
819
223
314
511
524
823
608
804
956
362
0
201
248
848
215
877
338
917
997
520
867
489
768
632
359
297
479
269
885
374
871
503
632
119
924
108
876
514
382
447
304
301
380
940
603
981
395
498
556
516
733
163
734
908
401
890
690
206
513
990
184
962
416
192
800
250
415
810
537
600
222
893
229
367
974
998
920
396
345
787
275
953
761
618
951
837
698
384
759
484
572
184
236
678
535
882
106
928
155
770
903
646
544
200
718
215
349
347
151
347
201
0
595
346
715
538
400
554
375
269
732
260
653
370
712
522
663
230
295
326
572
316
200
560
315
377
741
502
135
252
295
840
766
724
282
713
134
177
845
641
105
457
863
455
934
169
694
268
505
327
541
426
192
955
189
241
417
781
665
672
744
106
770
319
847
554
611
524
797
430
193
553
406
456
667
709
246
840
433
879
720
938
953
282
159
241
863
983
887
223
617
769
197
106
424
427
764
962
561
423
248
595
0
674
158
165
746
502
856
453
889
950
937
418
276
510
497
725
428
369
571
830
468
115
649
598
347
243
252
176
608
289
233
299
346
180
805
266
187
262
620
388
925
865
664
363
461
712
592
979
843
820
215
509
921
376
709
139
832
296
788
716
145
274
884
944
652
977
333
553
152
456
926
436
203
240
246
714
687
675
325
476
378
392
182
403
872
204
272
690
909
894
598
513
708
409
104
110
758
406
848
346
674
0
369
649
679
609
575
538
853
423
998
554
609
813
502
968
872
134
203
271
945
956
285
431
690
128
726
686
984
749
898
483
258
761
304
239
972
323
460
844
400
309
545
649
173
418
631
378
257
609
428
360
181
535
331
150
188
279
406
692
297
109
356
367
781
592
715
337
162
940
430
705
223
803
295
180
704
182
399
176
345
166
359
620
652
773
291
770
216
446
892
205
543
758
948
281
836
719
215
715
158
369
0
415
729
801
234
926
941
729
263
564
594
337
550
818
648
514
728
169
513
925
983
373
943
199
698
601
981
285
450
220
377
197
347
301
367
602
928
882
934
909
895
962
576
431
512
453
591
593
431
780
476
522
574
969
187
551
426
174
173
151
167
325
191
177
847
357
230
421
122
111
817
577
831
155
462
429
995
617
885
980
149
242
463
737
914
596
953
938
240
228
364
922
417
124
424
696
877
538
165
649
415
0
251
158
219
567
674
414
513
881
822
860
358
705
777
971
814
804
178
343
971
288
866
957
633
491
881
469
231
458
288
381
585
247
985
333
615
199
179
826
338
527
515
492
502
682
572
607
378
840
631
126
358
529
306
187
266
249
123
858
503
268
633
330
660
420
456
312
229
990
313
804
193
530
102
317
820
125
420
549
826
481
470
190
101
698
789
844
913
943
685
537
449
975
287
791
338
400
746
679
729
251
0
559
283
161
738
294
789
150
145
132
956
702
203
141
293
156
978
821
746
332
868
872
843
772
973
900
115
194
895
137
358
860
805
463
403
498
882
521
787
301
950
679
606
268
518
685
893
375
540
804
179
867
950
753
939
439
973
714
517
534
514
774
807
942
540
940
114
615
339
886
148
652
217
627
141
414
310
752
884
693
363
848
654
668
283
617
184
373
132
561
153
779
462
552
917
554
502
609
801
158
559
0
230
617
310
596
497
118
353
960
580
168
577
430
939
753
576
471
364
138
160
667
215
417
798
385
353
497
261
892
587
314
604
283
905
261
858
538
431
577
810
362
733
401
863
299
126
402
929
928
744
365
774
536
675
752
960
598
168
293
724
343
283
708
722
908
563
781
445
512
628
642
369
880
167
841
716
686
584
102
679
872
897
309
489
897
118
398
135
894
141
275
568
743
997
375
856
575
234
219
283
230
0
895
596
246
980
353
461
506
346
201
135
432
527
907
614
806
632
575
117
306
499
242
687
857
476
782
139
549
239
284
522
335
539
835
842
543
335
481
169
671
596
486
551
454
512
166
667
979
688
638
143
173
737
306
467
602
232
533
986
302
305
872
348
984
605
904
384
996
660
836
921
273
479
724
392
625
305
445
679
689
277
430
867
954
458
747
784
644
808
435
124
462
520
269
453
538
926
567
161
617
895
0
539
470
323
305
960
869
178
495
825
609
902
942
788
774
151
732
668
361
139
118
121
393
993
733
578
212
799
385
642
518
181
309
372
824
935
436
534
877
406
859
595
938
946
374
479
902
605
801
253
655
437
219
195
169
513
593
642
372
787
652
755
942
505
780
781
933
562
355
416
267
884
155
387
631
215
849
910
424
804
662
368
177
412
535
426
263
683
477
760
469
867
732
889
853
941
674
738
310
596
539
0
808
251
620
432
634
197
245
983
436
324
332
979
592
825
530
940
391
919
710
281
558
509
556
675
134
726
321
187
285
724
367
870
183
986
131
709
463
555
885
154
290
357
154
555
963
274
703
723
615
842
689
627
520
658
724
815
702
570
498
843
492
332
871
582
270
274
510
516
884
639
954
982
912
534
741
537
303
377
870
727
693
909
857
350
696
699
119
915
934
489
260
950
423
729
414
294
596
246
470
808
0
956
855
530
226
103
888
720
701
341
365
728
353
502
831
905
586
491
225
216
365
826
831
775
434
577
871
436
711
293
858
863
611
349
266
408
298
175
582
872
808
870
486
459
193
768
960
355
800
536
721
817
643
457
828
610
315
698
579
575
438
320
244
843
187
623
651
947
739
335
740
718
634
659
800
692
418
556
999
215
983
454
207
840
255
149
801
440
987
768
653
937
998
263
513
789
497
980
323
251
956
0
125
419
329
775
323
195
428
974
265
447
507
192
784
501
857
525
949
894
213
249
737
389
247
516
606
241
447
473
444
365
583
431
222
434
721
375
326
219
351
190
534
501
643
451
500
572
680
659
842
968
456
986
472
848
789
978
937
822
163
938
253
456
470
244
441
769
755
303
875
738
975
485
290
652
722
941
599
230
948
398
111
217
451
180
625
207
666
632
370
418
554
564
881
150
118
353
305
620
855
125
0
227
681
643
567
556
594
765
247
109
374
564
913
820
146
688
292
210
602
917
164
492
611
211
451
675
246
966
941
939
852
998
520
715
239
298
391
780
124
264
170
958
680
460
874
681
680
969
654
581
189
948
245
921
439
476
895
325
329
768
877
211
187
815
680
992
154
640
439
985
803
521
790
926
393
325
951
629
288
338
635
872
538
576
141
612
612
359
712
276
609
594
822
145
353
461
960
432
530
419
227
0
416
158
556
777
394
205
680
751
954
664
521
417
674
165
742
620
417
901
532
291
105
927
117
471
974
722
911
937
855
648
774
581
258
771
300
887
991
776
129
369
997
458
701
282
270
651
311
192
560
290
336
468
718
750
938
528
185
962
605
268
425
265
745
922
303
953
616
859
742
424
663
438
732
768
338
421
838
452
574
817
505
942
366
291
166
297
522
510
813
337
860
132
960
506
869
634
226
329
681
416
0
786
208
398
307
822
615
452
662
811
739
202
562
870
440
111
889
204
690
652
359
169
382
799
183
570
305
155
783
410
254
443
982
331
935
226
359
108
557
588
807
892
210
591
709
790
894
254
731
717
788
230
483
446
896
775
259
222
967
520
794
159
550
922
778
235
138
200
483
113
969
727
594
105
484
285
309
204
305
900
533
818
388
486
988
479
663
497
502
550
358
956
580
346
178
197
103
775
643
158
786
0
357
665
406
219
309
478
308
720
600
759
644
190
305
562
304
163
895
239
225
194
841
580
973
336
718
899
357
117
576
899
722
688
657
573
231
526
178
771
929
918
496
464
932
191
690
516
985
111
188
212
626
581
682
641
775
450
844
633
964
776
828
825
864
743
163
241
863
694
349
367
568
115
241
942
779
271
502
204
739
655
706
878
784
269
230
725
968
818
705
702
168
201
495
245
888
323
567
556
208
357
0
557
990
699
801
768
344
766
801
786
622
915
600
324
604
520
514
287
481
592
225
156
326
548
576
443
360
900
795
939
276
399
724
314
895
337
953
591
699
185
123
370
510
520
268
861
457
384
341
839
639
336
766
379
213
455
423
457
369
678
741
305
307
692
620
133
168
204
365
543
254
523
218
872
326
696
765
857
128
440
568
442
931
885
295
428
872
648
777
203
577
135
825
983
720
195
556
777
398
665
557
0
933
542
933
549
333
653
723
215
510
463
863
129
686
532
872
787
958
178
991
957
146
328
545
709
533
427
169
994
560
388
571
436
179
179
871
546
177
756
968
596
240
723
561
795
412
770
286
657
463
388
874
337
100
530
885
216
272
740
602
482
607
124
237
837
711
454
895
869
979
923
828
407
778
778
765
259
600
945
962
142
535
374
326
369
134
514
971
141
430
432
609
436
701
428
594
394
307
406
990
933
0
385
371
895
261
534
616
466
983
761
876
356
376
455
926
726
826
627
559
710
660
623
724
199
193
418
500
901
348
551
831
355
517
353
496
168
491
222
257
623
906
893
501
436
264
886
505
113
993
688
644
526
431
498
500
401
407
191
152
307
720
507
508
315
275
488
598
725
800
283
987
532
878
321
517
912
665
629
566
727
425
871
572
571
203
728
814
293
939
527
902
324
341
974
765
205
822
219
699
542
385
0
316
327
872
693
668
454
545
520
726
811
428
359
413
468
355
630
644
971
356
409
108
547
362
497
947
924
576
991
688
728
714
773
804
753
353
268
871
775
613
352
188
919
348
599
962
188
772
849
738
988
598
445
893
435
916
604
958
753
771
926
432
698
297
588
587
943
578
222
565
923
725
842
963
219
917
473
436
669
559
503
316
830
271
169
804
156
753
907
942
332
365
265
247
680
615
309
801
933
371
316
0
847
657
595
160
674
897
541
381
397
747
538
998
351
703
896
952
449
644
977
520
935
175
869
423
637
258
436
522
593
389
713
389
641
154
513
796
229
813
570
269
762
180
169
416
838
141
881
660
709
508
494
770
302
658
282
372
952
651
823
877
946
393
392
547
516
686
538
822
375
314
759
912
699
501
844
839
340
310
632
200
468
945
513
178
978
576
614
788
979
728
447
109
751
452
478
768
549
895
327
847
0
814
806
666
870
849
975
487
185
888
418
960
680
298
234
691
744
526
406
707
908
466
448
987
784
959
495
686
825
870
708
350
465
262
790
261
405
111
382
440
352
846
558
621
591
879
397
785
331
165
180
609
386
342
566
483
634
861
235
417
372
277
915
397
404
106
101
931
451
723
353
199
164
145
251
774
117
310
119
560
115
956
925
343
821
471
806
774
592
353
507
374
954
662
308
344
333
261
872
657
814
0
255
556
256
562
272
563
993
922
102
773
655
511
546
922
571
808
814
316
327
155
319
810
665
885
960
991
383
774
214
830
437
209
339
481
973
172
977
805
372
751
589
964
371
962
330
169
296
961
157
859
540
550
706
492
523
548
922
422
354
840
378
850
424
836
617
455
694
539
802
717
767
721
568
698
367
959
924
315
649
285
983
971
746
364
632
151
825
502
192
564
664
811
720
766
653
534
693
595
806
255
0
848
740
831
972
679
727
537
559
245
121
659
125
632
385
875
561
653
162
802
931
885
551
622
172
306
423
433
400
265
222
867
272
748
912
918
724
691
847
665
156
423
436
907
875
437
548
815
718
367
655
717
572
992
903
193
894
676
538
621
415
621
134
287
750
907
381
122
326
944
587
228
434
208
523
796
108
377
598
431
373
288
332
138
575
732
530
831
784
913
521
739
600
801
723
616
668
160
666
556
848
0
916
586
333
703
312
764
827
506
727
931
243
175
109
962
817
337
519
857
997
198
300
938
333
761
429
343
953
200
766
576
389
319
746
843
976
607
629
389
892
323
944
256
654
905
380
316
388
353
863
507
196
378
357
539
311
365
296
601
750
261
941
494
250
421
535
515
561
525
992
322
331
902
747
521
876
741
347
690
943
866
868
160
117
668
940
905
501
820
417
202
759
786
215
466
454
674
870
256
740
916
0
688
754
596
542
197
468
759
470
130
361
859
905
182
712
605
166
979
239
508
392
864
252
510
482
872
982
172
794
978
894
694
685
681
895
260
494
612
333
157
426
489
430
461
688
418
217
431
717
874
368
646
225
186
849
568
306
627
146
174
492
224
204
419
932
295
266
591
567
265
404
507
237
723
514
502
243
128
199
957
872
667
306
361
391
586
857
146
674
562
644
622
510
983
545
897
849
562
831
586
688
0
284
433
914
281
487
288
164
644
112
622
474
658
645
347
715
739
914
128
342
326
557
653
189
630
599
692
828
696
268
573
313
122
232
216
354
560
937
102
524
677
154
956
884
218
556
510
725
155
326
594
771
743
768
486
208
777
151
632
336
339
746
650
363
458
658
166
182
739
159
127
319
779
382
135
252
726
698
633
843
215
499
139
919
491
525
688
165
870
190
915
463
761
520
541
975
272
972
333
754
284
0
514
264
279
860
626
396
704
484
905
187
563
136
990
824
908
495
402
246
928
877
528
671
617
822
369
334
711
441
843
811
430
450
628
738
894
125
174
182
998
896
333
451
188
375
845
211
218
624
227
281
691
430
775
499
821
549
232
241
515
408
456
270
628
400
944
765
525
397
508
821
290
447
252
176
686
601
491
772
417
242
118
710
225
949
292
742
440
305
600
863
876
726
381
487
563
679
703
596
433
514
0
139
750
662
218
469
963
475
263
494
249
397
877
222
919
997
133
812
937
309
606
906
856
880
468
955
845
625
294
470
612
286
576
414
780
741
442
765
170
105
558
373
454
381
934
184
475
419
777
951
406
936
599
517
189
875
480
366
733
311
137
409
980
349
721
304
921
529
377
649
721
304
295
608
984
981
881
973
798
687
121
281
216
894
210
620
111
562
324
129
356
811
397
185
993
727
312
542
914
264
139
0
880
219
212
373
434
971
130
695
237
514
380
337
371
262
429
771
768
706
525
319
496
174
595
645
117
985
140
393
158
457
865
903
788
251
469
153
501
926
729
950
791
775
690
615
856
113
254
143
691
672
409
781
501
803
259
590
797
871
148
535
636
586
573
986
191
476
130
738
994
301
840
289
749
285
469
900
385
857
393
558
365
213
602
417
889
304
604
686
376
428
747
888
922
537
764
197
281
279
750
880
0
370
851
725
896
722
937
873
986
189
268
343
855
405
836
409
704
247
910
263
539
712
327
579
555
669
590
690
752
673
500
451
660
176
211
352
980
940
692
199
346
610
112
143
322
759
984
418
619
767
600
814
535
889
185
268
286
593
311
943
822
735
880
941
250
225
475
640
657
380
766
233
898
450
231
115
353
476
993
509
826
249
917
901
204
163
520
532
455
359
538
418
102
559
827
468
487
860
662
219
370
0
495
760
294
178
600
481
627
261
983
756
699
858
250
568
939
247
560
895
717
224
455
246
845
250
864
191
521
367
286
867
193
140
874
141
271
661
888
129
469
906
717
544
985
754
741
755
737
829
682
821
680
747
556
859
612
403
768
693
685
658
758
183
830
287
822
703
663
940
724
299
483
220
458
194
497
782
733
556
831
737
164
532
690
895
514
872
926
413
998
960
773
245
506
759
288
626
218
212
851
495
0
253
638
984
994
270
925
157
349
179
496
502
540
791
489
413
272
290
543
785
348
645
394
251
971
276
264
542
319
711
667
850
533
132
178
849
644
513
982
118
824
551
188
546
262
351
102
278
674
531
625
944
132
392
904
783
180
405
872
647
477
498
468
364
433
383
433
603
282
346
258
377
288
895
261
139
578
675
775
389
492
291
652
239
287
787
726
468
351
680
655
121
727
470
164
396
469
373
725
760
253
0
948
337
596
547
499
935
727
461
118
741
281
841
773
839
159
476
574
703
818
960
167
793
111
729
577
619
952
278
418
743
476
202
403
307
634
200
973
595
587
275
723
879
631
796
427
888
583
782
249
522
744
357
663
296
895
742
808
726
570
968
732
776
800
875
390
981
713
180
761
197
381
137
892
549
212
134
434
247
611
105
359
225
481
958
826
355
703
298
511
659
931
130
644
704
963
434
896
294
638
948
0
124
129
898
979
436
528
174
411
904
171
624
721
714
496
971
202
366
828
645
543
180
272
482
996
191
178
364
987
183
103
982
429
698
842
952
160
138
308
429
878
448
205
873
199
572
463
604
329
748
147
357
781
259
788
490
945
466
312
903
270
802
343
834
745
395
134
805
304
347
585
358
587
239
799
726
577
516
211
927
169
194
592
178
627
630
896
234
546
125
243
361
112
484
475
971
722
178
984
337
124
0
621
762
567
928
584
419
828
318
833
572
905
910
560
117
558
944
164
228
767
286
563
269
592
807
488
386
248
769
276
806
671
258
779
934
142
502
682
945
800
503
927
783
553
180
744
687
260
722
216
296
304
335
564
892
531
601
157
611
880
336
904
951
562
498
177
266
239
301
247
860
314
284
385
321
871
606
451
117
382
841
225
991
559
644
952
691
922
632
175
859
622
905
263
130
937
600
994
596
129
621
0
870
671
279
923
448
568
916
418
449
186
420
722
965
811
783
110
823
402
134
127
193
579
497
318
234
180
375
544
201
887
446
237
839
155
802
306
845
789
728
219
499
979
964
141
877
628
928
645
786
300
211
111
118
201
324
314
350
419
351
488
314
589
556
845
187
972
367
985
805
604
522
642
187
436
241
675
471
799
580
156
957
710
971
449
744
571
385
109
905
474
187
494
695
873
481
270
547
898
762
870
0
899
254
518
789
481
200
152
301
979
446
266
262
752
237
776
199
990
659
764
380
764
435
271
750
192
343
384
252
686
893
225
464
830
698
146
422
304
649
236
951
137
364
751
735
188
733
626
502
938
527
250
557
686
926
479
286
243
748
177
471
931
516
641
262
323
602
333
463
283
335
518
285
711
447
246
974
183
973
326
146
660
356
644
526
808
875
962
182
658
563
249
237
986
627
925
499
979
567
671
899
0
919
123
568
952
483
509
382
117
603
405
599
402
525
325
104
289
369
546
851
382
761
866
869
457
185
260
388
830
738
684
950
137
898
198
184
427
576
447
113
439
417
658
691
962
604
892
929
757
282
931
443
983
651
511
524
552
986
454
165
812
733
105
620
460
928
615
403
905
539
181
724
293
473
966
722
570
336
548
328
623
409
977
406
814
561
817
712
645
136
397
514
189
261
157
935
436
928
279
254
919
0
701
694
116
652
650
587
151
604
251
231
874
270
586
564
287
516
432
558
784
948
646
913
110
893
923
659
307
982
347
470
869
307
117
861
454
571
723
312
325
405
134
392
262
740
509
544
793
513
843
240
239
506
155
999
587
579
915
560
230
163
457
388
844
882
199
498
261
835
309
367
858
444
941
911
305
718
576
545
724
108
520
707
316
653
337
605
347
990
877
380
268
983
349
727
528
584
923
518
123
701
0
390
331
815
317
229
808
830
510
429
684
648
360
863
755
886
116
148
339
611
760
754
899
326
835
490
851
418
845
168
158
368
707
281
804
554
803
698
821
472
242
650
979
275
464
796
499
717
777
632
557
648
807
444
382
508
761
407
117
734
863
925
400
934
179
882
858
842
372
870
863
365
939
937
155
899
443
709
199
547
935
908
327
162
519
166
715
824
222
337
343
756
179
461
174
419
448
789
568
694
390
0
346
556
765
839
328
178
672
399
222
925
701
745
859
137
253
911
483
905
568
691
528
198
149
370
387
914
410
506
534
872
232
459
611
261
244
400
964
789
971
239
423
978
497
120
200
698
773
266
945
870
618
318
489
217
103
809
816
908
455
865
309
909
826
521
538
543
824
183
611
583
852
855
783
357
360
533
193
362
175
466
155
802
857
979
739
908
919
371
855
699
496
118
411
828
568
481
952
116
331
346
0
443
886
352
731
726
127
857
952
624
388
212
198
276
102
692
808
215
185
314
148
810
975
365
731
766
159
663
203
830
177
190
759
879
610
447
676
989
315
340
874
766
351
994
170
687
299
703
447
829
127
196
416
859
555
357
698
401
934
664
545
895
338
787
431
335
935
986
349
431
998
648
410
117
900
427
418
497
869
448
319
931
997
239
914
495
997
262
405
858
502
741
904
318
916
200
483
652
815
556
443
0
827
130
454
592
856
544
474
371
472
356
331
825
574
891
413
938
459
405
495
221
551
931
872
714
666
755
669
663
738
926
550
262
489
606
494
576
404
418
611
352
148
840
955
667
755
510
552
268
123
439
941
326
862
242
323
890
169
363
649
962
527
301
577
481
436
131
266
222
520
774
254
576
795
169
500
947
423
987
810
885
198
508
128
402
133
429
836
250
540
281
171
833
418
152
509
650
317
765
886
827
0
320
847
722
120
990
261
824
267
128
907
832
600
701
882
393
142
905
447
101
370
739
970
277
347
499
664
487
522
464
432
852
100
516
550
556
156
140
997
785
430
941
517
341
770
899
398
365
621
974
857
131
157
662
144
690
694
461
173
576
515
950
810
169
534
709
408
434
715
581
443
899
939
994
901
924
637
784
665
551
300
392
342
246
812
771
409
568
791
841
624
572
449
301
382
587
229
839
352
130
320
0
228
738
405
377
471
628
192
922
314
652
239
915
652
722
903
596
641
598
392
976
425
477
492
435
854
902
208
866
740
297
504
601
634
993
786
211
368
824
524
251
735
486
556
359
139
116
566
484
635
922
665
724
617
206
268
712
418
431
492
679
362
671
877
463
298
721
239
258
982
722
276
560
348
576
258
959
885
622
938
864
326
928
937
768
704
939
489
773
721
905
186
979
117
151
808
328
731
454
847
228
0
341
304
430
709
332
261
628
228
238
217
847
159
569
108
248
678
218
984
584
936
186
971
830
104
889
933
328
105
304
519
135
299
302
227
943
763
169
747
969
841
202
362
674
243
106
320
965
671
348
300
524
726
513
505
592
631
512
502
606
733
596
406
555
175
375
298
771
331
688
399
388
551
991
436
495
960
172
333
252
557
877
309
706
247
247
413
839
714
910
420
446
603
604
830
178
726
592
722
738
341
0
399
102
709
869
163
136
611
399
113
366
947
294
503
177
982
922
608
957
896
610
584
245
207
705
576
561
823
468
456
854
123
700
142
618
415
651
941
573
163
871
195
797
199
639
183
762
164
398
420
175
641
990
327
979
378
453
682
268
401
486
859
885
582
326
391
300
935
657
724
571
831
688
522
686
991
306
761
510
653
528
606
525
910
560
272
159
496
560
722
266
405
251
510
672
127
856
120
405
304
399
0
133
955
386
277
907
302
345
303
853
254
532
850
672
342
123
591
237
913
568
284
666
158
792
351
236
331
200
186
510
808
857
921
195
812
196
173
181
239
199
987
812
490
931
448
632
484
610
587
843
192
184
541
843
257
591
572
518
863
551
595
154
872
219
780
887
226
573
314
436
355
728
593
825
383
423
429
482
189
671
906
319
263
895
290
476
971
117
965
262
599
231
429
399
857
544
990
377
430
102
133
0
971
533
581
906
193
862
726
861
517
676
583
973
772
614
844
621
579
144
948
909
483
335
578
456
939
577
187
491
184
181
181
358
336
902
311
875
540
592
163
341
973
494
171
411
839
138
307
263
463
962
426
820
609
593
607
685
299
454
938
290
808
351
124
991
359
231
895
179
517
714
389
870
774
433
343
872
630
617
856
496
539
717
543
574
202
558
811
752
402
874
684
222
952
474
261
471
709
709
955
971
0
696
776
441
215
308
384
607
304
321
608
141
772
854
787
701
765
435
970
659
354
954
278
648
220
781
111
378
804
550
952
177
600
693
405
177
242
494
469
864
242
763
798
656
366
152
600
407
620
416
192
215
428
431
378
893
126
512
946
357
870
190
264
776
108
526
337
179
353
773
713
708
214
400
953
982
599
822
880
174
712
224
785
703
366
944
783
237
525
270
648
925
624
371
824
628
332
869
386
533
696
0
920
385
245
315
954
800
790
230
275
878
875
756
672
712
960
767
404
359
959
770
894
113
618
261
711
390
369
958
118
679
617
518
668
446
551
117
246
361
377
762
694
366
760
461
838
930
285
192
955
509
360
780
840
375
402
166
374
154
486
534
170
129
557
178
953
871
496
804
389
350
830
265
200
172
692
369
468
595
327
455
348
818
828
164
110
776
325
586
360
701
388
472
267
192
261
163
277
581
776
920
0
229
274
318
457
969
345
798
805
512
569
588
556
222
468
570
752
414
854
227
373
595
114
480
192
451
738
482
481
912
632
433
395
171
289
507
773
912
237
380
919
506
255
363
161
996
965
800
189
921
181
476
631
540
929
667
479
555
459
501
958
369
588
771
591
546
168
753
641
465
437
222
766
794
828
334
955
645
579
246
645
960
645
228
823
199
104
564
863
745
212
356
128
922
628
136
907
906
441
385
229
0
422
933
292
392
999
385
314
142
115
466
704
659
521
411
156
612
122
479
904
632
461
607
574
738
391
679
343
434
762
872
572
534
123
845
512
796
124
720
241
848
685
829
251
454
872
250
241
376
535
522
126
804
928
979
902
963
193
643
680
997
807
929
699
177
491
353
154
262
209
867
576
978
696
711
845
117
555
845
394
167
543
767
402
990
289
287
755
859
198
331
907
314
228
611
302
193
215
245
274
422
0
766
917
489
575
598
613
815
900
997
290
492
309
482
479
636
403
365
460
398
236
570
596
832
646
413
714
725
399
198
865
828
224
636
837
327
113
890
130
769
904
356
257
701
570
415
417
709
331
574
358
179
744
688
605
274
768
451
460
458
892
918
185
756
222
268
513
790
339
272
389
894
268
441
625
985
669
250
251
793
180
286
134
659
369
516
886
137
276
825
832
652
238
399
345
862
308
315
318
933
766
0
251
760
120
313
984
171
572
983
354
383
659
273
776
651
528
591
434
425
816
576
790
490
278
280
918
539
985
193
482
697
209
229
973
144
666
423
168
924
455
334
626
368
783
810
781
139
150
969
529
867
365
638
801
703
960
500
874
701
210
496
123
968
257
871
796
261
481
748
319
694
573
843
294
140
590
864
971
111
272
563
127
764
546
432
116
253
102
574
600
239
217
113
303
726
384
954
457
292
917
251
0
835
408
756
171
321
665
996
966
160
536
983
347
573
601
726
453
160
412
442
844
980
534
608
795
312
848
590
167
410
392
847
665
810
167
322
550
715
160
838
940
411
431
537
665
832
188
187
306
950
774
143
253
723
355
572
681
282
591
464
370
596
623
775
229
405
973
912
746
685
313
811
470
393
690
191
276
729
482
269
193
380
851
558
148
911
692
891
701
915
847
366
853
861
607
800
969
392
489
760
835
0
613
235
154
982
948
778
104
374
151
356
885
636
990
872
152
705
400
920
431
240
323
202
312
945
443
986
785
524
597
849
636
304
420
611
744
684
517
255
999
103
966
600
672
296
279
551
187
753
536
173
655
615
800
680
680
270
709
932
510
240
906
613
813
111
172
918
843
681
122
430
612
158
752
521
264
577
996
592
579
764
382
784
339
483
808
413
882
652
159
947
254
517
304
790
345
999
575
120
408
613
0
204
393
534
166
718
425
526
209
488
599
335
340
764
958
947
463
345
240
295
624
319
840
915
240
918
103
240
217
979
561
240
678
918
624
966
302
389
912
370
839
222
744
788
406
426
266
939
675
737
437
842
536
659
969
651
790
191
520
723
893
352
570
382
977
724
976
895
232
450
286
457
673
367
542
619
191
807
497
435
761
948
611
905
215
938
393
722
569
294
532
676
321
230
798
385
598
313
756
235
204
0
107
712
319
279
731
162
172
683
985
745
720
946
473
406
845
439
167
595
787
450
932
777
975
493
184
897
929
885
209
564
849
672
401
660
265
900
664
988
106
893
106
716
692
174
249
439
752
306
219
689
721
842
654
311
894
690
268
561
501
188
269
440
805
691
607
260
216
628
576
865
500
286
319
952
178
488
318
271
866
646
760
568
185
459
142
903
108
503
850
583
608
275
805
314
613
984
171
154
393
107
0
180
930
650
753
942
933
150
194
553
919
146
116
452
478
441
199
435
409
567
873
550
633
920
186
904
266
544
571
818
285
941
689
409
380
653
289
748
229
229
770
145
297
173
123
973
960
467
195
627
817
968
581
192
254
516
861
795
436
919
762
352
372
847
629
494
354
738
414
903
451
867
711
278
364
386
234
750
869
913
754
691
314
405
905
596
248
177
672
973
141
878
512
142
815
171
321
982
534
712
180
0
950
485
151
516
123
503
200
389
790
959
617
275
380
687
220
646
527
595
251
383
344
530
887
160
219
776
438
926
575
587
506
452
654
901
940
538
188
367
319
274
109
151
858
714
598
602
169
520
643
456
189
560
731
985
457
412
264
348
180
846
751
665
389
612
560
894
780
788
660
193
667
418
987
248
180
192
457
110
899
528
148
495
447
641
678
982
342
772
772
875
569
115
900
572
665
948
166
319
930
950
0
930
836
104
854
378
372
803
903
743
922
958
310
983
257
423
685
923
347
570
896
466
111
807
132
540
818
833
991
164
547
362
953
633
898
503
295
974
847
884
356
167
503
517
168
232
513
658
457
986
948
290
717
111
384
770
886
599
169
558
589
156
892
333
937
125
741
251
176
140
850
743
183
769
375
343
185
893
326
198
810
221
101
598
218
922
123
614
854
756
588
466
997
983
996
778
718
279
650
485
930
0
749
202
340
746
480
114
539
978
548
418
771
994
741
328
610
221
174
295
133
452
961
164
731
289
968
588
425
603
645
369
972
646
111
850
145
998
554
944
367
325
268
534
293
533
593
724
828
472
245
336
788
188
341
286
505
962
416
621
964
423
323
157
102
174
442
469
211
874
533
476
103
276
544
384
260
923
835
149
975
551
370
392
984
608
591
844
787
672
556
704
290
354
966
104
425
731
753
151
836
749
0
760
873
338
852
129
921
951
605
881
589
681
888
366
660
704
829
619
222
822
801
667
423
483
795
777
342
529
570
153
443
156
310
516
256
920
611
652
781
191
633
514
724
986
642
815
610
848
921
468
230
212
839
657
113
188
838
591
371
436
944
426
524
182
765
153
352
141
132
202
982
806
201
252
388
659
490
370
365
931
739
976
584
957
237
621
701
712
222
659
492
383
160
374
526
162
942
516
104
202
760
0
299
439
449
415
250
123
391
487
937
253
805
104
568
883
627
783
425
456
624
453
378
125
195
664
388
730
847
231
883
907
505
244
659
396
524
977
592
177
330
774
343
302
372
702
315
789
439
718
483
626
639
463
993
772
141
879
962
907
256
489
677
998
170
501
980
271
178
403
429
671
887
686
830
307
851
387
731
872
970
425
936
896
913
579
765
960
468
521
309
659
536
151
209
172
933
123
854
340
873
299
0
510
213
193
816
950
912
895
499
263
253
434
476
701
532
988
808
389
252
254
606
361
483
698
924
740
264
465
532
585
579
793
938
345
797
333
715
847
660
807
283
305
787
570
698
978
476
750
446
581
336
388
688
849
881
397
330
875
654
430
154
896
105
926
940
661
849
307
698
258
446
893
738
982
418
914
766
714
277
477
186
610
568
144
435
767
570
411
482
273
983
356
488
683
150
503
378
746
338
439
510
0
930
777
751
218
877
503
322
188
918
986
459
517
229
711
383
977
986
729
892
582
297
314
376
820
202
850
516
653
970
871
420
787
430
553
337
357
420
942
708
872
652
498
579
937
895
938
896
682
766
874
644
738
660
785
169
437
905
461
956
333
558
729
692
888
644
634
842
779
237
225
684
347
845
410
159
666
347
492
971
584
284
948
970
404
752
156
479
776
347
885
599
985
194
200
372
480
852
449
213
930
0
736
167
721
880
272
429
394
197
420
919
268
752
252
588
953
523
787
142
414
995
356
452
878
524
623
234
691
169
778
809
275
193
152
162
230
456
540
722
348
755
843
575
822
325
528
775
641
379
337
526
988
709
331
296
548
380
688
884
451
373
950
199
129
513
200
952
934
839
464
950
470
168
506
663
755
499
435
830
245
666
909
659
359
414
612
636
651
573
636
335
745
553
389
803
114
129
415
193
777
736
0
738
940
148
509
319
914
909
507
531
671
470
477
165
143
957
998
335
757
531
871
594
446
931
789
995
748
960
445
710
953
553
456
940
421
312
940
908
984
942
492
438
163
329
185
259
775
213
100
431
598
508
165
961
815
316
418
218
188
454
791
346
469
982
973
160
142
155
830
137
869
158
534
203
669
664
854
104
207
158
483
354
959
854
122
403
528
601
990
340
720
919
790
903
539
921
250
816
751
167
738
0
805
342
199
125
322
110
764
564
292
274
163
639
717
968
365
767
748
597
395
952
193
322
193
354
539
879
218
135
761
406
926
430
122
229
114
563
605
505
332
320
938
768
962
222
450
455
530
498
445
494
180
157
718
388
217
556
375
381
775
610
906
118
595
138
502
802
698
898
307
368
872
830
663
487
902
889
705
792
335
954
770
227
479
365
591
726
872
764
946
146
959
743
978
951
123
950
218
721
940
805
0
737
397
666
311
632
461
969
167
393
854
154
923
701
858
373
456
506
906
451
806
961
972
274
369
306
687
489
618
456
436
705
111
990
615
781
904
780
871
244
253
877
605
967
844
423
885
500
893
770
609
859
367
353
431
510
845
934
690
112
717
824
587
308
682
306
146
198
117
707
232
177
738
522
208
933
576
351
578
278
894
373
904
460
434
453
152
958
473
116
617
922
548
605
391
912
877
880
148
342
737
0
965
148
474
486
555
361
503
462
722
377
730
496
711
169
604
588
865
900
937
140
495
975
821
335
714
323
951
667
203
223
817
313
339
445
384
781
582
843
456
211
268
520
633
457
216
401
435
302
386
540
655
863
717
725
211
184
615
143
544
551
275
429
945
845
422
184
861
281
459
190
926
464
866
328
561
236
456
648
113
595
632
398
425
160
705
947
406
452
275
958
418
881
487
895
503
272
509
199
397
965
0
250
103
415
557
254
388
430
339
987
876
254
675
505
431
732
249
380
328
646
542
847
469
193
267
144
837
709
240
803
577
804
886
512
996
933
270
187
470
187
425
794
964
369
272
407
916
658
342
550
717
507
874
155
218
475
856
322
985
188
723
878
800
789
304
427
454
804
611
759
550
432
740
105
823
331
939
220
618
114
461
236
816
412
400
463
845
478
380
310
771
589
937
499
322
429
319
125
666
148
250
0
799
179
693
846
474
540
568
998
839
591
530
619
923
498
852
149
229
542
185
567
534
291
448
266
698
246
246
295
831
193
148
628
660
562
274
623
244
815
265
159
776
678
740
191
604
282
566
706
572
196
368
326
624
419
113
759
754
546
879
448
503
728
649
576
571
554
261
879
262
852
297
304
468
200
577
781
261
480
607
570
576
442
920
345
439
441
687
983
994
681
253
263
188
394
914
322
311
474
103
799
0
406
830
512
962
876
771
218
588
400
700
350
854
345
755
154
661
409
659
830
253
562
489
447
384
840
714
180
155
530
652
642
836
355
510
651
441
680
745
550
828
741
602
152
958
372
483
492
992
378
646
594
227
777
254
984
741
262
631
205
927
219
236
447
723
803
244
610
489
100
504
519
456
186
187
111
711
192
574
596
790
844
431
240
167
199
220
257
741
888
805
253
918
197
909
110
632
486
415
179
406
0
439
302
477
379
864
811
751
895
375
656
661
102
954
675
538
752
229
135
497
248
565
233
759
433
687
704
462
102
217
369
921
416
516
947
769
992
922
922
825
305
482
307
753
952
634
523
903
357
225
771
281
951
143
418
755
351
796
873
783
499
951
113
312
698
400
447
606
516
601
135
854
510
491
378
390
451
738
832
490
980
240
295
595
435
646
423
328
366
104
434
986
420
507
764
461
555
557
693
830
439
0
501
463
559
497
230
392
768
485
509
924
536
129
283
804
911
924
208
669
893
303
986
484
879
675
182
429
317
627
880
273
267
884
739
755
154
303
778
864
307
607
720
771
651
861
548
193
539
186
743
691
406
691
619
737
102
427
199
553
979
137
439
325
821
964
676
494
550
634
299
123
808
184
804
369
738
391
646
278
534
323
624
787
409
527
685
610
660
568
476
459
919
531
564
969
361
254
846
512
302
501
0
343
119
984
647
942
832
908
622
779
775
598
790
225
113
865
775
446
947
187
730
572
720
325
399
995
820
141
167
479
884
639
335
303
640
953
235
743
692
124
507
926
823
235
922
894
311
849
768
430
936
672
767
829
278
888
572
180
964
364
417
405
472
789
989
576
556
993
302
700
857
181
550
958
482
679
413
280
608
202
319
450
567
595
923
221
704
883
701
517
268
671
292
167
503
388
474
962
477
463
343
0
746
889
111
270
707
286
165
130
621
749
702
477
872
850
938
141
576
131
160
184
938
476
176
617
125
414
841
724
155
954
740
875
439
616
138
163
620
237
508
432
877
417
422
676
365
568
486
775
599
409
600
682
674
583
463
744
141
751
658
134
242
971
315
404
156
786
227
142
921
181
952
118
481
343
714
918
795
312
840
932
873
251
347
174
829
627
532
229
752
470
274
393
462
430
540
876
379
559
119
746
0
