0
705
120
797
73
752
126
377
38
555
235
275
189
596
827
512
198
500
456
588
451
452
823
270
502
933
443
124
874
149
363
63
528
806
264
206
179
202
886
785
955
633
475
664
762
812
780
193
464
251
997
617
430
80
995
175
567
762
828
118
257
238
61
845
603
526
730
788
665
650
283
842
733
365
735
544
724
201
158
474
12
590
80
419
625
326
11
722
349
481
318
475
873
707
52
459
804
499
327
430
705
0
515
457
746
302
656
981
720
539
812
946
402
358
673
583
562
528
188
200
38
582
443
187
29
1
683
433
78
288
895
689
744
958
187
322
13
486
528
471
423
825
190
894
157
338
751
5
406
778
455
278
435
10
61
400
553
523
185
166
64
343
745
406
695
473
913
38
64
653
161
828
555
122
735
892
269
385
11
224
542
988
539
384
700
473
779
355
542
529
813
901
417
609
287
68
289
705
235
777
120
515
0
39
783
654
717
562
974
945
15
18
564
950
681
543
282
431
267
612
530
796
727
866
357
122
528
238
785
665
276
702
306
384
920
214
342
538
436
884
855
706
118
304
669
879
298
448
265
820
747
139
568
183
588
199
777
228
867
273
552
543
223
36
336
418
954
430
412
770
755
154
301
934
303
603
818
96
290
908
280
764
951
299
667
371
357
396
705
780
105
75
231
597
424
198
506
304
805
940
797
457
39
0
976
844
667
94
518
555
36
61
154
990
584
329
94
208
620
689
431
868
766
628
207
414
821
975
396
993
631
137
683
28
281
747
47
872
525
898
429
272
318
923
253
56
188
127
838
53
591
117
130
699
96
567
122
572
135
93
414
215
272
971
360
651
394
304
937
578
68
333
504
879
556
897
741
337
438
251
773
970
491
404
540
132
765
60
987
313
190
752
969
442
385
630
861
7
84
118
73
746
783
976
0
407
202
768
273
933
993
710
408
889
186
67
504
192
785
106
304
353
611
238
739
599
378
982
297
601
363
623
329
841
544
606
347
210
374
422
378
965
197
55
938
698
727
205
714
93
268
515
945
236
955
87
361
52
859
734
518
364
308
934
839
55
792
338
714
871
674
194
42
384
841
312
516
734
426
638
435
698
109
383
576
862
906
460
566
594
904
867
76
234
848
691
385
4
289
627
752
302
654
844
407
0
516
573
707
980
373
116
624
587
181
757
598
990
175
450
964
131
734
691
173
614
646
959
419
610
533
307
774
654
120
513
141
938
644
580
75
686
625
737
508
234
177
515
541
238
398
880
669
269
17
525
83
305
524
278
597
886
545
104
113
504
299
884
413
338
758
357
839
354
696
818
44
582
154
76
275
145
637
106
660
946
647
363
6
709
9
362
628
617
541
80
754
408
566
483
126
656
717
667
202
516
0
40
513
369
884
276
519
876
372
227
312
39
130
682
196
415
112
131
851
762
956
275
511
222
496
432
40
602
422
156
229
599
868
340
697
981
537
868
150
300
20
650
27
506
311
325
379
142
712
116
130
196
121
602
949
504
211
884
479
657
603
432
118
17
104
512
423
54
742
444
850
399
457
109
501
860
279
475
260
87
369
517
184
337
39
569
35
795
217
6
898
303
523
70
377
981
562
94
768
573
40
0
405
381
944
836
82
526
17
846
887
14
758
534
568
939
605
284
764
895
477
967
901
213
458
374
668
524
22
706
149
353
332
70
241
592
643
520
778
111
298
703
820
550
704
835
35
902
444
370
813
822
338
756
950
21
76
781
720
738
823
59
83
338
489
858
773
843
409
862
635
1
272
39
340
564
233
944
565
263
862
189
426
854
649
605
58
439
27
339
72
72
397
209
38
720
974
518
273
707
513
405
0
104
913
862
501
634
672
290
939
180
300
187
29
939
615
500
763
248
218
881
959
760
804
531
913
977
624
388
472
499
843
431
169
212
533
776
438
965
992
344
591
744
447
820
523
72
231
71
801
287
703
909
670
411
126
388
854
796
560
585
584
234
494
615
291
529
449
999
445
813
306
269
613
860
81
94
574
831
445
895
448
806
469
913
607
258
432
417
567
393
80
949
555
539
945
555
933
980
369
381
104
0
14
35
685
23
791
373
645
648
737
924
948
219
867
157
592
748
409
187
963
786
250
246
43
726
308
948
929
758
804
364
133
153
741
161
582
431
63
648
362
81
553
764
175
789
865
914
500
822
69
834
37
279
152
950
595
87
364
594
291
275
222
682
810
522
17
970
504
308
843
168
264
897
310
183
505
476
414
660
210
10
81
300
199
856
499
873
231
299
304
540
235
812
15
36
993
373
884
944
913
14
0
44
530
966
432
292
133
828
157
6
897
186
132
418
349
919
143
627
866
676
994
136
421
672
527
63
229
936
958
192
501
268
351
223
518
76
954
971
145
548
908
787
345
247
867
187
724
69
282
758
891
91
974
280
754
40
239
950
183
147
715
658
7
112
868
664
254
617
920
808
738
137
732
487
277
614
286
212
316
17
549
755
310
155
513
183
339
396
617
462
275
946
18
61
710
116
276
836
862
35
44
0
474
153
905
778
56
987
162
385
675
204
815
240
307
434
240
783
819
313
896
665
909
166
287
66
447
708
428
46
382
464
929
1000
846
622
133
775
677
662
357
63
889
833
731
847
865
502
897
917
703
820
774
283
850
751
195
865
619
376
208
313
96
635
936
548
31
145
365
471
925
557
73
207
13
206
446
545
168
596
754
913
90
178
18
372
915
266
165
608
189
402
564
154
408
624
519
82
501
685
530
474
0
972
752
533
751
102
655
4
293
240
866
432
61
761
678
746
878
167
974
894
499
636
528
926
208
250
585
360
909
733
328
74
524
829
295
668
845
931
864
995
494
626
854
333
344
57
898
734
179
735
644
566
371
369
655
773
140
550
737
369
823
91
432
525
641
350
317
291
342
542
382
44
233
661
786
884
938
875
997
830
289
267
436
607
567
167
397
303
596
358
950
990
889
587
876
526
634
23
966
153
972
0
651
155
836
528
884
286
718
832
78
499
630
358
819
957
173
655
328
484
778
33
515
466
422
202
622
986
111
650
980
441
393
64
119
578
860
583
937
451
321
928
172
17
390
314
534
510
76
381
412
471
733
657
66
448
991
777
201
716
719
768
248
966
844
955
413
235
921
973
665
322
839
844
324
26
221
530
888
630
707
929
472
571
142
949
64
577
827
673
681
584
186
181
372
17
672
791
432
905
752
651
0
783
933
450
639
379
146
399
263
742
211
434
301
112
984
136
810
131
905
22
597
805
269
824
588
282
236
378
758
794
587
318
606
983
350
895
468
250
992
958
163
937
713
614
479
45
682
62
865
526
243
566
826
165
44
535
586
779
535
76
25
962
125
424
630
652
106
899
711
421
251
723
54
86
495
164
552
893
277
414
448
44
705
983
896
395
512
583
543
329
67
757
227
846
290
373
292
778
533
155
783
0
547
913
734
325
355
167
127
490
309
280
56
522
996
821
251
294
341
491
958
534
883
864
841
971
751
751
415
559
510
979
468
470
375
102
201
959
765
408
850
649
990
791
329
460
709
124
867
371
436
161
700
448
215
361
818
951
478
382
871
814
671
989
313
147
63
53
849
44
196
791
778
8
907
529
103
146
242
882
263
664
827
155
155
418
198
562
282
94
504
598
312
887
939
645
133
56
751
836
933
547
0
55
760
576
170
475
691
506
501
394
939
742
885
535
280
144
849
69
551
665
59
580
406
212
171
914
29
535
889
254
933
317
531
163
841
729
453
310
771
406
330
691
748
355
480
429
629
937
357
955
848
826
139
576
121
406
155
493
729
408
916
953
283
301
883
53
372
177
888
584
741
427
141
893
43
509
804
950
304
95
329
39
580
98
500
528
431
208
192
990
39
14
180
648
828
987
102
528
450
913
55
0
194
720
630
231
386
192
302
72
258
796
473
501
237
723
904
951
389
351
842
669
542
359
263
619
524
592
626
288
193
258
580
618
64
934
854
338
415
535
564
742
548
917
990
549
92
399
783
914
602
946
967
309
963
721
473
464
921
241
631
352
345
840
296
149
108
62
383
814
981
779
425
983
3
104
424
363
822
557
378
659
965
308
456
188
267
620
785
175
130
758
300
737
157
162
655
884
639
734
760
194
0
599
698
842
874
58
639
118
428
209
100
346
75
367
130
850
624
921
115
889
433
310
854
41
908
243
927
619
281
330
593
808
388
973
95
213
151
611
175
387
165
862
710
160
145
81
262
319
287
316
826
333
743
491
980
15
511
263
433
241
360
889
17
621
280
596
256
130
328
937
182
430
597
349
296
668
47
239
390
292
513
51
588
200
612
689
106
450
682
534
187
924
6
385
4
286
379
325
576
720
599
0
843
286
541
192
424
826
878
785
42
518
382
792
119
508
626
514
64
642
533
982
744
963
991
856
540
98
927
309
89
580
306
402
602
94
747
617
708
834
700
139
833
366
277
836
217
379
153
544
457
736
790
848
812
490
331
230
916
262
819
591
74
90
420
406
951
87
884
799
506
773
431
553
893
989
589
871
651
622
535
478
451
38
530
431
304
964
196
568
29
948
897
675
293
718
146
355
170
630
698
843
0
351
608
301
410
122
245
518
750
513
969
617
132
785
492
609
274
454
956
752
266
463
660
516
196
78
325
241
470
308
683
206
405
727
954
438
312
302
136
713
752
636
129
241
344
561
463
336
205
252
575
160
152
642
877
889
986
311
421
73
210
542
118
954
434
947
981
485
13
754
337
736
285
738
63
29
121
972
434
515
452
582
796
868
353
131
415
939
939
219
186
204
240
832
399
167
475
231
842
286
351
0
103
472
964
345
709
639
665
211
306
958
259
444
104
535
783
810
376
657
539
873
78
5
26
615
80
979
61
901
511
641
22
882
430
675
233
452
547
776
361
578
270
305
711
190
693
772
601
804
609
848
853
621
423
297
702
886
456
759
440
125
261
999
872
403
679
701
292
470
304
447
791
743
869
741
485
493
612
590
823
443
727
766
611
734
112
605
615
867
132
815
866
78
263
127
691
386
874
541
608
103
0
733
288
741
366
948
206
52
910
150
546
396
808
442
902
955
56
774
794
349
593
539
160
797
907
243
146
486
582
660
400
516
990
484
499
357
214
529
822
563
104
815
329
434
688
802
642
923
953
896
607
284
274
540
615
907
469
129
268
615
323
908
4
150
471
29
709
470
922
444
602
231
688
788
669
78
625
377
270
187
866
628
238
691
131
284
500
157
418
240
432
499
742
490
506
192
58
192
301
472
733
0
982
882
663
959
437
632
161
73
493
311
752
560
341
217
40
826
71
350
587
370
742
129
139
701
918
390
991
806
400
746
987
431
690
528
791
20
789
103
592
110
137
412
252
285
27
463
155
34
133
340
683
700
594
967
36
112
180
113
81
678
567
355
303
751
546
397
23
946
661
844
104
459
944
24
808
185
502
29
357
207
739
173
851
764
763
592
349
307
61
630
211
309
501
302
639
424
410
964
288
982
0
766
51
760
536
159
474
222
427
935
846
322
880
524
102
565
193
5
334
822
615
875
19
996
816
228
846
516
858
400
647
210
196
33
846
675
443
188
416
465
375
192
19
615
292
257
774
33
796
45
198
591
649
687
951
984
622
276
428
350
85
762
992
882
867
977
820
803
470
660
449
519
882
190
501
769
933
1
122
414
599
614
762
895
248
748
919
434
761
358
434
280
394
72
118
826
122
345
741
882
766
0
384
990
43
587
563
236
248
194
809
442
657
265
410
519
717
745
963
785
553
369
620
209
251
316
268
662
129
977
339
186
191
993
357
560
6
3
942
540
179
393
798
973
494
549
240
295
752
371
969
572
882
191
113
586
634
176
54
974
62
676
867
37
887
343
992
707
71
673
29
209
739
830
95
93
443
683
528
821
378
646
956
477
218
409
143
240
678
819
301
56
939
258
428
878
245
709
366
663
51
384
0
497
922
309
660
522
747
794
394
839
351
754
86
929
864
457
87
932
83
392
293
428
150
853
153
872
269
519
319
429
697
257
194
354
460
610
502
973
815
333
488
669
255
619
921
486
942
653
868
202
1000
889
411
564
522
487
647
588
858
757
337
122
203
217
277
880
989
648
952
976
728
560
209
729
124
433
238
975
982
959
275
967
881
187
627
783
746
957
112
522
742
796
209
785
518
639
948
959
760
990
497
0
314
426
891
990
427
393
600
90
56
324
307
584
958
224
502
136
873
60
667
729
526
599
633
970
906
665
490
305
945
249
359
982
582
78
485
290
620
458
890
114
793
897
86
908
668
93
12
584
680
705
352
335
123
142
367
381
873
146
951
541
994
520
363
471
307
468
21
288
720
861
228
230
874
78
785
396
297
419
511
901
959
963
866
819
878
173
984
996
885
473
100
42
750
665
206
437
536
43
922
314
0
828
347
344
13
413
524
124
690
932
146
117
86
296
983
929
663
986
111
318
617
131
383
962
174
689
432
435
569
817
482
306
520
314
735
44
274
982
84
746
583
829
783
685
713
705
439
194
192
109
100
463
715
561
284
867
616
659
293
96
179
662
696
80
415
976
284
161
813
54
242
3
149
288
665
993
601
610
222
213
760
786
676
313
167
655
136
821
535
501
346
518
513
211
52
632
159
587
309
426
828
0
462
668
792
579
620
712
795
450
419
564
831
599
124
738
99
637
872
263
655
435
538
404
720
80
7
261
399
247
108
885
423
889
955
699
59
471
22
287
478
536
946
542
837
858
521
55
843
242
564
932
628
907
4
162
984
773
700
488
500
973
60
173
209
638
386
553
722
630
144
70
363
895
276
631
363
533
496
458
804
250
994
896
974
328
810
251
280
237
75
382
969
306
910
161
474
563
660
891
347
462
0
868
134
44
517
663
203
256
513
892
229
311
466
877
551
745
13
386
541
70
502
376
22
632
822
643
43
590
48
232
508
367
837
60
727
843
407
183
588
916
358
176
249
985
715
484
101
44
995
819
173
50
779
75
229
463
177
449
504
463
981
222
292
542
556
973
438
977
556
576
63
689
702
137
623
307
432
374
531
246
136
665
894
484
131
294
144
723
367
792
617
958
150
73
222
236
522
990
344
668
868
0
858
78
773
778
750
433
862
953
933
58
5
996
581
765
276
131
506
367
769
885
315
605
283
564
952
746
432
829
314
971
415
480
593
705
774
80
324
126
916
64
680
874
568
179
63
894
733
633
954
998
924
768
277
751
659
601
332
906
82
75
679
37
610
16
565
414
98
490
528
744
306
683
329
774
40
668
913
43
421
909
499
778
905
341
849
904
130
119
132
259
546
493
427
248
747
427
13
792
134
858
0
806
116
551
891
381
551
701
686
221
242
254
714
918
864
511
59
498
632
779
118
787
655
402
930
472
702
919
607
576
830
128
889
290
689
606
562
557
8
638
248
75
919
286
274
670
297
894
824
9
961
426
47
108
968
7
221
945
16
107
998
954
355
923
592
867
532
412
806
958
384
28
841
654
602
524
977
726
672
166
636
33
22
491
69
951
850
508
785
444
396
311
935
194
794
393
413
579
44
78
806
0
836
885
448
946
119
72
299
482
371
373
927
657
361
60
727
366
850
400
328
615
27
860
310
888
546
692
402
789
482
19
875
2
335
330
95
96
660
168
914
286
761
996
150
618
160
640
784
552
312
127
387
180
854
183
59
773
932
996
1000
157
476
33
852
404
538
540
264
187
920
281
544
120
422
22
624
308
527
287
528
515
597
958
551
389
624
626
492
104
808
752
846
809
394
600
524
620
517
773
116
836
0
305
823
343
959
460
105
745
161
913
530
868
373
331
889
382
611
94
406
123
1
792
354
193
316
73
863
779
83
910
202
376
574
884
794
889
223
144
842
814
564
285
252
838
634
752
59
791
689
562
726
733
582
215
556
989
548
436
599
256
819
440
392
610
195
760
206
322
214
747
606
513
156
706
388
948
63
66
926
466
805
534
665
351
921
514
609
535
442
560
322
442
839
90
124
712
663
778
551
885
305
0
955
198
144
837
958
198
246
885
86
890
839
530
768
717
935
439
813
386
665
193
239
896
881
915
717
437
589
763
217
231
588
45
594
7
607
790
644
123
447
575
586
923
511
416
917
123
896
863
74
281
210
517
292
627
40
352
989
103
844
187
807
893
1000
819
179
13
342
47
347
141
229
149
472
929
229
447
208
422
269
883
59
842
115
64
274
783
902
341
880
657
351
56
690
795
203
750
891
448
823
955
0
96
931
73
608
152
422
166
894
8
169
574
886
283
662
299
51
771
132
708
930
157
847
671
561
818
373
907
24
894
169
861
103
802
153
854
541
345
303
884
582
816
694
144
756
952
843
214
281
234
733
647
457
824
725
930
381
878
98
57
875
882
40
288
202
486
538
872
210
938
599
353
499
758
936
708
250
202
824
864
580
669
889
642
454
810
955
217
524
265
754
324
932
450
256
433
381
946
343
198
96
0
231
94
860
108
439
413
830
333
287
130
11
5
330
45
209
983
224
126
609
350
398
716
319
738
666
45
18
179
241
628
94
488
360
546
894
813
906
167
312
444
188
57
325
227
615
106
458
747
927
265
3
139
114
85
605
837
638
156
597
335
35
332
886
528
436
525
374
644
868
332
843
804
958
428
585
622
588
841
406
542
433
533
956
376
56
40
102
410
86
307
146
419
513
862
551
119
959
144
931
231
0
769
217
280
326
437
556
68
264
49
482
393
458
782
629
508
504
331
473
131
371
734
445
152
476
246
788
197
818
741
763
554
530
174
454
124
581
550
652
847
587
604
89
508
38
201
477
130
851
69
451
940
686
187
933
547
248
828
842
760
805
520
785
471
884
898
422
580
340
70
431
364
192
46
360
986
282
971
212
359
310
982
752
657
774
826
565
519
929
584
117
564
892
953
701
72
460
837
73
94
769
0
942
953
282
18
823
480
565
937
233
335
828
385
594
108
980
435
601
126
459
875
530
742
308
955
609
152
523
665
690
121
727
963
857
914
465
377
203
680
42
895
762
984
483
290
627
659
592
201
911
33
702
398
189
586
2
385
375
158
724
653
955
423
855
429
378
75
697
241
169
133
501
382
909
111
236
751
171
263
854
744
266
539
794
71
193
717
864
958
86
831
229
933
686
299
105
958
608
860
217
942
0
661
684
657
414
881
190
382
593
648
600
329
844
94
56
793
324
934
293
127
200
800
914
377
78
635
549
777
771
826
585
770
985
977
887
823
729
523
776
511
815
246
832
881
999
549
392
362
693
185
859
131
822
846
367
850
155
318
431
67
633
825
706
272
965
686
981
592
212
153
268
464
733
650
378
751
914
619
41
963
463
873
349
350
5
745
457
224
296
599
311
58
221
482
745
198
152
108
280
953
661
0
544
537
901
640
329
344
901
574
227
751
384
953
249
378
67
950
517
492
390
397
431
732
80
994
246
386
681
228
92
834
141
817
712
768
464
352
77
952
674
170
479
251
405
305
721
343
213
930
508
543
207
519
294
409
497
843
230
695
475
190
118
318
197
625
537
643
533
741
351
929
328
980
758
415
29
524
908
991
660
78
593
587
334
963
87
502
983
124
466
5
242
371
161
246
422
439
326
282
684
544
0
502
683
517
462
423
483
252
686
761
760
857
312
297
677
719
189
737
883
320
285
104
449
597
491
690
239
447
62
551
448
219
207
728
354
746
675
173
75
404
248
755
771
89
671
838
256
651
76
608
746
783
33
653
797
364
200
645
664
894
304
923
55
737
868
520
776
161
223
1000
74
441
794
559
535
592
243
856
516
5
539
370
822
785
932
136
929
738
877
996
254
373
913
885
166
413
437
18
657
537
502
0
181
408
305
595
128
211
87
537
849
210
501
118
534
947
77
381
54
611
386
423
545
4
582
734
868
24
477
144
25
945
174
10
169
935
259
880
759
283
992
836
784
624
727
620
128
296
258
768
303
87
753
138
275
159
300
816
762
157
669
253
938
508
150
778
438
582
518
846
524
393
587
510
889
626
927
540
196
26
160
742
615
553
83
873
663
99
551
581
714
927
530
86
894
830
556
823
414
901
683
181
0
932
818
303
159
533
417
252
314
938
118
644
613
29
506
92
905
28
340
344
14
1
669
605
2
408
549
173
133
978
617
178
325
633
887
300
571
950
581
736
64
525
414
279
414
235
54
995
411
572
36
278
999
940
76
531
812
338
879
56
698
234
300
111
965
431
76
622
829
64
318
979
254
288
619
98
78
615
797
129
875
369
392
60
986
637
745
765
918
657
868
890
8
333
68
480
881
640
517
408
932
0
119
950
492
952
882
575
862
676
561
893
386
179
427
855
299
529
58
11
774
332
905
207
763
179
782
512
297
309
390
641
220
336
358
615
545
90
202
970
355
223
275
478
688
547
341
933
4
957
63
720
362
53
471
708
780
751
298
188
727
177
20
298
992
63
954
133
295
119
606
468
933
193
281
927
325
80
907
139
19
620
293
667
111
872
13
276
864
361
373
839
169
287
264
565
190
329
462
305
818
119
0
356
351
273
788
560
4
663
946
883
993
3
211
45
944
270
845
415
564
194
989
928
879
807
708
898
65
575
458
905
264
45
909
29
133
526
45
761
8
940
589
632
545
182
211
912
507
221
570
95
163
670
485
487
193
5
448
127
205
515
650
703
344
648
971
775
668
578
983
470
317
258
330
309
241
979
243
701
996
209
428
729
318
263
386
131
511
60
331
530
574
130
49
937
382
344
423
595
303
950
356
0
370
264
44
769
863
242
96
913
74
849
176
788
499
591
399
739
979
133
549
315
386
649
890
702
709
349
26
492
512
34
474
596
259
859
902
681
60
614
803
220
989
639
955
344
69
316
2
944
248
886
374
305
464
406
265
838
714
541
27
820
591
362
145
677
845
860
350
375
531
580
593
89
470
61
146
918
816
251
150
526
617
655
541
506
59
727
889
768
886
11
482
233
593
901
483
128
159
492
351
370
0
730
136
778
721
10
531
206
887
385
715
236
149
872
120
766
951
846
147
271
671
957
304
868
978
19
896
377
366
517
772
480
533
74
552
309
941
62
761
25
717
276
824
470
956
658
827
254
688
17
708
752
251
778
820
53
93
238
506
550
744
81
548
662
931
583
895
102
163
618
808
580
308
901
486
390
228
316
853
599
131
435
70
367
498
366
382
717
283
5
393
335
648
574
252
211
533
952
273
264
730
0
268
392
756
470
453
142
742
113
467
454
52
618
598
336
184
683
117
967
465
379
727
562
629
275
112
669
83
879
265
59
717
18
440
270
848
332
879
239
633
615
829
768
163
429
978
790
493
579
995
225
997
455
747
591
268
398
311
704
447
553
908
357
864
937
468
201
841
64
388
306
683
511
582
991
846
268
153
633
383
538
502
769
632
850
611
935
662
330
458
828
600
227
686
87
417
882
788
44
136
268
0
263
975
988
52
335
915
625
608
16
283
951
626
452
850
821
599
317
301
157
97
27
99
9
814
85
462
892
139
766
376
914
46
917
228
266
678
436
821
677
502
661
520
719
570
508
252
51
968
81
617
278
139
117
515
880
325
835
820
764
787
63
995
451
250
959
729
934
973
402
206
641
660
806
516
662
872
970
962
404
376
885
779
400
94
439
299
45
782
385
329
751
761
537
252
575
560
769
778
392
263
0
413
613
369
940
906
958
751
969
442
706
500
229
221
510
856
365
503
825
906
873
336
848
83
105
720
624
485
114
625
799
660
996
692
988
700
913
724
454
886
294
944
235
632
465
655
401
756
566
430
435
568
130
945
669
379
35
523
175
345
889
494
321
992
765
453
854
95
602
405
22
400
400
858
129
269
906
174
720
22
315
118
328
406
813
51
209
629
594
844
384
760
849
314
862
4
863
721
756
975
413
0
23
40
996
388
592
86
444
643
531
323
827
642
323
679
333
464
382
534
935
571
416
819
155
561
991
643
133
170
723
299
320
735
534
454
36
793
633
729
436
392
937
639
53
388
644
702
45
80
10
183
699
236
269
142
902
72
789
247
833
626
928
958
408
310
338
213
94
727
882
516
746
400
977
519
665
689
80
632
605
787
615
123
386
771
983
508
108
94
953
857
210
938
676
663
242
10
470
988
613
23
0
593
867
727
249
967
896
518
551
161
456
180
483
672
577
207
605
361
675
728
760
429
460
510
5
803
127
361
782
867
731
861
355
277
947
137
240
26
424
966
215
357
827
353
379
193
150
995
61
588
96
955
17
712
444
231
865
867
731
854
172
163
850
771
415
151
747
954
430
990
987
647
339
319
490
432
7
822
283
655
27
1
665
132
224
504
980
56
249
312
501
118
561
946
96
531
453
52
369
40
593
0
495
893
195
345
278
8
746
958
371
342
832
124
329
863
175
538
354
725
115
667
921
705
630
661
745
795
647
751
886
426
992
584
731
229
394
291
682
474
837
392
573
720
407
605
623
175
400
199
567
87
525
116
370
71
914
187
847
333
17
937
649
406
535
611
617
438
675
484
431
210
186
429
305
435
261
643
564
402
860
792
193
708
126
331
435
793
378
297
118
644
893
883
913
206
142
335
940
996
867
495
0
308
69
721
670
196
899
268
940
98
195
936
573
23
437
749
699
413
665
544
850
39
359
51
974
370
501
522
259
374
248
58
309
811
19
791
94
725
489
427
181
223
167
590
381
567
553
777
122
361
83
130
813
801
500
724
865
344
390
713
990
330
564
175
708
312
233
499
690
196
191
697
945
569
399
43
952
930
310
354
239
930
609
473
601
324
67
677
534
613
386
993
74
887
742
915
906
388
727
893
308
0
560
866
808
128
805
219
729
650
93
815
719
425
404
899
819
25
151
17
567
540
716
820
449
121
60
719
256
422
2
986
826
34
183
131
438
291
587
789
553
876
28
247
87
762
523
228
572
52
305
196
822
287
822
69
502
57
314
614
791
691
742
387
834
302
452
357
528
33
993
257
249
817
247
590
746
472
888
193
896
157
350
131
126
934
950
719
947
29
179
3
849
385
113
625
958
592
249
195
69
560
0
452
188
669
692
486
785
382
903
471
252
674
794
710
469
179
158
685
889
521
199
123
749
773
220
360
944
700
275
476
103
843
711
891
710
336
916
636
531
492
792
995
14
828
185
867
135
859
524
121
338
703
69
282
897
898
534
479
329
748
548
165
700
136
547
214
791
846
357
194
359
482
108
48
432
702
546
316
881
847
398
371
459
293
517
189
77
506
427
211
176
715
467
608
751
86
967
345
721
866
452
0
457
266
787
559
247
640
255
39
110
126
696
408
337
281
488
22
236
490
527
289
183
146
125
551
96
242
736
896
918
299
325
854
203
458
414
44
305
651
564
130
962
118
166
273
93
734
278
602
756
909
834
758
917
734
510
45
460
355
917
862
139
713
776
529
20
675
560
354
982
306
885
232
829
919
692
73
915
671
716
734
875
127
492
737
381
92
855
45
788
236
454
16
969
444
896
278
670
808
188
457
0
285
832
867
852
834
945
154
902
271
379
534
864
609
509
493
290
984
596
883
823
790
717
711
219
953
99
500
4
693
812
628
841
848
327
271
25
531
392
533
431
257
64
552
414
518
597
949
950
670
37
891
703
179
76
682
709
480
990
710
833
752
361
822
789
443
6
460
582
520
423
508
314
607
402
863
717
561
319
445
530
200
390
883
54
905
299
944
499
149
52
283
442
643
518
8
196
128
669
266
285
0
724
257
858
413
708
917
599
613
300
330
212
759
678
811
565
853
780
191
754
84
213
509
549
625
97
680
535
717
73
351
707
286
187
761
826
442
245
852
847
238
343
543
215
364
886
504
21
411
279
91
820
735
381
62
124
429
549
160
366
636
578
563
103
188
3
610
78
314
889
367
971
576
789
779
437
818
738
152
742
800
397
320
611
28
529
270
591
872
618
951
706
531
551
746
899
805
692
787
832
724
0
953
695
17
52
910
656
252
116
348
77
537
411
199
414
985
87
930
905
143
467
27
719
398
736
803
186
972
417
570
30
965
2
74
328
277
182
497
641
61
745
223
272
308
545
211
76
126
152
974
774
644
412
865
867
629
92
145
277
129
270
104
592
416
942
502
485
735
955
837
415
830
482
83
589
373
666
476
308
914
431
285
386
340
58
845
399
120
598
626
500
323
161
958
268
219
486
559
867
257
953
0
468
635
247
84
155
498
292
903
549
717
709
869
986
790
128
26
641
222
39
913
97
615
479
431
608
280
738
251
703
531
711
553
466
351
460
612
388
845
406
36
971
934
104
884
781
388
950
280
283
566
471
526
371
937
399
81
836
241
305
815
110
465
540
973
290
44
699
60
480
128
19
910
763
907
45
246
955
377
732
104
423
344
11
415
739
766
336
452
229
827
456
371
940
729
785
247
852
858
695
468
0
383
888
683
647
193
690
901
452
888
959
470
510
756
429
653
318
253
890
472
9
357
210
447
162
385
732
28
953
91
345
234
350
248
205
909
653
603
695
336
360
839
113
479
720
854
595
754
850
371
733
243
436
357
783
262
217
344
711
329
137
375
179
815
620
274
59
727
593
889
875
202
217
24
18
788
609
78
80
449
545
14
774
564
979
951
184
850
221
642
180
342
98
650
382
640
834
413
17
635
383
0
464
17
605
74
949
430
792
754
826
309
866
218
241
797
177
522
50
797
724
659
785
38
256
51
50
898
439
445
779
629
656
637
243
381
409
526
473
418
651
55
504
657
738
796
87
40
751
369
657
566
161
955
914
319
379
561
190
434
412
192
393
333
458
982
471
843
705
290
2
376
231
894
179
197
152
635
994
597
4
1
332
194
133
846
683
821
510
323
483
832
195
93
903
255
945
708
52
247
888
464
0
464
849
121
719
542
195
313
350
763
630
357
549
34
429
905
513
65
873
122
329
150
394
352
324
449
298
885
867
367
900
651
754
920
354
730
913
954
394
792
299
603
823
560
364
239
195
655
66
826
700
848
602
287
153
463
693
688
252
19
798
488
890
84
22
407
774
689
335
574
588
169
241
818
523
549
246
491
582
669
905
989
549
147
117
599
856
679
672
124
936
815
471
39
154
917
910
84
683
17
464
0
136
557
381
658
500
437
166
732
638
56
857
189
239
754
715
680
49
933
885
123
549
438
808
69
992
127
24
704
584
763
704
115
142
788
38
430
304
338
884
432
59
585
594
950
865
773
448
165
448
826
946
316
544
336
772
802
285
615
973
669
114
746
287
183
80
606
330
884
45
861
628
741
665
777
386
690
734
605
207
928
315
271
967
317
365
333
577
329
573
719
252
110
902
599
656
155
647
605
849
136
0
680
472
41
761
218
47
19
29
515
544
526
479
683
375
76
110
466
933
838
762
741
459
666
227
806
102
762
381
654
254
195
99
665
64
412
937
714
413
118
83
584
291
183
619
140
991
44
215
139
967
826
457
205
601
642
27
292
494
255
793
583
478
588
324
562
95
794
594
103
94
763
690
771
681
239
868
2
763
879
386
671
465
301
503
464
207
863
23
425
674
126
271
613
252
498
193
74
121
557
680
0
305
14
964
329
635
750
84
224
299
269
778
888
568
288
752
899
37
309
428
720
822
440
267
501
501
528
477
786
531
170
844
650
653
770
578
871
338
17
338
234
275
147
376
550
777
535
361
576
309
333
736
252
804
923
463
257
549
619
897
829
536
916
126
557
96
889
7
802
488
554
121
826
228
447
24
408
179
807
649
957
379
157
825
382
605
175
437
404
794
696
379
300
116
292
690
949
719
381
472
305
0
679
799
893
205
296
471
47
776
475
350
881
404
437
303
744
482
975
266
199
230
405
860
519
553
308
669
869
696
147
967
283
161
755
68
674
758
104
489
494
222
715
208
737
201
586
818
121
963
743
790
575
609
953
155
774
240
921
86
783
946
358
916
8
660
223
607
153
360
530
727
585
92
62
477
549
782
708
890
304
727
97
906
534
361
538
749
899
710
408
534
330
348
903
901
430
542
658
41
14
679
0
169
808
532
417
282
428
890
354
542
159
238
114
841
166
703
360
692
20
259
348
648
448
774
480
550
993
649
666
74
842
828
154
333
194
357
512
858
615
682
658
313
369
716
779
951
406
721
491
848
160
848
896
34
33
295
486
908
685
542
176
64
638
168
144
790
854
546
174
963
770
834
551
144
173
512
898
702
868
562
27
873
935
675
354
699
819
469
337
864
212
77
549
452
792
195
500
761
964
799
169
0
472
93
213
663
101
916
74
283
71
646
606
175
171
364
198
998
157
573
788
862
699
373
524
827
726
61
136
25
733
555
301
504
42
839
423
773
291
810
7
96
823
719
535
478
155
473
980
812
152
853
607
133
796
752
942
668
713
837
249
680
248
914
842
644
541
894
454
857
985
141
448
25
133
297
65
709
978
629
99
336
571
728
725
413
25
179
281
609
759
537
717
888
754
313
437
218
329
893
808
472
0
273
488
522
745
786
8
242
748
813
319
501
698
807
672
86
570
485
583
944
6
490
711
8
129
215
693
518
365
122
934
879
384
354
54
843
529
522
112
635
91
768
76
382
493
464
15
490
642
621
284
340
45
371
653
93
705
858
985
874
75
286
814
123
345
813
124
914
977
817
219
945
978
309
575
349
19
275
9
848
416
760
115
665
151
158
488
509
678
411
709
959
826
350
166
47
635
205
532
93
273
0
261
182
175
319
982
825
559
194
174
861
20
110
597
964
781
770
740
833
987
148
732
547
368
15
66
100
735
735
303
556
841
696
742
409
449
17
868
936
432
248
25
871
729
921
511
331
877
423
274
683
198
969
868
12
439
521
715
568
919
761
564
447
303
906
581
465
887
712
207
174
617
390
458
26
896
112
814
83
819
429
667
544
17
685
22
493
811
199
869
470
309
763
732
19
750
296
417
213
488
261
0
1
659
481
903
607
770
894
826
672
412
77
977
564
334
815
37
897
280
337
662
683
597
706
438
614
544
892
603
897
312
818
444
862
999
970
664
548
525
966
962
814
408
241
263
230
889
297
540
700
591
572
202
584
194
55
484
179
286
996
285
575
884
167
550
377
823
768
728
10
178
641
905
492
377
669
85
105
155
460
921
850
567
889
236
290
565
414
986
510
866
630
638
29
84
471
282
663
522
182
1
0
569
6
947
427
987
313
569
8
532
238
289
819
325
64
934
827
840
855
438
67
444
879
507
210
724
269
818
741
516
44
850
635
445
504
254
31
641
844
125
671
916
631
433
916
986
702
615
594
649
882
1000
680
192
843
101
63
274
150
252
586
582
312
652
203
729
464
354
169
325
220
264
512
366
83
462
720
561
510
705
39
540
521
490
984
853
985
790
756
218
357
56
515
224
47
428
101
745
175
659
569
0
35
389
234
61
526
143
783
496
44
108
521
155
104
501
608
310
79
857
727
413
982
845
666
201
385
96
337
734
582
399
1
813
308
617
145
350
955
424
989
953
352
241
262
311
886
907
967
687
191
889
705
109
242
44
894
670
618
838
923
816
444
847
680
523
352
746
935
633
336
45
34
517
879
892
624
991
5
630
359
716
199
527
596
780
87
128
429
241
549
857
544
299
776
890
916
786
319
481
6
35
0
515
894
483
703
708
561
897
417
910
545
135
863
123
69
347
424
772
241
897
178
982
958
158
11
290
438
426
154
457
272
306
843
920
365
317
413
630
313
283
345
360
819
421
456
469
36
951
113
411
352
100
564
995
733
297
160
634
511
694
188
587
42
776
77
675
259
887
358
909
474
772
265
139
485
643
803
661
51
820
123
289
883
191
930
26
653
797
34
189
526
269
475
354
74
8
982
903
947
389
515
0
367
283
619
65
735
869
529
279
326
509
660
504
220
30
592
58
743
590
586
215
69
474
224
908
251
638
76
109
39
269
168
808
471
291
235
652
147
301
840
889
591
73
759
129
112
984
586
564
335
463
932
819
633
894
640
752
416
144
57
604
895
511
952
173
880
300
615
29
596
480
59
766
114
133
127
745
974
449
749
183
823
754
905
641
318
177
429
239
479
778
350
542
283
242
825
607
427
234
894
367
0
452
141
364
426
79
761
779
371
478
450
464
156
279
193
893
29
265
390
42
422
12
542
280
773
435
275
501
340
613
264
738
925
342
921
106
63
883
296
17
74
210
440
268
180
622
634
522
123
715
628
173
954
824
784
59
917
756
325
89
762
815
674
75
759
571
545
133
259
533
717
376
625
170
361
795
370
121
773
146
790
84
143
222
253
522
905
754
683
888
881
159
71
748
559
770
987
61
483
283
452
0
94
337
824
256
590
485
229
632
349
451
596
592
509
121
235
426
680
215
785
590
988
764
970
698
145
860
564
860
897
137
557
542
973
899
53
53
149
621
90
542
125
615
113
276
176
487
142
561
907
50
998
9
552
791
123
952
227
508
984
246
170
404
283
950
90
526
859
74
18
914
799
723
782
647
501
60
220
125
717
213
467
39
890
50
513
715
375
568
404
238
646
813
194
894
313
526
703
619
141
94
0
951
788
174
31
248
425
213
577
268
286
510
813
707
926
219
172
51
672
80
539
951
491
109
637
279
233
81
310
732
73
382
665
711
849
372
108
280
420
118
261
323
81
428
54
647
367
284
4
779
924
961
312
689
896
843
615
38
483
832
479
248
992
581
202
45
902
552
440
46
660
299
867
751
522
719
360
551
711
509
27
913
472
797
65
680
76
288
437
114
606
319
174
826
569
143
708
65
364
337
951
0
316
855
330
520
873
957
522
514
123
331
225
338
460
191
571
380
602
419
384
299
404
383
106
475
944
94
183
487
207
44
322
421
44
177
62
596
406
954
999
908
678
350
974
588
381
867
162
75
768
426
127
562
863
214
106
201
290
881
251
755
836
736
970
761
681
309
270
917
996
320
731
886
259
256
944
96
219
549
719
97
9
724
873
49
110
752
303
841
175
501
861
672
8
783
561
735
426
824
788
316
0
446
700
237
327
930
80
279
58
477
828
715
650
172
451
369
421
625
700
667
540
576
660
260
565
574
505
277
13
233
839
251
196
888
383
256
951
434
872
4
567
85
62
858
873
616
984
229
277
47
387
726
74
281
458
477
627
999
405
771
784
64
355
8
60
941
848
228
692
735
861
426
374
422
700
242
953
625
398
615
357
659
122
933
466
899
744
166
171
698
20
412
532
496
897
869
79
256
174
855
446
0
474
399
215
870
969
398
680
99
679
715
769
73
379
196
666
326
473
371
132
862
946
87
263
831
476
614
206
661
844
723
791
584
814
130
87
947
403
150
355
762
676
757
146
659
773
463
751
108
180
733
281
234
747
130
659
549
305
89
624
525
223
940
614
62
332
266
988
534
355
992
248
2
275
736
99
97
736
479
210
785
329
885
933
37
482
703
364
807
110
77
238
44
417
529
761
590
31
330
700
474
0
507
842
825
917
113
108
636
606
656
912
524
38
878
624
11
779
357
765
906
647
369
862
445
414
286
446
786
324
54
778
741
981
328
884
981
679
471
303
992
867
337
951
293
700
177
659
968
854
582
210
733
927
851
592
392
721
671
727
414
275
589
803
761
879
678
700
454
277
584
58
986
476
896
500
680
803
431
447
38
150
123
838
309
975
360
198
672
597
977
289
108
910
279
779
485
248
520
237
399
507
0
934
647
895
576
854
982
942
805
821
22
261
364
213
722
355
396
60
460
363
517
189
895
660
212
545
884
26
86
8
427
779
937
799
485
701
29
751
882
37
122
541
96
488
449
601
7
183
215
517
647
265
69
201
362
343
838
620
279
478
632
220
25
239
436
913
36
947
731
309
826
103
918
4
535
186
608
162
256
394
549
762
428
266
692
998
86
964
564
819
521
545
326
371
229
425
873
327
215
842
934
0
312
20
963
458
146
425
872
709
802
600
54
632
349
542
705
987
566
6
184
426
448
210
316
168
938
221
495
907
141
425
182
506
13
292
709
546
867
887
203
994
179
500
504
332
221
59
556
292
457
3
451
911
693
213
256
128
414
688
545
989
717
633
821
724
793
137
229
811
34
843
299
693
717
972
280
385
51
352
438
741
720
199
20
157
570
781
334
325
155
135
509
478
632
213
957
930
870
825
647
312
0
738
257
699
549
145
705
520
3
284
793
689
481
529
780
313
594
709
337
854
806
10
17
596
875
530
164
529
893
983
430
773
754
470
470
397
977
343
217
520
662
973
463
906
945
773
989
627
824
139
940
33
185
930
651
296
235
547
182
639
276
615
677
454
633
240
394
19
183
711
325
812
73
417
738
732
50
324
808
459
822
230
259
573
485
770
815
64
104
863
660
450
349
577
522
80
969
917
895
20
738
0
932
748
595
47
753
154
187
965
707
234
318
813
105
190
904
9
39
649
469
81
549
754
997
888
552
103
43
3
597
431
337
304
922
23
820
992
277
363
696
60
981
82
16
932
548
40
725
114
686
702
859
508
76
258
54
341
211
955
824
829
502
886
729
26
291
791
131
891
854
628
351
570
251
28
898
449
69
666
440
405
348
788
583
740
37
934
501
123
504
464
451
268
514
279
398
113
576
963
257
932
0
340
791
27
217
801
994
668
312
131
475
901
75
752
867
362
569
605
913
300
755
913
830
630
893
146
509
104
349
553
736
447
444
946
803
707
880
471
80
173
222
75
107
996
436
352
930
85
187
398
131
543
608
768
995
933
912
344
470
768
661
294
436
424
682
94
438
710
203
841
707
30
703
953
439
298
992
227
267
860
648
862
944
833
897
827
608
69
220
156
596
286
123
58
680
108
854
458
699
748
340
0
766
845
983
130
852
118
131
8
873
417
231
969
76
628
35
58
607
199
310
90
289
707
277
242
804
424
296
893
285
791
602
661
470
71
989
307
415
209
292
679
998
1000
599
989
381
605
933
189
822
207
746
303
411
4
507
69
956
163
520
944
392
966
474
725
291
336
458
848
286
965
531
91
445
885
127
806
501
519
448
699
6
987
280
840
310
347
30
279
592
510
331
477
99
636
982
146
549
595
791
766
0
945
54
232
226
188
154
960
707
609
597
442
234
617
795
439
258
856
155
178
267
929
414
882
950
363
668
989
738
743
231
844
660
673
648
468
976
638
542
37
954
157
256
103
878
837
547
586
846
519
783
87
572
957
221
316
658
429
719
235
937
215
837
489
587
916
414
327
187
2
711
345
779
867
24
102
501
553
774
373
490
148
337
855
79
424
592
193
509
813
225
828
679
606
942
425
145
47
27
845
945
0
223
177
687
865
529
724
52
287
424
385
848
541
217
27
432
499
513
18
436
472
448
263
304
822
47
589
63
869
688
104
449
29
952
21
284
386
556
610
355
476
819
844
98
638
248
2
367
294
33
753
36
63
570
2
827
978
570
632
639
357
392
427
789
636
44
271
761
74
553
234
629
367
704
762
528
308
480
524
711
732
662
438
857
772
58
893
121
707
338
715
715
656
805
872
705
753
217
983
54
223
0
262
947
718
441
742
459
68
198
630
691
80
6
339
417
873
183
372
607
571
44
664
95
557
239
871
29
741
788
459
519
209
976
288
161
553
973
16
923
33
440
187
57
156
828
385
850
409
653
138
278
720
95
944
254
790
508
465
53
827
573
181
553
531
305
25
826
328
466
350
656
900
584
381
477
669
550
827
8
547
683
67
727
241
743
29
235
926
460
650
769
912
821
709
520
154
801
130
232
177
262
0
998
74
630
846
804
289
506
861
385
754
898
72
567
231
339
915
567
142
705
827
329
378
390
651
121
485
669
944
882
739
728
720
813
722
438
565
592
852
392
807
875
597
842
375
155
497
797
275
999
362
163
248
688
493
252
655
388
353
720
223
876
492
651
531
442
277
351
248
637
651
763
654
786
869
993
726
129
368
597
444
413
897
590
265
426
219
191
172
73
524
22
802
3
187
994
852
226
687
947
998
0
223
231
416
499
705
304
7
4
408
303
72
393
299
396
266
167
949
983
155
39
659
292
622
972
493
78
24
190
830
560
861
54
630
977
414
867
404
610
893
882
335
760
158
318
843
364
159
940
53
670
886
17
579
51
401
644
379
407
167
28
792
564
392
245
182
460
205
243
754
704
254
531
696
649
61
215
15
706
879
982
178
586
390
680
172
571
451
379
38
261
600
284
965
668
118
188
865
718
74
223
0
434
336
327
235
805
84
289
566
523
397
80
304
617
165
397
64
896
155
580
965
513
535
434
612
625
808
501
95
209
228
242
144
556
98
532
538
195
1000
40
35
805
724
431
230
200
300
76
471
485
374
708
995
968
756
702
193
605
590
247
995
130
533
852
497
612
909
381
920
115
195
170
147
666
136
693
66
438
507
845
982
215
42
215
51
380
369
196
878
364
54
793
707
312
131
154
529
441
630
231
434
0
27
430
777
940
118
627
483
70
209
949
540
462
608
303
577
395
418
98
308
51
478
515
590
377
185
769
93
729
230
3
70
576
490
412
540
760
819
288
332
520
653
67
695
645
816
531
708
487
305
752
225
81
566
45
150
623
381
87
14
962
431
847
641
388
653
409
354
142
99
844
967
74
25
518
100
614
210
666
958
69
422
785
672
602
421
666
624
213
632
689
234
131
8
960
724
742
846
416
336
27
0
