0
303
0
0
0
52
0
0
524
0
0
0
616
0
0
0
376
0
0
618
0
0
0
0
0
0
0
0
0
0
0
0
0
0
981
0
0
0
0
939
0
0
0
0
0
0
0
0
0
0
0
0
0
0
0
0
0
0
0
0
0
0
270
0
0
0
145
0
0
0
910
575
0
0
628
419
0
0
830
0
0
0
0
0
0
0
0
0
747
0
0
0
0
0
275
0
645
0
0
734
303
0
0
0
0
0
0
0
62
0
0
0
0
0
0
0
378
0
0
0
0
0
0
0
0
0
0
0
0
166
0
0
0
0
202
270
0
290
0
0
0
0
0
0
0
0
0
0
172
497
0
141
0
0
117
0
0
0
470
0
0
0
0
0
0
0
0
0
0
0
0
0
0
0
973
736
0
0
0
0
0
0
0
0
0
0
9
0
0
0
0
91
0
0
538
0
0
0
0
0
0
0
0
0
357
0
0
799
755
0
0
0
0
0
0
829
0
0
0
0
0
0
0
965
0
494
0
0
900
0
0
0
0
0
474
832
0
0
0
0
0
0
0
0
0
0
518
0
104
904
620
0
0
0
0
0
0
0
0
0
0
489
0
0
615
144
236
0
0
0
0
358
0
0
0
0
0
0
590
0
0
0
0
0
0
0
123
0
723
818
0
0
0
861
0
18
0
0
0
0
0
0
0
0
0
698
0
357
0
0
0
0
133
0
0
0
93
0
0
0
937
0
896
586
0
0
162
0
0
0
0
237
0
0
0
0
0
0
464
0
0
0
0
0
0
0
0
81
0
0
0
915
0
0
0
0
733
705
0
0
348
0
0
0
0
404
0
410
0
0
0
0
0
0
584
0
0
0
0
0
209
0
0
0
0
742
0
0
0
0
0
0
0
0
0
0
0
0
0
0
0
0
357
0
0
0
0
0
0
0
0
0
347
0
0
0
0
0
443
0
0
0
0
0
0
0
0
0
0
0
0
251
0
888
0
0
0
0
0
0
0
0
0
391
0
0
0
912
0
0
0
0
626
0
457
0
0
0
0
716
0
281
0
0
762
793
0
0
0
0
0
0
255
510
0
0
413
0
0
0
531
0
918
0
967
0
0
0
0
0
0
0
671
918
0
0
0
716
0
0
52
0
0
698
0
0
0
0
312
0
761
0
0
0
0
0
0
0
0
0
0
0
86
0
723
0
893
0
0
417
0
0
0
0
0
0
323
351
0
588
0
0
0
0
0
0
0
0
362
0
456
0
0
0
0
0
602
0
0
0
0
0
357
0
624
110
0
0
386
0
0
0
0
0
0
0
948
0
0
0
0
0
0
0
843
269
0
0
0
0
0
0
0
0
0
0
0
0
0
0
0
0
0
0
0
0
0
0
0
0
0
0
0
0
0
0
0
0
0
0
0
650
0
0
0
0
0
0
0
0
0
0
0
0
509
0
0
0
0
0
0
0
587
0
0
0
702
0
0
0
0
0
250
0
0
0
0
111
890
0
0
0
531
0
0
0
679
0
0
0
0
0
0
0
0
0
0
0
0
0
702
0
0
0
0
0
0
0
0
0
0
885
0
0
0
0
0
0
0
0
0
0
799
357
0
0
0
0
0
0
0
0
0
0
798
0
0
979
0
521
0
0
985
0
690
892
0
0
0
0
0
0
0
0
0
389
0
0
477
0
0
0
396
0
0
0
0
0
0
952
0
885
0
0
0
0
0
0
0
0
0
0
0
0
0
0
0
935
119
0
0
0
0
0
0
0
537
0
0
0
786
0
0
0
0
0
0
0
0
201
0
0
0
0
0
0
0
0
0
0
524
62
755
0
0
312
0
0
0
0
832
872
551
0
0
0
0
0
0
0
572
0
0
487
0
0
0
775
0
0
0
799
905
0
0
897
0
389
0
0
0
0
0
0
0
0
0
0
0
0
0
0
490
0
0
0
0
0
947
610
0
0
0
0
0
984
320
0
0
846
0
0
0
0
0
0
0
0
0
0
0
0
0
899
874
962
0
0
411
0
0
0
0
0
0
0
0
0
0
0
0
0
0
0
0
0
0
0
0
0
0
632
0
0
0
655
0
0
0
0
285
701
332
0
0
0
0
0
0
0
0
937
0
932
0
0
318
0
0
950
0
0
0
0
0
0
58
0
0
0
267
0
0
0
0
0
242
0
0
0
232
0
0
0
0
0
0
848
0
0
835
0
0
0
917
0
0
0
0
998
0
0
0
637
561
0
0
0
0
944
0
0
0
0
957
0
0
0
0
0
0
0
0
0
0
761
0
0
832
0
0
0
0
0
0
0
217
0
0
855
0
0
53
0
0
749
0
0
393
0
0
0
0
0
782
99
0
0
0
0
0
0
540
0
333
0
0
0
0
561
0
0
0
637
0
0
0
0
0
414
0
172
0
891
0
0
699
0
0
0
200
0
0
0
0
414
0
0
328
0
0
0
369
0
96
0
0
0
0
0
0
0
331
437
974
0
0
0
0
0
0
0
0
0
0
0
0
0
872
632
0
0
0
0
214
0
970
622
730
567
0
0
0
0
0
554
0
0
380
540
0
0
0
0
0
0
0
0
101
0
0
0
0
0
0
958
0
0
0
0
0
0
904
0
655
0
0
0
0
0
0
0
0
0
164
0
0
0
0
0
170
0
577
0
0
0
0
0
0
0
0
460
0
0
0
0
0
0
0
0
0
792
0
0
0
375
0
0
0
0
616
0
0
133
347
0
0
0
551
0
0
0
0
0
0
0
0
0
0
0
0
0
0
0
0
0
0
0
0
0
0
0
0
0
0
0
0
0
0
218
0
61
0
0
566
0
0
0
0
63
513
0
0
0
0
0
0
0
0
0
0
0
0
0
634
0
21
0
0
0
0
0
201
0
539
0
0
0
0
0
0
271
0
0
0
0
0
0
848
0
188
0
0
958
0
968
0
0
749
0
0
0
0
0
0
0
0
0
0
0
0
0
0
0
138
0
231
0
0
491
0
0
0
346
0
0
380
0
0
0
0
189
0
0
594
0
0
0
0
736
0
779
0
571
0
0
0
0
173
0
0
0
0
0
0
0
0
0
387
618
0
311
542
0
0
0
0
685
0
0
0
945
958
0
0
0
0
704
0
0
0
0
0
0
0
0
563
0
0
0
325
0
0
86
578
0
0
554
0
0
0
0
0
0
0
0
0
798
0
0
0
214
0
138
0
0
0
0
0
0
0
0
863
0
0
0
0
0
0
0
0
938
0
0
0
0
0
0
0
0
0
0
0
0
0
0
0
0
0
0
743
0
0
894
69
0
904
807
871
296
0
0
0
0
0
0
0
0
0
0
0
0
729
0
0
446
0
0
0
0
0
765
0
306
0
0
0
750
0
0
619
0
0
551
122
0
0
0
0
0
0
0
829
0
0
0
0
0
0
655
0
0
0
0
0
0
0
0
0
0
0
0
0
0
0
258
0
0
0
695
0
0
0
0
0
0
0
0
0
0
0
0
0
0
0
0
768
248
0
0
0
0
0
0
0
242
501
0
0
0
0
0
0
0
0
0
0
0
694
0
0
0
821
0
84
0
418
425
832
0
0
0
0
0
942
0
430
0
0
0
903
0
0
0
0
0
0
0
0
0
376
378
0
93
0
0
0
0
0
0
217
970
0
231
0
0
0
0
0
0
0
374
0
0
707
0
0
987
0
0
0
0
0
0
324
0
314
0
0
0
0
0
0
0
0
0
512
446
0
131
0
811
0
0
0
0
0
0
0
608
0
98
0
0
0
0
0
0
0
0
510
0
0
0
0
0
0
0
0
395
0
919
0
0
0
442
0
0
0
0
0
0
0
0
0
0
0
0
0
208
0
0
0
0
0
0
0
979
0
0
0
622
0
0
0
0
0
0
0
0
0
154
0
0
0
0
0
881
0
0
518
0
818
0
0
0
0
0
0
0
0
0
0
559
0
0
0
250
0
0
0
0
0
0
0
0
277
0
0
0
501
961
0
0
0
0
0
0
249
273
306
0
0
0
0
938
0
0
0
819
0
0
377
0
0
0
0
0
0
0
0
0
0
0
0
0
994
0
919
0
0
0
0
0
443
0
0
0
0
0
0
730
0
0
0
0
0
0
0
0
0
0
0
0
0
0
0
0
0
0
0
0
0
0
0
335
0
0
0
0
919
0
0
0
0
0
0
0
0
0
0
0
0
0
0
0
0
704
0
0
926
0
0
0
43
0
0
0
0
792
0
454
0
409
0
0
0
0
0
0
0
0
0
517
0
0
0
0
0
0
709
0
0
0
0
0
0
261
0
0
618
0
0
0
0
0
0
521
0
0
855
567
0
491
0
0
0
0
0
0
0
0
0
0
272
532
0
0
0
0
897
0
0
0
0
0
108
0
936
0
0
0
0
0
0
0
0
0
0
0
0
0
0
0
0
0
0
0
0
0
0
0
380
599
0
0
0
0
0
0
145
0
0
0
0
0
0
0
0
0
790
0
0
0
0
0
0
0
0
487
891
0
0
0
0
0
0
0
0
0
0
0
0
937
0
0
0
0
572
285
0
0
0
0
0
0
0
0
0
0
0
0
0
0
0
0
0
0
0
615
0
0
0
902
0
566
0
0
0
0
0
0
0
0
0
0
0
0
0
0
0
0
0
0
0
0
0
0
819
0
382
0
0
0
615
0
0
0
587
0
0
0
0
520
0
0
0
0
0
0
0
0
0
0
480
347
0
579
0
0
457
0
0
0
0
0
536
0
0
271
0
0
0
0
0
0
650
0
0
701
0
0
0
0
0
0
374
154
0
0
0
0
32
750
0
0
0
0
0
0
971
0
0
761
0
939
0
0
0
0
0
0
0
0
0
0
0
0
0
0
439
0
0
0
0
0
0
0
433
0
0
0
0
0
0
0
0
0
0
0
0
578
0
0
0
0
0
0
0
0
0
0
0
0
0
0
0
0
0
0
0
0
839
0
0
0
0
0
568
0
0
0
0
896
0
86
0
985
0
332
53
0
0
0
863
0
0
0
0
0
0
32
0
0
0
0
0
0
0
0
0
0
0
153
0
0
796
0
0
0
0
0
0
0
0
0
0
221
0
0
0
0
0
0
0
0
178
863
0
0
0
0
0
453
0
0
0
357
0
261
0
0
0
0
0
880
0
938
0
0
260
0
0
168
884
0
0
0
0
0
0
787
109
0
0
0
0
0
0
0
0
0
965
586
0
0
0
0
487
0
0
0
0
346
0
0
0
0
0
0
0
750
0
0
0
0
0
0
0
357
0
0
0
0
0
0
583
699
79
0
0
0
219
0
0
0
0
444
0
0
0
0
0
899
0
0
0
0
0
0
0
0
494
0
475
0
994
0
809
0
691
0
0
0
744
0
0
0
319
0
0
0
0
0
0
0
0
0
0
0
0
0
0
0
0
0
0
0
0
0
0
0
0
0
0
723
0
690
0
0
0
0
0
0
0
0
707
0
0
272
0
0
0
0
0
0
0
0
331
0
0
0
0
0
0
516
0
0
0
0
0
0
918
0
0
0
0
817
0
0
0
0
706
0
0
0
488
0
0
980
0
0
0
0
0
0
0
0
0
0
0
0
0
0
0
209
0
0
0
0
0
368
0
0
0
0
0
0
0
0
0
0
0
0
752
398
0
0
0
0
0
0
494
0
0
0
0
892
0
0
749
554
0
0
0
258
0
0
0
532
0
0
0
0
0
0
740
0
0
0
0
0
0
0
0
799
0
0
0
0
283
0
0
0
815
0
0
937
0
0
0
389
359
0
0
0
0
0
0
0
0
0
0
0
0
0
0
0
0
0
0
0
271
0
0
0
0
0
0
0
0
0
0
0
0
0
0
0
0
0
0
154
475
0
0
463
0
286
672
0
0
0
0
162
0
893
0
0
0
0
0
0
0
380
0
0
0
0
0
0
0
0
0
0
0
740
0
0
0
0
160
0
0
0
0
180
0
903
0
0
0
0
0
533
0
36
0
0
0
0
0
0
0
0
0
0
0
0
0
0
0
0
0
0
0
0
0
0
0
0
559
0
0
0
0
0
0
0
0
0
0
0
0
0
544
0
0
0
0
0
0
0
0
0
751
0
0
0
0
0
0
0
0
0
0
0
0
0
775
0
0
0
0
0
0
0
987
881
0
0
0
0
0
0
0
0
0
0
249
0
0
0
0
0
0
0
0
0
466
928
0
0
0
0
0
611
0
584
600
0
0
0
0
883
0
0
0
0
0
982
0
0
0
323
0
0
0
720
0
0
0
0
168
249
0
0
0
0
0
0
0
0
0
0
0
0
0
0
0
0
294
506
0
0
0
0
801
0
0
0
0
0
900
0
0
0
0
0
0
0
393
380
0
0
0
0
0
0
0
0
0
0
0
0
331
0
0
249
0
0
302
0
0
0
0
0
0
0
0
0
0
0
0
0
0
0
0
0
0
0
0
0
355
0
0
0
0
353
0
129
0
0
308
0
0
827
0
0
0
0
0
0
0
829
0
0
0
0
0
0
0
0
0
0
0
0
0
380
0
0
0
0
0
0
0
0
0
0
0
716
0
166
0
0
0
417
0
0
0
0
0
540
0
0
0
695
0
0
0
0
615
0
0
357
0
0
0
0
0
0
936
0
0
0
0
0
0
0
0
0
860
0
791
0
0
0
0
0
0
0
0
0
832
0
0
0
0
0
0
0
0
112
0
0
0
0
0
927
0
459
0
0
362
0
0
0
0
735
0
0
0
0
0
0
0
819
747
0
0
0
0
0
518
0
0
0
859
687
0
0
0
0
0
0
0
0
0
0
0
0
0
0
0
0
0
0
0
518
0
897
0
971
0
0
0
0
160
0
302
936
0
0
124
0
0
0
93
0
0
503
0
0
0
0
0
0
208
0
0
0
0
0
607
0
0
0
0
310
0
670
0
0
0
0
0
740
0
0
0
0
0
0
0
0
0
0
0
0
0
705
0
487
0
0
0
938
0
385
0
0
847
0
0
0
0
0
0
0
0
262
0
0
0
237
251
0
0
0
799
937
0
0
0
189
938
0
0
0
0
0
0
0
0
0
0
0
0
0
0
0
0
0
0
0
0
0
0
0
0
908
494
0
0
0
0
0
0
0
0
0
0
0
91
684
0
609
0
0
0
0
0
0
0
0
0
0
0
0
0
0
0
0
0
0
0
0
0
0
0
63
0
0
0
0
0
0
0
0
0
0
0
0
0
0
0
0
0
0
0
0
0
0
0
0
0
0
0
0
905
0
0
0
0
0
0
0
0
818
0
0
0
0
0
0
0
0
0
0
0
0
124
0
0
0
0
0
0
0
0
0
682
0
0
0
952
0
0
526
0
0
0
617
0
0
181
0
101
0
648
0
903
0
0
0
0
0
0
0
0
424
0
0
0
0
0
0
0
0
134
41
0
0
0
0
0
683
0
0
0
0
0
962
0
0
0
665
0
0
545
0
0
0
0
0
888
0
0
0
0
932
0
0
0
0
0
0
0
0
0
0
902
761
153
0
0
0
0
0
0
0
0
0
0
0
0
0
0
0
0
0
0
0
0
0
338
78
0
196
0
0
476
32
0
0
0
0
0
0
0
0
0
0
0
0
0
0
0
0
146
0
0
0
0
0
605
0
0
0
698
0
0
0
0
619
0
0
0
345
0
0
0
0
171
0
588
0
0
0
0
0
981
202
474
0
0
0
509
0
0
0
782
0
0
594
0
0
324
0
0
0
0
0
0
0
0
0
0
0
0
0
0
0
0
0
0
0
0
0
408
0
0
957
0
0
577
0
0
581
0
0
0
0
0
0
0
468
0
0
0
0
0
547
0
0
713
0
0
0
0
0
0
0
0
0
0
121
0
0
0
0
0
0
0
0
785
0
0
506
0
912
0
0
0
0
0
0
0
0
0
0
0
270
832
0
0
0
0
389
897
0
99
0
0
0
0
0
0
0
335
0
566
939
0
0
516
799
180
0
0
0
0
0
0
0
0
0
0
0
341
668
0
0
0
0
0
0
0
0
0
0
0
0
0
0
0
597
0
0
0
61
0
0
0
0
321
0
0
991
0
809
0
0
0
434
949
0
449
0
0
939
0
818
0
169
275
0
0
0
0
931
0
0
0
0
0
753
0
0
0
167
0
0
0
0
0
323
0
0
0
318
0
0
0
0
0
0
314
0
0
108
0
0
796
583
0
0
0
0
0
0
93
0
0
0
0
0
0
410
65
0
122
708
352
0
0
0
280
0
0
0
0
0
0
0
0
540
120
250
595
958
0
0
120
408
0
457
757
0
896
704
0
0
0
174
0
876
0
0
0
0
0
0
0
0
837
0
0
0
0
0
0
0
826
656
0
350
305
0
0
0
0
290
0
0
0
351
0
0
389
0
0
0
0
0
0
0
0
0
0
0
0
0
0
699
0
0
903
0
0
0
0
0
0
0
0
0
410
0
0
0
0
0
0
0
0
0
0
828
0
0
0
0
0
298
0
0
914
0
0
0
0
0
0
0
0
0
0
478
183
0
0
0
316
0
0
0
0
0
0
309
359
0
605
878
0
777
0
0
0
0
0
0
0
0
0
0
0
0
0
0
0
0
0
464
0
0
0
477
0
0
0
101
0
0
0
0
0
0
0
936
0
0
0
79
0
0
0
466
0
0
0
0
0
0
408
341
65
0
0
0
999
0
0
0
0
0
0
0
536
0
0
0
0
0
0
0
677
0
381
0
0
0
0
14
0
0
0
596
0
0
0
867
0
276
0
764
0
0
0
0
0
0
0
531
0
0
419
0
0
0
0
0
0
0
0
0
0
870
0
241
939
0
0
0
0
588
0
0
0
950
0
0
218
736
0
0
0
0
0
0
0
0
0
0
0
0
0
928
0
0
503
908
0
0
0
668
0
0
0
0
0
0
901
0
0
534
593
0
0
0
0
634
0
307
0
979
0
0
0
0
0
0
0
0
0
0
0
0
675
0
0
529
985
0
0
0
0
0
0
0
0
968
0
0
0
0
125
983
0
0
0
0
0
166
678
0
365
0
0
0
0
0
0
0
0
0
0
0
0
0
0
0
0
0
0
0
0
0
919
0
0
0
0
0
0
283
0
0
0
860
0
494
682
0
0
0
122
0
999
0
0
0
0
786
0
0
0
0
0
0
0
674
0
0
0
0
0
0
0
0
0
0
0
0
0
0
0
872
0
0
0
0
0
0
674
0
0
0
642
0
0
0
0
0
0
0
0
418
0
0
0
0
661
465
0
541
0
853
244
190
0
0
0
0
0
0
0
0
0
0
0
0
61
779
0
0
0
0
0
0
0
0
0
0
0
0
0
0
0
0
0
0
0
0
957
0
708
0
0
0
0
0
0
0
0
0
0
950
0
0
0
420
0
0
0
0
383
0
0
0
0
834
0
0
124
0
936
173
0
0
0
0
0
553
0
0
0
750
0
0
0
0
443
0
0
0
890
0
0
0
0
820
785
0
0
491
0
0
0
0
0
0
0
0
0
0
587
396
0
0
540
0
0
0
0
0
0
0
0
0
0
0
0
219
918
0
0
0
0
791
0
0
0
0
0
0
352
0
0
901
0
0
0
0
0
0
0
0
0
0
0
0
0
0
0
0
909
0
0
0
0
0
0
0
0
0
0
0
264
475
0
0
866
0
0
272
0
31
0
0
591
0
0
0
700
681
0
0
0
0
0
0
395
0
0
0
0
589
0
999
0
0
0
0
391
0
0
0
0
0
0
0
0
571
0
0
0
559
0
0
0
0
0
0
0
0
533
0
0
0
0
0
0
0
0
0
0
0
0
0
786
0
0
0
0
0
0
0
0
0
567
0
912
0
609
0
0
0
0
0
0
0
0
0
0
0
0
0
0
0
277
554
0
0
0
0
0
0
0
80
0
560
0
0
0
0
97
0
0
0
0
0
0
0
0
0
0
0
0
0
0
0
0
0
0
0
0
0
0
0
333
0
566
0
0
0
0
0
0
0
0
0
0
0
0
815
0
0
0
0
0
0
952
338
577
0
0
0
0
0
0
0
0
0
0
0
0
543
0
0
0
0
0
0
0
0
0
0
670
0
0
0
0
0
27
0
0
0
0
0
0
0
0
524
0
0
0
878
779
0
0
0
0
642
265
0
0
0
0
0
0
0
0
0
0
0
0
0
511
338
0
0
0
0
0
0
0
0
0
0
0
958
0
0
0
0
0
0
0
0
0
0
0
0
0
0
36
611
0
0
0
0
0
78
0
0
0
0
0
534
0
0
0
0
0
0
0
477
0
0
292
99
0
0
0
580
164
749
0
0
0
30
0
0
126
0
0
797
0
0
0
0
0
0
802
0
0
0
0
0
50
431
0
0
0
0
0
0
0
0
0
0
358
0
0
0
0
0
0
0
0
0
518
0
0
0
702
0
0
58
0
0
0
0
0
768
512
0
0
0
0
0
0
0
0
0
0
0
0
0
208
0
0
0
0
0
280
0
0
593
0
0
0
0
0
0
0
0
368
655
0
81
823
0
0
966
0
0
0
0
0
211
0
0
0
25
0
0
0
0
0
820
0
0
0
330
0
0
0
0
0
0
0
0
0
0
0
0
0
0
0
0
0
43
0
0
0
0
874
0
0
0
0
81
912
0
0
0
0
0
0
0
0
0
0
248
446
250
0
0
0
0
221
444
817
937
0
584
0
0
0
0
526
196
581
0
0
828
0
0
0
950
0
0
543
477
0
0
0
0
88
41
0
75
0
0
0
0
0
879
0
0
235
0
0
0
0
0
0
0
0
0
0
272
0
0
0
0
0
0
0
0
0
0
0
0
0
358
0
357
0
0
793
0
177
0
0
0
0
0
0
172
104
0
0
362
0
0
0
0
0
0
0
173
0
0
0
0
0
0
0
0
0
0
0
0
0
600
0
0
0
0
0
0
0
0
0
0
536
0
0
0
0
0
0
0
368
0
0
0
301
0
0
0
0
0
864
0
90
0
0
0
0
0
0
0
0
0
0
0
0
0
0
0
0
0
0
0
0
0
0
0
0
0
0
0
0
0
0
0
0
0
0
0
572
0
0
0
0
0
0
497
904
0
0
0
0
952
0
0
561
0
63
0
0
0
131
0
0
0
0
0
0
0
0
0
0
0
0
0
0
0
0
0
0
0
0
0
0
0
0
0
0
0
0
0
655
0
0
0
0
0
0
0
726
0
0
0
0
482
0
0
0
357
0
0
0
394
942
0
0
69
0
0
0
0
0
0
0
0
0
0
0
0
0
0
0
0
0
0
410
0
0
0
633
0
0
198
0
902
0
0
620
0
0
456
0
0
0
267
0
0
513
0
743
0
0
0
0
0
0
439
0
0
0
0
0
0
0
0
0
0
0
476
0
0
0
0
0
0
0
0
0
567
0
292
0
88
301
0
0
0
0
0
0
0
513
0
0
0
0
0
0
0
0
0
0
248
0
0
0
411
0
39
0
0
780
0
599
0
0
0
0
0
0
0
0
294
0
542
0
0
0
62
0
0
0
254
306
0
0
141
0
915
0
0
0
885
0
0
0
0
0
0
0
0
811
0
0
0
0
0
0
0
0
389
0
0
0
0
0
0
617
32
0
0
0
0
0
634
674
420
0
0
0
99
81
41
0
0
0
0
0
0
0
0
0
0
0
0
0
936
0
0
0
0
0
0
0
0
0
0
492
0
0
0
0
0
0
0
0
0
0
914
0
0
0
0
0
0
0
0
0
0
0
0
306
0
0
308
0
0
0
0
626
0
250
0
490
0
0
904
0
0
0
0
0
0
0
0
0
0
0
0
706
359
0
0
355
832
607
91
0
0
0
0
0
0
0
0
0
0
0
912
0
0
823
0
0
0
0
0
0
0
0
0
0
0
0
0
172
0
0
0
0
0
627
0
0
0
0
0
0
0
0
985
0
0
0
0
0
0
0
981
0
0
0
119
0
0
0
244
0
0
911
0
0
497
0
0
0
0
0
0
0
0
0
0
0
0
637
0
0
0
894
0
0
0
0
0
0
0
0
899
0
0
0
883
0
0
0
684
0
0
0
0
0
298
0
307
0
0
0
0
0
0
0
75
0
0
0
0
0
0
822
0
0
0
0
0
173
0
0
0
0
0
0
559
0
0
0
0
0
0
0
0
0
962
242
0
0
0
0
0
0
0
0
0
0
0
0
0
0
0
0
0
0
0
801
0
0
117
0
0
457
0
0
0
0
0
0
655
0
0
69
0
0
0
0
0
0
0
0
0
0
0
0
0
0
0
0
0
181
0
0
0
0
0
0
0
0
0
0
609
0
0
0
0
0
726
0
0
0
822
0
0
0
0
0
0
0
0
0
0
0
0
0
0
0
0
0
413
776
0
0
0
0
0
0
0
0
442
0
0
0
0
0
0
0
0
0
0
0
0
0
0
0
0
0
0
0
0
0
0
0
0
0
0
0
0
0
0
0
0
0
242
0
0
0
0
0
0
0
0
0
0
0
0
0
0
0
609
0
0
468
597
540
0
0
979
0
0
0
0
0
580
966
0
0
0
0
0
0
0
0
0
0
783
0
0
0
0
0
0
577
267
0
0
0
133
0
0
0
0
0
0
0
0
0
0
0
0
0
0
0
0
754
0
0
606
0
0
0
0
0
240
0
0
0
0
0
0
0
733
0
602
0
0
0
242
0
0
0
0
904
501
0
277
0
0
0
0
178
0
488
0
0
0
0
0
0
0
101
0
0
0
120
914
677
0
0
383
909
0
0
164
0
0
864
0
513
0
0
0
0
0
0
0
0
0
0
0
831
892
0
387
0
0
0
0
0
197
0
0
0
0
0
0
0
0
0
0
0
0
203
0
987
0
0
0
0
257
0
0
0
0
708
0
0
0
0
0
0
705
0
0
111
0
0
0
0
0
0
0
807
0
0
0
704
0
0
0
863
0
0
0
0
0
353
0
310
0
0
0
0
0
250
0
0
0
0
0
0
0
0
749
0
0
0
0
0
0
0
0
0
783
0
0
0
0
71
0
0
0
249
0
0
0
0
0
788
0
594
0
562
353
0
654
0
0
0
0
0
0
0
0
454
0
0
999
303
0
0
0
375
0
0
0
0
0
0
470
0
0
0
0
890
0
947
0
0
0
0
387
871
0
0
0
0
0
819
433
0
0
0
0
0
0
0
0
0
0
648
0
0
0
595
0
381
0
0
0
0
0
670
0
0
0
90
0
0
0
0
0
0
0
0
0
0
0
0
0
0
0
931
0
0
962
656
0
0
50
0
0
0
0
0
0
0
435
0
0
0
0
0
0
0
0
0
0
0
0
0
0
0
0
0
286
0
0
0
0
0
0
716
0
0
0
610
0
414
0
0
618
296
0
608
0
0
0
0
0
0
0
980
0
0
982
129
0
670
0
0
0
0
61
958
0
0
0
0
0
0
0
0
0
0
879
0
482
0
0
0
0
0
0
0
0
0
0
0
472
0
0
0
0
0
0
0
0
0
0
0
0
0
425
0
0
0
0
0
0
0
0
0
0
0
0
0
0
884
0
0
0
0
0
0
0
952
394
0
0
0
348
0
0
0
0
0
232
0
0
0
0
0
0
0
501
926
0
382
0
0
0
0
0
0
0
0
0
0
0
903
0
0
0
0
0
0
0
0
0
0
0
0
0
0
0
0
0
0
0
172
173
0
0
0
71
0
0
0
0
266
0
854
0
0
486
0
0
0
0
0
0
0
830
0
0
487
335
0
0
0
0
993
0
646
0
0
0
0
0
0
0
0
0
0
0
0
0
0
0
489
0
281
0
0
0
0
0
172
0
0
311
0
0
98
961
0
0
0
0
0
0
0
0
0
0
0
112
0
0
0
0
547
0
0
0
0
0
0
834
0
0
0
30
211
0
0
0
0
936
0
0
0
0
0
0
0
472
0
0
0
866
0
0
944
0
0
0
892
0
422
0
436
0
0
0
899
0
0
0
84
0
0
0
0
0
0
709
0
0
0
0
0
0
0
0
0
0
270
0
0
0
0
357
531
0
0
0
0
0
0
542
0
0
0
0
0
380
0
0
0
494
0
0
0
0
308
0
0
0
0
0
0
0
120
0
0
0
0
0
0
0
0
0
0
235
0
0
0
0
0
0
0
0
831
0
0
0
266
0
0
0
0
0
0
0
133
218
0
0
43
0
0
0
0
0
0
0
0
0
0
0
0
269
0
0
77
0
0
0
0
265
0
0
0
0
0
0
0
0
0
0
0
0
0
0
0
0
891
0
0
0
0
0
0
0
0
599
0
0
453
0
0
0
0
323
0
0
0
0
0
0
0
0
408
0
14
0
0
0
0
0
0
0
0
0
0
357
0
0
0
0
0
0
892
0
0
0
0
866
0
0
0
0
0
263
0
959
0
0
0
0
0
0
568
0
0
0
194
0
0
0
0
0
0
0
0
0
738
0
0
0
730
0
0
0
0
886
0
0
615
0
762
624
0
0
0
0
0
164
634
0
0
0
0
0
43
0
615
0
0
475
0
0
0
0
0
0
0
0
0
0
713
321
0
0
0
0
0
124
0
0
27
126
0
0
0
0
0
0
0
0
0
577
0
249
931
0
854
0
0
0
0
489
0
0
0
0
0
271
797
0
0
0
0
0
0
0
0
927
0
0
0
0
0
0
0
0
687
0
789
0
0
0
0
512
0
0
0
0
144
404
793
110
0
0
984
0
0
0
0
0
0
0
0
0
0
0
0
0
0
0
0
0
0
0
827
0
740
0
0
0
0
0
457
0
0
0
0
0
0
0
0
0
25
0
0
0
0
0
0
0
0
267
387
0
0
0
0
0
0
0
489
0
363
0
0
0
0
0
0
0
0
0
114
0
579
0
272
225
0
351
271
0
0
0
0
454
0
0
0
0
0
0
649
0
0
240
145
0
236
0
0
0
679
0
320
0
699
0
21
0
0
0
0
0
0
0
0
0
0
994
0
0
0
0
0
0
0
0
0
0
0
0
757
0
0
0
0
936
0
0
0
0
0
0
0
0
0
0
627
0
0
0
0
0
0
0
0
944
0
0
0
363
0
0
0
0
0
0
0
0
656
0
0
0
88
0
0
0
937
0
0
0
0
0
0
179
0
0
0
0
154
0
0
0
0
0
0
0
0
410
0
0
0
935
0
848
0
0
0
685
0
0
0
0
0
0
0
0
357
0
0
0
0
720
0
927
0
0
0
0
0
991
0
478
596
0
872
173
0
0
0
797
0
0
0
394
248
0
0
559
0
0
0
0
962
0
486
0
0
263
0
0
0
0
0
0
293
0
630
0
353
640
0
899
0
0
186
0
0
0
0
645
0
0
0
0
411
0
0
0
0
0
0
599
0
0
0
0
0
0
0
386
0
119
0
0
0
0
0
0
0
694
0
249
0
0
587
0
0
809
0
0
0
0
0
0
0
0
0
146
0
0
896
183
0
675
0
0
264
0
0
0
0
0
0
942
0
0
0
0
0
0
0
0
656
0
0
0
133
0
0
0
0
0
0
0
0
260
0
0
0
138
0
650
0
0
0
0
0
0
385
0
0
0
0
0
0
0
94
0
0
0
0
0
0
0
0
0
0
0
0
0
0
0
846
0
0
0
0
0
0
0
0
273
792
0
0
0
261
0
0
0
0
0
0
459
0
0
424
0
0
809
704
0
0
0
0
0
475
0
0
0
0
0
0
0
0
0
0
0
0
133
0
0
0
0
0
0
218
959
0
0
0
0
0
0
0
0
0
361
0
0
0
0
0
793
0
0
0
876
723
0
0
0
0
0
0
0
0
0
342
0
0
0
0
0
910
0
0
0
0
0
0
0
0
835
200
170
0
0
0
0
510
306
0
145
0
0
0
691
0
0
559
0
0
0
0
0
0
0
0
0
0
0
0
0
0
0
0
277
0
0
0
0
0
0
0
0
0
0
0
0
0
788
0
0
0
892
0
0
0
0
0
293
0
0
0
0
0
0
0
0
0
0
0
0
0
0
0
0
0
0
0
0
789
0
0
0
840
0
0
0
0
0
0
0
575
0
358
0
0
0
0
0
0
0
0
0
0
945
0
0
0
0
454
0
0
578
0
0
0
0
0
0
0
0
0
0
0
0
0
0
0
0
867
529
0
0
0
554
0
0
820
0
0
69
411
0
0
0
413
0
197
0
50
0
0
0
0
0
271
0
0
0
260
0
0
0
0
0
0
0
0
0
0
0
488
0
0
0
0
0
0
0
0
806
129
128
0
0
691
0
0
0
0
0
0
0
0
0
255
0
0
0
0
0
0
577
201
958
729
821
0
0
0
0
0
0
0
0
0
271
0
168
0
362
0
0
0
0
0
0
0
316
0
985
0
0
866
0
0
0
0
0
0
0
0
492
0
0
776
0
0
594
0
0
0
422
43
0
797
0
0
630
0
0
0
0
0
0
0
0
0
0
0
0
0
0
0
0
0
319
0
0
318
0
0
0
0
0
0
0
0
862
0
0
0
0
0
0
510
0
0
0
0
0
0
0
0
0
0
0
0
0
409
0
520
0
0
0
0
0
0
249
829
0
0
0
0
0
0
434
174
0
276
0
0
553
0
0
524
0
0
272
0
0
39
0
0
0
0
0
0
0
0
0
0
0
0
0
0
0
0
0
0
361
0
0
0
0
0
485
0
0
0
0
682
0
0
204
842
0
0
0
133
0
0
695
0
0
307
0
0
0
299
0
628
973
0
584
0
0
0
0
0
917
0
0
539
0
0
84
0
0
0
0
0
0
0
744
0
0
0
0
0
0
0
0
0
605
0
949
0
0
0
0
674
0
0
0
0
802
0
0
0
0
0
0
0
0
0
0
0
562
0
0
0
436
0
0
0
0
656
353
0
0
0
0
0
0
0
0
0
0
0
0
0
0
0
177
0
0
950
0
0
930
0
0
0
0
0
0
0
0
0
0
419
736
0
0
0
0
0
0
0
0
414
0
0
0
446
0
0
938
0
0
0
0
880
0
209
0
0
0
0
0
0
0
0
0
121
0
876
0
764
0
0
0
272
0
0
0
330
0
0
0
0
0
985
0
0
0
0
353
0
425
830
0
0
0
0
0
0
640
138
0
0
0
0
485
0
0
0
0
0
0
0
0
0
0
0
0
0
0
0
0
0
0
412
0
0
485
0
0
806
0
0
0
0
0
413
948
0
537
0
0
0
0
0
0
0
418
0
0
0
0
0
0
0
0
0
0
0
0
0
0
0
0
0
0
0
449
0
0
0
0
0
0
0
0
0
0
0
0
0
0
780
0
0
0
0
0
0
0
0
0
0
0
0
568
0
114
0
0
0
0
0
0
0
0
0
0
0
0
0
0
409
0
0
0
957
0
0
0
0
0
0
0
0
0
0
0
0
0
0
0
0
0
0
0
0
0
0
0
0
0
0
0
0
704
0
425
0
0
0
0
0
0
938
0
0
0
0
0
0
735
0
0
0
0
0
0
0
0
0
0
0
750
31
0
878
0
0
0
0
0
0
0
0
962
0
0
0
654
0
0
0
0
0
0
0
0
0
899
650
0
0
0
0
0
0
0
0
0
0
0
0
0
0
916
0
0
0
0
0
0
0
482
0
0
0
0
0
605
760
0
830
0
590
0
0
0
0
0
0
0
328
0
0
0
0
832
0
0
0
0
0
0
0
319
0
0
0
0
0
0
0
0
134
698
0
0
0
0
0
0
642
0
0
0
779
0
0
0
0
0
599
0
0
242
0
0
0
0
0
0
487
899
0
0
0
579
88
0
0
0
0
0
0
0
0
0
0
0
0
0
0
380
0
0
0
556
0
282
569
0
0
0
0
0
655
0
0
0
0
850
0
0
0
0
0
0
0
0
0
998
0
0
0
0
0
0
395
819
0
0
0
0
0
0
0
0
0
0
0
0
705
63
41
0
0
939
0
309
0
0
0
0
0
80
0
0
0
0
0
0
0
0
0
0
0
0
0
0
435
0
335
0
0
0
0
0
0
0
0
793
0
0
0
0
0
0
0
0
0
0
0
194
366
0
0
0
27
0
0
0
0
0
0
0
0
0
0
0
803
0
0
0
0
209
531
0
702
786
0
0
0
0
0
0
0
0
0
0
0
790
0
0
260
0
0
0
0
0
0
0
0
0
0
0
0
0
0
359
0
0
0
0
591
0
0
50
0
0
0
0
0
0
0
0
0
0
0
0
0
0
0
0
0
194
0
272
0
186
0
0
0
488
0
682
0
0
409
0
0
0
0
0
0
0
0
0
0
0
0
0
0
0
0
0
0
0
651
0
0
0
0
0
0
0
0
0
0
0
0
0
0
460
271
0
765
0
919
0
0
0
0
0
0
0
368
0
0
0
0
0
487
0
0
0
0
818
0
0
0
968
0
0
0
560
0
431
0
0
0
0
0
0
0
0
442
0
0
0
0
0
0
0
0
0
927
225
0
0
0
0
0
0
0
0
0
0
0
0
380
194
0
0
790
565
0
0
0
245
0
0
0
0
778
0
0
0
0
0
0
0
0
0
0
0
918
0
0
0
0
0
369
0
0
0
0
0
0
377
0
0
0
0
0
0
0
0
0
0
0
0
0
0
0
0
0
0
0
605
0
0
0
443
0
0
0
0
0
0
0
0
0
0
0
0
0
0
0
0
0
0
0
84
0
0
0
0
937
0
0
0
0
0
0
0
0
0
0
0
0
366
0
790
0
0
0
0
0
0
0
279
0
0
0
0
0
0
0
0
0
0
0
0
0
0
0
0
0
0
899
637
0
0
0
0
306
0
0
0
517
0
0
0
168
0
0
0
0
0
0
0
0
0
0
619
0
169
0
878
531
0
0
0
0
0
642
0
0
0
0
0
0
914
981
0
0
0
0
0
0
0
0
0
0
0
0
351
0
0
0
876
0
0
0
204
177
0
0
916
0
0
0
565
0
0
46
0
0
0
0
0
0
973
0
0
761
0
0
0
0
0
0
0
0
0
967
843
0
0
874
561
96
0
0
0
0
942
0
0
0
0
480
0
884
0
0
0
544
0
0
0
0
0
0
0
785
275
837
0
0
0
0
0
700
0
265
0
0
0
0
0
0
0
0
0
0
0
203
0
0
0
993
0
0
0
0
271
0
0
385
723
0
0
0
842
0
0
957
0
0
0
0
0
0
46
0
0
349
0
943
0
0
0
0
0
0
250
721
0
0
0
0
0
0
742
0
269
0
0
962
0
0
0
0
0
0
0
442
0
0
0
347
0
0
0
0
0
0
0
0
819
938
0
683
0
0
0
0
777
0
0
0
0
681
0
0
0
0
0
0
0
0
0
0
0
0
0
0
0
0
0
0
0
269
0
0
0
0
645
0
0
0
0
319
0
0
0
0
0
556
0
0
0
0
0
0
0
667
0
468
0
0
0
0
0
0
0
0
0
0
618
0
9
123
0
0
0
0
0
0
0
0
0
0
563
0
430
0
0
0
0
0
0
0
0
0
0
0
0
0
747
0
0
0
0
0
0
0
0
419
125
0
890
0
97
0
0
0
0
0
0
0
0
0
0
0
754
987
454
0
0
646
0
0
0
0
0
0
0
0
0
0
0
0
0
950
0
0
0
0
27
0
0
0
0
349
667
0
0
0
0
134
0
0
0
0
0
0
0
339
0
0
0
0
0
0
0
0
0
0
0
0
0
0
0
750
0
0
0
0
0
579
0
0
0
0
0
0
0
380
0
385
0
0
345
506
0
0
0
0
983
418
0
0
0
0
0
0
358
0
0
294
0
119
0
0
0
0
0
0
0
0
0
0
0
0
0
0
0
0
0
0
0
0
0
0
0
0
0
282
0
0
245
0
0
0
0
0
0
0
0
721
0
0
0
0
203
0
0
0
723
747
0
723
0
0
0
0
0
411
0
0
0
848
0
0
0
0
0
0
0
0
0
0
0
0
0
0
0
0
0
0
0
0
0
0
0
0
0
0
0
0
0
0
0
0
0
0
0
0
0
0
0
0
0
0
0
0
0
0
0
0
0
77
0
0
0
0
0
0
0
789
0
318
133
0
0
0
0
569
0
0
0
0
0
943
468
0
0
0
666
0
0
0
993
0
0
335
0
0
837
0
0
818
0
0
0
0
201
0
944
0
0
0
0
0
0
0
0
0
487
0
0
0
0
0
0
0
0
0
0
0
0
0
0
912
931
0
0
0
0
0
0
0
0
0
0
0
357
0
0
542
0
0
0
0
606
0
999
0
0
0
709
0
0
0
454
179
0
0
0
0
806
0
0
930
0
0
0
0
0
0
0
279
0
0
0
0
0
666
0
0
786
800
0
0
0
763
91
0
0
0
0
0
0
0
0
0
0
0
0
0
0
188
325
619
903
0
0
709
891
457
0
0
0
0
0
0
294
0
0
847
0
0
0
0
0
0
0
0
0
0
0
0
0
0
0
0
0
0
410
0
0
0
0
0
0
0
303
0
884
0
0
0
738
687
0
0
411
0
0
0
129
0
0
0
0
0
0
0
0
0
0
0
0
0
0
134
721
0
0
0
0
0
660
978
0
0
0
0
0
0
91
0
0
0
0
885
0
0
0
0
792
0
0
0
0
0
0
0
0
0
0
787
0
0
154
0
506
0
0
0
0
962
0
0
0
0
0
0
0
0
820
0
0
0
0
0
0
0
0
0
0
244
0
0
0
257
0
0
0
0
0
0
0
0
0
0
0
0
0
0
128
0
695
0
0
0
482
0
0
0
0
0
973
0
0
0
0
0
786
0
0
74
0
0
721
0
0
0
0
0
0
0
0
671
0
0
0
0
0
331
0
0
0
0
0
0
0
0
0
0
839
109
0
0
475
0
0
0
518
0
0
0
171
0
0
826
0
0
0
661
785
395
0
0
358
0
793
0
0
0
0
0
0
0
0
0
0
0
0
0
0
0
0
789
0
0
0
94
0
840
0
0
0
0
412
0
0
0
0
0
778
0
0
0
0
0
0
0
800
0
74
0
0
0
0
0
804
0
0
0
0
861
0
918
0
0
0
0
0
437
0
958
86
551
0
0
0
0
0
0
0
0
0
0
0
0
0
0
0
0
0
0
0
0
0
656
0
0
166
465
0
0
0
0
0
43
0
0
0
62
0
0
0
0
0
0
0
0
0
0
0
265
0
0
0
0
0
0
0
0
0
0
0
0
0
0
0
0
0
0
0
0
0
0
0
0
0
993
0
660
0
0
0
0
0
0
0
0
168
275
538
0
0
0
0
0
0
0
957
974
0
0
578
122
0
0
0
0
0
0
0
0
0
752
0
751
0
0
0
0
0
0
588
0
0
0
0
0
678
0
0
0
0
0
0
0
177
572
633
0
0
911
0
0
0
0
375
0
0
0
0
0
730
0
0
154
0
0
342
0
691
0
307
0
0
0
0
655
0
0
0
0
761
0
0
0
0
0
0
978
0
0
0
0
0
0
0
0
354
0
0
18
0
0
0
0
0
0
0
0
375
968
0
0
0
0
0
0
0
0
0
0
0
398
463
0
0
0
0
0
0
665
0
0
753
350
0
0
0
541
491
0
0
0
0
0
0
0
0
0
0
0
0
0
240
0
0
0
0
0
0
0
0
0
0
0
0
0
0
0
0
0
0
0
485
0
0
0
0
0
0
0
0
250
0
0
203
0
0
0
721
0
0
0
0
0
0
474
0
645
0
0
0
0
0
0
0
0
0
0
0
0
0
0
0
0
994
0
0
536
0
0
0
0
0
0
801
0
859
0
0
0
0
0
0
305
0
0
365
0
0
0
0
0
0
0
0
0
0
0
306
0
0
0
0
708
0
0
0
0
0
0
0
0
649
0
0
0
0
0
0
0
0
0
0
0
0
0
0
651
0
0
0
721
0
0
0
335
763
0
0
0
0
0
0
0
103
178
877
0
0
0
0
716
0
0
0
0
0
0
0
0
554
0
0
0
0
261
0
0
0
0
0
0
286
0
0
0
687
0
0
0
0
0
0
0
0
870
0
853
0
589
0
0
0
0
0
0
198
254
0
497
0
0
0
0
0
286
0
0
0
0
0
512
0
0
599
0
0
0
0
862
0
0
0
0
605
0
0
0
0
0
0
0
0
0
0
0
91
0
0
804
0
0
0
103
0
60
0
0
0
0
0
0
0
0
0
0
0
0
0
749
0
0
0
0
919
0
0
0
568
0
0
0
672
0
0
0
0
0
0
545
0
0
0
0
0
0
0
244
0
0
0
511
0
874
0
0
0
306
0
0
801
0
0
0
0
0
952
0
0
0
0
0
0
0
0
0
0
0
0
0
299
0
806
0
760
0
803
0
0
0
0
0
0
339
0
0
0
0
0
0
0
0
474
178
60
0
0
734
0
0
0
0
0
0
0
0
0
0
0
0
0
0
0
208
0
0
0
271
0
0
0
0
0
0
0
716
0
262
0
0
0
0
167
0
0
241
0
190
0
999
0
338
0
0
0
0
902
0
308
0
0
0
0
0
0
0
394
0
0
0
886
0
240
0
0
0
0
0
0
0
0
0
0
0
0
850
0
0
0
0
0
0
618
0
723
837
0
0
0
0
168
354
0
877
0
0
0
