0
961
53
675
124
224
687
642
826
201
755
380
358
466
911
531
717
869
833
927
175
348
705
629
790
552
987
917
73
567
195
90
770
699
100
841
917
96
299
258
366
872
992
332
392
116
298
246
511
817
61
904
933
908
377
983
104
144
246
643
566
67
325
422
940
187
389
520
966
899
81
124
519
848
344
492
763
627
283
770
504
970
876
929
117
621
497
365
87
88
996
327
303
333
651
499
356
376
485
746
961
0
705
568
405
654
462
878
290
608
83
622
279
678
943
771
698
353
692
692
255
648
872
502
266
494
86
532
803
109
948
295
435
396
216
551
848
186
495
880
458
493
225
276
392
837
268
797
65
575
973
518
149
651
959
449
747
791
373
588
681
117
969
443
304
70
557
269
307
449
293
413
455
476
99
462
887
973
167
527
623
873
97
899
576
340
211
997
857
716
699
51
311
540
579
989
966
988
885
353
53
705
0
511
998
559
389
86
901
852
547
238
97
242
788
952
476
195
233
104
441
586
250
838
206
638
594
731
473
805
502
704
914
971
723
651
155
270
861
325
946
691
718
731
112
768
224
78
763
955
719
279
834
257
981
550
244
947
610
945
170
537
212
247
361
546
295
679
435
210
949
326
409
856
379
670
239
549
757
61
73
457
938
729
820
732
467
240
927
112
507
973
937
407
104
687
870
622
343
516
675
568
511
0
186
434
275
719
216
941
776
193
711
611
660
743
555
663
104
755
571
119
238
391
478
610
153
679
382
146
71
140
198
146
143
905
981
339
979
281
325
385
997
187
214
713
935
697
383
580
752
483
262
679
701
710
294
959
231
737
692
995
111
512
631
764
299
352
932
161
267
713
696
656
871
805
239
966
574
365
963
414
585
140
952
986
926
923
142
405
205
364
537
393
248
537
832
102
333
655
124
405
998
186
0
725
768
360
813
438
285
544
149
831
568
502
173
94
641
140
401
524
895
217
126
131
145
942
712
171
474
854
364
749
315
552
380
222
764
729
634
679
82
344
497
819
380
399
404
980
713
704
507
295
1000
657
438
534
678
807
81
353
502
649
518
183
265
457
440
498
427
323
669
636
436
391
948
458
996
485
642
163
696
733
384
121
661
528
279
995
261
700
467
98
876
214
986
746
127
410
224
654
559
434
725
0
153
621
586
461
766
467
179
209
883
535
602
344
482
628
851
790
702
519
268
941
646
702
912
822
812
644
279
885
874
101
763
317
620
370
992
481
487
980
758
316
417
794
891
440
478
730
866
682
349
629
293
681
859
531
823
240
208
867
136
764
677
570
429
340
275
206
917
833
837
968
515
89
225
364
387
662
296
815
527
286
320
326
782
143
206
164
529
181
868
371
649
848
544
63
687
462
389
275
768
153
0
246
562
144
698
991
224
776
848
906
538
194
890
155
451
740
139
385
337
819
99
502
365
265
595
617
351
889
395
452
693
398
851
381
704
945
386
102
286
840
672
919
336
879
578
450
581
745
901
713
879
925
526
537
989
954
904
560
706
974
819
883
174
270
555
837
160
584
571
474
78
477
665
340
400
119
546
402
79
544
860
82
699
941
143
94
450
383
811
563
492
141
702
189
642
878
86
719
360
621
246
0
471
525
970
864
383
847
257
903
913
420
812
553
84
154
91
262
947
616
843
702
720
319
897
585
936
504
685
736
863
379
553
601
239
434
931
297
166
957
268
104
235
245
765
405
105
60
826
853
713
484
708
731
946
446
533
216
823
830
693
566
211
90
577
98
712
484
136
472
66
960
233
430
982
599
310
625
738
87
65
951
352
504
86
581
784
50
503
625
920
149
673
888
826
290
901
216
813
586
562
471
0
829
177
875
256
698
543
530
81
786
944
724
701
244
323
869
464
335
112
930
656
209
513
565
517
226
52
196
599
406
982
849
405
371
901
825
187
978
880
71
922
865
769
75
854
935
652
665
972
640
958
874
534
690
366
955
203
452
740
709
303
466
785
191
193
817
686
623
104
221
619
145
210
887
994
429
215
780
118
124
800
207
84
658
537
275
276
858
717
935
432
987
201
608
852
941
438
461
144
525
829
0
859
599
741
688
61
620
976
576
785
132
788
546
807
144
707
851
307
603
349
367
247
196
476
97
380
934
277
150
879
288
817
921
947
146
626
148
814
121
670
590
496
402
792
774
826
81
572
980
944
93
584
72
116
909
794
539
863
316
258
89
197
830
251
790
153
567
213
307
88
63
247
369
841
84
844
207
469
716
700
557
564
218
578
633
792
460
52
922
680
805
755
83
547
776
285
766
698
970
177
859
0
896
348
160
128
503
58
727
328
517
396
879
139
291
827
394
162
245
308
859
275
363
328
580
175
817
714
949
898
569
144
100
716
782
329
897
610
917
369
751
322
97
846
526
756
385
250
352
998
406
970
826
779
551
348
267
103
77
76
298
149
525
105
52
808
277
886
975
71
885
438
420
468
185
964
711
717
441
938
801
720
806
419
571
323
703
600
313
616
286
380
622
238
193
544
467
991
864
875
599
896
0
709
422
986
368
68
973
716
197
122
766
846
250
729
212
878
213
303
891
618
99
398
737
584
311
274
632
708
379
697
239
201
812
327
252
83
540
149
624
191
790
466
315
998
278
529
324
731
266
219
989
560
504
884
879
129
108
608
381
544
361
625
229
190
545
526
700
973
536
380
67
797
877
341
688
371
687
723
578
879
221
924
396
348
564
895
652
616
790
358
279
97
711
149
179
224
383
256
741
348
709
0
558
178
406
987
684
474
173
60
586
454
211
627
755
147
584
645
152
180
933
847
594
730
411
597
315
113
544
542
391
272
646
756
67
825
260
988
63
474
656
87
990
576
649
746
285
531
206
571
533
204
999
617
594
796
462
759
349
620
916
560
231
662
254
918
897
277
91
390
622
188
777
123
527
940
996
513
714
69
707
71
862
758
139
858
213
412
742
466
678
242
611
831
209
776
847
698
688
160
422
558
0
147
737
479
757
63
602
1000
776
750
522
237
693
685
860
581
60
250
782
196
788
525
112
71
634
722
386
496
834
665
519
765
583
530
922
209
387
934
388
944
653
696
833
881
578
996
367
495
988
214
840
593
281
834
851
544
312
985
80
762
156
555
362
938
828
468
251
592
188
89
499
288
986
157
131
958
389
611
689
389
775
741
672
551
145
417
374
911
943
788
660
568
883
848
257
543
61
128
986
178
147
0
689
536
788
641
935
556
639
342
652
193
300
89
908
848
704
516
760
316
365
833
347
801
979
774
135
549
429
282
856
806
545
425
237
639
829
825
539
902
829
810
667
664
157
983
351
926
459
449
84
239
427
431
813
268
567
600
338
799
442
89
502
241
176
440
433
460
387
300
161
488
765
452
381
795
596
772
732
312
321
932
600
372
499
791
224
531
771
952
743
502
535
906
903
530
620
503
368
406
737
689
0
253
993
510
235
238
855
698
753
895
456
964
743
133
669
499
573
117
727
938
838
496
702
72
754
484
656
438
257
124
73
947
601
170
328
71
830
461
365
498
854
441
402
769
257
644
358
294
207
576
771
442
62
329
412
171
469
320
300
140
681
903
318
753
523
399
848
443
156
661
344
493
714
484
455
769
123
319
790
357
475
629
490
261
494
717
698
476
555
173
602
538
913
81
976
58
68
987
479
536
253
0
576
950
646
347
902
282
944
469
890
498
275
403
813
71
361
947
515
201
443
360
100
623
630
843
984
422
217
635
297
716
211
523
244
908
288
69
188
955
90
422
84
925
828
237
656
539
555
896
824
609
248
480
901
644
767
519
266
882
596
810
505
718
537
504
595
432
978
525
723
745
654
352
987
961
702
521
169
381
442
381
825
154
548
869
353
195
663
94
344
194
420
786
576
727
973
684
757
788
993
576
0
819
940
247
806
394
655
290
984
893
510
422
863
528
728
805
712
896
209
707
277
420
330
840
675
249
719
643
371
248
975
347
567
860
252
727
642
838
224
876
148
131
306
744
115
729
378
937
918
137
266
245
682
590
668
105
850
713
799
557
494
988
535
118
654
382
814
428
774
623
312
117
634
186
223
621
311
838
218
279
517
700
674
833
692
233
104
641
482
890
812
944
785
328
716
474
63
641
510
950
819
0
970
933
825
755
914
871
745
354
356
186
796
137
517
394
139
608
185
519
72
759
381
486
127
408
756
83
671
654
604
273
769
64
271
83
164
625
224
410
872
935
420
600
669
804
181
588
589
130
550
688
152
159
352
856
415
805
491
555
720
390
335
854
696
961
795
412
104
679
832
691
434
566
310
225
728
589
225
128
123
818
458
927
692
104
755
140
628
155
553
724
132
517
197
173
602
935
235
646
940
970
0
400
366
533
772
937
947
557
273
380
174
528
825
352
75
968
932
150
829
892
474
544
678
948
851
941
71
293
315
225
133
0
896
540
790
476
790
343
806
730
642
281
429
773
506
654
622
590
119
999
114
793
677
636
104
450
780
283
209
134
834
626
710
164
978
127
608
987
486
388
846
111
149
278
444
314
789
303
940
368
569
175
255
441
571
401
851
451
84
701
788
396
122
60
1000
556
238
347
247
933
400
0
52
828
249
555
69
233
733
258
619
953
209
305
567
533
502
870
742
141
512
976
66
561
510
862
539
999
938
513
542
916
736
317
376
637
225
410
223
802
847
70
287
769
380
309
72
733
854
509
915
537
224
538
825
124
727
441
609
725
399
111
677
129
913
459
441
230
293
113
249
961
816
871
311
955
705
894
399
629
246
348
648
586
119
524
790
740
154
244
546
879
766
586
776
639
855
902
806
825
366
52
0
273
194
360
498
835
306
389
652
348
610
134
654
540
208
490
621
418
61
91
52
527
352
840
95
569
297
623
566
113
777
697
275
935
388
765
86
587
912
696
443
446
737
556
74
606
136
648
53
795
267
743
553
766
948
515
726
81
905
588
314
520
127
516
993
918
616
786
465
655
576
125
354
965
600
878
181
778
306
705
872
250
238
895
702
139
91
323
807
139
846
454
750
342
698
282
394
755
533
828
273
0
438
825
77
893
804
718
522
860
340
602
880
217
214
222
280
463
362
160
916
916
606
265
285
581
149
976
850
91
50
165
50
108
263
593
760
81
792
149
713
98
257
355
813
384
190
561
289
304
308
681
231
425
415
187
207
385
701
61
920
512
917
75
855
828
719
514
864
125
764
282
701
153
296
921
822
748
218
629
502
838
391
217
519
385
262
869
144
291
250
211
522
652
753
944
655
914
772
249
194
438
0
932
259
586
637
293
305
954
531
826
326
417
697
770
136
260
124
525
891
415
426
446
176
435
758
551
373
933
981
228
910
915
520
759
697
945
411
322
999
386
942
110
908
825
107
501
127
314
512
502
381
510
385
834
912
128
437
206
275
234
821
190
904
753
230
197
930
990
391
447
686
79
957
818
989
641
576
790
266
206
478
126
268
337
947
464
707
827
729
627
237
193
895
469
290
871
937
555
360
825
932
0
989
979
561
725
211
526
822
533
125
165
461
212
362
765
90
794
876
816
850
113
350
98
332
247
466
96
380
58
232
795
859
656
902
105
984
141
215
388
207
527
62
50
126
490
269
158
556
912
330
589
424
72
199
62
297
732
335
271
253
962
129
705
656
289
561
451
798
232
600
165
89
99
778
67
196
552
494
638
610
131
941
819
616
335
851
394
212
755
693
300
456
890
984
745
947
69
498
77
259
989
0
701
492
281
645
225
414
58
975
430
579
197
632
917
196
706
81
922
627
269
0
166
696
370
958
578
72
667
153
795
726
411
161
455
897
686
371
977
362
716
401
908
487
233
443
727
592
473
190
394
136
54
171
194
642
435
252
326
418
250
412
888
959
425
986
576
58
164
594
780
569
51
618
234
422
987
86
594
153
145
646
99
843
112
307
162
878
147
685
89
964
498
893
354
557
233
835
893
586
979
701
0
645
136
691
378
990
256
547
528
184
169
115
377
400
876
394
680
231
236
947
890
145
529
561
242
897
522
881
282
842
603
410
627
276
201
690
511
775
841
146
385
154
859
382
71
407
564
200
380
566
51
278
73
914
453
811
123
450
79
59
423
686
303
91
697
791
404
188
821
511
659
511
885
183
917
532
731
679
942
702
502
702
930
603
245
213
584
860
908
743
275
510
356
273
733
306
804
637
561
492
645
0
119
417
62
892
55
320
830
933
871
922
524
280
883
456
177
504
393
657
973
941
619
52
124
749
197
262
777
504
534
932
572
380
127
692
96
692
99
692
370
290
717
53
195
445
594
656
965
918
863
137
117
998
690
981
85
197
69
410
887
315
889
660
496
948
993
181
234
342
856
952
437
799
73
803
473
382
712
912
365
720
656
349
308
303
645
581
848
133
403
422
186
380
258
389
718
293
725
281
136
119
0
801
541
407
473
577
283
627
307
564
587
950
928
659
307
597
510
972
485
784
266
263
296
296
219
820
895
550
104
594
192
996
534
620
609
211
300
189
509
153
479
592
128
530
491
387
944
389
669
988
354
818
212
491
922
616
351
103
532
968
815
595
65
277
986
265
101
292
594
897
141
403
567
109
805
146
171
822
265
319
209
367
859
891
152
60
704
669
813
863
796
174
619
652
522
305
211
645
691
417
801
0
827
424
318
768
128
545
888
502
613
321
961
774
561
311
567
815
729
425
905
445
777
707
373
327
902
241
978
946
476
197
877
672
444
839
746
274
232
712
476
126
166
340
824
624
280
448
599
995
276
883
610
382
61
662
566
238
787
383
890
429
284
785
175
935
861
857
195
308
683
740
195
948
502
71
474
812
595
897
513
247
275
618
180
250
516
499
71
528
137
528
953
348
860
954
526
225
378
62
541
827
0
760
918
968
676
766
781
273
633
353
111
891
519
852
917
685
726
797
124
420
143
876
229
624
866
571
620
354
256
662
425
52
691
284
282
362
848
436
614
348
630
464
826
219
716
818
515
53
87
562
519
54
721
559
364
321
227
609
403
965
500
968
520
980
199
224
617
761
979
215
90
295
704
140
854
644
617
585
565
196
363
99
933
782
760
573
361
728
517
825
209
610
340
531
822
414
990
892
407
424
760
0
488
115
700
617
996
199
431
192
732
561
968
886
975
149
373
418
723
536
690
391
601
242
632
527
951
224
856
255
559
424
96
676
483
643
825
925
918
850
423
430
466
177
325
177
999
514
569
423
483
946
753
180
410
879
580
678
522
813
584
281
757
384
392
889
571
672
593
506
770
435
914
198
364
279
351
936
517
476
328
398
847
196
316
117
947
805
394
352
305
134
602
826
533
58
256
55
473
318
918
488
0
631
244
819
238
525
821
757
792
503
342
677
242
458
606
302
338
91
66
543
756
478
101
1000
341
252
189
688
590
470
894
182
239
508
689
563
444
67
900
873
243
328
375
968
887
849
290
139
389
335
325
284
831
899
306
682
377
681
473
598
653
619
763
300
917
856
217
137
699
396
971
146
749
885
889
504
226
97
580
737
594
788
365
727
515
712
139
75
567
654
880
326
125
975
547
320
577
768
968
115
631
0
811
482
951
93
547
449
414
960
722
720
940
884
547
178
969
609
288
480
402
546
210
151
842
944
518
409
150
703
71
137
649
219
193
866
653
385
255
435
251
786
692
542
415
702
768
799
819
784
196
477
196
426
906
276
826
503
237
984
362
692
508
946
574
512
691
978
100
216
723
143
315
874
395
685
52
380
175
584
730
525
833
938
201
896
608
968
533
540
217
417
165
430
528
830
283
128
676
700
244
811
0
803
833
866
153
168
347
328
405
798
389
823
659
502
168
567
722
388
625
103
233
599
565
502
131
680
154
166
98
202
840
656
562
224
479
389
837
557
309
504
90
270
412
277
515
363
930
669
836
381
792
661
709
526
447
390
263
342
968
281
189
131
253
179
319
908
841
551
651
905
552
101
452
736
196
934
817
311
411
112
347
838
443
209
185
932
502
208
214
697
461
579
184
933
627
545
766
617
819
482
803
0
914
929
853
915
544
566
60
448
244
647
209
812
464
107
304
324
592
322
825
194
780
795
259
677
941
972
868
779
730
594
824
973
68
884
421
456
362
197
664
519
106
101
580
211
590
645
960
358
690
62
585
52
689
673
243
911
769
456
517
172
836
900
203
183
917
848
155
981
380
763
693
863
599
277
714
274
597
71
801
496
360
707
519
150
870
490
222
770
212
197
169
871
307
888
781
996
238
951
833
914
0
508
71
360
290
509
348
635
883
84
228
269
104
358
956
272
339
908
51
894
799
455
931
83
951
490
255
446
964
596
920
961
834
797
979
65
447
769
509
785
421
77
965
76
747
867
624
216
307
701
70
118
785
410
85
828
239
823
456
631
381
579
749
991
96
186
270
339
222
317
398
379
406
150
949
632
315
634
979
702
100
277
72
829
742
621
280
136
362
632
115
922
564
502
273
199
525
93
866
929
508
0
596
332
478
504
559
547
542
304
298
542
144
545
335
385
876
369
88
846
166
154
916
920
978
424
665
152
930
831
629
611
454
131
942
124
301
311
444
484
519
322
128
267
174
546
462
506
86
52
789
997
392
53
876
250
666
418
868
841
288
765
572
561
299
495
861
979
764
620
851
553
982
879
898
708
113
722
774
72
623
420
759
892
141
418
463
260
765
917
377
524
587
613
633
431
821
547
153
853
71
596
0
953
811
679
994
868
120
959
590
383
947
720
430
880
356
460
109
348
658
151
535
471
514
433
769
870
540
87
556
234
360
955
367
148
380
379
64
919
412
494
435
873
128
342
941
515
743
649
51
360
979
896
715
604
273
88
889
692
419
145
362
698
258
880
325
281
729
370
381
601
849
288
569
379
544
386
135
754
630
330
381
474
512
61
362
124
90
196
400
280
950
321
353
192
757
449
168
915
360
332
953
0
550
581
446
618
709
929
738
293
942
414
463
447
790
119
878
762
567
625
670
456
639
821
715
180
697
283
370
925
828
761
152
680
150
699
293
408
52
348
678
291
85
434
696
268
94
739
635
209
878
579
139
496
246
672
573
998
293
52
721
108
366
458
946
325
634
992
704
239
405
817
144
697
542
496
549
484
843
840
486
544
976
91
160
525
794
706
876
883
928
961
111
732
792
414
347
544
290
478
811
550
0
319
206
456
269
965
981
515
413
114
312
933
543
782
495
142
893
859
429
292
222
528
494
554
943
105
373
678
402
205
70
63
198
928
835
732
846
268
254
283
129
714
967
387
521
270
166
611
147
108
808
421
997
188
984
234
316
701
718
616
872
493
691
385
679
481
945
434
371
921
100
239
391
834
429
656
984
675
127
678
66
52
916
891
876
81
394
456
659
774
891
561
503
960
328
566
509
504
679
581
319
0
845
490
821
776
945
699
562
681
883
405
892
81
593
819
118
306
686
223
667
150
588
680
290
299
253
778
208
583
149
114
129
223
358
511
372
636
54
723
95
601
172
138
655
608
992
274
261
481
803
167
558
628
869
282
780
229
251
444
992
225
718
997
82
487
386
931
901
947
716
201
272
665
282
438
422
249
408
948
561
527
916
415
816
922
680
177
307
561
519
968
342
722
405
60
348
559
994
446
206
845
0
955
51
193
400
740
899
955
616
230
726
200
853
613
637
492
306
773
950
166
906
769
708
667
769
642
724
770
768
749
774
244
729
248
701
597
716
868
577
941
909
471
951
966
902
220
504
853
854
853
496
142
145
268
158
370
691
443
332
276
731
187
344
980
102
297
825
146
782
812
646
519
856
257
217
719
756
851
510
352
606
426
850
627
231
504
597
311
852
886
677
720
798
448
635
547
868
618
456
490
955
0
268
75
510
303
583
892
122
322
160
83
460
296
929
742
827
450
241
448
722
367
195
471
571
756
998
647
132
443
89
158
975
193
798
844
294
123
87
861
453
501
464
845
628
150
55
234
400
429
388
430
708
364
832
140
962
624
392
392
112
214
497
758
286
166
187
626
329
327
756
765
806
124
635
643
83
941
862
840
265
446
113
269
236
393
510
567
917
975
242
940
389
244
883
542
120
709
269
821
51
268
0
223
547
503
363
241
625
408
164
68
545
382
787
695
284
772
577
255
963
726
619
90
415
668
101
747
687
886
442
766
989
157
470
191
480
656
634
319
962
346
956
842
308
407
153
656
747
373
354
440
589
303
499
921
604
860
116
837
768
713
819
316
840
957
978
148
897
252
67
583
545
73
297
371
671
71
539
95
285
176
350
0
947
657
972
815
685
149
458
884
823
647
84
304
959
929
965
776
193
75
223
0
411
383
298
669
211
317
454
783
634
218
445
106
838
88
242
266
87
634
996
830
84
433
176
664
62
212
681
639
638
338
981
813
133
160
553
968
721
526
849
839
693
125
119
492
647
413
365
921
290
534
348
986
863
660
298
268
224
935
380
417
672
268
880
814
610
83
825
530
425
947
716
248
654
293
999
569
581
435
98
166
890
973
485
729
726
373
606
547
659
209
228
298
590
738
981
945
400
510
547
411
0
81
732
190
202
676
107
221
386
327
938
673
650
418
579
415
1000
267
699
145
643
703
264
835
641
155
440
168
67
316
103
991
861
742
192
640
868
641
992
928
393
230
485
272
969
764
627
880
819
732
753
551
240
421
246
797
78
697
399
794
919
104
71
121
917
540
260
922
237
601
211
975
604
315
938
297
149
758
332
696
145
941
784
425
797
418
302
178
502
812
269
542
383
293
515
699
740
303
503
383
81
0
943
308
413
225
868
921
525
104
689
826
847
175
441
231
347
631
390
78
301
857
118
635
676
916
321
205
179
367
457
803
751
149
835
287
387
574
769
636
740
671
902
962
360
514
921
459
359
142
538
387
1000
679
511
65
763
383
404
891
336
235
922
670
369
149
988
209
639
170
523
347
273
225
513
623
976
551
247
370
529
619
266
905
124
723
338
969
168
464
104
144
947
942
413
562
899
583
363
298
732
943
0
867
611
529
626
294
209
441
232
201
57
294
173
454
742
815
94
957
130
970
299
797
853
593
206
881
281
128
97
488
491
247
976
939
269
915
395
72
96
959
86
602
782
539
764
196
370
914
590
176
417
568
817
575
955
580
980
440
879
245
865
590
751
624
63
387
829
328
244
567
769
133
542
566
850
373
466
958
561
52
263
445
420
536
91
609
567
107
358
545
720
414
114
681
955
892
241
669
190
308
867
0
493
84
134
777
777
475
736
733
355
972
724
93
443
823
597
749
212
402
935
838
295
341
702
594
529
563
192
557
60
840
52
832
183
408
879
928
806
756
198
888
87
676
806
526
716
707
450
144
336
943
61
973
719
752
713
478
578
765
769
496
322
191
474
934
825
71
908
860
64
0
916
113
91
933
96
578
242
124
296
777
143
690
66
288
722
304
956
335
430
463
312
883
616
122
625
211
202
413
611
493
0
599
371
963
697
398
322
545
538
913
473
932
894
428
306
865
183
67
535
818
146
656
223
204
884
81
500
272
707
538
301
779
451
447
654
912
663
857
184
83
202
609
962
151
96
433
366
850
528
965
904
518
279
483
704
730
450
405
75
402
97
790
656
388
539
830
288
252
271
896
736
777
50
981
380
72
897
749
296
707
876
391
543
480
388
324
272
385
880
447
933
405
230
322
408
317
676
225
529
84
599
0
928
798
92
436
310
134
108
812
144
152
69
68
270
294
543
835
84
824
72
869
255
825
226
803
485
698
278
664
175
197
120
228
355
261
906
816
616
932
275
113
998
914
296
241
904
866
592
164
933
149
834
262
507
866
581
105
854
792
846
466
87
944
902
461
69
727
83
540
317
697
165
228
58
667
522
197
219
373
229
601
756
402
625
592
339
876
356
790
543
892
726
160
164
454
107
868
626
134
371
928
0
976
813
733
931
893
501
395
514
166
977
251
943
58
683
57
173
113
979
55
153
995
450
534
244
177
974
282
458
187
791
205
881
153
801
891
632
360
599
454
898
421
734
449
681
350
128
224
908
651
257
679
295
682
745
60
935
774
526
315
990
653
829
365
188
642
164
790
376
275
50
910
232
153
881
262
820
327
624
242
478
546
103
322
908
369
460
119
782
81
200
83
68
783
221
921
294
777
963
798
976
0
340
160
757
870
711
129
508
884
592
564
127
566
365
746
425
652
128
578
995
361
328
794
50
334
994
71
638
483
845
741
466
134
681
581
261
237
498
634
928
663
732
255
405
937
669
234
377
959
981
701
1000
349
901
826
652
826
756
998
576
696
810
498
955
838
625
476
637
935
108
915
795
795
282
777
895
902
866
632
101
210
233
825
51
88
109
878
495
593
853
460
545
634
386
525
209
777
697
92
813
340
0
611
328
70
754
669
540
943
331
586
104
121
853
752
913
624
882
650
494
279
140
669
445
751
640
977
938
96
182
581
819
999
749
73
807
710
334
264
628
475
158
631
571
690
867
143
983
449
550
710
657
629
713
853
665
81
385
278
649
833
667
854
90
224
224
790
225
388
263
520
859
726
842
504
550
241
571
527
1000
151
599
194
894
846
348
762
142
819
613
296
382
218
327
104
441
475
398
436
733
160
611
0
473
988
735
627
169
141
597
403
80
776
165
455
196
441
290
51
721
51
408
313
422
429
227
426
347
873
903
121
51
872
55
135
947
494
399
241
908
658
76
438
223
391
535
526
104
747
244
294
438
293
879
713
972
572
250
529
746
881
664
441
422
876
410
343
410
765
593
759
656
411
603
534
104
978
620
951
341
842
565
780
799
166
658
567
893
118
637
929
787
445
938
689
232
736
322
310
931
757
328
473
0
827
961
428
648
217
741
319
157
258
465
429
706
186
952
710
709
938
434
833
254
747
270
298
521
879
233
763
589
866
981
524
686
613
967
716
778
796
158
155
951
400
844
273
144
791
947
959
534
681
925
484
640
980
352
324
285
578
157
402
84
148
872
806
223
86
760
697
902
161
410
932
594
946
354
224
252
944
502
795
455
154
151
625
859
306
492
742
695
106
673
826
201
733
545
134
893
870
70
988
827
0
169
566
449
399
772
796
263
194
255
512
752
461
278
599
389
241
540
467
706
310
877
846
516
311
630
344
293
474
120
576
394
935
708
56
512
615
362
796
582
635
183
752
246
373
610
231
678
859
526
708
958
944
998
731
531
996
983
769
925
131
935
730
802
587
81
945
105
455
627
572
192
476
256
856
189
518
131
259
931
916
535
670
429
686
306
827
284
838
650
847
57
355
538
108
501
711
754
735
961
169
0
415
84
921
705
462
642
108
411
991
448
469
618
430
557
411
263
465
251
563
721
913
509
688
169
928
817
273
147
585
782
998
99
939
607
177
793
991
98
253
355
909
643
588
945
737
807
531
537
731
874
93
406
266
206
367
351
257
828
306
420
642
847
912
792
411
984
897
276
380
996
197
662
255
688
409
680
677
83
920
471
456
292
223
773
450
772
88
418
175
294
972
913
812
395
129
669
627
428
566
415
0
536
604
319
617
150
113
591
98
247
477
150
341
629
1000
719
148
506
628
906
621
550
943
204
723
528
350
475
786
918
942
111
896
418
97
484
92
476
423
809
443
566
681
170
692
81
823
989
946
534
584
970
219
571
495
926
644
237
744
600
281
70
696
149
322
141
686
201
127
534
877
425
559
590
150
154
941
951
978
514
639
222
667
950
241
577
242
579
441
173
724
473
144
514
508
540
169
648
449
84
536
0
572
986
535
360
705
306
947
466
845
102
282
415
120
810
82
776
619
649
385
212
705
835
621
964
85
741
944
315
266
69
106
670
432
346
563
249
95
501
270
67
117
537
995
353
240
954
446
690
72
826
989
533
988
459
358
656
115
669
429
287
443
713
999
215
371
690
692
620
672
52
424
470
703
166
972
490
424
433
821
528
150
166
448
255
266
415
231
454
93
932
152
166
884
943
141
217
399
921
604
572
0
407
576
750
583
430
270
547
164
500
472
720
822
189
121
279
363
218
360
627
530
999
303
299
56
723
455
639
951
199
536
312
429
637
695
157
450
740
356
325
969
212
111
502
208
904
533
366
116
779
560
204
214
449
294
539
729
804
773
769
446
98
386
388
977
511
96
609
444
691
96
894
71
98
868
255
665
769
715
494
588
906
722
963
87
1000
347
742
443
894
69
977
592
331
597
741
772
705
319
986
407
0
375
788
846
687
258
160
751
598
277
578
387
370
414
701
149
518
742
662
479
540
822
346
232
259
246
396
461
740
751
245
366
812
415
197
81
774
848
422
443
247
512
649
867
560
216
955
909
551
504
999
840
84
207
555
378
181
506
380
737
257
942
207
362
775
692
211
839
284
676
182
137
202
779
446
152
870
180
554
680
769
367
726
634
267
631
815
823
428
68
251
564
586
403
319
796
462
617
535
576
375
0
586
155
687
748
138
139
556
578
982
71
230
897
529
712
587
123
873
941
120
912
436
436
269
277
958
147
857
386
578
595
700
623
609
210
432
103
940
304
361
631
518
136
706
823
203
794
348
884
617
593
239
576
896
937
588
654
309
556
355
110
527
716
841
99
300
746
282
483
239
649
840
730
964
930
540
697
943
290
708
195
619
996
699
390
94
597
306
270
943
127
104
80
157
263
642
150
360
750
788
586
0
537
829
689
434
985
826
368
631
287
743
757
793
382
466
596
247
570
984
584
564
310
864
420
961
701
52
306
882
939
868
309
296
160
803
314
187
70
546
764
183
764
974
830
452
539
267
879
594
281
427
771
824
918
589
622
72
74
813
908
62
401
146
692
189
274
362
643
508
219
656
594
596
831
87
283
105
299
667
471
90
830
145
78
957
749
865
294
58
566
121
776
258
194
108
113
705
583
846
155
537
0
265
143
350
237
457
257
50
827
194
396
711
487
697
820
583
546
867
884
843
883
352
943
674
112
570
131
179
742
532
177
160
635
822
875
389
557
295
299
265
677
819
693
740
863
103
129
796
834
431
442
609
137
130
590
733
606
384
825
50
908
385
370
509
232
848
825
689
193
562
824
920
629
556
370
373
253
769
571
415
84
643
301
130
212
183
543
683
365
853
165
465
255
411
591
306
430
687
687
829
265
0
655
701
134
698
265
607
317
593
372
493
58
385
275
435
923
322
431
517
590
758
68
430
593
663
204
696
383
797
917
996
569
140
392
520
269
679
352
457
570
883
566
709
316
77
108
462
851
813
62
248
266
550
119
854
136
190
107
126
487
154
290
153
712
436
925
563
866
224
973
961
611
234
925
678
778
642
756
668
433
703
857
970
402
67
835
57
746
752
455
429
512
991
98
947
270
258
748
689
143
655
0
296
465
778
139
689
540
52
263
119
278
357
464
715
518
489
211
73
59
749
893
370
545
834
407
206
741
672
335
94
659
702
121
966
307
435
932
440
429
174
211
303
258
76
608
759
544
268
329
480
245
688
999
509
648
561
501
490
233
859
717
479
476
614
918
444
653
479
68
834
454
360
828
402
208
724
998
101
176
264
118
299
935
535
84
173
425
913
196
706
752
448
247
466
547
160
138
434
350
701
296
0
159
156
860
257
178
1000
614
830
538
563
323
718
315
545
598
753
87
495
759
202
576
653
895
145
863
520
404
754
130
672
50
899
449
210
161
498
340
270
90
466
89
298
381
349
312
567
412
901
682
152
114
915
53
289
127
269
443
382
53
592
126
348
850
67
385
389
884
797
131
955
761
205
583
770
647
747
664
835
635
797
838
818
824
113
652
624
441
186
461
469
477
845
164
751
139
985
237
134
465
159
0
954
611
999
646
624
221
516
356
135
749
819
564
540
945
546
201
323
927
320
733
447
125
232
512
400
71
88
850
166
822
81
293
949
267
427
275
555
577
785
197
149
544
620
985
600
171
644
590
159
793
537
795
304
314
158
727
71
195
128
166
630
423
900
255
837
421
979
942
367
152
70
149
768
132
687
62
641
676
853
295
146
72
979
128
882
290
952
278
618
150
102
500
598
556
826
457
698
778
156
954
0
146
723
971
403
401
344
707
447
210
627
584
756
155
183
211
353
76
185
310
736
968
120
801
363
720
781
91
920
883
124
413
326
713
323
206
837
98
191
830
525
361
916
80
338
469
767
668
352
677
224
267
308
512
556
592
407
445
530
340
464
430
873
435
557
456
65
124
148
680
63
114
749
443
886
212
155
916
593
341
656
869
55
578
650
51
710
599
430
341
282
472
277
578
368
257
265
139
860
611
146
0
810
704
303
161
946
625
418
253
349
721
577
80
641
223
120
258
896
212
629
628
574
60
588
463
500
591
398
581
519
455
409
696
669
917
160
712
193
251
105
625
560
762
799
320
519
105
856
636
538
743
681
502
912
473
564
594
491
824
826
466
243
251
309
362
447
301
380
150
198
129
774
89
442
681
440
321
206
702
223
255
153
995
494
721
709
389
557
629
415
720
578
982
631
50
607
689
257
999
723
810
0
456
244
330
88
80
806
714
486
156
601
591
545
54
787
242
586
804
525
343
398
491
884
464
718
348
718
503
848
476
856
656
636
833
584
484
817
790
52
229
231
156
442
300
266
850
415
104
825
553
231
381
330
190
200
656
387
624
219
177
328
786
504
197
769
311
379
699
928
223
244
158
766
639
168
205
881
594
204
825
995
361
279
51
938
241
411
1000
120
822
387
71
287
827
317
540
178
646
971
704
456
0
179
734
170
369
85
815
220
907
900
230
939
415
984
406
933
473
983
331
290
280
298
794
158
711
996
198
344
99
379
871
436
837
571
136
686
153
808
190
662
555
89
140
882
713
805
450
124
766
425
510
589
394
380
965
944
280
716
325
375
692
90
664
509
444
64
293
835
358
729
975
989
638
67
179
281
529
884
226
450
328
140
408
434
540
263
719
810
189
370
230
743
194
593
52
1000
624
403
303
244
179
0
211
673
137
394
914
545
358
757
93
444
285
101
112
755
724
427
720
69
751
761
413
549
88
231
888
492
462
670
805
391
968
474
472
623
567
277
545
254
362
502
681
596
799
491
780
727
948
415
385
424
136
566
918
389
448
818
177
968
542
270
519
785
484
919
408
732
511
248
193
157
338
316
367
128
563
81
803
534
794
669
313
833
467
465
148
82
121
414
897
757
396
372
263
614
221
401
161
330
734
211
0
476
648
586
797
248
996
541
840
125
290
790
895
882
251
611
64
652
193
586
269
527
363
130
813
763
887
239
239
948
515
78
66
104
213
886
526
918
938
241
903
810
557
555
283
441
515
187
834
72
54
51
863
669
599
515
999
887
415
412
106
421
519
412
52
846
372
701
798
470
981
103
457
97
192
500
485
244
50
445
422
254
706
251
506
776
279
701
529
793
711
493
119
830
516
344
946
88
170
673
476
0
224
602
289
215
261
318
208
84
126
620
881
427
696
872
75
390
441
968
554
703
588
243
570
627
973
549
966
458
89
477
960
221
307
975
700
897
828
176
318
505
494
720
209
609
726
207
912
199
171
278
137
988
995
53
514
849
702
277
101
77
322
494
348
268
636
597
844
191
813
991
803
488
557
272
698
177
334
751
429
747
310
563
628
619
363
149
712
382
487
58
278
538
356
707
625
80
369
137
648
224
0
922
393
476
367
507
604
943
663
826
940
57
85
238
734
842
622
153
71
150
771
135
686
283
167
757
574
996
225
665
233
619
88
71
973
277
468
440
753
718
988
390
134
725
81
385
128
62
194
73
117
354
276
87
569
290
768
515
580
965
128
435
678
254
54
716
294
480
133
861
751
491
60
707
278
974
994
640
227
270
877
721
906
649
218
518
587
466
697
385
357
563
135
447
418
806
85
394
586
602
922
0
109
546
772
344
801
589
906
912
398
838
898
470
61
358
352
530
569
861
581
232
329
770
527
61
365
485
364
340
430
145
63
885
536
91
251
433
523
537
535
335
834
399
905
701
437
297
642
914
998
818
883
562
423
139
799
363
211
76
267
873
291
283
723
868
123
656
160
742
149
247
840
538
664
282
71
977
426
298
846
913
621
385
360
742
123
596
820
275
464
323
749
210
253
714
815
914
797
289
393
109
0
626
100
649
994
944
418
167
960
371
529
730
431
466
89
726
313
793
884
250
652
504
623
73
963
642
387
400
982
210
247
438
380
390
592
460
399
504
118
854
626
111
588
61
206
732
435
453
690
212
610
519
483
389
819
930
590
747
174
128
85
129
95
577
87
634
553
192
835
976
52
301
175
458
638
938
347
521
516
509
550
212
627
662
873
247
583
435
715
718
819
627
349
486
220
545
248
215
476
546
626
0
844
632
631
424
362
68
242
155
505
862
338
240
287
84
796
61
323
726
975
970
873
457
414
163
662
119
599
887
369
420
67
622
188
387
848
595
654
696
710
677
314
920
275
335
252
811
981
491
382
54
946
335
784
669
645
867
546
342
434
714
601
941
861
319
968
640
287
939
832
779
197
187
483
96
873
879
311
688
943
705
530
479
941
570
546
923
518
315
564
584
721
156
907
358
996
261
367
772
100
844
0
486
483
238
377
50
709
337
894
975
101
261
492
551
916
232
235
284
202
876
97
938
585
696
296
546
310
994
841
468
797
188
89
300
443
432
382
961
164
129
520
512
234
271
326
123
85
922
61
721
753
325
196
836
960
624
462
941
696
967
172
909
453
962
721
868
387
269
183
451
120
791
845
182
903
233
630
169
204
835
999
540
120
984
867
322
489
545
540
756
577
601
900
757
541
318
507
344
649
632
486
0
246
520
689
529
921
399
756
816
999
69
63
763
429
438
721
941
217
929
899
729
140
733
815
402
625
429
84
185
877
777
499
161
156
978
814
795
978
913
127
917
821
253
418
450
197
616
662
559
180
284
477
381
358
216
506
515
268
387
138
471
501
346
526
641
574
915
408
447
228
205
741
581
121
763
344
928
723
621
303
822
912
584
884
431
211
598
945
155
80
591
230
93
840
208
604
801
994
631
483
246
0
118
191
156
89
362
690
578
489
333
847
974
85
566
895
655
655
117
576
820
952
384
527
79
738
215
844
964
341
123
288
488
661
525
428
412
127
459
516
75
190
962
250
79
69
351
566
364
410
831
196
792
690
307
86
743
94
521
655
951
464
956
849
992
769
395
879
654
355
881
466
819
51
589
293
817
528
964
299
346
436
564
843
517
73
753
546
183
641
545
939
444
125
84
943
589
944
424
238
520
118
0
955
545
177
931
212
584
301
752
345
923
504
524
229
281
103
621
340
732
986
121
286
544
87
780
207
711
688
527
986
765
344
723
774
104
608
441
993
855
904
129
412
59
410
103
238
321
879
899
426
661
62
701
52
649
739
270
608
966
845
842
839
928
636
72
928
912
261
153
134
999
872
866
474
273
350
85
56
232
436
310
883
590
59
87
201
211
223
54
415
285
290
126
663
906
418
362
377
689
191
955
0
875
241
433
893
509
108
331
620
884
83
917
493
401
691
497
211
467
926
661
320
860
65
118
469
717
371
940
157
452
493
745
623
679
987
230
918
828
753
705
888
423
887
532
787
227
580
306
906
709
585
70
789
51
635
166
992
902
628
308
693
393
740
96
806
663
906
801
681
749
55
981
120
147
475
741
723
259
269
864
352
758
749
495
323
353
120
787
984
101
790
620
826
912
167
68
50
529
156
545
875
0
58
294
924
943
923
114
398
823
407
393
158
208
174
365
997
240
923
528
326
82
951
124
716
441
687
996
131
381
714
654
312
832
486
293
616
719
230
656
959
686
315
968
383
609
678
682
276
526
52
118
997
360
209
611
274
220
150
407
125
230
671
959
756
857
816
891
581
73
135
524
576
585
786
944
455
246
277
420
943
68
893
759
927
76
258
242
406
112
895
881
940
398
960
242
709
921
89
177
241
58
0
242
724
987
379
402
534
621
798
363
954
178
909
87
857
927
142
279
782
699
352
800
700
938
723
513
958
795
484
352
117
691
388
113
786
514
197
289
425
303
889
815
890
403
522
377
826
447
689
785
392
979
878
147
261
504
55
153
119
485
902
86
198
184
616
632
261
807
947
686
394
782
918
315
639
396
958
961
674
430
370
202
320
185
896
586
933
755
882
427
57
838
371
155
337
399
362
931
433
294
242
0
444
668
672
203
756
185
388
137
664
347
815
88
716
112
405
995
143
941
504
207
557
801
578
714
389
596
455
987
634
434
846
249
465
864
930
561
986
91
660
595
429
965
813
681
503
390
673
410
53
896
579
108
481
853
234
656
492
272
962
602
888
83
932
360
237
710
494
613
935
998
942
266
951
461
147
701
112
593
545
576
733
310
212
804
473
724
251
696
85
898
529
505
894
756
690
212
893
924
724
444
0
130
653
703
898
432
558
858
191
232
739
996
699
507
205
261
206
143
86
84
564
720
879
69
611
772
769
961
186
566
111
961
655
125
990
451
576
697
496
65
284
500
584
473
237
263
243
85
876
715
139
808
803
854
400
747
647
969
360
782
87
202
275
599
498
334
399
967
708
99
111
69
199
740
857
52
570
663
834
653
447
736
629
525
983
427
611
872
238
470
730
862
975
816
578
584
509
943
987
668
130
0
373
847
347
829
416
108
429
894
226
327
51
973
364
700
164
94
581
658
218
806
221
707
689
732
123
702
223
310
149
816
576
764
391
798
58
791
948
277
785
968
281
598
984
342
911
828
250
604
496
421
167
853
429
373
413
764
514
539
676
609
113
454
634
264
241
716
56
939
896
106
536
751
386
306
131
204
407
895
125
968
628
343
331
720
64
75
734
61
431
338
101
999
489
301
108
923
379
672
653
373
0
162
471
751
406
879
232
428
58
303
311
937
537
467
529
450
784
537
578
419
924
71
389
312
319
521
621
225
278
871
125
282
447
232
164
404
993
986
175
520
757
653
362
968
769
239
666
273
246
997
558
496
388
354
365
627
921
764
806
962
998
898
928
628
908
778
512
607
418
670
312
245
578
882
179
696
206
145
232
120
574
398
290
69
652
390
842
358
466
240
261
69
333
752
331
114
402
203
703
847
162
0
764
721
546
767
65
636
226
333
540
407
393
98
181
383
50
275
633
571
396
862
775
321
790
169
311
728
444
311
354
701
686
600
594
188
181
265
935
980
384
619
692
281
456
823
418
88
672
188
628
142
430
440
921
880
459
196
526
151
914
421
663
475
658
796
615
177
97
432
429
366
595
939
742
383
741
863
512
801
60
491
280
751
193
441
622
352
89
287
492
63
847
345
620
398
534
756
898
347
471
764
0
628
96
156
822
744
919
651
579
104
248
876
868
811
503
276
792
323
348
758
741
932
357
381
838
589
314
955
965
153
79
165
780
821
234
101
861
199
392
763
508
189
517
456
868
889
573
984
869
145
708
589
290
819
359
370
716
96
296
734
732
158
76
158
362
793
484
346
637
812
700
868
532
797
672
520
400
363
588
884
298
761
586
968
153
530
726
84
551
763
974
923
884
823
621
185
432
829
751
721
628
0
440
540
615
304
958
499
989
687
537
214
371
563
625
858
460
703
564
139
672
600
475
442
218
225
789
705
600
296
957
89
569
511
342
292
857
224
889
300
946
131
172
631
841
692
998
234
282
268
364
303
534
732
142
914
707
433
241
449
255
631
438
155
796
991
92
563
695
415
623
309
177
917
335
404
71
720
463
464
794
413
269
554
71
569
313
796
916
429
85
504
83
407
798
388
558
416
406
546
96
440
0
637
525
201
622
356
966
870
832
986
649
492
920
717
52
600
895
858
551
372
629
381
279
128
303
894
878
921
818
99
51
659
856
594
195
617
571
917
574
253
836
381
288
419
293
316
780
158
832
499
348
753
538
590
450
366
904
681
405
571
223
951
582
98
476
249
157
197
609
296
160
996
94
754
88
781
500
718
158
549
527
703
150
861
793
61
232
438
566
524
917
393
363
137
858
108
879
767
156
540
637
0
933
614
890
376
988
622
102
746
848
141
149
935
922
313
652
213
145
499
490
825
517
123
940
399
181
822
989
778
618
511
952
897
308
761
672
856
512
179
900
579
765
145
52
701
229
370
140
921
986
551
387
176
144
850
866
350
937
690
391
400
635
253
423
95
450
81
210
160
635
569
659
130
850
91
591
348
711
88
363
588
771
581
884
323
235
721
895
229
493
158
954
664
191
429
232
65
822
615
525
933
0
243
51
485
885
343
333
127
544
702
673
432
680
616
616
412
417
791
261
154
700
818
368
629
778
748
641
67
234
885
437
141
683
979
593
217
691
319
203
749
572
362
721
718
251
691
962
604
863
240
1000
417
336
528
592
128
669
867
535
844
183
355
809
501
740
774
432
803
822
140
702
672
166
920
398
718
996
231
130
243
135
232
250
726
284
941
655
281
401
208
178
347
232
894
428
636
744
304
201
614
243
0
964
746
353
516
655
410
63
189
888
987
805
286
790
742
374
224
494
548
674
458
569
246
306
218
576
196
422
183
799
403
740
215
506
137
978
908
183
991
561
698
108
616
444
443
624
860
660
421
679
568
943
965
164
224
234
143
526
273
752
909
443
270
356
848
103
314
875
392
121
50
822
883
581
503
198
888
813
570
686
329
652
975
202
217
655
103
691
174
909
815
739
226
58
226
919
958
622
890
51
964
0
