0
0
0
0
0
0
0
0
0
0
0
0
0
0
0
0
0
0
0
0
0
0
0
0
0
366
0
0
0
826
0
0
0
0
712
0
0
0
0
0
774
0
0
0
914
871
0
0
0
0
0
0
0
0
0
0
0
997
0
0
0
539
0
0
0
0
647
0
663
0
0
776
0
0
654
0
410
0
683
0
0
0
0
0
0
0
0
0
0
0
0
0
0
0
0
0
621
0
0
0
0
0
0
0
0
0
0
0
0
0
0
0
0
0
0
0
0
0
0
0
0
0
0
0
0
0
0
0
459
896
0
0
0
681
0
912
0
0
0
0
0
0
0
263
0
0
0
502
0
459
0
436
0
0
473
0
384
0
744
0
0
0
820
794
0
0
0
0
398
290
0
949
0
680
343
0
0
707
0
0
0
349
0
0
0
416
589
0
472
414
0
0
0
0
258
233
0
0
0
0
0
0
0
0
0
0
0
0
0
0
0
0
0
0
0
0
0
0
0
0
0
36
0
0
0
0
0
0
778
0
0
0
239
521
479
0
0
360
0
667
0
0
583
0
481
265
644
738
0
0
284
0
0
0
0
485
0
0
238
0
204
0
0
0
0
856
0
905
0
0
0
0
0
0
253
0
0
0
0
200
0
0
0
0
0
0
0
0
0
0
427
477
0
947
0
0
0
701
0
0
0
0
0
0
0
0
0
0
0
0
0
0
0
0
0
0
0
0
0
0
0
0
0
0
0
427
0
0
0
0
345
0
0
0
0
998
527
0
0
0
0
0
0
0
0
910
0
0
0
0
0
0
0
0
0
0
904
0
0
0
714
0
0
0
0
0
0
0
917
0
0
0
0
931
0
0
0
820
0
0
879
392
0
0
0
0
0
874
0
781
666
0
307
0
547
0
0
0
453
804
0
0
0
0
0
0
0
0
0
0
0
0
0
0
0
0
0
0
0
0
0
0
0
0
0
0
0
0
710
392
0
0
0
891
0
0
836
0
0
679
0
0
662
0
854
0
0
339
0
0
0
808
0
0
590
0
868
389
559
0
0
947
366
958
0
210
0
0
849
884
0
991
712
0
0
0
0
898
595
0
0
884
0
462
0
326
700
0
920
0
0
0
0
749
911
0
581
0
251
405
0
0
0
0
0
0
0
0
0
0
0
0
0
0
0
0
0
0
0
0
0
0
0
0
0
0
498
0
531
0
0
540
0
0
0
236
0
0
628
574
0
253
0
0
0
531
0
0
843
0
0
0
0
0
0
0
0
0
319
0
0
0
249
0
0
0
0
736
0
993
0
0
0
0
0
827
421
0
668
0
0
410
0
0
0
745
210
0
0
0
202
0
0
0
0
0
758
0
0
0
0
0
0
0
0
0
0
0
0
0
0
0
0
0
0
0
0
0
0
0
0
0
0
0
0
341
0
0
0
0
0
822
0
0
0
0
0
0
720
554
786
0
0
0
0
0
0
0
0
0
0
332
0
0
526
0
513
0
0
0
0
0
0
0
889
0
0
0
0
0
0
448
0
0
583
0
0
0
665
0
0
939
271
444
807
518
590
0
0
0
406
0
0
872
797
0
0
0
489
0
0
0
0
0
0
0
0
0
0
0
0
0
0
0
0
0
0
30
0
0
0
0
0
18
0
0
0
0
539
0
0
0
0
0
235
0
0
0
0
0
837
0
0
494
0
0
0
0
561
0
818
0
0
0
0
0
0
0
0
0
0
0
0
435
0
0
569
920
0
0
0
274
266
0
0
0
0
276
594
552
549
0
226
0
0
0
0
0
0
345
481
0
0
0
0
0
621
0
0
355
0
0
0
0
0
0
0
0
0
0
0
0
0
0
0
0
0
0
0
0
0
0
0
0
0
0
761
0
0
0
0
663
0
941
487
0
0
0
0
0
0
0
481
0
940
589
0
764
0
445
658
642
0
0
371
0
0
0
0
761
0
0
0
0
0
0
0
0
838
0
0
0
0
0
0
0
452
0
0
768
0
689
0
0
0
0
0
0
0
0
0
0
0
561
0
0
658
0
0
0
0
0
0
0
0
0
0
0
0
0
0
0
0
0
0
0
66
0
0
0
0
0
0
0
0
0
799
0
0
0
0
528
0
0
0
0
0
699
0
0
935
0
0
938
0
256
0
832
0
0
736
0
244
0
0
629
0
0
0
0
929
0
708
0
0
579
984
0
0
774
0
874
0
0
0
0
0
0
0
0
0
788
0
0
0
0
0
0
0
0
0
0
0
0
0
692
0
0
0
0
0
0
0
0
0
0
0
0
0
0
0
0
0
0
0
0
0
0
0
0
0
0
0
0
31
0
287
0
0
377
0
0
0
0
0
0
0
0
204
0
0
0
930
0
466
645
0
0
0
0
0
0
727
0
0
0
0
570
0
0
0
704
0
0
0
0
0
0
742
0
0
0
0
0
0
388
0
0
422
0
0
0
0
0
523
527
0
799
0
0
0
0
0
0
0
0
0
0
0
0
0
0
0
0
0
0
0
0
0
0
0
0
33
0
0
85
0
0
0
0
0
0
0
0
0
0
225
0
0
0
0
369
0
243
290
0
0
0
358
0
0
0
0
715
0
0
0
0
0
0
0
0
0
0
0
0
0
428
0
0
0
0
0
876
0
0
0
0
292
0
548
0
0
0
0
420
0
0
0
0
0
0
0
893
0
0
0
912
0
695
0
250
991
0
0
0
0
0
226
0
0
0
0
0
0
0
0
0
0
0
0
33
0
0
0
0
0
0
0
0
0
0
0
0
0
0
0
0
0
0
0
224
954
898
0
807
623
0
0
0
0
0
0
853
0
693
0
0
387
893
0
0
0
0
0
0
0
0
0
0
0
559
0
0
0
0
0
203
424
0
696
0
0
0
0
735
0
692
0
644
0
0
0
0
0
443
0
0
500
0
940
0
0
0
0
0
233
540
498
0
0
0
0
0
0
0
0
0
0
0
0
0
0
0
0
0
0
0
0
0
0
0
0
0
0
0
0
0
0
0
0
0
557
0
0
0
0
218
256
0
0
0
0
0
0
0
872
0
0
0
221
0
0
287
348
0
0
756
552
0
0
516
982
0
988
838
0
0
0
607
0
0
0
0
0
0
0
0
0
0
0
745
0
884
0
635
0
0
333
757
0
0
694
0
0
0
0
0
0
0
0
0
0
0
0
0
0
0
0
0
0
0
0
0
0
0
0
0
0
0
0
0
0
0
0
224
0
0
0
318
0
0
0
0
0
0
429
0
0
343
0
0
0
542
0
0
0
0
0
967
0
280
527
915
0
434
782
0
0
404
412
0
0
0
0
0
0
0
963
578
0
762
768
0
0
799
0
0
0
374
0
249
0
892
0
0
900
0
0
459
0
0
0
233
743
481
367
0
957
0
0
0
0
0
0
0
0
0
0
0
0
85
0
0
0
0
0
0
0
0
0
0
0
0
0
0
634
906
0
0
0
0
0
0
0
0
755
0
956
0
0
0
740
857
0
379
787
0
887
0
0
0
237
470
0
862
0
0
931
0
0
0
0
921
0
0
0
0
0
0
0
0
0
0
0
0
766
0
0
0
765
0
258
0
0
669
0
762
0
0
421
0
835
0
0
0
233
291
855
0
0
0
0
0
0
0
0
0
0
66
0
0
0
0
0
0
0
0
0
0
0
0
0
0
0
793
0
0
0
0
0
0
0
0
953
0
739
0
0
0
0
0
0
0
0
0
384
0
0
0
0
577
0
0
0
0
943
0
829
0
0
0
0
0
0
0
0
568
947
0
0
0
0
0
404
0
0
0
0
798
0
730
0
0
748
905
344
0
968
0
594
0
702
0
0
0
435
0
0
0
0
0
0
0
0
0
0
30
0
0
0
0
0
0
0
0
0
0
0
0
0
0
0
0
0
0
0
272
0
0
851
0
0
0
0
0
0
0
0
0
0
0
0
0
0
0
244
0
0
860
0
0
0
0
538
0
0
0
265
0
0
0
0
0
0
0
647
0
0
0
280
0
0
557
0
475
0
0
0
0
0
0
855
0
0
0
0
0
0
0
0
0
0
0
0
0
0
344
0
0
0
0
0
0
0
0
0
0
0
0
0
0
0
0
0
0
0
0
0
0
0
0
0
0
0
0
0
0
0
0
0
0
0
806
0
0
0
0
881
0
0
0
770
0
681
0
0
0
0
0
0
0
793
0
0
840
0
375
0
0
0
0
739
0
0
0
0
502
0
0
784
0
270
0
0
0
331
0
0
845
0
0
0
0
0
664
0
815
387
0
0
394
0
747
380
0
0
0
0
0
0
0
0
0
0
0
0
0
0
0
0
0
0
0
0
0
0
0
0
0
0
0
0
0
0
864
0
0
0
0
0
0
0
637
0
898
829
0
0
0
0
0
0
0
0
495
507
754
718
837
0
0
306
766
0
0
0
0
0
0
0
600
0
0
312
0
501
0
0
297
0
0
221
0
849
0
0
0
0
0
0
0
890
0
0
0
0
0
929
0
0
0
0
0
607
431
0
571
0
0
0
0
0
0
0
0
0
0
0
0
0
0
0
0
0
0
0
0
0
0
0
0
0
0
0
0
0
0
0
997
0
0
0
0
807
0
576
0
0
0
0
606
0
370
499
746
267
0
0
767
673
0
489
0
0
0
0
0
866
0
872
0
0
450
466
0
514
0
327
0
0
0
0
922
0
961
0
823
950
0
0
0
0
0
0
494
0
0
0
0
0
0
0
0
0
0
0
426
0
0
0
0
36
0
0
0
0
0
0
0
0
0
0
0
0
0
0
0
0
0
0
0
0
0
0
0
243
917
0
0
0
0
0
646
0
0
568
956
0
0
0
0
0
798
0
0
0
0
0
0
0
820
694
0
0
0
0
0
0
0
0
0
0
0
319
0
0
874
0
0
0
562
0
0
0
600
0
0
0
0
0
0
0
0
0
393
0
207
0
0
0
0
860
0
680
0
0
0
0
0
0
0
0
0
0
0
0
0
0
0
0
0
0
0
0
0
0
0
0
0
0
0
0
0
0
0
0
0
251
0
0
440
672
0
0
0
0
916
0
770
397
0
289
0
0
888
972
0
933
340
0
0
0
0
0
0
0
0
622
0
0
0
0
0
0
0
0
253
0
871
0
0
0
0
0
0
0
0
0
0
0
0
548
0
0
0
314
0
367
0
0
0
370
0
712
533
0
453
0
0
0
0
0
0
0
0
0
18
0
0
0
0
0
0
0
0
0
0
0
0
0
0
0
0
0
0
0
0
0
882
219
561
0
0
0
0
0
0
0
0
297
815
0
0
0
0
582
846
0
0
712
0
585
0
0
713
0
0
0
0
0
0
0
0
694
524
204
0
0
545
0
775
661
0
330
0
836
0
0
0
0
0
0
0
0
972
234
889
0
511
660
0
544
837
0
0
0
0
0
0
0
0
0
0
0
0
0
0
0
0
31
0
0
0
0
0
0
0
0
0
0
0
0
0
0
643
0
0
0
0
0
367
0
0
0
756
0
786
746
0
0
0
0
302
0
215
0
0
780
313
0
463
0
0
0
0
342
0
0
954
260
0
764
0
0
0
393
0
621
0
0
0
0
0
656
0
0
200
0
485
0
0
0
0
0
0
967
0
208
0
0
386
0
0
505
0
0
518
0
0
366
0
0
427
0
0
341
0
0
0
0
0
0
0
224
0
793
0
0
864
0
0
0
0
643
0
0
0
0
0
0
0
0
0
0
0
0
0
0
0
0
0
15
0
0
0
0
0
0
0
0
0
0
0
0
0
0
0
642
0
0
0
0
0
0
748
0
0
0
0
0
0
0
0
0
0
0
0
0
294
0
0
942
0
0
0
0
0
0
0
0
0
0
0
0
0
0
0
0
0
0
0
0
0
0
498
0
0
761
799
287
225
0
0
0
634
0
0
0
0
0
243
0
0
0
0
0
0
0
0
0
0
0
0
0
0
0
0
0
0
0
0
0
0
0
0
0
0
60
0
0
314
0
692
0
0
0
712
0
0
0
0
0
815
0
0
0
0
0
0
0
0
0
0
0
0
931
0
0
0
584
0
0
936
0
577
0
817
0
0
450
0
0
0
203
0
0
0
718
0
0
0
0
0
0
0
0
0
0
0
0
0
0
0
0
906
0
272
0
0
0
917
0
0
0
0
0
0
0
0
0
0
0
0
0
0
0
0
0
0
0
0
0
47
0
0
0
0
0
0
0
0
0
0
0
0
978
0
0
0
0
549
283
0
0
0
429
0
943
432
0
220
0
0
0
748
0
231
0
804
531
0
0
0
0
0
0
793
877
0
0
0
218
556
652
0
720
0
577
0
0
459
778
0
710
531
0
539
0
0
0
0
0
0
0
0
0
0
0
0
0
0
251
0
0
0
0
0
0
0
0
0
0
0
0
0
0
0
0
0
0
77
0
0
0
0
0
0
0
0
553
361
965
0
0
0
0
0
0
368
0
0
0
926
0
0
0
0
590
0
0
0
0
0
426
0
0
0
0
0
0
0
0
0
0
0
744
0
0
0
0
0
0
339
0
0
0
0
0
253
826
896
0
0
392
0
0
0
0
0
377
0
0
0
318
0
0
0
0
0
997
0
0
882
0
0
0
0
0
0
0
0
0
0
0
0
0
0
0
0
0
0
0
0
0
0
0
0
0
0
0
527
0
0
0
0
0
506
0
0
0
216
0
0
0
0
0
0
0
0
0
0
0
678
0
0
0
392
366
0
637
0
0
894
0
0
0
0
0
664
301
0
0
561
211
0
0
0
0
0
0
0
0
345
0
0
0
0
0
0
0
0
0
0
0
0
0
851
0
0
0
0
0
219
0
0
0
0
0
0
0
0
0
0
0
0
0
0
0
0
0
0
0
0
0
0
0
0
0
0
0
690
272
0
0
0
591
0
0
0
0
0
0
411
0
0
0
0
0
970
0
0
252
0
0
0
431
0
0
0
0
0
0
0
0
280
0
0
0
0
969
0
685
0
0
0
0
0
0
0
0
0
0
0
0
540
822
0
663
528
0
369
224
0
0
0
0
0
0
0
0
0
440
561
367
0
0
0
0
0
0
0
0
0
0
0
0
0
0
0
0
0
0
0
0
0
7
0
0
0
0
0
0
0
0
0
597
0
0
0
722
0
797
0
0
0
743
0
885
0
0
0
0
0
0
626
0
0
0
0
0
0
0
525
0
0
0
0
0
0
0
0
366
794
0
276
0
701
0
0
0
0
239
0
0
0
0
0
0
0
0
0
954
557
0
0
0
0
0
0
0
0
672
0
0
0
0
0
0
0
0
0
0
0
0
0
0
0
0
98
0
0
0
0
0
0
0
0
0
0
974
0
0
0
0
0
787
0
209
0
0
0
903
0
0
0
0
206
0
665
200
0
0
0
0
0
224
817
0
0
0
0
0
0
0
0
0
0
0
0
0
0
953
0
0
0
822
609
0
0
0
681
521
0
891
0
0
0
941
0
0
243
898
0
0
0
0
0
806
637
0
646
0
0
0
0
0
0
0
0
0
0
0
0
0
0
0
0
0
0
0
0
0
0
0
0
0
0
0
0
0
0
0
0
0
0
0
0
0
0
0
0
748
0
0
343
0
0
0
238
705
261
210
303
368
0
0
0
0
0
0
0
0
0
0
0
0
0
0
0
0
0
242
0
0
0
0
0
0
475
712
0
479
0
0
0
0
235
487
0
0
290
0
0
0
0
953
0
0
0
807
0
0
0
0
0
0
0
0
0
0
0
0
0
0
0
0
0
0
0
0
0
0
0
0
0
0
0
0
0
0
0
0
0
0
0
0
772
0
237
0
0
540
811
0
0
0
0
0
673
0
0
749
0
0
0
0
0
885
0
786
0
216
0
0
770
0
0
0
0
0
0
0
0
0
0
0
633
252
0
0
912
0
998
0
236
0
0
0
0
0
0
807
0
0
0
0
0
0
898
0
0
0
0
756
0
0
0
0
0
0
0
0
0
0
0
0
0
0
0
0
0
0
0
0
0
0
0
0
0
0
0
0
0
0
0
0
0
372
0
0
0
0
823
933
0
0
0
0
0
0
0
0
0
985
320
634
0
0
0
0
0
434
298
0
425
0
0
0
493
0
0
735
0
0
490
0
0
0
0
0
0
0
527
836
0
0
0
0
0
0
0
623
0
429
755
739
0
0
829
576
568
0
0
0
0
0
0
0
0
0
0
0
0
0
0
0
0
70
0
0
0
0
0
0
0
0
0
0
0
0
0
774
0
0
0
0
0
317
0
0
0
0
257
0
0
0
0
0
0
0
0
682
606
0
0
0
422
547
0
634
0
0
602
715
0
0
726
0
0
0
0
0
0
0
0
0
897
0
0
0
0
360
0
0
0
0
0
0
699
0
0
0
218
0
0
0
0
0
0
0
956
916
0
786
0
0
0
0
0
0
0
0
0
0
0
0
0
0
0
0
0
0
0
0
0
0
0
0
0
837
504
0
802
0
0
0
0
0
0
0
632
0
895
0
666
0
0
0
746
0
883
0
0
0
0
0
0
0
0
0
0
905
506
0
0
0
819
0
916
0
0
0
0
0
0
269
0
0
0
0
0
0
0
0
628
720
0
0
0
204
358
0
256
0
956
0
0
881
0
0
0
0
0
746
0
0
0
0
0
0
0
0
0
0
0
70
0
0
0
0
0
0
0
0
0
0
0
0
0
0
0
0
0
0
0
0
0
960
0
0
0
0
0
0
752
0
745
0
0
0
330
0
0
0
0
0
0
0
981
477
0
816
0
220
0
0
0
0
0
0
0
366
0
0
0
0
0
674
203
0
0
667
0
679
574
554
0
0
0
0
0
0
0
343
0
0
0
0
0
0
0
770
0
0
0
0
0
0
0
0
0
98
0
0
0
0
0
0
0
0
0
0
0
0
0
0
0
0
0
0
0
277
0
0
0
768
0
0
0
0
546
0
0
0
0
200
0
0
279
0
0
0
0
0
0
0
0
0
0
992
0
0
0
0
0
222
0
0
484
949
0
945
928
0
0
783
0
445
0
774
0
0
0
0
0
786
837
0
935
0
0
0
0
0
0
0
0
0
0
0
0
397
297
0
0
0
0
0
0
0
0
0
0
0
0
0
0
0
0
0
0
0
0
0
0
0
0
0
0
877
0
0
401
944
0
0
729
0
661
0
0
0
307
0
0
485
682
0
498
0
826
0
828
0
469
0
0
0
0
901
0
939
753
0
0
0
0
0
0
947
304
0
0
0
918
0
0
740
966
0
0
0
0
0
253
0
0
0
0
0
0
0
0
0
0
0
0
0
0
606
0
0
815
0
0
0
0
77
0
0
0
0
0
0
0
0
0
0
0
0
0
0
0
0
0
0
0
0
0
0
0
289
729
899
653
0
0
0
762
0
0
0
756
0
500
0
356
689
0
0
0
386
0
559
0
0
0
0
0
0
0
0
0
834
0
0
976
0
0
0
0
704
0
0
0
0
0
0
0
0
0
583
0
662
0
0
0
481
0
930
0
0
0
0
740
0
0
770
0
0
0
289
0
0
15
0
0
0
0
0
0
0
0
0
0
0
0
0
0
0
0
0
0
0
0
0
0
0
0
0
0
0
0
804
0
826
0
0
870
0
0
0
0
0
0
0
0
0
0
0
892
0
943
0
0
0
0
0
0
0
534
0
0
441
0
463
0
995
713
0
970
0
815
0
0
0
350
0
0
0
263
0
0
0
0
0
494
0
938
0
715
853
0
542
857
0
0
0
0
370
798
0
0
302
0
0
47
0
0
0
0
0
0
0
0
0
0
0
0
0
0
0
0
0
0
0
0
0
0
780
0
0
0
0
969
0
897
0
0
0
0
0
0
0
0
0
0
0
0
210
0
572
0
0
0
0
0
720
521
0
818
0
0
0
0
0
0
0
847
612
0
640
0
0
789
861
699
739
0
914
0
481
0
854
0
0
0
940
0
466
0
0
0
0
0
0
0
681
0
499
0
0
0
0
0
0
0
0
0
0
0
0
0
0
0
0
0
0
0
0
0
0
0
0
0
0
0
0
0
894
0
0
0
0
0
720
516
601
0
0
0
0
0
0
484
0
464
0
0
0
948
436
397
980
0
0
509
714
0
0
0
324
232
0
0
793
0
991
0
990
0
0
0
0
981
0
0
0
456
871
0
265
910
0
531
0
0
589
256
645
0
693
0
0
379
0
0
0
495
746
0
888
0
215
0
0
0
0
0
0
0
0
0
0
0
0
0
0
0
0
0
0
0
0
0
0
0
0
0
854
0
0
285
569
0
0
0
0
0
0
0
618
0
279
0
322
841
0
614
0
0
0
0
0
0
0
0
0
895
476
0
664
0
0
0
0
0
0
0
286
0
672
0
0
758
229
579
0
0
0
0
644
0
0
0
0
0
0
0
0
0
0
872
0
787
384
244
0
507
267
0
972
582
0
0
0
0
0
0
0
7
0
0
0
0
0
0
0
0
0
0
0
0
0
0
0
0
0
0
979
0
747
0
0
0
0
505
518
0
0
0
676
672
0
0
0
0
0
777
551
732
0
0
0
0
0
519
0
0
610
303
0
0
0
0
0
0
0
0
208
0
294
0
0
0
0
0
0
572
0
502
738
0
339
0
0
0
764
832
0
0
0
0
0
0
0
0
0
754
0
0
0
846
0
0
0
0
0
0
0
0
0
0
0
0
0
0
0
0
0
0
0
0
0
0
0
0
0
0
0
429
0
0
884
0
0
0
0
0
0
0
455
0
0
936
0
0
0
0
0
0
0
0
0
977
661
0
0
0
0
0
457
0
0
0
990
0
0
311
0
0
430
0
0
798
727
0
654
0
0
0
0
0
0
843
0
561
0
0
0
0
387
0
0
887
0
0
0
718
0
0
933
0
780
0
60
0
0
0
0
0
0
0
0
0
0
0
0
0
0
0
0
0
0
0
0
0
0
0
351
0
0
0
247
625
457
309
527
671
0
297
0
0
0
344
869
326
773
0
0
0
0
0
746
0
0
0
0
0
0
0
240
287
0
476
0
0
0
0
0
0
0
0
0
751
770
0
0
0
0
459
0
0
0
0
0
0
445
0
0
0
893
0
967
0
0
860
0
837
767
0
340
0
313
0
0
0
0
0
0
0
0
0
0
0
0
0
0
0
0
0
0
0
0
0
0
0
0
0
0
0
0
745
0
0
0
0
510
568
0
0
0
952
0
0
0
0
730
0
617
508
584
0
0
0
0
0
273
0
0
348
429
714
0
0
0
554
0
0
0
0
547
283
0
0
0
916
657
926
0
0
284
0
0
0
0
818
658
736
0
0
0
221
0
0
0
0
0
0
673
0
0
712
0
0
0
0
553
0
0
0
974
0
0
0
0
837
0
0
877
0
0
780
894
854
979
0
351
0
0
0
0
0
0
0
0
0
0
0
0
0
0
0
0
0
0
0
0
0
0
0
0
0
0
0
0
0
0
0
0
0
0
0
0
0
0
0
0
0
0
0
0
0
0
0
0
0
0
0
0
436
0
0
808
0
332
0
642
0
0
0
0
0
280
0
577
0
0
0
0
820
0
0
463
0
314
0
361
527
690
0
0
0
0
0
0
504
0
0
0
0
0
0
0
0
0
429
0
0
0
0
0
0
0
0
0
0
0
0
0
0
0
0
0
0
0
0
0
66
0
0
0
0
0
0
0
0
0
0
0
0
0
0
0
0
0
0
0
0
0
0
0
0
0
0
0
0
0
0
0
0
0
0
0
0
0
0
0
244
727
0
0
0
527
237
0
0
793
306
489
694
0
585
0
0
0
0
965
0
272
0
0
0
0
0
774
0
0
277
0
289
0
0
0
0
747
0
0
0
0
0
0
0
0
0
0
0
0
0
0
0
0
0
0
0
0
0
0
0
0
0
0
0
0
0
0
0
0
0
0
0
0
0
0
0
0
0
0
0
0
0
0
0
0
0
0
0
0
0
0
0
0
0
0
0
0
0
0
0
0
0
0
287
915
470
0
0
0
766
0
0
0
0
0
0
692
0
0
0
0
0
0
0
0
0
0
802
0
0
401
729
0
0
0
285
0
0
0
745
0
0
0
0
0
0
0
0
0
0
0
0
0
0
0
0
0
0
0
0
0
0
0
0
0
0
0
0
0
0
0
0
0
0
0
0
0
0
0
0
0
0
0
0
0
0
0
0
0
0
0
473
0
0
590
0
526
0
371
0
0
0
0
348
0
0
0
538
0
0
0
0
0
0
0
0
0
0
0
0
0
0
0
0
0
0
0
0
0
0
944
899
804
0
0
569
0
884
247
0
0
0
0
0
0
0
0
0
0
0
0
0
0
0
39
0
0
79
0
0
54
0
0
0
0
0
0
0
0
0
0
0
0
0
0
0
0
0
0
0
0
0
0
0
0
0
0
0
0
0
0
0
485
0
0
0
0
0
0
629
0
0
0
0
434
862
0
0
840
0
0
0
0
713
0
0
0
0
0
0
0
0
0
0
0
0
0
0
0
0
0
653
0
969
0
0
0
0
625
0
0
0
0
0
0
0
0
0
0
0
0
0
0
0
0
0
0
0
0
0
0
0
53
0
0
0
0
0
0
0
0
0
0
0
0
0
0
0
0
0
0
0
0
0
0
0
0
0
0
0
0
384
0
904
868
0
513
0
0
0
0
0
0
0
782
0
943
0
0
0
0
0
0
0
342
0
0
978
0
0
591
597
787
0
0
0
0
0
0
768
0
0
826
0
720
0
0
0
457
0
0
0
0
0
0
0
0
0
0
0
0
0
0
0
0
0
30
0
0
0
0
0
0
0
0
0
0
0
0
0
0
0
0
0
0
0
0
0
0
0
0
0
0
0
0
0
0
0
0
0
997
0
0
0
389
0
0
0
0
0
570
428
0
756
0
0
0
0
375
0
0
0
0
0
0
0
712
0
0
506
0
0
0
0
772
0
0
0
0
0
729
0
0
897
516
0
505
0
309
0
0
0
0
0
0
0
0
0
0
0
0
0
0
0
0
0
0
0
0
0
0
0
0
0
0
0
0
0
0
0
0
0
0
0
0
0
0
0
0
0
0
0
0
0
0
0
0
0
0
0
0
744
238
0
559
319
0
0
0
0
0
0
0
552
0
931
829
265
0
0
866
0
622
0
0
642
0
0
0
0
0
0
209
0
0
372
317
0
960
0
0
0
0
0
601
0
518
0
527
510
0
0
0
0
0
0
0
0
0
0
0
0
0
0
0
0
0
0
0
0
0
0
0
0
0
0
0
0
0
0
0
0
0
0
0
0
0
0
0
0
0
0
0
0
0
0
0
0
0
0
0
0
0
0
0
0
0
0
761
0
0
0
0
0
404
0
0
0
0
0
0
0
0
0
954
0
0
0
368
0
0
0
0
0
237
0
0
0
0
0
661
762
870
0
0
0
0
0
671
568
0
0
0
0
0
0
0
0
0
0
0
0
0
0
0
0
0
0
0
0
0
0
0
0
0
0
0
0
0
0
0
0
0
0
0
0
0
0
0
0
0
0
0
0
0
0
0
0
0
0
0
0
204
714
0
0
0
0
0
929
0
0
0
0
412
0
0
0
0
0
872
0
0
0
260
0
0
0
0
0
0
722
0
0
0
0
0
0
0
0
0
0
0
0
0
0
0
0
0
0
0
0
0
0
0
0
0
0
0
0
0
0
0
0
0
0
0
0
0
0
0
0
0
0
0
0
0
0
0
0
0
0
0
0
0
0
0
0
0
0
0
0
0
0
0
0
0
0
0
0
539
0
0
0
947
0
0
0
0
0
704
0
559
516
0
0
0
0
0
600
0
0
0
0
0
0
0
549
0
216
0
0
0
0
0
0
0
632
0
546
0
0
0
0
0
0
0
0
297
0
0
0
0
0
0
0
0
0
0
0
0
0
0
0
0
0
0
0
0
0
0
0
0
0
0
0
0
0
0
0
0
0
0
0
0
0
0
0
0
0
0
0
0
0
0
0
0
0
0
0
0
820
0
0
366
249
0
0
0
708
0
0
0
982
0
0
0
0
739
0
0
0
0
0
764
0
0
283
0
0
0
797
903
748
540
0
0
0
0
0
0
0
0
0
0
618
676
455
0
0
0
0
0
0
0
0
0
0
0
0
0
0
0
0
0
0
0
0
0
0
0
24
0
0
0
0
0
0
0
0
0
0
0
0
0
0
0
0
0
0
0
0
0
0
0
0
0
0
0
0
0
794
0
0
958
0
0
435
0
0
0
876
0
0
0
921
0
0
0
0
450
0
0
0
0
0
815
0
926
0
411
0
0
0
811
823
257
895
0
0
307
756
0
0
0
0
672
0
0
952
0
0
0
0
0
0
0
0
0
0
0
0
0
0
0
0
0
0
0
0
0
0
0
0
0
0
0
0
0
0
0
0
0
0
0
0
0
0
0
0
0
0
0
0
0
0
0
0
0
0
0
0
0
0
0
0
889
0
0
0
0
0
0
988
0
0
0
0
0
312
466
319
0
694
0
0
0
0
0
0
0
0
0
0
0
933
0
0
0
0
0
0
0
0
0
279
0
0
0
0
0
0
0
0
39
0
0
0
0
0
0
0
0
0
0
0
0
0
0
0
0
0
0
0
0
0
0
0
0
0
0
0
0
0
0
0
0
0
0
0
0
0
0
0
0
0
0
0
0
0
0
0
856
0
210
0
0
0
0
579
0
0
0
838
0
0
0
0
0
0
0
0
0
524
0
748
0
0
0
0
0
0
0
343
0
0
0
666
752
0
0
500
0
0
484
0
0
936
344
0
0
0
0
0
0
0
0
0
0
0
0
0
0
0
0
0
0
0
0
0
0
0
0
0
0
0
0
0
0
0
0
0
0
0
0
0
0
0
0
0
0
0
0
0
0
0
0
0
0
0
647
0
0
0
0
0
0
569
0
984
0
0
0
0
0
0
0
647
0
501
514
0
0
204
393
0
0
429
0
0
0
743
0
0
0
0
0
0
0
200
485
0
0
0
0
322
0
0
869
0
0
0
0
0
0
0
30
0
0
0
0
0
0
0
0
0
0
0
0
0
0
0
0
0
0
0
0
0
0
0
0
0
0
0
0
0
0
0
0
0
0
0
0
0
0
0
0
0
0
0
0
0
905
0
0
736
0
920
0
0
0
0
203
0
0
0
568
0
502
0
0
874
253
0
0
0
0
0
0
0
0
0
206
0
0
0
0
0
745
0
682
356
0
0
464
841
0
0
326
0
0
0
0
0
79
0
0
0
0
0
0
0
0
0
0
0
0
0
0
0
0
0
0
0
0
0
0
0
0
0
0
0
0
0
0
0
0
0
0
0
0
0
0
0
0
0
0
0
0
0
663
398
0
917
849
0
0
0
838
0
742
292
424
0
963
0
947
0
0
0
327
0
0
0
621
0
0
943
590
0
0
885
0
0
0
0
0
0
0
0
0
689
0
0
0
0
0
0
773
730
0
0
0
0
0
0
0
0
0
0
0
0
0
0
0
0
0
0
0
0
0
0
0
0
0
0
0
0
0
0
0
0
0
0
0
0
0
0
0
0
0
0
0
0
0
0
0
0
0
0
0
290
0
0
884
993
0
0
0
774
0
0
0
607
578
0
0
0
0
297
0
0
871
545
0
0
0
432
0
0
970
0
665
238
673
0
0
746
0
279
498
0
0
0
0
614
777
0
0
0
0
66
0
0
0
0
0
0
0
0
0
0
0
0
0
0
0
0
0
0
0
0
0
0
0
0
0
0
0
0
0
0
0
0
0
0
0
0
0
0
0
0
0
0
0
0
0
0
0
0
0
0
0
0
0
0
0
0
0
0
0
548
696
0
0
0
0
280
784
0
0
0
0
0
0
0
0
0
0
0
0
0
200
705
0
0
0
0
0
0
0
0
0
210
0
0
551
0
0
617
0
0
0
0
54
0
0
0
0
0
0
0
0
0
0
0
0
0
0
0
0
0
0
0
0
0
0
0
0
0
0
0
0
0
0
0
0
0
0
0
0
0
0
0
0
0
0
0
0
0
776
949
0
0
991
0
448
274
0
874
0
0
0
0
762
0
0
0
0
0
0
562
0
775
0
0
0
220
0
0
0
0
0
261
0
0
0
883
330
0
826
0
892
0
948
0
732
0
0
508
0
0
0
0
0
0
0
0
0
0
0
0
24
0
0
0
0
0
0
0
0
0
0
0
0
0
0
0
0
0
0
0
0
0
0
0
0
0
0
0
0
0
0
0
0
0
0
0
0
0
0
0
0
0
712
0
0
266
0
0
0
0
0
0
768
0
0
0
270
221
0
0
0
661
0
0
0
0
0
0
252
0
0
210
749
0
682
0
0
0
0
386
0
572
436
0
0
0
0
584
0
0
0
0
0
53
0
0
0
0
0
0
0
0
0
0
0
0
0
0
0
0
0
0
0
0
0
0
0
0
0
0
0
0
0
0
0
0
0
0
0
0
0
0
0
0
0
0
0
0
0
680
0
931
0
0
0
0
0
0
0
0
0
0
0
0
0
557
0
0
922
0
0
0
0
0
0
0
0
678
0
0
0
303
0
0
606
0
0
0
828
0
943
0
397
0
0
0
0
0
0
0
0
0
0
0
0
0
0
0
0
0
0
0
0
0
0
0
0
0
0
0
0
0
0
0
0
0
0
0
0
0
0
0
0
0
0
0
0
0
0
0
0
0
0
0
0
0
0
0
654
343
253
0
0
0
583
0
0
0
0
0
0
0
0
0
404
0
0
849
0
0
0
330
656
0
0
0
426
0
0
0
0
368
0
985
0
0
0
0
0
559
0
0
980
0
0
0
746
0
0
0
0
0
0
0
0
0
0
0
0
0
0
0
0
0
0
0
0
0
0
0
0
0
0
0
0
0
0
0
0
0
0
0
0
0
0
0
0
0
0
0
0
0
0
0
0
0
0
0
0
0
0
0
0
827
0
0
0
0
388
420
735
0
799
0
0
475
0
0
961
600
0
0
0
0
0
748
0
0
0
626
0
0
0
320
0
0
0
0
469
0
0
0
0
0
0
977
0
0
0
0
0
0
0
0
0
0
0
0
0
0
0
0
0
0
0
0
0
0
0
0
0
0
0
0
0
0
0
0
0
0
0
0
0
0
0
0
0
0
0
0
0
0
0
0
0
0
78
0
410
0
0
0
0
421
0
0
452
0
0
0
0
0
0
766
0
0
331
0
0
0
0
836
0
0
931
0
0
0
431
0
224
0
0
634
0
0
0
0
0
0
0
0
0
0
0
661
0
0
0
0
0
0
0
0
0
0
0
0
0
0
0
0
0
0
0
0
0
0
0
0
0
0
0
0
0
0
0
0
0
0
0
0
0
0
0
0
0
0
0
0
0
0
0
0
0
0
37
0
0
707
0
820
898
0
0
276
0
0
0
0
692
0
0
0
0
0
0
0
823
0
0
0
200
0
0
231
0
392
0
0
817
0
0
0
422
0
0
0
0
0
0
0
509
0
519
0
0
0
0
0
0
0
0
0
0
0
0
0
0
0
0
0
0
0
0
0
0
0
0
0
0
0
0
0
0
0
0
0
0
0
0
0
0
0
0
0
0
0
0
0
0
0
0
0
0
0
0
0
683
0
0
0
595
668
665
594
0
0
422
0
0
0
0
0
0
0
0
0
950
0
0
0
0
0
0
0
0
366
0
0
0
0
885
0
547
0
0
0
0
0
0
720
714
0
0
0
0
273
0
0
0
0
0
0
0
0
0
0
0
0
0
0
0
0
0
0
0
0
0
0
0
0
0
0
0
0
0
0
0
0
0
0
0
0
0
0
0
0
0
0
0
0
0
0
0
0
0
0
0
0
200
0
0
0
0
552
768
0
0
0
644
0
374
0
798
0
845
0
0
0
0
0
485
294
0
804
0
0
0
0
0
0
0
0
0
0
981
0
0
0
0
521
0
895
0
0
0
0
0
0
0
0
0
0
0
0
0
0
0
0
0
0
0
0
0
0
0
0
0
0
0
0
0
0
0
0
0
0
0
0
0
0
0
0
0
0
0
0
0
0
0
0
0
0
0
0
0
0
0
0
0
879
0
0
0
549
0
0
0
0
0
0
0
765
0
0
0
0
0
0
0
0
0
0
584
531
0
637
0
0
0
0
786
0
634
0
477
992
901
0
0
0
0
476
610
0
0
0
0
0
0
0
0
0
0
0
0
0
0
0
0
0
0
0
0
0
0
0
0
0
0
0
0
0
0
0
0
0
0
0
0
0
0
0
0
0
0
0
0
0
0
0
0
0
0
0
0
0
0
349
0
392
884
410
939
0
689
788
0
0
0
745
249
0
730
0
0
0
0
0
0
0
0
0
0
0
0
0
0
0
0
0
0
0
0
0
0
0
0
0
534
818
0
0
303
0
0
348
0
0
0
0
0
0
0
0
0
0
0
0
0
0
0
0
0
0
0
0
0
0
0
0
0
0
0
0
0
0
0
0
0
0
0
0
0
0
0
0
0
0
0
0
0
0
0
0
0
0
0
0
0
0
0
0
271
226
0
0
0
0
0
0
0
258
0
855
0
890
0
0
548
0
0
942
0
0
0
0
0
0
0
0
216
434
0
905
816
0
939
0
0
0
324
664
0
457
240
429
0
0
0
0
0
0
0
0
0
0
0
0
0
0
0
0
0
0
0
0
0
0
0
0
0
0
0
0
0
0
0
0
0
0
0
0
0
0
0
0
0
92
0
0
0
15
0
0
0
0
0
0
0
0
462
0
444
0
0
0
0
893
0
884
892
0
0
0
0
0
0
0
0
0
0
0
936
0
0
894
0
525
0
0
0
298
602
506
0
0
753
0
0
0
232
0
0
0
287
714
0
0
0
0
0
0
0
0
0
0
0
0
0
0
0
0
0
0
0
0
0
0
0
0
0
0
0
0
0
0
0
0
0
0
0
0
0
0
0
0
0
0
0
0
0
0
0
73
0
0
0
0
0
0
0
0
807
0
0
0
523
0
0
0
0
0
748
0
0
0
0
0
0
0
0
0
0
0
0
0
0
0
0
0
0
0
715
0
220
0
0
834
441
0
0
0
0
0
0
0
0
0
0
0
0
0
0
0
0
0
0
0
0
0
0
0
0
0
0
0
0
0
0
0
0
0
0
0
0
0
0
0
0
0
0
0
0
0
0
0
0
0
0
0
0
0
0
0
0
0
0
416
0
0
326
745
518
0
0
0
527
0
443
635
0
669
905
0
664
0
494
393
0
972
0
0
577
0
0
0
280
0
0
0
770
425
0
0
0
0
0
0
0
0
0
0
0
0
476
0
0
0
0
0
0
0
0
0
0
0
0
0
0
0
0
0
0
0
0
0
0
0
0
0
0
0
0
0
0
0
0
0
0
0
0
0
0
0
0
0
0
0
0
0
0
0
0
0
0
0
0
589
0
0
700
210
590
0
0
0
0
0
0
0
900
0
344
0
0
0
0
0
314
234
967
0
0
0
744
0
0
0
0
0
0
0
0
0
0
222
0
0
463
0
793
0
0
990
0
0
0
0
0
0
0
0
0
0
0
0
0
0
0
0
0
0
0
0
0
0
0
0
0
0
0
0
0
0
0
0
0
0
0
0
0
0
0
0
0
0
0
0
0
0
70
0
0
0
0
0
0
0
0
874
0
0
0
0
0
0
799
912
0
0
0
762
0
0
815
0
0
207
0
889
0
0
817
793
0
0
0
0
0
0
0
0
726
819
0
0
0
976
0
0
0
0
0
0
0
554
0
0
0
0
0
0
0
0
0
0
0
0
0
0
0
0
0
0
0
0
0
0
0
0
0
0
0
0
0
0
0
0
0
0
0
0
0
0
0
0
0
0
0
0
0
0
0
0
0
0
0
472
0
0
920
0
0
0
0
0
0
0
500
333
0
0
968
0
387
929
0
0
367
0
208
0
0
877
0
0
0
0
0
0
0
0
0
0
0
0
0
0
995
0
991
0
0
0
0
0
0
0
0
0
0
0
0
0
0
0
0
0
0
0
0
0
0
0
0
0
0
0
0
0
0
0
0
0
0
0
0
0
0
0
0
0
0
0
0
0
0
0
0
0
0
0
0
0
0
0
0
414
0
781
0
0
0
345
0
0
0
695
0
757
459
0
0
0
0
0
0
0
0
511
0
0
0
0
0
664
0
0
0
0
0
493
0
916
0
484
0
0
713
847
0
0
0
311
0
0
0
0
0
0
0
0
0
0
0
0
0
0
0
0
0
0
0
0
0
0
0
0
0
0
0
0
0
0
0
0
0
0
0
0
0
0
0
0
0
0
0
0
0
0
0
0
0
0
0
0
0
0
427
666
0
202
406
481
0
0
0
0
940
0
0
421
594
0
0
0
0
0
0
660
0
0
450
0
0
301
969
0
0
0
0
0
0
0
0
949
947
0
0
612
990
286
208
0
0
0
0
0
0
0
0
0
0
0
0
0
0
0
0
0
0
0
0
0
0
0
0
0
0
0
0
0
0
0
0
0
0
0
0
0
0
0
0
0
0
0
0
0
0
0
0
0
0
0
0
0
0
0
477
0
0
0
0
0
0
0
0
250
0
0
0
0
0
0
394
0
0
0
0
0
386
0
0
0
0
0
0
0
0
0
0
0
0
0
0
0
304
0
970
0
0
0
0
0
0
0
0
0
0
0
0
0
0
0
0
0
0
0
0
0
0
0
0
0
0
0
0
0
0
0
0
0
0
0
0
0
0
0
92
0
0
0
0
0
0
0
0
0
0
0
0
0
0
0
0
0
0
0
0
307
0
0
0
0
0
0
0
991
0
694
0
835
702
0
0
0
0
860
370
544
0
0
0
218
0
0
685
366
953
242
0
735
0
0
366
945
0
704
0
640
0
672
294
430
0
547
0
0
0
0
0
0
0
0
0
0
0
0
0
0
0
0
0
0
0
0
0
0
0
0
0
0
0
0
0
0
0
0
0
0
0
0
0
0
0
0
0
0
0
0
0
0
0
0
0
0
0
0
947
0
749
0
872
0
561
0
0
0
0
0
233
0
0
0
747
0
0
0
0
837
0
0
0
556
339
561
0
794
0
0
0
0
0
0
0
928
0
0
815
0
0
0
0
0
0
283
0
0
0
0
0
0
0
0
0
0
0
0
0
0
0
0
0
0
0
0
0
0
0
0
0
0
0
0
0
0
0
0
0
0
0
0
0
0
0
0
0
0
0
0
0
0
0
0
0
0
0
258
0
547
911
0
797
0
0
0
0
0
0
0
743
0
0
0
380
607
0
680
712
0
505
0
203
652
0
211
0
0
0
0
0
0
0
0
0
0
0
0
0
0
0
0
0
0
0
0
0
0
0
0
0
0
0
0
0
0
0
0
0
0
0
0
0
0
0
0
0
0
0
0
0
0
0
0
0
0
0
0
0
0
0
0
70
0
0
0
0
0
0
0
0
0
0
0
0
0
0
233
0
0
0
0
0
0
0
692
0
0
0
0
481
0
0
0
0
431
0
0
533
0
0
0
0
0
0
0
0
276
0
0
0
490
0
0
0
0
918
0
0
789
981
758
0
798
751
0
0
0
0
0
0
0
0
0
0
0
0
0
0
0
0
0
0
0
0
0
0
0
0
0
0
0
0
0
0
0
0
0
15
0
0
0
0
0
0
0
0
0
0
0
0
0
0
0
0
0
621
0
0
0
581
758
0
621
658
0
0
0
233
0
367
233
435
0
0
0
0
0
0
0
0
0
0
720
0
0
0
0
822
0
0
0
0
269
0
783
0
0
0
861
0
229
0
727
770
0
0
0
0
0
0
0
0
0
0
0
0
0
0
0
0
0
0
0
0
0
0
0
0
0
0
0
0
0
0
0
0
0
0
0
0
0
0
0
0
0
0
0
0
0
0
0
0
0
0
0
0
0
701
0
0
0
0
0
0
0
0
0
540
0
0
291
0
344
0
571
426
0
453
0
518
0
0
0
0
0
0
701
609
0
633
0
897
0
0
0
0
0
350
699
0
579
0
0
0
916
0
0
0
0
0
0
0
0
0
0
0
0
0
0
0
0
0
0
0
0
0
0
0
0
0
0
0
0
0
0
0
0
0
73
0
0
0
0
0
0
0
0
0
0
0
0
0
0
0
0
0
0
0
453
251
0
489
0
0
0
0
226
498
0
957
855
0
0
0
0
0
0
0
0
0
0
718
577
0
0
0
0
0
0
252
0
0
0
674
445
740
0
0
739
0
0
0
654
0
657
0
0
0
0
0
0
0
0
0
0
0
0
0
0
0
0
0
0
0
0
0
0
0
0
0
78
37
0
0
0
0
0
0
0
0
0
0
0
0
0
0
0
0
0
0
0
0
0
0
0
0
0
0
804
405
0
0
355
0
0
0
0
0
0
0
0
0
0
0
0
0
0
0
0
0
0
0
0
253
0
0
0
0
475
0
0
0
0
203
0
966
0
0
0
456
0
572
0
0
926
0
0
0
0
0
0
0
0
0
0
0
0
0
0
0
0
0
0
0
0
0
0
0
0
0
0
0
0
0
0
0
0
0
0
0
0
0
0
0
0
0
0
0
0
0
0
0
0
0
0
