0
407
548
1
379
734
360
57
434
509
584
205
1
603
484
500
355
509
606
692
286
1
489
484
915
572
473
404
131
465
267
312
141
180
691
160
1
616
185
571
466
294
317
188
335
214
484
245
128
370
267
335
231
338
433
451
377
502
377
345
304
583
141
121
135
301
118
411
510
548
209
556
125
190
476
265
380
414
724
319
227
280
481
487
219
393
587
200
516
303
454
553
458
610
204
454
824
682
162
472
407
0
878
807
303
431
106
804
74
390
284
613
310
510
769
381
402
375
648
1
640
497
343
527
316
623
210
342
137
519
492
358
189
472
269
290
414
521
166
894
842
80
713
315
279
64
1
400
360
328
193
750
422
777
581
225
610
460
559
448
156
406
387
406
603
464
546
97
521
326
674
695
357
549
191
407
778
675
427
171
224
432
709
1
344
850
666
433
460
377
578
87
282
333
785
305
600
204
640
196
548
878
0
280
236
296
152
264
185
156
430
475
209
256
481
452
483
513
684
800
275
444
574
1
64
504
212
431
439
473
829
61
489
425
50
363
347
413
516
302
353
269
143
78
441
481
641
713
805
342
249
313
352
337
547
416
1
396
652
561
222
547
116
638
696
455
581
533
234
46
328
144
467
135
338
550
200
203
124
173
708
103
345
369
721
387
662
439
506
346
446
461
401
457
555
1
609
449
319
459
1
807
280
0
459
346
576
323
361
549
543
205
388
550
1
399
281
171
371
552
1
163
409
514
358
721
145
186
501
497
162
518
460
570
788
334
230
546
536
771
312
696
64
443
280
342
142
468
484
356
545
197
538
147
406
261
103
224
404
164
69
486
66
468
1
484
610
384
98
646
380
742
517
550
134
137
429
454
433
38
330
253
497
612
619
551
760
571
286
128
331
537
157
489
144
456
597
49
607
217
379
303
236
459
0
301
808
529
473
563
102
216
431
559
79
58
300
403
296
545
204
356
1
635
262
163
271
221
434
128
233
207
327
720
283
439
56
451
307
775
415
363
411
82
422
413
637
505
145
228
450
470
478
626
625
171
183
14
207
624
235
742
777
289
334
549
515
649
767
805
704
245
412
395
491
497
249
128
338
268
433
415
406
217
290
410
549
425
586
439
457
37
581
323
396
300
446
471
160
227
734
431
296
346
301
0
414
437
391
197
4
620
467
751
229
514
116
454
332
712
445
389
745
125
405
248
682
75
674
145
411
116
302
338
307
687
216
149
232
223
415
145
483
259
488
360
653
503
494
199
1
358
266
476
483
432
141
134
403
54
473
173
579
171
803
552
519
497
794
571
251
193
173
363
504
325
1
323
638
291
275
381
564
308
184
346
496
641
591
812
162
590
305
436
514
320
374
216
1
706
360
106
152
576
808
414
0
581
342
829
362
311
402
313
489
711
622
256
194
244
454
231
636
55
110
361
578
195
78
43
407
430
400
367
538
853
720
559
790
245
571
155
282
232
336
538
444
1
501
319
620
282
346
527
390
1
434
596
507
527
411
93
586
559
112
848
629
623
361
1
696
519
404
549
387
509
274
540
414
417
349
323
257
361
444
324
373
202
114
297
595
478
279
24
408
372
577
533
282
440
57
804
264
323
529
437
581
0
608
383
437
564
700
529
339
723
581
439
451
559
493
348
355
747
338
497
520
486
254
191
781
501
509
416
296
75
147
531
593
400
324
352
430
333
860
501
681
509
318
58
431
561
303
257
648
445
314
796
495
449
423
562
225
750
476
105
355
407
1
563
576
574
542
116
446
306
34
389
390
403
578
353
483
292
11
683
220
414
117
665
783
144
614
155
671
431
294
694
326
662
434
74
185
361
473
391
342
608
0
607
298
1
212
345
68
376
496
111
507
462
312
476
344
304
445
593
402
662
290
426
465
843
535
492
329
364
685
318
406
230
439
331
491
537
645
230
384
839
471
892
229
1
479
406
307
328
309
678
308
345
179
262
733
501
544
870
203
342
789
337
366
582
123
444
648
192
514
445
1
185
408
686
382
446
348
252
162
263
203
173
538
611
268
137
387
287
53
437
272
579
509
390
156
549
563
197
829
383
607
0
272
277
362
294
584
568
18
408
439
290
487
385
586
532
465
659
412
512
418
316
485
482
459
929
644
405
401
469
171
950
192
608
422
530
513
316
737
544
173
286
500
490
320
100
689
628
333
439
386
603
174
351
639
714
426
623
90
541
267
645
475
460
834
267
499
674
312
58
229
516
277
811
542
289
494
380
551
287
895
199
486
506
667
237
544
295
368
280
1
282
584
284
430
543
102
4
362
437
298
272
0
117
301
356
232
817
506
486
204
103
437
666
582
529
682
497
558
314
467
329
410
494
951
115
300
658
439
503
373
510
511
369
719
544
546
450
423
97
542
381
403
713
638
349
759
507
542
147
534
1
426
463
225
490
243
117
398
544
194
295
790
173
623
290
250
96
414
431
484
351
270
802
428
301
792
510
134
253
399
587
208
484
512
705
510
459
598
610
13
449
205
613
475
205
216
620
311
564
1
277
117
0
660
330
259
929
266
461
736
1
486
828
604
582
106
683
426
746
436
693
188
149
482
568
527
659
21
404
316
131
343
717
202
431
200
237
282
263
613
631
292
310
240
479
676
631
707
659
445
450
341
233
216
292
390
333
579
39
445
615
397
266
433
342
318
350
790
502
296
372
362
738
403
349
382
9
602
41
309
329
715
239
157
354
367
698
732
293
731
208
1
310
209
388
431
467
402
700
212
362
301
660
0
471
686
326
267
369
531
507
355
230
428
211
28
500
308
1
423
467
393
274
288
362
517
594
1
810
369
707
503
567
213
102
494
761
15
739
327
366
272
479
265
532
676
216
673
465
183
331
331
472
673
85
536
524
460
874
449
620
380
527
421
456
337
501
312
564
542
1
531
415
398
257
185
611
569
343
526
487
13
385
640
814
757
456
482
793
89
491
603
510
256
550
559
751
313
529
345
294
356
330
471
0
347
598
501
293
57
697
493
510
369
114
704
307
373
339
421
575
903
337
273
588
669
283
459
101
557
521
611
369
85
101
224
402
645
633
630
299
651
542
214
257
324
331
170
1
475
150
1
433
299
312
496
383
577
515
500
378
611
143
360
377
683
363
386
185
313
45
584
402
599
462
722
511
56
307
478
410
584
131
234
427
929
614
427
486
171
379
484
769
481
1
79
229
489
339
68
584
232
259
686
347
0
570
476
519
157
498
354
71
453
416
315
244
357
172
183
511
20
1
793
204
119
211
184
454
442
292
506
879
160
305
564
495
305
123
179
296
715
1
340
313
396
687
182
304
545
663
798
265
433
624
244
543
150
229
539
450
311
391
250
530
468
273
295
399
418
320
538
1
300
29
466
562
371
365
669
442
164
588
301
430
283
331
577
144
540
383
500
381
452
399
58
514
711
723
376
568
817
929
326
598
570
0
364
400
831
429
338
269
629
748
383
334
156
337
592
688
290
598
476
188
468
635
239
201
136
399
107
168
522
390
354
612
710
901
350
412
600
413
768
411
499
457
1000
274
483
228
72
670
271
323
358
674
153
526
432
503
168
325
438
472
481
531
629
533
392
553
348
103
605
655
245
364
490
622
314
588
408
538
174
1
373
503
221
497
156
253
355
402
483
281
300
116
622
581
496
18
506
266
267
501
476
364
0
515
456
620
412
195
720
398
500
394
356
443
317
435
511
267
291
231
554
568
1
133
658
529
524
587
742
252
560
418
438
198
268
214
261
473
232
89
268
1000
219
601
256
633
223
269
205
237
549
562
339
502
481
254
1
416
471
777
307
297
175
673
424
198
328
462
353
345
364
722
420
569
578
309
262
563
443
176
449
545
840
352
521
440
509
375
513
171
403
454
256
439
111
408
486
461
369
293
519
400
515
0
429
444
355
538
672
515
116
122
249
315
702
359
126
29
549
643
398
308
654
241
590
375
619
824
156
710
1
260
576
253
439
490
784
720
560
771
1
541
237
402
82
563
348
142
456
324
287
410
678
403
1
543
349
469
579
517
357
622
455
600
418
233
692
237
733
256
499
451
486
721
228
45
277
39
525
427
614
152
850
299
195
447
606
648
684
371
296
332
194
451
507
439
204
736
531
57
157
831
456
429
0
576
495
290
182
397
401
568
675
539
758
327
695
268
762
393
526
205
474
332
202
263
573
438
681
543
160
442
478
51
481
668
477
235
870
384
177
106
128
482
383
209
788
663
278
523
485
473
442
188
376
160
464
378
714
638
150
214
352
421
627
282
554
476
101
1
721
872
274
486
698
105
509
326
90
790
597
242
720
358
608
274
692
1
800
552
545
712
244
559
462
290
103
1
507
697
498
429
620
444
576
0
189
281
594
526
198
574
783
251
31
467
390
534
268
442
1
288
386
660
440
549
247
354
853
661
591
1
720
248
353
482
426
219
716
449
352
889
251
50
487
130
251
593
1
164
367
475
609
673
114
1
325
627
468
360
672
595
657
595
479
166
543
605
391
320
482
487
9
555
597
393
373
500
396
543
705
196
384
497
529
463
286
640
275
1
204
445
454
493
312
487
437
486
355
493
354
338
412
355
495
189
0
364
485
971
429
663
92
554
348
497
258
321
688
566
437
31
564
1
337
598
272
625
102
192
354
273
655
283
371
742
281
508
664
167
418
1
528
741
503
478
445
352
314
574
290
367
389
589
348
530
133
639
390
406
238
883
134
375
607
358
1
285
700
303
340
233
579
285
37
209
376
306
235
765
622
475
130
223
681
360
1
497
444
163
356
389
231
348
476
385
666
828
230
510
71
269
195
538
290
281
364
0
319
105
196
110
270
174
757
315
350
227
206
712
476
187
537
236
1
497
98
110
522
381
113
300
258
678
566
300
455
480
72
504
457
533
448
324
603
386
299
691
517
365
274
451
501
577
357
481
120
329
427
450
117
574
488
162
225
581
601
151
126
506
761
513
311
487
621
683
352
660
35
361
576
340
385
490
365
449
489
343
574
409
1
745
636
355
344
586
582
604
428
369
453
629
720
672
182
594
485
319
0
276
249
571
428
542
335
553
394
474
377
150
274
461
341
530
62
548
879
417
435
258
446
422
233
311
528
465
695
131
675
13
238
572
435
530
550
375
315
463
368
554
262
372
109
102
769
380
386
634
589
196
642
62
563
554
547
448
299
406
164
413
160
633
93
460
356
735
829
621
344
433
392
665
1
347
606
562
484
527
1
514
635
125
55
747
304
532
529
582
211
114
416
748
398
515
397
526
971
105
276
0
570
185
639
522
9
721
2
294
1
384
256
1
388
767
868
147
442
45
522
321
486
161
586
104
479
601
608
883
415
178
432
486
368
375
324
280
272
472
402
249
79
279
10
461
164
188
234
855
346
261
146
193
623
14
698
154
362
199
292
424
335
568
1
789
567
516
570
451
251
208
337
328
497
632
686
521
915
316
64
358
262
405
110
338
445
465
682
106
28
704
315
383
500
116
401
198
429
196
249
570
0
1
268
385
229
261
749
476
492
299
403
280
530
471
257
445
369
171
331
606
608
634
283
228
3
185
354
549
192
179
262
509
261
446
156
308
540
489
567
556
748
389
464
161
528
71
413
731
339
291
381
340
405
73
229
600
253
295
573
367
462
335
445
301
678
466
360
398
262
385
704
93
606
764
412
612
572
623
504
721
163
248
361
497
593
659
497
683
500
307
244
334
394
122
568
574
663
110
571
185
1
0
371
476
222
296
360
160
471
443
105
657
658
315
454
292
303
545
258
414
276
671
486
622
132
223
810
106
229
800
529
283
380
227
501
615
374
313
1000
519
258
259
418
576
436
487
600
1
421
692
65
470
257
361
539
109
171
296
372
635
422
121
320
291
196
350
593
69
460
341
286
424
359
528
226
501
473
210
212
145
271
682
578
520
402
412
558
426
308
373
357
156
356
249
675
783
92
270
428
639
268
371
0
75
209
417
218
602
96
418
232
486
306
498
266
374
385
314
263
590
266
403
735
186
703
288
756
489
410
1
253
955
1
592
619
430
343
325
349
541
233
356
550
302
546
485
818
130
479
431
620
539
140
377
240
396
211
60
394
105
578
467
545
474
634
706
442
595
423
646
188
1
466
511
416
471
404
342
431
186
221
75
195
486
662
512
314
746
1
339
172
337
443
315
539
251
554
174
542
522
385
476
75
0
427
281
440
570
506
465
576
283
497
519
648
573
158
323
497
228
502
454
335
438
603
359
479
155
48
391
258
302
321
513
821
399
427
354
358
418
413
544
6
537
254
234
626
415
1
123
486
295
387
425
586
542
415
360
571
364
1
412
1
590
221
557
280
609
519
309
9
383
306
604
209
167
131
137
439
501
434
674
78
254
290
418
467
436
423
421
183
592
317
702
758
31
348
757
335
9
229
222
209
427
0
319
142
702
631
494
309
550
398
23
351
255
632
316
637
556
481
220
478
301
505
137
324
815
361
83
479
359
740
230
263
401
444
146
31
271
370
456
278
567
225
469
58
546
674
405
272
59
543
642
434
262
663
247
456
372
550
225
320
477
125
982
661
217
540
567
178
588
300
216
362
868
465
519
473
497
128
145
43
191
426
316
329
693
467
575
511
688
435
359
327
467
497
315
553
721
261
296
417
281
319
0
524
613
322
692
336
627
496
285
58
357
406
487
210
498
655
109
644
457
294
440
621
350
836
592
607
364
329
527
155
345
103
46
314
283
94
174
348
226
248
453
541
315
509
150
682
424
166
557
376
365
631
329
578
505
139
258
472
558
469
304
379
609
277
785
96
419
490
738
523
456
267
492
829
162
233
411
407
781
465
485
410
188
393
903
20
290
511
126
695
390
258
350
394
2
749
360
218
440
142
524
0
24
223
763
288
311
293
667
689
556
466
154
506
273
297
381
457
416
465
611
415
779
508
386
653
198
774
23
421
133
676
600
209
333
37
394
518
318
777
388
662
171
316
274
618
135
99
767
506
540
444
451
306
249
489
572
362
819
608
373
621
518
470
326
591
297
996
499
41
363
312
358
61
518
207
116
430
501
843
482
494
149
274
337
1
598
267
29
268
534
321
227
474
294
476
160
602
570
702
613
24
0
336
307
573
625
586
54
446
169
237
241
255
404
442
382
503
423
544
425
347
316
684
353
355
521
495
150
217
145
507
311
469
98
185
581
739
307
275
199
355
424
443
588
405
236
168
536
331
243
144
507
439
456
224
477
572
67
247
464
333
572
435
452
692
400
279
277
356
594
141
189
489
460
327
302
400
509
535
459
951
482
288
273
793
476
291
549
762
268
688
206
377
1
492
471
96
506
631
322
223
336
0
192
738
539
210
350
865
541
424
628
402
476
164
342
776
339
502
362
503
408
435
502
324
431
576
393
714
393
487
219
135
158
481
532
147
174
525
1
453
218
386
845
188
1
162
451
331
362
481
275
438
509
421
614
219
557
311
82
396
223
339
333
339
309
658
583
563
296
180
472
425
570
720
338
367
416
492
929
115
568
362
588
204
188
231
643
393
442
566
712
150
384
299
443
418
465
494
692
763
307
192
0
617
63
394
838
387
485
707
32
343
345
114
141
106
202
572
149
558
102
9
572
485
355
710
918
80
599
455
210
270
708
316
135
426
555
155
483
683
103
684
601
400
609
811
363
283
375
623
320
445
572
234
99
333
318
308
425
189
80
379
436
451
319
444
352
478
373
691
269
50
788
283
307
538
296
329
644
300
527
517
669
119
468
554
398
526
1
437
476
274
256
403
105
232
576
309
336
288
573
738
617
0
324
229
420
168
716
39
114
529
574
182
88
440
145
132
392
333
419
431
430
297
383
408
297
365
337
327
516
181
276
452
706
431
532
624
643
107
463
508
686
389
699
630
756
593
377
303
443
319
590
177
396
202
472
509
460
213
704
64
302
586
610
376
276
110
669
160
290
363
334
439
687
853
75
364
405
658
659
594
283
211
635
568
308
205
288
31
187
461
1
280
657
486
283
550
627
311
625
539
63
324
0
453
397
663
245
53
820
400
509
838
456
617
647
184
242
1
291
602
742
314
313
585
81
338
424
333
544
314
618
351
363
766
480
450
572
311
337
693
569
294
480
496
133
727
306
405
182
498
343
550
310
596
127
308
513
479
561
436
543
43
280
709
638
195
210
1
414
347
230
56
216
720
147
685
401
439
21
1
459
184
239
1
654
474
386
564
537
341
388
530
658
306
497
398
496
293
586
210
394
229
453
0
396
1
362
298
268
398
364
213
197
266
1
300
347
628
495
172
443
830
168
392
571
30
239
525
310
615
652
423
569
552
175
450
652
490
488
313
10
506
307
351
258
569
648
310
673
473
284
664
331
458
535
386
402
171
584
511
625
512
477
316
569
283
324
616
521
413
546
451
149
559
531
318
469
503
404
810
101
454
201
133
241
332
660
1
236
530
767
471
315
498
519
23
285
667
54
350
838
420
397
396
0
490
125
442
397
378
636
100
379
138
128
353
530
404
493
388
293
636
450
400
377
27
574
349
210
352
375
225
733
459
557
26
253
189
654
533
44
336
811
416
514
664
238
251
759
424
619
471
543
671
358
515
150
694
446
276
472
282
288
448
228
592
420
185
166
516
536
307
232
790
593
406
171
373
316
369
557
442
136
658
590
202
440
337
1
62
868
257
454
266
648
351
58
689
446
865
387
168
663
1
490
0
441
659
407
1
503
110
500
187
489
295
418
321
282
440
398
89
333
317
334
733
651
503
330
318
380
579
711
488
155
537
461
264
536
1
669
324
79
1
332
842
248
395
55
206
235
649
404
480
269
175
643
382
304
569
454
180
89
467
352
345
597
571
894
302
771
775
223
245
400
230
950
510
131
707
521
292
399
529
375
263
549
598
497
548
147
445
292
374
573
255
357
556
169
541
485
716
245
362
125
441
0
64
323
463
475
334
330
228
342
671
271
551
292
312
339
401
395
701
683
206
205
269
620
22
479
715
226
202
373
552
382
211
533
370
113
333
261
479
1
400
123
301
491
197
290
474
289
527
571
426
202
314
942
452
656
461
610
636
526
631
324
466
842
353
312
415
415
571
324
439
192
511
343
503
611
506
107
524
619
573
247
272
98
879
442
369
303
385
158
632
406
466
237
424
707
39
53
298
442
659
64
0
402
246
341
293
265
409
310
437
132
280
380
376
415
208
596
409
317
947
582
535
221
427
417
677
311
274
487
138
729
787
1
252
543
429
148
119
116
293
486
888
308
465
363
583
511
337
428
255
255
326
756
1
538
281
412
358
482
680
785
294
80
269
696
363
145
155
352
331
608
369
717
567
369
879
168
587
824
438
354
625
110
417
45
171
545
314
323
316
487
154
241
628
32
114
820
268
397
407
323
402
0
474
307
1
337
218
703
107
235
649
512
872
580
599
165
300
408
251
407
466
170
268
599
174
544
401
311
306
288
710
248
217
214
542
287
706
182
738
606
717
378
308
231
418
390
458
438
232
389
50
1
551
298
378
409
130
552
451
444
317
713
143
64
411
483
282
430
491
422
719
202
213
85
160
522
742
156
681
853
102
522
435
522
331
258
263
497
637
210
506
255
402
343
529
400
398
378
1
463
246
474
0
366
353
297
846
345
374
125
579
196
565
525
206
356
371
654
344
363
551
1
188
316
571
582
387
654
443
382
1
240
81
431
386
731
555
584
335
107
697
359
357
323
404
267
696
296
389
675
346
411
613
654
264
326
129
147
485
385
188
315
78
443
82
259
232
333
537
530
544
431
102
101
305
390
252
710
543
661
192
381
258
321
606
414
590
228
556
498
273
404
476
345
574
509
364
636
503
475
341
307
366
0
302
422
670
283
176
430
472
79
150
337
170
354
279
690
78
700
266
540
583
704
253
237
509
444
779
365
191
238
30
262
560
588
324
475
722
554
362
223
558
274
453
88
173
424
792
639
524
234
260
440
503
411
249
41
406
811
335
279
441
280
422
488
336
860
645
513
546
200
494
224
564
354
560
1
160
591
354
113
446
486
608
276
266
502
481
655
297
442
164
114
182
838
213
100
110
334
293
1
353
302
0
359
550
296
273
416
293
120
530
415
212
507
417
227
668
176
667
204
22
433
140
581
236
310
324
529
333
120
152
217
753
427
360
203
646
492
840
391
658
267
424
486
408
385
562
845
292
265
619
16
926
504
680
456
266
272
214
64
481
342
413
360
538
501
230
316
450
237
761
402
495
612
418
260
442
1
273
300
422
161
634
671
403
454
220
109
381
382
342
141
88
456
197
379
500
330
265
337
297
422
359
0
1
626
414
455
456
287
362
251
575
720
324
563
361
796
925
378
281
624
602
122
291
200
67
381
792
873
404
499
342
468
537
176
561
228
1
586
552
260
768
754
224
332
429
1
218
719
407
310
539
403
196
337
580
591
484
1
641
142
637
653
444
681
384
737
423
282
15
645
305
710
438
576
478
720
655
258
233
586
283
486
735
335
478
644
457
503
776
106
440
617
266
138
187
228
409
218
846
670
550
1
0
184
111
599
267
488
218
382
234
560
837
382
853
230
664
493
472
903
688
366
437
528
373
270
222
173
361
555
528
581
388
734
659
616
871
395
268
288
250
1
295
217
456
450
739
340
337
333
714
253
275
315
651
139
245
400
713
468
505
503
1
509
839
544
97
263
739
633
123
901
198
253
51
248
283
678
311
104
228
622
186
438
301
457
416
423
339
202
145
647
1
128
489
342
310
703
345
283
296
626
184
0
321
504
367
569
629
404
420
693
308
630
701
232
325
178
586
325
81
624
497
100
530
398
691
445
376
496
396
162
296
274
677
514
193
273
654
356
503
475
270
333
554
522
799
172
558
125
454
80
216
419
294
206
128
360
805
484
145
494
501
318
471
173
542
613
327
630
179
350
268
439
481
353
371
566
528
479
3
132
703
603
505
294
465
544
502
572
132
184
300
353
295
671
437
107
374
176
273
414
111
321
0
526
109
568
740
320
496
268
423
264
775
553
491
491
759
318
1
639
275
299
473
383
277
444
291
494
482
386
387
792
236
406
570
489
256
372
703
339
289
408
448
561
293
658
687
602
297
406
456
769
386
86
370
328
342
356
228
199
319
58
892
286
381
631
366
299
296
412
214
490
668
482
742
300
465
601
185
223
288
359
137
440
611
425
362
149
392
242
347
530
418
271
132
235
125
430
416
455
599
504
526
0
207
487
635
634
13
416
382
445
135
674
608
916
580
764
183
485
1
830
157
263
201
430
443
127
401
576
368
580
443
576
529
450
516
437
365
319
522
283
248
368
458
536
268
403
478
389
424
852
676
412
267
193
249
545
450
1
620
431
229
500
403
292
272
651
715
600
261
784
477
426
281
455
695
608
354
810
756
479
324
621
415
347
503
558
333
1
628
404
321
551
280
649
579
472
293
456
267
367
109
207
0
536
420
282
619
135
334
269
409
305
392
258
578
158
574
521
448
458
46
294
1
295
297
739
451
338
387
326
628
177
345
524
528
199
609
640
473
351
158
537
347
246
569
213
512
592
385
668
501
307
335
750
313
197
470
358
282
561
1
490
713
310
479
542
1
413
473
720
235
219
508
480
131
883
549
106
489
155
815
350
779
316
408
102
419
291
495
493
282
292
380
512
196
79
120
287
488
569
568
487
536
0
89
581
427
313
276
947
693
430
486
1
265
363
700
188
450
239
457
612
581
451
306
478
192
407
419
578
656
314
451
165
493
427
341
584
362
546
788
507
26
518
369
165
111
137
269
470
8
1
231
422
352
538
478
266
346
303
479
320
638
240
265
214
340
768
232
560
870
716
664
72
675
415
192
229
410
48
361
836
508
684
435
9
431
602
172
388
440
312
376
872
565
150
530
362
218
629
740
635
420
89
0
187
187
522
534
305
841
842
802
336
453
388
331
455
450
515
1
1
776
410
637
452
152
476
238
491
321
348
244
655
596
263
539
487
4
448
613
806
621
19
469
413
517
415
651
319
364
942
338
777
337
147
626
476
527
257
406
100
349
479
532
257
313
411
89
771
384
449
167
504
13
178
179
800
1
391
83
592
386
353
502
572
430
742
443
293
398
339
415
580
525
337
415
251
382
404
320
634
282
581
187
0
584
144
289
656
462
534
796
352
583
366
329
127
832
360
155
1
703
564
456
290
284
681
346
555
333
422
449
213
207
68
19
554
497
301
613
5
326
597
473
200
532
496
437
457
505
525
433
581
547
406
625
483
390
648
307
689
759
676
676
324
396
499
268
1
177
352
418
457
238
432
262
529
253
258
479
607
653
355
324
485
297
314
830
636
89
401
208
599
206
170
212
575
234
420
496
13
619
427
187
584
0
633
582
395
259
442
670
546
878
501
883
271
721
459
357
311
304
169
259
344
209
436
820
601
408
409
403
641
1
409
408
538
503
829
101
641
233
464
210
204
525
692
602
292
453
738
451
225
416
261
171
432
1
445
328
628
507
631
216
331
687
457
1000
541
106
889
1
533
572
486
509
283
955
302
359
364
198
521
431
355
383
313
168
450
333
395
596
165
356
354
507
720
560
693
268
416
135
313
522
144
633
0
714
179
734
285
211
396
431
144
562
585
650
500
612
328
105
623
511
309
709
301
612
398
606
484
368
157
491
308
200
605
165
388
580
346
351
444
456
540
300
551
379
497
230
382
377
610
1
103
183
141
434
314
309
333
542
707
673
170
182
1000
219
237
128
251
528
448
435
368
261
380
1
321
740
329
774
495
576
710
408
585
392
400
317
701
409
300
371
279
417
324
837
308
423
382
334
276
534
289
582
714
0
347
487
450
1
177
449
353
533
688
148
14
576
448
698
199
375
536
99
571
802
498
326
548
475
849
270
274
268
163
345
463
756
414
444
67
380
265
580
453
1
160
643
445
502
460
396
224
14
134
596
796
678
439
147
659
465
1
304
274
601
402
482
50
741
324
530
375
446
227
592
513
230
527
23
150
393
918
297
81
571
377
334
683
317
408
654
690
227
563
382
630
264
445
269
947
305
656
395
179
347
0
21
641
661
183
228
453
351
405
286
71
191
277
676
571
271
168
505
663
610
386
523
514
324
164
520
1
625
449
553
1
316
164
618
223
301
426
316
587
452
414
92
475
377
559
652
404
207
403
507
495
308
386
534
445
183
475
545
483
256
82
383
487
503
603
550
324
156
501
619
821
263
155
421
217
714
80
365
338
30
27
733
206
947
251
344
78
668
361
853
701
775
135
409
693
841
462
259
734
487
21
0
603
578
256
1
625
485
143
419
498
381
555
375
210
626
313
354
563
606
391
558
528
63
283
150
479
221
308
195
493
103
499
599
392
442
264
325
445
438
289
305
466
345
448
561
164
624
54
527
449
345
603
1
450
331
150
663
228
633
563
209
130
478
386
375
280
308
615
430
399
401
345
133
145
393
599
337
424
239
574
651
205
582
407
363
700
176
796
230
232
553
674
305
430
842
534
442
285
450
641
603
0
510
583
608
51
574
580
609
116
205
224
259
454
500
509
241
345
234
585
725
426
300
470
419
356
209
511
555
217
462
635
619
416
443
546
155
461
286
474
161
155
304
156
222
69
235
473
411
423
179
174
426
341
331
1
798
72
223
348
788
251
445
299
315
272
540
374
343
427
444
103
676
507
487
455
327
333
525
349
503
269
535
466
551
266
667
925
664
325
491
608
392
486
802
796
670
211
1
661
578
510
0
285
523
574
116
148
359
315
618
865
230
203
258
662
789
526
300
392
455
394
346
606
641
313
466
328
451
275
435
13
575
59
385
311
515
335
278
371
7
624
583
406
547
486
742
173
93
562
262
351
463
233
472
433
265
670
269
142
663
593
352
691
463
472
489
313
325
354
146
46
600
311
219
210
516
544
310
210
330
620
221
170
1
540
204
378
493
178
491
916
258
1
336
352
546
396
177
183
256
583
285
0
206
242
538
182
155
465
371
632
72
528
321
463
504
164
434
500
705
603
446
452
226
212
1
284
197
560
437
503
926
416
625
340
580
203
243
365
551
315
141
387
116
66
777
579
586
225
733
639
225
216
673
299
433
271
205
456
278
1
314
517
368
402
567
1000
349
358
31
314
209
469
135
270
181
314
615
352
318
22
427
268
188
583
22
281
472
586
759
580
578
265
453
583
878
431
449
228
1
608
523
206
0
462
631
485
290
118
309
731
429
605
439
364
489
375
483
375
318
478
353
385
611
427
534
465
283
465
151
663
14
277
586
444
408
290
60
475
382
406
121
406
638
468
289
171
559
750
501
714
490
292
85
312
624
323
237
324
523
164
574
365
554
249
556
519
541
418
271
283
333
98
158
708
276
618
652
375
380
479
417
599
316
704
433
624
903
325
318
764
158
363
388
366
501
144
353
453
625
51
574
242
462
0
499
145
703
711
870
420
266
444
570
530
454
449
332
687
492
517
344
612
417
206
389
496
156
371
634
288
893
537
380
550
625
923
511
607
325
184
135
603
696
1
334
803
112
476
544
426
243
390
536
496
244
358
549
287
485
367
290
274
262
79
748
258
233
413
370
94
37
185
481
316
452
351
423
225
579
715
677
174
571
253
140
602
688
81
1
183
574
700
331
329
883
562
533
351
485
574
116
538
631
499
0
496
466
131
499
785
536
443
287
649
331
586
220
307
242
556
537
731
407
230
653
112
107
422
421
540
641
629
443
402
558
478
634
254
1
387
301
464
455
484
549
552
848
105
870
623
117
333
524
383
543
674
562
410
473
475
367
451
372
279
389
259
356
544
456
174
394
581
532
135
706
363
569
733
711
226
311
544
582
237
581
122
366
624
639
485
521
188
455
127
271
585
688
405
143
580
148
182
485
145
496
0
363
636
1
175
149
581
188
294
564
512
205
465
73
229
517
490
267
381
732
658
57
251
737
182
717
453
342
420
310
722
218
532
384
1
118
546
581
610
515
519
629
355
203
90
398
579
460
577
150
153
339
678
442
609
389
501
109
10
464
418
550
6
278
348
518
739
147
426
431
766
552
459
488
202
274
401
387
509
236
291
437
497
275
1
448
450
450
832
721
650
148
286
419
609
359
155
290
703
466
363
0
412
372
343
402
262
173
341
1
334
563
461
442
672
181
839
389
221
667
367
491
191
345
635
521
149
360
131
506
1
721
66
456
330
411
97
533
384
649
497
623
407
342
541
544
39
874
515
229
526
502
403
188
673
589
577
102
461
161
576
302
537
567
226
318
307
174
555
532
480
175
557
155
373
487
311
654
444
310
200
528
100
299
830
458
239
515
360
459
500
14
71
498
116
315
465
118
711
131
636
412
0
679
318
635
451
464
316
283
310
72
192
178
254
369
598
347
612
524
616
264
214
221
332
45
552
406
529
630
380
542
424
506
385
510
521
234
98
767
794
361
1
789
267
194
445
449
500
539
432
481
1
376
114
348
357
769
164
528
436
546
254
225
248
777
275
525
155
624
450
450
26
537
552
138
306
443
779
324
67
373
530
473
157
46
457
1
155
357
612
576
191
381
205
618
371
309
870
499
1
372
679
0
229
476
340
167
300
470
239
307
244
411
49
729
496
311
650
791
335
136
561
383
512
538
269
129
563
627
656
292
344
692
146
548
326
46
646
805
571
1
563
337
645
295
615
620
378
450
503
254
543
160
1
530
481
380
188
71
487
485
234
469
453
388
199
1
483
643
572
652
253
461
382
729
288
382
365
529
381
270
398
383
263
294
612
1
1
311
328
448
277
555
224
865
632
731
420
785
175
343
318
229
0
320
301
159
462
343
385
619
252
484
400
129
75
256
393
623
482
357
337
335
309
637
239
620
147
461
65
107
530
204
355
209
674
328
380
704
251
696
576
366
475
790
397
380
611
311
168
1
349
464
325
133
120
386
234
413
600
818
626
58
541
662
355
453
683
107
311
490
189
264
211
787
710
1
191
333
792
222
691
277
201
1
581
776
703
304
105
698
676
375
259
230
72
429
266
536
149
402
635
476
320
0
256
452
319
822
312
520
478
473
477
302
215
142
349
63
264
599
470
436
95
667
531
227
428
179
210
737
40
610
303
556
695
144
742
245
193
519
574
582
460
173
266
527
143
391
325
416
469
378
627
639
329
634
855
731
1
130
415
546
315
171
424
218
103
463
337
488
654
536
533
1
248
240
238
120
873
173
445
444
430
295
451
410
564
169
623
199
571
210
454
203
528
605
444
443
581
262
451
340
301
256
0
364
422
698
674
336
336
630
807
469
357
520
165
510
1
442
555
1
33
101
131
388
513
679
208
478
75
358
479
125
357
467
517
412
173
404
542
123
834
623
433
421
360
250
438
471
579
714
468
390
427
589
346
339
421
479
1
674
509
316
443
386
684
508
693
313
533
1
370
252
217
81
30
152
404
361
376
291
443
297
306
637
456
259
511
375
271
626
500
258
321
439
570
287
188
173
464
167
159
452
364
0
522
1
413
702
460
269
592
180
602
570
670
512
226
1
420
309
401
469
643
463
134
714
430
497
494
153
720
190
549
135
550
395
363
549
116
444
267
290
342
456
377
530
472
777
517
638
360
406
450
196
261
291
692
431
123
405
150
274
588
845
601
686
569
10
44
669
113
543
214
431
262
217
499
555
496
494
127
739
478
452
290
344
309
536
168
313
509
662
463
364
530
649
294
341
316
300
462
319
422
522
0
455
371
158
523
117
372
459
355
599
592
334
209
370
327
310
605
130
366
126
1
473
307
437
638
156
538
476
191
338
134
491
504
387
446
648
499
250
318
337
683
468
481
307
357
150
672
238
117
642
146
381
65
620
486
272
682
618
405
188
400
389
294
506
336
324
333
429
542
386
560
753
342
528
396
482
401
451
192
152
284
209
709
99
505
354
241
789
504
489
454
331
564
1
283
470
343
822
698
1
455
0
658
277
769
129
198
376
746
182
389
132
674
666
312
383
658
457
647
532
99
624
793
466
254
49
529
265
407
550
137
497
325
509
306
192
674
96
350
501
363
273
531
297
622
214
595
883
574
62
193
340
470
539
295
59
424
135
236
1
609
699
480
307
811
79
261
148
287
731
588
427
468
581
162
386
576
338
407
476
681
436
301
571
663
563
345
526
164
375
449
586
512
334
310
239
385
312
674
413
371
658
0
640
288
676
387
39
159
642
485
586
184
372
208
372
431
489
495
301
215
238
121
367
531
320
356
380
778
200
429
249
1
274
34
514
312
414
790
312
386
295
629
175
455
352
657
134
488
563
623
405
257
140
387
543
166
99
168
162
811
630
496
351
416
1
479
119
706
555
324
360
537
388
296
387
368
387
419
238
346
820
612
802
610
606
234
300
434
483
332
220
205
563
72
307
619
520
336
702
158
277
640
0
395
417
408
287
493
599
466
375
305
315
563
122
473
371
307
544
81
353
290
466
1
421
200
414
675
203
454
128
323
540
389
445
58
431
502
564
185
399
533
673
600
421
595
375
162
554
14
73
361
377
425
642
557
767
536
451
363
756
133
258
514
332
1
116
182
584
475
203
176
734
274
792
580
326
578
491
555
601
398
498
386
391
585
392
500
375
687
307
465
461
192
244
252
478
336
460
523
769
288
395
0
442
344
32
78
530
265
484
101
491
392
440
509
737
520
482
455
69
302
361
290
658
1
724
427
124
433
338
638
414
390
1
229
484
296
542
313
418
392
424
418
627
479
607
225
547
698
229
539
240
586
434
376
506
331
331
283
593
727
569
664
842
400
293
738
335
722
646
561
659
677
236
443
628
656
321
333
408
606
326
523
558
725
455
705
318
492
242
73
442
178
411
484
473
630
269
117
129
676
417
442
0
350
622
337
410
137
408
205
463
404
531
1
332
286
655
723
583
212
750
537
528
454
319
171
173
38
268
291
417
403
185
516
351
372
1
45
320
553
198
233
282
166
358
581
448
154
600
109
396
542
262
365
540
243
362
375
377
306
648
238
248
123
486
606
107
554
492
228
616
514
406
576
177
314
348
422
409
484
548
514
528
426
394
603
478
517
556
229
672
254
49
400
477
807
592
372
198
387
408
344
350
0
1
745
480
596
348
161
541
410
544
247
294
769
91
1
557
207
410
460
271
214
227
224
708
330
433
275
349
578
408
277
270
362
531
584
538
348
328
692
554
543
1
601
299
362
253
171
211
415
663
631
444
144
481
623
303
405
310
251
395
301
888
717
697
362
840
1
871
193
570
529
345
451
244
449
403
368
475
324
63
300
346
446
353
344
537
517
181
369
729
129
302
469
180
459
376
39
287
32
622
1
0
429
255
410
690
79
302
27
452
327
162
342
375
511
135
186
391
315
242
470
280
432
103
253
415
381
323
353
686
811
802
738
415
402
1
103
462
237
476
605
285
151
406
199
295
296
60
360
247
329
451
507
275
320
443
182
673
759
55
491
308
378
359
223
391
586
395
273
489
450
524
165
655
213
641
157
849
164
283
470
606
452
385
612
731
490
839
598
496
75
215
357
602
355
746
159
493
78
337
745
429
0
1
252
603
472
104
277
333
237
387
609
157
431
146
203
363
206
504
428
481
709
345
497
406
564
257
483
382
542
428
403
398
599
300
605
353
733
101
391
700
126
164
292
573
372
394
571
456
578
306
439
438
445
319
498
473
424
206
197
465
308
357
558
658
552
268
654
256
516
528
493
596
207
1
491
270
520
150
419
641
226
611
417
407
267
389
347
311
256
142
520
570
599
182
642
599
530
410
480
255
1
0
424
555
265
50
480
184
392
673
248
797
135
1
471
146
273
24
248
487
1
369
612
217
308
361
292
446
289
301
349
257
462
29
655
345
256
1
320
303
506
413
424
367
635
105
364
372
505
249
456
509
572
590
343
284
619
235
290
363
231
323
274
267
260
288
356
372
437
199
427
263
68
409
308
274
1
479
356
313
212
427
206
230
381
221
612
650
393
349
165
670
592
389
485
466
265
137
596
410
252
424
0
314
210
356
506
50
482
371
225
414
290
576
164
1
551
736
396
219
344
721
619
290
184
444
11
348
494
792
382
185
722
466
245
364
499
721
482
340
761
160
335
462
422
578
1
550
139
489
224
421
234
177
550
664
471
649
474
583
418
404
453
424
768
250
503
703
365
609
341
539
19
408
200
268
625
221
209
466
1
534
389
653
732
667
524
791
623
63
510
512
334
132
586
375
484
408
348
690
603
555
314
0
474
282
314
325
90
525
763
892
159
332
330
484
186
620
453
393
850
387
551
410
346
324
683
252
380
510
9
611
511
562
364
722
451
872
487
233
513
633
568
335
121
467
412
225
258
572
477
614
99
396
310
331
543
404
289
511
390
267
88
486
754
1
475
339
319
640
584
487
554
538
605
163
449
308
511
328
284
465
496
112
658
367
616
335
482
264
1
226
209
674
184
305
101
205
161
79
472
265
210
474
0
1
219
338
194
743
177
718
796
64
203
494
848
701
174
587
666
662
760
549
496
373
220
162
551
134
602
569
56
371
490
420
486
274
9
579
311
93
1
445
320
545
1
320
472
362
572
219
333
202
596
458
671
480
527
337
458
696
173
408
224
295
270
289
522
473
362
4
497
503
165
345
553
195
555
451
197
283
156
107
57
491
264
136
357
599
442
1
370
666
372
315
491
463
541
302
104
50
356
282
1
0
416
599
243
197
393
377
369
556
206
370
200
567
500
200
433
439
571
425
641
202
414
263
287
253
41
343
307
365
622
569
721
486
555
285
487
460
789
301
291
474
590
477
558
819
67
557
318
472
127
535
358
269
571
428
438
296
424
385
332
217
333
408
283
351
546
448
301
829
388
463
1
493
217
275
560
465
371
422
251
191
214
561
337
470
555
420
327
312
208
563
392
404
410
27
277
480
506
314
219
416
0
514
466
398
520
468
388
107
267
314
362
676
454
516
460
506
286
586
591
114
117
203
895
399
309
526
478
669
314
578
228
698
597
37
621
356
567
678
196
634
221
125
469
608
247
311
308
509
308
386
515
175
426
255
232
389
792
562
429
456
554
448
248
158
788
613
613
101
580
756
316
103
462
435
437
151
634
421
737
345
221
383
335
436
1
309
310
383
372
122
440
531
544
452
333
184
50
325
338
599
514
0
164
240
355
386
217
319
376
384
158
771
132
303
377
346
128
439
812
297
665
173
199
587
329
487
410
442
588
309
45
105
393
209
683
735
516
466
350
706
557
982
304
373
464
82
425
460
513
402
150
643
202
255
389
675
639
845
1
450
522
561
368
537
507
806
5
641
346
414
164
499
635
13
503
663
288
540
182
635
332
512
309
95
33
401
605
658
431
473
509
1
247
327
237
392
482
90
194
243
466
164
0
281
269
306
550
401
644
274
574
641
616
454
578
446
331
457
162
595
783
538
486
208
715
13
584
164
408
262
277
509
373
376
352
829
570
360
593
442
280
661
379
621
333
396
189
213
479
171
694
382
314
326
50
346
524
292
218
739
799
293
458
347
26
621
326
233
351
444
618
599
619
575
926
14
893
641
717
521
45
538
637
667
101
469
130
457
489
371
737
332
294
162
387
673
371
525
743
197
398
240
281
0
557
1
587
446
254
87
246
250
218
553
87
461
537
37
590
478
144
611
506
484
239
385
131
588
538
563
39
326
500
306
660
621
451
398
69
595
609
217
609
518
572
223
80
704
561
584
446
304
942
756
1
411
234
265
719
340
172
658
536
246
518
19
597
464
444
67
223
392
416
59
416
277
537
629
453
149
552
269
239
531
131
643
366
647
495
307
520
286
769
342
609
248
225
763
177
393
520
355
269
557
0
378
519
439
205
448
528
333
509
458
282
401
157
581
305
279
614
268
667
512
157
640
234
301
174
443
525
90
396
235
35
344
251
262
460
423
519
540
277
470
435
339
379
64
436
511
276
569
452
1
551
613
260
619
407
337
558
687
268
569
369
469
473
210
456
380
301
442
443
385
625
586
380
443
342
360
406
129
620
227
388
463
126
532
301
544
482
655
91
375
157
797
414
892
718
377
468
386
306
1
378
0
18
157
67
550
276
274
42
610
333
457
489
323
436
24
155
137
237
705
354
814
427
430
1
176
427
790
543
765
361
433
208
385
341
646
309
567
785
326
452
333
436
302
543
625
472
454
656
538
298
654
440
16
310
333
125
602
403
213
165
413
200
204
540
265
426
264
546
311
340
444
550
402
420
131
529
563
147
428
513
134
1
99
215
81
455
723
1
511
431
135
290
159
796
369
388
217
550
587
519
18
0
490
542
762
481
332
218
204
785
555
144
396
514
408
671
387
544
510
367
757
929
283
373
449
614
597
705
622
576
392
337
704
286
188
9
178
96
591
692
339
451
586
43
512
282
180
461
281
378
264
503
926
539
714
454
297
478
512
111
517
532
525
300
580
316
325
155
515
580
408
625
558
310
506
630
627
461
179
679
714
473
624
238
353
69
583
557
135
146
1
576
332
64
556
107
319
401
446
439
157
490
0
366
260
444
365
256
454
305
1
456
300
320
372
431
287
295
459
698
456
614
331
503
545
152
242
196
475
340
665
328
93
424
1
383
588
419
297
400
309
319
610
280
477
288
89
610
412
409
326
411
504
403
253
80
406
389
592
137
415
496
692
551
453
587
445
461
335
203
290
923
478
722
1
380
656
65
210
208
430
307
793
121
290
302
212
207
186
203
471
164
330
203
206
267
376
644
254
205
67
542
366
0
44
671
495
556
824
600
609
597
446
374
577
294
53
368
598
732
482
427
577
221
840
850
720
384
130
385
1
497
606
359
466
306
300
490
996
279
658
444
376
709
316
448
467
636
358
130
129
249
680
196
275
216
456
424
385
269
651
437
602
379
1
452
438
286
278
243
60
511
634
218
721
542
292
107
737
478
497
437
466
367
466
361
750
410
391
363
146
1
484
494
370
314
384
274
87
448
550
762
260
44
0
422
437
258
682
204
449
49
471
216
533
694
437
280
610
293
793
486
144
497
352
299
358
497
223
490
347
632
764
528
511
604
216
738
499
277
583
352
276
638
569
228
352
526
482
552
147
41
456
337
315
419
769
852
668
470
319
457
292
497
160
414
289
474
371
365
475
607
254
532
66
424
344
530
40
75
494
638
254
531
1
290
537
460
315
206
273
551
186
848
200
362
158
574
246
528
276
481
444
671
422
0
331
674
162
640
319
607
160
1
282
326
272
1
13
731
89
171
540
156
521
195
608
529
681
365
606
686
412
226
416
209
362
523
41
356
563
478
110
195
283
592
345
631
680
451
485
406
266
580
651
294
386
676
501
8
364
505
453
230
643
92
305
161
7
551
382
325
1
384
456
506
692
204
610
358
153
156
49
320
421
658
528
271
242
504
24
736
620
701
567
676
771
641
250
333
274
332
365
495
437
331
0
769
472
196
459
217
227
706
440
662
579
282
449
208
491
379
383
253
440
447
274
463
360
449
562
521
612
501
471
167
868
456
363
594
296
373
669
210
324
420
597
324
785
444
385
811
272
591
139
206
86
412
307
1
942
525
738
382
445
475
466
155
624
315
406
184
387
1
330
385
146
355
303
479
720
538
529
356
200
1
454
214
470
428
248
396
453
174
500
454
132
616
218
509
42
218
256
556
258
674
769
0
