0
0
0
0
0
0
0
0
785
338
99
0
0
0
0
0
0
0
39
0
982
0
2
452
0
0
0
584
0
0
0
876
0
0
222
0
0
0
918
498
0
0
0
628
0
0
0
0
244
0
0
0
200
0
0
0
0
0
0
0
0
863
0
0
0
0
0
0
0
0
0
986
0
718
0
0
0
0
0
970
0
0
0
474
204
0
300
0
942
0
0
0
943
773
0
615
740
0
0
0
0
0
576
0
0
0
0
833
0
309
0
50
89
0
0
0
0
0
715
0
0
0
279
248
754
0
0
0
316
683
0
693
543
598
0
0
910
836
152
974
0
353
447
0
0
0
0
722
0
972
0
0
872
0
436
0
748
0
0
0
0
0
338
0
0
0
365
0
974
0
0
0
0
786
765
0
0
0
979
0
0
71
0
351
0
685
0
0
984
513
673
0
0
0
0
0
0
939
0
0
0
576
0
0
0
108
0
284
706
0
0
515
0
0
0
987
0
475
0
0
0
0
0
795
0
0
920
0
0
0
0
331
0
0
0
0
0
0
0
0
0
0
0
364
0
90
939
126
0
0
0
98
0
0
0
0
0
0
0
0
0
0
188
176
0
0
882
0
0
0
0
647
0
0
0
0
0
0
0
0
0
0
0
0
360
0
0
0
0
0
248
0
0
0
0
0
0
0
0
0
0
0
0
0
0
0
651
0
0
0
0
0
0
0
135
0
819
808
0
0
0
0
0
0
0
0
0
0
0
0
0
660
0
0
53
0
826
158
0
0
0
417
0
0
0
0
0
0
0
0
0
0
0
0
0
0
0
0
0
656
0
0
537
0
0
0
0
0
0
0
0
622
0
0
0
0
0
592
778
0
0
0
0
0
0
0
277
0
664
0
0
0
0
6
0
0
0
0
694
0
0
0
0
0
0
0
304
0
0
951
645
0
0
0
0
0
0
0
0
0
0
177
0
0
0
0
0
0
143
0
0
5
0
772
0
829
0
0
0
763
0
485
0
0
487
79
0
0
628
0
0
0
0
991
0
682
0
0
0
0
824
0
746
0
0
0
0
0
0
0
0
0
0
0
826
0
0
0
74
649
777
777
0
0
0
0
730
0
0
0
0
649
0
906
0
498
933
0
489
0
0
0
108
0
0
0
0
0
0
985
0
0
0
552
377
0
0
0
153
0
0
244
483
783
0
228
230
0
201
563
776
195
902
0
0
0
611
0
315
0
0
0
0
969
0
0
0
0
174
0
0
0
682
294
0
0
0
0
0
0
0
175
0
847
0
765
469
0
0
0
0
0
347
0
0
0
0
0
0
0
0
0
0
522
0
0
0
302
0
529
0
708
0
0
0
0
0
0
0
0
0
0
0
651
304
0
0
666
0
0
0
548
0
0
0
0
0
0
0
0
0
0
775
0
141
0
723
0
862
0
0
0
0
248
0
0
662
0
0
0
0
0
0
435
0
0
0
0
0
931
0
317
0
0
0
699
0
0
0
0
0
0
50
0
0
0
0
0
0
0
830
654
0
0
0
0
0
0
0
0
0
0
206
0
915
0
397
628
0
0
0
0
411
0
0
0
10
0
0
0
0
833
284
0
0
0
666
0
0
0
0
876
0
0
0
0
0
843
475
0
0
0
0
0
0
681
0
0
0
0
0
0
0
0
479
0
847
330
0
0
0
637
0
0
0
873
0
0
0
79
0
0
376
0
39
0
0
0
0
0
0
0
0
0
556
0
876
629
165
886
0
0
0
0
0
0
587
0
0
0
547
0
972
0
0
0
0
0
988
0
912
102
0
0
0
0
0
975
244
0
785
0
706
0
0
0
0
0
0
0
166
0
0
0
226
615
0
0
0
0
0
0
0
0
827
0
0
2
0
653
0
765
0
393
0
0
0
35
0
0
795
0
0
0
0
0
0
0
0
0
0
0
0
539
0
476
177
388
0
118
847
447
0
0
0
0
0
0
795
520
0
0
0
0
0
0
0
476
0
0
0
0
463
0
0
0
794
51
243
0
584
0
0
109
605
427
958
0
465
0
338
309
0
0
951
985
0
0
0
0
147
835
209
0
0
0
0
0
0
0
131
0
0
0
0
0
0
0
0
0
0
380
0
869
385
174
0
0
0
0
116
0
0
0
0
478
0
0
0
0
0
715
0
739
0
194
0
0
0
0
636
827
0
558
0
0
0
0
875
0
0
0
0
0
0
542
622
0
0
101
0
0
368
217
0
0
0
0
0
127
0
874
0
0
672
0
556
0
0
0
99
0
0
0
645
0
0
0
166
147
0
0
225
248
579
0
0
474
0
333
0
0
0
0
0
0
0
913
847
0
0
0
0
0
781
0
450
0
0
0
939
0
0
0
0
0
201
766
0
71
453
0
0
0
0
0
0
485
0
48
258
0
0
155
0
816
0
256
0
0
0
0
0
501
0
0
0
569
0
0
0
0
0
692
0
0
897
0
0
0
0
745
0
294
0
0
0
125
0
0
0
50
515
0
0
0
548
876
0
835
0
0
0
0
0
0
0
0
0
0
0
531
0
0
285
0
0
0
0
0
0
0
623
0
0
0
301
368
0
724
872
0
0
0
0
399
0
430
0
0
0
0
852
467
0
0
0
0
0
0
0
0
0
333
0
0
0
543
0
0
564
0
0
0
403
0
0
0
0
39
635
317
298
622
864
824
0
0
0
784
186
0
0
0
0
0
0
0
0
0
0
89
0
0
0
0
0
0
0
209
225
0
0
0
0
0
442
0
572
862
0
0
0
0
161
0
0
0
0
0
0
340
0
781
459
940
0
0
0
516
709
0
0
0
0
28
0
0
0
0
0
0
174
0
0
443
107
439
258
0
575
0
0
0
0
0
781
906
0
709
802
0
0
646
392
0
0
0
0
0
0
0
0
667
0
0
0
837
0
0
0
398
0
468
0
855
0
764
0
0
0
0
0
0
0
552
0
0
0
0
248
0
0
0
0
0
0
0
773
0
0
0
34
0
0
0
0
0
0
408
0
501
0
0
325
0
0
0
0
0
0
0
0
0
0
0
0
0
0
0
0
0
0
73
0
0
186
0
0
0
952
413
0
232
961
159
700
0
271
371
938
0
0
0
0
0
0
0
0
852
0
0
219
0
0
0
0
382
508
238
830
0
0
0
0
0
0
489
494
0
0
0
0
135
0
377
0
0
226
0
579
0
0
0
0
0
0
356
570
0
0
0
0
0
0
0
0
0
0
0
0
0
0
0
547
0
0
0
0
0
0
0
0
818
0
0
0
0
0
0
125
0
0
0
0
0
0
0
0
448
647
0
0
0
0
0
0
0
0
0
0
0
0
0
0
0
0
31
0
0
0
0
0
0
0
0
0
548
825
0
0
0
0
0
824
0
0
0
0
0
0
0
987
0
0
0
0
0
615
0
0
0
0
0
0
0
352
866
326
0
0
0
0
0
0
368
0
0
511
0
0
0
0
847
0
518
0
0
0
0
0
0
0
0
0
0
792
0
0
0
100
0
0
0
0
346
0
564
0
0
0
0
0
0
0
0
0
0
0
232
0
348
0
0
0
186
538
945
0
0
595
0
0
0
0
0
868
0
0
0
0
472
432
447
0
0
653
0
0
0
0
0
0
819
0
0
0
0
0
0
0
0
442
0
0
352
0
0
0
0
0
0
0
0
272
0
0
0
26
0
0
0
132
0
0
0
385
0
0
608
0
34
0
0
873
0
605
0
0
0
0
0
0
0
0
0
0
0
925
0
0
629
950
0
0
0
0
948
0
0
0
0
0
339
0
0
0
0
565
0
798
0
617
0
0
0
77
0
0
0
0
0
439
0
145
0
0
920
894
0
0
0
475
808
0
0
0
843
0
0
474
0
0
0
356
866
0
0
0
0
0
0
0
0
0
155
933
0
0
0
0
0
0
0
0
567
0
0
0
2
0
0
0
540
0
0
0
455
244
0
0
824
0
712
0
853
148
0
465
585
0
0
867
0
416
577
0
0
0
380
0
0
0
0
0
466
0
0
0
540
0
0
0
0
184
0
0
0
0
0
0
0
0
0
0
121
0
0
0
0
39
715
0
0
0
153
0
475
0
0
0
0
572
773
570
326
0
0
0
0
0
0
0
0
42
0
0
0
0
0
195
252
0
0
0
0
0
276
0
681
0
0
0
0
0
210
0
0
0
754
105
0
0
0
0
49
0
200
0
0
0
0
0
0
672
0
247
475
827
653
0
0
192
0
0
290
0
0
0
866
0
0
0
82
0
0
0
0
0
0
114
0
0
0
0
0
0
0
291
0
0
0
0
0
0
0
0
0
0
0
333
0
862
0
0
0
0
0
0
0
84
0
0
0
0
0
0
397
935
0
44
0
0
0
0
0
346
0
0
0
0
688
439
0
0
870
0
784
0
0
273
809
356
0
0
0
0
0
0
0
0
0
0
0
0
802
25
0
0
0
281
766
0
0
0
0
0
787
959
0
589
0
0
0
475
645
0
0
0
21
618
0
0
0
0
0
0
0
0
174
982
0
0
0
0
0
0
0
0
131
0
0
0
0
0
0
0
0
0
84
0
0
0
0
0
354
0
345
0
0
0
0
0
0
0
0
502
0
0
559
0
0
0
0
0
0
0
728
0
429
0
203
0
771
312
0
0
0
0
858
0
0
0
0
0
0
0
0
0
0
0
33
129
0
0
0
393
439
0
884
776
0
873
0
316
0
0
0
0
0
0
227
0
290
0
0
0
309
0
0
0
0
0
0
177
244
0
0
0
0
0
531
0
0
0
0
0
0
0
0
0
0
0
0
0
388
365
0
463
0
0
0
477
0
376
0
0
0
0
563
0
0
0
0
0
0
0
0
0
0
0
0
0
911
0
0
0
907
0
0
752
0
0
0
238
0
0
30
0
0
0
0
189
16
0
0
0
353
0
573
876
527
0
0
466
906
0
0
0
0
587
994
0
0
0
0
0
0
0
616
2
279
0
0
0
483
775
0
0
0
0
0
0
34
0
0
0
0
0
0
0
0
0
0
0
0
0
932
541
694
0
0
0
0
0
0
0
0
364
0
0
0
0
0
320
0
0
0
0
703
0
0
540
0
0
0
0
0
0
946
848
615
0
0
0
0
377
0
0
0
0
0
943
490
10
0
0
0
34
0
666
0
0
0
0
560
499
0
385
0
0
0
0
254
397
0
0
0
0
0
452
248
795
0
0
783
0
0
0
0
0
0
0
0
0
0
0
0
0
0
0
0
0
0
0
641
0
0
0
148
0
280
255
886
0
0
8
0
0
0
0
0
0
0
0
0
0
0
0
923
0
0
0
684
632
0
0
0
0
733
0
57
681
0
0
0
0
0
322
0
647
759
0
0
0
901
0
0
0
0
640
0
0
0
0
0
0
0
0
0
0
0
0
0
0
0
734
696
328
0
0
754
0
0
0
0
141
0
827
0
0
285
161
0
0
0
272
0
42
0
0
0
0
0
0
0
0
0
0
0
0
0
353
0
0
234
293
0
0
0
0
28
0
114
0
0
692
559
0
879
149
742
253
0
623
13
0
479
0
0
0
0
0
0
0
0
0
0
0
0
0
868
473
0
0
0
0
0
460
0
530
0
0
0
0
139
0
937
0
0
746
0
0
197
348
570
309
380
0
0
0
0
0
0
0
228
0
681
0
0
0
0
0
0
0
368
0
155
0
0
354
388
0
641
0
0
70
374
0
0
0
0
0
0
0
0
0
0
0
0
0
0
0
0
0
0
0
0
0
0
0
0
0
0
0
598
0
0
0
0
570
0
0
0
0
0
0
0
109
0
0
641
0
0
0
0
0
0
0
929
0
0
274
0
901
0
0
0
0
170
0
343
0
0
0
0
575
398
0
0
0
0
920
0
0
230
723
0
0
0
0
0
0
0
0
0
0
933
0
0
0
365
0
0
0
70
0
0
0
0
951
0
0
0
1000
778
1
0
0
0
0
0
102
0
0
0
0
183
469
0
0
0
232
0
0
725
821
0
7
0
0
0
562
0
0
0
0
315
0
0
0
0
11
0
0
0
0
0
0
967
0
0
0
0
0
0
0
0
0
53
107
0
0
0
0
0
0
0
0
0
584
0
0
0
0
0
0
0
2
0
913
0
0
0
0
0
0
0
0
397
345
0
932
0
0
374
0
0
0
0
252
0
0
0
0
0
223
0
0
0
0
0
675
0
302
0
0
0
0
0
0
0
0
0
422
0
0
263
0
0
272
283
0
0
0
0
0
0
889
0
0
129
0
0
0
0
627
674
0
0
0
233
0
0
863
0
0
342
814
0
0
0
0
0
0
0
2
0
0
0
0
316
0
0
143
201
862
0
0
0
847
0
0
0
0
511
26
0
0
935
0
463
541
0
0
0
0
0
0
74
0
0
397
0
0
0
0
0
0
0
0
0
899
0
0
0
0
0
0
0
273
0
308
0
224
0
0
0
0
81
0
0
0
0
0
0
414
0
0
0
0
0
6
865
0
241
0
783
0
168
0
796
0
0
0
0
23
0
0
908
0
0
0
0
690
0
83
0
0
0
0
683
0
0
0
563
0
0
653
0
0
0
0
408
0
0
0
0
0
0
0
0
694
148
0
0
0
0
74
0
626
0
0
0
0
0
97
0
0
0
0
0
945
0
0
0
0
0
494
0
0
0
0
0
0
119
0
0
744
0
0
0
0
0
791
0
719
0
0
0
0
0
0
0
0
497
0
413
0
0
915
0
346
0
582
0
0
0
94
0
146
0
0
0
0
0
0
0
0
242
0
0
0
0
0
776
0
0
0
0
0
0
0
0
0
0
0
0
195
44
0
0
0
0
0
0
951
252
0
626
0
0
0
0
0
145
0
216
0
0
704
0
0
0
0
0
561
290
0
0
0
0
0
170
146
0
0
762
630
0
446
83
48
0
0
0
0
0
0
495
0
0
99
0
0
387
0
0
0
0
0
0
0
0
180
0
849
0
0
0
0
630
0
0
0
0
0
323
0
631
876
693
331
660
5
195
0
0
765
380
0
0
340
501
0
0
0
0
252
0
0
0
0
280
0
0
0
0
0
0
0
0
0
0
0
0
840
0
0
0
0
653
343
0
0
933
0
893
0
0
0
0
0
0
380
0
0
0
0
0
0
0
808
0
0
0
326
0
775
0
0
0
678
0
0
499
0
0
0
0
0
0
410
0
0
0
0
0
454
0
0
2
0
517
619
272
0
0
0
0
0
543
0
0
0
902
0
0
0
0
0
623
0
0
0
0
132
0
0
0
0
477
0
255
353
0
0
0
397
0
0
0
0
0
665
0
728
0
0
703
0
0
0
0
22
59
543
0
0
0
0
0
0
0
0
0
0
0
0
0
0
77
130
0
578
0
0
895
0
188
0
76
0
14
0
0
0
0
356
0
0
0
0
0
0
0
0
293
69
0
0
232
0
0
50
0
0
0
0
0
0
598
0
0
772
0
248
0
393
869
0
0
781
0
0
847
0
0
0
0
0
0
0
886
0
0
0
0
0
0
0
0
0
0
0
589
266
0
566
0
0
0
0
833
0
0
0
0
0
280
0
0
0
0
990
0
0
689
694
0
0
778
0
0
0
0
632
0
852
943
0
0
0
898
0
119
0
0
0
0
0
497
912
842
0
0
859
0
0
952
0
0
0
0
482
159
0
0
0
0
222
0
0
53
0
0
0
479
0
385
781
0
459
325
547
0
0
0
0
0
0
376
0
0
0
0
1000
0
0
0
0
0
665
0
0
0
0
0
0
0
0
0
264
0
815
466
0
215
908
361
0
171
0
0
0
0
0
64
0
0
0
0
0
0
0
0
0
0
0
842
0
0
0
0
0
0
0
80
0
0
0
0
0
669
0
0
0
0
0
0
0
0
0
918
332
904
0
416
717
0
0
0
0
0
829
0
0
0
0
174
0
0
940
0
0
518
0
567
0
0
0
0
0
0
234
0
778
0
0
0
145
0
0
589
0
0
0
0
0
0
642
800
706
425
0
0
0
0
0
612
0
0
0
0
0
17
0
0
817
162
348
0
0
0
983
0
0
400
0
0
0
0
0
0
0
0
0
429
1000
0
0
0
0
132
0
0
0
0
0
0
551
185
0
0
0
148
298
0
818
0
0
910
0
826
0
611
662
847
0
0
450
301
0
0
0
0
385
0
0
346
502
0
0
8
293
0
1
223
0
97
0
840
728
266
0
0
0
0
0
556
0
0
0
0
0
24
0
0
429
602
946
0
136
941
0
835
980
0
0
0
0
0
0
0
0
882
0
518
0
0
0
0
0
746
0
0
391
597
0
833
206
0
0
0
841
0
0
0
0
530
0
0
0
437
0
30
327
272
0
0
0
836
0
158
0
0
0
330
35
0
0
368
0
0
0
0
0
0
276
0
0
0
0
0
0
0
0
0
0
0
216
0
0
0
0
0
0
0
0
0
0
126
0
106
0
0
0
0
0
0
0
0
0
70
0
0
963
0
0
0
0
893
0
0
881
0
0
0
0
168
0
0
0
0
26
704
997
0
0
0
0
0
0
0
29
0
0
0
868
0
0
82
0
661
731
0
0
0
289
0
918
152
0
0
0
315
0
0
0
0
0
0
0
0
0
0
0
0
0
0
0
0
364
0
0
0
0
0
0
0
0
0
0
566
0
0
0
0
0
424
0
0
0
0
278
0
0
0
0
176
0
0
0
0
360
0
0
0
176
0
14
0
801
0
664
0
531
0
0
0
0
0
0
0
0
38
145
274
0
0
0
0
0
0
0
164
0
725
0
0
0
769
345
0
817
0
0
0
0
841
498
974
0
0
763
0
0
0
0
0
0
724
516
0
0
0
608
2
681
0
559
563
0
0
0
0
0
0
0
0
0
0
703
0
0
0
556
0
424
0
0
0
0
0
156
0
227
0
843
0
0
0
0
0
397
0
512
82
0
0
0
0
0
0
0
0
0
0
650
0
0
0
0
459
0
0
536
0
0
807
339
355
0
516
0
0
0
0
732
0
0
0
0
820
957
0
0
354
0
0
0
0
0
0
0
0
0
0
795
116
939
872
709
0
0
0
0
0
0
0
0
0
0
0
0
0
0
0
0
0
704
0
0
0
0
642
0
0
0
0
0
0
244
173
0
0
924
0
0
0
0
0
0
220
0
429
0
0
0
0
0
0
0
752
0
0
0
680
659
727
0
0
0
0
0
553
673
411
0
0
0
717
333
0
0
920
0
0
0
0
0
0
0
0
0
969
0
0
0
0
0
353
0
417
485
0
0
637
0
0
0
0
0
0
0
0
34
0
0
688
0
0
0
0
28
0
0
0
0
0
0
653
0
0
0
800
0
126
0
0
0
0
0
528
0
0
0
0
0
0
0
0
332
0
869
984
0
0
0
0
0
351
0
0
973
252
0
0
0
0
0
0
0
183
0
0
0
0
0
610
417
0
0
0
0
0
701
225
0
0
0
0
980
297
369
0
0
0
69
0
0
447
0
0
0
0
0
0
0
0
0
0
0
0
0
0
0
0
0
439
0
0
0
0
0
0
102
675
899
945
0
343
0
0
264
706
0
0
0
0
244
0
0
0
945
0
0
0
843
0
0
883
0
0
0
0
282
0
0
0
425
0
0
0
93
529
0
0
0
0
0
969
0
0
236
0
640
0
674
0
502
0
0
0
0
0
156
656
0
0
0
0
0
91
0
0
0
0
0
0
628
0
364
0
0
969
435
0
0
0
0
0
0
0
818
0
0
540
0
0
0
0
0
0
114
0
0
0
0
0
0
0
0
833
0
425
0
106
0
0
173
528
0
0
0
0
0
0
0
0
0
364
374
778
0
0
0
993
0
0
0
0
0
0
0
0
193
0
189
0
0
200
0
0
105
0
0
0
0
964
147
719
479
0
0
0
0
0
955
568
395
0
0
0
0
233
0
72
0
0
0
0
0
0
487
0
0
0
0
0
0
0
0
0
0
0
873
0
0
0
0
0
320
0
0
0
0
302
0
0
0
0
22
0
815
0
0
0
278
156
0
0
945
0
0
0
0
0
742
0
0
781
0
0
0
0
0
0
0
0
0
0
418
367
0
0
0
0
677
0
745
0
0
0
0
0
0
0
556
0
0
96
0
0
0
0
0
0
0
0
0
0
0
0
0
0
0
0
0
0
0
0
90
0
79
0
0
873
0
478
0
399
28
0
0
0
0
0
210
870
0
0
0
0
0
0
0
0
0
0
0
933
59
0
466
0
24
0
0
0
0
0
0
0
0
0
0
0
59
0
998
0
0
0
0
360
0
0
0
0
0
531
0
0
0
0
0
0
657
938
811
0
0
0
0
0
913
171
928
135
787
929
0
0
0
760
911
0
0
803
0
978
182
0
546
436
0
0
0
0
0
0
939
0
0
0
0
0
0
0
201
0
0
0
0
792
605
0
0
0
0
0
0
0
692
0
0
0
0
0
561
0
543
0
0
0
0
0
0
227
924
0
0
0
0
0
0
0
0
338
0
0
0
102
0
0
0
0
0
896
0
0
0
0
0
0
897
0
0
0
0
0
123
0
403
0
486
0
0
0
0
0
0
0
475
0
0
0
0
0
0
0
0
116
333
0
0
0
0
280
0
722
126
0
0
0
0
0
0
0
766
430
0
0
0
0
0
455
0
784
728
0
0
0
559
0
183
0
0
0
290
893
0
0
215
0
0
0
0
0
0
0
0
0
0
0
0
0
690
0
0
0
0
969
0
0
0
0
0
732
0
0
362
234
0
722
0
0
0
0
0
0
0
342
0
0
455
0
756
105
0
0
0
0
236
0
968
638
0
0
0
0
0
433
0
0
0
0
0
0
244
0
0
0
628
174
0
0
0
0
0
0
0
0
0
0
0
244
0
0
0
0
0
0
0
0
469
0
0
494
0
0
0
0
908
0
429
0
0
843
0
0
843
0
742
59
0
690
0
849
0
0
0
0
0
0
0
0
0
966
967
0
0
744
171
0
0
0
0
0
0
0
0
32
0
0
274
0
0
0
0
0
399
0
0
0
0
0
0
0
0
926
0
0
0
0
411
262
0
0
0
972
0
0
0
0
931
79
0
0
71
0
0
0
0
0
0
0
754
0
429
0
703
923
879
0
0
0
0
0
0
0
0
280
361
612
602
0
176
0
0
0
0
0
0
0
338
0
849
0
154
0
0
0
787
96
583
0
0
0
0
0
330
0
582
71
0
0
685
0
9
0
0
422
0
0
0
0
287
0
0
0
0
0
0
0
0
305
0
0
0
0
0
0
0
530
0
0
0
0
0
0
0
0
0
0
0
0
0
0
453
0
0
0
125
100
0
0
105
273
0
0
0
0
149
0
0
0
273
0
0
0
0
0
0
0
946
0
0
0
0
0
0
0
0
998
0
0
0
154
0
386
906
0
0
642
0
0
0
0
0
0
294
0
0
0
817
0
0
0
0
210
0
0
677
228
0
0
378
153
0
0
427
430
0
354
0
0
0
495
0
0
0
0
0
0
0
0
0
0
0
0
98
0
0
0
317
0
0
715
0
0
0
0
0
0
0
824
0
809
203
0
0
0
742
0
0
0
0
0
0
0
0
0
171
0
0
0
0
0
0
0
883
364
781
0
0
0
0
0
386
0
566
0
0
994
0
0
0
0
88
291
646
793
0
318
0
0
782
0
0
0
0
411
0
788
0
0
0
0
0
0
0
239
0
0
0
209
0
0
0
0
0
0
0
0
0
0
199
302
200
872
0
0
0
682
0
376
0
0
0
852
174
0
0
0
0
0
0
356
0
0
540
0
253
0
232
0
308
0
0
0
0
0
0
0
136
0
0
0
0
332
0
374
0
0
0
0
0
0
906
566
0
0
471
0
0
0
0
0
0
707
0
0
0
0
0
0
0
0
0
0
0
0
0
0
0
0
0
0
0
0
0
61
477
0
0
0
0
0
0
0
0
0
211
0
0
427
0
0
0
0
0
0
991
294
0
0
539
739
0
467
0
73
0
0
0
712
0
0
771
911
0
684
0
0
0
0
0
0
170
0
0
0
0
0
941
70
0
0
220
0
0
778
0
0
102
969
0
0
0
0
0
0
0
721
0
0
0
0
0
0
0
117
0
0
0
0
0
0
0
0
0
0
0
0
0
158
0
0
0
845
0
861
0
0
0
0
0
0
0
0
0
0
722
799
0
886
972
367
0
436
0
0
0
0
0
39
0
0
0
0
0
0
0
0
0
0
0
0
312
0
0
632
623
0
0
422
224
0
146
380
0
990
0
0
0
0
360
397
0
869
0
0
0
0
0
0
0
787
0
0
471
0
0
564
0
41
0
758
0
731
0
537
0
0
0
0
0
0
0
0
408
87
130
0
0
0
0
0
838
0
750
0
0
0
0
983
515
108
0
0
0
828
0
0
138
0
0
0
0
0
0
0
682
0
699
0
476
194
0
0
443
0
0
346
0
853
49
0
0
0
0
0
13
598
725
0
0
119
0
0
0
0
0
17
835
0
0
0
429
984
0
0
0
360
0
0
0
96
642
994
0
721
564
0
0
0
0
0
0
0
294
0
90
0
0
0
395
0
0
669
0
512
0
0
0
225
645
0
0
0
0
0
0
0
0
309
0
0
596
0
263
0
0
0
0
428
0
0
0
748
0
0
0
0
0
0
177
0
0
0
107
186
0
0
0
148
0
0
0
0
0
0
0
0
821
0
0
0
0
0
0
0
0
0
980
963
0
512
0
0
282
0
0
0
0
0
0
583
0
0
0
0
0
0
0
282
0
518
0
0
0
0
0
836
469
0
0
0
0
866
0
0
457
0
0
0
104
0
781
0
0
13
0
0
0
0
645
778
0
0
743
352
0
0
0
0
0
0
0
0
0
0
0
0
0
0
388
0
485
0
439
0
0
564
0
0
200
0
0
907
0
0
479
0
0
263
0
0
762
0
0
689
64
0
0
0
0
82
0
0
0
993
0
0
0
0
0
0
0
0
0
0
41
0
282
0
0
0
0
802
774
0
0
0
0
0
0
0
0
965
0
250
941
713
0
151
0
0
364
0
0
948
0
0
0
0
0
131
679
0
0
0
0
0
0
0
0
0
0
0
0
0
0
0
0
0
0
0
0
0
258
0
0
0
925
465
0
0
0
0
0
0
0
0
7
0
0
744
630
0
0
694
0
817
0
0
176
0
0
0
0
0
0
0
0
0
0
0
0
0
0
0
0
0
0
0
0
0
0
0
0
0
0
0
0
159
0
569
0
0
0
466
0
370
0
0
0
472
0
0
0
0
0
139
0
0
0
517
0
0
0
500
0
0
0
0
0
0
0
0
0
656
0
0
0
0
118
0
48
0
0
0
448
0
0
585
0
0
858
0
946
733
0
0
0
0
81
0
0
0
0
0
0
162
0
0
0
0
0
0
0
0
0
0
896
732
966
0
0
0
0
0
758
0
518
0
0
0
0
0
0
128
747
0
0
366
814
0
928
0
0
0
80
0
0
554
0
0
0
825
0
940
0
788
0
0
679
0
0
0
704
544
0
0
0
0
53
146
0
0
0
0
824
0
0
0
847
636
258
0
575
952
647
0
0
0
0
0
0
752
848
0
0
570
0
272
0
0
446
0
0
0
0
348
0
0
14
0
0
0
425
0
0
0
0
0
967
0
0
88
0
0
0
0
0
0
0
0
0
668
0
0
465
0
0
103
585
958
0
475
0
385
0
886
0
0
698
0
0
8
0
0
0
0
235
0
936
0
0
804
215
0
797
0
0
0
0
561
863
0
0
0
0
175
0
0
447
827
0
0
0
413
0
0
629
0
0
0
0
0
615
57
0
0
0
283
0
0
83
0
77
778
0
0
0
893
0
0
0
351
0
0
0
531
0
0
0
0
0
291
707
0
731
0
0
802
0
0
668
0
559
0
0
0
0
0
679
0
0
648
0
0
0
0
0
0
0
0
0
0
0
0
0
0
0
0
92
0
232
33
439
0
897
0
167
0
84
0
0
338
188
537
746
0
50
0
0
0
0
0
0
0
0
0
950
867
0
0
0
0
0
681
0
0
562
0
0
0
48
808
130
0
0
0
0
0
801
0
0
0
0
0
418
0
0
362
0
330
294
646
0
0
0
294
0
774
0
0
0
559
0
0
0
0
0
0
449
0
818
0
0
0
320
0
0
806
0
0
0
0
431
893
145
0
0
112
0
0
0
878
0
0
0
364
223
0
943
34
0
0
176
0
0
847
0
0
0
558
155
333
0
232
0
0
0
0
0
0
0
0
0
0
0
0
0
0
0
0
0
0
0
0
0
0
0
0
0
0
752
0
0
0
367
0
0
234
744
0
0
793
0
117
537
0
0
0
0
128
0
0
0
0
102
0
0
0
273
0
0
0
339
0
821
0
0
0
0
0
0
0
0
0
766
0
0
0
0
782
0
0
988
451
305
0
0
0
922
553
0
0
0
0
0
0
0
556
0
0
0
0
0
961
0
0
0
416
672
0
0
238
0
0
0
0
0
0
0
791
0
0
578
0
0
983
0
881
664
0
0
973
93
0
0
0
0
0
171
582
0
0
0
0
0
90
0
0
0
747
465
0
0
102
0
0
162
0
0
0
0
324
370
699
426
0
0
0
0
0
0
0
952
0
0
0
0
0
0
0
517
952
0
0
0
0
0
987
0
0
0
0
0
0
0
765
0
0
0
0
816
0
0
159
0
0
0
577
0
802
0
0
0
0
0
0
0
0
0
0
0
0
0
0
0
0
882
0
0
0
0
252
529
0
0
0
0
722
0
71
0
318
0
0
0
0
836
0
0
0
0
0
0
0
0
0
0
0
0
0
0
0
0
0
0
0
0
0
0
0
0
0
339
238
0
511
546
385
0
0
977
0
0
0
0
0
0
620
0
0
0
365
882
0
0
469
0
876
0
0
0
0
781
700
0
0
0
0
247
25
0
0
377
0
0
0
0
0
414
719
0
326
0
632
0
0
0
0
531
0
0
0
0
193
0
0
897
0
0
0
817
0
0
0
0
0
469
0
0
0
0
0
0
0
162
0
0
553
0
432
0
825
0
0
0
0
0
0
0
115
186
0
0
0
0
0
0
0
691
0
0
0
0
0
0
0
0
177
0
0
0
0
0
0
0
0
0
629
0
0
256
543
906
0
0
0
948
0
475
0
0
30
0
0
0
0
315
0
0
0
0
0
895
0
0
400
518
0
0
0
680
0
0
0
0
0
0
0
0
0
0
0
0
0
0
0
0
0
159
366
103
0
0
0
0
0
553
0
0
0
0
61
0
0
0
0
0
0
0
0
0
0
0
0
10
0
496
0
0
732
882
20
354
0
11
0
742
0
0
0
0
974
0
0
0
0
0
165
795
875
0
0
0
271
0
0
0
0
827
0
0
0
0
322
0
109
0
889
0
0
0
775
0
852
0
0
0
0
0
650
659
0
0
189
677
657
0
0
0
685
0
782
0
0
0
395
0
0
0
814
585
679
449
273
0
0
0
0
0
0
0
0
858
0
237
0
99
0
0
589
638
0
0
0
0
256
0
0
0
0
0
0
0
0
866
0
0
315
0
376
0
0
0
0
0
0
0
886
520
0
0
0
709
371
0
232
0
380
653
0
0
0
0
0
0
0
0
0
0
0
495
0
188
943
842
0
0
168
0
0
727
0
0
0
0
938
0
0
0
0
0
0
0
0
0
0
0
0
569
0
958
0
0
0
0
0
432
0
0
0
0
0
0
0
347
0
0
0
0
0
654
0
874
0
0
0
0
0
0
0
0
222
91
0
0
0
735
0
0
0
0
0
0
0
0
0
830
0
0
0
0
564
802
938
0
0
0
0
0
281
0
0
0
647
0
0
0
0
0
0
0
0
0
0
0
0
0
0
0
0
0
0
0
0
745
811
0
0
0
9
0
0
0
0
0
0
0
0
0
928
0
0
818
0
0
0
0
0
0
0
0
0
457
0
702
47
232
0
0
0
546
0
0
764
0
0
0
356
0
0
0
0
601
0
118
0
118
0
0
0
986
0
647
622
0
0
654
0
0
0
0
0
0
0
0
348
0
0
0
766
33
0
0
759
868
641
0
129
0
0
0
0
76
0
0
0
0
0
0
0
0
0
969
200
0
0
0
0
0
0
210
0
0
0
0
669
866
965
0
0
475
648
0
0
324
0
825
61
0
0
0
0
0
0
0
139
0
705
888
0
0
407
0
0
0
0
0
0
61
0
0
892
0
0
0
738
0
551
0
0
0
0
0
0
0
347
0
0
0
0
0
0
0
0
0
0
0
0
192
0
129
189
943
0
473
0
11
0
6
0
99
678
0
0
0
0
0
0
0
0
0
0
0
0
0
0
123
0
0
0
0
0
0
0
408
0
0
0
0
0
0
0
0
339
370
0
0
0
858
0
457
0
0
485
0
322
250
0
0
0
0
0
0
0
8
0
121
0
0
0
0
0
0
0
0
0
0
0
0
0
718
786
0
0
0
0
0
0
0
0
501
0
646
0
0
0
339
0
0
0
0
16
490
0
0
0
0
0
865
0
0
0
14
898
0
0
746
0
0
459
0
183
0
0
0
0
0
342
32
422
0
411
0
0
87
512
0
250
466
0
385
0
0
0
699
0
0
0
0
0
0
0
485
0
25
0
0
543
505
832
0
0
0
0
633
786
219
0
0
0
0
520
0
0
0
0
0
508
0
0
0
765
0
0
826
0
0
0
0
0
0
403
392
0
0
0
0
0
0
0
0
0
10
0
0
0
0
0
0
0
0
0
0
0
0
0
0
26
0
0
0
0
236
105
0
0
403
0
0
0
677
0
0
0
130
0
457
941
0
80
0
0
320
821
426
0
0
0
237
347
702
0
0
25
0
419
0
0
0
0
0
0
0
0
0
183
0
0
23
0
0
962
0
0
0
300
0
0
0
0
0
0
0
0
0
0
0
0
0
542
0
0
0
0
0
186
0
466
290
0
0
0
0
901
0
0
0
0
241
497
387
499
0
119
0
0
0
704
38
0
553
0
0
0
0
0
0
0
0
0
228
788
0
0
0
0
0
713
370
0
886
0
0
0
0
0
0
0
0
0
47
139
322
0
419
0
0
232
0
0
365
0
23
0
0
0
766
0
0
0
0
0
0
469
0
0
0
239
0
0
0
0
0
0
0
0
0
587
0
622
0
0
0
0
0
538
0
0
0
0
393
0
0
0
0
0
0
627
0
0
0
0
0
0
0
0
391
997
145
536
673
0
640
0
0
913
486
455
274
0
0
0
0
0
0
0
0
0
0
0
0
0
0
0
0
0
0
0
99
0
232
0
250
0
0
0
0
0
0
0
0
0
288
22
168
427
0
929
0
0
0
0
0
0
0
213
241
0
0
0
0
0
0
592
0
0
0
0
476
0
569
0
0
0
31
945
0
0
0
787
439
353
0
0
0
0
0
674
783
413
0
0
0
0
80
429
597
0
274
0
411
0
0
0
0
171
0
0
0
0
0
0
0
158
0
225
0
151
0
554
0
0
806
0
0
0
0
0
0
0
0
705
0
543
0
232
0
0
0
0
821
0
0
0
0
0
0
0
0
270
13
435
886
0
0
0
240
605
0
0
0
979
0
778
74
0
0
0
0
0
0
0
0
0
0
0
565
0
0
959
0
0
34
0
460
0
0
0
0
0
0
0
356
0
0
1000
0
0
0
0
0
0
674
0
556
928
0
756
0
287
378
0
0
0
0
645
104
0
0
0
698
0
0
0
0
0
0
0
0
0
0
888
0
505
0
0
0
0
0
914
282
253
492
0
0
750
0
259
0
0
0
627
825
0
0
0
0
304
725
0
970
0
0
0
649
0
0
0
0
101
0
39
0
852
0
0
0
540
866
0
884
573
0
0
0
929
967
0
168
0
0
0
0
0
0
0
833
0
0
807
0
610
0
964
0
135
0
105
0
0
153
0
0
0
0
0
0
0
472
0
0
0
0
0
0
0
115
0
589
0
0
0
0
832
0
0
0
0
914
0
285
0
741
922
23
111
0
0
0
0
0
0
0
0
618
0
0
863
259
0
0
0
0
0
777
0
0
547
0
0
0
635
0
0
0
595
798
0
0
589
776
876
666
640
530
0
0
0
0
915
0
0
0
0
0
0
206
0
0
339
0
417
502
147
0
787
0
0
0
0
0
0
0
0
838
0
781
364
0
0
0
0
0
0
0
0
186
0
638
654
546
0
0
0
0
365
0
821
282
285
0
0
0
0
0
0
785
0
0
0
0
0
568
0
0
0
0
221
0
0
0
71
0
0
777
0
0
0
0
0
0
317
0
0
0
0
0
0
0
0
0
527
0
0
0
0
0
233
796
0
0
0
0
497
0
0
0
0
0
355
717
0
0
719
96
929
0
0
0
0
0
0
0
845
0
0
0
0
0
825
8
0
0
0
0
0
0
0
0
0
0
407
0
0
0
0
0
0
253
0
0
0
0
700
0
0
584
0
438
783
0
0
0
0
0
0
0
0
0
0
0
0
0
0
0
0
206
972
463
368
0
298
0
219
0
0
617
0
0
0
873
0
0
0
0
274
0
0
0
346
0
410
0
912
0
0
0
0
0
0
333
0
0
479
0
0
0
0
399
0
427
0
0
0
750
0
0
0
0
0
0
0
431
0
952
339
0
0
0
874
0
0
0
0
0
23
288
0
492
741
0
0
0
0
119
0
0
105
60
804
753
0
60
0
0
173
817
0
527
466
474
351
0
0
0
522
0
0
0
217
692
622
667
0
0
0
0
0
82
0
0
0
0
0
0
0
0
0
0
0
0
0
0
842
669
132
0
0
0
516
0
0
0
0
0
0
0
0
0
0
430
239
61
861
0
0
13
948
0
940
0
0
893
0
0
238
0
0
0
0
764
0
0
0
0
0
22
0
0
922
0
700
0
0
216
0
0
0
0
456
0
0
721
0
742
0
240
556
0
0
204
0
360
0
0
0
915
0
0
0
0
864
0
0
0
0
0
184
0
475
316
466
0
0
0
901
0
863
0
582
180
0
0
0
0
0
841
29
0
0
0
0
0
0
0
0
475
236
0
0
0
0
477
0
0
0
0
0
0
0
0
0
145
766
0
0
0
10
0
0
0
0
8
633
0
0
168
0
0
23
0
0
119
216
0
518
0
0
551
823
744
0
0
516
0
0
0
0
0
0
0
685
0
0
0
0
0
0
0
0
0
824
0
0
0
0
0
0
0
645
0
906
560
0
139
0
0
0
0
0
0
0
0
0
0
0
0
0
164
0
920
0
0
0
0
760
0
0
0
0
354
0
0
0
0
0
0
0
139
788
0
0
0
0
0
511
0
0
256
0
0
0
0
786
183
0
427
0
750
111
0
0
0
0
518
0
587
0
0
0
879
919
401
0
627
0
0
0
0
0
300
0
0
277
730
0
397
0
794
0
897
0
0
0
0
868
77
0
0
0
0
0
499
0
0
0
0
0
23
0
849
0
0
859
0
0
0
0
0
0
0
701
156
0
0
911
0
968
0
0
0
0
0
0
0
0
0
0
0
0
235
0
0
0
0
546
0
496
0
0
0
0
121
219
0
766
0
0
0
0
785
584
0
0
0
587
0
0
0
0
0
0
0
0
0
732
0
567
0
0
0
0
0
0
0
302
628
0
51
0
0
0
837
382
548
0
0
0
0
0
0
0
0
0
937
0
0
342
0
0
0
0
293
0
0
0
0
0
725
0
0
225
656
0
0
0
0
638
0
305
0
209
0
0
983
309
0
0
0
0
0
0
112
0
0
385
0
0
0
0
356
0
0
0
0
0
929
0
259
0
0
0
105
0
0
0
0
0
0
0
0
0
182
0
859
657
298
0
0
0
942
984
0
664
0
0
0
988
243
0
0
0
0
508
825
0
0
0
0
0
0
0
385
0
0
0
0
814
0
94
0
454
69
0
0
0
0
868
0
732
0
0
0
955
0
0
0
0
0
0
0
0
0
0
515
0
645
0
0
679
936
92
0
0
0
0
691
0
0
0
0
61
0
0
23
0
0
0
0
0
0
438
60
0
551
0
0
0
0
0
250
0
0
0
0
0
0
0
20
0
0
513
0
0
0
529
0
0
0
127
0
784
0
238
0
0
0
0
0
21
0
0
0
0
0
170
53
0
908
0
0
0
0
952
0
0
530
0
0
0
0
0
0
568
0
803
0
0
0
0
495
0
0
0
108
0
778
131
517
0
0
0
0
782
0
0
0
732
0
0
0
0
0
0
0
0
0
270
0
0
0
783
804
456
823
0
0
0
0
0
0
0
0
0
466
0
0
571
0
0
0
673
248
0
0
0
0
912
584
0
0
186
0
830
0
0
0
0
114
618
0
587
0
0
746
0
107
0
0
146
0
0
0
0
0
551
0
0
0
0
0
0
0
395
0
0
0
0
0
0
0
0
0
0
0
596
0
679
0
0
0
232
0
0
517
977
0
882
0
0
0
0
0
0
0
0
0
13
0
0
0
0
753
0
744
879
0
0
250
0
0
0
0
0
0
0
0
0
851
0
0
0
0
0
649
708
0
102
0
874
745
0
398
0
0
472
0
0
0
0
227
994
0
0
0
343
0
0
0
0
630
2
232
0
0
185
0
82
769
0
0
0
0
0
0
978
0
0
926
0
0
0
0
0
0
0
0
0
0
0
804
33
878
0
952
0
0
20
0
222
0
892
0
520
962
0
0
435
627
0
0
0
0
0
0
919
0
0
0
0
0
0
0
0
0
8
0
0
0
0
943
0
0
0
0
0
411
0
0
0
0
0
0
0
0
432
439
0
0
0
0
0
0
0
0
0
0
0
0
0
0
0
0
0
0
0
0
0
345
0
0
980
0
0
0
182
0
0
0
0
0
0
0
0
0
263
743
0
0
704
215
439
0
988
0
0
0
354
0
91
601
0
0
0
0
0
0
886
825
0
568
0
60
721
0
401
0
182
0
0
0
0
0
0
344
0
0
0
0
0
773
0
0
6
906
0
0
0
109
0
294
0
468
0
0
447
0
0
0
0
290
0
254
0
197
0
0
0
0
0
0
517
0
0
918
0
437
661
0
820
0
297
91
0
0
0
116
433
0
0
0
0
0
0
828
0
352
0
500
544
0
0
0
451
0
0
0
0
0
0
0
0
0
0
0
469
0
0
0
0
0
0
0
0
516
0
0
0
0
0
0
0
0
0
0
0
0
0
0
0
0
0
0
0
0
0
0
0
605
672
0
0
0
0
824
0
145
0
0
0
0
0
397
0
348
0
0
0
690
0
0
619
50
482
332
0
0
731
817
957
0
369
0
0
0
546
333
0
0
0
0
0
211
722
0
0
0
0
0
0
797
897
0
305
0
0
0
11
866
0
118
0
0
0
0
0
0
0
0
618
0
0
0
742
0
627
0
859
0
466
0
0
344
0
0
618
0
0
0
0
615
0
0
0
498
0
0
0
427
0
0
0
855
0
0
0
0
121
0
0
0
0
0
0
570
0
0
0
0
0
0
272
0
159
904
148
30
0
0
0
969
0
0
233
0
436
0
0
0
530
0
0
0
799
0
0
0
0
0
0
0
0
364
0
0
0
0
0
0
0
0
738
0
0
300
0
213
0
0
0
0
0
173
0
0
0
732
657
0
0
0
8
0
0
618
0
0
0
0
0
740
0
0
0
933
0
10
0
958
556
0
0
0
0
0
653
0
0
0
0
0
0
0
734
309
575
0
2
83
0
0
0
0
0
0
298
327
0
0
0
0
0
0
0
0
0
0
0
411
0
0
0
0
0
138
0
0
0
0
0
0
167
223
0
0
0
0
742
0
735
118
0
0
0
0
0
241
240
0
0
0
0
817
240
0
0
0
298
0
0
0
0
0
0
0
0
0
0
0
818
0
939
0
0
0
0
0
975
0
0
125
0
764
489
0
0
920
0
0
0
309
0
0
696
380
398
0
0
0
0
323
0
0
0
416
0
272
0
0
354
0
0
0
72
0
0
0
0
262
0
0
0
427
886
0
428
0
0
0
0
0
0
0
0
987
620
177
0
315
0
0
551
0
508
0
239
0
605
304
863
221
0
0
556
0
0
567
0
0
571
0
0
0
0
0
0
0
0
0
0
0
0
0
694
489
0
0
244
465
0
0
0
0
494
0
0
894
0
291
0
0
0
0
328
0
0
0
0
0
0
0
0
0
0
717
818
0
289
0
0
0
69
0
0
0
0
0
0
0
0
0
199
0
972
0
0
0
0
0
53
0
84
943
922
0
0
0
0
0
0
0
0
0
0
0
0
0
0
725
259
0
0
527
0
0
0
0
0
20
0
851
0
0
0
0
0
0
0
0
6
0
0
0
0
0
0
0
0
0
0
0
0
0
0
0
0
0
0
0
174
0
616
0
0
0
0
0
0
0
242
631
0
0
0
0
0
0
0
841
0
0
0
0
0
0
0
280
0
0
0
0
302
0
367
0
0
0
0
0
146
561
0
34
553
0
0
0
0
376
0
0
0
0
0
0
0
0
0
0
0
0
0
466
0
0
0
0
0
0
0
0
0
0
0
0
0
818
0
6
0
