0
265
671
969
238
797
0
570
0
346
0
0
0
608
0
944
999
0
372
0
253
809
0
0
0
924
649
0
0
664
427
817
0
590
682
895
0
905
0
0
413
0
0
922
849
0
0
0
784
0
882
468
882
0
0
0
823
250
374
0
748
0
0
0
0
0
0
286
359
761
423
386
852
0
0
0
0
673
429
0
0
0
0
0
0
0
0
0
0
0
0
0
0
0
0
718
867
0
0
578
265
0
0
732
696
0
0
385
0
0
0
0
255
468
710
0
0
583
687
664
0
0
0
0
0
0
0
298
465
0
0
0
0
0
999
0
411
980
708
0
368
539
387
0
774
630
0
0
0
892
0
646
252
729
864
330
0
0
0
985
0
565
0
0
0
0
0
0
0
0
0
0
533
250
835
0
570
996
0
0
0
727
588
856
465
0
0
825
541
633
0
979
414
833
849
0
0
953
557
357
671
0
0
368
729
0
642
0
0
0
277
643
466
857
244
0
0
0
866
862
0
0
422
0
0
225
0
476
912
412
0
0
742
0
254
0
657
287
774
848
341
209
485
0
0
0
0
136
0
222
0
625
0
666
438
788
395
0
0
800
0
734
0
469
716
0
0
0
0
0
0
0
414
306
458
516
0
864
393
0
0
416
910
767
0
0
0
0
435
500
0
390
835
728
470
0
0
453
356
444
969
732
368
0
0
757
0
0
353
522
692
553
419
0
0
401
763
0
0
721
216
328
903
794
724
0
0
0
813
0
836
0
834
804
0
922
0
0
0
0
0
570
641
0
0
817
311
438
0
0
816
0
0
0
831
317
0
314
0
826
880
0
0
0
530
552
0
303
688
819
949
0
0
568
0
486
871
0
0
0
598
0
926
0
849
801
865
408
313
0
536
0
610
0
372
0
0
365
0
0
238
696
729
0
0
666
993
0
0
0
321
0
917
0
373
0
0
0
0
557
0
703
0
819
715
0
0
676
621
0
574
739
311
876
0
471
0
0
0
0
0
0
0
0
0
202
495
680
0
927
0
0
0
0
0
0
0
0
735
687
741
335
0
0
0
603
0
0
0
608
579
0
0
418
0
510
0
0
0
0
374
467
479
0
702
880
872
0
0
0
0
0
0
0
0
0
0
866
0
0
797
0
0
757
666
0
989
465
0
0
660
0
0
726
407
0
0
231
745
0
0
0
566
0
0
530
601
0
458
405
0
0
0
0
0
0
874
919
0
266
524
924
586
0
379
722
0
0
0
267
0
643
0
509
812
601
0
0
0
0
0
366
398
593
424
0
352
0
0
0
0
0
0
482
259
781
0
653
788
945
308
351
789
0
561
160
0
443
622
0
0
0
505
211
0
0
436
801
701
487
0
0
642
0
993
989
0
403
779
432
0
0
0
337
0
451
0
0
497
0
435
242
0
820
692
433
597
0
0
432
0
976
0
892
0
654
0
589
0
908
0
0
0
398
0
0
0
843
555
0
307
926
0
0
0
0
246
482
249
0
296
0
623
595
0
927
552
0
758
0
302
586
672
0
845
0
0
0
0
941
0
0
0
446
0
896
974
0
0
531
786
989
0
0
0
0
0
0
554
0
570
385
0
0
0
465
403
0
967
0
0
209
0
0
0
634
0
0
0
0
457
340
0
881
980
0
0
0
562
0
563
921
840
576
0
216
0
0
494
0
0
344
631
0
0
551
0
336
0
967
596
0
0
0
0
0
0
911
0
689
0
654
0
0
716
0
0
758
0
0
0
762
0
441
0
0
306
0
0
0
951
790
968
0
425
0
625
943
777
0
467
0
224
0
0
466
0
512
0
0
0
0
0
353
0
0
779
967
0
0
622
555
586
0
727
0
0
0
801
254
0
0
523
0
0
0
0
868
0
0
0
0
0
0
302
0
0
0
0
430
0
295
389
634
0
247
0
0
0
264
0
0
243
0
0
892
0
0
0
0
0
0
0
0
362
0
0
0
0
0
0
0
838
336
0
919
482
925
253
866
945
658
446
447
592
0
0
0
610
857
0
0
412
371
0
0
709
915
240
950
346
0
0
522
0
0
432
0
0
0
245
672
0
0
821
0
0
0
849
642
0
0
490
0
0
851
789
740
251
617
0
0
0
0
534
0
0
205
975
912
0
713
494
591
432
527
0
0
793
852
0
602
290
542
839
201
370
0
0
0
0
287
236
0
0
0
0
0
0
0
0
0
0
0
0
0
0
477
796
960
0
875
277
0
860
0
0
0
918
0
0
0
0
541
441
0
853
777
433
434
0
0
277
692
321
660
0
0
622
245
0
0
0
712
0
0
336
0
0
0
570
845
0
766
614
303
0
142
0
438
234
0
0
0
0
0
693
921
0
0
0
0
0
668
812
0
0
489
0
0
871
789
0
644
0
0
0
890
619
0
985
0
259
591
0
979
792
893
921
311
0
264
0
0
0
0
0
231
0
610
0
0
0
680
0
330
693
0
0
676
0
585
0
0
0
0
795
0
978
0
0
0
643
553
0
0
0
209
555
672
0
0
0
0
0
419
505
0
554
0
400
811
0
985
547
0
1000
0
0
688
478
829
0
209
917
359
618
915
172
0
0
0
0
780
537
0
365
775
552
0
724
342
899
0
0
0
737
733
650
0
394
0
505
905
0
362
0
0
356
669
283
0
523
0
961
0
0
783
440
411
0
0
0
745
0
442
811
0
0
879
709
462
0
366
0
0
248
0
394
0
0
255
466
419
917
0
0
0
586
0
0
0
0
0
0
913
0
0
0
0
796
0
0
0
0
0
565
0
0
821
0
999
0
0
815
418
990
800
0
451
920
0
0
874
692
0
0
961
606
0
0
268
0
281
0
0
827
850
966
0
371
0
596
0
0
593
500
0
398
920
874
925
992
0
839
0
0
644
368
699
0
0
0
266
0
709
0
0
0
970
291
0
0
0
0
300
0
0
0
641
608
468
857
0
0
726
337
0
0
0
712
0
0
0
601
864
0
0
0
310
576
949
532
467
265
0
0
587
723
0
629
215
605
703
0
0
0
0
669
0
0
808
443
0
0
977
0
0
0
771
356
0
0
0
362
0
0
277
616
878
0
345
0
0
942
604
0
218
696
985
459
615
0
570
0
354
0
0
0
0
705
539
718
0
977
999
522
708
961
0
0
0
809
0
976
609
0
0
0
0
0
710
244
0
373
407
0
0
727
821
0
0
0
601
0
0
638
0
0
0
0
0
0
0
0
0
231
0
0
950
709
429
0
391
453
998
0
0
0
0
764
0
0
316
571
0
309
0
667
0
952
442
209
436
0
0
0
479
633
0
722
0
216
347
0
709
0
579
315
487
533
0
0
0
910
0
0
494
0
752
0
0
0
522
0
0
901
0
0
732
341
901
0
890
0
359
287
0
0
825
944
0
0
401
0
0
451
634
0
0
0
419
913
864
0
0
0
410
275
579
0
0
485
0
0
0
408
447
215
0
0
0
507
0
346
0
872
869
270
672
733
270
677
0
314
653
0
0
435
0
0
0
0
0
0
425
842
0
0
0
0
0
711
823
561
0
0
0
0
0
0
0
0
302
539
727
949
956
614
927
629
388
236
852
0
0
0
926
486
0
0
0
380
642
859
0
929
753
400
0
999
0
0
763
0
0
0
0
0
0
336
505
0
0
638
0
0
618
0
0
0
0
913
0
0
365
0
0
0
778
0
0
973
0
384
0
574
0
0
883
0
0
857
803
0
0
0
0
491
883
0
0
526
719
756
900
797
0
0
0
0
0
0
987
777
0
402
0
0
0
0
0
0
534
777
0
0
687
0
509
0
607
0
555
355
0
0
908
400
657
0
434
802
765
265
0
453
0
0
0
0
583
0
0
0
231
0
0
0
0
0
0
0
0
0
410
618
0
264
0
473
791
0
879
740
816
814
0
0
442
0
0
0
0
0
663
974
0
0
224
0
0
0
218
639
0
793
276
237
0
813
979
489
586
0
0
0
739
569
0
480
0
0
400
0
0
334
464
797
626
693
367
393
0
0
0
0
0
397
684
0
0
0
251
0
856
283
0
0
0
652
532
0
825
0
0
971
0
0
848
372
687
866
0
0
745
497
0
801
849
0
554
0
0
0
275
0
264
0
0
0
0
327
306
621
0
0
692
418
0
1000
465
933
0
0
576
0
0
473
0
0
792
0
0
0
959
367
0
0
391
0
0
0
0
421
541
0
816
0
445
736
360
0
0
901
752
90
384
0
456
0
969
0
805
0
504
931
0
0
0
751
534
1000
0
905
486
240
636
720
0
296
0
272
0
474
693
0
641
0
0
0
664
862
721
557
0
0
0
254
642
0
0
0
310
0
579
0
0
0
0
0
0
0
490
263
302
724
0
0
368
437
0
0
684
0
0
849
0
0
0
342
0
0
583
477
0
762
0
854
0
470
236
0
591
0
0
543
384
417
0
666
0
298
935
0
352
462
857
0
701
850
309
213
0
0
0
0
887
986
0
0
0
0
0
0
0
0
0
0
900
0
0
0
474
0
595
925
0
674
554
253
0
0
216
0
0
435
457
0
0
570
400
796
576
0
0
0
473
0
0
0
0
535
0
0
440
255
0
0
0
0
0
266
0
468
0
0
776
765
905
225
0
0
0
0
0
0
0
0
336
0
332
528
603
0
500
286
0
0
0
0
828
761
635
402
0
231
0
0
0
0
0
0
290
497
0
0
499
0
457
0
0
965
0
727
0
0
587
0
982
0
359
288
355
0
0
601
0
308
859
809
0
0
328
703
0
242
340
0
0
845
811
0
949
0
0
0
791
0
0
0
0
235
0
0
0
406
0
574
676
0
0
267
0
903
0
958
898
0
389
961
0
226
0
747
625
0
0
0
778
0
325
0
272
735
981
0
0
0
696
0
0
366
383
478
0
0
0
0
0
0
0
347
264
329
642
653
0
0
0
0
366
0
740
660
0
0
454
706
0
0
0
0
483
0
0
203
437
289
0
0
0
422
903
0
566
0
0
523
490
0
0
0
532
0
485
913
0
327
0
535
235
0
0
749
0
316
0
0
794
0
345
0
560
758
640
398
214
0
0
0
0
0
0
200
0
826
302
0
0
794
245
0
386
0
0
394
458
840
0
0
0
915
0
0
338
738
908
968
0
928
0
0
0
685
0
0
899
910
388
0
0
0
243
0
907
605
0
0
520
562
512
0
0
0
870
566
0
0
811
0
0
0
794
819
0
820
881
0
0
766
985
0
467
0
0
0
879
306
490
0
0
0
0
0
0
777
311
697
870
0
0
481
0
392
0
866
321
0
0
268
842
696
496
909
534
0
0
761
394
0
206
955
0
761
0
0
0
0
0
0
277
384
516
521
0
888
0
0
0
0
0
771
0
303
862
681
229
564
661
931
993
0
833
0
0
0
207
662
656
0
320
0
0
0
0
0
940
0
337
0
0
0
724
715
0
692
980
0
0
614
547
0
265
0
0
0
740
621
263
0
0
749
0
0
362
236
0
0
0
0
0
680
0
733
0
661
364
836
0
618
990
0
442
0
840
0
0
0
0
0
996
282
0
458
0
245
0
0
0
0
592
0
466
821
0
968
0
0
0
0
0
0
948
0
480
301
0
0
571
0
288
904
746
730
0
0
204
293
0
0
293
773
767
563
0
901
914
0
0
924
0
225
0
0
530
433
0
0
851
303
0
0
0
0
0
365
816
0
302
440
0
0
0
362
0
0
0
0
0
0
421
0
737
0
816
0
0
588
0
0
374
843
0
0
0
859
0
0
255
299
0
0
0
668
0
0
572
722
394
0
941
0
0
833
0
0
619
249
367
760
268
0
841
0
980
336
0
0
0
529
291
351
0
0
802
648
796
0
0
431
0
859
0
477
344
0
514
0
0
649
0
0
0
0
601
597
0
0
789
0
1000
565
0
231
408
0
814
0
724
255
406
316
777
236
0
0
603
0
0
0
0
0
954
0
0
0
0
588
0
0
760
344
0
0
278
651
0
0
420
0
0
0
0
849
930
0
869
0
702
210
312
0
0
351
0
0
444
388
775
496
0
0
858
0
910
891
0
0
0
657
381
933
0
865
0
838
298
0
0
839
0
902
0
230
291
0
642
0
0
0
298
476
0
676
0
0
0
868
740
142
0
0
587
0
447
0
0
692
0
0
0
0
311
0
0
603
0
0
425
374
0
0
488
291
669
458
0
0
0
308
0
0
203
349
0
762
937
326
0
242
982
608
501
0
0
594
416
0
0
0
0
970
857
0
395
216
366
778
317
0
513
204
0
931
0
0
261
972
0
0
0
0
279
0
407
324
0
0
756
0
0
0
0
0
314
0
0
728
559
0
465
912
813
621
458
0
562
0
251
0
0
0
723
0
215
0
0
418
0
0
574
0
697
0
0
0
0
0
0
938
741
0
237
0
473
874
281
0
0
560
0
0
288
307
0
0
506
0
0
0
770
388
0
0
0
0
718
278
0
924
0
755
0
0
0
0
0
0
200
0
430
0
0
546
0
0
528
413
669
0
0
0
0
0
924
869
0
0
593
717
0
0
879
0
0
517
0
477
0
664
0
412
0
0
405
432
0
0
617
438
688
821
0
950
0
778
442
0
368
0
676
794
870
0
0
0
425
0
0
827
671
800
249
0
966
0
0
321
0
0
707
745
0
0
558
830
448
0
0
915
0
0
0
675
522
0
0
209
543
586
519
0
0
537
776
0
0
312
540
389
363
0
0
0
833
507
0
0
0
0
228
514
0
0
824
889
644
988
0
538
0
701
0
434
0
0
605
0
0
427
0
0
836
574
0
0
563
0
0
234
478
0
629
709
0
0
0
1000
437
0
0
0
0
0
0
0
374
938
827
0
0
500
0
0
0
594
209
288
0
510
457
697
0
0
372
0
0
0
0
0
617
0
298
0
470
872
0
0
328
0
337
0
608
802
0
0
0
0
0
0
0
467
0
269
652
932
538
426
259
0
0
442
0
770
0
0
609
0
815
0
0
991
0
898
0
479
884
675
745
817
0
0
0
739
0
976
921
0
0
0
829
999
215
429
0
0
0
465
0
0
0
345
0
0
421
0
0
741
671
0
0
691
0
0
0
517
0
0
0
539
716
453
594
302
213
0
0
761
0
0
862
622
606
754
494
0
0
0
240
0
0
0
553
0
0
316
0
0
0
0
0
403
929
728
640
462
559
554
414
273
541
858
0
631
0
0
611
759
0
0
422
0
0
735
0
0
0
850
258
0
0
742
834
311
0
0
840
0
0
0
0
0
605
0
507
973
0
933
0
266
267
0
481
680
0
0
0
0
800
500
691
0
538
0
0
323
995
0
260
311
0
0
0
630
0
0
669
630
0
674
645
826
0
0
0
567
490
0
0
0
0
0
0
0
484
754
325
726
625
968
0
0
0
682
0
0
282
972
989
0
0
0
0
0
531
0
0
0
783
934
524
135
604
0
0
0
0
0
414
590
0
0
804
876
0
892
576
0
0
0
209
0
703
391
0
0
0
0
684
0
0
560
0
0
737
954
488
237
249
0
0
538
0
606
0
930
0
664
0
601
739
637
967
543
533
0
0
0
508
0
0
363
0
0
0
386
0
0
0
0
600
650
876
744
0
568
0
0
0
0
0
713
517
248
744
917
223
752
206
636
0
963
560
529
0
0
233
0
0
0
792
329
648
703
0
621
645
808
0
682
999
254
0
0
0
0
0
302
534
0
917
815
0
453
346
384
0
0
0
468
903
758
392
733
0
0
291
0
0
0
0
0
606
0
918
0
0
358
0
162
444
0
0
0
838
726
602
0
516
827
0
0
0
463
0
0
429
0
536
0
0
0
0
384
824
0
725
510
0
524
416
0
752
0
846
0
0
0
0
433
992
466
0
0
918
295
531
313
0
592
0
471
0
0
665
0
258
0
0
895
0
0
922
471
0
654
216
0
0
0
359
418
0
998
0
0
663
576
0
0
0
640
0
0
816
0
669
473
966
0
0
0
0
918
0
512
0
0
824
403
273
719
585
260
737
0
0
0
886
0
0
262
848
361
0
721
0
0
217
0
0
670
427
850
0
825
0
0
0
0
0
0
0
439
0
791
464
0
641
420
538
0
0
860
67
0
677
766
844
0
0
854
0
0
0
872
394
0
0
0
411
657
0
0
874
0
0
0
0
693
618
990
0
0
872
574
974
0
849
0
958
398
866
661
0
0
458
874
0
594
517
323
930
0
512
0
0
236
0
0
765
805
0
0
824
951
260
0
285
902
0
0
0
737
271
0
537
229
655
332
448
0
0
273
0
0
391
525
597
206
998
0
0
0
471
367
0
0
0
1000
0
694
0
731
462
0
930
0
0
431
0
0
0
926
490
0
715
0
0
905
980
287
0
0
919
589
0
0
205
921
915
800
0
0
869
0
0
0
0
776
898
214
321
364
0
0
0
281
0
209
0
995
0
0
0
0
0
762
0
0
450
211
0
0
810
0
932
0
0
0
0
0
0
0
0
0
984
0
0
446
0
0
0
937
254
0
0
896
375
630
665
0
0
0
0
653
0
0
0
0
0
998
0
901
751
0
725
388
0
0
0
925
0
739
659
0
0
0
0
0
708
774
0
0
0
0
494
0
975
0
172
0
669
0
270
0
0
473
0
765
0
0
0
836
588
588
0
0
321
288
0
0
664
358
0
236
762
0
0
713
0
0
0
603
0
336
0
585
0
478
0
455
585
0
0
510
525
674
0
574
0
0
552
0
772
0
407
678
527
967
886
888
0
678
0
0
377
304
869
0
0
0
900
0
0
0
0
0
811
927
807
0
819
0
762
265
0
226
0
0
0
848
0
0
266
908
0
430
912
0
0
451
0
0
672
883
224
0
0
905
389
0
0
0
0
0
0
0
0
0
0
260
0
0
824
0
0
0
0
0
809
953
0
0
0
611
561
0
938
852
0
0
0
525
942
0
240
644
720
206
259
0
0
0
229
0
569
329
237
0
863
0
784
0
371
805
0
0
0
919
354
822
0
477
993
579
560
0
0
763
0
400
0
740
544
0
0
0
0
413
368
341
0
0
524
0
0
0
0
0
0
920
0
764
733
0
0
0
342
225
961
0
268
618
0
0
308
560
0
510
539
311
601
162
403
0
0
713
0
0
589
0
0
0
0
0
501
0
0
683
0
0
0
584
409
0
0
416
906
953
0
0
0
0
568
0
0
356
417
651
711
0
268
0
641
392
0
0
0
0
521
751
0
678
0
901
0
689
0
759
0
430
0
268
0
0
773
0
0
0
539
209
570
0
924
0
344
295
713
0
0
0
808
0
270
0
0
792
0
0
0
0
842
990
374
760
0
0
707
457
716
0
739
444
273
765
450
0
809
589
0
0
939
336
0
670
0
964
0
287
650
0
573
0
0
0
826
0
0
932
0
801
635
0
823
0
449
807
0
0
566
296
0
921
0
0
813
506
641
0
0
0
949
0
744
619
0
0
0
849
258
0
0
0
0
291
0
0
725
0
387
485
641
0
586
0
631
389
494
0
0
0
443
0
677
857
0
0
0
0
226
0
696
0
843
344
0
0
745
697
453
0
637
0
719
805
211
0
953
0
0
0
658
633
0
872
602
0
0
0
517
629
0
0
0
0
861
768
0
573
0
206
677
0
0
0
0
0
793
900
0
708
0
906
0
0
470
0
638
0
0
0
0
0
0
499
0
0
0
0
815
0
0
0
719
203
0
0
299
922
0
0
0
0
0
398
0
634
591
668
780
874
0
316
0
803
218
0
583
0
0
0
496
442
0
0
203
288
0
0
594
0
967
0
585
0
0
0
0
0
939
658
0
0
0
764
638
0
531
884
0
0
0
0
857
0
272
0
210
287
351
0
0
0
347
0
343
326
405
746
430
0
0
0
235
0
0
0
0
817
354
0
0
327
0
0
948
0
0
340
0
725
0
382
631
0
871
0
0
849
774
0
0
0
379
0
0
0
432
812
537
692
0
571
314
0
639
0
477
0
747
200
909
0
0
0
349
307
0
0
302
630
543
0
260
0
0
603
0
0
336
633
0
0
337
201
922
0
863
0
0
0
0
981
616
0
558
774
985
664
737
0
0
894
546
0
430
624
608
412
684
0
0
0
0
462
0
0
0
854
557
399
0
0
673
409
0
0
0
702
0
924
0
581
841
0
846
0
0
0
630
0
817
202
722
0
551
247
527
0
0
0
977
0
653
0
0
959
0
0
625
0
534
840
0
278
0
0
558
372
213
0
533
838
737
824
810
0
0
0
0
0
0
337
0
372
999
0
0
513
917
352
504
0
0
577
519
0
0
632
0
703
659
0
464
368
973
998
322
0
247
305
0
367
0
0
437
990
709
0
0
0
649
0
257
805
0
0
267
732
527
0
593
0
212
792
0
0
261
0
0
0
311
495
0
0
0
0
0
0
365
0
0
309
0
0
793
367
762
0
0
826
0
0
859
651
762
0
830
0
0
0
0
726
0
951
0
336
611
0
670
872
764
201
372
0
0
467
525
0
736
561
0
828
214
0
0
0
712
0
890
0
0
0
0
875
0
0
0
0
0
0
0
554
845
292
0
993
0
925
0
0
0
292
0
0
483
420
932
0
0
607
580
0
0
0
890
455
0
0
0
136
438
680
0
843
336
0
0
489
775
961
0
0
0
0
276
0
0
0
0
302
0
0
0
0
937
506
448
0
0
669
0
602
0
260
932
0
561
501
0
602
638
922
999
0
0
0
936
0
614
0
831
850
262
847
0
0
0
0
0
0
0
0
0
745
0
0
0
0
0
694
245
0
673
377
733
662
605
0
230
832
221
0
0
0
991
389
673
0
751
0
629
433
0
848
490
0
246
784
0
0
0
0
0
555
0
0
793
0
552
606
0
667
435
491
237
0
854
0
0
0
761
0
0
0
326
0
0
0
761
630
0
0
0
0
0
585
0
0
964
0
0
0
0
467
0
0
261
241
0
0
0
406
779
0
288
341
360
0
582
0
0
0
289
0
458
928
384
794
687
0
551
0
919
293
0
0
0
0
495
0
0
0
645
857
347
496
0
642
0
549
0
0
243
0
922
0
0
0
892
222
0
927
267
0
967
264
852
0
0
0
771
0
0
883
0
391
0
336
778
0
394
0
255
420
0
0
0
0
0
0
508
516
886
285
0
0
938
0
0
0
531
863
0
525
936
261
0
0
275
0
294
0
0
921
670
477
0
224
0
0
234
0
0
904
0
265
689
0
768
525
0
250
0
0
565
749
614
0
0
0
0
0
0
0
0
0
502
687
497
0
758
0
949
298
0
0
753
882
0
0
816
0
0
307
596
0
0
871
724
0
356
952
0
0
813
0
470
0
0
794
0
0
299
0
242
0
915
0
0
674
0
827
0
902
0
478
852
683
287
0
884
0
513
0
0
241
0
0
464
0
210
266
0
789
0
0
374
0
385
0
589
0
0
732
0
0
0
0
0
621
303
449
691
0
0
0
440
905
900
670
574
378
0
0
308
0
0
0
829
988
0
0
0
0
0
828
424
468
646
625
0
0
643
926
0
0
602
789
342
268
0
442
0
0
979
0
236
332
325
245
206
996
0
0
982
770
0
617
862
645
0
0
0
0
0
0
0
0
650
517
0
0
917
736
614
0
275
464
0
0
0
643
0
0
517
754
0
614
858
0
0
0
0
0
843
720
0
0
304
0
923
0
665
383
0
0
109
0
431
602
0
0
239
0
360
0
0
267
0
0
0
605
990
0
932
0
0
882
252
0
0
0
0
0
0
243
290
0
899
0
0
209
0
526
489
0
0
528
0
0
955
282
0
0
608
388
0
0
622
826
363
0
262
0
0
455
0
0
0
629
0
0
352
561
0
0
0
0
0
0
0
807
696
0
464
965
567
653
492
0
0
318
0
0
970
0
279
570
298
0
954
0
722
512
0
0
0
0
746
0
0
895
803
515
0
0
0
483
0
871
0
878
568
0
286
0
0
0
729
666
0
0
509
0
0
0
542
644
0
281
0
436
0
719
586
0
591
603
272
386
0
0
0
0
501
0
0
298
606
0
0
0
848
0
0
585
0
0
573
0
0
0
504
0
831
0
294
210
0
0
0
334
660
0
227
633
0
606
600
0
0
579
665
0
0
899
0
0
0
0
474
0
0
991
0
0
0
893
0
505
0
731
935
0
811
0
0
910
0
900
0
943
714
0
484
0
0
0
864
438
831
0
812
0
0
0
839
0
0
0
362
0
0
756
0
421
0
0
735
0
761
458
668
849
0
0
675
0
754
0
0
463
361
737
0
0
525
584
0
0
0
981
0
828
850
406
0
266
643
807
334
0
0
969
511
0
0
0
0
862
236
0
0
0
575
0
585
0
375
0
0
876
0
0
0
448
346
0
63
0
734
0
900
509
0
0
297
724
657
0
242
0
569
704
0
332
681
0
330
788
317
0
601
0
0
892
201
0
0
0
0
0
425
900
0
541
0
500
981
0
0
0
0
930
0
0
522
470
494
0
0
0
0
271
0
0
942
409
0
0
857
616
0
214
262
779
0
0
0
696
660
0
0
258
0
645
0
688
0
404
544
0
661
500
207
0
624
0
650
892
0
498
0
0
884
569
0
0
0
0
984
0
337
374
0
0
262
486
0
0
0
0
201
282
0
384
383
823
0
395
0
0
0
246
0
0
370
0
737
827
0
0
842
797
0
0
543
286
0
394
0
245
0
0
594
0
0
872
0
567
386
0
721
0
0
510
0
0
0
0
0
0
577
0
847
0
921
789
0
0
0
969
258
0
0
997
972
0
319
0
0
265
852
0
450
0
0
0
521
0
285
0
0
769
177
0
0
605
834
696
0
0
963
972
0
351
0
605
0
0
0
0
443
0
366
0
0
250
0
0
314
0
0
482
911
0
0
890
733
850
277
479
0
0
739
816
384
0
0
458
0
0
572
869
416
718
0
0
0
490
0
429
0
537
984
525
240
0
826
861
272
558
519
0
0
288
670
0
517
464
227
511
0
0
0
0
238
0
0
282
0
310
0
275
0
0
0
0
0
956
694
937
686
0
845
0
872
246
0
810
219
0
0
0
768
601
744
0
749
0
0
0
0
394
0
235
608
374
0
0
0
735
0
249
0
0
0
619
650
966
616
633
0
0
569
0
417
0
0
840
0
0
722
0
0
278
209
0
0
0
0
0
0
229
0
674
644
416
0
768
0
774
0
0
0
341
477
0
754
965
633
0
645
997
0
0
0
0
981
498
541
998
0
609
0
0
0
0
0
586
687
609
0
472
969
834
675
604
224
639
544
0
0
0
691
0
925
0
873
0
940
0
0
475
656
0
635
0
985
800
826
687
0
0
689
0
0
0
0
0
878
0
0
0
0
445
0
0
696
0
0
0
394
702
0
0
543
328
240
0
0
536
217
655
0
0
720
906
0
0
210
985
0
712
0
360
0
374
0
567
0
0
0
972
238
0
0
225
0
419
917
0
458
241
735
267
0
811
785
420
0
279
0
0
0
0
740
0
0
0
0
0
0
0
0
0
0
0
0
0
681
0
0
829
0
0
0
748
0
0
880
741
0
296
0
0
0
985
394
371
0
722
0
0
480
736
666
0
0
0
0
0
0
210
0
924
586
0
0
0
0
0
0
332
446
574
206
953
932
573
287
664
632
0
0
0
224
0
614
653
606
0
688
0
0
0
225
0
633
289
202
653
0
0
0
0
0
0
0
939
953
855
0
0
722
962
555
914
958
789
281
813
0
0
885
440
337
0
530
0
327
0
0
212
463
593
546
0
565
734
0
335
366
0
654
0
287
0
0
0
345
0
0
0
0
360
0
828
0
0
277
592
941
312
0
0
519
337
0
0
600
0
0
448
0
0
259
0
0
0
351
737
0
890
0
582
0
385
858
492
600
0
0
319
0
981
0
633
0
485
667
0
819
756
827
302
0
0
783
481
0
0
0
0
0
251
0
0
0
0
354
0
0
928
0
0
870
704
883
0
954
0
398
229
0
471
268
0
0
0
0
0
398
623
0
0
236
259
505
596
0
216
711
0
0
0
298
761
366
915
384
0
0
0
970
755
0
0
0
0
650
0
670
0
0
0
0
0
801
206
0
0
703
0
0
0
0
0
0
0
0
862
404
0
282
498
419
289
485
0
0
677
776
0
572
702
850
0
0
0
979
0
295
210
0
0
0
516
0
370
0
0
984
0
505
286
0
227
0
733
0
835
0
0
286
0
0
0
0
469
0
0
593
595
0
0
0
591
905
0
0
347
823
987
400
0
935
635
383
0
516
466
0
0
857
0
0
608
553
0
876
0
427
0
0
552
0
0
635
677
0
0
659
0
0
0
234
589
0
0
0
236
544
0
0
541
917
202
667
0
0
869
255
0
360
0
932
353
764
0
0
0
896
599
0
0
0
747
738
853
0
0
983
647
455
783
0
433
107
980
0
657
0
0
611
0
0
0
0
716
530
0
424
0
716
362
0
0
0
0
942
0
561
777
0
901
0
402
478
0
521
821
833
351
0
0
537
802
0
0
744
384
850
273
937
0
0
0
0
0
0
894
0
0
0
0
0
0
0
318
579
0
0
265
310
998
0
653
0
677
869
0
0
416
429
750
223
499
941
586
0
533
0
0
0
809
0
0
0
0
0
0
493
518
0
0
466
0
631
0
0
0
0
377
0
0
0
0
0
0
552
603
0
927
0
0
0
979
362
593
604
709
0
0
0
752
352
0
0
338
0
0
0
0
395
0
776
0
0
484
0
824
0
0
254
772
229
568
823
0
347
546
464
0
0
289
0
0
0
0
665
0
661
852
0
0
458
0
819
776
255
0
0
204
0
0
0
0
0
0
0
525
971
802
0
0
0
0
618
0
960
305
0
0
516
227
910
0
977
0
484
299
0
935
870
0
349
0
0
0
0
0
352
552
0
0
0
792
0
500
0
0
0
402
334
90
462
231
0
738
888
968
0
0
216
0
0
0
316
754
568
0
825
0
0
0
0
0
0
0
0
0
368
875
745
0
904
732
0
0
0
0
500
0
275
609
241
0
756
0
0
416
204
0
663
974
919
532
608
0
882
0
0
972
0
0
0
871
841
0
0
499
480
285
561
0
0
968
0
633
0
0
0
0
0
0
0
286
0
0
303
0
0
0
758
0
0
893
0
0
218
579
0
0
464
384
857
0
0
908
0
0
619
444
366
0
0
0
0
325
0
725
0
391
0
407
569
0
449
0
343
430
973
0
0
458
0
0
843
970
0
575
207
450
0
0
735
0
827
572
360
429
0
663
0
0
0
0
0
486
747
653
371
382
0
228
659
613
550
489
852
0
0
0
749
0
970
0
0
0
337
449
0
904
865
840
489
359
0
0
688
0
0
758
0
0
0
921
356
398
696
315
0
0
797
0
0
0
0
968
0
0
249
388
778
0
312
0
0
726
0
510
0
525
896
678
329
356
807
0
326
624
998
0
0
928
265
0
720
0
899
0
0
0
0
0
267
0
302
702
0
750
0
974
0
0
0
0
0
546
0
0
338
886
538
0
885
339
839
0
0
938
0
0
629
0
0
0
345
0
889
0
0
350
853
508
215
761
0
0
819
608
0
0
0
0
0
311
669
920
985
487
0
0
626
456
701
0
0
0
0
0
367
775
317
200
540
0
0
625
0
0
0
597
375
527
237
417
0
793
405
608
322
0
0
384
689
0
0
279
0
585
624
0
0
0
0
0
0
850
932
223
0
919
0
0
0
0
0
235
588
256
861
0
0
629
0
0
0
0
240
873
0
0
0
0
669
0
470
854
579
617
0
632
0
501
684
423
0
0
949
579
0
302
0
0
0
0
283
874
459
533
0
0
693
0
850
0
0
928
0
0
760
496
0
0
389
0
0
968
0
524
0
206
630
967
0
651
0
900
746
412
0
0
0
794
0
0
0
570
0
0
0
0
0
0
811
0
0
0
353
499
0
532
0
0
0
0
0
0
355
0
611
0
0
671
752
814
873
0
282
623
0
0
0
567
371
0
0
837
442
0
0
0
704
437
0
386
0
0
0
0
0
586
762
0
0
264
0
925
615
0
0
0
367
969
309
0
0
0
0
0
268
0
513
430
363
0
0
0
0
416
0
998
665
886
863
711
566
0
430
684
247
0
0
687
768
0
304
298
0
375
650
521
0
0
785
0
783
0
764
941
0
608
0
0
0
0
0
0
0
866
640
921
0
724
890
0
0
512
538
773
0
0
0
0
0
0
989
825
959
927
0
607
0
492
684
852
533
414
0
0
0
672
0
838
0
0
523
992
0
0
0
0
393
0
213
0
347
0
771
0
0
0
204
0
0
467
403
0
713
0
0
0
0
888
0
0
296
708
0
0
305
0
694
0
525
621
0
0
0
0
892
0
956
586
420
939
481
0
0
586
0
0
486
546
235
0
0
0
858
0
747
0
0
0
0
0
371
586
0
290
0
300
611
0
0
425
0
245
0
0
722
0
0
0
0
0
250
306
568
418
482
0
441
336
0
0
0
0
570
0
302
534
0
805
0
290
264
0
0
948
841
858
0
0
0
0
929
0
517
752
0
0
0
0
784
268
0
0
0
0
0
0
245
551
0
303
923
954
474
0
0
285
694
687
0
953
0
979
0
0
0
882
747
0
588
355
0
858
0
273
0
0
701
0
311
0
0
0
0
0
916
480
0
0
734
308
408
0
608
0
673
755
0
448
414
0
835
458
0
0
259
845
0
0
0
0
961
839
0
910
539
777
0
0
0
497
329
685
303
0
0
0
931
546
0
269
728
682
248
0
439
0
0
678
0
0
921
906
0
0
367
554
0
0
250
449
0
0
0
876
498
0
937
609
279
855
0
0
0
533
525
0
653
0
256
0
866
0
273
0
222
0
0
0
0
0
539
979
0
239
0
748
0
448
0
472
0
446
0
0
773
0
947
0
0
0
0
516
486
510
781
0
0
919
0
0
0
0
354
0
727
0
0
504
0
0
642
0
862
480
980
910
0
0
833
652
640
0
744
846
0
471
0
0
371
641
0
0
235
0
0
845
673
919
0
691
665
722
0
0
0
0
686
0
0
0
0
295
896
0
971
0
371
338
861
611
640
747
0
222
0
0
358
0
896
0
0
0
0
0
512
387
0
0
703
0
553
0
0
0
0
299
0
540
603
0
570
0
871
0
0
0
306
482
0
0
0
0
0
0
949
0
0
931
0
0
653
0
681
301
336
891
0
0
507
932
462
0
917
0
791
367
653
0
805
392
0
0
0
462
0
292
377
293
0
0
383
512
991
0
0
769
0
472
0
0
0
210
599
0
802
972
382
886
0
0
921
0
0
0
0
0
424
397
506
0
0
0
254
0
904
0
0
0
0
798
759
0
227
0
0
352
0
207
294
673
996
864
0
0
653
0
0
925
477
231
783
644
0
494
956
687
0
0
887
499
0
899
229
0
0
0
261
528
0
538
559
282
223
0
464
0
0
377
0
0
813
470
0
0
437
0
733
0
565
0
0
0
0
0
884
177
845
969
0
722
0
0
0
0
0
0
0
538
0
0
0
0
701
0
358
424
0
0
0
279
489
0
0
604
0
0
360
0
0
919
0
0
0
884
0
0
341
0
0
429
0
393
0
0
788
0
0
253
796
0
440
368
0
0
614
0
397
0
986
0
0
910
564
0
0
0
972
413
0
426
554
972
752
0
0
0
0
304
0
0
506
0
0
0
990
993
662
0
749
0
0
0
0
448
569
0
0
834
0
962
251
0
0
809
0
0
228
0
629
671
724
0
0
0
0
397
0
0
0
0
389
913
0
0
0
462
795
0
0
577
0
714
0
0
732
0
536
0
0
0
0
0
0
0
945
941
0
866
960
610
411
699
0
752
927
509
684
0
0
457
0
388
661
571
0
0
0
669
0
259
414
989
206
0
641
0
0
869
0
0
641
638
0
0
709
0
605
0
614
440
109
0
0
346
0
0
872
675
740
555
0
0
0
0
0
0
659
885
0
752
890
0
311
0
896
506
0
0
0
650
202
818
0
400
709
799
879
260
0
981
0
532
0
319
710
0
256
0
0
0
0
0
598
374
308
0
951
945
0
0
0
0
705
0
629
0
0
751
0
0
0
0
931
0
529
657
0
0
0
0
273
0
636
433
420
1000
0
0
919
0
0
0
817
854
0
925
0
0
0
905
0
0
893
0
0
605
246
604
0
914
0
516
747
0
0
871
613
339
0
814
0
0
0
0
0
0
279
0
650
0
0
0
439
0
861
0
0
0
501
964
347
0
381
0
0
312
0
0
915
0
727
416
0
467
351
0
790
658
875
0
0
0
539
0
388
607
0
534
0
0
366
0
993
288
291
381
0
0
228
0
541
0
0
992
538
0
0
0
354
521
0
0
354
557
0
0
230
495
0
900
431
746
0
63
0
834
0
224
0
958
0
0
738
0
618
841
550
839
0
873
0
371
0
539
0
0
489
389
202
0
0
0
682
0
0
606
0
0
0
0
368
0
0
0
0
267
0
914
0
0
588
910
926
479
789
0
968
446
277
0
0
0
718
0
236
0
0
1000
0
965
0
0
0
904
351
933
0
0
514
442
858
0
963
466
0
694
998
0
822
751
0
0
0
399
0
0
832
0
0
670
602
0
505
0
0
696
810
639
0
789
0
370
853
0
0
0
489
0
0
0
512
586
0
979
0
0
0
913
818
0
0
0
805
0
941
953
0
0
950
0
520
0
831
0
0
846
0
501
0
0
856
767
0
0
0
446
0
447
0
680
745
266
0
522
852
555
251
0
0
0
740
243
833
746
0
0
279
0
0
0
0
0
560
0
0
0
0
900
0
0
949
0
0
0
649
0
221
0
0
574
0
0
0
734
984
0
219
544
0
281
354
0
0
0
960
0
852
0
240
282
538
0
0
0
0
254
0
0
0
439
682
805
0
869
486
0
359
959
0
533
0
681
0
0
0
0
673
0
0
0
465
0
849
702
561
0
425
592
860
0
0
0
977
0
0
355
0
905
0
727
660
0
0
730
0
865
0
0
0
770
631
0
529
0
860
731
901
0
477
678
0
0
327
0
0
292
0
0
0
378
0
895
731
0
0
0
0
0
0
813
0
0
0
0
305
499
0
938
873
623
773
290
0
239
0
0
604
0
400
0
0
0
869
0
0
201
0
0
326
211
0
0
0
0
202
604
0
0
0
0
0
0
801
880
160
896
0
0
0
330
442
709
999
0
0
0
856
486
0
0
0
907
0
0
802
0
407
924
824
0
0
531
0
918
67
462
751
0
993
0
744
0
0
673
257
0
0
645
0
0
239
803
935
900
337
963
0
0
0
0
0
984
983
493
0
480
0
0
0
0
0
0
916
0
512
904
0
0
709
861
0
941
486
0
0
0
0
0
689
0
867
575
0
0
0
0
857
714
597
0
0
0
865
872
0
974
625
0
0
693
811
0
522
901
0
0
283
240
0
0
0
605
0
0
648
838
324
869
889
0
0
0
0
295
0
0
0
0
579
901
619
499
0
409
805
0
0
857
0
0
0
515
0
509
374
972
0
0
0
0
928
0
647
518
0
285
0
0
0
0
0
300
480
748
387
0
0
462
799
0
606
953
0
201
0
0
596
951
468
0
0
282
427
0
0
327
926
324
795
0
825
0
408
0
443
0
943
0
0
0
0
0
708
0
926
908
0
636
0
587
454
0
207
204
796
298
0
0
644
609
611
0
233
531
677
930
725
0
560
0
0
0
948
0
0
483
991
347
0
308
360
0
811
0
0
0
768
691
0
885
0
505
455
0
516
561
749
629
0
0
0
611
0
0
0
0
360
795
879
0
0
0
359
0
0
596
0
0
257
0
935
0
481
0
0
470
0
0
0
0
541
435
313
0
622
0
777
610
918
0
0
0
961
0
486
400
0
720
0
0
706
0
662
293
0
0
0
0
988
0
759
0
0
313
766
0
388
0
0
689
0
0
0
0
0
420
389
496
0
0
0
0
0
0
0
351
601
0
0
440
0
286
783
0
227
0
0
0
0
567
0
0
0
448
0
0
0
0
260
0
0
0
959
0
0
951
0
0
0
562
207
0
0
0
533
0
0
281
502
0
633
500
0
0
0
531
0
857
0
676
879
970
0
732
0
657
0
0
900
982
0
520
656
0
0
0
756
593
0
815
0
783
0
0
844
0
0
811
0
0
0
0
0
0
267
932
673
0
502
0
0
0
0
297
262
0
744
925
0
337
870
0
0
466
910
0
970
0
669
371
0
0
734
0
703
0
0
0
0
501
0
950
0
326
689
468
257
0
0
0
0
0
0
832
634
0
595
0
0
0
0
0
536
0
0
786
467
0
0
0
709
291
0
341
0
0
652
296
0
0
0
562
0
0
431
839
0
717
538
0
0
934
0
592
0
431
0
927
763
759
849
0
340
702
732
0
0
642
687
0
267
483
910
724
486
605
0
0
0
0
704
227
433
0
0
968
0
0
0
0
0
425
308
472
0
798
919
577
981
964
0
0
533
211
0
0
0
562
0
0
491
252
0
387
0
0
663
443
375
0
979
390
0
0
0
989
0
0
0
585
462
0
0
901
0
434
532
0
0
359
0
512
320
293
0
0
0
0
0
0
422
524
792
0
0
0
0
807
0
0
258
815
0
0
527
0
751
0
497
829
0
0
0
657
0
0
749
873
0
530
883
0
107
631
977
0
0
345
470
0
989
0
408
0
553
759
0
0
0
347
368
520
0
0
867
0
935
207
0
491
0
936
0
365
215
0
0
0
0
0
414
835
610
0
505
0
224
412
0
0
0
0
809
0
380
802
0
272
0
288
0
0
0
773
859
902
0
0
701
991
0
135
329
471
854
0
925
0
400
430
0
0
725
924
0
607
0
549
0
988
0
871
900
0
0
0
0
0
0
0
0
733
980
0
0
633
0
0
854
837
825
245
0
446
0
0
0
714
532
0
0
0
681
0
575
282
0
0
0
252
936
0
506
0
355
0
0
802
266
0
833
728
0
0
211
0
0
371
541
0
366
0
0
890
642
765
825
0
474
355
483
0
0
767
0
0
0
879
0
0
0
604
648
0
0
0
0
819
0
0
0
0
0
0
593
580
629
0
758
0
0
0
0
242
0
0
0
940
681
327
954
0
0
0
484
0
337
889
579
442
959
0
608
0
0
227
0
0
0
381
0
831
0
0
0
427
481
0
0
0
0
506
0
0
850
0
586
0
0
0
849
470
372
0
0
0
0
0
441
0
0
0
976
0
859
265
0
474
0
0
0
0
0
563
477
230
0
0
434
898
735
0
703
0
0
926
739
0
740
268
0
0
382
581
0
0
433
0
0
0
605
878
943
0
0
0
0
0
0
0
0
835
657
0
299
0
449
0
617
0
927
0
0
0
0
0
884
0
319
0
0
0
0
0
0
0
0
0
832
387
365
0
0
0
0
274
0
0
777
718
0
0
0
0
0
0
466
0
0
0
0
300
609
359
0
0
0
693
595
0
0
870
0
0
344
291
314
0
0
0
0
0
0
665
0
490
659
762
544
0
0
719
631
841
212
0
0
243
949
0
990
568
714
569
201
443
0
0
0
0
398
0
0
0
0
0
0
0
0
0
0
722
673
773
0
0
0
732
710
0
0
0
0
202
0
0
0
533
634
0
215
355
850
0
0
443
0
515
694
867
0
0
0
0
436
0
0
709
853
795
248
0
0
287
929
453
971
0
925
601
203
566
0
901
0
0
0
517
0
479
0
0
621
0
872
0
0
265
0
0
291
203
0
0
792
0
848
0
298
0
0
0
0
704
282
0
394
475
829
212
229
0
0
377
935
0
904
350
632
0
607
0
755
0
299
352
0
0
0
312
267
846
0
604
0
327
470
0
0
0
0
0
0
274
443
0
0
0
0
0
953
453
365
866
801
0
512
915
777
0
0
0
0
0
753
0
0
641
0
0
437
0
940
914
514
642
0
0
605
884
0
0
645
258
394
715
0
0
0
773
0
0
871
846
0
890
490
922
0
0
932
286
484
0
0
366
0
656
0
463
0
286
611
0
870
0
865
853
0
704
0
0
0
947
0
0
341
536
256
0
0
0
673
0
857
926
0
0
595
663
0
0
586
0
0
0
0
943
0
0
557
356
0
0
701
554
0
240
433
978
394
0
0
0
400
0
0
0
674
308
289
0
0
0
0
0
728
477
0
675
850
0
808
0
0
0
0
226
0
0
0
0
0
0
0
455
0
0
0
828
0
0
0
332
384
0
235
0
0
593
471
0
0
0
0
0
840
508
501
437
492
0
448
0
540
207
0
0
0
0
914
501
0
0
714
324
0
281
0
443
0
802
0
0
515
0
943
0
0
578
357
444
0
0
487
0
0
950
434
0
0
641
0
825
0
0
848
0
554
859
0
811
337
0
0
0
559
0
0
745
258
414
0
0
0
0
0
0
0
0
725
299
0
0
261
0
246
0
753
424
0
0
0
681
383
0
608
635
0
546
268
0
0
0
349
0
489
215
684
0
684
0
414
0
603
294
0
0
0
915
0
0
0
0
597
795
0
502
0
375
0
266
0
777
694
0
0
0
0
