0
826
162
936
667
238
425
318
414
527
649
618
161
29
487
62
704
273
579
909
771
331
907
555
108
490
123
185
863
51
331
317
682
696
755
847
741
232
670
620
186
161
168
727
336
985
754
485
795
674
287
916
119
370
50
374
173
406
300
271
696
331
988
431
188
252
382
767
588
335
93
138
278
302
374
784
691
419
233
714
15
278
439
599
811
217
27
545
508
202
537
234
856
162
908
388
283
274
155
108
826
0
804
149
453
278
543
958
400
33
768
130
845
82
141
666
93
683
286
31
411
362
110
758
75
313
8
499
595
136
500
577
634
229
164
164
837
990
346
912
141
346
721
874
662
341
473
139
637
135
941
460
445
231
143
56
143
852
781
479
593
855
175
969
737
27
586
972
328
517
859
955
337
27
145
851
896
386
612
691
108
886
675
246
218
3
441
730
997
309
380
786
885
504
577
407
687
121
38
361
162
804
0
576
820
877
15
94
229
168
996
264
300
764
379
678
317
809
471
940
325
626
545
265
549
461
285
651
185
630
983
192
838
742
487
79
336
703
57
556
389
627
226
406
733
757
406
181
544
656
915
475
920
438
77
330
780
645
694
666
637
41
319
670
614
515
605
138
881
752
866
401
682
51
821
289
83
95
533
283
462
867
253
957
804
182
126
626
498
938
617
556
694
688
880
868
490
489
682
463
936
149
576
0
732
465
426
330
544
612
115
983
750
44
1
181
888
457
163
102
432
494
910
361
507
628
291
334
399
511
780
182
334
841
914
793
569
120
818
724
423
373
499
854
66
866
69
860
397
36
171
65
518
57
865
36
457
611
161
264
628
912
778
186
919
951
986
284
711
19
379
688
356
212
758
821
541
251
367
808
717
553
98
400
541
900
150
952
621
977
937
331
321
68
190
532
40
160
807
749
667
453
820
732
0
481
301
923
567
103
298
835
209
631
914
799
921
122
250
166
868
105
840
685
719
583
203
600
925
285
117
257
510
800
47
971
372
752
987
37
540
744
323
680
233
280
638
200
18
667
890
768
216
222
874
233
347
980
604
939
719
716
366
995
133
626
217
166
349
486
181
281
680
342
742
794
401
46
532
732
521
120
597
286
325
281
459
523
538
662
2
813
692
239
282
285
556
888
255
63
238
278
877
465
481
0
479
392
137
203
751
214
669
806
614
460
217
886
390
922
683
153
296
628
128
623
183
974
992
690
706
898
898
443
580
941
290
321
796
100
458
877
79
654
131
519
845
945
105
567
617
714
440
449
986
906
755
634
556
604
113
418
187
676
830
522
522
608
689
211
298
23
977
207
244
677
766
20
508
842
905
42
103
495
784
60
167
848
775
905
613
826
143
693
159
207
727
796
801
134
425
543
15
426
301
479
0
450
143
4
299
372
954
67
356
397
782
379
524
795
35
384
891
373
116
516
538
789
41
216
823
851
641
375
759
954
685
572
494
698
168
749
8
136
566
955
989
726
790
605
947
906
711
98
566
629
742
224
753
781
22
397
850
867
880
581
339
584
611
40
41
449
812
167
162
178
835
832
316
943
89
235
763
621
634
179
216
112
372
325
243
65
687
804
109
357
248
467
444
114
318
958
94
330
923
392
450
0
536
729
683
524
440
864
970
754
380
862
505
666
725
110
795
669
567
842
580
975
251
687
542
579
371
453
355
785
367
530
880
923
824
753
505
952
601
24
737
187
524
773
727
976
410
579
357
583
515
778
997
937
546
67
612
942
978
287
192
952
983
672
476
416
432
718
838
255
459
790
603
951
940
175
770
284
159
997
671
150
596
541
978
382
815
862
614
485
480
747
278
999
414
400
229
544
567
137
143
536
0
596
443
485
954
959
90
510
261
328
635
748
54
438
874
735
991
211
631
20
266
999
600
156
598
631
493
808
574
105
208
778
89
576
356
687
942
18
38
356
891
880
724
779
311
600
997
640
870
855
259
635
705
474
183
689
947
900
817
968
47
484
740
553
90
901
76
144
816
47
250
173
673
842
768
464
400
441
771
437
370
216
940
433
292
244
2
313
184
957
866
1
527
33
168
612
103
203
4
729
596
0
254
590
101
207
586
515
399
183
333
930
880
512
381
528
809
808
564
619
280
567
497
840
655
377
72
584
660
92
765
223
929
921
943
204
122
554
397
780
561
14
889
8
245
811
603
765
788
941
79
685
584
121
781
628
151
406
492
710
828
455
47
972
963
424
912
3
690
767
170
740
891
646
986
806
918
507
40
942
763
512
9
694
977
480
666
474
417
271
835
911
649
768
996
115
298
751
299
683
443
254
0
982
928
775
449
952
240
438
101
791
616
700
356
283
806
127
320
464
334
781
331
31
497
344
217
999
928
355
259
243
376
796
658
299
511
643
234
218
157
905
391
303
439
369
117
99
43
979
483
635
807
335
327
383
794
401
763
752
656
470
995
110
90
65
107
226
305
445
594
749
519
4
906
162
337
533
330
610
95
92
28
525
645
482
733
622
88
893
376
917
618
130
264
983
835
214
372
524
485
590
982
0
959
550
883
546
702
91
323
355
494
524
712
728
507
764
815
341
154
374
707
16
374
738
656
350
230
657
926
521
767
607
228
158
516
255
618
311
119
185
919
142
748
150
226
666
825
117
655
935
857
276
110
69
758
639
12
964
398
868
273
946
295
877
933
231
763
850
891
974
428
407
565
30
603
191
763
437
639
38
347
565
200
828
348
391
142
407
649
559
161
845
300
750
209
669
954
440
954
101
928
959
0
741
207
927
363
413
280
513
872
936
374
508
360
273
76
619
606
13
773
909
508
213
692
496
317
937
36
750
704
215
802
21
19
309
315
258
579
353
222
70
69
235
134
910
137
65
127
939
632
912
717
671
396
820
576
837
443
265
745
801
546
766
369
383
147
911
716
322
714
324
725
902
289
525
206
227
650
85
481
623
10
499
721
709
722
254
647
717
29
82
764
44
631
806
67
864
959
207
775
550
741
0
272
462
731
319
619
375
810
491
958
683
137
937
737
989
705
260
165
31
512
221
685
292
456
860
534
576
446
166
443
232
56
347
877
114
590
230
288
932
765
146
894
852
22
84
824
243
781
407
807
323
186
932
466
697
538
891
692
367
306
566
296
42
733
30
48
359
555
995
151
69
165
668
59
176
604
281
620
475
626
823
834
357
63
854
205
82
487
141
379
1
914
614
356
970
90
586
449
883
207
272
0
736
274
942
700
209
786
864
500
12
10
381
432
269
964
909
679
217
821
579
43
504
23
238
864
895
88
414
1
312
321
344
621
131
553
39
958
123
638
143
460
325
747
342
201
386
160
532
70
537
659
860
260
777
782
779
548
150
18
320
144
139
168
962
238
584
754
656
525
891
509
123
589
932
12
562
603
542
662
578
291
449
709
810
793
427
62
666
678
181
799
460
397
754
510
515
952
546
927
462
736
0
946
169
562
891
921
829
408
422
349
999
355
901
617
722
993
2
8
819
132
854
270
887
155
655
544
659
830
131
105
377
863
565
990
81
372
372
234
920
707
400
101
702
685
642
297
420
484
225
510
948
851
232
724
741
110
620
780
163
874
729
549
198
96
914
988
709
54
489
607
258
846
699
327
6
338
658
863
430
294
99
170
618
131
803
704
93
317
888
921
217
782
380
261
399
240
702
363
731
274
946
0
123
797
771
404
35
676
756
336
744
594
881
331
608
581
598
208
169
947
285
283
616
16
95
152
974
927
105
433
911
444
931
520
336
726
308
920
855
62
32
782
196
274
428
614
562
227
203
152
118
927
223
584
162
438
247
184
151
177
850
945
771
113
737
888
546
679
799
373
812
901
610
480
294
912
455
597
654
561
556
701
976
826
816
273
683
809
457
122
886
379
862
328
183
438
91
413
319
942
169
123
0
390
598
915
659
942
196
713
991
176
869
58
104
926
336
582
517
867
844
551
514
207
327
885
39
187
243
263
312
979
498
701
196
160
906
510
468
814
204
411
513
935
828
31
873
706
841
965
765
355
534
122
29
969
718
253
63
580
418
432
691
719
222
387
611
773
43
573
918
456
736
593
564
456
480
857
88
950
91
691
634
739
134
579
286
471
163
250
390
524
505
635
333
101
323
280
619
700
562
797
390
0
595
460
412
426
446
351
285
486
542
595
994
228
790
454
545
736
374
559
727
661
78
13
260
249
8
683
103
6
758
822
191
598
868
780
257
806
111
197
268
32
974
152
830
589
699
729
411
580
443
21
142
627
125
715
263
222
477
265
635
851
896
227
410
14
461
260
956
530
512
305
628
308
239
306
703
157
888
616
450
270
337
909
31
940
102
166
922
795
666
748
930
791
355
513
375
209
891
771
598
595
0
182
518
734
300
789
771
637
696
267
847
828
787
632
223
428
210
894
208
745
69
372
133
110
618
523
457
270
750
551
835
722
315
40
506
735
9
174
798
52
79
542
112
649
11
531
535
90
64
596
413
162
414
46
758
815
432
892
850
552
706
420
886
578
854
739
989
555
453
247
466
46
530
451
583
689
644
661
621
908
516
771
411
325
432
868
683
35
725
54
880
616
494
872
810
786
921
404
915
460
182
0
869
584
352
160
219
383
792
423
194
884
849
319
206
343
617
85
586
999
401
529
811
764
173
120
713
206
984
305
819
314
71
395
819
895
234
533
926
888
279
420
231
240
494
824
93
967
524
99
995
951
491
772
397
615
322
723
918
379
64
486
579
65
67
132
460
629
468
715
529
972
712
653
397
147
75
624
277
758
256
331
362
626
494
105
153
384
110
438
512
700
524
936
491
864
829
35
659
412
518
869
0
810
77
759
554
131
572
838
969
986
276
627
133
472
721
61
896
234
998
768
59
153
227
119
172
500
115
130
487
190
272
139
217
121
928
88
518
136
907
290
905
6
447
639
763
613
858
927
143
963
479
329
813
905
346
173
975
60
743
368
254
239
895
903
404
991
71
668
644
292
442
959
932
354
434
308
670
319
865
907
110
545
910
840
296
891
795
874
381
356
712
374
958
500
408
676
942
426
734
584
810
0
398
790
600
893
537
319
885
705
263
798
291
480
308
547
33
879
530
650
530
592
14
667
274
687
524
956
549
157
457
340
461
124
412
763
91
907
820
712
401
612
534
921
822
752
791
745
868
396
360
441
177
883
720
695
465
52
133
465
115
911
818
488
358
329
432
590
261
976
882
369
15
404
748
294
638
972
547
555
758
265
361
685
628
373
669
735
528
283
728
508
683
12
422
756
196
446
300
352
77
398
0
888
102
990
69
81
484
487
250
34
629
701
154
259
510
664
339
607
520
97
373
193
774
149
293
47
347
273
928
401
939
967
223
743
817
553
660
921
557
796
765
464
393
192
716
358
928
908
632
774
45
550
622
719
900
21
361
494
790
953
668
840
644
760
488
446
457
132
441
36
491
209
93
700
561
271
465
108
75
549
507
719
128
116
567
991
809
806
507
360
137
10
349
336
713
351
789
160
759
790
888
0
413
696
231
53
372
884
527
654
244
460
271
433
72
935
247
492
668
784
485
238
683
201
568
458
181
706
332
285
684
793
745
298
90
346
898
115
998
602
789
304
54
187
642
781
580
606
387
283
464
520
503
474
300
301
859
806
209
1
278
706
558
208
364
875
554
631
466
534
270
759
752
308
694
509
774
490
313
461
628
583
623
516
842
211
808
127
764
273
937
381
999
744
991
285
771
219
554
600
102
413
0
644
434
606
479
856
345
868
321
748
446
814
527
69
977
54
156
46
324
886
498
939
866
353
699
816
221
976
844
864
703
682
23
64
104
670
185
638
817
148
338
472
210
419
485
801
626
454
125
235
870
703
743
193
636
353
232
846
767
277
886
868
683
342
550
944
898
916
104
173
299
300
635
789
478
123
8
285
291
203
183
538
580
631
564
320
815
76
737
432
355
594
176
486
637
383
131
893
990
696
644
0
790
221
686
833
851
623
409
47
739
462
286
204
486
756
96
954
788
762
119
169
855
458
403
456
560
232
306
313
132
647
54
862
693
775
799
354
5
363
945
159
295
912
188
854
912
829
932
374
920
334
251
512
796
590
315
839
225
64
196
197
534
68
158
787
624
606
745
924
147
669
726
552
635
185
499
651
334
600
974
789
975
20
619
464
341
619
989
269
901
881
869
542
696
792
572
537
69
231
434
790
0
778
984
329
907
390
456
364
35
812
967
411
589
233
999
775
731
144
287
343
553
969
976
818
106
482
591
519
898
770
101
460
803
942
339
700
511
46
541
950
243
626
904
900
969
138
394
472
178
527
744
277
422
281
924
221
65
317
485
264
680
784
151
157
37
984
147
207
551
554
162
592
635
863
595
185
399
925
992
41
251
266
280
334
154
606
705
964
617
331
58
595
267
423
838
319
81
53
606
221
778
0
900
668
838
116
578
351
205
256
352
978
61
650
735
184
389
623
67
261
819
675
778
59
706
603
960
521
375
707
233
853
78
570
100
949
898
669
331
381
343
604
340
69
685
33
884
35
277
674
659
401
354
586
41
875
121
109
680
878
69
662
405
822
997
644
498
417
307
257
785
303
51
51
136
630
511
285
690
216
687
999
567
781
374
13
260
909
722
608
104
994
847
194
969
885
484
372
479
686
984
900
0
252
320
263
279
261
14
635
816
480
741
524
748
965
136
659
539
163
395
979
286
563
265
759
386
412
332
883
605
530
38
123
556
954
245
747
604
718
52
633
194
895
905
273
377
864
271
714
419
264
546
543
579
929
96
541
457
205
704
993
36
859
144
68
77
934
640
943
101
12
29
331
500
983
780
117
706
823
542
600
497
331
707
773
165
679
993
581
926
228
828
884
986
705
487
884
856
833
329
668
252
0
352
373
156
142
959
891
774
181
613
238
461
95
17
626
86
274
930
731
695
245
95
188
719
502
480
203
764
6
536
736
403
667
319
910
386
375
831
509
322
881
456
792
106
644
725
386
370
825
888
87
352
793
625
607
316
892
783
533
900
478
908
348
366
654
766
208
596
213
809
317
577
192
182
257
898
851
579
156
840
31
16
909
31
217
2
598
336
790
787
849
276
263
250
527
345
851
907
838
320
352
0
825
701
30
85
709
819
305
240
980
454
561
426
201
897
811
288
551
841
749
3
642
855
816
965
356
60
212
313
506
921
224
816
328
466
46
586
486
307
602
201
211
371
626
404
462
295
3
110
918
326
530
495
664
166
170
748
863
935
441
322
258
149
403
947
2
913
218
813
682
634
838
334
510
898
641
371
598
655
497
374
508
512
821
8
208
582
454
632
319
627
798
34
654
868
623
390
116
263
373
825
0
247
915
396
176
97
452
358
443
317
454
700
186
295
574
568
195
580
820
807
256
32
979
963
855
810
940
720
713
92
574
886
963
833
66
438
592
299
836
683
110
912
308
622
723
43
7
139
310
523
313
20
949
814
861
297
531
469
426
114
227
772
434
323
27
747
291
525
696
229
742
841
800
443
375
453
631
377
344
738
213
221
579
819
169
517
545
223
206
133
291
629
244
321
409
456
578
279
156
701
247
0
895
261
615
101
936
722
273
38
896
38
384
522
885
251
39
794
806
342
189
827
282
813
301
99
82
282
3
957
529
862
304
418
89
325
687
278
209
969
230
468
58
868
260
848
608
448
450
640
409
77
204
97
248
382
245
63
172
336
266
606
110
639
167
44
644
719
755
164
487
914
47
580
759
355
493
72
217
656
692
685
43
132
947
867
736
428
343
472
480
701
460
748
47
364
351
261
142
30
915
895
0
696
423
950
23
858
446
702
183
531
173
95
340
811
403
301
132
313
15
839
317
470
781
321
987
652
934
602
14
250
463
596
838
71
548
166
886
946
608
434
555
825
150
463
593
111
697
61
262
429
503
273
363
922
656
692
365
106
284
342
515
55
133
565
883
63
847
164
79
793
971
941
954
785
808
584
999
350
496
292
504
854
285
844
374
210
617
721
308
154
271
446
739
35
205
14
959
85
396
261
696
0
758
655
782
84
888
517
781
835
494
422
893
590
137
60
473
119
815
169
306
273
684
663
572
324
784
963
713
703
459
765
123
879
722
679
180
767
237
23
398
651
552
859
347
418
247
811
655
55
74
311
697
365
627
991
834
505
875
885
878
673
845
780
342
946
741
837
336
569
372
290
685
367
574
660
928
230
317
456
23
270
283
551
559
894
85
61
547
259
433
814
462
812
256
635
891
709
176
615
423
758
0
677
399
86
257
855
554
507
513
850
15
206
489
288
487
294
154
672
468
587
677
798
374
540
407
187
1
774
758
44
412
205
277
458
935
627
221
562
657
576
952
770
780
969
755
367
91
129
674
649
998
714
222
662
922
638
750
154
403
660
917
423
722
769
232
990
703
120
752
321
572
530
105
92
355
657
937
860
238
887
616
514
727
208
586
896
33
510
72
527
286
967
352
816
774
819
97
101
950
655
677
0
351
23
312
932
345
624
573
190
303
971
13
912
217
817
13
204
218
568
400
394
328
617
347
780
639
431
926
538
453
335
55
925
186
488
309
760
974
254
282
795
910
188
327
166
287
98
287
136
715
896
494
783
956
377
658
509
460
120
960
236
128
592
670
346
57
818
987
796
494
880
208
765
259
926
36
534
864
155
16
207
661
745
999
234
879
664
935
69
204
411
978
480
181
305
452
936
23
782
399
351
0
202
502
428
249
172
278
409
9
611
296
367
132
284
571
724
352
532
815
31
900
302
356
227
628
90
436
915
404
467
961
836
950
622
977
286
837
134
721
883
902
898
728
705
86
517
208
808
724
823
816
598
339
704
100
381
56
608
173
544
90
728
620
912
556
724
37
100
698
923
778
223
243
521
750
576
895
655
95
327
78
69
401
998
530
339
247
977
486
589
61
741
613
240
358
722
858
84
86
23
202
0
81
317
761
961
502
574
70
473
783
87
882
238
51
302
881
454
876
750
947
392
717
801
868
997
162
771
315
331
709
538
356
916
608
267
777
462
69
242
403
486
804
625
984
94
168
721
615
680
427
7
959
648
59
927
881
563
937
238
72
345
186
141
389
423
540
458
168
824
89
929
376
767
704
446
88
544
152
885
13
372
529
768
650
607
492
54
756
233
650
524
238
980
443
273
446
888
257
312
502
81
0
12
920
224
913
102
386
635
251
965
403
695
347
613
502
487
390
212
364
281
956
367
396
788
540
80
489
263
463
30
282
743
460
803
716
771
700
109
312
802
43
178
794
765
950
890
823
908
917
228
304
628
524
100
727
359
221
107
933
855
161
346
627
373
744
877
749
753
576
921
796
607
215
166
414
659
974
39
260
133
811
59
530
520
668
156
96
999
735
748
461
454
317
38
702
517
855
932
428
317
12
0
295
312
460
357
492
669
404
385
92
222
554
87
947
425
880
744
112
428
982
275
604
819
238
603
936
472
930
576
11
366
266
724
19
323
312
402
265
407
541
167
618
750
426
344
545
233
140
296
594
30
180
371
517
52
156
894
846
312
168
721
226
499
323
79
8
505
356
943
658
228
802
443
1
830
927
187
249
110
764
153
592
97
784
46
954
775
184
965
95
561
454
896
183
781
554
345
249
761
920
295
0
421
567
601
924
95
339
269
391
255
606
173
738
905
88
845
276
714
431
176
413
589
721
552
303
167
560
503
995
930
151
312
494
967
974
354
186
362
816
582
986
610
368
984
64
571
631
704
682
930
64
211
297
792
50
247
350
462
727
874
406
854
680
654
136
952
687
204
299
158
21
232
312
131
105
243
8
618
173
227
14
373
485
324
788
731
389
136
17
426
700
38
531
835
507
624
172
961
224
312
421
0
172
323
370
627
726
504
109
415
166
425
500
140
650
524
187
436
432
956
837
591
25
757
451
529
362
121
859
396
963
911
232
495
961
932
158
676
986
106
727
652
856
609
613
458
989
332
267
716
588
235
457
612
775
212
453
858
336
662
733
66
233
131
566
601
942
122
511
516
19
56
321
105
433
263
683
523
120
119
667
193
238
886
762
144
623
659
626
201
186
384
173
494
513
573
278
502
913
460
567
172
0
797
819
7
478
633
994
918
930
203
145
984
455
11
489
368
916
134
249
295
110
351
309
502
334
972
12
316
619
800
648
703
945
359
192
568
379
462
161
337
580
140
987
55
986
95
760
550
161
403
450
691
301
533
316
689
985
341
757
866
280
519
955
24
18
554
643
255
309
347
344
377
911
312
103
457
713
172
274
774
683
498
119
287
67
539
86
897
295
522
95
422
850
190
409
574
102
357
601
323
797
0
208
437
689
131
540
780
451
823
246
396
883
235
574
608
449
599
717
910
258
968
209
402
247
212
756
183
722
30
183
243
520
909
560
730
502
837
819
159
312
554
304
385
982
183
477
26
526
225
655
179
735
891
797
885
754
473
406
69
638
845
989
737
38
397
234
618
315
877
621
863
444
979
6
270
206
500
687
149
201
939
169
343
261
163
274
811
574
885
340
893
15
303
9
70
386
492
924
370
819
208
0
138
531
185
429
280
810
37
934
31
175
769
835
623
976
44
902
305
312
323
557
355
161
207
82
529
895
833
512
931
390
490
625
516
445
618
135
399
542
94
509
70
386
988
882
527
676
79
504
54
851
43
736
63
485
139
181
860
200
945
726
187
356
780
218
311
258
114
131
565
931
498
758
750
984
115
524
293
568
866
855
553
819
395
930
288
568
251
811
590
206
971
611
473
635
669
95
627
7
437
138
0
613
872
743
171
235
225
645
715
771
319
928
852
344
635
734
688
7
57
442
84
810
248
474
137
372
941
307
410
9
653
340
866
88
840
46
691
292
665
836
455
970
778
406
461
603
529
208
723
33
181
764
526
795
637
544
397
18
105
790
524
891
561
157
119
579
590
553
990
520
701
822
551
305
130
956
47
458
353
458
969
675
979
731
551
195
39
403
137
489
13
296
783
251
404
339
726
478
689
531
613
0
386
483
680
115
99
48
317
603
391
541
359
104
849
937
424
365
483
30
515
572
940
12
869
156
831
622
406
581
304
412
706
84
961
72
302
119
499
357
978
88
538
587
211
285
162
552
196
178
551
323
729
674
135
656
36
667
567
605
773
880
14
905
185
353
230
39
81
336
196
191
835
819
487
549
347
181
699
403
976
778
286
695
841
580
794
301
60
288
912
367
87
965
385
269
504
633
131
185
872
386
0
335
60
154
616
832
129
165
566
953
12
520
768
695
131
67
532
454
67
778
604
124
118
276
490
80
599
494
8
528
91
146
987
775
624
265
325
861
763
49
415
212
739
577
354
554
983
844
143
887
788
287
941
915
171
890
617
947
727
724
889
391
919
222
288
958
372
726
160
598
722
314
190
157
273
706
816
456
818
59
563
245
749
820
806
132
473
487
217
132
882
403
92
391
109
994
540
429
743
483
335
0
505
273
212
635
320
59
632
183
705
798
281
546
140
965
924
985
581
841
908
998
813
17
498
883
27
431
228
954
450
860
897
816
498
394
614
439
103
901
221
235
382
928
851
982
879
887
472
815
647
916
460
475
65
768
714
906
976
779
8
303
142
70
932
123
372
308
906
868
315
71
272
457
928
332
221
560
106
706
265
95
3
807
342
313
119
294
817
284
238
695
222
255
415
918
780
280
171
680
60
505
0
141
512
376
234
523
100
574
433
225
39
46
200
554
248
203
334
284
401
592
19
66
724
752
259
844
428
927
978
909
54
655
101
994
126
759
342
857
159
27
585
864
832
186
197
838
419
590
825
119
445
920
518
216
440
711
410
311
245
439
748
69
765
638
234
920
510
780
40
395
139
340
401
285
976
232
482
603
759
188
642
256
189
15
815
154
13
571
51
347
554
606
166
930
451
810
235
115
154
273
141
0
5
170
34
214
54
204
577
391
601
284
105
771
366
52
911
167
383
389
472
23
322
59
437
5
269
516
497
663
690
36
621
642
200
516
541
301
437
590
593
276
750
803
83
199
684
720
413
370
231
438
57
222
449
98
579
600
811
369
150
235
146
143
920
855
468
257
506
819
217
461
939
684
844
306
591
960
386
719
855
32
827
839
169
672
204
724
302
613
87
173
425
203
823
37
225
99
616
212
512
5
0
966
277
669
434
836
954
40
294
855
98
261
312
734
423
704
741
40
927
517
127
748
576
955
333
856
257
706
999
308
357
631
167
746
131
281
740
52
471
928
274
195
341
591
751
529
131
50
143
77
865
874
986
566
357
997
603
117
226
134
894
460
707
62
814
806
735
895
121
124
967
793
864
313
519
521
412
502
816
979
282
317
306
468
218
352
881
502
947
738
500
145
246
934
645
48
832
635
376
170
966
0
352
735
384
61
501
205
124
769
667
629
315
742
18
658
667
546
887
154
625
897
805
760
719
318
565
782
692
317
993
165
294
494
666
947
457
518
18
571
198
744
961
986
43
358
436
374
56
330
36
233
906
629
583
640
765
99
666
910
852
325
400
32
204
111
9
234
928
412
223
745
703
132
898
375
332
480
965
963
813
470
273
587
568
532
454
487
425
905
140
984
396
31
715
317
129
320
234
34
277
352
0
326
921
118
449
257
26
768
728
439
359
400
666
328
775
841
432
480
575
736
642
60
316
261
161
237
61
268
79
536
941
138
177
561
695
929
128
547
409
352
391
113
647
294
963
173
143
780
457
347
755
742
515
870
788
43
825
137
22
747
101
782
411
197
174
533
88
763
743
298
682
647
770
707
883
203
356
855
301
781
684
677
400
815
876
390
880
88
650
455
883
175
771
603
165
59
523
214
669
735
326
0
862
297
177
778
197
112
822
835
267
949
45
687
646
548
566
424
663
144
350
588
604
9
805
233
692
499
767
148
988
798
138
352
516
998
103
548
135
192
7
953
102
996
685
406
852
645
611
980
634
224
778
855
941
979
117
65
84
342
702
196
513
268
798
926
518
91
817
90
23
54
101
233
605
764
60
810
99
321
663
798
394
31
750
212
744
845
524
11
235
769
319
391
566
632
100
54
434
384
921
862
0
252
209
611
264
677
221
361
224
796
513
926
834
886
913
909
984
937
409
947
787
462
436
181
607
911
600
260
452
412
697
374
298
958
415
597
386
177
298
693
805
171
65
300
781
694
161
604
556
753
997
259
79
483
655
127
824
201
685
274
935
32
52
888
136
907
553
346
64
862
460
853
530
6
212
940
82
987
572
374
328
900
947
364
112
276
187
489
574
835
928
541
953
183
574
204
836
61
118
297
252
0
556
92
524
990
214
639
539
962
609
678
534
708
384
167
524
12
776
484
679
141
504
329
356
630
433
351
484
315
698
875
753
956
569
290
127
16
728
279
90
348
585
271
479
666
264
939
604
781
937
635
685
635
935
939
243
386
642
428
828
974
79
279
907
820
660
898
104
693
803
78
38
536
313
720
282
652
324
540
617
302
392
281
428
714
436
368
608
623
852
359
12
705
433
577
954
501
449
177
209
556
0
5
609
17
531
613
894
710
858
534
11
921
910
519
608
76
559
189
505
685
446
791
411
332
165
141
720
732
133
83
686
646
957
878
120
698
588
896
733
860
385
696
593
637
628
719
113
22
546
705
584
807
857
632
781
160
297
614
31
152
542
420
290
712
921
115
670
775
942
570
123
736
506
713
3
934
784
407
347
356
717
956
982
431
432
916
449
976
344
104
520
798
225
391
40
205
257
778
611
92
5
0
672
698
505
525
866
861
661
258
43
808
186
36
535
941
691
351
388
703
500
971
380
34
723
951
782
233
672
685
930
778
631
873
676
570
101
569
842
769
522
331
855
41
912
716
418
397
67
474
121
335
276
912
407
532
420
562
873
830
112
231
905
401
557
998
185
799
339
100
556
403
921
92
957
602
963
187
780
227
801
367
275
176
956
134
599
44
635
849
768
281
39
601
294
124
26
197
264
524
609
672
0
448
102
926
672
123
231
432
823
537
591
450
384
243
133
83
269
738
404
497
791
434
270
722
441
716
468
690
74
5
364
887
864
533
3
99
562
696
315
988
175
319
778
366
187
850
612
183
781
327
110
717
807
70
484
227
706
589
649
240
6
612
796
602
638
354
700
949
954
667
224
574
529
14
713
1
639
628
868
396
604
413
837
249
717
902
734
937
695
546
46
284
855
769
768
112
677
990
17
698
448
0
7
851
980
529
126
568
457
952
953
912
465
597
29
97
556
99
794
672
43
74
935
598
496
937
531
316
631
486
188
112
145
314
616
837
868
376
414
431
969
670
186
995
676
867
942
689
628
383
69
671
323
537
225
203
841
699
11
494
447
534
765
789
817
5
511
898
245
319
816
886
862
250
703
774
431
90
997
788
819
589
591
295
910
305
688
424
131
140
200
105
98
667
728
822
221
214
531
505
102
7
0
765
380
512
526
860
977
203
444
672
87
365
600
795
306
43
574
146
230
755
574
317
256
124
366
453
77
617
847
399
323
319
519
234
818
365
21
188
737
614
919
133
830
880
978
947
151
794
758
396
186
659
510
152
965
729
531
824
639
921
464
304
148
363
46
669
747
910
328
963
304
463
459
758
926
436
162
540
238
721
25
110
258
312
7
365
67
965
554
771
261
629
439
835
361
639
613
525
926
851
765
0
400
911
476
131
413
163
293
207
244
540
567
464
997
617
908
584
358
127
61
28
866
988
855
688
714
115
899
936
646
226
605
328
635
35
112
252
27
515
951
626
522
581
287
900
406
401
639
820
932
860
948
118
765
411
535
93
763
822
393
54
338
945
541
331
604
386
466
833
418
596
765
44
538
915
771
80
603
552
757
351
968
323
57
483
532
924
248
366
312
315
359
267
224
539
894
866
672
980
380
400
0
92
308
271
139
261
580
898
250
430
792
546
218
346
1
356
223
587
810
827
967
335
821
877
542
427
966
105
261
429
897
371
803
989
170
382
586
605
986
217
522
339
192
817
492
763
12
576
466
260
851
927
355
580
90
967
613
752
192
187
472
159
950
381
718
375
46
66
89
838
123
412
453
404
315
489
936
303
451
309
209
557
442
30
454
985
203
52
734
742
400
949
796
962
710
861
123
529
512
911
92
0
202
729
48
248
842
894
678
479
639
524
511
756
69
83
230
734
779
129
436
683
731
512
578
161
828
829
120
419
406
280
811
126
678
767
972
138
284
166
608
584
952
968
710
752
964
837
697
777
232
223
534
443
64
524
858
791
716
642
210
295
243
343
52
831
586
438
325
71
879
205
335
467
331
263
472
167
529
502
402
355
84
515
67
581
334
911
423
18
666
45
513
609
858
661
231
126
526
476
308
202
0
173
988
578
143
751
709
64
441
217
842
799
542
237
586
456
480
103
367
812
531
514
282
173
236
947
839
249
926
134
778
216
736
588
328
881
711
349
689
611
983
47
828
656
398
443
538
782
724
584
122
21
596
99
927
745
358
781
419
912
626
604
633
509
486
592
687
548
722
277
55
961
709
463
930
560
362
334
247
161
810
572
778
841
284
167
704
658
328
687
926
678
534
258
432
568
860
131
271
729
173
0
962
828
933
370
377
569
514
547
525
314
483
769
811
775
78
967
271
326
565
821
29
495
26
539
366
554
498
839
493
311
226
335
517
752
19
486
211
40
672
484
455
470
868
265
891
779
741
162
29
142
413
995
143
868
928
580
485
188
904
340
194
322
307
299
278
166
679
458
925
836
538
30
576
503
121
972
212
207
248
940
604
908
401
383
741
667
775
646
834
534
11
43
823
457
977
413
139
48
988
962
0
502
439
772
241
24
672
709
763
252
271
407
800
66
820
340
233
406
294
69
896
249
777
296
548
107
835
487
281
114
685
93
859
866
379
181
298
41
476
740
47
995
273
745
692
548
110
438
969
627
162
951
963
396
908
606
801
854
900
69
895
881
602
836
209
886
180
935
186
950
356
282
11
995
859
12
756
82
474
12
124
998
592
389
40
546
841
548
886
708
921
808
537
952
203
163
261
248
578
828
502
0
762
205
371
865
652
159
68
808
388
738
191
626
679
947
380
363
730
344
880
399
299
862
423
441
38
778
704
86
885
138
955
401
688
281
23
449
416
553
972
110
946
801
367
150
620
247
718
125
414
491
479
360
632
387
626
912
969
685
905
456
201
683
969
946
767
627
488
622
916
743
366
930
396
316
183
529
137
869
118
813
19
472
927
887
432
566
913
384
910
186
591
953
444
293
580
842
143
933
439
762
0
739
978
935
30
516
967
260
74
81
391
222
325
652
680
814
418
763
856
325
688
528
869
608
263
915
37
166
178
278
337
682
356
680
977
812
432
90
963
90
295
546
306
18
780
184
253
715
46
772
329
441
774
283
454
829
138
33
273
792
211
110
230
608
237
221
309
977
608
460
266
151
963
619
722
895
372
156
276
17
66
23
517
154
480
424
909
167
519
36
450
912
672
207
898
894
751
370
772
205
739
0
820
627
970
317
111
973
668
531
256
717
554
155
657
658
13
959
66
280
660
214
333
303
329
893
380
384
928
302
27
51
212
342
207
167
718
901
424
65
877
766
566
320
163
151
63
263
758
397
813
177
45
464
125
932
394
884
377
106
371
912
468
434
23
562
760
286
267
803
724
312
911
800
30
833
941
831
490
498
724
322
127
625
575
663
984
524
608
535
384
465
87
244
250
678
709
377
241
371
978
820
0
473
259
831
331
183
374
730
420
145
69
149
180
714
867
492
81
281
121
368
210
864
791
99
700
812
464
374
145
821
758
742
244
162
838
76
912
107
933
369
296
144
874
177
580
222
815
615
905
883
550
520
235
374
472
35
864
644
626
308
58
555
398
657
974
837
777
716
19
494
232
648
183
512
307
622
80
883
752
59
748
897
736
144
937
12
76
941
243
597
365
540
430
479
64
569
24
865
935
627
473
0
398
150
129
273
736
994
110
163
640
960
649
837
336
448
701
629
210
610
510
528
743
211
84
946
982
784
851
289
821
794
677
178
255
144
3
226
231
383
42
139
729
850
418
477
432
322
346
720
622
503
870
920
178
277
271
725
404
622
868
825
651
576
254
134
462
771
323
967
495
703
243
931
410
406
599
27
259
437
576
805
642
350
409
776
559
691
133
29
600
567
792
639
441
514
672
652
30
970
259
398
0
572
477
231
509
877
826
414
2
580
234
714
792
825
449
629
399
703
956
163
600
763
586
238
221
691
896
83
541
401
766
835
459
816
690
305
763
147
733
168
549
945
432
265
892
723
173
695
719
474
703
334
527
674
714
386
462
723
260
150
552
952
282
721
69
700
312
974
961
945
520
390
9
581
494
431
844
5
955
760
60
588
947
484
189
351
83
97
795
464
546
524
217
547
709
159
516
317
831
150
572
0
784
795
593
506
577
754
320
212
870
685
368
812
858
967
309
708
962
437
166
605
350
752
190
419
386
95
251
46
20
832
790
47
767
445
850
911
30
962
198
771
691
635
850
918
975
465
900
300
743
251
744
659
419
370
295
43
848
463
859
770
795
883
242
109
402
354
932
359
909
490
653
304
8
228
428
269
333
719
316
604
787
679
505
388
269
556
306
997
218
511
842
525
763
68
967
111
331
129
477
784
0
746
927
692
290
534
491
814
378
5
422
277
357
445
399
485
659
133
397
614
978
391
791
233
612
533
367
532
508
316
603
250
170
594
891
716
48
238
96
113
719
851
552
379
60
52
21
301
193
512
277
401
264
825
3
7
608
593
347
780
910
902
403
312
265
186
158
192
560
625
340
412
528
954
927
516
856
318
261
9
462
141
685
703
738
99
43
617
346
756
799
314
252
808
260
973
183
273
231
795
746
0
415
492
406
819
856
795
630
183
961
881
682
292
361
73
519
277
361
615
408
731
66
714
691
283
808
732
842
943
951
173
740
749
974
322
359
584
914
737
222
896
706
64
743
133
361
859
636
796
422
354
546
888
110
139
448
111
418
969
188
898
486
802
407
362
676
568
730
516
866
706
91
450
978
497
257
565
161
805
436
504
446
500
404
794
574
908
1
69
542
483
271
388
74
668
374
736
509
593
927
415
0
944
447
395
358
850
780
813
127
185
381
222
450
874
557
849
328
456
365
953
57
15
108
462
717
521
905
89
940
673
891
519
428
714
555
754
988
888
387
227
420
486
368
465
494
806
353
590
281
586
543
87
918
310
450
697
247
755
327
728
804
43
541
816
986
379
502
445
88
84
146
860
909
663
706
782
237
233
181
329
791
971
497
672
146
584
356
83
237
769
407
738
81
531
730
994
877
506
692
492
944
0
518
357
371
912
333
404
513
928
894
133
327
570
212
889
736
132
738
30
953
278
886
867
553
120
42
235
175
842
646
4
407
324
995
656
709
546
611
410
886
579
254
115
790
209
232
315
924
41
579
352
326
523
640
61
811
367
166
705
625
178
167
582
106
462
837
618
840
961
987
897
54
690
999
692
61
692
607
356
411
380
791
43
230
358
223
230
586
811
800
191
391
256
420
110
826
577
290
406
447
518
0
747
415
573
18
830
601
521
659
138
214
481
480
262
986
331
544
919
831
439
675
253
98
597
103
763
770
768
986
906
565
725
151
525
54
679
773
14
578
65
239
911
953
1
846
839
221
875
929
793
530
313
409
262
655
91
287
86
984
794
618
986
727
161
819
135
46
72
775
816
655
36
308
317
268
499
911
630
332
34
434
74
755
127
587
734
456
775
66
626
222
717
145
163
414
754
534
819
395
357
747
0
996
935
110
932
115
445
430
236
140
185
316
901
41
451
192
906
501
599
246
957
400
286
495
621
284
464
806
162
30
902
69
891
489
799
43
461
854
67
895
818
668
278
767
225
65
121
96
625
495
20
77
429
55
129
98
517
94
765
750
610
652
337
159
399
691
302
624
498
101
621
357
993
79
767
600
433
165
723
270
935
574
61
810
779
480
78
820
679
325
554
69
640
2
320
491
856
358
371
415
996
0
582
795
964
35
311
547
548
867
603
972
946
663
223
970
754
465
811
218
804
541
325
784
634
159
400
918
337
603
289
165
509
607
373
573
260
739
132
903
488
840
706
277
64
317
109
541
607
664
949
204
503
74
674
287
208
168
950
426
368
856
580
312
542
292
119
265
394
994
642
631
165
536
148
260
351
141
951
722
598
317
28
827
129
103
967
340
947
652
155
149
960
580
212
814
795
850
912
573
935
582
0
286
654
981
111
967
690
262
286
44
768
506
392
193
505
208
217
3
182
900
281
60
179
997
441
507
533
191
525
668
123
258
812
918
956
989
460
404
358
644
558
886
196
485
680
457
316
166
814
97
273
311
649
136
808
721
890
344
984
609
140
554
94
665
499
325
614
126
200
167
294
941
988
452
484
720
782
441
496
256
866
967
436
367
271
233
380
680
657
180
649
234
870
378
630
780
333
18
110
795
286
0
112
354
166
127
218
438
479
926
120
298
147
212
381
990
27
441
126
150
459
167
216
671
771
40
330
763
206
59
589
846
901
456
530
555
629
991
329
760
208
868
197
264
878
205
892
170
861
248
363
697
998
715
724
615
823
545
64
613
987
304
509
836
357
861
439
759
516
746
494
138
798
412
315
732
233
716
937
124
988
335
683
812
326
406
363
814
658
714
837
714
685
5
183
813
404
830
932
964
654
112
0
453
504
551
85
831
578
569
606
631
828
42
427
486
545
730
626
952
523
848
112
150
437
942
610
437
227
176
932
699
610
736
512
453
468
71
432
488
364
683
534
680
69
704
783
748
297
382
922
365
714
896
823
680
908
233
571
458
55
385
70
455
978
763
103
342
541
131
666
177
138
697
698
133
672
468
531
366
855
821
731
531
565
294
730
418
13
867
336
792
368
422
961
127
513
601
115
35
981
354
453
0
269
895
306
110
871
92
376
611
930
219
39
717
508
997
498
621
538
775
372
596
370
763
95
639
650
604
12
327
480
593
305
247
715
668
590
446
875
342
68
784
662
993
533
863
531
245
656
627
222
494
816
427
917
140
631
989
986
982
386
970
88
49
901
857
301
281
947
561
352
374
875
83
685
690
316
453
688
877
512
514
821
69
344
763
959
492
448
825
812
277
881
185
928
521
445
311
111
166
504
269
0
885
803
529
811
970
250
463
167
255
886
352
202
309
938
977
662
905
325
541
216
512
92
38
85
281
562
6
294
564
628
466
529
644
261
457
554
550
158
151
405
36
900
935
469
63
692
991
662
783
598
7
228
296
704
332
95
183
988
778
538
415
221
159
437
740
457
695
516
298
753
686
930
74
631
77
714
542
578
282
29
896
880
856
66
81
701
449
858
357
682
381
894
659
430
547
967
127
551
895
885
0
672
579
566
984
505
737
609
238
708
682
537
380
617
937
2
613
243
978
940
9
28
347
481
620
603
338
912
456
308
46
972
292
976
132
631
944
787
157
822
859
478
441
426
172
365
834
922
956
339
959
304
594
682
267
760
477
882
406
587
212
235
27
590
52
518
929
998
958
956
646
778
5
486
617
115
427
161
173
495
249
399
325
280
281
629
629
967
445
292
222
133
138
236
548
690
218
85
306
803
672
0
747
631
701
544
546
776
896
310
181
234
786
556
331
813
826
65
382
433
694
525
565
623
475
542
658
455
480
239
530
712
442
882
441
466
898
624
37
997
144
908
322
114
336
106
505
638
377
704
648
628
30
930
716
550
26
527
461
211
739
382
585
593
471
18
128
103
415
569
957
631
364
188
847
899
966
828
236
26
777
299
688
660
121
210
399
309
399
361
450
327
214
140
867
262
438
831
110
529
579
747
0
159
516
737
691
458
739
874
169
856
885
694
321
692
143
687
815
292
977
645
200
10
626
662
863
597
857
306
451
653
959
369
36
534
916
606
984
644
68
348
258
227
266
284
875
750
658
100
59
524
180
64
588
161
526
676
603
285
577
928
864
276
928
571
547
548
597
290
878
873
887
112
399
936
105
829
947
539
296
862
528
214
368
610
703
708
485
73
874
570
481
185
603
286
479
578
871
811
566
631
159
0
924
915
766
485
416
568
668
162
504
688
68
239
693
804
862
244
480
482
828
499
823
578
430
654
88
703
583
397
932
15
491
270
104
745
147
498
77
366
149
772
606
342
885
154
509
381
927
100
371
211
235
403
225
79
529
162
354
851
832
750
274
198
409
135
386
127
120
676
864
145
323
646
261
120
839
366
548
423
869
333
210
510
956
962
659
519
557
212
480
316
972
44
926
569
92
970
984
701
516
924
0
301
27
277
473
983
856
908
577
880
190
282
159
109
614
2
666
733
348
721
834
291
294
561
950
157
689
147
354
404
209
759
173
924
207
417
934
654
403
434
110
515
878
403
460
56
881
727
517
297
457
450
655
504
208
552
554
982
186
803
195
744
352
192
177
16
698
570
533
314
319
226
429
419
249
554
107
441
608
303
864
528
163
437
133
277
849
889
262
901
946
768
120
606
376
250
505
544
737
915
301
0
6
862
853
676
667
388
407
868
532
285
207
357
485
313
474
622
391
709
357
449
99
556
91
888
644
75
434
748
93
752
299
147
551
307
640
766
947
323
639
55
673
660
120
608
563
359
52
792
612
691
179
54
723
196
983
879
197
83
341
961
391
7
298
728
588
101
3
616
519
605
897
406
926
498
835
38
263
329
791
743
600
166
397
361
328
736
986
41
663
506
298
631
611
463
737
546
691
766
27
6
0
336
160
493
122
283
687
490
40
556
727
248
480
184
417
88
142
722
63
709
170
701
691
616
661
624
308
294
700
308
300
669
554
257
943
208
2
27
167
133
845
917
960
173
937
221
156
50
775
301
735
851
33
178
844
887
838
199
591
986
113
953
693
279
896
569
99
837
234
328
371
280
134
839
487
778
915
893
99
211
763
605
614
615
456
132
331
451
223
392
147
828
930
167
609
776
458
485
277
862
336
0
594
3
519
274
121
489
160
888
796
467
747
957
271
893
407
254
854
810
618
976
634
450
621
277
670
638
561
694
635
726
162
785
101
596
913
747
44
565
780
423
236
544
238
107
894
247
212
533
891
43
181
551
143
472
419
684
751
43
647
102
805
90
733
842
562
868
818
635
803
811
778
493
281
704
37
380
700
84
586
350
978
408
365
738
544
192
970
193
212
42
219
255
238
896
739
416
473
853
160
594
0
948
874
155
38
682
807
255
801
444
278
866
835
376
649
647
205
793
131
826
739
270
908
758
319
972
271
509
789
552
592
303
12
213
218
291
644
883
342
722
128
90
72
933
846
350
453
316
797
736
764
323
887
815
590
720
529
358
294
996
171
348
860
769
696
376
365
35
989
126
216
311
114
86
166
384
812
946
238
752
391
731
953
30
919
906
754
505
381
427
39
886
708
310
874
568
983
676
493
3
948
0
984
108
361
463
749
63
134
114
999
1
911
917
559
717
82
427
803
816
134
337
516
256
865
547
465
774
478
635
635
51
29
809
813
525
719
63
946
769
592
728
345
855
312
462
858
689
885
63
526
729
788
647
825
413
131
436
963
685
65
585
385
522
315
414
21
112
170
678
736
226
685
885
178
928
464
982
221
190
791
66
57
953
831
501
465
208
990
486
717
352
682
181
169
668
856
667
122
519
874
984
0
