0
563
494
226
956
480
361
558
551
517
894
981
258
216
962
567
776
564
113
730
400
886
38
703
930
999
730
777
813
419
825
607
975
289
613
472
594
377
516
145
784
446
568
418
784
132
391
725
413
611
222
273
40
275
117
555
47
943
395
684
256
736
754
886
902
384
742
417
964
172
609
941
971
668
527
563
935
418
736
504
650
531
486
469
523
368
168
685
159
485
536
772
348
60
820
868
631
962
215
728
563
0
639
370
779
624
391
977
944
894
149
197
364
630
368
36
904
283
728
762
789
78
111
516
898
158
151
418
377
63
493
976
819
793
150
45
313
94
719
138
470
892
800
256
75
287
679
174
817
242
731
127
541
663
355
44
208
740
286
637
832
472
258
466
28
708
806
41
993
452
900
367
174
643
99
691
481
364
330
207
598
300
302
106
223
497
371
881
563
386
87
108
374
210
417
767
271
95
626
630
494
639
0
778
124
597
977
743
482
578
420
974
193
238
440
276
772
769
162
83
261
736
21
270
27
229
134
887
21
72
821
915
231
835
218
496
24
105
346
169
278
194
151
677
334
25
832
973
101
243
111
716
837
991
46
130
604
967
649
396
879
404
643
483
246
957
431
232
22
424
990
673
593
857
735
447
240
186
218
966
388
811
52
825
121
378
619
180
297
126
761
885
601
481
676
537
664
128
354
983
226
370
778
0
646
21
991
860
759
135
894
640
744
238
378
238
451
452
921
659
990
604
359
327
439
126
501
326
773
24
469
587
748
201
272
930
540
899
577
253
959
941
328
608
642
202
204
67
339
503
186
42
681
824
216
388
754
285
841
873
40
889
682
378
990
968
252
135
261
189
512
447
223
939
953
869
537
177
287
409
191
706
454
833
643
793
21
295
705
320
922
187
999
800
610
535
911
235
915
585
956
779
124
646
0
807
112
775
325
470
252
284
403
133
562
246
182
205
509
195
533
667
391
954
674
888
775
502
884
368
602
622
45
450
388
463
867
781
384
88
769
525
286
778
719
818
159
272
22
498
171
819
79
401
685
366
531
24
569
982
527
791
268
663
24
335
825
869
75
836
43
424
57
824
719
420
571
909
628
332
282
807
488
879
308
161
712
831
746
27
840
128
735
504
109
71
492
395
402
604
480
624
597
21
807
0
304
97
607
460
866
654
111
44
715
554
896
693
164
335
965
877
156
42
502
818
74
42
601
215
781
609
856
308
81
702
874
841
324
241
840
232
571
97
613
523
119
123
172
787
934
755
608
888
326
238
404
283
85
869
404
811
341
804
927
64
216
321
287
127
429
467
615
843
775
718
786
402
979
247
356
218
567
614
279
619
955
510
669
520
46
973
859
308
523
676
776
363
806
338
361
391
977
991
112
304
0
766
932
568
271
762
268
565
474
551
234
744
515
749
504
833
491
421
810
922
779
77
974
352
824
884
742
742
491
451
721
299
276
631
742
715
504
433
26
887
799
942
962
482
918
744
760
830
550
22
295
286
263
393
505
42
122
319
292
178
669
607
77
618
653
608
659
570
555
187
243
620
319
745
693
527
729
740
375
203
777
102
840
588
368
981
850
375
410
734
463
238
961
848
558
977
743
860
775
97
766
0
607
926
579
51
182
80
534
869
106
890
817
975
507
956
806
696
286
693
923
945
321
263
482
242
246
308
790
261
975
452
541
89
480
364
865
670
39
628
171
389
439
317
588
920
452
617
529
656
307
686
121
646
86
744
573
108
401
368
904
707
620
322
485
202
646
44
108
878
454
616
768
708
444
466
402
954
803
834
653
221
94
962
963
678
907
999
733
617
262
458
390
148
551
944
482
759
325
607
932
607
0
81
708
589
58
202
709
338
896
181
199
669
80
525
964
991
788
471
697
863
75
880
604
482
907
142
385
358
612
655
726
833
160
113
861
233
969
217
215
114
861
216
300
726
87
719
594
191
42
278
781
906
500
781
539
44
586
196
611
810
136
483
742
446
733
828
517
382
318
641
467
207
976
878
753
780
334
900
816
358
768
574
275
451
378
434
225
96
611
274
468
995
517
894
578
135
470
460
568
926
81
0
647
802
77
270
874
709
738
782
29
894
784
403
468
272
180
708
938
138
651
972
215
698
104
779
750
302
863
310
273
60
903
84
442
188
162
262
495
847
174
690
834
876
219
287
638
72
804
295
821
239
975
966
86
953
636
355
359
825
509
236
821
742
195
168
156
281
110
609
658
39
402
574
694
333
239
314
827
557
959
225
907
743
103
629
180
276
896
857
913
75
894
149
420
894
252
866
271
579
708
647
0
304
861
237
442
540
228
349
849
696
380
926
698
849
613
572
322
117
766
864
830
789
247
479
165
646
613
756
750
636
572
814
871
157
411
361
537
55
891
362
722
598
727
764
594
189
796
662
260
921
631
387
158
144
705
573
241
828
52
327
386
43
251
523
544
942
485
280
591
492
568
423
317
360
97
995
386
610
773
922
743
468
608
95
775
92
165
636
86
564
981
197
974
640
284
654
762
51
589
802
304
0
847
316
742
131
417
290
389
595
998
779
440
750
601
259
513
465
26
156
489
238
682
629
798
45
917
84
112
810
39
541
615
377
248
91
197
915
581
333
244
607
896
782
648
424
177
327
654
883
647
842
152
446
508
318
172
633
708
680
978
115
84
648
957
816
743
526
374
787
333
984
610
203
389
392
607
231
696
372
286
738
61
926
934
998
545
795
688
199
258
364
193
744
403
111
268
182
58
77
861
847
0
670
325
240
137
706
630
812
978
556
201
404
965
317
970
460
187
815
82
322
66
277
371
543
196
870
255
887
471
280
868
871
250
913
117
431
557
297
930
135
761
97
715
370
203
552
729
668
425
653
566
573
620
861
689
609
796
886
887
39
247
403
48
278
661
302
34
477
489
624
123
1000
516
424
246
407
308
915
524
632
678
914
400
179
877
497
513
636
216
630
238
238
133
44
565
80
202
270
237
316
670
0
884
106
804
922
955
442
359
335
457
727
601
593
610
282
599
579
556
590
968
529
916
780
490
365
105
679
273
569
875
904
598
672
706
889
414
761
589
443
810
302
825
138
314
434
104
526
886
278
99
479
441
21
853
289
399
40
170
905
234
42
399
508
715
922
549
613
754
219
617
809
816
142
802
673
418
57
702
726
608
132
719
643
384
277
182
263
962
368
440
378
562
715
474
534
709
874
442
742
325
884
0
662
95
446
641
608
166
903
660
849
691
352
351
480
818
620
848
353
341
74
984
241
399
100
22
242
471
931
653
871
190
121
112
496
858
522
961
124
276
755
670
388
938
689
685
181
990
739
244
943
41
789
291
920
375
576
201
863
598
544
788
415
777
119
667
598
525
93
982
659
587
274
762
236
856
609
928
548
222
426
471
775
767
448
453
191
567
36
276
238
246
554
551
869
338
709
540
131
240
106
662
0
952
556
80
479
287
442
891
943
353
133
855
837
64
880
253
283
357
673
870
710
104
508
893
76
766
801
454
912
317
468
602
848
367
545
56
888
279
636
349
927
515
494
792
865
413
456
30
109
471
629
441
811
51
985
473
163
598
419
33
481
865
756
130
905
992
809
587
196
483
392
845
646
465
761
387
944
30
60
34
708
378
675
820
177
776
904
772
451
182
896
234
106
896
738
228
417
137
804
95
952
0
269
824
622
384
656
356
979
216
26
120
504
348
321
558
23
599
907
562
922
179
926
589
281
886
681
831
991
210
599
999
616
702
808
410
1000
792
787
936
814
614
410
270
31
982
297
542
556
505
824
245
659
476
863
598
829
74
198
601
351
770
145
39
951
686
941
824
735
268
254
321
669
583
125
528
308
160
817
66
842
604
550
242
881
564
283
769
452
205
693
744
890
181
782
349
290
706
922
446
556
269
0
927
427
398
855
301
335
649
317
492
88
355
212
56
573
262
101
686
315
111
800
676
314
368
306
604
46
490
750
212
270
711
614
845
869
979
596
758
83
627
707
641
313
606
22
32
468
872
524
200
291
643
686
796
611
60
951
549
383
262
157
520
261
797
698
642
681
688
220
231
908
450
966
248
194
713
676
401
794
434
331
359
954
113
728
162
921
509
164
515
817
199
29
849
389
630
955
641
80
824
927
0
409
869
823
682
432
113
469
261
476
352
232
590
850
680
893
134
521
730
727
987
478
899
417
860
748
915
325
723
562
569
457
312
322
551
112
119
301
704
950
627
170
25
945
210
857
35
901
619
882
61
305
429
866
958
473
920
322
258
57
244
489
355
666
406
787
658
614
566
230
580
461
474
516
457
336
249
155
414
765
371
938
730
762
83
659
195
335
749
975
669
894
696
595
812
442
608
479
622
427
409
0
762
144
504
855
86
684
320
772
656
546
582
884
822
512
96
628
470
82
919
158
135
241
430
857
168
150
347
764
150
914
105
356
56
904
916
646
462
658
697
536
335
217
720
998
712
969
231
452
140
845
354
62
690
775
422
376
260
235
47
772
645
864
976
279
914
263
87
207
102
77
783
637
294
95
814
517
763
448
730
911
400
789
261
990
533
965
504
507
80
784
380
998
978
359
166
287
384
398
869
762
0
921
790
777
106
359
138
520
682
55
42
211
908
808
352
810
439
374
907
776
201
497
701
200
325
595
554
762
78
147
176
386
769
401
323
794
718
399
496
159
70
21
465
381
172
486
576
602
1000
444
468
578
291
984
501
940
868
464
552
828
882
178
749
678
378
563
78
443
885
594
302
950
885
749
878
754
536
550
541
414
886
78
736
604
667
877
833
956
525
403
926
779
556
335
903
442
656
855
823
144
921
0
185
187
907
942
790
298
251
263
690
145
132
773
994
997
69
905
79
537
671
331
935
479
90
297
536
776
188
666
809
663
855
193
95
803
608
998
317
988
244
628
511
303
579
901
111
404
883
456
384
374
436
459
22
190
330
683
848
291
274
865
785
880
356
499
333
395
900
853
576
958
442
120
457
763
178
741
647
513
38
111
21
359
391
156
491
806
964
468
698
440
201
457
660
891
356
301
682
504
790
185
0
367
217
208
489
459
902
83
706
263
362
68
59
646
528
815
480
576
290
108
965
898
699
850
354
182
532
258
272
482
169
788
745
246
588
720
943
280
502
485
265
167
629
66
683
109
577
396
900
903
705
265
198
252
367
957
765
488
955
551
151
225
306
901
376
97
29
708
397
998
377
840
543
221
712
769
370
814
703
516
270
327
954
42
421
696
991
272
849
750
404
727
849
943
979
335
432
855
777
187
367
0
50
25
631
284
548
356
392
866
833
316
896
347
423
912
962
302
432
247
149
856
410
406
918
971
711
439
848
703
237
871
212
255
706
119
997
526
151
339
931
340
415
481
172
74
90
502
744
129
468
239
553
590
419
1000
456
995
696
777
551
460
112
43
554
32
352
520
487
842
349
247
540
172
256
493
696
28
930
898
27
439
674
502
810
286
788
180
613
601
965
601
691
353
216
649
113
86
106
907
217
50
0
697
728
267
968
914
257
603
101
304
413
600
270
210
403
616
963
38
603
353
792
897
569
308
972
726
683
287
532
941
145
959
580
123
353
961
402
178
119
690
951
533
267
132
600
902
361
524
782
138
839
218
958
354
139
616
299
810
768
567
648
48
247
322
692
373
652
98
213
787
822
538
584
731
702
968
999
158
229
126
888
818
922
693
471
708
572
259
317
593
352
133
26
317
469
684
359
942
208
25
697
0
910
159
276
480
758
561
381
180
696
413
639
715
84
752
507
223
885
906
556
698
880
898
334
298
795
107
410
213
960
303
820
507
117
977
100
344
715
197
908
780
427
889
454
912
810
326
386
715
535
882
186
641
341
72
384
728
585
112
601
86
489
39
655
660
85
363
837
86
491
591
714
780
669
87
730
151
134
501
775
74
779
923
697
938
322
513
970
610
351
855
120
492
261
320
138
790
489
631
728
910
0
208
881
523
88
216
701
752
522
636
104
235
108
84
685
546
29
250
52
757
941
431
708
431
143
555
264
694
512
471
215
571
135
663
254
103
639
774
937
421
188
76
866
429
119
363
80
913
440
112
640
886
844
505
765
255
750
120
143
729
617
976
743
683
64
155
229
637
213
28
172
669
760
373
777
418
887
326
502
42
77
945
863
138
117
465
460
282
480
837
504
88
476
772
520
298
459
284
267
159
208
0
587
912
936
261
901
675
693
625
918
633
183
969
970
271
396
710
689
741
295
133
987
637
349
869
68
547
74
909
275
194
262
213
886
162
452
52
824
666
103
78
567
513
727
751
657
557
548
264
686
169
684
631
709
326
652
978
106
538
593
670
774
930
902
605
407
974
260
346
933
451
45
709
813
377
21
773
884
601
974
321
75
651
766
26
187
599
818
64
348
355
352
656
682
251
902
548
968
276
881
587
0
178
615
925
632
23
481
836
954
298
469
295
400
319
813
71
73
483
778
462
695
988
697
953
919
392
507
500
462
312
625
729
905
662
917
691
227
900
160
512
354
250
43
713
932
694
660
876
269
961
405
477
111
925
29
598
897
755
405
484
826
758
221
688
856
835
674
537
933
182
862
430
419
63
72
24
368
215
352
263
880
972
864
156
815
579
620
880
321
212
232
546
55
263
83
356
914
480
523
912
178
0
893
121
35
346
447
433
354
730
754
101
778
433
866
211
89
172
402
191
869
715
461
107
949
621
830
221
957
566
347
944
387
472
894
842
678
679
756
582
663
580
363
874
316
770
91
650
839
40
872
339
753
262
357
173
933
945
187
538
113
563
404
95
960
785
145
28
757
739
606
840
825
493
821
469
602
781
824
482
604
215
830
489
82
556
848
253
558
56
590
582
42
690
706
392
257
758
88
936
615
893
0
374
337
989
923
720
672
723
704
776
463
316
882
42
924
392
80
736
234
533
395
412
119
602
549
131
331
81
924
329
122
305
268
665
128
961
245
944
34
553
28
786
804
639
689
993
969
459
121
119
553
316
160
326
717
33
217
575
711
723
534
652
551
290
502
878
489
930
417
974
607
976
915
587
622
609
884
242
482
698
789
238
322
590
353
283
23
573
850
884
211
145
263
866
603
561
216
261
925
121
374
0
335
418
101
646
905
325
497
915
530
867
494
656
425
336
149
220
335
820
195
49
387
287
103
272
594
35
80
613
137
540
984
678
949
757
113
532
698
749
74
392
741
716
715
875
528
798
464
191
27
88
706
32
929
884
199
719
325
929
931
776
102
303
748
120
32
103
982
553
975
819
231
748
45
856
742
246
907
104
247
682
66
968
341
357
599
262
680
822
908
132
362
833
101
381
701
901
632
35
337
335
0
809
813
470
491
171
932
65
477
693
909
509
228
913
487
942
650
675
196
907
847
26
701
670
812
608
958
506
668
77
36
847
271
649
162
855
200
739
318
602
513
960
239
115
343
211
320
148
556
143
406
205
968
533
161
986
812
197
558
44
48
608
454
827
883
393
254
888
289
793
835
201
450
308
742
308
142
779
479
629
277
529
74
673
907
101
893
512
808
773
68
316
304
180
752
675
23
346
989
418
809
0
449
705
923
623
816
480
421
965
141
185
59
724
815
997
971
155
384
300
769
974
25
116
424
89
368
701
543
817
173
627
535
326
332
867
982
477
876
405
502
133
784
151
62
730
844
637
794
924
91
259
427
630
633
521
526
867
698
923
744
692
556
919
449
82
308
544
613
150
218
272
388
81
491
790
385
750
165
798
371
916
984
870
562
686
134
96
352
994
59
896
413
696
522
693
481
447
923
101
813
449
0
481
745
371
989
375
626
275
544
37
625
220
577
600
809
44
137
795
458
224
537
462
352
490
627
473
676
42
793
99
476
824
838
89
76
814
778
527
582
831
769
809
897
465
487
441
447
451
119
807
201
484
655
558
593
100
397
467
433
577
960
46
699
729
394
527
472
45
496
930
463
702
451
261
358
302
646
45
543
780
241
710
922
315
521
628
810
997
646
347
600
413
636
625
836
433
720
646
470
705
481
0
694
426
216
501
217
705
262
116
641
724
489
76
54
558
879
673
406
327
260
112
820
818
369
487
506
406
129
814
899
492
707
629
325
488
992
734
867
583
535
665
972
618
887
744
861
281
908
104
659
333
204
831
843
234
857
288
823
76
938
275
804
929
308
832
594
313
24
540
867
874
721
975
612
863
613
917
196
490
399
104
179
111
730
470
439
69
528
423
270
639
104
918
954
354
672
905
491
923
745
694
0
588
365
889
256
590
820
928
600
426
714
245
608
623
162
120
759
407
127
529
548
783
328
896
140
378
134
790
815
93
295
819
442
219
585
957
201
695
129
838
950
116
817
348
968
730
104
900
430
981
538
941
567
871
958
987
272
339
784
155
711
625
906
793
377
94
105
899
781
841
299
452
655
310
756
84
870
365
100
508
926
800
727
82
374
905
815
912
210
715
235
633
298
730
723
325
171
623
371
426
588
0
697
904
539
323
426
798
876
873
807
536
870
208
883
53
618
771
684
972
34
722
444
577
635
173
71
713
91
891
695
916
153
45
550
968
456
77
271
313
816
851
800
858
851
543
525
597
137
642
426
695
870
624
925
249
262
459
819
542
400
95
231
425
516
719
346
577
384
324
276
541
726
273
750
112
255
105
22
893
589
676
987
919
907
79
480
962
403
84
108
183
469
754
704
497
932
816
989
216
365
697
0
362
740
319
843
447
298
508
983
673
763
802
245
380
136
100
529
524
507
112
290
796
184
409
446
230
966
641
796
65
241
545
229
954
745
754
501
705
848
255
212
709
340
90
924
897
676
86
54
265
42
226
30
937
917
332
236
202
648
179
771
978
145
138
169
253
88
241
631
89
833
60
636
810
887
679
242
76
281
314
478
158
776
537
576
302
616
752
84
969
295
101
776
915
65
480
375
501
889
904
362
0
187
219
102
264
719
561
940
475
717
227
797
216
558
112
795
227
348
938
948
652
785
343
663
145
56
582
103
308
765
266
475
703
729
610
41
883
760
629
806
388
357
173
305
150
266
994
518
966
94
581
949
960
60
149
974
841
703
581
101
601
784
470
278
959
769
840
742
480
160
903
572
39
471
273
471
766
886
368
899
135
201
671
290
432
963
507
685
970
400
778
463
530
477
421
626
217
256
539
740
187
0
946
761
98
660
863
265
350
80
541
416
355
822
459
60
810
127
990
743
554
253
425
588
131
319
873
586
790
778
756
880
769
615
807
950
466
704
284
440
315
990
100
689
80
271
73
618
985
162
706
364
835
861
373
853
297
811
822
789
517
446
892
194
941
525
232
715
364
113
84
814
541
280
569
931
801
681
306
417
241
497
331
108
247
38
223
546
271
319
433
316
867
693
965
275
705
590
323
319
219
946
0
766
790
789
768
147
35
226
152
460
462
744
217
574
651
347
884
406
41
826
961
288
973
150
908
561
947
357
95
206
375
571
420
447
603
754
643
517
614
116
58
163
171
930
636
240
371
550
23
284
994
45
710
415
856
404
234
627
807
568
800
151
328
286
571
504
865
861
442
871
615
868
875
653
454
831
604
860
430
701
935
965
149
603
885
29
396
813
866
882
494
909
141
544
262
820
426
843
102
761
766
0
565
734
162
477
25
393
825
650
825
164
705
72
782
343
841
223
239
181
387
381
267
486
395
894
726
964
327
444
845
562
671
453
999
88
965
804
651
970
828
704
114
541
334
428
971
194
218
797
483
324
608
663
96
874
376
645
577
418
256
677
608
778
97
433
670
233
188
157
377
871
904
871
912
991
46
748
857
200
479
898
856
353
906
250
710
71
211
42
656
509
185
37
116
928
798
447
264
98
790
565
0
796
153
390
555
771
171
529
667
850
494
984
868
756
745
34
330
689
162
869
906
409
855
333
513
208
775
615
960
41
954
273
682
587
690
253
686
958
716
189
301
784
266
281
92
803
27
692
397
304
378
820
472
172
967
615
936
784
75
334
642
719
613
26
39
969
162
411
248
250
598
190
317
210
490
915
168
325
90
699
410
792
556
52
689
73
89
924
425
228
59
625
641
600
876
298
719
660
789
734
796
0
62
567
500
980
923
793
175
351
920
792
55
215
878
301
586
65
958
373
962
63
254
393
540
111
585
581
315
268
749
885
324
533
137
543
806
172
792
143
449
530
55
556
608
735
847
22
475
206
340
651
268
102
289
502
34
132
287
25
202
818
523
887
628
217
262
361
91
913
672
121
468
599
750
325
150
595
297
850
406
897
698
757
741
483
172
392
336
913
724
220
724
426
873
508
561
863
768
162
153
62
0
961
670
121
858
315
689
643
918
852
44
967
668
771
397
444
990
655
701
468
292
237
158
566
144
611
166
55
661
562
726
590
557
80
396
558
951
843
108
108
655
800
517
651
940
673
448
338
811
789
520
892
772
630
782
391
679
832
204
159
119
799
171
215
495
537
197
117
706
112
602
999
212
723
347
554
536
354
918
569
880
941
295
778
402
80
149
487
815
577
489
714
807
983
940
265
147
477
390
567
961
0
88
599
812
830
563
650
399
384
930
711
305
444
919
213
503
563
834
967
105
708
399
533
153
617
571
952
788
362
587
868
115
481
470
767
181
298
884
685
378
479
673
869
494
913
622
258
487
955
352
625
925
552
479
725
174
973
67
272
123
942
389
114
847
55
915
431
889
496
848
616
270
562
764
762
776
182
971
308
898
431
133
462
191
736
220
942
997
600
76
245
536
673
475
350
35
25
555
500
670
88
0
283
797
980
156
953
276
765
674
651
25
173
263
679
425
547
287
101
676
876
798
66
616
782
200
161
201
52
890
208
398
873
751
109
787
884
702
21
886
789
654
991
897
45
515
117
970
391
214
246
347
889
911
413
817
101
339
22
172
962
439
861
174
891
581
557
414
858
367
702
711
569
150
78
188
532
711
972
334
708
987
695
869
234
335
650
971
809
54
608
870
763
717
80
226
393
771
980
121
599
283
0
666
705
933
609
143
780
863
371
930
388
854
144
287
764
702
186
34
967
802
460
778
300
690
604
858
552
439
873
551
816
253
845
985
832
937
471
502
154
685
482
355
777
547
384
980
570
248
709
404
661
706
611
242
243
503
498
787
482
317
216
690
362
333
297
761
522
545
808
614
457
914
147
666
258
439
726
298
431
637
988
715
533
820
675
155
44
558
623
208
802
227
541
152
825
171
923
858
812
797
666
0
190
730
398
671
920
169
607
42
399
365
561
451
198
423
466
702
227
448
344
264
880
119
980
216
457
328
865
890
378
525
533
652
279
490
816
597
373
98
29
386
371
225
705
424
638
920
574
507
375
520
222
731
111
186
171
934
918
588
300
834
722
244
930
589
961
56
410
845
312
105
176
809
272
848
683
795
143
349
697
461
395
195
196
384
137
879
162
883
245
797
416
460
650
529
793
315
830
980
705
190
0
33
832
619
74
773
198
823
391
497
395
856
963
65
406
625
315
394
145
322
74
419
233
302
374
592
635
172
476
565
947
806
639
25
701
538
171
175
568
557
671
506
890
592
362
906
272
199
347
977
273
127
716
42
819
755
744
920
726
876
598
607
135
443
124
888
1000
869
322
356
386
663
482
703
287
107
555
869
953
107
412
49
907
300
795
673
120
53
380
216
355
462
825
667
175
689
563
156
933
730
33
0
280
417
563
283
300
421
686
118
558
591
554
545
721
744
432
996
171
616
764
669
446
928
917
681
79
75
678
388
723
567
418
759
194
702
427
873
455
389
897
413
627
348
183
939
505
552
895
151
40
541
837
681
79
608
760
452
87
219
727
896
761
810
276
279
792
979
551
56
769
855
169
237
532
410
264
68
919
949
119
387
847
769
458
406
759
618
136
558
822
744
164
850
351
643
650
953
609
398
832
280
0
845
337
788
1000
200
551
286
593
326
569
41
512
39
207
603
650
971
105
216
240
524
321
645
947
211
647
791
335
507
294
372
899
947
82
672
646
289
412
243
529
919
47
800
426
260
55
58
275
663
991
824
401
888
830
617
719
287
764
782
97
302
755
636
787
596
112
904
401
193
788
871
941
213
694
547
392
621
602
287
26
974
224
327
407
771
100
112
459
217
705
494
920
918
399
276
143
671
619
417
845
0
526
310
941
140
654
696
938
993
775
162
201
662
417
679
861
608
21
884
461
502
635
830
819
211
386
685
480
32
694
708
177
282
229
35
569
885
25
119
508
676
374
236
50
33
955
939
117
355
46
216
685
326
550
529
594
638
594
648
715
825
670
349
936
758
119
916
323
95
745
212
145
960
512
74
507
830
549
103
701
25
537
260
127
684
529
795
60
574
72
984
792
852
384
765
780
920
74
563
337
526
0
45
415
624
271
308
566
81
498
660
550
697
744
394
121
677
109
842
521
638
924
113
978
915
587
786
988
234
381
257
483
696
243
999
685
732
855
290
99
275
726
65
986
926
111
941
555
44
130
388
366
238
22
656
191
72
189
424
370
138
388
927
814
83
301
646
794
803
246
255
959
303
471
909
500
221
131
272
670
116
462
112
529
972
524
227
810
651
782
868
55
44
930
674
863
169
773
283
788
310
45
0
712
118
706
810
319
356
288
289
692
471
816
399
285
944
358
797
899
954
236
258
920
116
929
575
70
606
771
689
834
127
229
178
142
914
139
80
892
930
140
605
223
805
473
483
47
208
604
754
531
404
295
307
42
804
796
177
203
314
938
515
614
627
704
462
718
608
588
706
580
820
215
275
462
957
331
594
812
424
352
820
548
34
507
348
127
347
343
756
215
967
711
651
371
607
198
300
1000
941
415
712
0
711
829
216
998
208
45
473
954
534
490
701
843
461
602
493
322
354
25
38
596
870
944
989
883
677
877
187
222
406
986
159
771
997
556
93
635
166
452
350
412
707
782
512
943
740
967
285
24
283
286
686
278
295
662
327
552
434
689
494
410
707
950
658
399
998
720
119
123
507
571
194
312
566
81
35
608
89
490
818
783
722
112
938
990
884
841
745
878
668
305
25
930
42
823
421
200
140
624
118
711
0
336
187
552
932
743
53
550
611
252
222
922
520
234
527
478
521
950
864
453
501
159
903
943
752
223
497
928
203
423
817
634
432
425
894
594
219
389
146
241
107
654
389
395
286
649
841
569
85
263
121
781
821
260
654
729
104
685
792
270
641
627
697
496
317
943
997
353
117
135
262
625
347
924
80
958
368
627
369
328
444
290
948
743
406
223
34
301
771
444
173
388
399
391
686
551
654
271
706
829
336
0
890
35
566
475
641
344
754
491
762
605
841
413
706
539
348
696
345
324
692
928
343
80
28
273
961
931
770
790
708
186
626
190
639
933
265
223
43
581
156
210
518
684
637
396
873
982
869
393
646
906
239
921
883
668
526
181
865
31
313
170
536
159
988
280
526
961
977
663
213
729
944
329
613
506
701
473
487
896
577
796
652
554
41
239
330
586
397
919
263
854
365
497
118
286
696
308
810
216
187
890
0
120
823
644
116
610
309
742
365
847
522
496
258
352
23
890
421
138
197
543
670
475
426
449
318
722
869
253
526
604
47
117
888
756
325
242
438
339
96
295
145
256
832
879
40
527
404
505
86
500
975
631
647
425
886
990
413
982
606
25
335
70
244
502
151
402
100
254
886
905
387
122
137
668
543
676
506
140
635
184
785
253
826
181
689
65
444
213
679
144
561
395
558
593
938
566
319
998
552
35
120
0
216
741
255
350
861
910
610
930
382
943
637
104
377
888
514
139
490
110
116
58
964
710
183
430
38
834
438
964
345
497
627
165
788
74
238
651
627
84
485
736
472
404
889
791
811
42
744
781
966
387
842
653
278
739
456
297
22
945
217
21
628
485
339
178
344
103
162
662
472
305
540
77
817
42
406
378
173
409
343
425
961
387
162
958
990
503
425
287
451
856
591
326
993
81
356
208
932
566
823
216
0
367
582
504
271
351
870
21
902
972
37
30
257
610
701
352
695
32
970
865
23
570
129
222
887
505
660
113
791
859
653
102
297
370
896
529
531
535
400
754
258
643
682
268
341
122
573
539
86
158
152
566
99
244
30
542
32
210
720
465
511
265
931
119
715
639
452
917
894
268
984
36
173
793
129
134
71
446
663
588
288
381
869
373
655
563
547
764
198
963
554
569
775
498
288
45
743
475
644
741
367
0
567
709
81
147
621
476
574
854
334
55
202
889
514
347
393
325
988
88
154
320
223
626
143
803
152
618
517
256
569
974
908
117
373
180
629
679
884
886
466
483
378
663
804
319
108
44
953
144
446
573
479
943
109
556
468
857
998
381
303
167
340
690
197
774
52
691
842
665
678
847
627
99
814
790
713
230
145
131
973
267
906
962
701
834
287
702
423
65
545
41
162
660
289
473
53
641
116
255
582
567
0
550
482
20
726
157
220
477
175
981
972
454
336
166
925
615
196
968
37
415
358
589
443
219
944
907
139
735
607
70
489
387
228
810
261
399
29
902
28
246
990
24
927
292
401
586
636
705
508
620
441
41
471
505
872
35
712
172
579
629
415
951
908
937
824
227
678
128
949
271
535
476
899
815
91
966
56
319
150
486
409
63
468
967
101
186
466
406
721
512
201
550
692
954
550
344
610
350
504
709
550
0
157
696
42
965
295
340
663
224
826
943
863
26
365
659
67
612
375
663
368
613
743
741
465
586
652
899
628
725
488
27
54
1000
111
953
921
384
708
957
968
335
64
178
368
196
355
573
318
861
21
789
629
824
524
901
969
486
901
66
481
533
780
421
666
900
679
961
757
649
326
824
492
93
891
641
582
873
908
395
855
254
292
105
676
34
702
625
744
39
662
697
471
534
611
754
309
861
271
81
482
157
0
983
622
34
116
632
985
180
674
412
684
814
607
484
318
103
46
697
532
81
532
651
751
452
581
232
535
627
314
791
258
295
178
758
827
742
806
431
252
825
216
669
904
611
359
241
172
689
853
291
441
245
200
619
231
576
111
683
172
267
427
188
103
160
756
245
113
162
332
838
707
295
695
796
103
586
561
894
333
393
237
708
876
967
227
315
432
207
417
744
816
490
252
491
742
910
351
147
20
696
983
0
919
796
882
160
64
794
812
422
689
918
75
813
340
459
239
469
123
921
665
653
189
630
715
963
203
865
345
982
109
127
913
314
79
417
41
232
135
869
321
607
707
810
825
828
633
609
289
920
811
659
291
882
452
602
404
109
74
132
889
76
78
512
582
944
532
855
867
89
629
819
916
65
308
790
947
726
513
540
158
399
798
802
448
394
996
603
679
394
399
701
222
762
365
610
870
621
726
42
622
919
0
649
528
221
86
49
522
335
292
257
212
53
735
792
632
204
411
460
702
490
398
694
453
979
148
706
850
810
961
134
556
128
432
964
993
22
261
75
287
77
620
136
509
52
708
796
399
375
51
476
643
61
140
1000
883
577
90
600
454
866
567
354
663
34
698
200
982
76
325
442
153
241
765
778
357
964
208
111
566
533
66
460
344
145
171
650
861
121
285
843
922
605
847
930
21
476
157
965
34
796
649
0
222
337
834
996
816
248
22
967
701
97
581
98
168
28
975
44
132
471
529
692
874
215
459
103
446
297
530
752
819
297
416
172
452
424
189
836
127
618
322
483
236
327
680
886
40
576
985
863
686
305
845
444
456
396
502
902
912
429
513
250
580
553
749
739
477
814
488
219
45
545
266
756
95
327
775
585
144
153
616
778
264
322
616
971
608
677
944
461
520
841
522
382
902
574
220
295
116
882
528
222
0
898
421
771
525
675
482
608
454
846
981
283
636
538
267
931
777
973
883
785
56
707
73
179
226
365
531
423
340
98
122
609
900
990
512
43
429
653
485
742
821
386
978
887
170
201
473
598
796
429
354
468
384
900
744
361
810
119
727
43
363
28
74
318
876
778
992
585
550
229
475
880
206
444
615
581
611
617
782
300
880
74
764
105
21
109
358
602
234
413
496
943
972
854
477
340
632
160
221
337
898
0
460
546
400
985
440
560
25
948
833
202
792
316
297
776
832
515
520
955
810
959
605
789
677
344
403
391
49
439
397
941
367
673
447
424
467
608
202
446
742
43
115
39
905
863
163
829
611
866
62
578
374
903
129
524
326
363
751
713
874
786
392
602
405
527
734
957
968
954
703
769
375
845
960
315
166
571
200
690
119
419
669
216
884
842
797
493
527
706
258
637
37
334
175
663
985
64
86
834
421
460
0
273
834
635
828
183
756
426
358
140
577
20
375
777
995
682
411
377
259
992
838
980
808
692
237
760
469
113
345
971
174
593
223
57
615
659
646
733
195
251
84
247
234
598
598
74
60
958
690
291
436
705
468
782
386
80
657
932
316
804
741
513
502
582
867
201
456
745
729
615
571
562
41
268
55
952
161
604
980
233
446
240
461
521
899
322
478
539
352
104
30
55
981
224
180
794
49
996
771
546
273
0
682
542
658
428
671
285
295
435
893
42
87
284
292
827
719
992
449
931
713
81
764
864
275
249
404
853
549
668
643
857
939
824
843
570
44
828
168
523
648
403
42
544
419
198
951
473
775
984
459
265
239
138
715
913
557
694
770
639
716
960
133
831
583
695
77
754
610
807
420
671
954
749
661
788
201
858
216
302
928
524
502
638
954
354
521
348
23
377
257
202
972
826
674
812
522
816
525
400
834
682
0
373
388
512
243
127
412
252
57
442
79
644
826
756
367
963
941
709
96
173
396
845
577
758
783
982
460
527
99
735
953
719
775
555
108
517
156
544
957
48
399
788
33
601
549
920
422
501
22
198
553
839
535
440
548
660
91
689
715
239
784
769
535
129
271
501
41
950
447
453
273
885
562
362
52
552
457
374
917
321
635
924
236
25
950
696
890
888
610
889
454
943
412
422
335
248
675
985
635
542
373
0
651
980
185
784
295
591
690
70
82
377
709
324
744
882
801
380
134
379
433
611
229
462
878
863
517
563
691
447
869
420
718
187
878
382
281
942
816
278
508
415
481
351
383
322
376
940
190
252
590
218
882
112
264
876
650
993
875
115
151
809
665
838
313
705
883
466
603
999
682
324
726
587
890
439
328
592
681
645
830
113
258
38
864
345
421
514
701
514
336
863
684
689
292
22
482
440
828
658
388
651
0
601
995
110
777
950
684
905
717
153
432
299
328
830
682
937
60
191
351
786
74
221
729
285
627
935
481
240
537
571
786
243
454
318
110
485
743
661
715
777
865
770
262
258
260
868
330
367
419
958
186
640
686
269
839
969
528
343
62
897
972
950
816
848
760
704
754
88
587
533
590
868
208
873
865
635
79
947
819
978
920
596
453
324
138
139
352
347
166
26
814
918
257
967
608
560
183
428
512
980
601
0
515
275
842
971
804
982
317
980
61
167
293
602
28
254
784
664
741
823
78
678
730
615
955
418
364
186
177
909
402
620
616
641
609
280
526
302
922
119
756
145
157
57
235
464
683
957
1000
354
641
886
169
961
40
459
798
211
730
465
618
116
851
255
629
284
643
965
690
137
557
115
398
551
890
172
75
211
211
915
116
870
501
692
197
490
695
393
925
365
607
75
212
701
454
25
756
671
243
185
995
515
0
774
310
273
821
519
28
218
190
364
114
458
721
34
522
207
245
481
263
627
907
465
865
736
330
218
287
628
979
319
768
467
658
591
374
34
549
667
130
39
520
244
47
552
848
765
456
139
341
844
684
405
872
121
464
320
844
487
887
817
800
212
806
440
517
804
253
543
80
481
873
816
378
476
678
647
386
587
929
944
159
928
543
110
32
325
615
659
484
813
53
97
846
948
426
285
127
784
110
275
774
0
864
453
600
383
415
185
811
530
608
981
706
555
378
215
640
197
127
943
162
33
122
504
207
966
409
332
247
745
708
207
39
492
787
477
613
598
905
951
261
489
772
828
291
488
995
616
72
505
631
477
339
119
191
148
637
441
744
348
858
709
388
315
614
651
686
806
396
470
751
253
525
565
388
791
685
786
575
989
903
343
670
116
970
988
196
67
318
340
735
581
981
833
358
295
412
295
777
842
310
864
0
819
707
315
306
109
410
271
858
654
498
504
22
907
262
744
999
702
552
915
616
650
598
388
191
282
356
693
444
976
402
568
333
489
754
525
992
686
797
355
645
882
274
955
696
299
384
765
709
111
753
553
27
556
794
447
861
968
851
340
357
990
116
970
958
172
558
767
109
845
533
947
723
335
480
988
70
883
943
80
475
58
865
88
968
612
103
459
792
98
283
202
140
435
252
591
950
971
273
453
819
0
895
666
163
489
112
915
808
976
878
567
149
791
199
445
886
109
242
197
804
531
300
811
706
807
218
527
466
878
574
423
984
624
219
93
809
941
698
666
864
178
865
551
777
810
728
255
326
925
262
316
88
143
924
451
281
730
543
90
173
100
58
828
716
792
951
181
787
985
652
806
567
507
32
234
606
677
752
28
426
964
23
154
37
375
46
239
632
168
636
792
577
893
57
690
684
804
821
600
707
895
0
713
761
973
94
328
528
872
250
106
730
432
436
575
980
290
540
992
989
486
302
52
454
488
567
729
402
753
694
317
610
123
617
982
587
824
642
406
976
749
785
151
551
768
585
750
652
29
357
160
706
406
91
119
908
104
525
924
305
689
163
704
189
143
843
298
884
832
279
639
418
294
694
381
771
877
223
273
449
710
570
320
415
663
697
469
204
28
538
316
20
42
442
70
905
982
519
383
315
666
713
0
787
755
660
910
228
258
221
814
857
152
833
599
139
919
480
132
50
469
106
825
833
879
614
740
954
780
333
360
203
1000
809
659
196
735
681
787
279
678
880
225
460
567
112
120
978
598
173
326
32
205
259
807
104
900
597
897
150
80
171
114
301
449
108
884
702
937
490
25
759
372
708
257
689
187
497
961
318
183
129
223
358
368
532
123
411
975
267
297
375
87
79
82
717
317
28
415
306
163
761
787
0
589
343
745
601
544
712
270
755
601
804
742
842
429
618
427
409
523
223
121
643
308
279
375
803
334
239
97
389
516
816
587
483
268
688
658
914
378
356
306
112
648
601
143
106
897
933
717
929
968
427
201
659
430
137
676
266
271
930
541
784
530
108
685
21
471
816
701
194
899
177
483
834
222
928
931
722
430
222
626
589
613
81
921
460
44
931
776
777
284
644
377
153
980
218
185
109
489
973
755
589
0
413
23
811
550
486
991
129
798
565
162
422
742
857
596
332
368
497
378
793
161
619
203
834
900
314
995
392
424
142
274
392
254
220
614
263
563
499
901
43
48
86
729
538
755
945
33
884
533
630
484
333
981
642
86
994
73
636
334
266
55
655
378
886
502
597
538
702
947
282
696
127
406
203
770
869
38
887
143
443
743
532
665
702
132
777
832
995
292
826
709
432
61
190
811
410
112
94
660
343
413
0
781
41
379
47
330
700
343
324
926
857
388
989
787
680
168
371
619
21
712
955
777
653
816
827
386
607
246
802
762
845
321
231
566
87
78
333
376
554
247
489
617
593
405
187
217
199
161
633
655
204
538
426
54
518
618
240
428
281
556
800
479
789
154
373
171
427
82
229
243
229
986
423
790
253
834
505
803
219
741
651
653
490
471
973
515
682
827
756
324
299
167
364
530
271
915
328
910
745
23
781
0
788
503
894
134
703
277
694
730
625
947
605
316
448
685
881
180
295
831
510
102
221
358
557
610
231
407
673
236
646
669
908
230
207
443
395
97
32
322
39
976
670
484
538
575
719
986
521
558
831
941
695
265
966
985
371
971
92
608
517
673
654
685
98
175
873
672
35
999
178
159
817
708
526
438
660
152
944
465
751
189
398
529
883
520
411
719
367
744
328
293
114
608
858
808
528
228
601
811
41
788
0
54
487
821
605
876
654
969
49
682
300
515
568
159
563
297
705
746
669
840
94
768
959
773
696
308
418
856
465
583
450
580
102
885
900
29
352
692
655
743
774
826
113
711
325
812
526
593
843
567
870
42
94
162
550
194
803
735
651
869
991
482
29
568
455
646
569
685
142
771
634
186
604
964
113
618
907
586
452
630
694
692
785
955
377
992
963
882
830
602
458
981
654
976
872
258
544
550
379
503
54
0
679
573
49
41
623
478
623
665
770
568
874
485
386
126
320
27
520
588
962
574
225
922
372
915
57
609
761
125
966
461
77
594
853
708
520
373
660
683
930
758
563
723
929
197
867
100
234
871
624
226
581
706
23
218
27
847
940
494
897
355
386
557
389
289
885
732
914
997
432
626
47
345
791
517
139
652
581
715
453
874
56
810
259
449
941
801
682
28
721
706
498
878
250
221
712
486
47
894
487
679
0
326
770
325
932
527
615
946
404
677
211
536
87
761
922
840
46
368
963
275
907
743
286
524
702
928
387
528
248
474
783
302
576
397
487
652
85
64
902
221
404
534
931
558
698
397
857
958
925
30
949
364
284
797
692
22
673
913
45
777
371
671
897
412
25
855
139
556
425
190
117
497
859
256
735
899
232
963
979
215
707
959
992
931
709
380
937
254
34
555
504
567
106
814
270
991
330
134
821
573
326
0
906
979
255
937
148
903
83
350
568
772
108
885
187
128
973
981
678
451
743
468
738
632
726
548
944
308
194
516
637
950
958
998
842
98
363
155
605
688
95
652
776
44
923
467
288
987
249
937
960
835
994
483
397
475
448
622
515
547
225
506
413
243
119
290
80
93
894
639
888
627
653
569
607
628
535
203
148
459
73
605
838
713
96
134
60
784
522
378
22
149
730
857
755
129
700
703
605
49
770
906
0
517
53
399
263
357
737
142
562
348
374
601
999
735
859
850
907
378
103
608
61
678
608
222
30
160
713
457
294
885
442
377
349
213
837
229
407
856
960
551
102
48
744
433
823
272
262
917
60
861
45
324
304
206
338
258
117
384
705
890
627
529
508
99
892
635
594
933
756
165
102
974
70
725
627
865
706
103
179
789
980
81
173
379
191
664
207
215
907
791
432
152
601
798
343
277
876
41
325
979
517
0
268
988
294
453
36
557
981
60
210
481
800
504
308
375
999
434
629
95
926
914
132
426
60
817
676
336
95
749
120
840
247
787
86
637
974
835
785
290
303
608
692
577
76
339
459
332
149
373
710
608
378
340
811
487
970
980
424
592
348
919
676
275
930
166
219
265
325
788
297
908
489
488
314
345
850
446
226
677
808
764
396
433
351
741
245
640
262
199
436
833
804
565
324
694
654
623
932
255
53
268
0
194
796
815
325
104
177
820
417
676
610
109
523
410
733
225
180
775
934
400
719
471
34
66
401
249
814
878
457
543
540
822
491
213
260
674
145
502
748
454
556
960
938
784
819
236
974
853
415
663
820
651
789
955
391
570
638
362
183
47
374
726
140
452
389
223
242
74
370
117
387
27
791
982
810
297
365
344
692
864
845
611
786
823
481
197
744
445
575
599
742
162
926
730
969
478
527
937
399
988
194
0
529
929
767
386
879
868
767
537
535
71
676
734
617
96
276
92
998
179
643
775
708
842
794
155
517
754
763
221
172
538
591
28
346
537
28
878
120
827
919
46
275
155
542
202
841
297
856
96
472
268
520
352
214
248
920
906
939
800
236
65
605
350
146
43
438
238
896
373
228
54
258
109
961
530
531
403
237
275
577
229
74
78
263
127
999
886
980
139
842
422
857
625
49
623
615
148
263
294
796
529
0
574
383
198
431
631
271
664
911
492
776
463
262
611
896
165
545
877
384
767
378
604
434
414
763
536
178
712
256
584
714
172
933
933
757
489
32
883
449
699
804
711
400
648
703
811
404
874
172
102
892
625
246
709
574
272
505
426
50
986
223
412
241
581
339
651
529
180
810
1000
295
127
134
752
423
391
760
249
758
462
221
678
627
943
702
109
290
919
429
742
388
947
682
665
946
903
357
453
815
929
574
0
313
941
838
962
95
128
235
395
363
238
458
274
857
636
795
497
277
448
675
550
331
765
448
550
741
769
493
731
780
669
451
182
739
930
103
393
82
729
929
625
95
179
581
822
234
376
967
289
772
925
347
404
507
199
552
260
33
926
805
707
107
156
96
627
531
629
261
111
178
913
556
819
340
49
469
404
783
878
729
730
907
162
552
242
540
480
618
857
989
605
300
770
404
83
737
36
325
767
383
313
0
823
961
215
626
354
915
402
806
961
390
468
913
86
688
513
182
453
820
242
359
371
730
541
647
370
696
702
669
760
45
862
606
417
982
254
308
394
308
906
231
771
101
789
627
645
615
502
630
552
889
661
375
347
895
55
955
111
473
782
654
210
295
84
535
679
399
953
758
314
128
297
98
439
113
853
982
863
285
615
465
33
915
197
992
132
427
596
787
316
515
568
677
350
142
557
104
386
198
941
823
0
64
728
630
983
585
604
338
848
148
995
75
564
199
636
263
191
177
881
954
938
911
414
513
814
28
968
87
373
709
430
840
974
553
888
544
527
832
793
425
978
601
517
807
577
936
34
782
479
911
706
520
977
151
58
939
941
483
512
389
518
145
485
400
884
29
921
827
79
432
416
122
397
345
549
460
517
627
955
865
122
616
804
989
50
409
332
680
448
568
874
211
568
562
981
177
879
431
838
961
64
0
