0
815
669
540
672
606
687
971
624
589
893
717
776
805
613
863
695
907
763
790
783
535
574
726
998
760
687
641
795
526
951
700
825
833
512
796
583
889
686
677
517
942
771
505
856
943
726
759
837
912
572
750
747
826
941
597
944
580
820
858
794
967
530
899
689
677
611
804
847
852
587
860
520
526
978
852
732
906
949
818
718
528
704
865
596
888
663
605
951
517
765
830
923
799
541
982
803
678
939
505
815
0
565
898
989
518
916
633
540
915
888
941
796
664
796
644
711
658
513
797
820
501
767
758
845
788
608
971
832
854
711
707
576
769
967
961
734
545
791
627
662
754
519
762
687
866
986
951
852
871
997
924
938
724
947
689
591
653
643
549
612
783
867
851
822
680
596
820
978
693
923
933
793
950
922
637
742
548
682
893
805
529
760
830
676
582
878
501
765
873
725
995
876
996
757
720
885
615
837
609
669
565
0
672
639
505
856
986
877
540
788
691
976
846
956
585
598
939
800
845
796
920
747
988
564
844
988
929
887
540
576
567
929
996
920
587
802
539
530
697
986
640
840
913
713
803
713
531
845
879
643
520
842
579
992
971
524
566
822
931
817
722
943
813
920
527
826
691
940
855
710
853
697
888
917
834
791
838
589
636
930
716
762
639
684
792
919
828
958
957
759
531
763
805
825
947
584
696
962
611
540
898
672
0
856
846
871
542
686
911
716
798
812
850
627
831
790
914
690
526
518
552
564
711
975
924
925
570
731
763
839
830
867
545
983
925
761
768
906
798
711
568
829
525
733
673
873
643
568
617
591
916
846
547
673
865
806
828
985
936
938
908
849
982
700
778
669
775
883
933
755
514
656
534
990
988
511
877
780
944
519
883
997
515
931
577
782
751
986
757
690
616
872
900
581
590
568
932
928
861
672
989
639
856
0
596
856
522
808
895
904
829
990
581
865
947
732
613
798
805
759
755
955
556
975
648
644
972
674
724
738
876
640
632
986
767
542
621
568
502
698
652
809
616
518
836
954
661
788
575
529
581
946
776
769
752
862
710
779
812
820
971
771
891
720
973
650
805
831
722
988
749
868
720
514
829
965
958
694
714
844
538
916
965
925
788
836
730
999
744
944
906
861
913
516
554
884
769
810
758
606
518
505
846
596
0
832
706
747
682
930
821
793
975
778
597
812
820
559
783
916
764
833
534
689
631
733
665
975
583
560
602
681
821
763
582
800
789
941
948
954
969
882
582
664
820
976
558
985
557
942
703
612
973
995
768
898
723
552
524
745
564
953
736
729
976
568
870
975
671
631
906
566
756
799
846
874
504
927
840
672
703
887
766
817
612
981
937
907
801
606
886
707
547
571
979
809
931
571
843
687
916
856
871
856
832
0
977
711
739
651
776
758
592
636
838
766
670
730
531
584
511
946
848
637
793
716
650
795
614
694
999
740
553
779
959
600
609
576
870
650
707
597
657
541
869
912
649
562
932
545
974
744
653
887
800
517
738
854
516
635
924
792
926
589
961
991
995
529
794
919
744
614
556
553
833
925
689
680
638
659
544
935
609
751
549
900
747
707
835
899
893
528
884
550
786
984
962
707
611
971
633
986
542
522
706
977
0
849
872
958
959
803
710
615
727
986
827
965
680
778
566
571
560
723
662
503
748
921
710
641
824
824
973
839
586
508
739
673
686
804
912
846
933
886
549
532
633
531
566
625
940
527
793
928
607
869
989
501
736
910
513
854
649
796
534
657
769
900
962
730
741
817
638
999
557
696
971
623
616
663
903
651
584
675
570
762
944
566
799
757
990
506
771
645
555
899
703
840
822
624
540
877
686
808
747
711
849
0
857
957
700
681
635
830
888
685
930
813
746
627
514
893
928
507
511
688
822
700
933
945
729
925
511
900
878
727
740
627
814
746
924
789
800
830
918
785
551
707
860
944
926
859
651
987
959
533
786
937
815
651
906
929
726
851
872
721
501
720
665
724
620
521
995
761
729
723
792
879
794
665
583
505
814
610
580
714
732
501
547
565
516
577
561
903
897
515
788
709
577
589
915
540
911
895
682
739
872
857
0
995
871
926
652
557
641
748
776
981
968
691
697
549
753
850
801
845
750
847
746
792
703
987
790
749
508
809
756
691
556
915
863
867
766
753
904
973
911
683
878
950
511
983
746
503
651
755
566
605
919
736
963
596
987
686
743
565
622
918
849
765
632
652
960
686
535
711
971
540
872
509
549
801
817
833
774
545
759
613
629
694
649
543
962
547
558
633
855
714
927
893
888
788
716
904
930
651
958
957
995
0
691
784
937
932
985
856
645
629
834
769
779
836
868
705
817
674
888
878
607
684
649
697
640
619
523
773
937
579
652
947
814
978
599
526
582
745
966
933
835
716
943
982
787
897
665
545
873
867
775
867
974
644
918
733
626
836
520
835
512
568
568
729
825
876
979
824
747
708
640
804
813
909
867
754
969
671
831
600
528
622
551
820
543
640
722
963
519
522
538
717
941
691
798
829
821
776
959
700
871
691
0
565
987
891
861
922
595
531
537
541
563
769
749
951
647
909
900
577
609
582
595
773
838
603
554
850
538
964
511
569
911
973
835
583
923
527
615
540
841
643
768
825
874
708
644
652
825
779
537
954
539
586
610
652
897
633
763
554
891
848
536
820
751
633
990
638
638
879
713
698
598
883
743
861
566
514
721
576
982
990
704
891
887
687
828
589
752
860
948
776
796
976
812
990
793
758
803
681
926
784
565
0
640
552
788
993
721
593
755
706
861
661
672
871
603
886
682
826
974
625
967
755
873
608
859
857
638
599
830
577
632
650
765
652
869
958
664
744
612
951
868
965
549
867
651
584
965
984
836
680
588
789
561
808
852
531
820
642
952
650
879
792
943
806
762
803
689
588
576
819
591
974
504
706
775
582
965
689
919
741
940
732
593
875
950
817
671
910
721
805
664
846
850
581
975
592
710
635
652
937
987
640
0
729
939
907
649
836
507
803
913
580
680
578
822
633
837
772
548
575
887
621
726
866
760
551
729
654
645
760
708
607
806
923
815
917
840
698
622
719
823
860
970
532
926
953
654
650
629
828
729
757
795
858
783
555
936
593
574
614
745
646
898
946
762
847
879
701
727
943
976
694
707
592
788
635
848
711
713
788
584
934
976
588
714
556
710
535
648
613
796
956
627
865
778
636
615
830
557
932
891
552
729
0
747
689
808
861
784
766
946
703
895
851
921
629
889
548
860
936
622
986
745
664
941
725
826
844
530
747
994
885
839
864
707
551
570
593
600
748
576
569
590
596
966
954
843
583
877
749
587
559
809
899
777
643
688
768
526
797
957
992
563
803
771
547
502
649
674
877
735
859
929
854
837
645
865
696
614
950
603
831
642
578
908
504
777
609
966
863
644
585
831
947
597
838
727
888
641
985
861
788
939
747
0
859
929
579
811
914
914
822
769
926
871
659
893
555
907
611
828
513
886
986
509
540
872
658
751
579
609
939
719
994
863
516
968
552
871
562
696
648
846
749
806
867
744
797
800
907
738
675
946
836
803
967
889
597
708
807
716
982
928
693
712
577
846
799
592
760
835
743
701
984
996
954
707
741
553
731
941
689
767
987
934
841
834
777
807
695
711
598
790
732
812
766
986
685
748
856
922
993
907
689
859
0
938
838
679
637
547
611
676
517
634
547
726
531
608
674
617
654
911
863
778
528
838
735
581
793
722
677
649
793
979
848
936
808
759
680
896
634
853
819
570
811
822
539
606
994
502
884
653
600
717
562
687
844
719
529
694
653
846
505
683
658
590
623
683
946
896
583
889
647
512
614
807
693
799
996
738
602
747
963
988
984
693
876
558
907
658
939
914
613
820
670
827
930
776
645
595
721
649
808
929
938
0
868
739
658
1000
542
554
558
613
540
739
580
882
938
518
724
689
740
880
625
609
626
901
968
516
938
865
774
647
840
536
784
607
687
926
589
901
854
848
732
531
750
553
754
996
656
560
858
730
513
592
645
797
628
521
791
919
511
772
829
955
873
580
590
502
501
810
551
945
995
651
973
528
616
770
768
748
732
923
608
805
690
706
763
513
800
690
798
559
730
965
813
981
629
531
593
836
861
579
838
868
0
833
990
594
790
972
958
911
826
866
662
643
974
853
629
939
632
528
656
968
728
736
765
849
798
541
706
853
846
514
947
741
915
616
931
597
781
957
778
578
674
591
630
874
949
575
792
899
504
557
792
785
907
551
826
561
722
957
877
774
694
602
506
535
642
674
773
902
743
548
759
760
932
796
915
936
930
503
892
642
522
802
790
797
845
526
805
783
531
680
746
968
834
537
755
507
784
811
679
739
833
0
562
730
603
754
841
812
657
710
923
524
649
671
735
899
503
789
890
678
963
507
672
982
696
604
607
739
508
929
775
519
901
907
660
898
694
526
501
595
550
626
678
979
534
678
773
769
793
687
553
952
632
510
855
725
812
552
565
862
925
765
891
703
947
807
945
742
730
713
826
595
625
884
654
757
953
771
805
530
820
504
783
820
796
518
759
916
584
778
627
691
769
541
706
803
766
914
637
658
990
562
0
523
894
914
930
861
640
958
779
835
837
942
972
878
936
958
512
943
691
924
558
767
862
830
511
870
737
775
729
941
898
698
883
862
542
874
513
868
847
842
636
839
788
773
788
988
874
555
647
770
861
944
629
801
643
619
855
982
659
726
593
703
880
836
1000
579
542
890
588
922
589
631
699
938
724
554
910
589
555
791
535
501
920
552
755
764
511
566
514
697
779
563
861
913
946
914
547
1000
594
730
523
0
978
868
517
927
860
515
906
624
1000
991
537
551
855
691
926
657
867
857
644
608
841
672
847
550
989
997
691
653
706
734
504
865
511
607
748
560
857
568
963
556
816
501
759
730
738
845
813
553
963
698
515
695
860
658
911
562
935
785
910
773
672
923
820
822
829
722
975
650
886
739
605
699
675
592
796
808
576
790
574
767
747
564
955
833
946
571
893
549
836
769
661
580
703
822
611
542
790
603
894
978
0
802
983
900
720
890
803
523
762
723
917
853
807
508
778
827
989
531
579
509
993
613
744
683
975
654
712
891
605
721
568
850
943
662
947
960
542
838
719
947
605
587
750
581
718
593
521
663
657
880
985
610
677
521
846
834
722
604
942
564
883
784
929
826
663
543
523
514
906
796
816
776
986
665
644
658
549
603
726
758
988
711
556
534
848
560
928
753
868
749
672
680
895
769
676
554
972
754
914
868
802
0
617
830
911
911
765
837
823
873
900
767
973
537
828
697
775
770
771
871
666
556
712
579
648
591
762
550
832
757
799
568
723
635
740
752
875
523
784
894
956
854
515
671
650
507
533
802
849
940
622
652
783
890
911
967
677
567
914
550
906
908
829
618
732
877
813
832
572
927
646
926
902
993
598
621
644
898
998
845
564
975
975
689
637
723
507
850
705
951
871
578
851
926
517
558
958
841
930
517
983
617
0
702
975
969
889
540
887
781
813
865
708
835
944
992
839
835
644
910
748
678
875
589
713
732
834
634
951
642
681
984
741
793
585
848
806
761
548
696
729
547
665
874
904
868
529
506
683
613
748
651
530
976
875
956
887
705
693
637
895
609
902
741
997
923
877
517
779
893
581
904
737
609
753
678
726
830
760
788
844
924
648
631
793
662
511
801
817
647
603
822
921
871
634
613
911
812
861
927
900
830
702
0
695
609
681
598
975
816
808
974
527
971
798
604
909
561
690
565
600
744
866
916
962
553
986
906
819
689
694
820
884
877
769
800
910
576
844
592
841
710
955
905
519
506
942
960
565
917
996
799
564
994
793
831
987
558
759
820
782
989
694
876
689
571
873
638
558
753
809
626
702
743
944
549
557
873
687
608
988
925
644
733
716
503
688
845
674
909
886
633
629
659
547
540
826
657
640
860
720
911
975
695
0
585
931
511
698
664
991
882
940
514
532
982
518
702
604
861
708
961
582
814
849
753
568
922
935
883
674
702
909
586
928
975
648
727
893
652
872
942
651
694
559
775
781
713
927
751
831
649
833
677
700
895
744
789
896
732
846
671
675
831
513
746
557
686
547
590
600
765
842
630
714
731
883
506
641
971
929
570
972
665
650
748
822
750
888
900
682
837
889
893
726
739
866
710
958
515
890
911
969
609
585
0
619
704
632
878
747
938
958
810
741
662
855
919
561
550
538
843
957
868
822
991
663
743
766
619
908
529
954
882
776
996
920
638
637
805
675
613
738
504
604
988
909
795
794
801
728
954
642
948
563
977
938
572
759
990
928
648
934
916
516
812
697
776
856
574
869
856
515
825
785
822
760
698
795
832
887
731
674
975
795
921
700
847
878
577
826
772
548
555
531
580
662
923
779
906
803
765
889
681
931
619
0
843
814
743
720
874
971
599
855
560
698
556
589
518
805
548
659
775
747
676
587
966
840
934
970
539
597
963
822
772
990
799
541
560
662
997
800
903
548
713
704
534
868
668
922
719
714
623
625
866
628
984
857
669
1000
711
512
503
865
905
863
792
801
674
842
791
851
896
867
782
606
699
526
854
540
763
724
583
614
710
933
746
607
609
974
548
860
907
608
882
643
524
835
624
523
837
540
598
511
704
843
0
593
534
761
688
689
577
844
605
927
829
691
808
799
726
894
770
526
755
750
702
627
914
973
628
544
623
643
899
704
933
896
751
608
646
559
964
923
675
923
658
659
600
562
565
599
715
531
863
695
898
777
582
526
547
861
701
980
770
757
957
510
993
525
616
610
957
841
908
847
908
951
711
576
839
738
560
694
641
945
792
684
582
625
575
936
611
674
938
974
649
837
1000
762
823
887
975
698
632
814
593
0
607
783
738
952
597
997
641
804
640
925
878
508
729
509
554
696
984
770
833
508
820
813
991
687
900
539
783
827
860
959
833
702
831
964
852
855
625
519
628
681
983
830
830
964
971
701
644
599
581
731
803
680
940
973
951
755
648
589
582
592
969
719
620
803
775
619
843
720
927
700
707
567
830
876
602
999
824
729
703
649
595
967
887
622
828
617
518
853
671
942
991
723
873
781
816
664
878
743
534
607
0
646
798
961
591
502
746
584
900
695
911
627
984
585
732
550
793
883
599
856
608
966
638
704
894
993
994
911
689
887
840
698
778
605
502
708
557
618
721
872
956
958
992
979
739
787
704
543
947
951
849
524
691
637
575
784
786
807
563
786
874
736
889
542
714
770
577
969
895
825
576
929
867
640
681
740
824
925
987
697
773
755
621
986
513
654
724
629
735
972
537
917
900
813
808
991
747
720
761
783
646
0
861
588
618
980
732
553
538
649
906
731
871
708
757
853
700
965
602
552
765
731
866
778
956
799
716
770
988
853
702
847
830
559
968
937
919
923
655
514
811
774
947
703
913
944
849
601
574
603
585
773
899
835
777
700
596
828
964
632
775
570
943
920
790
632
995
698
797
833
769
996
545
632
821
553
973
511
790
640
838
873
726
745
886
911
689
939
899
878
551
853
767
865
974
882
938
874
688
738
798
861
0
732
802
551
533
793
691
890
640
556
573
801
519
991
680
791
749
709
700
647
784
761
604
696
703
942
653
522
589
567
809
900
632
556
986
997
776
844
919
655
575
786
768
595
542
508
697
819
640
720
792
676
953
867
892
763
973
837
769
668
743
598
803
658
609
995
766
512
967
920
983
986
763
779
839
900
749
619
603
608
866
664
986
863
740
632
503
936
855
807
973
708
527
940
958
971
689
952
961
588
732
0
694
716
783
990
669
797
935
836
982
959
768
717
596
715
525
569
836
593
793
748
742
578
979
620
841
826
967
853
972
700
547
913
772
577
596
550
928
701
837
737
816
712
629
911
564
848
824
907
784
994
998
997
723
908
887
699
946
825
633
963
588
824
864
970
878
796
961
587
925
767
582
959
586
878
508
523
554
859
760
941
509
778
880
528
789
958
691
508
537
835
971
514
810
599
577
597
591
618
802
694
0
528
986
572
761
606
547
750
729
555
698
630
958
559
894
985
835
617
584
822
945
838
880
852
730
965
876
602
934
944
907
775
768
584
549
871
972
607
976
874
945
958
851
953
583
984
893
917
967
666
866
670
772
702
692
567
735
870
698
524
672
983
733
686
582
583
734
802
761
542
800
600
508
727
809
773
850
857
551
725
540
528
625
656
890
512
926
778
828
944
798
532
741
855
844
997
502
980
551
716
528
0
695
885
911
786
594
880
810
672
625
731
916
735
641
604
805
509
881
656
903
972
617
905
551
535
669
815
995
678
929
642
774
706
817
540
666
573
958
812
603
578
988
787
747
879
552
867
641
865
778
784
948
855
676
892
649
984
848
591
862
537
974
864
541
889
545
539
768
621
789
609
739
740
756
937
538
638
729
826
872
838
609
968
678
943
657
827
697
992
604
982
662
560
605
641
746
732
533
783
986
695
0
767
818
897
711
910
709
725
800
559
941
783
865
986
880
516
824
793
912
528
772
870
858
852
885
586
976
566
577
763
979
774
915
514
511
596
941
990
944
685
716
747
683
979
772
949
893
663
652
991
540
770
709
851
931
917
672
911
520
674
808
716
748
686
791
530
906
568
941
576
673
627
691
579
964
599
654
844
658
735
626
728
963
691
867
989
775
839
909
518
855
698
927
804
584
553
793
990
572
885
767
0
734
967
507
578
747
774
883
632
814
771
985
952
656
777
928
896
629
901
603
694
807
683
991
571
834
555
830
967
944
550
564
624
767
768
599
566
533
714
669
588
788
859
755
890
876
700
811
967
904
785
907
554
723
954
573
604
715
730
640
703
719
677
627
697
798
502
948
870
686
814
556
652
511
830
645
530
751
581
901
736
507
924
857
531
770
835
561
702
919
556
829
640
900
538
691
669
761
911
818
734
0
752
795
770
741
585
612
564
583
859
579
590
651
802
696
570
622
596
689
679
748
754
575
547
852
831
852
943
897
776
748
918
596
849
645
528
819
502
955
606
881
617
743
789
973
676
938
911
606
984
638
568
716
958
890
944
890
528
780
732
835
517
662
986
711
698
954
650
804
746
915
947
569
577
760
747
579
793
968
765
672
558
644
579
771
644
690
604
561
589
691
925
695
649
890
797
606
786
897
967
752
0
598
711
748
809
985
929
737
903
918
875
530
711
789
565
946
928
543
597
567
526
709
916
829
763
880
660
630
790
643
706
853
648
654
982
794
754
726
610
568
716
516
936
907
712
755
858
822
760
906
588
583
531
717
507
897
888
596
898
817
942
754
640
568
652
969
707
912
924
863
814
911
632
708
994
609
722
516
849
982
767
608
509
871
910
565
861
550
518
808
878
911
906
640
935
547
594
711
507
795
598
0
579
799
965
670
568
574
935
558
591
731
686
640
933
897
772
563
894
773
706
557
583
596
538
953
885
608
522
858
997
584
806
794
611
652
735
805
950
696
848
627
557
708
988
602
685
552
659
797
568
519
739
738
577
955
649
537
515
677
771
519
840
829
809
882
597
846
789
867
978
973
650
607
885
939
677
938
798
696
862
841
993
666
748
600
708
538
805
799
508
627
731
556
836
750
880
910
578
770
711
579
0
599
687
989
594
952
578
617
813
520
704
567
941
856
614
927
700
727
762
731
851
533
862
532
534
781
544
508
708
806
801
781
624
730
809
669
569
553
900
654
923
796
660
829
752
601
675
539
879
661
508
886
898
724
928
726
742
811
505
762
913
525
616
582
657
933
800
766
599
835
765
806
839
719
649
865
541
604
830
672
613
556
678
744
961
843
548
726
729
984
871
573
982
729
810
709
747
741
748
799
599
0
515
806
899
509
526
780
878
882
665
622
973
695
921
506
959
798
621
928
748
952
791
633
752
590
517
838
820
534
549
946
649
954
551
729
724
742
507
551
608
676
504
556
944
524
603
1000
897
939
816
759
533
606
819
867
653
999
856
687
713
733
518
664
541
886
830
753
526
583
652
923
864
994
793
774
706
607
511
847
744
712
875
866
582
957
659
894
509
585
708
801
959
555
672
725
774
585
809
965
687
515
0
761
648
796
743
622
576
566
926
626
645
747
652
627
755
625
662
715
554
955
954
819
990
546
877
644
961
731
969
642
923
670
554
537
734
729
683
981
780
879
622
789
773
665
802
767
521
598
955
919
675
587
759
611
821
550
943
866
803
673
836
820
869
549
918
904
582
923
869
815
707
863
979
647
853
739
870
550
683
579
589
916
814
868
775
770
554
732
757
519
768
698
625
800
883
612
985
670
989
806
761
0
677
938
665
941
997
615
573
750
858
738
881
599
845
982
885
863
573
713
933
666
705
527
588
891
627
916
931
998
912
518
501
628
856
651
604
507
909
630
651
678
539
721
559
859
900
837
795
856
770
589
897
833
692
549
726
986
713
873
954
976
912
532
785
973
745
527
958
917
551
516
848
840
846
508
737
989
975
648
713
962
849
822
747
526
696
550
853
991
717
630
731
559
632
564
929
568
594
899
648
677
0
871
522
948
778
875
925
947
821
975
884
760
723
783
956
960
692
788
745
872
917
830
652
714
641
559
788
808
818
547
530
699
702
954
619
574
644
980
904
760
658
862
575
581
864
931
939
672
588
790
908
943
788
929
759
951
531
643
661
558
649
633
551
911
966
615
664
840
570
968
936
536
514
929
775
997
654
591
732
553
753
991
676
755
984
793
700
680
596
958
916
941
814
583
737
574
952
509
796
938
871
0
901
905
977
634
575
921
695
691
817
831
865
652
855
946
705
857
809
556
816
787
980
976
902
865
866
929
644
984
606
535
745
591
872
809
935
705
952
644
752
841
877
975
952
759
540
938
932
646
883
561
874
652
837
852
845
568
788
985
562
531
707
683
933
540
744
698
593
552
808
784
947
775
729
691
712
762
834
986
568
663
587
750
770
883
965
791
715
559
735
783
771
859
903
935
578
526
743
665
522
901
0
902
822
974
592
697
648
726
695
919
544
829
837
801
617
960
772
873
717
731
511
765
842
721
955
880
576
619
919
743
850
619
858
894
778
511
765
797
840
920
764
950
857
764
523
643
710
562
681
569
690
820
912
871
879
617
575
557
932
566
860
878
835
841
612
622
600
871
759
607
741
519
941
653
891
550
634
906
922
743
966
702
833
599
602
749
525
894
641
865
985
579
918
558
617
780
622
941
948
905
902
0
762
884
965
576
710
901
529
821
597
710
908
506
870
958
735
525
692
555
923
511
734
886
576
945
658
524
676
525
850
969
722
795
685
948
629
735
578
525
648
700
784
571
779
830
805
928
968
979
848
816
572
997
643
591
529
942
545
625
944
950
716
643
951
719
748
562
680
687
915
901
898
706
605
832
951
819
935
766
840
627
508
856
552
709
569
985
604
986
952
590
875
591
813
878
576
997
778
977
822
762
0
578
805
772
534
603
947
832
941
789
637
783
735
800
908
896
945
958
868
913
621
762
658
813
505
556
935
505
854
834
663
725
983
703
969
593
819
549
709
741
838
806
883
559
617
800
806
583
761
539
750
924
520
916
581
703
974
940
926
511
943
768
868
823
576
696
896
926
616
907
698
734
721
757
642
689
883
619
934
914
820
608
765
700
836
835
805
880
656
651
530
731
520
882
566
615
875
634
974
884
578
0
646
559
749
524
710
946
940
757
909
709
789
573
623
526
515
684
806
893
689
648
930
752
989
779
680
839
921
667
646
690
712
887
900
698
715
632
819
934
769
717
767
560
978
735
658
896
838
825
747
938
842
846
946
612
744
527
859
983
982
825
965
860
569
648
634
589
931
660
883
504
568
799
681
694
674
908
970
973
813
966
731
647
593
617
509
516
777
802
711
686
704
665
926
573
925
575
592
965
805
646
0
999
812
512
550
691
511
739
956
568
752
639
920
516
911
697
843
816
959
771
867
552
860
770
986
852
999
985
733
947
939
654
652
722
725
822
874
709
524
838
860
944
741
799
580
956
938
873
826
724
579
547
776
973
653
793
651
746
787
874
549
970
590
846
853
901
597
898
862
865
850
568
984
820
702
529
539
628
991
638
866
784
793
584
881
824
928
696
789
640
567
622
626
750
947
921
697
576
772
559
999
0
767
807
634
722
989
747
819
780
692
536
968
541
773
853
877
999
786
944
837
912
910
603
642
692
546
728
985
754
671
892
968
586
835
960
590
542
537
712
741
810
934
591
749
516
605
582
941
947
992
673
769
995
887
928
987
503
897
708
867
532
596
749
819
854
781
694
542
511
943
723
741
884
909
954
597
544
687
704
778
761
748
822
656
793
896
570
565
933
941
973
645
858
821
695
648
710
534
749
812
767
0
969
654
997
890
834
762
908
766
606
627
666
890
864
942
952
771
662
932
992
553
904
537
582
876
933
626
881
538
573
672
800
797
554
673
829
745
589
694
788
705
874
939
574
950
915
597
689
971
865
752
768
800
607
959
651
665
644
651
926
966
806
570
848
957
526
874
607
662
635
793
877
586
882
963
623
900
894
956
604
742
945
903
912
629
622
946
897
856
695
747
738
975
691
726
901
603
524
512
807
969
0
754
964
904
878
516
913
632
829
989
663
867
677
807
915
734
849
747
803
695
797
689
688
600
630
784
976
858
900
942
604
697
691
981
863
811
623
559
771
949
931
941
682
864
817
944
591
524
806
862
898
517
869
533
755
545
652
584
953
954
867
811
732
778
501
513
748
947
740
585
769
928
776
822
643
539
993
799
696
578
838
972
528
901
596
928
772
614
921
652
881
884
817
695
529
947
710
550
634
654
754
0
707
938
970
663
640
585
616
895
819
987
623
953
590
977
694
821
796
853
696
622
965
975
930
932
697
777
555
783
880
625
900
556
969
894
541
600
762
996
675
613
800
741
679
580
653
566
828
710
723
738
989
786
566
873
825
965
654
843
744
822
531
578
595
868
560
960
752
848
800
975
996
772
899
783
994
716
703
979
880
617
772
603
689
543
563
927
506
627
599
760
831
919
821
832
946
691
722
997
964
707
0
831
748
606
536
973
667
851
681
787
673
950
531
620
645
816
734
723
898
956
526
827
652
646
891
918
669
532
662
683
633
869
602
713
967
885
786
841
563
875
851
883
654
820
643
822
985
779
552
854
501
937
605
867
779
984
650
583
797
539
750
674
550
847
857
542
875
806
910
648
920
990
704
827
911
770
942
620
852
905
870
694
679
597
894
700
959
755
845
723
865
544
597
941
940
511
989
890
904
938
831
0
537
534
870
716
589
717
755
777
682
587
744
804
858
697
836
915
928
738
986
967
997
515
951
585
997
885
673
514
534
879
884
924
769
802
895
542
985
917
882
846
838
858
549
931
936
812
524
516
736
815
919
775
537
836
629
877
800
606
553
591
626
842
568
838
523
761
576
727
638
799
933
860
689
988
653
841
730
551
858
807
748
567
773
727
798
625
982
783
652
829
710
789
757
739
747
834
878
970
748
537
0
731
589
845
527
617
890
529
537
930
912
898
654
962
634
638
879
514
808
698
659
986
744
587
973
786
840
692
624
505
806
970
681
552
554
771
664
528
795
717
675
794
612
817
938
820
745
635
910
651
736
867
954
680
828
749
907
994
754
630
678
636
963
719
784
548
844
893
637
541
896
959
887
853
522
826
965
535
852
683
754
526
706
762
621
662
885
956
855
837
908
637
909
956
819
762
516
663
606
534
731
0
627
505
678
519
547
662
960
910
637
509
779
591
820
797
958
630
585
522
762
816
582
737
674
689
739
863
801
749
827
522
832
835
537
587
669
900
738
944
991
967
783
722
908
971
564
924
513
906
963
974
539
588
729
587
738
502
996
874
979
839
556
947
894
696
592
652
805
560
751
833
840
702
589
967
876
669
885
991
575
709
557
731
928
715
863
960
946
801
506
783
709
568
780
908
913
640
536
870
589
627
0
840
677
993
939
721
841
825
575
696
932
966
569
516
619
964
583
954
530
657
584
955
808
642
540
554
789
998
623
521
595
596
522
835
526
912
811
846
669
530
867
943
849
771
953
792
854
929
596
644
586
789
757
559
675
884
656
949
534
788
816
605
956
729
841
872
675
662
608
702
698
847
567
853
602
815
586
571
547
916
583
851
748
554
573
692
705
617
870
735
789
752
692
766
632
585
973
716
845
505
840
0
909
956
799
903
686
957
921
754
849
775
608
901
672
955
657
534
953
719
769
726
555
623
938
554
888
622
502
845
711
845
809
848
627
920
691
968
978
899
851
813
982
891
736
926
649
726
987
918
610
561
795
809
946
653
560
575
678
773
501
587
854
547
710
942
613
997
646
831
778
830
809
972
934
995
976
834
852
829
596
533
952
955
713
788
857
960
958
800
573
639
536
606
829
616
667
589
527
678
677
909
0
833
601
821
810
898
999
512
818
614
535
990
930
859
619
663
638
850
869
717
974
896
967
813
523
847
774
784
940
569
993
711
727
756
664
518
708
689
822
920
700
720
729
589
796
851
686
733
652
808
858
899
836
600
858
792
773
788
759
750
515
665
955
651
738
800
559
964
605
559
900
700
944
678
566
555
831
763
538
862
791
954
933
745
809
772
735
908
623
920
968
627
989
895
851
717
617
519
993
956
833
0
907
690
963
743
605
729
653
778
753
874
890
923
525
617
861
724
654
833
632
609
602
988
933
667
562
659
775
523
737
996
725
511
695
851
814
677
680
527
778
973
976
961
534
872
743
626
897
852
783
777
803
717
730
899
769
988
730
581
671
874
905
694
504
903
964
852
502
968
632
547
907
929
577
830
852
880
953
532
633
819
666
872
556
873
525
896
526
516
541
666
663
819
681
755
890
547
939
799
601
907
0
614
929
799
501
525
914
739
980
716
590
876
879
845
602
702
696
940
542
660
677
788
792
839
606
625
710
965
677
809
935
580
745
588
691
611
596
826
669
650
568
991
657
721
565
836
633
531
555
643
967
562
513
504
793
874
738
718
650
904
519
559
604
548
923
855
708
937
556
913
775
642
763
967
943
660
885
534
752
990
705
917
816
717
692
945
515
911
773
890
867
987
787
777
529
662
721
903
821
690
614
0
516
832
532
990
506
900
811
846
851
960
841
652
577
549
962
668
794
978
940
832
839
501
676
911
799
632
845
723
983
658
784
659
929
804
820
691
775
805
870
995
769
501
622
520
763
820
936
688
889
687
592
557
687
555
845
593
507
868
506
775
988
713
675
625
557
919
986
772
768
774
979
944
897
630
608
781
590
546
527
830
787
731
555
958
684
697
853
864
677
623
673
682
537
960
841
686
810
963
929
516
0
775
857
922
839
640
966
542
695
818
854
673
702
951
555
866
609
683
945
800
996
516
702
502
890
670
763
903
692
745
594
875
931
847
978
940
883
831
975
529
900
720
918
835
554
642
593
768
597
844
645
792
553
647
813
521
533
529
942
781
909
704
923
519
618
923
997
577
584
706
774
550
776
790
522
544
517
877
588
652
980
511
923
868
806
843
877
942
807
953
950
587
930
910
825
957
898
743
799
832
775
0
592
609
883
908
950
898
603
791
942
902
708
596
709
818
650
640
781
677
896
800
925
738
635
992
773
601
936
531
558
523
645
852
693
855
933
722
671
794
962
665
849
512
891
952
574
526
708
719
797
785
952
770
553
663
802
506
960
713
795
534
658
628
721
655
776
596
549
817
915
564
748
643
858
508
838
644
891
714
976
765
511
913
893
816
999
952
915
590
531
744
912
637
575
921
999
605
501
532
857
592
0
718
531
776
901
755
907
508
959
625
713
776
844
606
840
752
612
602
775
760
546
703
861
969
713
767
575
911
834
976
703
587
923
710
755
988
631
919
730
724
765
568
848
650
614
797
807
529
628
907
632
861
963
657
849
683
565
927
794
868
659
681
872
514
844
550
871
540
514
624
918
706
997
708
820
961
627
641
902
842
734
621
689
959
786
771
734
977
620
804
898
509
696
754
512
729
525
990
922
609
718
0
901
583
611
571
512
930
604
529
583
828
942
509
808
754
835
567
831
761
999
956
704
720
771
926
622
690
666
593
954
860
933
853
514
749
906
744
741
620
632
568
536
879
745
957
716
694
521
551
510
944
698
880
940
613
917
751
801
668
600
983
956
811
919
928
972
666
511
767
596
853
584
806
534
731
916
559
865
721
886
762
648
771
944
662
849
694
645
858
654
779
932
849
818
653
914
506
839
883
531
901
0
936
629
567
780
789
510
877
542
807
659
959
610
873
621
912
697
582
661
732
824
661
558
833
951
503
808
669
977
520
793
697
656
868
566
614
817
521
652
729
820
792
646
992
982
653
791
826
855
629
515
985
622
748
996
831
728
922
562
830
958
774
655
701
607
573
596
768
849
648
806
801
549
969
931
788
866
955
576
658
930
867
837
932
747
821
816
697
962
591
966
775
614
778
739
900
640
908
776
583
936
0
765
788
861
915
618
854
796
666
597
625
811
685
621
588
925
810
738
672
875
917
838
651
736
646
943
677
773
526
950
888
534
720
756
556
638
995
960
825
751
943
898
563
928
846
919
561
725
801
695
610
652
651
799
649
954
719
565
830
992
947
575
837
976
958
941
599
645
654
794
781
946
642
998
808
929
880
945
813
752
552
912
992
803
796
734
836
634
820
569
608
535
753
980
811
966
950
901
611
629
765
0
962
943
972
987
575
637
767
604
862
660
768
678
573
543
840
571
761
741
713
640
762
971
790
840
719
742
978
922
917
990
514
799
553
999
761
686
876
633
806
946
803
693
505
511
722
812
643
860
677
783
530
564
833
642
714
599
964
979
703
786
737
874
812
990
566
528
982
611
624
649
923
912
818
644
576
658
505
989
860
910
553
695
853
723
915
638
797
516
901
990
874
716
846
542
898
755
571
567
788
962
0
933
533
579
910
705
689
932
882
821
891
668
685
912
796
537
515
515
623
919
717
515
873
586
578
816
852
637
834
988
829
846
833
557
729
535
979
990
762
762
771
712
683
772
957
552
619
658
521
890
976
994
677
948
623
715
971
739
913
768
816
945
603
944
533
819
794
652
730
954
670
518
547
984
619
524
556
779
770
603
904
797
696
898
928
879
958
619
672
930
890
590
851
695
603
907
512
780
861
943
933
0
949
699
515
621
567
916
838
555
583
700
824
848
979
585
752
584
663
905
564
662
921
730
552
882
732
742
791
511
965
874
925
696
723
711
824
638
803
847
547
577
658
829
877
565
855
911
846
911
875
793
700
563
625
531
701
787
944
595
712
958
578
685
714
502
754
735
809
551
554
501
530
606
919
676
935
680
986
642
537
689
622
956
738
514
630
964
955
859
923
876
960
818
791
508
930
789
915
972
533
949
0
739
887
502
781
560
813
584
760
733
594
707
909
996
745
736
621
593
814
831
770
679
956
956
906
548
838
877
958
504
689
971
792
971
747
638
689
879
502
846
590
955
774
862
982
562
834
967
956
831
895
977
866
863
644
704
849
542
629
851
988
716
669
955
726
805
669
729
537
628
699
535
743
525
505
839
852
692
582
688
965
526
986
808
585
583
657
619
525
879
841
854
942
959
604
510
618
987
579
699
739
0
767
979
658
887
840
864
534
790
606
664
551
747
659
824
672
762
711
687
847
691
963
677
949
682
589
780
694
927
680
623
879
540
708
879
588
701
649
799
623
873
694
925
659
935
722
677
887
987
744
938
628
695
599
543
601
508
911
953
787
747
588
606
610
950
569
724
734
856
702
745
850
850
854
921
999
546
876
600
975
827
967
698
522
954
534
663
617
845
652
673
902
625
529
877
854
575
910
515
887
767
0
850
763
638
780
773
897
721
580
945
624
926
823
749
776
779
1000
683
651
574
768
1000
818
893
636
944
714
840
638
616
794
872
640
713
576
727
674
592
683
580
602
765
726
785
604
567
705
558
789
572
984
898
581
947
574
697
564
583
747
683
788
881
568
696
553
742
729
651
954
591
619
969
834
667
985
728
933
630
930
652
997
659
762
530
953
638
861
602
577
702
708
713
583
542
796
637
705
621
502
979
850
0
755
537
934
651
677
923
968
718
876
830
832
568
967
676
940
523
517
776
817
864
718
805
930
519
844
672
659
663
665
509
804
698
819
943
877
760
946
590
506
891
593
910
942
914
693
759
896
759
857
777
731
951
603
819
848
984
879
979
859
617
716
848
900
507
683
604
619
872
858
722
663
646
733
985
626
784
932
646
515
986
816
657
719
850
724
702
549
951
596
776
828
807
666
767
689
567
781
658
763
755
0
692
727
722
720
931
569
872
509
730
762
689
995
910
639
699
774
676
687
808
528
529
716
883
538
703
544
903
583
549
813
598
591
976
735
835
896
502
535
703
703
773
564
550
637
820
732
990
669
582
803
849
585
640
824
893
552
772
755
743
516
627
654
551
981
507
574
809
894
795
725
690
947
754
881
976
697
891
951
744
582
584
769
869
654
696
962
555
709
844
942
659
597
604
932
916
560
887
638
537
692
0
514
812
784
571
575
897
563
965
750
530
617
530
676
692
764
808
549
770
704
760
762
997
916
887
935
651
505
801
909
883
974
694
859
743
583
501
642
947
880
672
883
906
895
782
846
928
1000
526
680
524
773
720
907
917
867
949
890
789
936
557
923
608
780
909
644
935
778
685
983
712
939
671
538
858
777
918
585
587
737
955
726
717
833
940
668
866
818
606
509
959
625
862
882
838
813
840
780
934
727
514
0
601
706
567
781
626
688
891
564
556
592
513
798
962
998
674
859
674
865
830
639
515
965
766
609
584
814
817
867
743
504
707
929
701
889
810
674
807
836
923
784
908
609
989
671
648
711
547
940
691
899
792
784
967
641
893
876
973
907
708
796
676
879
630
980
705
511
948
703
887
654
892
573
900
555
669
997
973
674
808
555
974
632
542
794
609
650
840
808
610
811
660
821
555
584
864
773
651
722
812
601
0
756
701
804
609
588
714
858
519
833
874
533
948
616
755
729
776
596
676
684
931
925
817
751
675
610
833
754
861
706
592
854
984
647
551
773
945
1000
820
929
829
902
694
675
934
512
861
973
637
835
676
994
666
865
663
700
676
712
988
660
504
622
651
904
952
765
629
969
900
652
968
672
942
783
532
885
786
689
642
623
896
609
660
978
683
640
752
754
873
685
768
891
583
760
534
897
677
720
784
706
756
0
879
906
537
775
994
570
885
958
846
933
583
728
746
918
850
888
582
792
577
788
612
549
570
580
774
969
566
775
788
837
996
512
945
902
742
579
822
826
618
741
876
831
916
503
701
951
575
777
953
998
866
778
652
811
938
755
602
829
556
789
678
760
644
797
735
593
698
722
586
800
604
880
662
673
840
739
540
938
967
602
677
940
945
781
612
835
621
621
678
668
700
733
790
721
923
931
571
567
701
879
0
607
795
912
503
916
562
997
616
699
522
708
875
914
662
663
878
919
782
836
981
900
762
714
545
671
514
582
635
645
954
614
995
743
730
542
829
663
732
997
689
513
516
865
980
755
784
700
867
997
670
784
991
967
911
858
685
752
944
773
539
658
752
840
578
819
715
725
835
797
697
625
683
514
692
863
554
554
813
988
788
832
800
677
602
567
912
588
573
685
824
594
606
580
968
569
575
781
804
906
607
0
684
762
666
954
631
949
671
908
802
652
604
750
542
605
501
828
751
730
937
747
944
732
759
831
721
965
848
865
707
807
651
548
713
890
722
543
877
923
571
746
812
905
770
648
786
596
892
723
772
948
540
904
606
822
552
601
524
665
721
862
841
920
525
549
632
822
960
554
691
900
633
534
624
801
789
888
523
933
792
839
996
896
775
831
697
925
543
912
848
707
664
945
718
872
897
626
609
537
795
684
0
567
840
545
866
642
602
589
603
925
779
592
682
951
765
958
986
999
907
707
566
501
613
600
576
689
711
696
741
693
973
759
826
588
975
523
813
877
873
557
697
863
757
589
807
828
763
908
702
855
770
785
984
760
659
675
603
802
559
575
877
764
648
709
819
874
590
673
981
556
869
879
505
749
998
622
847
667
839
501
516
800
760
761
582
810
840
796
979
909
551
624
876
509
563
688
588
775
912
762
567
0
943
534
818
900
808
864
755
793
896
723
704
517
873
957
757
744
801
835
799
547
629
528
982
919
713
614
553
799
528
760
595
922
650
514
832
517
638
686
776
792
957
582
563
964
973
887
692
676
709
907
638
906
797
539
1000
767
859
581
975
950
700
741
934
709
542
829
863
969
602
884
806
827
623
502
774
562
606
676
702
925
546
999
661
738
571
537
585
996
747
926
830
730
965
891
714
994
503
666
840
943
0
696
765
915
646
962
893
684
603
910
818
765
725
759
690
944
606
899
757
565
694
622
990
741
788
950
731
996
616
932
625
589
886
906
572
779
558
547
856
801
510
592
786
632
837
699
567
892
851
554
568
588
568
879
897
521
900
864
952
857
784
838
769
524
537
745
811
894
713
924
970
522
521
845
784
659
625
911
502
738
703
956
732
672
761
515
752
745
659
823
832
762
750
564
858
570
916
954
545
534
696
0
725
566
525
990
765
627
915
563
912
830
995
531
616
906
886
893
990
516
649
551
704
940
584
603
941
738
770
796
884
631
739
796
927
893
753
590
574
674
993
969
874
775
769
946
735
649
931
723
716
583
519
661
939
598
837
931
759
764
571
806
717
838
712
589
623
541
967
769
681
832
595
711
940
775
710
799
890
635
861
704
824
875
741
515
584
736
824
749
568
689
530
556
519
885
562
631
866
818
765
725
0
732
847
694
662
797
548
535
847
923
876
763
872
861
707
528
506
577
543
820
891
732
934
831
689
602
768
915
654
699
605
816
646
581
809
600
869
842
525
719
736
570
668
825
870
984
917
954
958
531
739
508
816
955
795
939
540
523
779
883
767
860
741
694
559
600
885
802
552
835
596
845
569
523
965
632
670
992
969
720
661
917
713
623
663
621
672
776
967
995
617
592
833
958
997
949
642
900
915
566
732
0
883
975
631
979
867
763
868
799
996
805
900
913
547
884
771
561
962
543
887
593
976
642
767
747
748
936
757
938
699
776
926
904
626
765
856
791
616
620
889
943
743
633
698
848
672
573
890
717
738
886
759
919
856
672
938
643
830
559
560
944
810
788
771
762
786
895
554
537
522
809
993
737
677
845
763
773
713
771
558
838
640
919
905
593
762
779
676
910
530
513
874
846
616
671
602
808
646
525
847
883
0
978
912
600
858
794
786
541
757
825
581
516
571
550
645
903
547
640
687
875
588
578
987
963
732
930
953
724
675
986
902
737
702
842
515
851
610
803
542
920
598
963
524
591
911
604
944
507
577
898
533
675
770
588
932
710
805
617
978
741
934
705
949
996
841
542
771
587
835
848
711
996
809
723
903
601
767
926
833
651
762
717
564
814
711
1000
940
639
676
798
533
933
699
908
589
864
962
990
694
975
978
0
586
800
510
526
509
982
720
947
590
554
979
786
555
897
558
722
828
950
714
908
934
988
923
503
771
554
592
665
993
609
743
630
825
896
957
775
714
790
803
588
672
862
520
715
890
897
955
724
606
587
589
790
646
562
928
800
735
799
591
874
931
675
563
985
664
669
526
627
727
725
935
983
692
936
575
622
951
736
971
515
662
831
687
683
523
699
692
962
948
583
522
802
603
755
893
765
662
631
912
586
0
503
666
520
785
803
885
584
568
884
809
984
899
515
633
963
589
817
556
504
841
984
608
892
805
910
796
644
598
753
944
714
785
867
841
619
770
632
658
824
983
537
674
730
528
888
649
928
819
759
897
908
883
681
968
806
658
580
749
939
941
613
875
917
528
900
912
920
756
511
580
658
745
531
911
690
503
646
790
873
921
770
847
651
517
774
764
998
616
728
708
652
925
793
684
627
797
979
600
800
503
0
610
784
556
678
615
696
932
769
931
962
703
788
855
519
752
671
710
777
834
693
805
642
530
589
808
658
621
678
549
731
822
782
908
843
577
995
609
864
733
974
808
640
780
596
537
726
867
611
833
943
561
569
979
583
896
956
516
574
682
800
851
882
795
738
811
691
664
695
745
784
594
558
834
666
808
943
840
586
730
679
691
574
776
676
808
674
755
746
875
604
779
896
603
915
548
867
858
510
666
610
0
704
530
939
837
962
928
810
571
707
840
709
714
522
860
910
535
609
777
876
690
522
820
555
576
549
644
726
557
883
760
606
847
720
969
698
995
970
686
864
716
703
732
898
515
742
653
821
692
788
874
690
848
761
838
938
605
950
864
741
883
846
717
944
846
968
518
851
588
659
875
523
976
593
669
677
719
578
552
956
963
768
817
687
549
859
729
918
914
750
592
723
910
563
535
763
794
526
520
784
704
0
966
505
609
611
861
758
843
611
822
577
927
538
948
721
648
966
807
558
706
802
504
791
790
603
898
830
873
506
698
699
908
927
895
797
766
878
582
541
748
719
835
817
677
811
999
550
549
929
652
820
816
539
825
873
582
915
817
679
654
838
675
991
669
978
708
814
691
929
931
645
703
954
977
773
742
816
882
956
677
1000
864
808
770
674
776
850
662
542
682
704
818
912
847
868
786
509
785
556
530
966
0
