0
913
0
0
0
0
0
0
150
328
697
0
759
0
0
679
0
0
0
0
0
0
675
0
936
0
0
0
0
0
0
0
0
0
0
0
933
486
0
0
351
0
0
0
0
967
0
0
0
0
0
0
0
0
994
0
0
334
0
651
0
0
118
0
0
300
0
0
417
0
398
0
0
0
0
0
0
0
429
0
0
696
0
633
0
0
442
0
0
0
0
0
0
0
538
0
0
0
863
0
913
0
0
0
0
0
0
0
678
0
803
0
0
0
0
0
0
0
0
0
0
0
0
0
530
0
0
0
0
913
0
0
868
0
898
570
0
0
0
0
152
0
0
0
287
0
0
0
0
646
0
0
0
0
0
0
270
0
0
0
0
611
0
0
0
0
0
682
0
0
0
182
0
0
0
0
0
936
0
0
0
456
0
0
0
489
0
0
0
0
0
0
0
0
0
0
0
0
0
875
0
0
0
0
0
0
0
484
0
0
0
0
0
133
0
0
0
0
0
0
0
0
0
922
0
0
0
0
469
0
0
810
0
106
0
853
0
0
0
0
0
0
0
0
0
0
0
0
0
606
0
769
398
0
652
0
0
0
0
0
907
0
0
675
528
448
0
940
0
0
766
0
0
0
0
0
0
784
0
0
0
0
0
111
0
0
0
0
0
0
628
0
0
0
987
0
0
0
0
0
0
0
0
0
0
0
186
0
964
0
0
0
0
0
0
0
0
0
0
0
0
0
0
0
0
0
686
0
0
0
0
0
0
0
0
320
0
721
994
0
0
0
647
0
0
0
0
0
0
270
0
281
0
517
0
0
0
0
0
0
0
0
0
0
0
0
0
0
0
0
292
0
0
0
0
0
662
0
0
0
0
560
0
374
0
0
0
0
0
0
0
0
0
209
0
0
0
254
0
0
0
0
0
0
0
0
0
0
0
0
0
597
984
0
461
0
0
0
0
0
0
0
600
577
0
0
0
0
0
0
724
550
0
939
0
0
962
0
0
0
0
0
0
0
275
0
0
0
0
150
0
0
0
508
0
0
738
0
0
0
0
0
0
0
820
0
512
0
0
316
0
0
0
0
0
0
0
0
0
0
0
0
0
0
0
0
0
0
0
670
0
0
0
0
195
0
0
0
0
0
0
0
0
0
0
0
0
614
0
0
0
0
0
989
0
0
0
0
0
0
0
0
0
0
0
0
835
0
0
0
0
0
0
0
0
0
0
0
0
0
0
0
684
0
0
0
0
0
0
700
0
0
0
0
0
0
0
0
0
0
0
0
695
0
0
716
0
0
0
0
0
0
341
0
977
322
931
0
0
0
0
0
0
0
280
0
0
0
778
0
0
0
0
0
0
0
0
0
724
0
0
0
0
186
0
0
0
0
0
0
0
0
0
0
0
580
0
622
842
802
0
960
0
0
0
0
0
0
0
0
0
0
0
0
0
510
0
0
0
0
0
0
0
0
0
644
0
0
0
0
0
0
0
0
233
0
0
0
0
206
0
934
0
0
0
283
861
997
0
414
0
0
0
0
0
0
0
859
0
0
0
0
0
0
519
258
0
0
0
163
0
0
0
329
0
0
0
0
0
0
0
0
484
0
0
614
0
0
0
0
0
0
0
0
0
0
0
0
436
0
0
0
0
0
0
0
0
0
0
400
0
776
0
0
0
484
0
251
0
364
0
0
0
0
0
0
0
0
0
0
0
0
0
0
0
0
0
0
821
0
294
0
0
0
360
0
0
0
0
0
0
0
746
895
907
0
0
0
240
0
0
878
0
0
960
0
0
0
0
668
0
0
0
0
0
376
0
0
0
0
150
678
0
964
0
0
0
0
0
0
0
0
0
0
0
0
0
0
0
0
0
0
0
0
0
701
0
0
429
0
0
0
0
892
0
389
754
385
0
0
0
0
0
347
0
447
0
0
0
0
205
0
0
0
473
0
0
0
0
0
219
0
0
0
0
0
865
0
0
441
0
0
0
0
0
0
0
0
0
0
0
865
0
0
0
0
0
0
0
0
0
379
0
0
0
0
0
0
0
0
328
0
0
0
0
0
0
0
0
0
0
0
0
663
0
0
0
0
0
0
0
0
0
0
0
0
0
0
0
0
0
0
0
0
0
613
0
0
318
0
0
0
739
0
423
403
0
0
0
0
0
0
0
0
0
263
283
927
320
0
0
770
0
0
0
118
0
0
0
0
0
0
0
0
0
0
792
0
0
0
0
0
0
0
0
0
639
0
0
0
0
851
0
0
0
0
0
591
0
0
697
803
0
0
0
0
0
0
0
0
0
0
0
0
0
0
0
0
0
0
0
0
0
0
0
0
231
0
0
0
0
0
0
0
693
0
0
0
0
0
0
0
0
0
0
0
0
0
0
0
0
882
0
0
0
0
0
0
0
0
0
0
0
0
705
362
0
0
0
0
0
0
257
825
0
0
0
0
0
0
256
0
0
0
0
0
0
0
0
0
0
0
581
0
0
0
0
0
0
840
0
0
0
0
597
0
0
0
0
0
0
0
0
942
0
0
0
0
0
0
0
0
0
0
0
0
890
160
0
0
0
467
0
0
0
0
0
0
0
583
0
0
0
0
0
0
0
0
0
0
0
0
0
0
0
0
0
0
0
0
231
334
0
0
0
893
0
655
0
0
0
0
0
0
0
0
0
0
0
0
0
0
0
0
0
0
200
0
388
0
0
0
0
245
0
0
143
0
0
0
759
0
0
0
984
0
0
0
0
0
0
0
0
0
0
0
0
0
0
0
0
0
0
0
0
0
0
0
0
0
0
0
0
0
0
0
958
0
296
0
0
0
0
0
0
0
0
0
0
0
0
0
0
0
0
0
0
0
0
383
0
0
0
0
0
0
0
0
0
0
0
0
630
0
337
0
0
0
0
624
0
0
156
0
0
0
0
0
490
0
554
0
0
0
0
0
0
0
0
185
0
0
133
0
0
989
0
0
0
663
0
942
0
0
0
0
0
186
428
0
0
0
216
0
0
0
0
0
0
0
735
0
0
0
0
0
0
0
0
0
0
0
0
0
0
0
0
258
0
0
0
0
0
0
0
0
0
360
0
0
711
0
0
0
0
0
0
0
0
0
0
0
0
0
0
0
852
0
0
0
0
0
0
0
0
0
0
0
0
0
0
0
0
0
263
0
0
0
728
0
0
0
0
0
461
0
0
0
0
0
0
0
0
0
0
0
0
0
483
0
0
0
0
0
0
0
785
0
554
0
0
0
0
0
572
0
0
299
0
940
0
0
0
0
433
0
0
0
0
0
710
0
0
0
607
0
0
862
0
0
0
0
0
0
0
169
0
0
0
0
0
0
0
927
0
341
0
0
0
0
767
0
0
0
0
0
0
0
939
0
0
0
0
0
0
697
0
0
0
0
679
0
0
0
0
0
580
0
0
0
0
0
0
0
0
0
0
0
0
0
0
0
0
618
404
0
0
0
794
0
818
0
967
0
0
0
0
0
0
0
0
0
0
0
653
135
0
0
0
848
634
0
0
0
0
0
0
0
0
0
0
315
0
175
0
0
0
0
0
0
0
0
0
0
0
0
0
0
501
0
209
0
0
0
0
0
332
0
0
180
0
0
0
132
0
0
0
0
0
0
0
0
0
0
0
0
0
0
0
0
0
0
0
0
0
0
0
958
0
0
0
269
0
539
299
0
0
0
0
0
0
0
0
0
0
0
0
0
0
266
0
236
0
0
0
0
0
0
0
996
0
0
199
0
0
609
413
298
0
331
0
0
0
0
0
0
0
0
0
0
494
0
0
0
0
0
0
227
0
282
860
0
0
353
0
0
0
0
0
0
0
0
0
0
0
0
0
543
0
0
0
0
0
0
0
0
622
0
0
0
0
0
0
186
0
0
958
0
0
0
0
0
0
0
340
0
0
0
0
0
0
0
0
0
0
216
0
0
0
0
0
0
0
0
0
359
0
653
0
661
0
0
0
0
0
306
0
0
0
175
0
0
0
0
0
0
211
0
0
0
686
0
0
0
0
0
611
0
0
0
907
156
0
0
0
0
0
716
0
0
0
0
216
0
0
0
0
0
0
0
0
0
0
0
0
0
842
436
0
0
0
0
0
428
483
0
0
0
0
0
118
678
0
0
0
0
0
0
0
0
107
0
0
0
0
0
162
0
0
251
0
0
0
0
0
0
0
0
0
0
441
787
0
0
0
0
0
0
296
0
0
0
0
0
0
0
0
0
0
0
0
0
0
0
582
0
0
0
0
0
0
0
0
0
0
0
933
0
562
469
0
0
0
0
0
0
0
960
0
0
0
0
0
0
0
0
802
0
0
0
0
0
0
0
0
0
0
0
0
0
0
0
0
970
0
0
0
998
970
417
0
0
0
921
0
0
0
0
0
0
0
0
0
192
553
0
0
0
564
0
0
0
0
0
715
0
0
0
957
0
0
0
0
796
0
0
0
0
0
0
524
0
0
0
641
0
0
0
0
0
0
390
0
591
0
0
0
0
0
0
0
0
0
0
0
0
0
0
0
743
0
0
0
0
0
0
0
0
0
0
0
0
0
0
0
0
0
0
118
0
0
0
0
0
0
800
956
0
0
0
0
0
0
395
0
0
0
0
439
0
0
0
0
0
0
0
0
0
0
0
0
0
0
0
0
0
0
0
218
0
0
0
156
0
0
0
0
0
0
0
0
276
0
0
0
0
0
0
141
0
0
0
0
0
0
0
0
0
0
0
0
0
0
0
0
0
0
0
0
0
0
0
0
0
0
0
960
0
0
0
0
0
0
0
0
0
269
0
678
0
0
0
0
0
0
716
302
0
0
0
0
636
0
0
0
0
0
0
0
0
0
910
0
0
0
0
0
0
0
0
625
0
0
0
127
0
0
0
0
0
0
890
0
0
837
143
0
0
0
0
0
0
0
0
0
0
0
0
0
247
370
0
0
0
0
0
0
0
0
0
0
0
0
679
0
0
0
0
0
631
675
0
0
0
600
0
0
0
0
0
0
0
0
216
0
0
0
0
0
0
0
0
0
610
0
0
0
0
0
0
0
0
0
0
830
0
0
0
0
0
0
0
980
125
0
0
0
990
0
559
0
0
0
0
0
0
0
0
620
0
0
0
0
0
0
0
983
910
241
822
523
0
0
518
0
0
150
0
808
0
382
427
0
0
0
0
635
0
0
0
0
0
0
0
0
915
0
365
136
0
0
0
922
0
577
0
0
0
0
0
0
0
0
0
0
618
539
0
0
970
0
0
610
0
0
0
0
0
0
0
211
0
0
0
0
0
0
538
0
0
722
0
0
657
0
0
0
911
846
0
0
0
875
0
0
318
0
596
0
359
855
0
0
0
0
0
937
0
0
0
0
0
0
0
727
558
403
421
0
0
0
0
0
0
0
980
163
0
0
726
0
949
0
0
889
0
0
284
0
0
936
530
0
0
0
0
0
0
0
0
0
0
0
0
0
404
299
340
0
0
0
0
0
0
0
0
0
0
0
0
0
0
0
0
384
0
0
0
0
0
922
0
563
0
0
210
0
675
0
616
0
0
0
0
179
0
0
0
0
655
0
0
0
0
0
0
0
0
0
0
0
0
0
0
0
695
0
0
0
372
286
0
0
690
0
0
0
353
332
0
0
0
0
0
412
0
0
0
0
0
0
0
0
0
0
0
0
0
701
0
0
0
0
0
0
0
0
0
0
0
800
716
0
0
0
0
0
891
0
0
0
0
0
0
0
724
423
634
634
989
0
0
0
0
0
0
0
254
0
0
0
0
410
0
0
349
0
0
0
755
177
0
0
0
768
0
374
0
0
0
889
0
0
0
0
0
401
0
513
0
0
921
0
0
0
0
0
0
172
0
0
826
338
0
0
0
0
0
547
0
0
0
0
686
0
835
0
0
0
0
231
890
0
0
785
0
0
0
0
0
956
302
0
0
0
0
0
0
0
292
0
0
0
716
0
0
0
0
320
0
871
0
0
206
0
0
720
0
0
0
0
0
0
0
0
0
0
0
0
0
0
0
0
694
0
0
646
0
0
0
0
0
0
0
0
0
0
0
0
0
0
0
0
0
0
0
679
0
0
0
956
0
0
928
0
0
0
0
0
0
0
0
0
0
0
0
0
0
0
0
0
160
0
0
0
0
0
0
0
998
0
0
0
0
0
891
0
0
0
0
0
0
0
0
0
0
341
0
0
0
0
0
0
0
226
0
0
0
0
0
0
0
0
0
0
251
0
0
0
0
343
0
0
0
0
580
609
932
725
0
0
969
0
0
175
0
0
0
0
0
0
941
763
0
865
635
0
0
861
0
327
0
0
622
579
0
0
0
0
0
0
0
469
0
0
0
0
0
429
0
0
0
0
0
554
794
0
0
0
970
0
0
0
0
0
0
0
0
0
0
0
0
0
0
0
0
0
774
0
0
0
0
0
347
0
0
0
0
0
0
0
0
0
0
0
0
0
0
0
0
707
0
0
0
0
0
140
0
0
0
0
0
173
0
0
0
0
235
0
0
0
0
0
0
588
0
0
0
0
0
0
0
0
0
0
497
0
0
0
0
0
913
0
0
0
0
0
400
0
0
0
0
0
0
0
0
0
0
0
417
0
0
0
0
0
0
292
0
0
0
109
0
218
0
985
865
343
0
0
0
0
0
0
104
0
0
0
0
0
983
0
0
0
0
0
0
0
0
0
0
0
0
177
0
458
0
0
609
0
917
365
0
0
0
0
0
0
0
0
0
0
0
0
0
0
0
0
0
0
414
0
0
0
0
0
0
0
0
447
0
0
0
0
0
724
0
0
0
0
0
0
0
0
735
0
818
0
0
107
0
0
0
0
211
0
0
0
0
0
109
0
0
0
0
0
0
0
0
0
0
0
0
665
0
710
0
0
0
0
700
0
0
425
0
940
0
0
0
0
0
0
0
0
512
0
0
152
749
0
0
684
0
0
0
0
0
0
0
0
0
198
270
0
0
0
0
0
0
0
744
0
0
0
0
0
0
0
0
0
0
0
0
810
0
550
0
0
776
0
0
0
467
0
0
0
0
0
0
0
0
0
636
0
0
0
0
0
0
0
0
0
0
0
0
0
403
0
0
0
0
0
0
0
293
0
0
0
0
0
0
0
0
862
0
0
0
0
0
0
0
0
601
0
0
0
0
0
0
0
960
0
0
965
0
0
0
0
0
0
0
0
519
0
0
0
0
0
0
0
0
0
0
0
0
0
0
863
0
0
623
0
868
0
0
0
0
0
0
0
0
0
0
0
0
0
967
0
0
0
0
0
0
0
0
0
0
0
0
0
218
0
0
0
0
0
0
337
0
634
0
239
0
0
0
0
0
0
0
0
0
459
0
0
0
0
0
0
0
0
606
0
0
0
0
0
0
0
0
0
0
790
0
0
0
0
0
759
0
0
372
853
0
0
0
0
146
0
0
0
0
0
0
0
872
0
0
0
0
0
0
0
0
106
0
939
0
0
0
892
0
0
0
0
0
0
0
0
0
0
921
395
0
0
0
0
0
716
0
0
0
0
0
0
0
0
239
0
0
0
0
0
0
0
0
0
0
961
0
0
0
0
115
0
751
174
0
208
0
0
0
0
0
0
0
0
0
0
448
0
0
0
0
0
0
0
0
0
856
400
0
0
0
0
0
0
0
733
242
0
973
868
0
0
286
0
0
0
265
0
0
0
898
0
0
0
0
0
0
0
0
693
0
0
0
572
0
0
0
0
0
0
0
830
0
384
0
0
0
0
985
0
0
0
0
0
630
0
0
0
326
0
686
0
0
0
0
0
0
0
761
0
0
0
0
0
0
0
0
0
0
0
0
133
370
0
0
0
0
0
0
0
0
270
0
0
0
0
0
0
0
0
0
393
0
0
226
0
0
354
0
0
0
953
0
0
0
0
0
440
0
0
570
853
320
0
0
510
484
389
613
0
0
0
0
0
0
0
216
0
0
0
0
0
0
0
724
0
0
0
865
0
403
0
239
630
0
0
0
0
0
0
0
0
320
0
0
780
0
0
867
0
456
0
0
0
0
0
405
0
0
0
0
0
0
0
831
0
0
0
0
0
0
0
464
0
0
0
587
115
0
373
0
0
0
0
0
0
0
0
0
0
0
420
887
0
0
0
0
283
0
933
0
0
0
962
0
0
0
754
0
0
0
958
0
0
0
0
0
162
0
0
0
0
0
0
423
0
341
0
343
0
0
337
0
0
0
0
0
0
0
0
0
0
0
165
0
831
0
0
0
335
0
0
0
381
0
0
0
297
176
0
0
0
951
556
643
0
0
208
206
0
0
0
0
0
0
0
330
0
0
0
0
0
0
0
648
0
0
0
0
0
0
0
0
0
0
0
0
0
0
486
0
0
721
0
0
0
251
385
0
0
0
0
0
299
0
0
0
0
0
0
0
0
538
0
634
0
0
774
0
0
0
0
0
0
0
0
0
0
0
215
0
0
0
0
0
949
494
0
0
0
0
0
0
0
0
0
896
0
559
0
0
0
0
0
0
0
0
0
0
0
830
0
0
0
0
0
576
0
0
910
0
0
755
0
0
378
0
0
0
364
0
0
0
281
0
0
356
0
0
0
0
0
994
0
0
0
0
0
318
0
0
296
0
0
0
0
0
0
0
439
0
0
0
0
634
320
0
0
0
0
0
634
0
0
0
0
0
0
0
0
0
0
0
0
0
856
0
374
488
0
913
0
0
0
0
0
0
0
0
0
0
0
690
0
0
0
0
0
0
0
0
0
0
0
608
0
0
0
0
0
0
0
0
0
0
0
0
0
0
0
0
0
0
941
0
0
0
0
0
0
0
0
0
0
0
0
364
0
0
0
583
0
0
940
0
266
0
251
0
0
0
0
0
0
989
0
0
0
0
0
0
0
0
326
0
0
0
0
0
0
0
0
0
413
649
830
0
0
0
0
0
0
0
0
0
535
0
0
0
0
0
0
0
0
300
0
0
0
0
0
0
0
0
716
0
0
0
0
0
0
0
0
910
0
0
0
0
393
571
828
0
0
0
0
881
0
0
0
0
351
152
0
0
0
0
0
0
0
0
0
0
0
0
0
0
0
0
0
0
0
0
0
722
922
0
871
0
0
0
0
0
239
0
0
0
0
215
0
0
0
585
0
0
0
0
845
0
0
595
0
0
0
249
0
0
0
0
0
0
0
0
0
0
0
315
0
0
0
0
0
0
0
0
0
0
834
0
0
0
0
0
0
0
0
0
0
0
0
589
0
0
0
196
0
0
465
809
0
564
0
0
0
0
0
0
0
0
0
0
0
0
0
0
0
0
236
0
0
0
0
910
0
0
0
0
0
0
0
0
0
0
0
0
686
0
0
0
0
0
585
0
378
909
0
0
0
202
0
0
245
0
0
370
0
0
0
100
767
0
329
0
0
0
0
0
0
0
0
0
712
0
0
0
0
0
0
0
0
733
0
0
171
0
0
0
0
0
0
0
0
0
0
0
0
0
0
0
200
0
0
0
0
647
0
684
0
0
0
739
0
0
0
0
0
0
0
0
0
0
0
0
980
0
563
0
0
0
0
0
665
0
0
0
0
0
0
0
0
0
0
378
0
0
0
0
363
0
0
0
0
0
0
149
0
0
0
0
0
0
774
0
0
0
0
0
0
0
867
0
0
0
0
932
538
0
281
0
0
0
0
727
0
777
0
453
0
0
0
0
0
337
0
0
0
0
342
0
0
329
0
0
0
0
0
0
0
0
347
0
0
0
0
0
0
0
0
0
0
192
0
0
125
657
0
0
206
0
347
104
0
293
0
0
0
320
0
0
0
0
0
909
0
0
0
0
0
0
0
0
0
0
0
564
234
0
0
0
0
0
0
207
0
0
0
0
0
0
0
0
123
0
389
0
0
0
0
0
139
0
0
0
0
0
0
0
424
625
320
0
0
0
0
0
0
0
150
0
0
0
0
287
0
0
275
0
0
0
0
423
0
0
0
0
433
653
0
0
0
553
0
0
0
0
0
0
0
226
0
0
710
0
0
0
0
0
165
0
0
413
0
0
0
0
0
176
0
409
0
0
0
436
0
0
251
0
683
307
0
0
0
0
0
890
0
0
0
905
0
0
0
0
0
0
0
0
0
0
0
0
0
0
0
0
833
0
0
876
0
0
0
858
0
157
0
0
0
0
0
0
967
0
0
0
0
0
644
0
447
403
0
0
0
0
0
135
0
359
0
0
0
0
0
0
210
0
0
0
0
0
0
0
0
0
0
0
0
0
0
649
0
0
0
0
176
0
0
0
325
0
0
0
0
0
0
0
0
0
107
382
0
0
0
0
0
0
0
0
0
0
450
246
106
0
0
0
0
0
598
0
0
175
0
208
0
0
0
0
0
0
0
0
0
0
0
0
0
0
0
0
0
0
0
0
0
0
0
0
0
0
0
0
0
0
0
0
0
0
0
0
0
0
0
0
0
0
720
0
0
0
0
0
0
961
0
780
831
949
856
830
845
0
363
0
0
0
0
0
176
0
0
0
0
0
0
0
0
0
307
0
0
0
0
0
172
0
0
0
0
0
0
565
0
0
0
0
0
0
0
0
0
0
0
637
0
0
0
0
0
0
0
0
0
0
0
0
0
0
0
0
0
0
0
0
0
0
0
0
0
0
0
0
0
258
0
0
0
653
0
0
0
0
990
911
675
254
0
0
0
0
0
0
0
0
0
0
0
494
0
0
0
202
0
0
409
0
0
0
0
0
866
528
0
0
0
0
0
885
995
0
0
0
0
429
0
0
0
664
0
145
0
0
0
0
0
0
0
0
0
0
145
0
0
0
0
0
0
0
0
784
0
479
0
0
0
0
0
0
747
0
0
0
0
0
0
0
0
0
0
0
0
0
0
0
0
0
0
0
0
564
0
0
0
846
0
0
0
0
0
0
0
0
0
0
0
0
0
0
374
0
0
0
0
0
0
325
176
0
0
0
0
0
0
0
0
0
0
164
0
0
0
0
0
151
0
0
0
0
0
999
0
601
0
0
0
0
0
408
0
0
0
434
384
575
0
0
0
922
0
797
0
536
666
0
413
0
0
396
0
0
0
646
606
270
150
700
0
0
0
0
0
0
0
0
0
848
996
661
0
0
0
0
559
0
616
0
0
0
0
983
700
0
0
0
761
867
0
0
488
0
595
0
0
0
0
0
0
0
0
0
0
0
783
0
0
107
388
863
0
0
0
0
0
0
0
0
0
0
427
0
0
0
0
808
0
0
0
0
912
0
0
0
694
0
239
335
0
0
0
0
0
0
554
830
0
0
0
0
0
0
0
0
0
0
0
0
0
0
205
0
0
0
0
0
710
634
0
0
441
0
0
625
0
0
0
0
0
0
0
0
0
0
459
0
0
0
335
0
0
0
0
245
0
0
0
0
0
866
0
0
0
0
0
0
0
0
0
0
0
0
0
0
0
0
0
723
0
0
627
0
609
0
0
0
0
0
0
0
918
0
0
807
0
282
513
0
0
0
0
0
0
0
408
0
0
0
0
0
688
0
0
0
769
281
0
0
0
0
0
0
882
0
0
0
0
0
0
0
787
0
0
0
0
0
0
0
0
0
0
0
0
0
0
115
0
456
0
0
913
0
0
0
0
0
436
0
0
528
0
0
0
0
0
0
0
0
0
0
0
555
0
0
0
0
0
0
0
351
0
0
234
0
0
0
0
0
0
0
0
0
251
0
0
0
0
0
0
0
0
0
267
0
194
0
0
501
0
0
0
0
0
0
398
0
0
0
0
0
0
0
0
0
0
0
0
0
199
0
0
0
0
0
0
875
0
410
0
0
0
0
425
862
0
0
0
0
0
0
0
0
0
0
0
0
0
0
0
0
0
783
0
0
0
0
0
0
0
0
142
139
0
0
0
215
0
0
0
0
188
0
112
0
0
213
0
0
0
0
0
0
429
0
0
939
0
0
0
264
0
229
0
0
0
0
0
0
0
0
0
247
0
0
0
517
508
0
0
0
0
0
0
0
0
0
0
0
0
0
0
0
0
0
0
0
0
0
0
0
0
0
0
0
0
751
0
0
0
0
0
0
249
370
149
564
0
0
0
0
0
0
0
0
0
0
0
639
0
0
0
0
0
0
0
0
507
0
0
0
0
894
0
0
0
598
0
0
0
0
0
848
0
0
0
0
0
0
0
0
0
0
0
0
0
0
0
0
0
0
0
0
994
0
652
0
0
0
233
0
473
0
0
0
0
0
607
0
0
0
0
715
0
127
0
0
179
0
0
0
0
0
940
0
0
174
0
0
381
0
0
0
0
0
0
234
251
0
0
0
0
0
0
0
0
0
0
0
640
0
0
0
0
0
0
594
0
0
0
0
0
0
0
0
0
0
578
0
0
0
0
0
0
0
0
0
236
360
0
0
0
504
0
0
0
0
0
0
0
0
810
199
0
0
0
0
0
0
0
0
0
263
0
0
0
0
0
0
609
306
0
0
0
0
0
318
0
349
0
251
0
0
0
0
0
0
0
0
0
0
0
0
0
0
0
0
0
0
0
0
0
107
0
0
0
639
0
0
0
0
0
521
0
0
0
0
0
0
501
0
168
0
0
0
0
0
0
0
0
0
0
0
0
0
642
453
0
0
695
0
135
0
0
747
747
539
764
0
0
0
636
0
0
270
0
0
738
0
0
0
0
283
0
0
0
0
0
0
413
0
0
0
0
0
0
0
0
0
0
0
0
0
0
0
0
208
0
0
0
0
0
535
0
0
0
0
683
0
0
0
0
388
0
0
0
0
640
0
0
0
0
0
0
0
291
0
0
0
0
0
0
184
363
0
0
0
0
0
0
997
0
0
0
0
0
0
368
281
0
0
0
716
943
875
0
0
0
0
0
0
0
0
334
0
0
0
0
0
0
0
0
927
0
0
0
360
862
0
298
0
0
0
0
0
0
596
0
0
0
0
0
0
0
0
0
0
0
405
0
896
0
0
0
100
0
0
307
0
0
885
164
863
0
0
0
0
0
0
0
0
0
0
0
0
0
0
0
0
411
0
0
0
329
0
0
0
0
0
0
0
762
0
0
663
0
0
0
0
0
0
0
0
0
0
632
0
0
0
0
0
0
242
0
0
0
0
0
0
0
821
0
320
0
0
0
0
0
0
0
0
296
957
218
0
620
0
0
0
0
0
0
0
0
0
0
0
0
0
297
0
0
0
0
767
0
0
0
107
307
995
0
0
0
0
142
0
0
0
0
0
0
0
0
0
263
0
0
0
0
426
0
0
407
0
0
0
0
371
540
0
0
0
0
0
0
0
0
0
0
0
0
0
0
0
896
0
350
0
921
0
0
0
651
0
0
0
0
0
206
0
0
0
0
0
383
0
0
0
331
175
0
0
0
0
0
359
655
755
0
0
0
0
0
0
606
0
0
0
176
559
0
0
0
0
0
0
0
382
0
0
0
0
0
555
139
0
0
521
0
0
0
0
0
0
0
0
0
0
0
0
0
0
762
0
0
485
0
0
0
0
0
736
0
0
0
0
0
0
524
0
0
0
0
0
0
0
0
898
0
0
0
0
0
0
907
0
0
0
0
294
219
0
0
231
0
711
0
0
0
0
0
0
0
0
0
855
0
177
0
343
707
0
0
0
0
0
0
0
0
0
0
0
0
329
774
0
0
0
0
0
0
0
0
0
0
0
0
0
0
0
0
0
0
952
0
0
0
0
0
0
0
0
228
747
0
0
0
0
0
932
982
0
0
0
0
0
246
0
635
924
0
871
0
316
0
0
0
0
0
0
0
0
0
611
0
0
0
0
934
0
0
770
0
334
0
0
0
315
0
0
0
0
0
890
0
0
0
0
0
0
0
0
0
601
0
0
0
0
0
0
0
0
0
0
0
207
0
0
0
0
0
0
0
0
0
0
0
0
0
0
0
0
952
0
447
0
0
0
0
0
0
0
0
0
0
483
0
0
0
0
0
0
0
0
0
0
0
0
971
614
0
0
0
0
960
429
0
520
0
0
0
695
118
0
0
0
0
695
0
0
0
0
0
0
0
0
0
0
0
0
0
0
156
0
0
0
0
0
0
0
0
177
0
0
0
0
133
0
0
0
0
0
0
0
0
0
0
0
0
0
0
0
0
0
0
0
0
0
291
0
263
0
0
447
0
0
0
0
0
0
0
0
280
0
0
101
0
477
0
0
0
0
0
0
126
795
0
0
0
0
0
0
0
980
0
0
0
0
0
0
685
0
0
0
675
0
0
0
0
0
0
0
0
0
0
0
0
175
0
0
0
796
0
0
0
0
0
0
694
0
0
0
512
0
0
0
370
0
951
0
690
0
0
0
0
0
890
0
0
429
151
0
0
0
215
0
594
0
0
0
0
0
0
0
0
0
0
0
0
0
0
265
0
0
0
997
0
0
0
0
709
0
565
0
0
0
0
653
0
613
861
0
0
889
684
0
0
991
0
0
944
0
0
0
528
0
820
0
0
360
0
0
705
0
0
0
0
0
0
0
0
0
0
837
0
0
0
768
0
0
0
458
0
0
0
0
0
0
556
0
0
0
0
0
0
0
0
0
172
0
0
0
0
0
0
507
0
0
0
0
0
0
0
0
0
0
0
0
0
0
0
876
0
0
0
0
0
728
0
0
0
0
0
0
0
235
0
0
803
0
0
0
0
0
0
0
0
0
848
0
197
0
300
0
448
0
0
716
283
0
0
118
362
893
0
0
169
0
0
0
0
0
0
143
0
0
0
0
0
580
0
0
0
0
0
0
0
831
643
0
0
300
315
0
0
0
0
0
0
0
0
0
723
0
0
0
0
0
0
0
0
0
0
0
0
0
0
0
0
0
0
0
0
0
0
0
0
0
0
0
0
0
0
0
0
0
0
0
0
0
0
0
0
0
979
0
0
0
0
0
0
0
0
0
0
0
512
0
861
0
865
0
0
0
0
0
0
0
0
211
0
0
0
0
983
937
0
374
646
609
140
0
152
0
0
0
0
0
0
0
0
0
0
0
0
0
0
0
0
0
0
0
0
0
0
0
0
501
0
411
0
0
0
0
0
0
0
0
0
0
0
0
0
0
651
0
0
951
0
0
0
711
0
0
0
0
420
0
0
0
0
0
0
0
0
0
0
944
521
276
0
0
0
682
940
0
0
0
997
0
0
0
0
655
0
0
0
0
0
0
0
0
0
0
910
0
0
0
0
932
0
609
749
0
0
448
0
0
0
0
0
0
0
0
0
0
905
0
0
664
0
0
0
351
0
0
0
0
0
0
426
0
0
0
0
0
0
0
0
0
373
0
0
0
0
360
0
0
0
0
0
0
0
0
191
0
0
0
0
0
0
0
0
469
923
0
0
0
0
0
657
0
417
0
0
0
0
0
0
0
0
0
0
0
0
0
0
0
0
0
0
0
0
0
241
0
0
0
0
725
0
0
0
0
0
0
0
0
208
0
0
0
0
0
867
0
0
0
0
0
0
427
627
0
188
0
0
168
0
0
0
0
0
0
0
0
0
0
0
373
0
426
0
0
0
0
0
0
0
0
0
0
0
0
0
0
0
0
0
0
0
0
0
380
458
0
0
0
0
0
188
0
0
0
0
0
316
0
414
0
441
0
0
0
0
0
0
0
0
0
0
0
0
0
822
0
0
0
0
0
0
917
0
960
0
0
0
0
206
0
0
0
0
0
0
0
0
0
0
145
999
0
0
0
0
894
0
0
184
0
0
0
0
0
0
265
876
0
0
0
426
0
887
0
0
0
0
0
0
0
0
0
568
718
0
0
0
0
362
0
0
0
0
0
0
0
0
0
204
0
0
0
398
0
766
292
0
0
0
0
0
0
0
0
0
0
0
0
494
686
0
524
0
0
523
0
0
889
0
0
0
365
684
0
790
0
0
0
0
0
0
0
0
712
0
123
0
450
0
0
0
0
609
234
112
0
0
0
363
329
407
762
228
0
280
0
0
0
0
0
0
887
0
957
0
496
994
0
0
0
0
0
0
210
0
245
148
0
0
0
681
0
111
0
0
135
0
0
0
0
0
0
0
182
0
0
0
0
0
0
0
0
0
0
0
0
0
0
0
0
0
0
276
0
0
0
0
0
0
969
0
0
0
0
0
0
0
0
0
830
0
0
0
0
0
0
0
246
565
0
601
0
0
0
0
0
0
0
0
0
0
0
747
0
0
0
0
0
0
0
0
0
957
0
604
253
0
0
158
0
0
0
0
0
0
0
163
0
0
0
0
0
0
0
756
0
0
0
267
0
784
0
0
0
0
0
0
341
0
746
0
0
257
0
630
0
0
0
0
0
0
0
0
0
0
0
0
0
0
0
173
0
0
965
0
0
270
0
0
0
0
0
0
0
0
389
0
106
0
0
0
0
0
0
0
0
0
0
0
0
0
0
0
0
0
0
0
0
651
0
0
0
0
604
0
0
0
0
0
0
0
0
0
0
870
0
0
944
219
0
0
0
0
0
977
0
0
0
0
0
0
0
0
0
0
0
0
0
0
895
0
0
825
0
0
0
927
0
0
0
0
0
0
0
518
0
0
0
0
0
0
0
0
0
0
0
0
464
0
0
0
0
0
0
932
0
0
0
0
0
0
808
0
0
213
598
0
0
0
0
0
485
0
483
101
997
0
0
0
360
0
0
496
253
0
0
0
0
0
0
681
0
0
0
0
0
228
404
0
0
194
0
0
0
0
0
0
0
0
0
0
0
0
0
0
0
0
977
0
907
0
0
0
0
337
0
0
0
0
0
582
641
0
0
0
727
0
0
0
175
0
0
0
0
0
0
0
0
0
0
0
716
0
0
538
0
0
0
0
0
0
0
0
0
0
0
578
0
0
0
0
0
0
0
0
0
0
0
0
0
0
0
994
0
0
0
0
0
0
0
0
0
0
0
0
0
0
0
0
0
0
0
128
534
0
0
0
0
196
390
0
0
0
0
0
0
0
322
0
0
0
0
0
0
0
0
341
0
0
0
0
0
0
0
0
558
695
0
0
0
0
0
0
0
0
0
0
0
0
0
608
0
0
0
0
0
0
0
0
0
0
0
0
0
0
0
0
0
0
0
371
0
0
0
477
0
728
0
951
0
0
0
0
0
0
0
0
0
0
0
272
0
0
0
0
0
669
0
0
0
0
0
0
0
0
0
0
718
0
0
0
361
0
0
0
662
0
931
0
0
0
792
0
0
0
852
0
0
0
611
0
0
0
0
150
403
0
401
0
0
0
0
0
0
759
0
0
0
0
0
0
0
834
0
281
0
0
0
0
0
0
0
0
0
0
0
0
0
0
0
540
0
0
0
0
0
0
0
0
0
0
0
0
158
0
0
0
0
0
0
0
0
0
653
994
0
0
0
0
981
0
0
869
0
0
0
921
0
353
0
0
0
0
936
784
0
0
0
859
0
0
0
0
0
0
0
0
0
227
0
0
0
0
0
0
421
0
0
0
0
235
0
0
0
0
856
0
587
330
576
0
0
0
0
0
0
0
0
0
0
408
0
0
0
0
0
0
0
997
0
0
0
932
0
0
0
0
0
0
0
0
0
0
0
0
0
0
0
0
0
0
0
0
0
0
0
810
0
0
0
0
0
309
0
0
0
0
0
0
171
0
0
429
0
0
0
0
0
0
240
0
0
0
0
0
0
0
501
0
0
0
0
141
0
808
0
0
513
0
0
0
0
0
0
0
400
0
115
0
0
0
0
0
0
0
139
0
598
0
0
0
912
918
0
0
0
0
0
0
762
0
0
982
0
0
709
0
0
0
0
0
0
0
0
0
681
0
272
0
0
0
0
0
0
0
0
0
0
0
0
0
507
0
0
0
0
473
808
807
0
0
390
0
0
0
0
0
0
0
0
0
0
0
0
624
0
0
0
282
0
0
0
0
247
0
0
372
0
0
0
0
0
0
0
372
0
0
0
0
0
0
0
0
733
0
0
0
0
0
0
0
0
0
0
0
848
0
0
0
0
0
736
0
0
0
0
0
0
711
0
0
0
0
0
0
0
0
0
0
0
0
0
727
0
0
0
0
0
0
0
0
371
0
0
0
0
0
0
0
0
0
116
0
0
0
0
0
0
0
0
0
0
256
0
0
0
767
209
860
907
0
0
0
370
382
0
286
0
0
0
0
0
198
0
853
0
0
373
0
910
0
0
0
0
0
0
0
0
0
145
0
0
0
251
429
0
0
0
0
0
0
0
0
0
0
565
0
0
0
0
0
568
0
0
0
0
0
0
0
0
0
727
0
774
0
0
249
0
0
0
0
0
0
735
0
0
0
0
0
0
0
0
696
456
0
560
0
0
0
878
865
0
0
0
0
0
0
0
0
156
0
390
0
0
427
0
0
921
0
941
0
0
270
519
0
0
0
0
0
0
0
0
0
0
727
0
0
175
0
0
434
0
807
0
0
0
0
0
0
663
0
0
0
0
0
0
0
0
0
0
0
718
210
0
0
0
0
0
653
0
0
0
774
0
0
0
0
576
0
0
0
0
0
0
0
0
0
0
0
0
0
0
0
0
0
0
0
0
0
0
0
0
0
0
156
0
0
0
0
0
0
0
0
0
0
0
0
0
0
763
0
0
0
0
0
0
393
0
0
0
0
0
0
171
0
0
0
0
0
0
384
694
0
0
0
0
0
642
0
0
0
0
0
0
126
0
0
0
0
191
0
0
0
0
870
0
0
0
994
0
0
0
0
0
0
0
0
0
0
0
0
705
0
0
0
0
0
0
246
396
150
0
633
0
111
374
0
0
0
0
0
0
0
0
0
0
0
0
353
0
0
591
0
0
0
0
690
0
0
0
0
0
0
0
0
0
0
0
0
755
0
910
0
0
777
0
0
208
637
0
575
0
282
0
939
0
0
453
0
0
0
0
0
0
795
0
235
0
0
0
0
0
245
0
0
0
0
0
0
0
0
0
0
0
0
0
0
0
0
0
0
862
0
0
550
0
0
0
0
574
0
0
0
0
0
0
0
280
519
960
0
0
0
0
0
0
0
0
0
0
0
0
0
0
0
0
0
0
0
865
588
0
0
0
0
0
0
0
0
0
0
0
0
0
0
0
833
0
0
0
0
239
513
0
0
0
236
0
368
0
0
0
246
0
0
0
0
0
420
0
0
0
148
163
0
228
0
669
0
810
0
0
249
0
0
0
0
0
293
0
520
0
0
0
522
0
0
0
0
0
0
0
0
489
0
0
0
0
258
0
0
0
0
0
0
0
0
0
0
0
0
0
0
0
0
980
0
0
0
635
0
0
0
0
146
0
226
0
648
0
0
0
0
0
453
0
0
0
0
0
0
335
0
0
0
0
360
0
281
0
0
0
0
0
0
653
0
0
0
0
0
0
0
0
944
404
0
0
0
0
0
0
0
576
0
0
0
0
0
0
783
0
0
281
0
0
535
0
0
0
0
0
442
0
0
0
0
0
0
0
0
639
0
200
0
0
0
332
0
0
933
0
0
0
635
163
0
0
679
0
0
0
0
0
0
733
0
0
0
378
0
0
0
0
0
424
0
0
0
0
0
0
0
0
0
0
0
695
0
0
0
524
635
971
0
0
803
0
0
0
0
362
0
0
219
0
0
0
0
0
0
0
0
0
0
0
293
0
0
0
153
0
0
667
0
0
0
0
0
636
128
331
0
0
0
0
0
0
0
0
0
0
0
0
0
0
0
0
0
716
0
0
0
0
0
0
353
0
0
0
0
0
0
0
0
242
0
0
0
0
0
0
0
0
0
625
876
0
0
0
922
0
0
0
264
0
0
0
0
0
0
0
924
614
0
613
0
0
0
0
0
0
0
0
0
0
0
0
981
0
0
0
0
0
0
0
0
0
0
0
0
0
0
0
0
898
0
0
0
0
0
0
0
0
0
0
0
778
0
0
0
0
0
388
490
0
939
0
0
0
562
0
0
0
0
0
332
172
0
861
0
0
0
0
0
0
354
0
0
0
0
393
0
0
0
320
0
0
0
0
0
0
0
0
0
0
0
135
0
0
0
0
0
0
0
861
0
0
0
0
0
0
681
0
0
194
0
0
0
0
0
0
0
0
0
0
520
783
153
0
0
0
661
0
0
0
230
0
0
0
0
0
0
0
0
0
670
0
163
668
0
0
0
0
0
0
0
180
0
0
469
0
0
0
0
726
0
0
0
0
0
414
744
0
0
973
0
0
0
0
0
571
589
0
0
0
0
0
0
784
797
0
0
0
229
0
504
0
716
0
0
0
871
0
0
0
0
0
0
0
0
0
0
0
0
0
0
0
0
0
507
371
0
0
705
862
0
0
0
0
0
0
860
294
0
0
0
0
0
0
0
0
0
0
628
0
0
0
0
0
0
0
0
0
554
0
0
0
0
0
0
0
0
0
0
0
0
0
956
327
0
0
0
0
0
868
0
0
0
364
0
828
0
0
0
0
0
0
0
0
0
0
0
267
0
0
0
0
943
0
0
0
0
0
0
0
0
0
0
0
0
0
111
0
0
0
128
0
869
309
0
0
0
0
0
0
0
0
0
0
661
860
0
0
0
725
0
0
0
0
0
0
0
0
0
0
0
0
0
0
379
851
0
0
0
0
0
0
0
0
0
0
0
0
0
949
0
826
0
0
0
0
0
0
0
0
0
0
0
0
0
0
0
0
337
0
858
0
0
479
536
0
0
0
0
0
0
747
875
0
0
0
316
0
980
889
0
0
0
469
380
0
0
0
0
0
534
0
0
0
0
0
735
0
0
0
0
281
667
0
0
294
0
0
0
0
0
0
0
0
535
0
0
0
0
0
0
0
0
0
0
0
581
0
0
0
0
0
0
216
0
0
0
0
0
0
0
338
0
0
0
0
0
0
0
0
953
420
0
0
0
0
0
0
0
0
0
0
0
0
666
554
408
194
0
0
0
747
0
632
896
0
0
960
0
684
0
979
0
923
458
0
0
756
977
0
0
0
0
0
0
0
0
0
0
550
522
0
0
0
0
0
0
0
0
0
0
0
113
0
0
191
0
0
0
209
0
0
329
0
0
0
0
245
0
0
0
132
0
0
0
0
0
679
0
0
0
0
928
622
0
0
0
0
872
286
0
887
0
0
0
0
196
0
0
0
157
0
0
0
0
830
0
0
0
0
0
539
0
0
0
0
0
429
0
0
0
0
0
0
0
0
135
0
0
0
0
0
0
0
0
0
0
0
0
0
0
0
0
898
0
0
725
0
0
0
0
0
0
0
0
670
538
0
987
0
195
0
0
0
0
0
0
0
0
263
0
0
0
0
0
0
0
0
0
889
412
0
0
579
0
0
0
0
0
0
0
0
0
281
941
0
0
0
0
0
0
0
0
0
413
0
0
0
0
0
0
764
0
0
350
0
0
0
0
0
0
0
0
0
0
0
0
0
0
0
0
0
921
0
473
0
0
0
0
0
0
535
0
0
230
0
0
0
0
0
0
0
666
0
0
0
0
0
0
0
0
0
0
376
0
0
0
0
0
0
697
0
0
0
0
0
0
0
915
0
0
0
0
0
497
0
0
0
0
0
0
0
0
0
0
881
0
0
0
0
0
0
0
0
0
0
0
501
0
0
0
0
0
0
0
898
0
520
0
991
0
0
944
0
0
0
0
0
0
0
0
718
0
0
808
0
0
0
0
0
0
0
0
0
0
0
0
0
0
0
0
0
0
944
0
0
0
0
0
0
0
0
0
0
0
0
0
143
0
0
0
0
0
0
0
0
0
0
0
0
0
0
0
0
0
0
0
863
0
0
0
0
0
0
0
0
465
0
342
150
0
0
0
0
0
0
0
0
0
0
0
0
0
0
921
0
0
0
0
0
848
0
521
0
0
204
0
267
0
0
196
0
353
0
807
0
0
0
246
0
0
0
0
0
0
0
0
0
113
0
666
0
0
0
0
123
0
0
0
254
0
0
0
0
0
591
0
0
0
0
0
0
543
0
960
0
0
0
365
284
0
0
0
0
0
0
0
0
0
265
0
0
0
356
0
0
809
0
0
0
0
0
0
0
396
0
0
0
0
0
0
0
0
0
0
0
0
0
0
0
0
0
276
0
0
0
0
0
0
0
390
0
0
171
0
0
0
0
396
574
0
0
636
0
0
0
0
0
0
0
0
944
0
0
185
319
863
0
0
0
0
724
0
0
0
0
0
0
0
728
0
0
0
0
0
0
0
0
136
0
0
547
0
0
0
447
0
0
0
0
440
283
0
0
0
0
0
200
0
0
0
0
0
747
0
0
688
0
0
0
810
636
0
0
0
0
0
0
685
944
197
0
0
657
188
0
0
784
0
0
0
0
0
0
0
0
0
0
150
0
0
0
128
0
0
0
0
535
0
0
0
0
0
185
0
0
0
875
0
0
0
0
0
0
0
0
840
0
185
0
0
0
0
0
0
743
0
631
0
0
0
0
0
0
0
0
0
623
0
0
0
0
0
0
0
0
564
0
329
0
0
0
0
0
0
0
0
0
247
0
199
0
0
242
0
0
0
695
0
0
0
0
0
0
0
0
0
0
0
0
0
361
0
0
390
116
0
0
0
0
0
0
331
0
0
0
0
0
191
670
0
0
123
319
0
0
