0
989
0
0
0
907
830
0
0
0
0
817
0
0
0
196
430
0
877
639
949
0
821
0
365
299
0
0
540
438
0
530
869
233
885
0
557
492
760
0
706
0
0
649
521
0
0
456
527
471
186
336
0
0
857
0
868
873
613
802
0
347
0
503
611
415
854
269
829
0
727
537
252
0
437
398
0
0
764
604
0
896
517
309
0
295
234
0
0
191
536
871
0
310
181
716
0
0
946
289
989
0
739
0
898
759
0
687
620
0
703
424
445
0
199
0
0
745
742
660
0
839
392
761
0
877
475
578
266
0
759
860
914
720
649
557
373
0
0
896
0
773
588
548
774
794
0
519
903
0
639
0
210
0
284
935
775
883
962
799
798
272
526
466
0
562
989
0
0
0
0
261
566
858
730
507
832
528
324
0
867
764
513
0
524
0
886
307
962
218
824
0
0
0
812
0
338
500
0
541
0
739
0
890
595
852
668
0
226
0
286
493
0
353
0
239
222
494
0
0
917
550
713
537
0
542
0
336
0
0
746
182
268
243
813
375
758
393
430
468
669
884
0
289
589
414
793
0
951
417
695
885
0
194
380
449
0
721
483
0
723
713
0
951
0
677
510
644
0
949
0
843
0
592
0
873
0
227
859
877
0
0
0
395
509
359
0
693
0
0
432
723
0
328
842
0
254
0
862
606
0
0
890
0
0
466
0
0
837
549
677
771
0
831
946
445
310
678
0
205
596
581
283
785
0
0
593
945
625
0
247
0
0
880
703
792
0
0
471
645
668
775
653
0
0
0
445
343
862
0
0
789
785
0
656
0
703
0
0
0
0
0
768
507
290
345
384
0
0
0
997
273
250
603
615
0
0
0
438
555
0
590
652
0
0
917
0
796
783
897
934
688
0
457
0
194
771
0
0
798
0
898
595
0
0
0
433
612
584
196
847
0
0
247
0
345
825
0
256
0
881
0
0
966
0
0
198
0
896
0
404
973
765
0
212
0
872
594
0
439
401
631
0
733
0
354
746
0
0
0
793
837
322
661
0
417
0
632
259
0
0
978
0
0
220
745
403
0
404
750
0
366
866
0
0
0
742
685
0
223
748
0
510
0
0
468
0
289
0
476
505
551
908
554
732
690
209
777
0
0
907
759
852
466
0
0
0
415
431
0
626
0
0
0
551
281
494
0
444
855
0
547
913
0
348
0
262
864
0
722
816
0
728
0
214
0
0
0
305
359
826
0
280
992
0
811
0
687
378
0
0
185
637
0
789
765
535
755
309
829
0
247
0
249
595
0
0
345
0
0
767
288
265
843
0
0
0
692
226
382
0
578
310
980
0
853
709
0
521
839
412
0
630
580
958
0
620
235
552
302
830
0
668
0
433
0
0
780
0
0
192
0
536
0
831
0
0
311
754
423
890
458
786
0
940
0
699
0
0
423
0
872
631
880
0
913
0
0
0
277
0
0
857
0
0
331
0
320
653
869
257
413
513
958
406
506
0
0
0
909
208
709
888
0
0
199
860
0
649
0
0
0
888
448
275
0
668
447
612
0
307
0
437
510
655
0
0
577
412
819
0
564
402
0
768
731
0
843
0
587
0
687
0
0
612
415
780
0
701
576
0
0
0
0
352
266
213
547
832
942
666
314
670
906
0
761
373
310
0
329
454
0
0
0
594
0
928
514
346
337
377
0
508
0
523
822
0
489
697
270
336
341
0
359
483
0
936
0
0
0
0
951
587
0
0
877
993
521
312
180
0
409
0
478
434
0
1000
206
0
0
0
0
319
0
888
0
0
0
0
0
0
937
0
0
388
767
280
0
0
915
0
620
226
837
584
431
0
701
0
624
0
584
321
0
367
0
0
613
0
0
0
0
0
0
794
0
396
0
413
326
899
472
0
182
559
305
594
840
0
0
314
397
0
706
843
605
0
197
524
0
526
0
480
886
596
686
0
219
0
659
0
0
0
544
730
261
336
225
246
0
216
0
0
0
751
0
196
0
0
492
0
515
0
959
0
0
931
364
341
0
552
766
0
297
0
0
765
705
0
0
0
0
0
549
196
0
0
576
624
0
0
0
0
0
0
0
0
223
992
871
851
279
869
208
437
889
919
0
252
831
0
584
213
0
0
928
942
896
840
219
858
961
0
0
0
479
927
907
0
0
0
533
0
840
937
0
720
427
0
809
0
0
0
0
456
0
0
0
295
634
0
0
0
0
576
0
535
662
0
888
521
331
687
941
919
0
0
0
0
350
0
599
0
812
636
0
182
232
0
521
0
703
286
677
847
626
192
0
0
0
0
0
0
0
819
0
0
0
232
0
0
961
0
799
318
263
640
940
0
666
0
284
0
782
518
243
0
0
534
753
977
443
881
0
480
0
241
0
0
0
261
0
287
0
391
0
484
0
304
0
0
0
956
902
0
738
0
180
866
0
359
0
243
275
962
550
992
365
978
0
787
833
0
625
662
181
267
347
0
376
842
0
255
837
334
403
0
264
553
0
817
424
493
771
0
0
0
0
584
0
0
0
0
0
0
306
0
628
0
348
380
0
823
0
0
0
0
0
335
0
0
803
522
966
0
334
317
0
811
0
466
0
0
406
650
942
352
681
836
0
988
763
0
893
871
0
0
940
0
414
772
0
0
381
244
622
435
618
659
878
854
833
488
0
448
1000
0
260
360
0
625
276
0
432
246
0
250
0
341
0
817
957
0
0
0
764
639
483
0
256
0
445
0
0
0
0
536
0
321
0
0
0
0
0
796
391
603
898
0
0
414
414
0
965
684
0
802
0
0
0
361
0
0
0
0
0
979
267
835
435
0
0
0
832
0
395
0
901
0
0
0
551
902
954
498
0
0
764
0
0
465
0
858
0
243
677
0
0
698
640
0
0
0
0
219
0
0
437
0
858
778
485
0
619
303
0
505
776
0
0
0
775
440
737
846
261
960
250
0
945
0
0
353
831
247
0
0
0
0
0
0
0
0
0
503
782
338
215
0
593
869
337
444
0
0
0
387
0
958
595
0
0
0
0
853
781
769
0
834
307
402
314
893
474
0
261
614
655
260
424
0
813
0
0
241
0
414
351
0
585
227
542
0
805
0
879
689
207
0
0
0
230
880
0
0
0
717
907
0
281
512
565
0
0
0
0
0
583
0
437
344
334
857
802
0
279
0
0
530
384
0
199
0
946
0
551
831
352
367
0
819
0
796
503
0
0
0
0
368
428
0
0
720
201
735
0
817
0
442
326
188
366
0
0
0
0
660
823
0
0
0
0
802
0
791
0
375
802
632
288
0
417
345
388
0
0
498
0
0
0
874
946
646
575
0
800
0
0
0
0
621
244
0
197
0
0
744
0
666
197
372
508
510
592
0
792
349
845
335
0
0
0
387
230
694
484
0
760
351
0
196
0
239
445
345
281
0
266
0
0
0
306
391
782
0
0
0
0
0
225
0
499
709
681
0
0
0
387
0
0
0
981
0
538
0
258
0
0
743
222
358
215
611
975
489
202
480
0
641
0
0
0
490
631
0
236
0
621
217
0
0
0
584
574
0
778
0
362
408
822
649
778
778
192
0
0
0
812
742
794
814
419
0
292
813
0
0
0
202
0
0
0
222
238
569
272
184
426
0
844
430
0
222
310
825
494
0
213
0
0
0
0
603
338
0
0
0
985
641
0
0
534
234
216
253
0
0
222
0
242
0
0
239
990
0
767
802
0
0
669
560
0
0
948
0
0
382
196
0
0
661
358
0
438
454
0
424
835
0
511
0
333
231
282
995
0
700
589
965
551
758
342
0
0
875
0
540
615
881
0
0
360
0
873
0
0
462
845
225
269
687
407
669
0
0
597
969
0
0
522
0
745
494
678
0
0
311
547
613
223
0
628
898
215
0
0
985
0
0
206
0
198
936
928
957
0
0
620
858
385
354
0
935
0
451
307
248
0
600
0
679
411
0
0
903
496
271
0
279
354
706
334
667
347
983
0
889
635
222
528
399
573
0
297
698
0
0
242
366
216
821
451
576
645
182
0
381
722
0
364
323
567
0
943
439
267
0
268
0
340
0
438
0
0
0
242
775
945
0
936
877
742
0
0
256
444
754
832
0
992
232
0
0
0
368
0
641
0
0
473
896
0
696
194
475
0
407
844
388
0
467
0
466
0
363
446
793
0
0
561
604
850
0
648
200
0
208
0
0
0
958
750
435
392
857
850
0
0
401
0
219
990
0
760
0
0
253
831
0
315
0
622
598
945
0
643
0
564
712
0
0
0
0
0
431
0
404
581
735
0
364
838
0
0
984
0
374
0
0
0
639
660
0
205
0
855
423
942
0
871
0
348
0
593
428
225
0
206
473
0
862
0
225
0
797
0
267
0
626
365
0
263
269
0
0
0
0
315
237
658
881
935
0
0
492
339
0
0
658
0
0
773
585
778
787
879
589
332
784
0
714
366
0
0
700
360
0
0
525
0
0
0
536
329
0
0
363
339
498
818
0
950
550
576
0
560
0
0
884
424
0
0
0
308
304
659
232
513
0
415
949
0
917
596
881
0
890
666
0
851
0
380
414
869
0
0
0
0
896
862
0
0
896
782
826
0
749
908
653
621
0
369
974
755
596
0
192
0
0
0
0
993
239
514
0
0
324
424
0
374
0
0
871
223
978
255
0
0
734
0
0
997
0
0
977
561
233
340
221
749
740
462
218
0
0
0
0
0
325
675
202
760
720
936
0
843
0
0
580
0
219
0
698
342
388
0
719
730
320
582
0
839
550
581
0
547
458
314
0
279
961
0
414
337
0
499
534
198
0
0
0
0
0
369
0
615
202
0
634
0
0
383
0
335
965
969
564
983
242
351
0
774
197
0
0
0
0
364
552
989
564
810
0
997
327
0
0
0
750
777
625
288
318
253
0
0
0
0
482
816
686
708
0
0
0
778
642
0
0
236
429
0
737
555
0
479
438
0
524
0
471
0
0
0
904
0
678
443
744
284
821
392
713
283
0
913
786
670
0
869
0
823
0
444
720
709
234
936
696
225
896
0
0
0
0
0
669
0
0
533
0
0
0
729
0
588
227
381
856
616
968
0
0
760
961
0
0
459
779
353
750
0
664
0
0
314
0
0
290
438
0
0
732
0
0
656
0
0
0
0
0
0
805
0
689
0
661
0
195
280
946
205
469
344
0
213
0
296
0
322
0
0
0
0
0
0
0
0
216
303
0
761
537
785
966
0
0
906
0
208
799
0
965
0
201
681
216
928
194
0
782
369
0
0
361
676
0
193
0
722
252
970
718
988
388
0
0
0
416
620
591
0
0
0
378
615
0
0
471
0
0
0
0
0
297
285
0
776
0
859
0
511
0
0
0
0
0
779
993
643
0
677
531
0
0
683
908
673
575
292
885
392
244
338
0
975
453
0
0
0
549
0
614
720
0
914
630
0
0
261
365
0
0
0
0
348
940
0
794
437
318
0
684
0
735
0
253
957
475
797
826
0
0
361
0
0
478
350
0
0
450
433
446
0
0
0
0
0
500
464
390
0
304
832
395
736
0
0
625
0
0
0
613
631
0
0
0
0
0
0
0
868
0
0
878
205
532
0
655
543
267
691
718
371
0
596
0
0
580
305
410
627
619
197
620
0
873
425
452
354
0
916
835
0
786
934
218
270
840
489
299
877
542
0
0
0
0
761
0
889
263
0
0
0
0
0
0
0
0
0
0
615
0
676
0
0
395
0
0
555
221
572
0
612
463
437
332
0
957
356
829
0
476
615
0
0
923
581
0
423
0
0
839
0
601
610
0
764
544
0
0
503
0
679
950
0
0
0
0
588
891
0
787
0
444
0
804
0
569
0
959
0
843
705
0
0
0
664
642
472
983
0
0
996
0
0
880
400
311
502
0
475
0
593
198
262
699
373
396
919
640
0
802
387
817
0
0
0
407
267
749
202
669
0
478
395
0
554
652
592
0
0
0
388
277
732
0
0
564
677
0
296
852
400
683
668
374
545
742
267
316
0
0
507
490
0
0
539
0
241
0
917
0
0
688
0
437
0
0
899
0
397
602
362
877
0
592
393
0
0
216
0
715
297
0
0
190
0
187
0
0
0
0
803
0
776
592
555
352
432
0
578
336
945
0
864
0
310
0
0
940
0
0
0
0
387
222
620
844
0
908
0
0
193
350
0
554
0
969
0
0
264
243
0
0
0
0
684
0
623
282
0
672
777
766
0
0
712
896
184
475
616
255
380
0
533
610
0
971
716
612
306
571
321
869
321
325
456
812
786
581
651
0
958
0
749
603
763
0
0
489
861
529
0
574
998
428
728
851
0
0
334
0
633
0
635
667
636
0
0
540
266
0
625
896
0
0
0
413
252
0
335
0
958
442
0
0
858
388
626
653
634
0
0
0
0
652
969
0
652
681
942
0
0
901
0
0
660
0
0
0
505
0
0
0
696
776
0
0
777
0
0
250
382
702
716
971
420
987
317
0
293
864
0
0
376
638
216
0
0
651
0
0
728
0
0
0
198
0
968
0
0
604
518
0
518
701
0
618
0
958
206
0
0
628
0
0
515
783
0
438
0
0
0
0
722
423
329
326
831
666
0
0
595
326
0
242
385
0
365
621
0
533
722
0
555
592
0
652
0
0
663
372
0
0
0
0
333
429
0
675
830
855
0
0
804
0
941
847
618
447
902
404
227
403
516
0
0
0
0
884
908
738
307
0
0
833
984
0
621
475
0
0
622
0
0
817
833
756
0
551
330
0
226
0
0
0
259
0
904
680
992
0
763
481
0
576
0
708
0
0
759
746
247
404
816
0
454
899
0
0
0
361
0
188
0
0
354
467
0
0
0
0
252
450
221
0
0
681
0
0
0
231
0
0
0
740
492
0
0
398
324
803
953
391
646
0
0
705
0
0
512
992
0
0
378
401
0
375
734
471
262
0
0
0
427
0
0
316
0
0
565
0
917
380
0
874
355
358
741
0
850
851
0
0
915
0
577
272
282
569
579
0
718
0
326
333
0
0
0
530
860
182
0
973
0
872
0
472
584
284
803
0
0
366
981
0
0
0
263
369
383
0
970
433
572
0
264
942
663
0
0
980
0
477
0
0
0
261
866
0
0
0
0
758
182
576
482
557
993
751
399
0
503
0
0
0
0
381
911
0
0
591
427
0
714
0
0
862
264
411
0
0
0
0
916
0
769
559
0
0
391
834
947
532
650
0
728
0
0
0
0
0
868
362
0
0
226
321
258
869
914
268
0
765
728
631
0
0
213
0
522
0
0
0
0
239
935
466
269
974
0
0
718
446
0
0
243
0
372
231
980
0
515
786
736
0
992
938
454
0
0
0
425
0
0
0
0
967
467
400
787
0
968
963
0
311
476
588
361
0
272
0
910
822
0
444
277
0
0
420
384
751
0
0
0
0
0
0
211
323
635
0
0
858
307
958
804
0
0
772
893
980
0
921
775
652
0
0
223
233
720
243
880
0
0
880
0
182
0
782
966
0
0
0
538
990
0
0
0
755
335
729
988
0
612
388
0
0
0
0
0
515
0
388
381
367
0
820
202
0
337
883
0
0
0
0
0
0
612
0
0
959
454
837
953
311
0
670
0
351
597
0
652
196
0
0
190
635
0
872
588
0
795
752
340
442
0
732
865
0
0
231
239
0
336
802
0
497
406
859
927
259
483
891
489
0
528
0
0
885
649
813
703
212
214
0
594
559
0
518
0
0
853
0
0
0
451
363
0
596
965
0
388
0
463
277
0
901
0
0
477
786
388
0
748
438
0
530
911
346
321
624
0
0
256
998
343
456
0
318
397
0
0
615
400
982
0
996
271
0
584
865
855
571
0
596
0
0
544
787
0
0
624
0
891
238
0
0
634
760
0
257
0
0
768
510
554
0
525
0
444
480
579
623
874
889
213
0
0
0
557
375
792
0
0
913
0
305
928
243
334
0
781
0
258
767
307
446
0
0
969
588
0
0
437
732
0
0
0
0
0
736
381
748
0
854
0
817
0
320
437
0
510
255
330
0
0
823
0
0
0
519
868
671
241
0
262
629
772
0
483
0
0
200
905
0
748
0
0
223
0
906
0
0
522
0
312
846
0
0
0
370
235
842
0
0
0
0
559
819
452
0
0
474
338
0
232
332
288
557
373
758
0
872
0
0
928
594
942
0
317
979
769
660
0
802
248
793
0
192
564
227
0
0
332
0
0
0
0
740
0
0
367
438
854
0
340
197
742
515
281
187
306
0
251
998
786
0
0
0
381
677
0
249
559
266
0
0
0
0
831
0
0
0
0
414
0
942
850
437
731
0
617
0
0
394
0
973
303
0
0
864
805
419
0
508
311
434
903
721
807
0
0
655
0
0
0
0
304
492
0
393
0
594
0
0
514
840
896
0
0
267
0
823
0
0
0
0
315
0
983
381
0
0
0
0
684
660
333
492
0
992
0
0
0
340
0
0
679
876
0
0
0
296
493
0
870
0
368
946
213
466
0
542
258
487
525
492
0
803
509
453
983
354
0
0
0
0
0
0
0
0
0
406
0
730
0
0
779
707
437
0
727
0
0
445
0
0
312
394
403
0
0
0
0
0
206
0
439
760
0
430
471
0
305
0
346
0
840
534
811
835
834
0
743
0
600
0
237
0
242
856
416
500
957
564
0
0
429
0
261
938
820
530
817
197
0
0
0
901
846
0
338
0
450
664
0
0
722
0
627
863
0
916
0
323
779
865
0
683
0
0
830
0
766
0
0
0
0
809
962
0
925
924
270
599
0
200
0
750
959
645
849
0
197
585
0
953
207
421
765
505
0
719
0
0
949
0
0
0
896
468
645
439
359
277
337
0
219
753
0
435
307
0
222
669
0
561
658
0
351
616
620
464
356
677
623
0
0
0
866
454
202
911
0
742
679
0
0
587
375
0
0
379
591
900
0
0
0
380
0
0
0
550
0
0
651
952
0
0
0
591
0
0
0
711
753
0
741
0
0
711
320
659
603
0
0
908
0
203
0
834
0
0
0
0
0
0
555
0
387
0
0
0
830
0
421
825
645
706
0
669
668
401
826
0
377
314
858
977
466
0
402
0
358
560
679
604
881
0
0
968
591
390
829
0
282
0
675
398
0
0
0
346
320
515
876
901
587
0
314
0
0
973
515
497
770
0
980
618
834
739
929
0
595
710
0
799
302
616
0
910
279
0
183
0
570
0
635
240
278
0
736
0
0
231
731
818
889
0
0
0
439
0
0
296
0
584
0
779
0
0
0
941
897
0
0
0
316
0
773
884
775
631
0
0
0
397
961
443
0
0
314
0
215
0
411
850
935
993
774
0
0
0
0
296
0
505
830
324
0
0
337
321
437
281
0
846
375
314
0
0
365
0
0
809
779
945
368
0
616
222
0
308
617
412
435
0
255
987
0
841
0
0
0
0
718
0
0
0
620
0
315
214
0
217
0
0
431
775
972
304
525
433
612
0
926
476
192
0
0
0
834
462
742
777
0
948
0
0
588
0
653
0
280
857
508
0
0
881
0
0
893
802
611
0
0
0
0
239
197
0
0
304
476
852
672
0
855
803
0
0
883
624
0
187
0
0
0
0
0
0
844
195
497
239
0
718
0
0
0
0
722
575
0
0
0
0
0
914
777
230
0
0
0
583
0
302
719
964
820
903
0
720
254
0
0
816
922
517
269
885
416
445
0
0
386
297
411
328
390
890
491
429
966
0
646
444
727
649
548
289
0
733
992
0
0
706
0
0
406
832
474
0
975
948
0
648
0
514
0
760
0
832
615
400
777
0
0
953
0
425
0
0
510
306
0
338
0
0
365
844
0
0
737
0
907
0
664
0
965
606
0
0
0
0
0
639
371
726
0
0
789
937
0
0
557
0
0
0
849
0
0
595
0
203
611
647
531
0
949
465
0
0
0
0
0
617
227
417
546
0
0
393
0
749
0
517
0
521
774
589
0
0
0
0
523
843
0
480
650
0
0
791
489
0
903
200
492
0
0
961
378
395
0
683
766
0
0
391
758
0
0
0
255
0
296
0
379
973
0
195
0
0
0
272
395
733
961
0
0
223
210
0
800
275
0
975
0
0
818
442
636
287
0
0
828
919
629
0
0
206
0
0
0
0
0
0
571
897
0
0
746
987
420
0
968
0
473
299
0
0
0
0
0
0
866
292
0
0
794
414
0
354
811
331
822
605
479
0
942
395
261
0
202
0
496
0
339
0
0
0
615
736
0
668
0
696
804
646
182
0
0
256
330
251
493
450
591
515
0
497
737
0
0
248
0
672
337
0
810
606
983
374
463
0
0
355
0
402
838
942
376
743
282
0
0
0
0
0
469
215
0
0
583
935
651
0
298
0
623
0
916
421
0
968
985
610
0
451
623
624
580
609
960
817
0
402
0
0
0
793
445
746
0
0
0
0
927
241
352
0
614
375
480
382
271
208
0
324
0
0
0
0
923
374
0
776
0
0
576
0
0
998
0
998
0
664
900
497
809
239
0
272
248
0
0
488
558
300
0
633
757
649
0
0
0
0
812
0
351
937
0
0
686
575
470
0
851
0
0
720
573
0
278
187
0
514
630
0
514
0
658
222
0
825
0
645
0
0
217
897
912
0
0
0
0
428
0
456
519
0
343
0
687
320
489
197
907
0
681
901
655
802
0
196
0
0
0
424
364
459
0
0
581
545
712
0
941
0
482
0
0
343
0
786
870
0
0
770
779
0
907
395
0
0
0
331
883
246
650
0
0
0
0
443
0
188
368
409
0
997
192
408
685
0
750
891
0
251
0
221
442
0
913
222
731
0
0
0
272
0
0
252
0
0
0
384
0
794
0
920
0
840
0
729
0
241
514
527
903
951
862
0
378
653
697
524
0
0
836
0
260
632
641
0
279
0
658
0
552
779
471
625
0
742
896
0
847
705
557
967
0
456
823
0
0
0
0
0
945
718
0
733
672
488
331
0
0
266
0
605
453
0
0
782
0
453
838
0
741
293
0
0
0
328
0
683
0
0
0
615
0
774
842
915
962
696
210
418
351
207
671
921
0
428
0
0
983
643
0
262
677
0
0
399
0
0
0
471
0
417
0
0
0
869
270
0
0
0
0
0
424
288
0
0
354
0
0
374
989
353
0
0
423
267
184
777
618
0
993
467
612
0
0
0
368
722
0
980
368
0
664
961
337
558
883
0
0
786
612
0
0
736
0
863
739
529
0
0
996
612
0
631
800
0
0
348
0
522
731
233
0
0
0
464
0
0
0
0
0
274
732
0
0
427
0
648
485
278
0
0
431
0
957
0
300
944
0
186
639
695
0
793
0
257
336
526
0
261
988
0
0
0
0
661
706
958
0
0
564
750
0
0
0
316
475
0
447
0
751
400
0
318
0
0
946
0
380
618
0
0
0
0
0
300
246
266
786
0
462
722
0
0
370
0
296
0
622
883
502
0
0
272
0
0
547
0
537
439
0
961
642
439
0
527
688
989
0
0
0
0
941
0
0
426
652
0
474
0
0
0
272
658
0
942
433
0
211
336
0
885
789
837
185
413
341
0
533
0
763
551
813
417
0
358
334
750
773
0
810
0
0
0
0
0
616
0
902
512
399
787
0
397
0
381
213
627
0
834
616
0
965
0
810
0
650
0
612
462
0
360
0
0
959
596
0
643
719
0
0
0
0
0
285
293
0
335
0
724
270
198
0
0
397
0
0
0
988
222
0
0
0
736
0
937
281
831
290
700
0
663
595
925
750
0
0
546
699
0
210
0
785
322
637
513
0
480
0
287
0
902
0
345
490
0
667
435
585
871
0
664
0
613
839
0
255
250
404
992
0
0
959
0
519
677
466
863
0
739
222
0
606
223
606
633
0
605
0
722
360
0
0
0
657
0
0
0
0
229
626
649
962
583
822
0
0
816
278
0
0
0
628
384
633
265
744
425
0
556
0
370
491
655
0
0
0
621
0
452
0
0
815
872
0
0
926
0
0
0
0
194
0
661
0
958
359
886
840
0
893
954
0
388
631
438
347
392
778
223
997
0
0
631
0
507
380
382
227
0
503
968
454
0
868
0
0
0
0
929
0
722
0
210
983
757
0
453
0
0
0
0
0
0
577
0
877
0
654
362
963
282
451
0
421
517
609
0
503
0
772
0
384
0
584
0
0
996
827
0
951
0
0
0
837
428
414
0
0
670
421
0
313
992
943
0
809
0
0
857
284
380
656
0
789
406
483
596
937
391
871
498
241
0
0
454
983
857
787
978
327
0
297
0
601
490
0
702
403
0
0
963
837
615
671
249
542
916
550
0
308
575
0
0
374
649
0
0
736
0
0
0
0
0
748
0
848
972
0
645
680
427
0
0
0
209
0
858
0
0
384
363
0
0
590
0
209
436
633
0
310
0
382
0
393
701
0
0
696
663
193
454
191
0
0
844
0
874
621
0
935
449
0
417
765
506
0
686
0
0
0
0
0
0
236
0
0
850
879
255
0
314
285
0
610
0
533
716
516
378
0
0
953
400
241
559
258
0
0
595
617
0
0
800
463
0
0
0
0
370
959
657
577
748
0
0
0
181
880
887
0
671
0
285
608
644
0
903
896
0
581
0
0
404
759
772
0
0
640
399
0
676
228
765
0
0
0
0
621
484
420
554
872
658
590
0
588
957
679
868
775
0
703
0
535
0
936
0
720
484
0
0
414
498
0
424
889
0
589
0
0
0
0
0
0
0
610
971
0
401
0
311
311
982
0
266
487
323
0
710
412
0
0
275
0
0
443
782
863
0
596
0
0
0
0
0
0
922
0
302
0
542
0
0
546
777
0
0
0
0
0
853
0
0
609
652
0
0
0
847
328
199
340
0
419
0
0
383
684
228
0
349
0
946
576
883
403
0
773
873
883
721
0
632
755
0
0
219
427
0
940
764
351
0
621
835
635
0
332
0
0
0
776
0
764
539
0
420
0
0
0
476
0
0
262
0
525
779
651
0
435
0
0
0
0
0
0
0
739
296
0
0
877
848
0
0
0
0
215
314
0
0
900
0
853
413
926
0
0
0
920
677
0
955
0
0
812
837
0
0
708
0
292
0
0
0
0
0
280
0
526
0
0
0
0
0
808
775
278
613
962
483
0
259
309
0
0
0
0
304
0
0
0
0
217
0
222
401
784
734
750
290
0
0
544
0
971
987
0
375
381
588
670
996
629
0
492
865
952
799
0
0
639
975
355
0
188
453
529
0
643
0
0
972
181
922
0
0
0
199
0
774
575
465
565
907
732
858
0
943
907
0
830
0
496
0
599
0
445
0
0
0
302
660
0
0
0
0
857
203
630
877
972
0
0
890
358
0
0
802
799
0
0
0
829
909
0
659
809
0
414
0
585
0
0
511
528
0
0
0
777
438
859
0
0
241
716
317
0
734
911
361
0
271
772
0
0
0
0
302
255
0
371
0
0
812
368
838
0
622
719
0
654
0
880
0
215
0
0
0
0
766
0
878
662
0
420
409
813
430
318
729
0
533
892
242
0
0
286
573
898
608
802
593
836
765
0
293
0
0
0
238
445
0
917
993
761
219
501
0
798
723
0
0
0
208
0
0
0
0
772
465
227
874
0
0
399
219
714
0
625
0
0
0
0
0
612
0
884
471
0
0
351
0
0
0
803
683
0
616
987
914
726
0
402
0
409
0
0
883
0
229
362
645
887
302
314
199
0
0
269
765
0
0
582
0
185
440
0
0
0
0
0
254
0
615
950
0
755
624
782
890
0
443
0
0
0
0
0
524
985
442
257
494
925
638
244
209
0
347
272
713
0
978
247
709
951
0
0
0
0
0
542
946
0
333
573
990
366
997
288
0
511
868
503
917
306
293
908
262
0
272
597
584
483
831
509
0
0
0
0
777
0
818
838
351
0
741
996
502
0
626
963
680
0
0
0
0
0
269
0
274
0
422
0
550
939
232
0
0
0
0
0
0
0
537
761
0
741
0
0
0
932
0
691
948
675
390
0
949
0
688
677
706
0
0
677
473
459
0
526
0
768
0
0
888
587
0
0
956
0
858
0
646
584
231
0
0
0
0
318
732
0
0
0
0
571
864
738
0
591
0
0
865
0
0
453
0
591
910
841
230
0
442
942
937
997
293
612
0
0
649
282
427
671
542
0
774
766
765
274
0
896
682
0
686
0
277
455
0
447
0
0
0
0
0
850
0
255
742
753
0
0
930
0
513
237
0
0
0
564
832
0
834
807
0
453
580
0
503
466
951
507
0
249
0
0
544
0
902
381
0
805
575
574
282
297
760
0
0
253
0
0
0
679
0
321
0
307
0
427
910
652
855
0
0
983
830
0
279
0
0
789
636
376
0
192
0
0
0
0
962
451
0
0
0
900
575
0
0
0
896
0
0
654
455
0
0
437
0
639
0
371
0
497
0
630
330
759
0
216
547
0
553
0
495
431
319
404
533
223
349
673
492
726
0
724
0
311
611
0
0
290
220
595
0
0
730
456
0
244
243
0
0
0
995
698
0
700
977
0
0
0
878
950
688
869
0
0
0
0
822
196
571
200
0
354
0
0
0
0
0
937
287
743
0
408
0
631
272
0
583
0
0
285
0
0
465
878
0
422
682
0
0
269
991
924
0
485
239
269
0
0
487
0
0
0
0
0
834
0
499
0
0
0
579
412
252
0
798
432
761
876
866
0
0
0
867
346
415
562
677
345
745
0
199
877
261
0
738
622
677
879
800
778
0
0
0
360
561
0
656
0
205
0
0
321
376
0
427
714
0
0
0
905
0
0
766
0
183
0
0
0
0
282
686
685
0
800
0
285
822
421
0
608
546
853
565
662
582
0
0
654
269
0
807
628
0
910
796
0
812
0
0
730
0
0
0
0
0
890
699
300
0
0
0
541
0
635
330
0
793
0
0
0
640
0
0
455
854
989
510
384
403
0
860
993
336
0
0
435
0
689
0
0
700
0
253
0
233
0
0
0
532
0
437
325
638
833
0
0
444
0
596
0
414
0
0
711
0
0
583
0
0
0
575
0
328
0
0
293
0
517
209
644
777
413
907
0
0
550
686
455
991
807
0
0
0
0
679
604
592
524
0
0
0
0
490
807
227
0
566
242
411
550
221
788
806
0
0
773
0
527
249
258
0
0
875
911
269
0
644
0
0
345
0
521
225
0
180
618
0
207
0
362
589
242
831
0
340
0
0
779
0
0
0
456
216
984
0
0
277
190
0
748
0
0
0
753
570
718
0
557
828
0
470
750
0
0
547
0
0
609
0
0
0
926
732
420
185
939
0
0
924
628
0
0
200
574
630
0
534
866
524
350
0
430
793
0
0
0
299
0
606
0
0
660
0
0
0
424
904
0
742
0
524
594
0
0
829
0
0
0
404
0
649
312
246
295
866
659
698
0
0
408
965
366
0
525
221
482
0
993
655
0
0
812
0
0
316
862
0
635
0
0
942
0
0
0
0
0
302
0
919
0
0
891
683
348
0
335
816
0
858
903
0
0
858
409
440
232
277
0
0
0
0
200
0
795
0
864
673
246
322
303
0
697
550
643
299
576
0
0
0
981
684
673
292
213
0
0
688
0
0
705
932
430
225
322
0
0
949
0
750
0
0
180
0
634
0
878
640
0
0
822
551
216
315
0
749
816
0
643
543
588
899
786
0
621
0
264
0
0
544
0
850
0
0
741
635
0
719
0
629
0
851
0
0
0
537
0
278
503
0
896
0
0
0
813
0
0
455
437
485
910
0
574
795
0
0
706
773
925
0
313
330
328
413
0
829
249
620
320
0
0
444
0
823
0
0
0
560
522
470
0
0
442
363
0
727
0
0
997
0
767
0
0
216
0
359
854
0
0
621
649
758
821
0
0
740
686
0
0
267
891
0
581
651
475
0
411
420
872
787
223
437
0
809
0
240
0
964
0
0
0
0
251
0
522
439
724
0
0
0
0
0
0
943
430
0
0
0
0
239
796
679
630
0
0
0
787
887
701
847
445
0
0
246
496
814
0
261
0
0
0
0
0
0
967
733
878
0
380
675
519
292
917
751
953
537
261
843
273
366
288
0
409
0
0
0
833
0
230
244
778
342
451
622
0
462
708
0
677
691
0
397
651
0
0
565
0
384
588
0
0
731
0
962
0
278
620
820
849
0
469
0
0
0
731
0
270
0
772
384
581
0
920
907
318
0
0
447
639
269
0
604
0
864
706
787
0
257
589
0
239
648
0
223
0
341
377
0
0
0
0
711
0
836
0
0
0
343
934
845
631
820
820
920
0
252
566
0
250
866
265
888
0
0
0
243
488
0
880
0
778
0
576
598
536
218
0
805
531
718
787
602
0
0
0
0
0
751
0
0
906
0
0
0
711
0
0
903
0
206
215
720
221
615
233
961
198
0
0
363
0
853
677
0
729
0
0
0
0
0
812
592
534
673
773
887
257
0
0
299
210
418
608
0
0
562
880
0
0
0
380
881
936
734
414
236
510
183
0
691
0
0
879
0
885
0
858
592
603
0
843
448
478
0
0
275
0
0
0
197
192
0
645
945
329
0
0
0
0
371
0
362
958
728
622
917
0
0
795
624
0
617
0
925
320
736
315
0
0
0
0
573
442
0
0
642
0
628
384
0
0
0
0
830
0
0
0
0
371
0
0
524
866
246
925
701
589
0
0
262
339
0
0
505
0
0
0
808
341
798
656
355
438
464
250
670
672
0
0
0
200
737
0
561
0
437
730
0
615
0
0
275
434
751
576
962
448
219
0
0
0
875
182
0
0
0
0
689
0
0
444
877
0
0
0
380
0
0
752
0
0
0
406
924
659
0
214
720
595
0
0
0
0
774
0
439
0
384
0
0
404
0
955
0
533
254
0
0
0
487
0
0
524
322
0
847
0
299
262
0
228
370
291
912
648
936
534
700
815
948
0
0
798
0
0
477
870
681
0
691
0
334
0
0
0
398
507
873
0
0
0
0
0
0
0
550
1000
0
0
0
0
0
0
643
0
0
778
0
683
596
0
0
749
0
0
0
916
0
340
891
522
0
0
270
603
0
0
254
0
0
583
278
913
842
0
0
397
633
584
590
759
609
0
496
892
0
0
0
497
0
730
0
350
303
313
445
239
210
339
228
0
785
752
537
0
811
340
688
802
0
852
573
401
0
0
857
321
0
858
799
635
713
888
932
0
0
832
0
0
742
0
668
1000
196
535
992
0
0
717
744
0
540
381
0
363
0
642
661
908
0
804
592
603
0
817
874
0
0
442
238
0
394
730
599
0
231
217
0
203
0
935
187
222
915
464
527
0
265
0
0
772
652
0
0
242
615
537
0
0
0
0
0
0
0
330
0
648
418
0
370
785
0
0
0
894
686
393
427
812
0
0
929
772
296
201
575
0
996
0
241
329
0
0
501
0
0
528
227
0
685
692
447
206
0
662
365
260
437
907
0
812
615
722
564
339
0
0
0
673
0
0
393
763
198
833
355
769
0
0
0
312
0
0
0
0
731
0
0
611
0
651
0
731
962
0
688
0
744
0
209
0
0
812
599
0
950
761
850
630
0
0
0
430
697
328
0
0
608
0
291
752
0
0
0
0
0
565
701
881
0
216
195
916
324
869
840
628
0
0
428
716
342
947
631
0
764
324
859
438
0
226
612
0
0
0
978
360
0
0
666
742
881
0
712
498
325
0
195
575
580
569
0
0
0
756
358
559
0
732
0
846
973
0
200
908
818
0
816
647
0
0
514
0
696
0
989
0
425
996
436
0
0
837
0
0
0
0
0
330
0
0
490
793
550
413
246
223
0
505
912
537
0
0
0
701
343
190
942
703
695
0
415
0
0
0
0
869
0
0
485
957
0
0
0
387
604
0
877
555
223
382
0
0
492
888
0
0
858
281
197
794
0
364
0
818
675
236
280
292
305
0
0
0
968
0
741
0
211
865
634
0
303
779
0
0
889
431
922
531
571
298
630
0
210
0
0
988
0
827
633
640
0
0
445
286
755
741
255
759
0
0
807
0
643
0
496
0
0
0
648
0
894
0
701
0
430
276
427
465
697
0
564
0
798
0
207
935
887
686
0
0
454
0
207
449
0
867
0
0
748
0
307
0
0
521
787
625
778
512
372
814
0
323
0
0
202
429
946
885
410
959
216
489
0
551
0
0
323
0
760
0
0
707
750
203
0
775
517
0
897
0
0
0
418
0
0
222
556
0
0
399
847
0
0
573
624
0
742
0
834
0
227
0
299
829
814
341
562
0
936
811
686
0
343
430
0
978
0
588
312
0
790
557
0
0
596
213
0
461
395
295
424
673
770
209
896
764
0
590
0
578
0
0
515
331
833
276
485
565
508
419
360
567
0
950
760
0
205
392
627
0
0
861
0
330
850
391
635
0
0
0
0
437
959
0
0
972
269
949
0
623
514
272
351
0
0
0
0
951
310
0
328
708
0
898
782
0
753
216
0
890
0
0
576
249
0
377
880
0
534
340
393
565
190
276
978
0
353
396
307
358
0
0
301
373
562
0
401
262
847
0
0
278
538
705
517
513
0
652
510
310
437
319
0
687
0
0
0
0
510
0
0
0
0
550
720
737
469
244
619
843
715
529
604
0
851
834
0
231
257
370
864
0
645
834
0
304
885
465
0
0
0
0
207
274
0
0
370
0
0
676
199
0
0
608
890
0
0
547
499
699
566
299
0
620
261
0
0
808
700
688
427
701
942
427
0
353
0
0
458
0
0
717
0
630
0
381
939
950
203
691
0
0
943
998
309
0
395
0
0
980
510
0
959
941
625
432
619
0
592
292
873
943
0
576
936
555
344
338
197
705
297
0
518
226
0
947
0
239
0
235
805
727
849
0
439
525
416
0
746
916
658
0
671
732
941
0
491
0
382
228
340
292
302
802
0
932
0
0
0
300
242
0
0
320
0
0
0
341
815
802
812
881
703
465
588
396
0
0
0
729
887
0
0
781
526
513
673
0
594
831
0
928
665
432
0
524
509
0
0
0
655
888
0
919
662
246
303
0
0
813
0
439
431
0
0
0
0
0
620
0
0
574
0
0
0
532
858
0
0
842
419
0
0
0
0
433
445
0
987
421
222
252
921
0
0
736
655
0
0
765
0
0
660
593
443
0
930
553
0
0
411
606
0
0
0
0
0
798
948
0
0
0
695
697
312
307
458
0
0
0
725
560
0
675
0
646
192
0
0
692
187
0
572
0
295
0
359
917
468
853
0
0
0
0
181
0
0
0
792
0
0
267
0
560
843
479
213
975
0
0
0
998
518
0
915
650
307
336
768
0
0
0
197
0
0
612
0
0
420
0
0
0
0
0
0
0
0
837
393
0
419
0
0
836
0
691
0
0
0
0
550
0
981
0
0
0
380
656
0
852
0
216
0
0
0
358
0
729
0
0
0
203
0
522
221
0
182
658
801
0
0
0
534
0
234
886
0
0
0
709
0
0
931
0
267
250
505
0
349
0
462
0
404
0
0
438
0
453
873
0
190
428
701
0
0
0
958
802
510
0
508
445
585
0
296
0
0
0
0
968
825
0
428
427
426
937
0
428
701
0
0
0
0
765
0
948
513
495
579
0
221
0
684
444
0
711
881
355
0
573
929
195
415
564
790
0
0
887
725
0
0
192
948
0
0
0
674
676
0
246
729
384
0
734
0
307
693
796
289
0
577
0
364
0
347
0
776
583
845
0
845
268
581
0
0
0
296
0
425
664
0
728
0
259
577
728
804
0
554
0
311
0
0
0
0
926
386
0
968
985
0
0
0
0
652
281
0
414
0
0
0
0
0
0
0
675
237
431
412
541
788
660
673
0
0
0
936
438
798
401
772
916
0
0
557
0
717
0
560
203
192
0
921
224
794
0
0
797
0
790
0
747
383
0
0
962
0
783
0
521
412
0
341
0
0
341
0
0
335
202
225
0
735
884
580
524
0
0
452
642
187
851
618
0
272
0
0
497
0
0
434
0
953
0
584
476
297
617
0
610
645
384
0
648
0
831
621
0
0
0
383
0
0
293
0
390
0
319
252
0
806
0
292
823
0
836
734
464
0
0
296
324
0
798
0
301
0
0
0
0
948
921
0
0
0
0
884
872
0
784
0
731
273
205
191
218
0
897
476
839
819
0
0
350
376
0
0
437
0
0
269
340
0
424
0
0
322
0
354
472
0
0
0
904
282
0
0
406
525
559
903
312
207
555
0
192
411
227
473
0
0
0
983
485
474
290
0
0
696
621
684
280
857
0
0
0
0
404
0
635
0
0
213
0
967
0
414
250
0
0
201
869
0
0
0
373
630
781
675
522
0
224
0
0
0
677
0
298
764
302
847
343
753
0
536
824
432
934
505
412
0
0
552
0
842
817
0
344
0
0
687
0
364
0
219
471
0
549
0
983
0
0
958
680
569
0
772
859
0
819
721
394
421
0
779
0
328
417
299
451
0
794
643
278
0
700
452
670
663
484
228
0
203
0
524
949
0
533
798
330
0
0
0
0
733
0
236
670
477
857
575
840
0
207
596
562
0
526
0
221
0
794
0
0
0
524
428
0
0
0
897
0
829
0
871
0
723
688
551
0
564
937
766
599
0
957
775
334
0
0
407
438
838
0
0
0
0
0
916
0
0
334
206
992
579
0
893
927
444
452
807
403
765
387
0
0
390
546
0
623
217
0
0
0
0
0
0
421
193
420
0
526
630
0
985
0
564
223
432
0
773
424
0
0
878
0
510
672
870
321
0
628
869
935
213
0
381
513
646
0
0
0
0
677
524
0
838
579
0
0
669
648
0
512
0
0
0
0
908
630
402
0
0
0
255
0
440
857
387
222
669
0
0
0
698
0
0
614
835
0
0
0
0
0
0
0
980
259
480
0
0
0
505
0
0
0
890
0
0
624
897
920
262
0
0
663
0
0
454
554
349
0
877
238
442
688
832
349
761
793
0
904
688
560
0
343
183
0
681
0
996
0
0
887
0
401
939
673
192
182
674
0
884
0
428
838
0
490
716
282
0
0
0
0
310
0
328
457
554
580
0
0
297
812
837
0
737
802
230
238
0
0
0
308
342
0
0
720
0
996
803
633
0
763
718
868
0
483
579
0
0
0
0
0
0
834
491
0
0
580
912
0
677
431
272
595
815
313
191
872
0
0
972
445
257
677
0
673
876
0
527
0
0
522
380
934
0
0
0
858
0
0
0
686
461
262
950
0
0
658
676
797
872
298
0
579
490
0
785
0
967
0
0
768
181
812
842
0
732
958
768
388
0
636
334
0
846
0
694
569
0
0
984
304
388
904
0
0
786
0
0
0
628
481
0
362
921
891
623
474
655
0
719
0
941
462
429
393
0
609
0
840
0
0
658
925
872
992
0
658
946
0
0
0
494
706
834
492
866
0
249
742
0
470
675
845
691
0
691
799
241
428
485
0
395
847
203
594
0
801
0
0
0
764
0
0
716
785
0
791
720
891
0
0
716
0
0
194
690
0
731
767
0
0
403
764
261
279
484
272
597
242
0
659
0
0
0
914
934
0
776
635
0
0
326
0
775
489
874
338
0
0
0
830
897
742
966
0
0
960
0
0
0
957
0
750
0
943
0
590
576
0
0
917
925
0
807
726
0
0
258
0
705
0
519
631
0
200
0
635
329
716
957
0
295
0
691
831
692
0
246
790
784
302
0
0
282
0
791
0
682
200
0
0
0
338
254
771
209
620
0
280
765
182
0
639
960
0
0
184
969
775
374
232
719
678
0
630
218
880
592
667
0
576
333
0
652
0
889
0
0
0
0
0
0
777
0
749
0
817
0
729
399
0
942
0
0
0
844
0
883
0
890
993
638
0
0
0
0
640
0
524
932
0
292
820
0
737
334
713
0
342
0
454
424
0
0
0
187
0
729
0
0
847
897
669
0
967
720
682
0
0
205
0
0
500
0
0
777
235
843
0
705
232
264
483
250
0
760
426
0
945
0
513
730
443
0
0
270
400
555
636
515
0
0
226
0
528
213
232
0
206
949
421
0
0
646
0
866
0
0
0
0
300
433
0
926
809
0
588
403
808
358
761
244
677
453
724
0
0
0
594
430
442
917
820
879
0
0
888
0
947
0
0
673
278
0
928
0
0
384
747
731
343
0
648
0
0
891
200
0
0
804
0
946
0
862
0
0
552
0
0
0
0
553
0
0
530
351
0
0
0
0
0
320
744
216
0
840
311
352
0
783
708
0
321
0
0
0
332
0
0
0
825
0
948
444
517
292
402
428
241
0
944
0
546
0
0
874
957
0
775
0
219
209
473
580
0
867
0
875
0
225
363
751
920
0
561
0
932
501
631
0
207
770
538
943
665
572
534
0
383
273
753
829
0
0
0
0
0
205
804
0
901
289
541
606
798
0
302
587
915
0
521
0
256
945
384
0
844
522
936
0
415
582
284
303
261
489
502
432
0
0
0
0
258
223
0
0
288
304
439
0
645
316
0
727
0
0
0
0
514
0
0
211
699
0
0
621
679
773
278
0
501
0
459
0
311
346
455
911
0
322
0
953
0
885
0
0
0
0
0
387
449
209
705
998
432
0
0
734
0
205
0
0
512
0
768
0
0
0
0
901
0
