0
865
305
858
460
623
379
856
848
719
376
633
225
740
449
474
851
335
487
117
903
971
80
508
715
956
969
999
414
991
371
245
365
661
174
781
678
163
788
243
995
927
157
724
658
940
97
23
741
71
694
780
359
512
428
957
107
487
362
730
737
909
59
961
994
719
552
687
402
216
101
394
77
179
161
412
112
188
832
265
523
655
347
209
121
727
161
737
689
969
968
982
528
837
377
853
480
271
14
733
865
0
829
874
653
84
357
758
635
351
647
12
794
294
893
931
27
855
638
31
607
898
969
252
216
514
785
780
513
993
107
500
626
867
198
770
921
75
700
699
294
472
129
538
559
57
70
82
92
641
475
842
65
871
342
557
881
483
274
66
108
255
219
81
66
580
241
618
589
581
528
889
631
624
373
451
117
789
481
230
156
686
474
296
569
609
131
254
525
182
139
106
995
816
594
794
761
771
976
712
305
829
0
944
941
263
625
503
983
430
415
334
781
667
667
213
552
695
948
368
939
727
903
43
890
651
726
286
252
667
75
712
495
528
789
238
20
893
943
792
865
895
448
804
530
472
579
306
68
105
354
956
667
905
895
198
793
331
954
831
903
865
662
554
336
457
579
358
134
316
423
281
37
595
770
629
448
645
814
343
522
787
751
549
633
877
177
245
805
176
739
25
295
78
70
161
448
721
45
854
858
874
944
0
324
760
137
488
856
881
708
575
81
898
147
122
328
669
607
125
527
50
586
704
229
302
960
150
337
704
395
346
178
845
999
141
178
984
161
110
12
451
541
64
138
719
358
996
926
614
322
526
754
321
437
754
653
519
612
280
662
189
540
885
358
547
886
276
545
794
229
795
268
855
387
929
746
966
631
994
431
485
112
665
856
853
847
106
322
980
289
280
977
843
990
474
471
376
669
353
460
653
941
324
0
498
535
519
227
31
382
389
915
453
339
920
813
805
710
187
163
893
740
248
815
1000
830
234
498
840
956
109
617
255
954
638
360
244
321
198
935
705
121
678
663
185
117
39
401
590
262
702
680
644
741
625
704
736
530
640
472
358
843
199
534
943
345
660
451
870
524
867
736
831
90
797
931
371
897
155
105
978
859
794
571
224
524
690
740
89
109
145
971
875
972
969
343
248
820
23
623
84
263
760
498
0
20
99
214
145
108
141
602
150
66
360
413
666
149
199
670
260
970
619
474
461
118
311
29
402
319
728
715
241
958
904
71
613
576
415
234
548
187
398
405
868
162
785
284
652
568
240
753
579
27
234
82
605
799
759
808
680
814
470
852
529
416
78
282
214
101
360
10
914
273
316
371
144
122
792
748
254
968
626
402
963
60
798
767
553
595
357
964
660
581
368
255
576
612
616
379
357
625
137
535
20
0
577
130
432
806
518
554
232
774
25
880
35
737
215
591
602
420
905
871
562
845
771
713
451
193
489
496
689
337
638
456
36
527
707
321
786
860
103
328
614
515
229
720
160
173
591
645
65
521
174
171
62
693
399
674
573
78
117
618
361
30
606
268
405
111
787
813
929
174
146
226
611
521
884
298
520
73
386
967
408
861
746
805
762
347
730
219
597
777
804
885
304
879
789
856
758
503
488
519
99
577
0
554
668
984
883
324
532
53
396
171
398
309
54
39
794
323
902
488
748
100
904
656
932
516
528
818
367
583
468
453
246
782
539
365
586
132
476
712
892
530
741
353
892
292
758
113
299
810
39
396
583
981
119
844
657
12
914
148
320
981
342
239
991
917
715
649
565
590
714
810
795
507
677
46
558
405
369
380
564
161
722
771
18
959
114
191
830
265
785
29
533
235
31
848
635
983
856
227
214
130
554
0
460
284
926
575
218
354
524
714
808
563
13
718
565
987
515
609
493
87
836
381
620
771
356
605
411
235
650
427
485
522
734
894
893
78
535
704
332
696
654
972
883
126
62
198
705
742
686
701
224
638
240
886
211
401
129
80
669
631
230
756
679
192
570
397
240
795
63
830
36
108
32
892
485
736
62
279
673
981
182
279
834
151
261
615
848
254
909
925
771
958
746
719
351
430
881
31
145
432
668
460
0
793
656
970
533
200
315
103
99
135
547
254
473
574
216
25
316
465
375
849
395
642
414
616
781
650
308
474
125
990
185
43
26
776
364
296
825
370
246
640
28
965
771
605
957
94
312
283
311
63
497
523
28
457
324
533
981
916
268
772
715
822
95
996
490
209
110
638
79
636
318
774
146
922
143
948
610
338
570
215
519
82
923
821
831
203
733
606
566
744
346
376
647
415
708
382
108
806
984
284
793
0
325
351
230
673
200
358
735
23
193
309
940
629
175
55
606
181
817
174
142
544
922
340
710
565
593
698
11
637
333
145
516
895
763
515
179
177
492
441
165
41
873
944
327
726
408
408
495
645
982
980
800
26
408
699
796
950
641
783
791
847
475
732
406
686
366
917
480
734
618
429
719
241
811
499
883
291
796
146
983
11
23
966
269
418
938
383
781
947
696
633
12
334
575
389
141
518
883
926
656
325
0
352
138
297
46
224
69
796
151
446
439
125
206
462
846
590
79
690
56
293
541
81
209
177
51
56
560
844
960
348
550
650
570
496
450
487
325
900
124
767
966
10
335
126
933
661
454
673
355
488
443
903
314
908
63
537
344
467
718
551
529
371
366
218
938
259
764
924
864
824
627
559
812
809
607
192
956
91
673
460
308
475
438
395
975
589
898
34
985
225
794
781
81
915
602
554
324
575
970
351
352
0
401
668
637
163
261
30
527
989
108
130
672
24
881
552
349
221
118
26
509
992
558
188
522
164
148
534
816
749
699
664
372
867
992
614
676
157
522
794
378
760
271
713
399
545
892
212
562
830
889
825
536
934
985
648
956
341
913
59
165
773
774
198
408
548
585
176
593
661
119
47
11
327
379
388
616
932
37
343
760
548
621
166
852
385
726
910
396
740
294
667
898
453
150
232
532
218
533
230
138
401
0
256
823
821
184
189
543
598
86
303
871
617
500
646
359
267
953
946
162
231
534
174
771
326
126
363
546
433
129
423
785
629
184
450
521
821
520
867
486
526
901
61
317
84
229
769
297
564
915
997
937
213
832
797
281
659
936
301
532
746
307
66
341
380
884
158
371
517
140
385
142
534
451
392
758
747
24
625
912
53
364
874
287
858
378
957
67
449
893
667
147
339
66
774
53
354
200
673
297
668
256
0
32
679
97
545
660
920
638
439
394
845
96
37
986
289
408
175
307
717
840
905
899
666
513
737
948
695
693
899
191
283
402
505
267
131
162
677
89
743
449
471
297
460
522
11
435
630
948
372
581
837
20
550
866
479
512
67
629
145
723
911
98
214
545
733
499
164
39
112
517
95
197
474
829
884
847
724
285
655
709
211
433
945
235
155
81
474
931
213
122
920
360
25
396
524
315
200
46
637
823
32
0
787
727
911
569
751
985
724
82
1000
745
538
78
930
410
187
224
48
872
132
45
627
880
885
340
802
401
622
708
926
449
218
130
429
685
151
460
426
722
326
808
213
857
864
397
502
459
802
140
456
167
884
49
671
471
120
714
839
231
149
784
953
366
356
119
917
453
823
56
842
850
157
962
424
537
458
235
614
609
452
714
496
508
38
91
851
27
552
328
813
413
880
171
714
103
358
224
163
821
679
787
0
315
195
741
655
92
87
808
37
897
298
837
675
58
233
912
766
80
885
857
893
682
41
457
139
725
814
739
92
901
236
585
835
994
782
372
340
450
681
538
611
579
503
625
319
533
23
78
705
861
592
154
318
490
901
612
808
15
824
299
625
613
840
856
711
747
577
149
458
149
116
64
664
127
642
78
629
44
687
108
714
966
395
492
335
855
695
669
805
666
35
398
808
99
735
69
261
184
97
727
315
0
284
988
260
616
789
832
646
44
421
666
268
864
130
672
786
471
229
70
712
462
259
339
711
376
761
313
98
45
980
554
320
150
462
409
553
301
502
792
601
961
859
645
40
170
919
534
505
480
724
178
888
166
835
992
119
718
284
15
335
896
457
550
484
919
380
750
589
248
464
422
750
787
77
622
342
279
189
593
852
771
431
159
487
638
948
607
710
149
737
309
563
135
23
796
30
189
545
911
195
284
0
365
922
616
999
980
100
732
659
42
810
191
789
609
321
733
746
508
950
643
646
901
657
541
423
395
335
765
368
979
674
354
433
892
452
718
404
357
155
86
148
359
174
348
127
84
38
326
451
521
62
683
753
389
341
838
863
342
547
466
807
419
535
413
744
953
318
520
855
914
253
211
912
411
891
93
705
902
495
55
399
826
117
31
368
125
187
199
215
54
13
547
193
151
527
543
660
569
741
988
365
0
953
205
253
563
541
312
193
723
663
124
657
639
655
865
17
318
226
642
794
735
377
857
692
858
240
706
168
12
816
687
179
809
283
597
779
595
78
264
567
458
98
679
877
229
188
773
50
448
524
985
294
979
102
947
939
272
635
199
95
157
799
442
587
356
874
911
319
304
487
754
55
772
613
892
671
669
941
340
970
800
903
607
939
527
163
670
591
39
718
254
309
446
989
598
920
751
655
260
922
953
0
241
805
23
846
584
382
100
468
951
979
168
153
726
475
483
45
937
44
679
97
423
345
856
119
573
455
662
35
947
586
394
311
547
242
491
554
349
866
438
489
450
87
845
309
650
52
332
869
189
956
255
287
403
492
580
464
748
297
318
864
351
564
184
531
332
320
492
862
646
731
49
494
894
232
951
442
73
352
500
971
898
727
50
893
260
602
794
565
473
940
439
108
86
638
985
92
616
616
205
241
0
234
343
552
722
465
706
40
139
245
140
621
162
428
877
246
614
625
442
195
978
299
615
820
1000
36
222
484
95
118
625
569
892
223
341
973
911
848
310
806
663
341
339
160
446
718
766
281
987
596
48
159
212
159
938
392
653
759
593
524
790
479
779
598
961
451
646
731
569
771
90
248
485
597
19
201
143
75
608
80
969
903
586
740
970
420
323
987
574
629
125
130
303
439
724
87
789
999
253
805
234
0
558
582
133
159
325
706
820
689
447
779
454
793
229
563
879
867
451
263
978
956
113
339
334
183
297
897
829
390
661
362
39
742
850
364
97
974
305
639
378
343
438
529
641
734
536
892
535
558
524
581
239
498
79
983
78
994
998
629
703
552
734
768
544
18
91
449
783
16
23
982
414
845
427
289
665
606
769
508
252
43
704
248
619
905
902
515
216
175
206
672
871
394
82
808
832
980
563
23
343
558
0
702
564
84
642
98
254
356
37
987
361
697
983
866
188
64
243
318
683
409
700
124
626
924
599
264
540
185
367
984
22
892
419
171
157
675
310
426
232
47
636
619
147
969
529
655
60
288
64
745
621
397
436
686
746
114
955
906
474
44
122
495
411
581
97
671
909
1000
162
599
739
226
664
678
601
478
588
715
216
890
229
815
474
871
488
609
25
55
462
24
617
845
1000
37
646
100
541
846
552
582
702
0
497
767
664
659
474
275
17
691
595
836
468
773
499
760
739
438
985
333
649
495
559
799
689
615
376
264
284
817
439
951
33
410
314
891
305
686
808
809
957
547
994
529
759
949
365
180
862
179
505
982
390
105
197
956
63
262
729
582
207
564
478
221
941
700
541
157
361
983
212
70
787
716
475
993
315
956
514
651
302
1000
461
562
748
493
316
606
846
881
500
96
745
897
44
732
312
584
722
133
564
497
0
925
383
795
331
176
121
232
829
966
276
316
175
875
897
549
34
729
631
884
155
389
385
624
836
68
704
487
481
895
525
307
308
716
985
222
440
698
792
440
289
680
970
269
583
397
37
918
648
735
687
60
472
590
434
30
554
717
151
879
76
610
184
367
61
681
315
926
111
787
304
539
350
478
744
969
785
726
960
830
118
845
100
87
465
181
590
552
646
37
538
298
421
659
193
382
465
159
84
767
925
0
628
821
764
487
243
669
39
217
246
848
994
311
452
388
144
266
653
205
852
121
660
39
153
325
846
100
525
146
277
72
200
769
44
746
757
300
558
936
908
24
877
208
516
233
292
51
131
881
574
721
94
505
12
680
595
139
957
505
981
915
585
130
86
569
366
47
765
973
19
689
243
865
386
999
780
286
150
234
311
771
904
836
375
817
79
349
359
986
78
837
666
42
723
100
706
325
642
664
383
628
0
847
268
537
951
439
261
603
990
599
210
684
786
143
801
102
696
945
426
617
229
626
649
831
867
379
49
301
864
577
317
649
928
292
934
151
980
824
749
657
107
733
167
468
519
856
31
997
673
908
13
821
402
860
947
628
935
44
385
15
389
726
102
479
671
369
62
861
966
442
555
408
808
414
513
252
337
498
29
713
656
381
849
174
690
221
267
289
930
675
268
810
663
468
40
706
98
659
795
821
847
0
925
466
668
25
276
715
431
450
162
343
449
352
110
438
392
585
364
931
549
328
866
115
344
160
255
123
834
768
983
475
691
924
765
316
789
934
581
763
982
752
473
241
312
291
418
447
374
496
813
85
581
682
327
233
845
142
394
740
32
916
252
86
227
249
726
840
737
709
656
712
513
991
993
667
704
840
402
451
932
620
395
142
56
118
953
408
410
58
864
191
124
951
139
820
254
474
331
764
268
925
0
301
575
40
703
979
902
41
635
961
902
480
789
951
218
317
251
602
995
832
65
862
546
424
787
532
20
540
737
554
438
441
354
247
668
912
586
987
515
433
269
996
965
641
838
665
351
394
461
502
361
484
433
340
415
260
316
748
260
382
598
960
311
312
178
673
499
263
415
295
654
371
107
75
395
956
319
193
516
771
642
544
293
26
946
175
187
233
130
789
657
979
245
689
356
275
176
487
537
466
301
0
654
762
549
378
875
278
872
418
214
711
746
965
647
517
142
423
499
954
12
286
605
885
979
733
999
189
711
240
604
205
602
369
209
597
258
220
856
204
380
195
864
258
217
675
806
72
838
312
543
956
931
278
39
586
240
796
595
782
414
503
265
92
489
167
607
846
844
626
170
245
500
712
346
109
728
489
528
356
414
922
541
509
162
307
224
912
672
609
639
168
140
447
37
17
121
243
951
668
575
654
0
95
19
397
227
319
983
211
986
569
874
102
831
306
886
672
572
302
785
192
563
255
228
930
809
208
623
433
862
824
35
154
783
266
236
588
838
670
372
991
595
944
28
705
976
465
287
140
920
670
708
827
773
721
351
811
655
908
487
513
228
637
492
232
410
669
79
916
19
365
626
495
178
617
715
496
818
605
616
340
81
992
231
717
48
766
786
321
655
153
621
779
987
691
232
669
439
25
40
762
95
0
572
134
385
288
595
706
610
984
528
580
627
600
931
986
294
610
786
68
302
116
843
862
616
161
55
994
39
997
526
337
38
384
647
178
718
67
560
275
487
838
369
19
525
159
288
128
261
526
522
96
763
54
168
118
258
667
50
80
984
364
425
861
810
971
321
645
527
661
867
528
845
255
241
689
367
411
781
710
209
558
534
840
872
80
471
733
865
726
162
454
361
595
829
39
261
276
703
549
19
572
0
836
73
781
716
213
747
685
138
834
263
751
408
159
854
601
349
377
252
919
942
415
391
64
458
717
663
998
534
866
542
858
462
436
288
635
185
763
670
777
844
813
856
25
695
468
119
173
565
516
431
599
150
10
860
657
167
166
888
792
479
274
668
780
880
452
509
174
198
789
999
954
958
337
583
235
650
565
177
188
174
905
132
885
229
746
17
475
428
793
697
836
966
217
603
715
979
378
397
134
836
0
148
47
595
205
869
62
180
471
734
709
695
940
731
225
551
230
70
149
552
66
649
395
959
736
378
883
837
639
701
418
245
396
361
217
876
37
134
106
622
520
593
429
41
659
181
380
884
48
398
414
647
644
766
487
834
527
423
866
315
811
653
792
73
902
991
781
770
238
141
638
904
638
468
650
308
593
51
522
771
899
45
857
70
508
318
483
877
229
983
468
276
246
990
431
902
875
227
385
73
148
0
891
12
391
77
38
807
131
249
694
859
127
390
787
413
170
211
667
772
909
957
776
658
274
202
68
928
685
13
56
873
225
663
646
573
407
688
939
938
114
817
812
279
228
703
941
622
379
282
498
243
84
116
906
318
439
420
196
634
637
989
774
505
50
273
678
921
20
178
360
71
456
453
427
474
698
56
164
326
666
627
893
712
950
226
45
246
563
866
773
316
848
599
450
41
278
319
288
781
47
891
0
398
713
372
269
806
332
489
227
178
325
836
784
996
139
685
72
786
106
478
207
120
789
670
419
330
725
991
984
496
671
161
106
965
158
241
661
401
350
977
849
517
773
708
555
544
858
768
419
387
929
387
562
319
76
860
173
383
224
284
621
384
591
211
163
75
893
984
244
613
36
246
485
125
11
560
148
126
513
880
682
462
643
642
937
614
879
188
499
175
994
210
162
635
872
983
595
716
595
12
398
0
757
643
748
504
799
696
888
161
286
237
515
214
348
724
50
204
83
570
456
274
291
238
381
409
299
565
667
283
131
295
168
526
593
567
623
550
536
586
142
1000
647
611
131
985
135
931
426
386
742
605
671
657
368
308
718
363
510
248
817
369
901
93
788
700
943
161
321
576
527
782
522
990
637
844
534
363
737
885
41
259
646
794
44
625
867
64
760
875
311
684
343
961
418
211
706
213
205
391
713
757
0
255
529
913
573
273
166
787
45
298
924
58
845
134
133
118
928
915
609
908
781
758
431
950
644
726
499
51
578
953
623
373
481
790
46
23
717
625
524
119
459
303
516
862
39
851
623
330
254
592
235
607
677
329
724
857
191
506
53
963
638
592
243
699
792
110
198
415
707
539
734
185
333
960
816
546
948
340
457
339
901
735
679
442
451
243
739
897
452
786
449
902
214
986
610
747
869
77
372
643
255
0
912
522
321
446
382
565
328
909
990
623
704
323
279
381
254
308
714
217
578
315
321
607
750
62
803
342
99
951
15
222
758
944
946
398
438
106
831
186
327
749
18
426
921
764
27
727
534
777
960
511
908
966
15
181
170
392
474
960
641
901
995
294
865
12
935
234
321
365
894
43
145
348
749
433
695
802
139
711
657
377
97
195
263
318
438
549
388
143
352
480
711
569
984
685
62
38
269
748
529
912
0
404
758
492
863
833
830
818
301
97
235
222
549
209
271
291
516
132
727
86
695
514
571
988
991
198
109
658
463
319
107
377
989
240
767
186
414
476
371
345
526
124
294
484
361
363
553
394
283
521
614
507
926
46
314
486
445
572
754
936
927
472
895
451
705
548
786
586
893
26
516
550
699
129
693
401
725
376
541
857
423
978
978
683
985
34
144
801
110
789
746
874
528
138
180
807
806
504
913
522
404
0
746
421
857
884
841
673
730
249
394
550
259
526
775
169
904
185
170
212
826
458
609
583
280
724
969
720
625
677
847
536
215
759
941
376
787
640
537
512
759
360
269
621
138
242
788
685
45
446
262
507
106
121
139
408
801
730
400
540
157
129
448
541
121
187
860
132
78
776
895
650
664
423
899
622
814
761
423
692
345
299
956
409
333
729
266
102
438
951
965
102
580
834
471
131
332
799
573
321
758
746
0
670
679
230
810
596
781
735
350
389
367
601
803
148
237
863
907
927
318
132
870
208
791
325
987
18
58
961
780
176
384
712
306
742
494
36
274
81
990
795
12
800
437
392
348
100
641
975
927
332
434
337
862
781
188
558
582
58
724
538
804
64
678
398
103
476
535
364
763
570
372
785
191
708
739
313
395
858
856
615
113
700
649
631
653
696
392
218
647
831
627
263
734
249
489
696
273
446
492
421
670
0
499
219
90
939
689
130
538
956
111
968
180
345
424
590
735
887
210
91
785
607
592
189
556
769
584
936
435
637
312
402
942
559
399
921
977
799
427
248
665
918
956
262
304
611
760
803
346
24
736
425
109
59
96
564
977
809
658
559
530
138
663
405
328
712
704
296
515
496
867
629
283
926
92
98
335
240
119
820
339
124
495
884
205
945
585
317
517
306
600
751
709
694
227
888
166
382
863
857
679
499
0
732
610
239
446
15
378
860
706
476
468
879
89
648
120
269
635
88
952
303
440
161
153
630
823
691
71
690
911
934
557
275
168
594
548
340
426
191
962
805
230
761
504
732
226
713
227
766
448
410
957
351
298
393
203
935
940
57
472
719
185
868
614
892
332
825
179
450
992
184
402
449
901
45
765
706
573
1000
334
626
559
155
852
426
364
251
142
886
931
408
695
859
178
161
787
565
833
884
230
219
732
0
139
538
584
562
283
267
635
725
236
834
526
174
40
195
727
89
16
534
574
189
699
371
46
462
271
26
149
112
512
544
823
706
422
955
65
796
964
364
396
562
57
646
926
560
247
430
321
156
866
722
781
425
783
201
97
70
579
358
117
162
515
530
696
370
177
487
614
450
505
218
236
980
368
168
455
36
183
924
799
389
121
617
931
602
423
672
986
159
940
127
325
286
45
328
830
841
810
90
610
139
0
587
376
144
571
740
293
246
539
69
878
473
936
667
498
881
185
505
339
855
740
644
11
194
233
170
162
745
783
366
587
947
489
50
415
16
224
251
866
831
653
820
66
537
113
240
816
931
980
190
204
598
229
341
23
82
306
996
39
785
229
741
654
246
492
325
676
521
267
130
585
554
979
12
662
222
297
599
689
385
660
229
549
995
499
572
294
854
731
390
836
237
298
909
818
673
596
939
239
538
587
0
425
491
927
207
952
126
563
196
668
935
472
12
338
355
657
870
530
883
156
693
522
470
681
132
918
159
368
488
509
828
258
770
49
971
830
934
733
824
678
449
672
517
342
239
349
386
575
462
898
191
310
347
741
92
68
926
401
284
720
353
972
640
441
900
157
821
131
429
835
320
674
816
35
484
897
264
615
624
39
626
328
832
954
302
610
601
225
787
784
515
924
990
301
730
781
689
446
584
376
425
0
903
445
98
567
861
518
707
852
206
73
788
423
570
654
592
808
292
493
714
292
56
899
378
138
418
107
824
195
642
32
160
425
87
101
836
54
675
265
319
810
377
809
897
935
891
551
792
544
708
894
19
71
641
105
614
590
652
160
892
883
28
165
124
522
520
162
685
994
150
354
687
947
95
829
540
376
836
153
649
866
65
12
785
786
349
551
413
996
214
58
623
97
249
735
130
15
562
144
491
903
0
184
667
328
892
19
185
775
712
387
66
102
123
997
338
614
470
344
719
750
696
426
66
564
398
811
780
911
926
40
377
883
843
688
823
753
595
940
247
35
992
286
895
100
56
776
468
805
144
445
694
694
475
354
322
262
568
173
292
126
965
41
767
794
867
677
151
782
462
433
179
586
118
390
185
264
68
325
831
115
862
286
192
68
377
230
170
139
348
845
704
235
394
350
538
378
283
571
927
445
184
0
745
744
927
702
768
833
294
148
865
809
924
427
387
104
670
995
372
735
666
234
930
625
725
768
868
504
709
929
620
179
156
108
261
982
594
256
859
537
599
162
477
201
665
200
328
548
733
131
581
780
842
956
526
702
240
591
758
62
771
873
966
378
486
89
460
372
409
892
809
394
625
661
367
284
704
846
867
344
546
605
563
302
252
70
211
685
724
134
323
222
550
389
956
860
267
740
207
98
667
745
0
735
592
965
764
321
975
147
448
945
988
901
891
614
547
825
930
198
873
879
540
165
38
105
850
455
284
962
880
352
978
376
493
771
464
703
69
573
37
527
150
171
552
313
990
570
723
97
599
359
65
667
754
680
753
645
113
198
605
944
10
760
526
743
426
340
553
452
283
311
569
362
984
817
487
100
379
160
424
885
255
116
919
149
667
72
50
133
279
549
259
367
111
706
635
293
952
567
328
744
735
0
673
420
608
254
927
812
524
569
642
301
39
291
325
714
840
998
1000
874
402
325
422
998
939
654
594
687
593
326
972
301
138
764
397
313
326
125
163
587
655
997
766
775
888
818
628
296
593
512
871
905
321
644
579
65
299
705
957
327
335
271
901
449
722
450
301
718
597
547
892
39
22
439
481
525
49
255
787
979
228
843
942
552
772
786
204
118
381
209
526
601
968
476
725
246
126
861
892
927
592
673
0
992
878
255
179
57
958
448
868
197
630
390
416
247
256
68
640
423
118
995
80
577
872
268
748
733
963
218
64
236
689
845
480
595
932
805
551
214
349
193
632
368
510
767
253
362
96
428
342
895
437
741
27
521
810
742
94
726
126
713
61
471
326
681
502
404
779
242
223
742
892
951
895
146
301
123
532
733
930
862
415
66
909
106
83
928
254
271
775
803
180
468
236
539
563
518
19
702
965
420
992
0
486
421
370
262
913
264
175
960
719
194
927
859
95
960
43
201
990
638
772
829
313
551
483
343
890
890
144
892
944
510
72
454
68
82
647
144
30
886
410
56
923
281
465
537
549
957
557
198
754
625
234
174
39
686
312
408
933
399
317
297
808
538
792
357
595
491
341
850
419
33
525
277
864
834
20
999
809
616
391
649
957
478
570
915
308
291
169
148
345
879
834
69
196
707
185
768
764
608
878
486
0
722
845
350
708
102
11
510
158
860
189
43
999
222
403
390
910
607
665
292
408
494
523
480
603
48
262
479
293
541
377
579
874
555
994
303
108
627
460
480
890
837
184
106
814
107
881
793
653
704
82
171
396
701
283
408
661
545
84
460
213
611
601
155
78
554
973
364
171
410
307
72
577
768
540
189
208
161
64
395
776
207
456
609
714
516
904
237
424
89
526
878
668
852
775
833
321
254
255
421
722
0
140
791
753
903
690
93
766
881
21
714
594
698
131
261
393
781
173
359
119
946
41
93
129
611
316
455
608
202
595
880
463
54
923
84
893
551
48
138
61
244
514
769
281
487
483
331
519
736
605
62
583
224
311
495
454
892
229
522
857
579
961
86
264
349
911
97
157
314
308
200
317
983
737
711
623
55
458
959
658
120
274
908
217
132
185
863
590
648
174
473
935
206
712
294
975
927
179
370
845
140
0
883
497
300
72
264
329
67
449
117
355
204
354
33
875
201
860
722
87
20
639
381
12
300
442
740
119
25
747
465
814
468
895
303
469
198
773
967
346
513
24
997
426
362
274
954
612
530
799
693
981
638
63
645
673
212
769
11
864
503
859
148
567
866
848
974
675
891
716
769
649
475
554
240
433
994
717
736
274
789
291
781
578
727
170
907
735
120
40
936
472
73
387
148
147
812
57
262
350
791
883
0
505
337
686
77
76
590
157
461
232
523
500
920
653
946
626
23
43
565
520
463
118
885
838
446
833
615
122
149
806
748
129
73
63
860
996
760
952
525
29
946
228
730
66
831
280
640
759
399
119
240
497
982
355
562
297
435
397
625
645
359
458
438
310
305
310
305
985
44
928
691
438
604
862
39
663
378
202
670
238
758
315
86
212
927
887
269
195
667
12
788
66
865
448
524
958
913
708
753
497
505
0
317
872
794
223
612
905
553
424
658
78
44
112
266
544
686
863
607
211
681
696
716
985
469
317
310
709
235
501
324
883
377
996
947
576
532
642
517
604
420
47
737
108
903
662
472
808
674
844
886
523
980
488
830
564
630
502
319
40
174
98
489
806
639
426
686
222
746
292
924
441
205
824
997
998
883
68
419
381
431
321
695
826
318
210
635
727
498
338
423
102
809
945
569
448
264
102
903
300
337
317
0
206
600
394
358
956
319
455
944
683
122
33
730
861
967
542
983
756
413
335
679
939
182
768
540
730
200
571
216
502
748
656
545
691
272
629
515
206
997
500
909
255
865
189
358
680
573
657
211
28
800
443
889
915
948
459
533
170
348
679
450
663
378
232
808
440
757
934
765
354
602
35
526
534
837
928
330
409
950
607
514
458
132
91
88
89
881
355
570
123
924
988
642
868
175
11
690
72
686
872
206
0
415
978
185
539
883
716
477
382
507
939
420
109
68
131
804
869
968
139
68
181
823
961
509
512
396
368
556
767
723
682
891
639
744
481
472
76
765
493
59
219
662
540
843
814
78
12
401
457
26
903
825
997
372
802
23
919
127
877
87
341
343
47
809
698
300
151
316
247
369
154
337
866
639
685
725
299
644
750
571
609
870
785
952
16
185
657
654
997
427
901
301
197
960
510
93
264
77
794
600
415
0
947
157
437
938
482
205
955
57
296
172
159
96
16
557
337
388
372
716
263
480
669
677
122
545
211
234
397
110
22
15
354
651
177
634
812
34
615
961
81
554
885
199
470
117
914
129
324
408
314
536
937
581
140
78
534
84
229
845
339
438
636
957
792
558
980
789
668
209
783
38
542
701
13
991
565
726
62
988
583
208
607
303
534
505
870
592
338
387
891
39
630
719
158
766
329
76
223
394
978
947
0
182
293
332
551
94
151
414
23
659
229
797
327
553
839
37
183
205
509
331
252
681
338
662
43
432
666
58
624
425
334
407
231
564
81
927
953
994
66
336
358
534
852
618
148
80
533
699
908
934
213
837
456
705
505
38
188
309
160
529
619
547
440
936
824
934
912
597
266
384
858
418
56
984
667
499
803
991
280
791
592
440
574
339
530
808
614
104
614
291
390
194
860
881
67
590
612
358
185
157
182
0
403
155
195
399
146
138
134
799
949
788
37
635
592
974
73
528
205
345
219
78
308
80
387
205
371
341
478
500
606
922
916
290
740
129
805
719
580
457
547
943
529
361
320
669
981
796
63
985
832
20
167
861
480
326
773
650
446
641
147
994
289
908
749
581
586
258
236
647
462
245
873
496
283
51
342
198
724
325
189
161
189
855
883
292
470
670
547
325
416
927
189
21
449
157
905
956
539
437
293
403
0
708
506
461
731
525
121
279
588
150
265
871
154
250
632
973
977
316
736
538
989
111
367
244
801
338
561
721
252
729
816
405
72
378
677
552
241
579
886
345
416
30
981
631
916
950
537
648
797
550
884
592
724
451
50
52
718
734
969
529
680
24
657
763
987
220
588
178
436
396
225
671
131
578
99
109
969
987
556
153
699
740
156
493
344
995
825
714
247
859
43
714
117
461
553
319
883
938
332
155
708
0
136
936
126
263
311
316
420
106
201
713
474
551
133
502
875
157
117
477
603
552
79
61
289
89
802
649
51
657
686
246
641
123
299
687
618
358
276
660
78
606
342
230
268
641
344
956
281
866
49
154
178
521
448
332
766
536
529
759
970
877
107
982
515
856
838
718
288
361
663
161
295
953
951
658
720
18
769
630
371
644
693
714
719
372
930
840
256
95
999
594
355
232
424
455
716
482
551
195
506
136
0
438
873
887
93
67
890
813
998
556
822
903
176
220
837
952
195
285
613
202
753
750
433
69
617
601
259
301
834
942
542
416
365
402
589
134
545
451
282
268
239
756
772
783
467
341
659
479
671
318
888
62
524
869
281
892
655
949
269
208
733
752
433
204
670
67
635
217
646
106
168
623
15
463
625
58
584
823
46
11
522
292
750
735
198
998
68
960
222
698
204
523
658
944
477
205
94
399
461
936
438
0
424
192
964
534
154
158
877
140
96
532
954
616
674
570
259
450
23
16
392
81
848
911
347
748
583
519
637
87
161
240
224
216
581
316
794
870
214
405
991
679
715
791
718
913
936
512
471
490
166
683
985
189
987
535
60
365
583
516
167
473
269
380
372
560
185
876
573
965
526
373
222
319
677
961
936
691
462
194
470
56
696
666
873
1000
640
43
403
131
354
500
78
683
382
955
151
146
731
126
873
424
0
365
628
946
186
289
306
526
648
209
225
79
996
545
693
129
192
217
187
167
948
663
610
620
659
626
925
237
711
622
165
101
528
423
229
524
101
111
917
192
822
847
551
59
301
67
120
901
835
753
294
956
596
558
288
180
397
233
468
241
996
195
991
275
763
37
407
158
593
481
758
107
847
780
435
71
271
233
681
899
426
234
879
874
423
201
390
261
33
920
44
122
507
57
414
138
525
263
887
192
365
0
828
293
592
287
587
913
412
486
756
48
274
797
491
317
206
193
950
66
206
409
34
301
676
265
621
614
806
305
604
394
889
281
795
867
360
787
715
570
95
475
529
165
532
629
714
612
992
389
979
255
48
524
64
862
37
292
519
312
965
864
595
487
670
134
688
241
567
790
944
377
536
176
637
690
26
170
132
378
66
930
540
402
118
990
910
393
875
653
112
33
939
296
23
134
121
311
93
964
628
828
0
629
961
368
204
946
241
739
832
466
360
344
502
482
313
879
911
270
885
163
690
88
430
53
330
477
887
124
678
77
631
37
268
736
10
813
649
397
996
732
371
773
746
145
839
808
119
341
102
287
159
581
745
179
918
51
856
291
641
258
944
838
777
106
939
661
623
46
946
989
215
384
312
911
149
162
918
138
564
625
165
325
995
638
607
781
201
946
266
730
420
172
659
799
279
316
67
534
946
293
629
0
405
282
584
599
898
898
260
274
15
652
222
245
255
840
332
703
720
339
486
984
652
620
59
426
569
177
913
179
624
595
855
831
914
929
565
240
490
406
366
774
307
723
231
15
718
838
947
403
212
239
621
505
648
131
31
418
838
217
28
369
844
622
938
401
550
23
398
240
759
712
402
934
112
745
159
418
398
725
38
422
80
772
665
173
860
626
544
861
109
159
229
949
588
420
890
154
186
592
961
405
0
874
226
962
747
169
421
673
407
362
487
463
474
343
477
723
238
350
543
563
611
483
310
928
396
476
157
161
373
770
387
90
273
174
590
795
209
686
218
198
66
911
149
824
284
863
939
492
159
498
397
982
735
881
997
447
665
675
705
19
813
520
114
350
536
717
438
767
941
306
942
557
512
783
368
107
811
768
105
998
577
829
292
359
722
23
686
967
68
96
797
788
150
106
813
158
289
287
368
282
874
0
633
754
247
256
829
743
338
371
726
665
825
335
293
963
778
405
72
404
659
566
721
379
27
821
448
412
451
629
929
797
316
146
714
63
110
366
938
408
341
98
784
299
15
342
272
580
938
79
436
390
687
574
673
374
351
806
976
525
856
593
817
977
586
625
106
186
376
742
559
275
544
366
488
824
780
868
850
939
872
313
408
119
87
43
863
542
131
16
327
37
265
201
998
877
306
587
204
584
226
633
0
611
550
600
338
114
725
763
198
976
258
56
830
643
545
868
179
560
621
322
219
814
600
12
331
112
117
448
746
931
371
226
810
830
638
917
259
548
380
214
953
625
335
547
635
464
392
983
686
105
60
721
908
496
394
72
465
159
25
429
812
849
142
524
831
414
787
494
399
168
823
587
509
195
911
504
455
654
268
551
494
946
20
565
607
983
804
557
553
635
871
713
556
140
526
913
946
599
962
754
611
0
214
718
642
106
534
815
135
498
299
138
390
336
122
391
138
926
152
319
144
295
804
869
67
188
789
645
966
371
144
611
795
36
79
480
764
585
884
545
366
613
896
466
199
748
653
78
746
197
472
94
13
813
461
838
287
288
695
41
279
517
1000
119
186
476
640
36
921
594
706
947
828
642
926
709
284
594
748
483
523
41
639
520
211
756
869
337
839
592
154
474
822
96
648
412
241
898
747
247
550
214
0
530
85
589
488
511
613
255
70
317
817
404
30
884
428
674
522
746
229
219
457
326
539
832
481
814
631
897
122
521
507
108
636
734
924
176
158
733
356
840
457
807
95
297
759
994
114
956
590
505
821
85
502
312
140
128
468
659
228
773
647
459
327
371
537
274
977
548
422
489
258
32
40
929
962
687
733
343
480
93
381
463
681
413
968
388
37
974
250
551
903
532
209
486
739
898
169
256
600
718
530
0
543
881
477
436
990
44
63
472
470
101
225
779
126
22
52
174
640
964
375
907
931
265
230
343
994
155
792
884
677
32
318
618
864
593
371
499
119
856
550
419
157
318
593
998
955
63
434
12
402
581
361
543
920
261
119
181
703
708
611
303
749
345
512
81
799
340
955
50
770
160
377
620
880
593
963
890
603
129
12
118
696
335
139
372
183
73
632
133
176
954
225
756
832
260
421
829
338
642
85
543
0
528
735
658
273
256
102
53
632
953
117
422
433
930
910
929
442
580
20
186
742
523
156
522
431
105
748
298
46
892
774
429
824
661
517
164
917
711
484
535
799
864
524
629
906
262
30
680
860
682
484
956
670
526
173
380
941
555
131
516
18
526
759
990
427
426
65
415
49
425
883
179
352
326
218
890
48
611
300
885
716
679
68
716
205
528
973
502
220
616
79
48
466
274
673
743
114
106
589
881
528
0
844
922
469
756
121
802
569
431
56
165
536
506
243
326
928
248
683
717
807
655
686
787
485
978
254
520
558
485
146
719
627
119
140
39
453
747
919
413
442
351
790
703
474
729
554
595
947
327
433
931
708
522
565
884
622
544
985
862
426
124
360
795
248
191
796
16
971
87
843
156
978
972
64
144
262
316
442
838
985
939
181
263
509
205
977
875
837
674
996
274
360
15
407
338
725
534
488
477
735
844
0
525
819
589
220
759
38
26
358
108
854
645
483
814
43
567
458
111
332
347
474
751
112
859
968
73
405
736
922
241
559
47
385
112
823
577
380
744
587
564
479
552
44
582
717
139
628
233
340
278
827
96
516
48
379
858
135
39
921
294
269
12
665
962
964
224
830
101
688
108
376
301
236
892
479
455
740
446
469
182
823
480
331
345
316
157
952
570
545
797
344
652
362
371
763
815
511
436
658
922
525
0
575
632
435
674
180
788
982
400
140
808
598
993
888
813
192
292
740
209
296
549
665
794
626
386
369
62
143
811
812
11
142
517
56
149
750
953
356
184
779
734
122
207
151
957
935
845
415
39
773
763
431
398
282
768
931
851
764
484
621
800
918
805
364
251
934
836
823
261
493
138
689
944
293
608
119
833
317
768
961
669
252
219
736
117
195
259
693
491
502
222
487
726
198
135
613
990
273
469
819
575
0
19
618
963
835
831
819
47
840
655
746
234
85
742
460
814
525
121
569
633
856
571
402
967
380
279
948
499
809
327
534
95
842
458
589
318
874
531
598
768
495
564
879
505
44
142
260
586
721
54
599
414
498
419
426
623
27
361
138
437
956
230
396
866
733
54
753
982
771
764
845
510
541
202
25
615
310
540
509
677
681
78
538
477
285
450
129
317
482
245
463
665
976
498
255
44
256
756
589
632
19
0
963
751
565
268
88
308
933
864
323
438
683
706
310
340
282
727
609
877
853
224
963
408
564
673
610
883
607
379
451
197
850
149
248
520
911
332
961
544
411
478
76
981
385
394
316
240
351
168
150
647
243
387
386
330
727
363
242
392
262
761
562
831
824
675
595
594
464
397
480
72
377
595
747
122
709
730
512
122
338
308
989
603
613
23
192
206
313
255
474
825
258
299
70
63
102
121
220
435
618
963
0
257
764
144
882
416
686
37
535
869
197
782
626
423
48
161
131
177
847
524
60
861
161
981
338
291
192
388
392
474
157
116
464
855
319
320
451
18
581
221
610
915
15
740
748
796
811
118
10
644
84
929
742
254
534
553
788
348
304
504
57
653
678
265
940
256
703
313
595
454
579
880
465
149
235
200
396
545
662
80
111
552
202
16
217
193
879
840
343
335
56
138
317
472
53
802
759
674
963
751
257
0
92
839
656
846
785
437
823
472
900
646
518
273
161
737
254
245
106
690
798
746
722
182
570
796
956
616
758
829
962
64
422
914
304
492
646
91
97
941
184
585
389
32
260
595
655
258
860
766
116
387
605
592
777
394
685
100
611
732
646
820
449
319
247
859
69
326
932
68
874
463
814
806
501
571
368
211
43
387
367
79
753
392
187
950
911
332
477
293
830
390
817
470
632
569
38
180
835
565
764
92
0
876
956
454
913
838
259
232
865
760
548
358
499
689
525
805
322
740
767
805
771
279
215
146
91
932
747
884
424
664
750
253
487
862
731
449
671
700
367
130
726
916
382
782
908
667
657
487
906
562
671
235
960
283
45
641
760
226
926
66
672
810
35
537
573
125
805
82
555
54
468
748
324
216
556
234
432
205
244
61
750
81
167
66
270
703
723
963
643
336
404
101
953
431
26
788
831
268
144
839
876
0
746
675
119
290
59
736
281
417
201
434
701
969
182
176
980
89
553
762
18
834
519
983
673
37
24
847
537
127
787
211
754
646
569
783
909
541
61
86
102
252
598
414
487
50
167
834
318
319
657
607
511
521
446
975
803
713
560
537
517
377
992
599
37
163
551
647
994
923
895
129
883
502
767
397
666
371
801
289
433
848
948
206
885
720
238
778
545
122
30
225
117
56
358
982
819
88
882
656
956
746
0
806
609
129
14
49
915
796
136
943
897
968
139
739
289
109
595
347
959
151
82
11
460
343
625
724
458
642
77
912
55
731
771
16
1000
157
681
569
479
86
960
503
513
80
166
527
439
76
368
677
908
614
262
927
346
227
247
113
342
809
286
162
527
587
214
144
303
84
303
73
377
748
723
110
58
341
338
89
69
911
663
409
163
339
350
405
868
391
884
779
422
165
108
400
47
308
416
846
454
675
806
0
383
124
634
918
700
673
642
558
733
982
106
25
280
145
357
730
114
261
923
23
308
760
912
285
235
78
622
411
772
49
90
23
162
361
315
366
671
227
311
265
228
984
888
423
420
860
308
329
966
507
507
332
24
766
430
240
239
897
895
477
150
655
349
30
108
893
469
63
996
656
682
22
624
478
561
802
617
347
610
34
690
486
543
72
179
138
428
126
433
536
854
140
840
933
686
785
913
119
609
383
0
845
769
868
273
76
315
73
687
528
995
295
977
971
964
219
191
615
821
966
475
548
53
655
614
629
342
891
613
494
248
982
599
983
926
47
369
249
312
92
637
364
792
866
196
173
718
724
15
926
106
434
736
448
321
816
349
935
100
201
171
997
193
886
627
551
198
860
947
545
891
15
425
500
721
649
601
748
620
301
88
984
563
404
560
926
674
22
930
506
645
808
655
864
37
437
838
290
129
124
845
0
943
950
701
627
778
567
20
837
816
78
843
875
660
597
830
848
831
269
438
621
364
709
609
44
279
93
892
894
485
414
739
212
111
765
62
726
178
489
492
425
479
315
634
383
363
857
181
46
121
337
425
410
156
931
386
891
56
665
552
766
632
410
460
48
773
996
576
691
639
354
334
606
252
51
259
583
659
676
430
652
611
659
621
152
522
52
910
243
483
598
746
323
535
823
259
59
14
634
769
943
0
185
789
983
219
709
950
377
594
70
990
972
581
777
265
254
203
418
395
166
874
211
452
687
189
705
671
232
597
845
226
70
787
973
861
840
673
167
232
861
274
811
637
224
510
191
170
314
139
862
109
957
866
980
575
551
776
200
313
775
368
56
480
138
967
760
532
272
744
651
407
922
729
657
301
519
626
265
53
620
483
566
322
319
746
174
929
326
814
993
234
438
869
472
232
736
49
918
868
950
185
0
73
655
189
826
145
853
794
161
474
969
368
804
785
909
733
938
975
852
287
433
714
108
593
902
669
951
19
427
664
787
304
19
966
737
499
607
410
810
668
653
989
284
248
506
392
486
408
781
59
351
722
190
462
792
468
328
990
888
510
923
890
61
346
952
642
629
481
177
231
916
816
686
834
637
925
621
330
59
310
721
219
144
229
640
442
928
43
888
85
683
197
900
865
281
915
700
273
701
789
73
0
71
438
398
378
480
761
448
471
343
255
885
29
925
606
383
589
385
858
945
496
714
852
495
941
442
201
289
678
716
539
689
442
709
263
846
669
971
780
792
774
621
817
53
474
445
801
188
96
298
781
204
898
544
805
548
570
818
767
281
837
244
513
525
517
515
472
634
564
290
405
246
942
87
237
614
477
426
928
379
814
295
219
964
580
248
567
813
742
706
782
646
760
417
796
673
76
627
983
655
71
0
418
742
943
271
771
721
376
248
576
304
533
771
566
781
898
726
378
235
508
966
771
55
340
73
143
665
601
475
350
243
555
656
415
844
79
321
880
73
505
384
369
963
960
572
730
558
564
393
425
598
191
708
144
733
723
628
253
465
184
514
24
29
604
206
76
812
81
740
72
641
542
161
711
806
887
569
396
27
600
804
457
375
20
683
458
192
460
310
626
518
548
201
136
642
315
778
219
189
438
418
0
332
839
14
976
45
669
820
612
879
235
958
744
947
34
910
957
155
38
395
431
399
970
352
75
606
478
993
478
865
408
712
295
626
916
645
452
902
50
591
901
638
641
754
400
582
977
203
783
229
310
894
445
131
97
296
362
537
106
769
997
946
420
997
765
34
927
129
378
123
416
240
622
305
124
177
476
821
12
869
326
907
186
717
111
292
814
340
423
273
358
434
943
558
73
567
709
826
398
742
332
0
999
733
712
854
353
23
616
789
31
746
346
696
985
396
67
81
91
492
159
826
800
500
608
769
588
315
744
386
808
513
654
170
19
527
509
991
273
211
93
592
901
936
540
58
809
935
201
341
347
19
694
581
599
593
96
549
814
281
426
228
47
500
493
615
953
805
677
299
365
224
165
604
678
913
157
448
331
67
539
931
742
807
332
740
525
282
48
161
499
701
897
733
687
20
950
145
378
943
839
999
0
