0
874
884
778
873
977
927
928
0
505
604
733
805
715
968
956
845
500
0
0
625
0
0
706
754
948
907
0
0
689
529
0
832
513
0
591
962
988
753
0
551
846
0
895
0
0
0
609
0
981
0
633
665
794
731
606
978
701
713
799
606
795
856
762
830
891
934
593
931
547
686
840
610
526
962
0
744
520
835
753
660
608
786
581
992
978
554
577
945
0
630
904
884
516
982
548
913
555
0
502
874
0
797
770
0
634
706
772
507
925
896
846
0
906
0
0
610
0
0
744
823
902
519
0
862
690
620
0
679
639
918
919
0
844
990
655
987
778
645
791
507
660
747
954
744
778
686
927
0
797
799
942
687
533
580
541
636
0
842
677
771
621
508
941
586
685
649
670
947
0
0
762
992
880
720
0
812
726
0
530
578
933
0
936
586
757
525
712
0
0
510
538
534
548
641
620
976
806
998
608
884
797
0
724
0
832
552
944
812
874
901
740
707
939
550
772
688
960
509
712
550
711
637
861
776
949
639
763
576
963
0
907
551
0
514
689
531
974
724
610
734
0
0
588
663
0
747
513
0
587
924
574
0
637
587
782
775
873
0
0
999
715
754
706
762
736
623
962
528
647
583
525
885
985
557
771
668
656
610
948
740
902
601
836
979
0
654
647
951
834
0
669
973
803
503
0
613
923
0
928
778
770
724
0
0
919
682
0
696
893
0
653
851
962
556
820
539
799
867
767
0
0
705
761
0
0
714
631
917
0
638
0
836
752
568
893
629
926
783
886
989
0
647
0
0
659
584
730
790
523
838
0
880
0
713
935
632
842
696
710
0
589
851
500
996
838
702
843
775
814
857
0
934
760
869
666
0
0
0
599
662
685
507
689
828
879
0
631
739
0
975
547
723
0
784
534
655
710
888
980
873
0
0
0
0
801
807
0
982
731
0
664
0
547
781
643
791
761
995
975
0
0
887
609
717
614
0
594
671
680
910
839
838
510
981
868
522
650
0
674
589
989
659
772
755
784
541
850
515
0
578
759
797
733
570
0
704
718
924
699
770
891
790
0
621
0
873
0
667
0
663
660
995
695
571
0
756
0
779
984
849
889
922
771
672
596
816
576
616
519
682
976
0
0
528
818
0
518
0
746
977
634
832
919
801
0
650
797
774
758
770
750
814
984
637
761
569
550
738
695
0
0
744
566
623
528
0
971
550
746
538
736
982
898
880
0
994
746
793
556
836
649
822
558
0
523
912
711
798
0
738
0
785
783
828
612
938
624
996
730
627
903
694
973
937
0
570
553
0
602
0
873
0
872
880
507
660
842
926
688
578
0
665
936
872
719
0
839
0
540
627
713
893
0
623
0
536
589
773
668
927
706
552
682
807
650
0
755
0
0
610
873
892
609
674
0
609
769
529
0
0
575
824
0
0
730
0
832
0
522
553
745
588
646
551
646
983
661
693
506
822
632
889
937
500
865
816
802
737
814
858
821
881
866
0
596
595
820
989
774
842
553
621
958
612
783
819
998
0
919
660
694
815
533
577
677
828
719
510
755
541
712
760
675
0
774
780
966
0
0
738
917
630
523
861
766
729
914
898
568
928
772
944
0
0
797
755
0
622
744
0
0
819
883
963
558
665
868
0
941
0
0
705
894
950
980
931
896
778
905
0
876
599
953
0
915
763
0
531
609
855
707
575
613
683
882
730
864
0
770
836
572
756
819
550
725
831
868
743
870
989
545
853
923
976
752
701
777
771
964
810
949
996
909
814
991
581
623
504
680
597
656
0
0
0
0
778
628
680
529
698
0
828
635
781
525
796
736
580
872
0
507
812
696
982
774
0
622
0
587
681
757
574
757
619
586
0
829
868
749
0
0
777
614
548
783
613
0
914
835
752
704
587
0
713
809
768
530
684
592
522
524
547
751
681
936
991
563
534
548
0
594
842
510
527
844
0
0
974
698
553
613
784
678
779
564
538
837
960
0
0
583
543
828
0
0
932
907
639
876
972
0
545
549
888
526
987
811
948
709
943
0
512
810
771
834
662
596
820
567
505
925
874
893
731
758
0
744
587
0
0
790
730
563
965
922
858
632
0
874
960
839
730
768
768
0
966
769
0
0
675
789
986
996
951
610
0
583
935
608
556
594
864
503
975
581
0
508
0
811
0
689
0
526
989
761
0
653
876
844
649
883
757
733
573
0
564
0
661
858
786
694
947
953
772
581
736
854
991
528
621
988
605
865
704
834
673
876
642
788
715
706
946
835
677
0
729
0
803
967
604
896
901
0
0
770
610
0
681
0
0
577
650
918
738
804
645
865
922
762
899
901
0
684
799
0
780
0
552
0
773
0
520
965
528
728
762
541
722
609
602
804
0
520
542
0
615
884
940
683
992
0
511
552
865
0
0
618
512
740
0
968
653
0
521
555
519
621
759
957
690
950
790
0
749
828
825
669
972
788
580
862
0
582
820
582
983
512
681
577
547
719
741
787
837
891
755
990
807
527
733
846
740
653
664
750
873
0
757
790
577
0
784
694
842
0
714
715
663
899
574
787
560
0
598
0
0
0
982
626
733
576
856
588
0
588
925
676
715
569
992
633
940
546
682
532
912
526
0
0
998
915
890
501
656
719
571
567
721
936
0
574
956
731
904
758
935
772
899
840
745
800
778
896
798
703
883
0
538
0
975
649
751
700
827
630
842
834
787
620
955
605
967
698
746
965
971
812
670
884
805
0
707
851
0
814
892
819
574
730
650
784
0
0
959
630
777
894
0
581
0
734
671
586
945
508
0
575
631
838
720
0
614
673
895
514
510
584
0
921
959
633
995
999
978
572
601
0
978
809
890
761
727
512
568
923
839
864
969
653
732
739
643
561
925
994
0
673
545
0
653
818
562
718
0
717
803
656
541
717
731
935
578
505
670
0
819
543
606
708
686
766
735
973
541
935
0
0
845
592
715
906
939
962
547
984
609
883
757
563
918
694
0
0
502
560
743
585
565
0
0
547
0
936
0
702
788
791
691
618
848
723
842
908
651
580
967
873
0
630
615
711
759
629
0
703
960
788
579
836
0
0
0
651
865
541
622
716
669
598
542
737
0
792
777
981
0
646
0
0
580
597
980
918
538
0
852
750
0
750
759
0
0
600
985
961
553
858
709
611
696
999
973
829
617
999
912
973
725
0
968
0
550
556
781
637
674
963
619
965
738
842
959
502
0
962
0
976
950
840
855
712
620
538
0
771
502
809
866
753
855
808
737
665
0
0
0
709
0
0
0
0
894
549
0
869
0
977
791
606
973
0
622
833
663
537
949
877
916
881
957
0
583
678
620
786
677
765
852
662
896
728
741
505
780
590
831
634
528
587
848
850
916
979
752
0
608
924
917
721
0
812
724
693
721
948
621
924
812
949
956
0
772
820
643
761
0
558
586
922
804
0
630
560
962
0
589
871
503
818
870
758
700
957
934
793
685
903
936
729
858
769
625
660
523
970
0
610
0
533
0
820
990
551
508
0
527
811
902
529
0
683
656
986
638
775
776
625
789
812
0
945
835
518
753
534
0
872
745
966
782
999
785
781
0
962
947
893
0
575
737
993
877
992
605
845
960
654
966
551
964
628
773
924
746
997
608
813
777
665
845
610
688
539
791
569
609
665
0
858
645
714
777
743
0
589
0
533
852
899
917
560
741
780
558
905
0
0
777
728
974
939
510
734
937
843
631
876
0
616
886
985
836
956
651
0
831
755
0
885
568
637
960
849
662
0
0
928
892
838
0
990
942
0
811
828
940
759
857
896
839
827
695
0
699
865
680
633
0
876
513
869
574
594
0
925
689
0
543
551
957
629
793
998
0
0
645
793
623
0
500
0
960
799
761
550
769
868
829
632
865
715
894
585
976
871
533
0
841
534
882
874
689
541
803
944
607
885
0
0
721
507
955
850
651
637
888
810
756
780
868
547
0
511
998
659
0
907
505
0
550
533
947
611
574
707
772
657
570
578
687
759
504
943
0
693
698
853
861
534
522
927
661
964
999
596
966
673
582
0
865
519
735
821
581
0
844
0
0
0
0
665
708
773
962
664
664
0
985
968
0
0
509
867
995
738
529
0
868
0
922
663
0
565
950
503
852
841
0
0
0
834
0
918
984
651
558
0
785
823
0
602
0
534
567
0
0
734
934
872
666
527
779
960
874
888
858
686
800
740
964
526
0
537
0
875
725
0
624
823
802
0
997
859
832
866
0
0
0
542
0
942
908
705
663
0
891
866
0
751
513
596
677
0
689
993
644
533
723
582
773
504
675
805
703
838
929
903
515
981
0
744
712
767
975
695
0
941
749
874
762
899
581
0
840
818
899
534
0
0
897
761
671
876
530
889
0
679
759
867
584
683
914
697
658
850
853
0
961
924
910
740
536
735
0
775
519
577
874
695
962
0
602
757
901
747
723
967
866
751
689
689
949
697
955
579
586
682
861
685
0
937
950
0
845
0
657
670
753
804
955
549
0
813
965
540
945
866
914
788
0
659
0
770
651
608
898
737
542
753
625
823
550
0
0
0
0
0
0
960
899
574
0
0
855
870
917
882
0
897
0
628
0
0
797
0
593
509
857
547
771
867
861
984
696
584
690
930
540
790
0
863
585
731
745
705
596
875
0
0
948
857
861
897
891
936
785
790
500
705
901
945
671
0
738
594
852
758
0
994
0
0
622
854
689
955
790
0
786
841
752
685
741
845
857
737
720
931
912
0
913
811
942
0
928
668
808
949
0
703
0
902
711
0
0
0
575
0
0
839
901
787
734
547
712
758
560
874
834
761
628
0
691
640
688
0
684
862
548
864
984
511
0
561
515
0
0
924
606
644
0
856
671
839
785
705
946
512
958
647
878
695
555
664
632
841
0
0
579
538
627
830
695
614
0
740
993
0
987
586
532
833
851
0
694
765
747
856
937
810
0
759
830
660
839
801
769
637
821
726
501
783
0
671
749
997
583
654
992
876
0
519
637
705
887
744
824
705
777
730
0
560
671
0
620
700
741
689
0
671
0
691
0
821
504
604
0
561
583
504
799
731
798
794
998
906
793
976
786
505
614
670
684
0
997
707
996
742
964
856
917
0
504
614
898
919
645
524
600
865
697
912
523
0
997
608
0
568
851
0
554
929
841
0
572
914
914
866
0
905
995
0
800
993
0
960
743
641
666
888
0
0
925
758
890
578
717
546
872
592
706
0
861
761
609
566
0
894
614
768
684
0
586
936
538
957
780
541
918
876
0
640
821
0
958
807
0
567
0
613
560
0
0
672
527
806
996
739
528
517
986
589
529
0
910
747
762
659
783
0
978
628
781
665
626
828
770
554
793
737
632
747
770
544
566
862
902
0
702
677
0
0
0
936
507
864
837
601
905
665
946
660
770
995
617
587
0
731
631
510
506
594
633
977
786
783
871
822
587
848
754
862
776
0
717
623
0
950
548
768
799
598
945
0
0
934
558
803
984
530
797
688
504
958
0
948
924
936
962
654
954
540
905
714
578
675
739
619
608
554
659
987
715
899
992
0
834
889
603
549
523
903
553
650
862
672
0
942
681
823
0
823
903
0
659
767
639
529
0
963
641
816
665
846
596
662
662
0
0
0
838
762
896
678
588
506
520
732
538
937
0
569
887
739
823
999
773
0
874
540
948
690
949
0
614
528
730
980
783
0
0
0
508
702
771
793
905
944
651
889
0
0
604
807
948
0
758
538
996
540
577
935
706
657
965
650
943
899
888
706
876
981
0
0
552
974
602
862
880
740
596
689
730
984
620
977
0
582
759
974
833
693
564
911
626
512
984
809
653
895
575
534
612
957
802
601
0
909
579
992
507
977
0
0
882
513
652
931
951
578
998
599
843
915
790
609
590
929
0
0
907
620
639
714
0
0
0
931
613
966
780
0
0
788
502
685
0
607
558
0
593
684
0
0
924
758
0
981
641
937
734
0
959
658
898
973
0
955
658
0
586
0
652
774
0
0
820
864
0
645
957
764
766
702
695
525
687
817
0
566
843
664
859
770
604
925
567
868
704
850
796
0
621
768
516
963
0
860
566
806
0
767
787
664
919
543
819
657
514
565
725
874
657
510
958
778
992
649
601
861
0
0
763
631
594
971
832
896
0
769
0
0
575
791
809
903
0
885
0
679
509
862
561
567
936
538
981
0
863
569
748
843
595
972
703
886
0
906
518
699
538
838
0
743
938
652
0
844
848
599
815
672
809
575
938
933
0
773
848
576
606
908
840
921
576
938
711
0
0
0
915
878
627
766
613
934
666
567
0
0
783
965
573
995
568
794
862
932
572
833
718
577
723
538
920
685
599
853
774
658
0
679
576
917
671
550
0
778
914
0
552
982
631
691
866
936
777
0
785
759
857
548
583
0
962
996
641
863
0
629
693
687
910
764
523
818
512
881
631
560
797
744
865
844
954
0
625
0
928
846
816
707
904
929
986
874
772
989
519
801
992
846
539
565
518
0
913
862
565
706
924
0
625
645
773
947
579
813
861
890
962
516
0
0
726
579
532
715
806
0
0
596
625
761
860
0
823
732
0
801
689
639
963
0
680
746
522
905
835
0
0
626
838
618
753
729
728
0
823
867
547
864
504
613
654
540
937
569
629
0
758
724
0
0
651
732
989
0
983
910
0
911
748
941
0
664
958
548
992
972
693
989
706
537
655
836
738
879
666
1000
592
791
981
543
546
932
745
639
891
630
788
780
0
636
651
503
778
0
574
785
0
713
700
834
592
824
914
516
0
595
762
771
715
701
561
649
823
732
912
0
529
918
0
638
910
538
553
0
752
675
773
733
720
848
855
858
974
721
0
584
771
984
799
560
954
577
734
748
693
758
0
814
0
525
938
712
890
663
893
713
668
0
686
863
0
704
994
994
0
501
923
996
679
928
563
726
679
926
677
788
503
0
934
943
745
585
534
520
949
986
539
602
668
698
0
533
0
596
761
681
698
611
0
677
821
818
625
531
562
509
541
528
651
548
0
849
585
605
918
0
0
919
907
0
839
736
745
876
704
789
0
576
0
723
808
769
939
507
602
683
867
511
731
0
540
935
0
843
687
724
814
0
895
681
985
794
774
684
696
604
665
676
673
866
972
933
882
929
555
805
987
0
617
813
0
954
926
0
994
736
586
0
748
765
687
771
825
981
941
939
570
614
702
753
809
798
0
0
933
596
856
0
580
0
0
0
670
780
583
0
965
0
997
964
957
873
541
818
599
762
832
0
551
836
838
982
588
599
587
986
520
856
614
842
737
625
510
955
0
914
861
0
798
0
905
706
959
595
910
0
0
895
0
675
566
583
950
563
828
570
869
891
0
658
950
714
783
895
799
748
694
812
966
716
0
661
805
505
932
975
893
814
541
773
968
592
836
0
595
636
0
973
852
572
0
810
794
987
768
789
874
504
0
798
810
0
560
0
0
509
569
0
525
664
741
614
0
919
617
798
513
844
0
752
510
898
646
953
0
996
965
588
673
908
665
660
734
850
534
697
984
561
794
672
714
657
658
972
764
0
525
681
675
0
861
669
853
817
667
574
940
951
614
864
808
0
775
985
0
841
508
778
610
620
609
0
944
622
576
655
640
749
671
646
526
730
693
572
978
798
791
0
0
752
550
568
785
754
973
564
0
591
905
0
936
638
992
997
0
854
881
0
997
711
722
952
627
945
620
718
0
990
514
568
981
880
551
0
713
951
528
0
895
651
0
523
937
651
567
658
696
515
998
527
578
965
898
703
523
651
938
985
566
861
0
0
878
617
668
841
0
0
763
981
722
583
895
0
653
971
869
0
756
793
0
667
960
785
595
805
731
900
896
500
805
720
876
572
879
728
0
554
900
816
868
849
939
981
842
776
837
0
947
0
551
871
892
520
685
914
755
583
859
904
578
521
964
727
692
732
591
655
689
893
868
0
646
915
809
610
728
588
514
580
0
970
843
637
0
850
584
0
906
806
675
650
973
886
818
732
712
794
583
669
0
0
807
813
749
841
534
940
0
637
0
554
655
534
921
939
884
887
719
0
0
705
642
520
0
938
0
875
841
780
0
0
0
970
902
855
0
828
819
571
525
536
747
948
0
884
581
978
867
539
609
961
770
577
712
651
0
538
0
621
631
684
555
871
965
991
962
987
531
629
522
994
983
763
768
0
762
925
510
967
0
0
631
888
0
853
690
0
793
996
739
943
0
0
512
989
890
774
950
853
878
807
0
631
635
860
549
724
0
620
505
688
0
0
737
0
857
0
994
902
963
572
0
711
992
661
786
715
668
708
887
939
637
810
0
623
768
926
0
968
661
932
835
846
997
992
883
0
907
0
896
511
604
0
0
0
0
637
845
0
769
929
0
946
780
948
988
778
974
926
650
746
661
0
530
583
541
676
584
873
709
610
876
810
734
0
930
924
976
739
619
899
955
906
881
0
663
684
563
817
617
813
631
0
841
917
980
0
836
662
810
706
709
0
593
738
912
0
962
715
0
816
848
633
680
0
575
991
720
540
741
990
532
537
684
757
753
0
711
0
772
991
0
684
683
686
887
604
961
544
635
866
663
0
505
516
511
845
780
700
674
986
0
728
998
730
753
645
724
783
0
793
693
531
684
935
722
715
0
0
0
0
0
756
934
961
540
606
786
528
608
888
658
518
631
983
893
696
828
667
668
749
635
841
0
0
737
0
852
0
0
596
991
610
767
0
904
669
873
0
964
0
852
702
835
787
0
896
912
0
551
501
723
834
713
798
651
826
867
513
0
970
601
853
889
569
601
875
976
956
798
527
942
916
506
899
517
662
876
523
825
0
968
700
836
681
0
791
610
886
674
556
506
609
592
608
609
569
921
630
0
533
616
780
872
924
790
644
505
517
554
706
0
699
560
910
713
604
570
574
841
841
860
917
0
0
757
944
611
566
705
508
964
511
0
864
859
542
0
819
935
763
0
617
712
538
846
0
988
695
758
976
969
0
0
614
550
846
584
0
826
951
900
903
695
692
687
579
0
938
865
710
984
999
0
792
596
0
989
603
0
0
796
552
673
655
551
507
734
989
589
836
822
855
522
556
602
992
959
615
0
0
886
868
666
910
0
0
614
986
659
876
586
538
797
0
668
665
869
940
0
534
549
980
737
757
0
843
814
749
711
0
0
831
978
813
0
652
0
629
0
0
800
0
671
580
0
770
934
0
906
0
0
993
0
0
0
894
789
776
985
784
761
923
774
632
739
735
540
659
764
0
873
709
0
947
798
609
586
599
0
706
0
892
990
0
846
660
0
0
989
649
632
707
524
594
804
633
633
711
0
820
985
547
527
740
863
856
670
589
987
981
0
838
744
911
0
676
891
951
0
940
724
0
0
944
843
0
891
790
930
542
539
582
611
910
1000
1000
690
906
908
758
690
587
809
550
622
0
753
736
555
680
856
889
976
726
862
689
896
519
536
796
970
927
503
0
698
0
0
937
811
960
946
0
612
710
644
541
671
949
789
652
908
581
777
675
0
747
0
647
659
822
889
575
547
864
0
940
995
759
894
990
836
0
779
536
585
671
684
529
715
0
652
0
865
748
686
673
0
614
763
0
0
836
852
611
814
891
0
0
858
597
919
999
0
717
648
502
686
675
848
666
616
901
729
0
924
0
909
785
686
0
0
798
780
598
903
981
0
534
0
613
871
998
704
668
772
851
528
543
512
596
936
844
524
0
955
922
589
991
857
912
775
606
633
541
895
954
588
0
772
558
937
613
751
503
520
546
999
629
549
551
956
511
960
735
731
839
0
0
899
0
774
743
844
941
863
866
658
864
981
637
620
662
0
566
749
790
0
0
607
733
511
580
799
664
581
0
993
598
657
993
820
890
593
0
708
815
934
0
624
625
919
823
0
0
0
651
742
567
0
753
0
832
767
757
712
868
707
670
925
848
615
909
911
604
606
540
528
612
677
880
714
924
938
555
0
744
663
0
755
0
500
683
681
975
542
682
978
0
0
508
651
998
874
0
745
785
997
910
992
552
0
938
954
0
0
972
950
808
722
0
505
810
0
705
711
930
858
607
0
998
579
698
0
0
658
809
729
689
0
848
0
535
639
649
697
946
743
569
779
884
518
0
678
723
850
721
922
592
585
555
679
706
758
959
773
588
973
653
733
758
944
995
801
534
709
863
938
625
645
968
524
914
691
775
0
778
0
659
784
523
865
882
936
581
0
532
572
703
869
0
0
659
888
775
705
705
707
747
0
974
0
652
0
664
704
933
714
0
583
554
688
706
596
508
0
542
597
733
998
0
936
684
619
824
676
907
936
0
850
0
0
930
663
0
560
642
890
676
0
773
906
775
577
0
814
936
552
962
751
713
941
502
634
806
0
513
881
850
530
576
768
732
0
526
916
792
969
704
705
0
0
559
824
0
0
686
747
584
541
912
816
730
991
0
615
912
601
960
0
527
831
0
858
519
596
946
996
762
834
602
820
0
625
958
994
882
783
775
895
655
0
709
991
964
0
539
919
511
579
936
0
692
582
734
626
0
501
0
775
650
0
929
525
529
804
666
728
762
648
919
616
0
538
933
891
0
546
1000
526
597
621
649
841
927
899
888
744
888
823
946
785
734
646
847
796
565
835
0
535
852
732
792
553
807
609
927
513
730
850
711
802
864
563
508
884
526
0
788
977
811
755
907
686
577
875
512
742
659
889
862
864
844
0
548
994
929
895
985
0
534
0
0
610
511
831
582
999
580
698
684
692
0
543
728
715
862
715
547
922
839
516
655
759
912
0
0
0
925
953
0
870
751
805
0
0
0
851
530
691
552
622
685
556
966
670
781
814
690
937
535
521
830
0
822
644
544
691
688
0
575
648
692
605
641
0
0
0
790
515
798
737
0
534
0
940
0
978
579
791
902
0
505
800
874
0
958
964
783
603
880
0
848
928
992
0
555
799
0
653
921
737
593
767
0
978
611
0
799
0
619
582
543
0
580
712
691
602
860
518
822
829
871
717
532
0
698
552
640
775
855
0
996
673
582
775
657
846
919
697
625
603
635
689
969
663
719
0
798
639
647
574
797
623
739
533
871
540
965
741
920
0
826
631
989
981
797
587
523
0
0
814
770
548
811
683
0
809
836
606
529
885
0
740
695
0
647
856
0
549
740
645
599
846
972
501
805
748
841
971
939
0
738
0
864
813
910
717
664
0
824
734
728
580
0
0
841
851
1000
0
624
682
854
0
882
663
735
973
818
563
767
726
0
797
898
0
0
954
841
710
933
0
0
773
708
736
621
781
678
765
525
0
651
986
986
955
0
0
998
861
614
755
804
821
739
0
799
924
838
578
738
858
836
0
0
992
998
890
0
973
0
568
550
964
962
948
878
917
978
523
596
957
815
816
693
923
987
694
508
869
884
857
912
904
859
0
1000
648
581
658
676
626
715
712
0
0
642
970
928
881
899
926
654
768
952
951
860
573
0
727
879
530
607
660
937
860
833
669
931
508
900
786
833
0
559
539
934
0
992
564
759
785
991
824
878
660
902
859
965
943
999
981
0
733
715
633
942
574
0
759
0
821
572
594
689
0
915
761
0
0
683
637
533
526
0
857
695
0
628
903
689
764
672
707
989
996
0
812
778
0
887
0
0
669
542
652
1000
502
0
809
907
0
862
691
841
642
0
758
766
823
868
575
915
610
0
814
859
0
526
549
571
556
792
661
751
505
755
963
0
548
528
1000
952
735
514
592
896
608
0
857
577
838
767
763
535
517
900
900
0
965
589
596
622
875
657
665
687
0
880
797
785
881
756
842
0
511
890
727
0
622
656
960
947
0
602
861
555
504
781
553
730
766
809
904
706
679
617
966
610
756
719
994
962
873
0
0
690
686
993
729
936
501
715
602
851
970
758
0
602
0
707
518
922
924
539
500
842
703
917
699
880
869
676
728
986
573
863
826
560
813
674
725
523
886
508
504
542
533
656
0
570
867
785
801
854
796
0
789
661
503
686
559
920
792
907
794
533
637
0
733
783
866
819
510
526
552
501
512
651
833
986
849
611
537
757
897
664
614
665
650
984
702
575
929
537
928
813
716
620
793
0
902
715
0
819
629
906
675
598
689
0
0
547
860
1000
928
766
602
0
717
705
871
0
557
659
796
0
946
789
0
664
585
598
879
710
991
631
972
0
758
962
0
768
542
876
872
0
764
765
925
840
948
863
648
690
609
594
0
844
855
717
0
839
0
0
731
580
587
713
570
828
0
550
527
989
865
656
568
865
663
638
662
574
0
901
891
632
898
626
862
620
695
938
986
655
563
0
0
609
0
0
963
0
964
935
0
908
848
657
0
850
775
922
518
0
881
823
0
717
0
927
544
676
763
578
806
995
917
714
885
823
562
655
545
0
954
523
0
938
525
851
874
772
910
816
510
981
0
980
628
763
0
541
951
846
920
909
826
742
882
679
731
831
0
914
606
541
782
935
0
612
596
725
844
761
0
719
923
541
537
775
0
707
875
747
936
841
919
828
672
977
525
933
874
836
726
954
661
0
667
705
572
816
0
763
0
758
666
993
848
0
650
839
822
624
899
868
707
705
927
0
945
0
567
863
902
746
844
999
692
797
862
671
865
0
0
952
840
976
812
517
753
708
534
695
600
670
509
0
823
774
671
891
972
953
822
0
726
831
623
813
799
824
564
742
978
636
775
632
704
938
595
831
0
0
0
571
839
622
949
776
0
772
725
723
785
0
645
770
0
0
687
0
772
738
679
926
805
944
960
642
0
848
852
0
800
690
616
820
0
0
0
516
829
682
926
575
518
871
544
945
0
971
0
740
586
554
941
776
0
611
996
905
0
0
987
950
0
526
0
619
936
904
633
653
636
0
567
795
563
553
691
883
659
797
640
522
704
519
862
0
927
851
759
571
701
0
873
842
718
624
820
868
0
653
618
567
864
716
877
625
928
657
0
967
790
0
524
554
942
582
817
773
989
879
926
0
505
622
785
520
711
633
702
617
0
587
901
890
535
930
929
655
871
854
654
915
922
0
676
0
971
0
0
831
974
775
564
595
565
985
657
0
550
854
0
539
722
731
977
975
758
568
730
850
976
779
773
526
934
649
0
864
628
977
0
569
934
711
0
568
656
804
648
758
713
842
0
696
924
996
989
743
974
876
512
721
969
669
916
789
892
570
624
866
500
579
600
793
681
759
0
848
519
666
677
994
932
576
595
0
992
680
835
712
671
809
729
593
639
663
525
759
717
0
768
610
924
557
763
567
0
0
0
691
806
807
0
866
679
859
849
751
688
870
637
656
0
656
828
858
873
0
592
1000
590
0
731
873
0
887
770
0
674
540
625
0
964
888
0
715
938
771
588
700
799
677
0
710
699
730
774
870
698
844
740
936
653
598
881
812
838
578
823
751
705
538
865
737
823
974
566
576
801
1000
788
736
975
655
805
938
661
0
787
538
580
550
0
0
649
0
529
912
532
882
952
0
539
659
578
863
740
831
691
0
520
764
926
673
586
785
0
784
0
826
620
0
923
963
580
889
864
0
658
663
0
793
624
627
927
0
705
856
0
587
900
650
692
832
841
895
951
590
0
972
606
771
999
0
770
627
842
989
553
649
0
0
732
542
957
0
0
687
802
689
901
627
697
632
0
833
843
606
992
592
503
586
893
640
731
0
786
575
0
846
0
622
924
708
697
560
804
0
0
663
951
814
500
796
806
902
586
974
806
520
0
624
580
688
730
562
881
707
615
503
624
583
787
0
732
855
661
887
761
548
0
532
782
981
760
701
989
675
0
888
0
903
795
790
563
0
750
639
508
668
795
621
715
589
891
903
553
545
613
883
968
574
739
737
0
945
990
759
0
689
945
830
912
747
823
693
664
908
846
791
0
0
814
749
900
875
715
991
896
0
770
0
0
815
946
642
666
0
698
735
860
859
842
0
995
746
554
775
807
764
624
0
680
777
782
877
679
739
860
966
0
791
819
0
563
546
0
767
861
546
878
957
868
0
977
755
637
994
0
608
590
682
889
0
824
536
896
549
737
846
856
508
754
851
790
694
621
853
784
757
653
956
643
0
583
835
942
504
997
949
671
695
523
770
903
564
859
840
539
981
934
748
541
671
896
841
668
720
912
988
934
753
909
934
743
890
728
0
552
973
573
0
703
946
917
844
941
564
0
926
580
680
0
676
620
705
0
547
853
564
879
801
0
894
0
0
843
535
774
739
836
792
987
784
0
569
0
609
734
791
883
582
697
824
832
534
750
680
934
585
762
941
706
500
0
973
958
923
678
733
0
731
561
792
678
518
0
943
859
697
0
614
0
544
0
911
770
921
565
543
943
765
773
646
500
780
708
540
0
695
0
736
785
0
569
676
762
925
640
818
0
526
917
789
714
999
776
595
866
673
688
777
676
0
728
946
910
920
540
748
697
691
594
706
622
588
631
829
592
704
518
928
0
567
719
0
845
821
560
930
0
814
607
942
834
949
941
932
536
526
830
586
762
996
621
937
612
976
779
573
521
904
925
777
620
753
811
0
832
955
738
0
997
566
659
626
604
576
518
546
745
687
968
526
805
0
887
741
551
758
906
555
686
624
779
0
648
953
775
563
727
549
699
0
885
692
0
565
679
586
730
782
620
728
0
998
660
978
574
0
0
814
532
589
566
813
693
0
629
0
832
970
543
870
817
874
543
0
501
762
974
874
896
503
908
950
748
0
838
729
891
685
736
838
0
0
783
752
564
0
555
758
994
981
786
534
828
693
866
579
594
740
608
862
767
512
925
938
0
932
585
771
592
730
720
0
939
990
501
976
0
680
0
625
884
773
919
0
855
767
879
571
880
664
823
797
611
985
859
785
562
877
705
946
998
0
866
701
707
890
662
603
855
0
562
607
0
0
787
801
827
567
884
987
564
0
787
876
971
546
615
516
759
0
0
585
595
901
628
520
934
649
623
702
873
570
819
701
538
564
519
935
0
0
677
0
940
698
0
586
852
993
0
902
639
984
567
711
913
745
534
825
836
693
876
0
637
532
723
969
0
856
0
919
518
906
616
870
0
726
530
556
869
585
562
862
996
657
849
0
881
679
0
910
660
866
0
871
887
981
0
0
562
595
626
961
910
647
531
501
969
720
953
530
594
517
595
576
557
880
909
831
898
704
524
738
634
796
619
581
593
670
962
843
0
553
998
777
837
0
621
772
673
646
765
872
759
853
0
682
758
0
568
0
529
809
868
0
862
639
520
981
0
572
572
970
810
537
834
0
993
889
798
823
0
775
0
751
996
0
607
792
676
598
655
671
905
0
751
784
707
739
547
920
978
701
871
0
821
594
529
0
1000
928
922
860
944
900
0
983
746
826
803
714
793
587
640
933
922
883
870
631
813
629
0
579
937
0
914
640
931
947
528
775
667
0
0
771
960
661
759
899
545
0
852
745
857
861
0
861
0
987
851
702
0
653
704
0
565
891
949
941
595
978
879
902
0
684
713
0
0
976
780
0
678
577
538
805
673
797
660
661
728
879
545
865
0
550
688
0
615
860
853
540
574
707
887
821
0
903
949
854
628
805
974
623
712
0
0
573
775
0
601
911
626
828
858
855
646
761
0
858
896
508
626
971
523
711
831
891
547
0
647
814
0
602
919
964
0
858
957
840
0
0
662
966
896
534
542
685
994
586
0
677
963
895
850
0
706
630
986
939
636
798
728
855
623
757
798
614
0
726
598
0
723
0
933
0
582
898
937
751
986
710
0
0
0
854
870
826
503
966
564
748
0
890
981
594
903
0
842
857
977
693
710
935
546
711
767
942
942
537
0
702
942
692
0
818
699
590
640
773
841
778
544
509
543
586
782
686
686
0
583
857
663
0
660
810
0
786
690
745
653
580
896
782
839
522
0
0
0
532
554
0
641
575
796
915
924
788
539
570
0
791
0
0
768
753
651
550
0
862
903
0
850
814
891
0
775
0
860
505
573
991
954
0
987
0
637
620
624
0
879
697
0
662
0
529
949
842
0
910
873
631
727
816
932
970
597
0
0
552
881
533
951
648
981
0
818
938
0
0
859
968
566
653
666
0
524
753
840
762
525
0
660
873
694
949
583
694
950
800
818
597
728
999
827
927
942
937
0
833
929
0
816
534
0
878
0
780
602
614
973
0
554
828
926
0
826
846
894
689
981
651
721
936
0
0
657
0
833
755
863
631
523
952
950
539
656
0
583
791
801
691
814
603
0
0
854
857
910
0
819
0
522
771
759
830
635
567
936
731
771
810
752
721
550
648
977
574
0
877
908
0
903
870
979
766
692
594
610
992
885
934
995
0
815
996
543
947
790
778
562
980
741
785
695
661
908
950
622
851
841
0
665
612
621
627
625
0
668
702
852
0
900
819
0
711
867
584
789
896
0
742
922
552
546
851
846
954
669
963
826
972
0
840
0
722
0
923
787
819
0
594
532
855
562
1000
628
977
873
819
0
0
0
503
991
908
651
926
647
601
874
0
581
940
725
0
648
956
815
920
0
980
778
617
631
0
985
855
526
880
985
760
695
872
533
909
828
953
0
896
718
918
505
781
0
964
705
0
854
0
0
936
846
957
768
766
645
636
698
753
572
752
816
571
968
0
513
0
776
519
534
567
592
962
1000
530
919
841
931
0
560
0
938
976
526
731
656
963
0
0
894
706
589
0
595
928
805
693
631
0
0
0
0
816
692
924
939
646
822
0
747
954
766
990
0
674
0
744
564
705
824
0
952
545
0
809
817
975
962
720
557
869
571
880
577
814
0
772
749
798
0
538
780
0
699
999
663
845
689
694
572
507
596
802
516
613
773
651
0
809
0
550
868
525
661
772
0
826
985
536
0
0
585
751
526
691
697
710
508
548
813
758
525
812
0
977
828
580
732
563
0
622
566
562
626
922
974
710
727
522
0
0
0
731
680
749
856
0
0
625
0
800
0
942
552
0
954
573
527
529
542
0
0
0
623
573
620
693
0
0
771
666
0
507
677
991
0
581
828
703
717
0
590
962
865
596
0
0
955
765
914
864
662
601
963
934
947
503
533
798
810
568
849
536
932
991
970
951
784
796
613
753
555
713
597
552
625
933
900
528
674
962
851
517
619
975
858
889
855
546
0
588
813
607
961
860
623
935
816
771
503
816
731
0
881
752
617
739
0
685
748
668
652
0
873
974
632
948
925
0
718
843
0
932
0
539
936
952
744
812
668
0
756
660
828
581
932
736
825
883
803
852
831
947
680
966
891
657
790
747
914
837
662
0
0
666
579
778
0
0
794
785
939
747
835
0
601
900
761
970
871
0
679
941
621
622
603
0
786
1000
725
0
874
753
936
758
873
864
661
0
843
631
693
0
910
944
712
546
932
759
991
692
680
881
0
644
510
0
712
529
557
823
592
924
724
863
526
0
851
990
652
865
609
886
674
893
571
955
520
726
656
0
0
842
719
623
907
854
669
0
656
750
634
893
633
673
866
670
0
856
866
601
0
909
860
567
813
0
596
0
987
754
981
948
846
684
853
903
923
927
998
832
706
502
649
685
635
0
833
952
523
768
772
708
904
568
0
0
887
767
535
829
0
0
647
900
0
711
970
830
908
924
749
752
644
0
749
0
934
602
983
891
972
660
806
0
554
695
829
722
696
929
916
950
836
0
855
609
835
0
610
0
779
926
510
504
639
991
972
538
541
0
528
0
0
582
0
753
786
937
0
905
0
579
566
0
861
574
761
933
768
973
842
0
997
683
889
695
774
503
704
767
758
634
841
556
689
773
0
735
886
542
910
534
633
730
592
658
761
861
774
592
629
787
531
0
0
767
597
635
651
939
856
617
510
749
0
0
883
700
746
627
0
557
0
0
0
711
956
738
800
648
543
0
912
650
658
0
753
530
948
599
984
688
755
680
876
528
788
0
717
750
587
575
876
0
751
804
841
810
905
665
0
992
806
0
890
785
681
596
789
564
776
884
992
686
569
692
632
0
668
757
959
806
927
966
969
708
559
514
508
876
816
695
653
850
1000
663
548
546
739
704
0
801
501
983
573
942
0
567
926
646
0
739
0
0
0
0
910
593
731
578
695
790
669
0
909
808
691
611
559
919
593
561
725
573
590
813
660
578
740
662
849
578
541
597
972
621
580
975
731
759
848
737
513
865
513
955
752
0
995
946
838
507
0
783
962
0
698
856
874
0
837
581
883
887
601
687
739
698
772
712
773
0
899
670
663
736
539
592
504
872
510
600
636
976
590
0
0
878
836
518
832
827
969
746
775
942
0
936
647
822
0
0
712
934
883
910
0
0
907
827
692
764
669
578
0
0
0
712
657
701
979
511
552
658
960
532
608
933
902
685
889
0
712
656
0
988
862
649
935
0
850
993
869
519
596
549
685
759
0
660
762
977
767
965
516
713
611
0
504
591
0
978
0
604
875
579
735
0
851
868
588
513
888
781
719
621
934
896
542
0
981
670
0
779
0
793
532
957
792
928
970
567
720
826
0
537
552
731
601
0
625
685
529
602
700
593
0
0
967
0
906
569
519
666
941
711
787
657
871
761
610
896
0
965
710
0
786
0
601
507
922
665
760
0
545
605
0
751
578
0
916
877
574
735
677
0
741
830
800
770
896
0
787
573
0
700
0
580
0
905
947
867
907
961
976
0
540
0
528
707
973
881
744
814
0
781
0
608
533
764
0
509
567
773
731
624
782
868
987
0
543
884
953
803
601
0
881
771
874
747
0
748
557
983
746
731
907
967
0
884
924
653
860
549
606
593
865
598
709
894
949
586
897
792
685
764
581
936
836
689
771
936
675
0
549
865
582
700
505
600
979
992
594
821
0
813
845
660
993
995
678
0
664
995
0
834
677
0
798
0
0
539
0
544
956
938
659
937
543
670
653
850
888
690
798
678
992
0
656
765
980
0
795
526
873
627
981
0
784
567
870
987
530
714
911
702
533
810
0
954
800
668
823
891
627
578
827
0
884
0
882
730
926
851
805
553
0
774
637
0
0
922
907
636
900
552
992
586
979
828
672
872
0
0
888
704
820
827
670
985
752
605
0
581
689
965
857
839
0
617
588
882
919
568
726
592
821
0
810
936
551
609
896
635
798
865
764
811
512
925
733
530
823
937
639
765
564
857
0
925
628
823
563
934
0
927
760
977
0
719
817
564
594
793
626
942
951
752
581
766
0
652
592
972
0
695
692
906
924
882
0
898
589
830
665
895
844
628
917
937
916
508
640
815
538
0
978
757
0
879
596
719
774
0
526
834
582
630
0
961
0
845
925
0
993
540
737
801
960
587
506
513
543
794
579
824
818
0
0
638
871
961
511
866
527
710
0
960
596
848
758
576
946
535
647
525
759
577
570
840
763
774
553
649
887
0
701
755
569
0
874
0
517
587
828
692
648
721
940
990
942
0
924
660
557
790
764
569
653
730
898
0
913
758
504
512
896
540
980
775
927
539
0
553
672
571
554
525
654
0
816
0
780
778
987
673
983
842
819
553
608
960
689
844
644
945
720
769
743
0
520
652
819
862
532
914
625
670
560
992
892
770
604
663
942
984
873
946
936
615
944
768
785
521
574
0
785
838
867
948
0
671
691
0
770
705
989
637
0
845
543
787
595
640
858
0
981
550
725
0
552
873
724
806
0
669
669
519
860
926
589
913
0
703
815
984
0
974
621
594
502
727
714
0
0
832
577
712
647
631
576
839
966
628
811
876
512
834
543
858
924
654
0
0
533
866
931
637
641
731
732
931
657
932
715
516
531
780
0
997
520
577
0
0
916
999
709
0
844
909
995
732
734
830
797
651
991
767
785
863
541
891
883
864
0
856
675
994
609
821
0
876
576
933
855
818
0
648
0
674
0
974
863
0
0
0
578
666
549
851
830
758
703
0
876
671
937
668
538
996
689
887
736
0
0
846
945
0
951
739
616
0
0
680
948
642
681
787
606
709
917
966
543
0
723
914
912
821
666
631
538
951
514
572
806
0
562
583
0
0
685
712
0
505
506
0
0
612
524
911
801
0
646
0
623
986
824
763
801
648
951
972
659
628
674
0
0
0
734
560
501
971
557
922
646
699
818
977
648
0
954
632
526
554
0
909
0
941
606
805
665
504
815
876
0
791
567
988
0
0
0
792
746
0
693
878
0
0
834
0
519
540
0
529
709
788
577
620
708
611
721
551
551
0
582
788
0
726
888
510
937
578
565
833
0
595
509
0
509
854
914
651
0
516
899
792
947
710
0
604
534
526
847
822
739
986
878
535
854
690
846
953
797
977
540
587
888
608
791
930
762
546
880
883
761
590
938
574
956
744
573
948
0
695
711
808
0
711
593
553
895
512
984
671
791
0
557
517
655
0
570
620
956
0
601
779
630
510
0
975
682
627
738
698
943
715
547
955
686
696
0
964
957
0
773
0
913
501
0
506
0
998
725
718
0
762
541
965
569
881
755
0
0
511
517
596
798
644
955
606
709
916
796
644
533
955
660
517
796
609
920
822
640
0
625
900
0
590
883
0
974
615
909
870
0
640
0
0
815
564
527
925
851
829
956
691
0
787
865
0
844
896
0
937
567
557
0
999
794
0
737
575
844
645
931
573
904
538
669
547
976
713
917
0
0
706
719
605
766
999
812
628
629
665
504
659
811
783
0
594
569
599
874
577
596
771
528
0
0
0
583
538
637
845
662
0
609
541
922
540
863
792
565
544
871
0
902
900
0
594
909
0
522
569
0
650
903
682
582
814
874
516
831
631
858
773
0
877
920
705
529
0
990
722
738
611
712
657
598
774
628
540
974
668
988
517
999
0
723
674
893
990
982
786
910
979
884
534
973
723
0
893
630
828
512
946
741
967
735
973
724
773
793
708
675
0
942
0
925
633
887
843
657
723
625
715
651
997
525
997
859
0
845
780
876
989
586
671
589
528
938
969
835
691
540
0
859
900
789
0
826
726
704
934
964
692
795
889
697
607
896
759
898
813
896
841
859
908
0
824
542
718
652
696
800
559
657
871
709
637
917
980
621
538
0
655
794
723
0
0
880
882
915
933
799
605
516
548
803
0
0
0
523
635
810
835
787
698
973
829
693
924
998
773
805
770
0
671
758
977
739
915
510
538
761
701
548
964
664
711
904
621
0
700
523
603
599
949
991
612
625
704
0
688
965
998
965
0
661
844
742
831
519
711
888
832
790
0
824
942
503
0
704
629
508
778
968
0
980
0
0
843
865
929
648
919
701
761
894
0
937
775
594
996
0
0
0
674
0
0
635
0
853
581
559
784
982
641
503
784
528
623
861
781
771
677
837
746
541
617
721
746
0
962
703
651
928
749
890
786
823
790
958
920
860
561
0
957
741
722
578
631
769
674
825
0
0
789
857
677
645
705
535
0
741
861
943
965
503
855
882
623
862
0
0
841
563
824
832
834
908
0
524
0
626
544
566
903
778
952
0
0
609
916
543
593
979
610
949
0
916
927
502
689
0
570
737
893
880
635
0
546
679
635
677
680
548
620
0
534
818
0
766
525
834
0
891
965
935
999
948
997
0
664
838
608
668
997
578
783
999
609
778
685
0
649
849
873
614
952
521
684
929
986
0
0
706
652
912
880
968
0
852
575
920
614
999
589
686
717
679
813
0
568
715
895
0
536
534
949
950
585
738
579
971
509
653
870
617
545
0
932
886
950
0
561
511
896
586
922
508
539
727
887
792
620
575
990
882
0
546
0
601
850
0
0
913
976
613
655
0
536
729
796
662
729
755
971
0
912
621
608
645
664
929
898
808
583
717
871
773
590
992
599
823
823
585
541
0
627
964
555
0
0
968
796
0
908
775
714
524
0
732
648
0
755
981
596
559
0
731
799
927
656
938
951
750
896
750
941
748
595
634
937
523
543
666
979
631
0
623
0
674
836
912
725
552
0
897
907
640
0
714
736
746
956
844
982
915
853
679
601
0
695
537
973
555
806
923
710
518
589
914
736
596
0
990
812
0
973
924
813
793
0
903
737
949
654
546
822
0
929
649
853
732
732
605
818
919
945
727
871
946
728
700
552
892
581
606
924
914
559
792
692
826
804
0
622
920
839
831
824
851
804
771
590
639
549
680
932
0
901
796
0
711
586
0
766
0
809
573
539
893
0
650
573
658
965
792
636
815
553
0
0
0
0
645
786
933
581
635
850
695
0
0
784
0
998
0
888
0
773
898
580
820
803
807
670
845
725
812
777
623
985
515
542
0
992
872
587
874
0
601
774
0
912
918
599
617
620
692
965
780
998
836
673
990
777
633
938
691
824
553
605
631
821
733
875
792
0
0
564
759
648
588
0
508
737
934
536
838
628
619
914
831
782
524
692
985
817
620
936
571
855
658
590
960
710
685
900
538
672
0
0
693
601
931
910
799
559
677
0
537
0
0
832
502
608
928
980
746
668
568
872
567
967
527
884
592
0
949
665
0
968
981
753
703
876
592
848
540
0
861
658
801
0
0
762
798
718
732
991
948
730
681
655
0
675
541
555
775
0
807
641
989
739
715
657
907
0
914
742
571
758
700
972
668
846
585
526
729
520
581
640
891
686
753
594
855
975
693
952
955
609
0
813
532
0
764
552
0
571
832
846
878
779
573
979
605
784
680
0
973
784
832
0
