0
194
245
360
819
678
578
180
340
617
1000
594
526
107
698
326
883
711
892
618
773
794
625
665
117
698
642
678
242
592
897
974
879
268
742
469
62
707
583
990
542
345
339
433
876
105
261
870
595
915
226
418
383
143
986
896
645
278
445
389
109
198
371
573
275
179
108
333
14
703
337
386
56
332
738
138
170
544
276
1
442
63
214
626
912
257
419
364
530
129
628
602
579
961
927
855
224
822
390
164
194
0
0
0
0
0
73
0
0
325
0
0
0
0
0
0
0
110
0
0
0
0
0
0
0
0
0
0
756
0
275
0
929
0
0
930
0
0
0
0
0
0
0
0
0
0
0
0
0
690
0
0
93
900
545
0
641
0
0
0
0
0
0
0
0
0
0
0
0
0
0
0
0
0
193
0
232
0
185
0
469
0
0
0
866
0
0
0
0
0
288
0
0
816
0
0
39
0
541
0
245
0
0
0
0
0
0
0
0
0
305
0
0
127
0
0
0
0
0
0
0
0
0
0
0
0
0
0
0
0
0
0
0
525
0
0
0
0
0
0
413
0
0
0
0
0
0
0
0
0
0
0
0
0
0
0
0
0
0
0
0
0
0
0
0
0
0
0
0
337
0
0
723
0
0
0
0
0
0
0
0
0
0
0
867
0
255
0
0
0
0
957
0
332
0
0
0
67
0
0
360
0
0
0
0
372
876
0
0
0
0
0
117
338
0
0
0
807
0
0
0
0
0
0
0
0
0
0
386
486
0
0
120
711
0
0
0
0
666
0
0
0
0
0
0
0
0
0
0
0
0
481
947
0
0
0
0
0
0
0
713
0
0
0
0
0
0
0
0
0
0
390
0
0
0
0
0
0
0
106
0
0
158
0
0
0
68
0
0
0
0
0
382
0
0
0
0
919
0
0
819
0
0
0
0
0
0
906
708
0
0
0
0
590
0
0
0
0
0
0
0
0
0
0
332
0
0
0
0
0
0
238
0
0
0
689
0
0
0
0
0
0
0
0
0
0
0
0
0
0
0
0
0
0
0
0
0
437
0
0
870
0
0
0
0
0
181
526
0
108
0
0
0
0
118
0
0
0
0
368
622
0
0
455
0
0
0
328
0
0
0
0
738
0
198
0
743
0
0
0
678
0
0
372
0
0
0
0
0
131
370
0
0
0
0
0
0
370
0
0
0
0
0
0
724
0
0
0
0
0
0
0
0
0
0
0
0
0
0
0
0
0
922
71
741
0
0
0
202
0
0
0
0
0
914
0
0
68
0
0
0
0
0
563
0
0
0
107
895
0
0
0
0
40
0
0
0
0
0
0
0
0
0
0
0
0
0
0
0
0
0
0
0
0
0
0
0
121
310
0
578
73
0
876
0
0
0
0
0
921
0
0
211
0
0
0
354
373
0
0
0
0
0
0
0
0
0
0
0
0
0
0
661
0
0
0
453
0
744
394
0
939
0
0
0
0
0
0
0
0
0
0
0
0
0
0
113
0
0
786
0
897
0
0
0
543
0
0
159
109
0
0
0
0
707
0
0
374
0
0
504
0
0
0
0
0
0
0
198
0
0
0
73
0
0
0
123
0
0
960
180
0
0
0
906
0
0
0
0
0
0
0
0
0
0
0
0
0
0
0
0
0
0
0
0
0
0
0
0
865
0
0
0
0
0
578
0
0
0
0
0
0
0
0
0
78
0
0
0
0
0
0
699
0
0
0
0
0
0
0
462
0
0
0
0
0
26
0
0
0
0
16
0
0
0
0
0
0
198
0
0
0
502
0
0
0
0
741
0
0
0
0
0
0
0
0
0
0
0
0
340
0
0
0
708
0
0
0
0
0
0
0
0
760
0
0
0
811
0
936
0
0
0
0
240
0
0
0
0
0
0
0
0
0
0
0
0
0
891
0
0
0
0
861
68
0
0
0
0
498
0
0
20
0
0
0
0
0
0
0
0
981
0
0
0
0
0
447
0
0
0
0
0
0
0
0
0
0
522
272
0
0
114
0
0
0
0
0
0
0
0
305
0
619
0
0
0
0
0
0
617
325
0
0
0
131
921
0
0
0
0
0
0
0
0
0
0
0
0
0
0
0
0
0
0
0
0
0
0
0
0
0
625
417
511
0
755
0
0
0
0
0
0
644
0
438
0
0
0
0
0
0
0
0
0
0
0
0
858
0
0
0
0
0
0
73
0
0
472
0
0
0
0
0
0
0
0
0
0
783
389
0
0
0
0
0
5
0
0
0
953
0
0
0
0
0
634
471
0
0
1000
0
305
0
0
370
0
0
0
0
0
390
0
380
0
554
0
481
474
0
0
0
270
0
0
0
100
0
0
0
0
0
0
0
486
0
0
0
0
0
0
0
0
0
408
0
0
0
0
799
0
0
376
0
0
0
0
0
0
0
796
0
0
0
0
0
958
0
0
98
30
0
0
0
0
221
0
836
0
0
0
0
0
0
0
0
0
0
0
0
243
0
0
0
0
894
0
0
871
0
594
0
0
0
0
0
0
0
0
0
390
0
0
193
0
11
0
0
0
940
612
0
238
0
0
0
0
0
0
0
0
0
0
301
0
0
0
0
0
374
0
0
0
4
0
0
0
0
56
0
216
0
427
662
677
0
0
0
0
0
0
0
985
0
0
0
0
0
0
0
0
0
759
0
0
0
763
91
0
0
365
0
0
0
770
0
0
0
0
0
0
0
0
0
0
0
0
0
0
625
526
0
0
117
0
0
211
0
0
0
0
0
0
0
0
884
0
0
0
0
0
0
0
0
0
0
96
0
0
0
0
0
481
0
0
537
879
0
0
0
0
309
0
904
0
0
364
999
0
0
0
0
771
754
0
0
0
0
75
0
0
0
607
0
152
0
788
0
0
0
0
0
0
0
0
0
0
0
0
0
0
0
0
0
0
0
648
0
0
0
0
0
0
141
691
0
0
0
324
824
107
0
127
338
590
0
0
0
760
0
380
193
0
0
0
718
0
405
0
153
0
0
520
0
0
0
0
0
0
663
0
102
888
0
0
0
0
0
0
0
903
0
638
0
749
0
0
0
202
0
0
0
840
0
893
0
0
0
0
0
373
0
0
0
0
0
687
0
0
0
724
0
523
0
0
0
647
962
0
890
0
0
926
157
395
0
0
0
0
0
0
0
0
0
654
0
0
0
0
543
698
0
0
0
0
0
0
0
0
0
0
0
0
0
0
0
0
0
0
0
244
387
0
897
0
0
0
147
0
0
0
0
0
0
0
660
0
0
0
0
0
0
0
0
0
0
0
0
0
0
0
0
0
266
0
369
0
661
0
0
0
0
0
0
0
0
0
0
0
0
0
169
432
0
0
0
0
0
0
0
0
0
0
810
0
0
576
461
0
0
0
0
0
0
0
317
0
0
0
806
326
0
0
0
0
0
0
0
0
0
554
11
884
718
0
0
975
0
0
0
0
0
0
0
0
627
0
0
0
0
0
554
0
0
0
0
0
0
0
256
787
0
0
405
0
0
0
0
0
0
0
0
0
0
0
0
0
0
0
0
0
0
63
0
0
0
92
0
0
0
0
0
642
0
0
0
0
0
0
0
0
0
0
0
0
0
0
722
0
0
42
0
0
0
732
0
0
0
0
731
883
0
0
0
0
0
354
0
0
0
0
0
0
0
0
975
0
0
0
0
0
0
0
0
0
950
0
0
0
379
595
0
0
0
0
0
0
0
454
0
0
601
0
0
859
0
0
835
0
0
178
850
0
0
173
0
0
970
0
0
0
0
0
0
0
436
0
0
476
0
0
141
0
0
0
0
0
0
663
0
0
0
0
601
0
0
0
0
0
0
0
0
0
0
910
458
0
0
0
839
711
110
0
807
0
370
373
0
811
0
481
0
0
405
0
0
0
0
0
0
434
0
741
0
0
0
0
0
0
276
0
0
815
0
0
0
0
0
0
0
0
587
0
458
0
0
811
0
0
0
0
0
299
0
209
0
0
0
0
0
0
0
0
338
0
0
0
0
0
0
454
0
456
0
0
0
697
0
0
0
0
0
0
0
0
760
0
0
0
0
0
0
0
0
0
823
0
0
0
0
892
0
0
0
0
0
0
0
0
0
474
0
0
0
0
0
0
0
0
0
0
339
0
0
179
0
0
0
462
0
0
639
0
0
0
0
0
0
0
304
0
0
137
0
0
0
440
34
0
0
0
0
0
0
0
0
0
0
0
0
0
0
0
375
0
0
0
461
0
0
0
0
0
0
0
0
0
0
0
0
0
0
863
0
294
0
0
0
94
0
0
424
0
0
0
297
0
0
0
0
618
0
0
0
0
0
0
0
936
0
0
940
0
153
0
0
0
0
0
0
379
0
0
0
0
0
0
0
0
259
0
923
837
0
0
0
0
0
0
0
0
0
0
882
0
785
0
438
0
0
0
0
0
0
0
0
494
0
0
0
0
0
0
0
0
0
658
0
0
0
153
0
0
0
0
672
0
0
0
926
0
0
0
89
0
0
303
156
0
0
0
0
0
859
172
0
0
105
678
0
773
0
0
0
0
0
0
0
0
0
0
612
0
0
244
0
0
434
0
379
0
0
0
0
0
0
0
0
0
0
840
0
0
0
0
0
0
0
479
687
36
0
0
0
0
0
305
0
0
80
0
0
803
0
607
474
492
0
0
152
0
0
0
0
0
0
0
0
0
402
0
843
0
0
0
0
0
0
0
0
0
353
838
0
0
0
0
0
0
0
0
0
565
0
0
0
430
0
0
0
794
0
0
0
0
0
0
0
0
0
0
0
0
0
387
0
0
0
339
0
0
0
446
0
0
0
0
0
0
0
0
0
0
0
0
0
0
0
0
0
0
0
0
0
337
0
0
0
545
0
0
943
0
0
0
0
964
0
0
0
0
626
0
0
0
900
967
0
0
0
0
0
577
0
318
0
501
0
0
0
0
0
0
0
344
0
0
0
0
0
0
0
0
0
0
0
0
0
0
0
625
0
0
0
0
0
0
0
0
0
270
238
0
520
0
0
0
741
0
0
0
446
0
0
0
0
0
0
0
0
0
546
405
0
0
0
0
42
0
0
0
0
0
0
0
0
0
0
0
0
0
0
0
0
65
0
714
0
703
614
0
817
0
0
0
0
0
234
854
0
858
0
0
0
0
0
0
0
963
0
0
0
0
288
420
0
0
0
318
0
0
0
845
0
0
0
0
0
0
0
665
0
0
0
0
0
0
0
0
0
0
0
0
0
897
0
0
0
0
0
0
0
0
0
0
0
0
0
543
0
383
0
0
301
0
0
0
709
0
0
0
0
0
0
0
0
424
0
0
0
0
0
0
0
661
0
0
0
0
0
0
0
338
0
0
0
0
0
911
0
0
0
0
570
0
0
0
0
0
0
0
0
896
80
0
344
0
663
0
644
0
485
0
0
291
0
7
0
445
0
117
0
0
0
332
724
0
0
240
0
0
0
0
0
0
0
0
0
179
0
0
0
0
0
0
0
366
474
0
0
0
0
0
0
0
0
0
0
895
0
0
0
0
0
0
75
721
0
0
0
0
0
0
0
0
68
0
0
0
0
0
397
0
0
0
0
0
0
453
0
0
0
817
0
0
286
0
0
0
0
0
704
0
0
0
0
0
0
0
0
0
0
968
0
0
0
462
0
0
0
698
0
0
0
0
0
0
0
0
0
0
0
0
0
0
627
950
0
0
0
0
0
0
0
0
0
510
421
0
0
789
0
0
261
646
0
0
401
0
0
421
0
0
810
0
0
221
0
0
0
0
0
0
0
255
0
0
668
0
0
0
0
0
109
0
0
0
0
0
0
0
0
113
0
825
138
488
0
0
0
0
0
0
0
0
0
0
432
306
0
0
0
0
0
3
0
0
0
0
0
642
0
0
0
0
0
0
0
0
0
100
0
96
0
0
0
0
0
0
0
0
0
0
0
366
510
0
0
0
0
0
0
0
0
0
0
791
0
0
192
657
245
0
0
140
0
259
0
0
0
0
0
0
786
0
0
0
0
0
0
0
0
0
11
312
0
0
0
0
0
0
0
0
0
0
383
0
0
0
0
0
0
0
0
0
0
0
0
0
0
0
378
0
0
0
0
0
0
0
747
678
0
0
0
0
0
0
0
0
0
0
0
0
0
147
0
0
0
0
0
0
0
0
0
474
421
0
0
0
0
0
0
0
0
0
0
0
0
0
0
0
887
0
0
0
185
0
0
0
0
0
0
147
0
0
0
0
0
0
0
0
352
0
0
0
0
0
781
972
0
0
0
0
0
0
999
0
0
0
14
0
0
0
0
0
0
0
0
688
0
443
0
0
0
0
680
0
788
0
0
242
756
0
386
0
0
0
0
0
0
0
0
0
0
0
0
0
0
462
0
0
0
0
543
0
0
0
0
0
379
0
0
750
0
735
0
267
830
0
0
0
0
0
0
0
0
679
0
0
0
0
667
0
0
0
0
177
0
0
0
0
0
0
0
120
0
0
410
834
602
0
0
0
0
0
563
0
0
0
0
808
0
0
0
0
0
0
0
0
0
0
0
0
0
932
0
0
175
0
0
592
0
0
486
0
0
0
865
0
0
0
0
0
663
0
0
379
276
0
259
0
0
0
0
0
0
0
0
379
0
0
0
0
0
0
0
0
0
0
0
0
0
0
0
910
261
0
0
281
0
0
0
0
0
0
0
603
87
0
0
0
0
0
0
0
118
0
0
719
35
0
698
566
0
0
0
0
0
108
506
0
0
989
412
0
0
0
0
0
0
0
0
0
0
574
0
0
0
0
0
897
275
0
0
0
0
0
0
0
0
0
0
0
0
0
0
595
0
0
0
840
0
0
383
0
789
0
0
0
0
0
0
0
0
0
480
0
0
0
0
0
0
0
0
532
0
0
0
0
0
0
0
850
0
0
0
722
522
596
0
0
0
0
0
0
0
0
0
0
0
0
0
0
0
0
492
0
43
0
0
0
0
7
0
0
0
0
0
0
915
0
0
329
0
0
951
0
0
0
0
974
0
0
0
238
0
0
0
0
0
0
0
0
102
0
554
0
0
639
923
0
0
546
0
0
0
0
0
0
0
0
0
0
0
0
0
0
0
0
0
0
0
0
656
0
0
0
60
0
0
512
760
0
722
0
0
0
0
0
0
0
0
0
0
0
0
0
0
0
0
0
0
0
0
900
0
0
0
0
0
0
0
0
0
122
0
0
0
0
741
0
329
0
210
0
0
0
0
267
0
879
929
0
120
0
0
661
0
0
625
0
0
481
888
0
0
0
815
0
837
0
0
405
0
0
0
0
0
750
0
0
0
0
332
979
0
0
0
269
0
0
0
0
0
0
954
0
0
0
0
0
0
0
0
0
0
343
0
4
46
370
0
0
0
0
0
510
0
0
129
0
0
162
0
0
128
0
0
0
466
0
0
0
0
0
0
148
0
0
0
0
0
0
0
0
0
0
0
0
836
268
0
525
711
0
0
0
0
0
417
0
301
0
0
0
0
0
0
0
0
0
0
0
301
0
261
0
0
0
0
0
0
332
0
0
179
0
0
0
0
529
0
0
0
0
0
0
0
0
0
0
0
0
0
0
0
0
0
0
0
594
0
807
0
0
0
0
61
0
0
0
604
0
0
0
47
0
0
0
0
0
0
0
0
0
0
0
0
0
0
0
0
0
0
0
0
725
0
0
0
742
0
0
0
0
0
0
0
0
511
486
0
0
0
0
0
0
0
0
0
0
0
0
0
0
646
0
0
735
0
0
0
979
0
0
0
420
0
124
818
0
0
379
0
0
926
0
0
0
0
0
0
0
0
0
0
0
0
0
0
738
0
0
0
0
0
0
390
0
0
0
0
0
63
0
0
0
0
0
0
0
0
0
0
0
0
0
586
0
0
0
0
0
0
0
0
0
0
0
0
469
930
0
0
689
0
0
578
0
0
0
0
537
0
660
0
0
0
0
0
0
0
0
0
0
0
0
0
0
0
480
0
0
179
0
0
407
0
0
0
0
172
0
869
473
0
0
0
0
0
0
0
731
0
0
0
863
0
5
0
0
0
0
608
42
0
0
0
0
0
0
0
0
0
668
0
0
0
0
0
0
866
233
0
0
779
0
0
0
0
0
981
0
160
867
293
0
828
0
0
62
0
0
0
0
0
453
0
0
755
0
0
879
0
0
0
0
0
0
0
0
0
0
0
0
0
791
0
267
0
0
0
0
0
420
407
0
0
0
0
0
0
0
0
151
335
0
0
95
0
0
0
0
0
0
0
247
0
0
0
830
0
0
0
0
0
0
0
0
0
162
0
130
0
0
0
0
0
0
0
337
0
0
0
0
0
0
381
0
0
0
0
0
0
0
0
0
0
0
0
707
0
0
0
0
0
0
0
0
0
0
0
0
0
0
0
0
0
0
0
0
0
42
709
0
401
0
0
830
0
0
0
0
0
0
0
0
0
803
114
0
0
0
604
0
771
0
0
0
608
0
0
0
0
0
0
0
0
0
670
501
0
0
0
0
0
0
0
0
0
0
0
0
0
0
0
547
0
905
0
0
0
0
0
0
0
0
0
0
0
0
349
0
0
474
0
0
752
238
205
583
0
0
666
0
0
744
0
891
0
0
0
0
0
0
0
454
0
0
0
479
0
0
0
895
0
0
0
0
0
0
0
269
0
124
0
0
803
0
0
0
0
0
0
0
0
0
0
0
0
0
147
0
0
0
100
0
0
0
0
0
0
0
264
0
0
0
0
0
0
87
0
0
0
0
674
705
51
666
0
0
696
974
0
0
391
312
475
0
0
0
0
0
0
0
0
0
502
0
0
990
0
0
0
0
0
394
0
0
0
0
374
0
0
0
256
0
0
304
0
687
0
0
0
0
0
192
0
0
0
0
0
0
0
818
0
0
114
0
0
332
0
0
0
0
0
0
0
86
0
0
0
0
750
0
0
0
100
289
0
0
925
0
0
0
455
0
0
0
957
992
0
0
0
0
0
0
0
0
618
0
516
0
0
0
0
0
0
0
256
529
0
0
935
599
0
0
0
253
0
542
0
413
0
0
0
0
0
0
0
0
0
0
903
0
787
0
0
0
0
36
0
0
0
0
421
657
0
0
0
0
0
0
529
0
0
0
0
0
332
0
429
0
0
0
0
0
0
0
0
0
0
0
0
0
0
0
862
264
0
0
0
0
0
452
0
0
570
275
0
0
0
0
0
0
0
0
0
0
0
0
0
0
0
0
0
667
0
0
836
0
0
0
0
0
0
0
0
0
0
345
0
0
0
0
0
939
0
0
0
0
0
309
0
0
0
601
587
0
0
0
0
0
0
0
0
245
887
0
0
0
0
0
0
0
172
0
0
0
0
429
0
0
0
0
0
0
661
0
0
0
0
0
0
0
0
0
0
0
0
0
0
0
228
0
0
0
0
0
0
245
0
0
480
0
0
0
743
0
72
0
0
0
0
0
0
0
0
0
0
0
0
0
592
678
0
0
0
0
678
339
0
0
0
0
922
0
0
0
0
0
0
0
638
0
0
0
0
137
0
0
0
0
0
0
0
0
0
0
0
0
0
0
0
379
0
0
0
0
0
0
0
0
0
0
0
0
0
0
94
0
0
0
0
0
0
733
0
0
0
0
0
0
0
0
480
0
747
0
0
0
0
930
0
0
0
330
715
0
0
0
0
0
467
0
0
351
165
0
0
0
0
0
856
0
491
0
0
0
0
433
0
0
0
0
71
0
0
861
644
0
4
904
0
0
405
0
458
0
882
0
0
0
0
0
810
0
0
0
0
0
656
0
0
0
869
0
604
0
0
0
0
0
0
0
0
210
0
0
0
0
0
0
0
0
0
0
0
0
274
0
802
0
0
0
0
356
0
0
0
242
713
0
0
0
100
0
0
703
0
0
436
0
0
0
0
0
0
461
775
0
0
0
0
0
0
0
0
366
0
876
0
0
0
0
741
0
0
68
0
408
0
0
749
0
0
859
0
0
0
0
337
0
0
0
0
140
0
0
910
532
0
0
0
0
473
151
0
0
0
0
0
0
0
0
0
371
0
758
0
251
0
0
928
263
4
0
0
0
0
0
0
0
0
0
0
0
0
0
0
0
0
0
0
0
0
944
0
0
0
104
0
0
0
0
0
0
128
0
0
0
0
0
0
0
0
0
0
679
0
105
0
0
0
0
0
0
78
0
438
0
0
0
0
0
0
0
0
0
785
0
0
0
0
75
0
0
185
0
261
0
0
954
0
926
0
335
771
0
0
0
0
0
0
0
0
0
911
890
131
0
0
0
0
0
0
0
0
0
0
0
0
0
0
0
0
0
0
0
0
439
0
0
0
827
0
0
347
0
0
721
134
0
0
0
62
461
0
562
913
0
573
488
440
0
253
0
454
0
0
261
0
0
0
0
0
0
0
0
0
0
0
364
0
0
0
0
811
440
0
305
0
0
424
721
221
259
0
679
0
0
0
0
0
0
0
0
0
0
0
0
0
0
210
371
0
0
0
0
0
0
0
0
0
965
0
0
0
338
900
0
675
0
0
0
152
0
0
0
0
0
0
356
0
0
0
483
786
512
0
0
983
0
0
918
0
960
0
0
85
776
0
0
0
0
0
442
0
0
0
870
0
0
0
0
0
0
0
0
0
0
0
999
0
0
0
835
0
34
438
0
0
0
0
0
0
0
0
0
0
0
60
0
0
0
0
0
0
0
0
0
661
0
0
0
911
0
0
574
533
0
0
0
0
0
0
0
238
259
935
0
496
0
0
0
0
0
0
0
0
0
0
0
975
0
420
0
0
0
0
0
0
0
886
971
0
0
0
0
0
0
0
0
0
412
495
932
0
0
0
595
0
0
0
0
202
0
0
0
0
0
56
0
202
0
0
0
0
0
0
0
545
0
0
0
0
0
0
0
281
0
0
0
0
0
0
95
0
0
86
0
0
0
0
758
890
0
574
0
0
0
399
0
0
619
0
0
0
0
64
0
0
639
829
453
0
302
0
876
0
0
78
0
0
0
0
0
0
0
0
429
0
0
259
0
0
635
0
0
0
0
0
0
216
0
0
0
0
0
0
915
690
0
0
0
0
0
0
498
0
799
0
0
0
0
0
0
0
0
0
80
0
0
0
0
0
0
0
0
0
0
0
0
0
0
0
0
608
0
0
0
0
94
0
0
131
0
533
0
0
0
0
555
0
0
449
0
0
759
633
287
0
0
0
0
0
0
0
0
0
0
0
0
75
0
0
0
330
0
740
0
0
0
0
0
0
0
0
0
0
0
0
0
301
0
388
0
0
0
0
226
0
0
0
0
0
0
0
0
0
0
216
0
0
0
0
178
0
0
0
0
0
0
0
0
0
0
0
0
0
0
512
0
0
0
0
0
0
0
0
0
0
0
0
251
0
0
0
0
0
0
0
0
0
0
0
0
0
84
0
586
0
0
0
379
764
0
0
0
0
407
0
58
0
836
0
0
0
390
0
0
0
0
0
0
0
0
0
0
0
0
0
0
0
0
0
0
0
0
0
418
0
0
481
0
0
0
0
0
0
0
0
0
0
0
0
850
0
0
0
0
943
0
0
0
0
0
0
667
0
0
760
0
0
0
0
0
0
147
0
0
0
0
0
0
0
0
0
399
0
0
0
607
0
0
536
0
0
0
0
0
385
0
511
132
0
0
0
0
0
0
0
0
0
0
0
545
0
0
0
0
0
0
0
903
912
0
0
0
0
788
0
0
587
0
0
0
632
0
0
383
93
0
947
0
0
0
699
20
0
376
427
771
840
0
0
0
299
0
0
803
0
0
0
0
0
0
147
0
0
850
0
0
0
0
731
0
0
0
0
0
0
0
0
0
0
0
0
0
555
0
607
0
0
0
165
0
0
0
0
909
0
416
0
0
389
0
0
0
0
526
0
0
0
0
779
97
0
0
0
0
0
0
0
0
0
0
0
0
0
0
0
911
0
544
0
0
0
380
0
143
900
0
0
0
0
0
0
0
0
0
662
754
0
266
0
0
0
0
0
0
0
0
0
0
0
786
0
0
0
0
722
0
0
0
0
0
0
0
750
0
0
0
0
928
0
0
0
0
0
0
0
0
0
0
0
0
0
431
0
0
0
0
0
0
0
0
859
0
0
76
0
0
571
18
802
0
0
0
0
0
0
912
0
0
869
0
560
37
0
0
0
0
0
0
0
0
776
0
0
986
545
0
0
0
914
0
0
0
0
0
677
0
893
0
0
173
209
0
0
607
0
65
661
0
255
0
0
0
0
0
0
0
0
0
0
0
0
0
0
0
0
0
0
263
0
965
0
619
0
0
0
0
0
0
0
793
0
0
185
0
0
768
106
0
0
198
0
0
0
0
0
0
0
0
0
0
641
0
0
0
0
0
0
0
0
0
0
0
0
0
0
0
0
0
0
0
0
0
0
896
0
0
0
0
0
0
0
0
0
0
0
0
0
369
0
0
0
0
0
474
0
0
0
68
0
0
0
0
0
0
0
0
0
0
0
0
0
100
0
0
0
0
0
4
0
0
0
0
449
0
536
165
0
0
0
0
0
0
653
0
0
0
0
0
0
757
0
0
110
342
0
0
0
358
0
0
0
0
0
0
0
0
0
0
0
0
0
111
0
0
789
0
0
472
0
0
0
0
0
645
641
0
0
0
0
113
0
0
0
0
0
0
0
0
0
0
0
0
494
492
964
714
0
0
0
0
0
177
603
722
0
343
0
0
863
247
0
0
0
0
0
733
0
0
0
0
0
0
0
0
0
0
0
793
0
0
0
0
0
0
0
0
0
0
0
0
618
0
0
0
0
0
0
0
0
0
0
0
0
0
0
0
574
0
0
0
885
0
931
0
0
0
0
0
0
0
0
0
0
278
0
0
0
437
68
0
0
0
0
0
0
0
0
661
0
970
0
0
0
0
0
0
0
0
668
0
0
0
87
522
0
0
0
0
0
0
0
0
100
862
0
0
0
0
0
0
238
0
0
0
0
0
0
0
0
0
0
614
0
0
0
0
0
0
0
0
0
0
0
0
0
910
0
0
0
0
0
0
0
580
201
0
0
0
0
0
0
0
0
733
0
0
0
0
0
0
0
0
0
445
0
0
0
0
0
0
0
0
858
0
0
75
0
0
0
0
0
0
0
0
0
703
0
0
0
0
0
0
0
596
0
4
0
0
5
0
0
0
289
264
0
0
0
0
0
338
259
0
759
84
0
0
431
0
0
0
614
0
303
0
0
0
0
0
0
0
0
0
0
910
0
0
0
0
0
0
0
0
0
0
0
0
0
0
0
459
0
0
925
0
0
0
0
0
0
0
0
378
0
389
0
0
0
0
0
786
0
0
0
0
0
0
0
0
0
0
0
0
0
152
0
614
0
0
0
0
0
0
0
0
0
46
0
0
0
0
670
0
0
0
0
0
274
0
0
900
935
64
633
0
0
0
0
185
653
0
0
303
0
343
0
0
0
0
0
38
0
0
0
0
0
0
0
0
0
921
0
207
0
0
835
0
0
0
0
0
0
0
0
0
0
0
0
251
289
0
0
551
0
109
0
0
713
870
0
0
462
0
0
796
0
0
373
0
0
0
0
0
0
0
0
0
0
0
0
0
0
0
0
0
0
370
594
738
0
830
501
0
0
0
0
0
0
0
0
0
0
0
287
586
0
909
0
0
0
0
0
0
343
0
270
0
0
0
0
0
820
0
0
0
0
0
0
0
0
333
0
0
0
870
135
0
0
0
0
102
0
0
445
0
0
0
0
0
0
820
0
0
0
198
0
0
0
0
0
897
0
981
0
0
0
0
0
0
0
0
0
0
0
0
626
817
0
397
0
0
352
0
0
0
0
0
0
0
0
0
0
0
925
0
0
0
802
0
0
675
496
0
0
0
385
0
0
0
0
0
0
0
0
270
0
0
0
0
0
0
0
0
0
0
0
0
0
0
0
0
0
915
0
0
971
0
44
107
0
1000
0
0
0
191
0
540
0
0
0
0
0
304
0
371
0
0
0
0
0
0
0
0
0
0
985
607
0
0
63
0
0
0
0
0
0
0
338
0
0
0
0
0
0
0
0
0
807
0
0
0
0
0
0
0
0
0
0
0
0
0
0
639
0
0
0
416
0
768
0
0
0
0
0
0
0
0
745
0
0
875
0
0
0
156
0
0
0
0
0
0
96
0
0
0
530
0
0
0
0
0
0
0
0
0
364
503
0
0
0
0
0
0
0
573
0
0
0
0
563
0
0
0
0
0
0
0
0
0
0
0
338
375
0
0
0
0
0
0
109
11
0
0
0
0
0
0
0
0
608
0
0
264
0
0
228
0
0
0
0
0
0
829
0
0
511
0
0
106
0
0
0
0
0
0
0
745
0
690
0
996
0
0
0
487
0
0
0
0
0
108
182
766
0
960
0
0
42
0
0
548
0
396
0
0
0
0
0
0
0
0
7
0
0
275
0
0
0
0
0
0
0
0
0
0
0
152
0
0
0
0
0
0
0
0
0
0
0
0
0
312
0
120
0
0
0
0
0
0
42
0
0
0
0
452
0
0
0
0
0
0
0
453
0
379
132
0
0
0
0
0
0
0
0
0
0
0
690
0
45
0
0
623
0
0
0
0
0
416
0
0
693
0
0
279
604
0
0
0
0
0
0
322
0
0
0
0
0
417
0
0
0
0
242
179
0
0
0
0
0
543
0
0
73
0
0
0
0
0
0
436
0
0
0
0
900
0
0
0
0
0
0
0
118
0
0
0
0
0
0
0
0
0
455
0
0
480
0
0
0
152
0
0
0
764
0
389
0
0
0
0
0
0
0
0
0
0
0
45
0
0
0
0
148
0
0
0
0
0
0
0
0
0
0
0
0
989
11
0
0
621
377
0
0
0
0
0
0
0
0
0
0
0
121
108
0
0
0
181
0
0
26
0
0
958
0
788
687
0
92
0
0
0
658
0
967
0
0
0
0
0
0
0
0
0
0
510
0
0
0
0
0
0
0
0
0
0
356
0
0
0
0
302
0
0
0
0
0
198
757
0
0
0
38
0
0
875
996
0
0
0
0
476
0
0
0
217
0
0
923
0
0
0
113
0
0
0
0
0
0
0
0
0
0
0
245
0
0
0
0
201
0
0
0
333
0
0
0
526
107
0
0
447
0
0
0
0
0
0
0
0
0
461
0
0
0
234
0
0
0
0
781
410
0
0
0
0
61
390
0
0
0
0
0
570
0
747
0
0
0
0
0
0
0
0
0
0
859
0
0
618
0
0
0
820
0
0
0
0
0
0
0
0
999
0
0
0
0
0
700
0
64
0
708
0
0
0
0
0
0
0
794
256
0
0
0
0
0
0
0
0
637
0
0
14
0
0
0
0
895
159
0
0
472
0
0
0
0
0
0
476
0
0
0
0
0
854
911
453
0
0
972
834
719
0
0
0
0
0
0
0
0
0
0
275
0
0
0
0
0
0
0
876
0
0
0
0
0
0
0
0
0
0
0
0
0
0
0
623
0
476
0
0
0
0
0
0
0
0
0
0
0
0
0
0
0
0
0
0
0
0
0
0
142
0
0
0
0
0
121
0
0
0
0
703
0
337
0
108
0
109
0
0
0
98
0
0
0
0
0
0
0
0
0
402
0
0
0
0
0
0
0
602
35
0
0
129
0
0
0
0
0
0
957
0
0
0
0
0
0
0
0
0
0
0
0
0
0
0
110
0
0
0
0
0
0
0
0
0
148
0
999
0
0
0
0
0
490
0
0
0
0
0
0
0
907
225
0
0
0
0
255
0
0
0
689
861
0
0
0
0
0
0
577
337
0
0
0
0
0
0
0
0
0
30
0
0
724
0
0
0
454
0
153
0
0
858
0
0
0
0
0
0
0
0
0
0
0
0
0
162
0
87
992
0
245
0
242
0
439
0
0
0
0
407
0
526
76
0
342
0
0
910
0
0
0
156
487
0
0
0
0
0
0
0
570
0
0
0
0
0
61
0
0
0
0
0
0
225
0
0
0
0
0
0
0
0
0
0
509
0
0
0
0
386
0
0
390
0
0
0
16
0
0
0
0
0
0
169
0
141
0
0
0
843
0
0
0
0
0
0
0
0
698
0
0
0
604
0
0
0
0
0
0
0
0
0
713
0
0
0
0
78
0
0
0
0
0
0
0
0
0
0
0
0
0
0
0
0
0
0
0
0
0
570
0
190
0
0
0
0
0
0
0
0
0
212
0
0
0
168
0
0
402
0
0
0
0
0
272
321
578
0
215
56
0
723
0
0
0
0
0
0
0
0
759
0
523
432
642
0
456
0
0
0
577
0
0
817
113
0
0
0
566
0
0
162
0
0
0
130
0
0
0
0
0
930
0
0
0
356
0
0
0
58
0
0
0
0
0
0
910
0
0
0
0
0
0
0
0
217
0
0
0
0
190
0
0
0
0
0
568
0
0
448
908
0
0
0
0
0
0
846
0
0
993
0
0
0
0
0
0
0
0
332
0
0
0
0
40
0
0
0
0
0
0
0
0
0
0
0
0
0
0
0
0
0
570
0
0
0
0
0
0
0
0
0
0
63
0
0
0
0
0
0
480
0
0
0
0
0
975
0
75
0
0
0
571
0
0
0
0
0
0
0
0
0
0
0
0
0
0
0
490
0
0
0
0
0
0
0
0
0
0
0
0
0
0
0
750
0
0
0
0
899
0
0
0
0
0
939
0
0
0
738
193
0
0
118
0
707
0
0
0
0
0
0
0
0
0
0
0
0
0
0
318
0
0
0
825
0
0
0
0
0
900
0
0
0
668
0
0
0
0
0
0
0
0
0
827
0
0
0
0
836
0
0
18
0
358
0
0
0
0
0
0
0
0
416
0
0
0
0
0
0
0
0
0
0
410
0
0
0
489
0
937
0
53
0
0
964
0
0
0
0
0
0
123
87
0
0
0
0
642
138
0
0
0
0
0
0
0
0
0
221
0
0
0
0
0
0
0
0
672
0
0
0
0
286
138
383
999
563
0
492
0
128
47
0
0
0
0
674
0
0
0
0
100
0
0
0
420
0
0
0
0
779
802
0
0
0
0
0
0
0
0
0
0
0
0
923
700
0
0
0
0
0
0
410
0
0
0
0
0
0
0
0
0
0
0
0
0
686
0
586
308
0
0
0
0
0
0
0
0
170
232
0
0
0
0
0
0
0
0
0
763
0
647
0
0
0
697
0
0
0
501
0
0
0
488
0
0
0
0
0
0
0
0
0
0
0
547
705
0
0
0
330
0
944
0
483
0
0
0
0
545
97
0
0
0
0
0
0
921
333
0
0
108
0
0
0
0
0
0
0
0
0
0
0
0
0
0
0
0
985
0
0
148
0
0
0
0
0
0
0
0
67
0
0
0
0
0
0
0
544
0
0
0
0
0
374
0
0
0
836
91
0
962
0
0
0
0
0
0
0
0
0
0
0
0
0
0
0
0
43
0
0
0
0
0
0
0
51
0
0
743
715
0
0
347
786
0
0
330
0
0
0
0
641
0
0
0
0
0
0
0
96
182
693
0
0
64
0
0
61
0
568
0
0
0
0
0
0
155
0
0
0
697
0
0
0
0
0
0
0
0
0
333
0
0
93
0
0
38
276
185
0
0
0
0
0
198
522
0
0
0
0
0
0
0
663
0
0
0
0
0
963
0
0
0
0
0
0
108
0
0
0
0
0
0
0
905
666
0
0
0
0
703
0
0
512
0
0
0
390
0
0
0
0
0
0
0
0
207
0
915
0
766
0
0
0
0
0
0
0
0
0
0
0
0
0
0
0
0
0
0
0
0
0
129
0
0
0
0
0
0
0
839
0
355
0
736
0
0
1
0
0
106
368
0
0
0
272
783
0
0
0
890
0
0
0
0
0
926
0
0
0
0
0
0
0
14
0
506
0
0
466
0
0
0
0
0
0
618
0
72
0
0
0
0
0
0
0
740
0
0
0
0
0
0
0
0
0
0
0
0
0
0
0
0
113
708
0
0
0
0
0
0
489
0
0
155
0
0
902
0
0
0
0
0
0
0
0
0
0
0
0
0
78
275
0
0
0
0
442
469
0
0
622
0
504
0
0
389
0
365
0
0
0
0
0
0
0
0
0
0
0
0
0
0
0
0
808
0
0
0
0
0
0
0
337
0
0
0
0
0
0
0
104
721
0
0
429
0
0
0
0
0
0
0
0
580
0
0
870
0
0
960
279
0
0
0
0
0
0
0
448
0
0
0
985
0
0
902
0
845
517
0
0
0
0
0
0
0
0
0
0
0
0
0
0
55
0
970
63
0
0
0
0
0
0
0
0
0
0
0
0
0
0
0
0
0
0
0
353
0
0
0
704
0
0
0
0
0
0
0
0
0
0
866
0
0
696
516
0
0
0
436
0
134
983
0
0
0
0
0
0
0
0
0
0
201
0
835
135
971
530
0
604
0
0
0
0
907
0
0
908
0
937
0
0
0
0
0
845
0
0
0
769
0
13
0
0
798
0
318
0
0
0
69
0
0
0
0
214
0
0
158
0
0
0
502
114
0
0
0
0
926
0
0
0
0
863
0
838
0
0
896
0
0
0
0
0
989
7
0
0
0
0
233
0
0
974
0
0
0
0
0
0
0
0
0
0
0
0
0
0
912
0
0
0
0
0
0
0
0
0
0
0
989
0
0
0
225
0
212
0
0
0
0
0
0
0
0
517
0
0
0
0
0
4
743
0
0
0
0
196
0
141
0
0
0
0
0
626
0
0
0
455
0
0
0
0
0
0
0
0
157
810
0
601
0
0
89
0
0
288
80
0
0
0
0
0
412
0
0
0
0
0
0
0
0
0
0
0
0
467
0
0
0
0
886
259
0
0
0
0
0
0
0
574
0
0
0
0
44
0
42
0
11
0
0
0
0
0
0
0
0
53
0
148
697
0
0
0
0
0
0
0
0
0
0
0
556
0
0
0
0
0
0
357
0
0
0
912
866
867
0
0
0
0
0
0
0
0
770
0
395
0
0
0
0
294
0
0
344
420
0
0
0
0
0
0
0
0
122
0
0
0
0
0
0
0
0
0
0
0
0
0
0
918
971
0
0
0
903
0
0
0
0
0
0
0
0
0
107
0
0
0
0
0
0
0
0
225
0
0
0
0
0
0
0
0
0
0
769
0
0
0
0
0
0
0
0
0
0
0
0
512
0
999
0
0
997
257
0
0
0
0
0
0
0
0
0
0
0
0
0
0
0
0
760
0
0
0
0
0
344
0
0
0
0
0
0
0
0
0
0
0
779
0
0
391
0
0
0
0
0
0
62
0
0
0
0
0
912
0
869
0
0
0
0
0
0
0
0
0
0
0
0
0
0
0
0
0
0
0
750
0
0
0
0
129
0
0
0
0
0
0
0
0
0
944
0
0
0
0
0
962
121
0
0
859
0
419
0
255
68
0
0
0
0
0
5
0
0
648
0
576
0
0
0
0
303
0
0
0
0
0
0
0
0
0
0
0
0
148
0
0
0
0
0
312
0
667
0
351
0
0
461
960
0
635
0
0
0
0
0
0
0
0
0
459
0
102
1000
0
548
0
621
0
0
0
0
0
168
0
0
964
0
0
0
0
0
0
13
4
0
0
0
0
0
685
0
0
0
403
0
0
0
0
501
0
0
364
0
0
0
328
0
0
741
0
0
0
0
0
0
461
722
0
0
0
156
0
0
0
663
0
432
0
0
0
0
0
0
0
0
586
0
381
0
475
0
0
0
165
0
128
0
0
0
0
0
0
0
0
560
0
0
885
0
0
0
0
0
0
0
0
377
0
794
0
255
0
0
0
0
0
0
0
0
0
0
0
0
743
0
0
0
0
0
248
0
0
0
0
0
64
879
0
0
0
894
530
0
0
0
0
0
198
0
0
0
0
0
0
0
0
0
0
0
94
0
0
0
318
0
0
306
0
688
0
0
0
0
0
0
0
0
0
0
0
0
0
0
0
461
0
562
0
0
0
0
0
0
0
37
0
111
0
0
0
0
0
0
0
396
322
0
0
256
0
0
0
0
846
0
0
686
0
0
0
0
0
0
0
0
0
944
685
248
0
0
0
0
922
0
0
289
0
0
0
0
129
0
0
0
0
0
0
0
0
0
0
0
0
0
0
0
0
0
0
0
0
0
0
644
0
0
0
0
0
0
915
741
0
0
0
0
0
0
0
256
836
0
0
775
0
913
85
0
0
0
0
0
0
0
0
0
931
0
925
0
445
0
0
0
0
0
0
0
142
0
0
402
0
0
0
0
0
0
0
0
0
798
0
556
0
0
0
0
0
0
993
0
0
0
0
546
0
0
0
0
628
288
0
0
0
0
0
0
0
953
243
0
0
0
0
42
0
0
0
0
0
0
0
0
0
0
0
443
0
0
0
0
0
0
0
0
0
0
0
529
0
0
0
0
0
0
776
0
0
0
0
788
0
0
0
0
0
733
0
0
0
191
0
0
0
0
0
0
0
0
0
0
0
899
0
586
0
0
0
0
0
0
0
0
0
0
0
0
0
993
0
0
0
780
974
0
0
0
514
0
602
0
957
0
0
0
0
0
305
0
0
0
0
0
0
0
0
0
424
0
0
0
0
485
0
0
378
0
0
0
0
329
0
0
0
981
0
349
0
0
0
0
0
0
0
573
0
0
0
0
0
0
0
0
0
789
0
0
0
0
0
0
364
0
0
0
245
0
0
689
0
0
993
0
0
308
0
0
0
0
0
318
0
0
0
0
0
0
0
0
0
0
0
0
0
0
0
0
628
0
579
0
0
382
738
0
73
0
0
0
0
0
0
0
0
0
0
0
0
0
565
0
845
0
968
0
0
0
0
0
329
0
0
0
0
0
0
0
0
0
0
0
0
0
0
488
0
0
0
0
0
0
911
0
0
0
0
0
0
0
0
540
503
0
0
0
0
0
0
861
0
0
0
0
0
0
67
0
0
0
0
0
196
0
0
0
403
0
922
0
0
0
0
0
0
0
0
0
779
0
961
816
332
0
0
0
0
0
619
0
0
0
141
0
0
0
0
0
0
859
0
0
0
0
0
0
0
0
0
0
0
210
0
0
0
160
0
0
0
935
0
592
856
0
0
440
0
0
216
301
0
587
0
0
0
0
0
0
0
0
0
0
0
0
0
0
0
0
0
0
0
0
0
0
123
0
0
333
839
0
0
0
0
0
0
0
0
0
0
0
780
0
0
0
0
0
607
0
0
0
927
0
0
0
198
0
0
0
0
0
0
0
691
654
0
732
910
0
0
172
0
0
0
291
0
3
0
0
932
574
0
0
0
0
0
867
0
474
0
599
0
678
0
0
0
0
0
412
0
0
0
0
544
0
0
472
0
0
0
251
0
0
0
0
417
0
0
0
0
0
0
0
0
0
87
0
0
0
0
78
0
0
141
0
512
962
0
64
0
0
974
0
0
0
0
0
0
0
0
0
855
0
0
0
0
0
0
0
0
0
894
0
0
0
317
0
458
823
297
0
0
0
0
0
0
0
0
680
0
0
951
0
0
0
0
293
0
0
0
0
0
0
491
0
0
253
0
495
0
388
0
0
0
0
0
0
0
0
0
289
0
0
0
0
0
0
0
0
121
0
509
272
0
0
0
0
0
0
355
275
0
69
0
0
0
121
0
879
289
546
0
0
0
0
0
0
0
282
0
0
224
39
0
0
743
0
123
0
0
634
0
0
0
0
0
0
0
0
0
0
430
0
0
7
462
0
0
0
0
0
0
0
0
725
0
0
0
0
0
0
0
0
0
0
0
0
442
932
0
0
0
0
0
0
0
0
0
0
0
0
820
0
0
0
0
0
201
0
0
0
0
321
0
939
0
0
0
93
0
0
0
0
0
357
999
0
0
0
0
0
0
0
0
607
0
0
0
0
0
0
822
0
67
919
0
121
0
0
0
471
0
0
0
0
0
0
0
0
0
105
0
0
0
0
0
0
0
788
175
0
0
0
0
0
0
828
0
752
502
0
0
0
0
0
0
454
0
0
0
0
0
632
0
776
0
0
0
0
0
0
0
0
0
7
0
0
0
637
0
0
0
578
0
0
0
0
0
0
736
0
55
0
0
0
0
0
501
0
0
0
0
0
0
0
0
282
0
0
0
0
390
541
0
0
0
310
0
0
0
0
871
0
324
0
0
0
0
0
0
678
0
0
0
445
0
0
0
0
0
0
0
267
0
0
0
0
0
238
0
253
0
0
0
366
679
0
0
0
0
0
0
0
380
0
0
0
0
0
378
551
0
304
0
0
0
0
0
0
0
0
0
0
0
0
0
0
0
0
0
0
0
0
0
0
0
859
0
0
0
0
514
628
779
0
0
0
0
0
0
0
164
0
0
0
0
0
960
0
0
0
0
625
824
543
806
731
839
0
0
0
0
0
0
0
0
0
747
0
0
0
0
0
836
0
0
0
0
205
0
0
0
678
0
0
0
0
0
0
0
0
0
0
0
0
0
0
0
0
0
0
0
0
0
0
242
121
0
0
0
577
0
215
0
0
642
0
0
38
0
0
970
0
0
0
997
0
0
894
0
0
0
0
0
0
0
0
0
0
0
0
