0
0
0
485
0
0
364
120
295
0
754
0
0
0
824
278
607
106
0
245
0
0
0
0
0
0
0
0
0
0
0
0
0
656
591
552
856
0
0
809
536
252
815
0
0
815
774
280
0
918
0
0
671
434
0
0
198
830
146
252
389
996
0
1000
0
797
0
773
420
844
218
963
812
0
953
0
838
0
0
183
543
0
478
0
962
0
771
0
0
764
893
920
957
809
0
158
0
0
0
0
0
0
487
0
0
674
0
0
317
969
0
0
0
0
0
0
923
0
836
203
430
0
0
796
0
269
0
338
0
0
916
0
269
567
183
973
0
861
0
0
858
246
0
497
0
0
956
0
0
0
0
387
902
0
579
707
0
185
269
176
0
0
521
0
0
0
205
0
176
0
255
932
0
175
135
656
0
0
202
714
117
0
0
0
0
238
836
0
519
471
305
0
302
0
0
0
142
0
0
433
0
487
0
651
0
365
0
843
0
0
842
0
932
0
225
824
0
266
0
0
305
0
0
0
0
0
0
167
800
0
0
0
0
0
0
0
776
0
0
0
867
0
0
0
368
837
307
722
142
0
0
0
283
0
0
823
655
0
768
0
659
130
0
393
421
542
0
0
268
0
0
825
0
585
0
571
0
0
629
0
0
740
0
0
0
0
532
0
0
982
0
627
0
757
0
0
434
524
0
0
485
0
651
0
817
0
0
0
0
375
0
0
822
429
0
0
0
717
0
0
364
0
0
550
0
297
0
289
0
0
800
300
295
739
358
769
0
0
131
425
0
864
446
270
244
0
0
325
0
0
0
417
0
0
903
0
494
0
0
0
544
594
206
0
0
0
509
263
0
0
955
0
517
186
0
302
0
431
700
607
0
0
111
0
159
366
0
0
378
641
708
0
0
0
0
566
0
221
160
419
0
0
0
817
0
0
0
0
437
0
278
0
116
0
123
388
969
646
131
141
0
0
0
0
0
504
200
395
720
0
0
630
460
414
0
910
362
0
609
611
0
0
0
880
0
0
358
0
687
0
0
0
0
0
0
440
0
549
614
917
259
0
0
377
0
0
0
768
0
375
967
420
0
721
0
0
0
546
0
0
544
732
336
0
0
0
667
278
948
381
813
0
0
0
0
0
0
0
0
718
0
674
365
0
0
0
622
0
0
0
0
0
0
578
0
854
0
0
0
906
642
0
760
0
0
0
939
618
0
970
126
0
782
0
0
507
0
557
759
456
879
168
338
0
401
0
785
0
0
0
0
640
936
511
0
687
127
984
0
337
0
283
0
825
0
389
0
0
386
0
0
430
0
0
395
0
0
0
0
244
0
0
968
392
0
705
0
583
720
0
0
0
0
698
0
0
184
587
0
858
364
0
0
0
0
622
0
351
0
0
0
0
0
0
0
641
0
0
942
0
930
760
0
231
0
298
715
429
465
0
0
0
0
883
0
531
450
963
158
435
0
387
153
619
0
0
0
0
628
0
0
0
579
0
425
997
0
0
0
0
187
0
0
835
351
0
464
0
909
187
246
618
0
0
0
0
0
0
0
0
0
0
509
0
624
650
0
0
0
0
0
736
0
0
0
0
727
926
0
0
120
0
843
0
0
0
351
0
178
222
905
0
731
0
701
0
125
913
491
0
0
285
440
311
0
0
322
870
268
0
820
0
0
263
587
0
0
0
0
0
212
797
154
358
0
855
840
0
0
664
419
0
478
0
0
0
0
873
209
373
307
0
869
0
0
403
0
206
0
584
828
0
0
772
0
169
806
0
284
316
0
0
700
885
657
449
757
0
691
0
251
628
671
174
916
0
372
976
0
254
295
317
0
0
437
0
0
178
0
0
622
953
368
217
543
0
414
848
913
0
0
721
0
0
0
844
372
921
847
946
0
285
295
0
175
655
112
641
0
0
293
973
0
505
755
0
0
235
0
0
557
0
565
0
0
295
0
0
623
641
933
153
390
480
312
553
0
611
0
0
888
864
0
0
0
0
909
429
0
0
0
816
0
971
0
0
730
282
0
0
434
210
305
673
0
132
0
0
212
243
0
969
0
375
0
0
0
222
0
0
0
0
497
959
0
0
0
355
0
619
0
0
0
564
0
971
0
763
0
500
262
0
0
372
0
803
705
0
262
0
0
255
141
0
0
360
0
0
965
467
0
0
893
620
0
260
868
0
786
253
0
0
507
0
992
168
586
0
911
846
0
0
0
418
382
0
0
0
0
114
867
644
529
919
0
130
0
0
0
859
0
0
0
0
810
0
228
547
577
0
754
0
842
0
278
0
0
905
622
0
0
457
0
0
0
0
933
624
498
0
0
206
0
285
910
0
257
0
522
295
0
795
0
0
162
0
0
397
0
985
231
629
0
0
321
637
646
202
0
0
0
819
401
0
0
911
533
920
625
744
0
0
878
604
0
712
0
106
160
0
805
0
612
0
209
351
778
0
0
582
671
0
0
142
0
348
0
0
764
0
952
579
358
819
0
0
279
880
351
244
0
0
0
0
0
0
0
0
953
0
457
0
0
0
212
526
0
819
0
0
147
0
544
708
0
0
0
292
0
347
815
0
343
546
0
0
0
974
378
114
0
0
0
780
207
0
0
264
177
384
588
0
619
753
0
0
285
0
0
497
0
0
561
0
0
363
0
452
459
0
0
0
0
686
832
0
318
0
111
0
0
0
0
637
513
255
0
0
0
0
0
395
133
406
645
0
0
222
201
0
0
0
932
822
116
0
0
731
368
497
0
0
0
0
0
586
0
0
620
0
772
0
0
492
0
0
398
273
0
301
0
0
216
0
755
814
0
388
0
649
351
209
965
389
0
458
0
559
0
0
371
596
238
119
0
672
973
838
0
0
0
579
331
0
0
502
0
0
801
0
0
277
0
0
724
197
538
724
824
538
0
853
0
531
0
0
899
0
0
564
152
380
0
0
327
181
151
0
554
0
0
0
0
429
0
578
0
0
217
959
0
0
0
0
0
0
0
114
0
492
183
624
578
326
915
0
978
140
717
927
256
0
0
213
0
435
406
0
672
603
453
0
0
0
0
463
433
0
0
0
620
496
0
359
0
0
367
595
0
0
0
0
0
602
0
0
0
0
0
0
437
774
658
0
0
0
302
558
0
0
0
980
0
0
0
0
521
434
512
294
0
0
0
0
0
516
822
0
0
0
824
0
225
0
123
0
0
701
543
0
0
212
0
0
0
733
0
0
0
266
616
0
0
0
0
0
162
0
320
0
938
946
829
0
0
0
0
0
0
947
966
0
579
335
866
0
388
0
0
0
0
0
0
708
983
0
0
346
863
732
0
0
702
0
0
130
0
0
817
0
629
723
0
0
0
0
911
0
0
0
0
715
233
380
838
0
0
507
0
426
400
0
615
720
0
0
0
0
0
338
278
0
824
0
388
854
641
0
0
0
0
526
586
0
733
0
897
404
0
141
321
702
0
139
0
273
976
377
0
0
109
277
0
0
0
0
0
959
479
659
325
0
186
160
166
124
0
0
528
0
432
0
0
835
918
822
0
0
0
941
746
465
0
0
901
0
0
0
123
0
0
698
0
0
644
0
908
0
0
0
0
615
0
751
0
282
204
694
0
369
0
245
184
0
0
0
0
310
0
0
607
923
0
0
969
0
0
125
414
0
933
0
0
0
0
897
0
0
895
221
281
164
556
0
794
925
618
0
0
0
0
0
228
0
858
590
0
104
720
0
290
0
120
0
846
886
0
0
925
818
0
272
0
988
0
926
245
609
231
0
0
0
351
997
422
615
711
924
274
0
392
367
320
0
340
483
346
0
0
0
243
0
907
668
0
438
256
843
342
0
200
435
255
147
808
0
0
0
0
0
106
0
266
717
646
0
0
913
848
355
624
819
0
114
0
404
0
0
236
0
358
990
506
709
0
161
0
0
372
942
0
0
0
0
0
605
0
0
731
0
0
0
114
0
0
806
0
136
0
0
238
0
546
0
179
852
0
0
183
0
0
0
0
0
0
879
0
555
576
0
289
590
381
178
843
0
0
401
0
0
467
989
466
326
0
993
292
0
653
0
0
719
489
675
0
969
0
0
383
0
0
836
0
0
131
0
942
491
913
0
498
0
620
0
0
0
895
236
0
0
0
0
0
0
709
0
0
0
0
281
0
448
724
650
882
747
452
890
309
188
0
305
183
539
797
504
0
0
0
830
0
0
0
0
441
0
0
650
0
0
893
360
976
0
548
0
794
0
0
673
0
0
496
862
0
458
400
181
899
584
0
325
0
353
0
753
571
0
578
842
482
470
0
0
0
448
618
0
0
295
245
203
0
0
141
906
0
0
0
619
0
0
0
492
266
141
221
0
0
0
0
0
138
0
0
488
285
0
975
640
0
934
938
0
454
0
813
0
0
862
145
0
463
0
0
263
0
0
0
722
0
0
0
654
0
208
379
647
0
0
0
0
129
386
0
698
643
0
482
0
884
767
0
623
296
0
457
946
677
0
0
336
0
800
0
103
0
694
320
616
0
0
0
179
0
0
770
413
100
0
0
430
305
364
0
642
930
0
0
0
0
147
772
183
616
321
281
358
0
0
0
241
530
0
885
0
175
0
0
0
867
0
108
0
649
0
0
0
610
131
0
0
0
509
473
976
764
426
0
705
0
315
379
0
0
120
0
0
0
0
583
0
0
857
929
0
158
556
0
0
0
761
420
0
648
299
373
0
0
980
0
696
859
788
562
0
886
995
556
116
0
0
739
0
0
0
0
0
167
0
0
0
0
0
0
0
760
285
721
0
206
0
0
624
0
702
164
990
0
0
241
0
0
155
215
897
0
0
938
0
577
0
364
0
776
248
977
745
0
0
271
0
0
0
710
964
0
773
0
0
0
376
688
0
0
0
705
0
0
770
0
0
785
0
0
0
364
646
553
0
0
0
0
242
697
0
728
994
693
223
765
0
657
0
949
0
0
0
0
0
859
0
673
0
0
0
0
681
616
0
0
0
0
0
0
760
0
440
0
0
0
544
0
578
0
0
556
506
0
138
530
0
0
0
0
816
0
186
0
382
524
938
809
0
0
185
135
0
810
117
0
810
742
568
942
0
0
0
0
0
850
692
0
0
0
776
0
304
685
0
600
713
0
0
230
663
0
0
0
610
0
0
539
0
777
0
0
0
828
0
814
0
0
859
0
0
723
0
211
0
246
574
0
110
0
460
707
210
0
0
0
796
0
550
0
0
231
311
0
564
285
708
492
326
0
139
0
709
0
0
0
155
0
0
593
0
0
0
699
0
0
0
0
607
0
0
0
0
0
0
0
492
0
602
0
957
0
0
0
0
410
729
101
0
809
0
145
0
0
0
0
0
399
345
0
285
975
0
0
823
728
0
793
0
705
0
678
0
0
994
127
601
533
618
0
113
0
828
0
0
0
0
0
0
558
828
295
769
0
597
0
0
0
0
0
0
0
0
0
0
910
0
0
915
0
0
794
0
709
0
885
215
0
593
0
0
0
0
0
0
0
0
320
732
191
106
935
251
0
0
734
0
808
0
537
575
605
0
829
819
184
250
123
233
996
415
0
0
0
113
763
213
170
0
0
482
607
0
630
337
985
414
0
413
0
688
404
981
463
759
512
0
657
0
477
0
152
0
0
127
0
0
0
350
0
461
0
700
0
920
0
269
0
297
504
0
298
0
844
971
0
0
0
0
0
273
925
161
0
488
0
897
816
0
0
0
0
0
516
0
757
421
0
0
0
382
163
0
0
0
993
0
0
425
198
0
0
0
0
0
0
0
166
482
431
0
0
259
0
0
382
0
0
138
0
418
0
332
0
993
913
0
508
0
731
887
403
871
0
993
960
937
0
0
865
412
0
0
527
616
0
0
703
0
336
347
0
0
0
653
0
0
0
0
200
939
715
322
372
0
257
0
398
978
162
976
618
0
0
285
175
0
0
0
0
0
0
0
0
0
651
945
0
924
655
551
0
0
565
0
804
794
650
973
734
830
0
0
415
0
0
0
0
0
0
0
0
196
398
349
848
418
0
0
0
0
514
882
885
897
0
0
0
0
0
406
0
0
0
399
0
0
320
488
450
0
0
900
0
0
805
0
0
197
0
396
790
515
801
965
0
338
167
289
395
618
429
870
921
763
0
292
273
140
0
377
0
0
0
0
0
0
186
0
0
0
0
0
0
630
0
0
0
974
835
595
0
755
632
0
546
658
0
893
0
0
795
146
0
447
0
613
953
0
0
580
184
552
719
511
926
0
0
0
691
530
131
0
0
0
0
0
0
0
0
0
144
169
982
0
576
0
623
0
0
377
0
0
0
0
0
218
764
0
0
0
0
463
594
162
0
0
800
0
720
0
465
268
847
0
522
0
0
717
320
0
0
372
0
975
0
938
0
699
0
516
0
0
0
861
635
0
470
260
0
382
0
0
968
437
116
0
566
641
0
259
601
0
0
878
930
970
0
0
511
0
0
501
822
463
836
0
806
273
0
0
325
472
0
0
0
128
410
0
0
774
0
0
0
500
615
236
0
0
0
393
466
0
0
354
0
0
0
0
645
0
299
0
0
766
0
0
0
0
0
970
0
0
946
500
295
347
301
927
0
0
0
942
281
640
0
0
382
0
0
0
0
630
861
0
162
0
729
802
0
0
0
575
0
139
0
680
0
0
0
979
0
0
0
0
853
0
679
0
209
380
683
424
849
0
0
0
318
0
0
0
0
0
121
355
623
648
0
750
198
0
0
0
562
603
0
0
0
502
741
875
0
867
0
0
0
933
0
0
0
0
155
0
638
287
0
916
0
800
0
126
0
820
0
262
0
815
0
256
938
109
0
0
0
0
867
577
524
0
0
757
651
0
635
162
0
467
212
0
605
0
0
345
317
500
987
0
954
854
0
0
923
195
0
0
584
0
340
836
299
0
0
0
117
0
0
377
0
0
836
709
0
0
0
911
0
698
0
0
573
485
0
0
689
0
0
421
927
600
864
638
539
0
580
0
0
0
0
781
0
0
0
275
280
754
0
0
0
300
630
0
0
0
285
0
795
0
0
0
946
277
0
0
448
934
0
0
938
0
0
421
945
0
0
0
467
0
514
0
0
0
651
880
635
0
0
0
0
791
154
0
0
105
0
0
0
126
0
0
501
469
0
534
439
0
728
371
372
0
0
775
334
0
0
578
0
430
900
0
321
0
0
0
214
146
444
0
423
843
657
383
628
522
699
0
759
0
0
0
0
996
434
0
632
0
0
269
0
295
460
782
0
0
295
0
0
343
216
0
829
0
228
0
724
938
108
364
809
0
320
0
0
0
470
729
212
514
0
0
981
0
0
0
0
0
0
401
0
0
650
0
627
369
0
920
991
0
0
0
0
555
0
934
339
0
153
0
0
0
817
791
0
0
0
264
441
0
0
0
828
0
0
114
0
0
0
0
289
353
733
199
660
883
0
0
0
0
0
0
202
159
0
0
0
0
656
567
0
739
414
0
883
263
0
372
0
546
0
213
0
0
0
0
650
0
0
0
0
607
732
0
924
974
260
802
0
0
0
0
256
750
277
816
293
866
0
701
198
0
401
0
665
812
840
518
0
575
0
914
443
0
258
700
199
272
969
839
305
153
681
0
0
0
0
0
0
492
0
677
319
441
0
0
238
0
0
272
907
130
0
0
908
0
230
0
568
114
686
0
796
0
0
104
0
0
591
183
0
358
0
0
0
587
175
0
162
0
755
0
0
0
858
0
882
454
649
776
0
0
191
0
655
835
0
0
605
0
981
256
0
855
0
0
477
0
0
0
0
0
943
651
466
225
598
136
0
844
263
0
739
304
0
707
586
939
691
316
0
839
687
0
0
0
531
0
0
977
0
0
0
0
449
0
947
0
0
0
627
0
0
0
0
0
0
0
0
0
890
0
0
0
200
324
253
0
552
973
0
769
910
507
531
0
655
803
0
0
814
435
0
0
590
605
747
0
0
248
185
0
106
382
551
595
382
0
0
0
0
750
855
0
0
0
0
641
0
0
523
318
691
717
260
0
0
504
0
547
0
0
0
0
0
0
0
327
0
0
892
878
0
863
574
774
0
771
367
0
132
574
0
0
0
812
395
992
0
0
251
0
350
461
331
0
853
451
0
0
0
0
0
0
906
0
0
438
856
0
776
0
362
0
450
0
112
705
0
0
0
406
0
0
0
0
452
813
0
977
135
0
935
163
0
0
0
0
0
651
0
277
0
0
0
0
0
0
0
0
799
0
0
0
0
0
698
991
0
406
956
820
0
0
783
750
0
691
624
941
0
0
0
0
390
881
133
0
498
0
0
0
882
629
0
767
0
0
0
784
290
0
0
833
763
0
0
0
394
287
0
699
0
0
0
257
0
0
0
861
0
0
0
557
963
0
641
0
397
974
388
0
0
959
104
0
890
0
0
745
0
0
251
0
0
755
0
575
345
880
0
816
0
0
0
0
0
0
0
846
839
0
537
220
0
322
0
0
0
996
0
959
652
0
0
0
0
834
0
335
448
434
0
790
888
407
204
721
0
0
977
0
0
0
0
0
625
384
0
0
0
683
0
124
0
0
107
0
988
0
303
0
356
585
496
0
0
0
0
0
0
131
609
759
158
0
0
262
0
378
0
672
0
479
720
731
309
0
610
0
810
0
0
0
565
632
968
0
317
635
0
293
477
0
0
0
0
0
0
971
0
0
985
588
0
0
0
749
0
349
871
906
439
443
0
380
465
0
0
736
327
0
431
0
0
0
0
553
0
804
0
0
341
586
148
856
0
0
0
0
0
389
0
552
0
874
794
0
0
578
457
0
0
414
297
682
155
254
809
0
0
425
611
456
435
0
0
0
985
114
649
603
947
659
0
0
188
862
131
0
117
0
0
0
0
0
437
139
500
0
0
866
0
641
0
0
0
0
0
0
246
769
514
783
364
298
104
0
0
0
0
0
110
323
0
0
0
0
695
697
0
287
0
911
0
0
0
0
0
0
596
0
501
332
384
0
0
929
333
269
291
0
374
915
0
579
0
104
372
0
0
511
230
0
268
609
0
0
536
858
867
0
0
879
0
212
293
0
231
0
351
453
966
325
290
0
0
145
0
271
0
0
734
993
804
546
116
0
987
0
0
0
0
0
0
0
0
0
0
0
0
0
0
0
0
900
437
424
0
127
265
0
944
899
0
0
0
0
635
0
0
977
302
148
454
832
256
454
0
0
475
825
966
839
0
0
0
0
819
734
0
658
486
0
0
0
741
359
659
0
714
355
487
861
121
0
0
726
252
246
0
864
0
168
387
797
973
255
629
0
209
0
0
0
0
0
305
0
0
0
810
492
0
0
794
658
0
680
0
0
401
701
0
0
0
846
971
0
0
0
170
0
141
0
911
0
688
0
0
0
893
0
0
104
0
235
0
771
0
165
919
0
0
0
0
149
0
644
475
964
332
870
0
986
0
389
0
0
0
784
953
197
907
979
0
1000
0
242
0
0
0
0
953
0
298
0
259
966
815
0
0
446
0
338
153
154
0
141
0
0
965
0
579
186
120
114
183
463
0
0
742
0
808
0
650
0
566
0
954
0
0
198
0
523
799
839
0
246
0
170
0
262
216
0
410
166
0
148
297
245
0
0
0
0
283
0
458
189
0
984
829
0
433
776
0
0
0
875
0
861
0
0
480
0
632
824
0
401
0
0
896
570
0
0
921
354
0
766
199
171
193
0
769
429
904
967
0
0
0
497
0
270
880
0
619
358
505
0
0
780
389
0
335
160
0
0
539
0
509
0
568
602
0
425
973
893
641
0
854
791
0
0
0
318
0
0
0
769
0
0
262
0
0
834
183
877
0
303
0
0
0
0
243
212
0
309
0
140
0
681
0
0
785
0
0
332
0
0
419
0
267
794
425
282
0
0
698
850
0
521
0
671
0
0
0
0
419
240
841
582
0
0
0
0
0
767
0
568
0
0
368
244
0
401
0
0
755
0
321
207
0
0
866
166
846
0
797
0
473
710
942
0
537
198
734
0
0
0
0
154
650
401
943
691
0
537
985
514
0
141
216
0
0
461
436
0
582
719
0
892
946
0
518
0
0
851
0
0
0
0
921
0
733
290
0
493
0
990
0
493
0
0
0
614
253
878
762
0
375
598
0
0
854
0
0
0
0
455
599
0
0
837
389
0
155
882
863
439
815
0
837
0
0
0
0
855
0
360
637
0
458
463
0
124
886
806
504
263
976
964
0
957
575
0
830
0
259
979
0
0
0
0
651
717
0
220
588
783
0
0
0
834
461
0
0
585
0
210
325
0
135
0
440
0
0
0
0
0
557
636
537
120
193
538
0
0
0
586
0
0
0
340
0
0
544
0
943
861
0
0
0
810
273
801
250
934
540
0
309
0
0
668
794
368
0
660
0
237
774
956
307
0
358
785
0
840
0
0
646
0
0
433
388
0
0
0
0
0
764
0
0
0
605
0
0
795
601
0
923
0
627
665
466
260
0
0
0
364
0
911
410
183
436
0
0
0
900
0
379
0
0
140
277
445
0
512
142
380
293
909
253
0
151
859
176
0
198
0
523
582
0
0
0
0
237
189
0
0
899
988
768
0
0
495
0
0
859
0
0
0
0
900
0
903
0
0
0
847
280
0
722
325
0
0
0
0
235
0
202
264
559
0
0
0
0
136
0
0
426
773
0
0
0
0
0
146
0
0
195
105
369
812
225
0
0
322
0
298
900
0
166
877
0
585
0
0
0
0
216
0
0
769
527
0
371
810
219
0
249
0
394
0
732
307
0
0
0
283
0
304
0
976
0
0
0
0
0
0
0
281
0
916
0
0
998
0
0
0
821
0
0
0
444
495
0
287
817
0
0
0
142
0
687
0
628
0
0
965
0
177
0
0
0
528
925
0
0
0
0
0
0
0
829
0
415
0
0
0
0
0
0
840
598
0
698
0
0
104
437
688
0
0
582
0
900
0
0
679
0
411
0
447
734
841
595
647
362
0
0
507
193
700
0
121
0
147
462
725
0
0
676
554
950
0
404
500
0
0
0
101
985
0
460
0
513
0
0
371
893
455
0
597
114
0
0
0
754
665
918
0
0
0
0
0
0
664
0
467
0
384
0
0
0
0
818
0
830
722
705
0
0
0
819
0
0
447
878
0
0
0
920
518
136
504
991
0
749
0
424
0
148
303
719
210
0
0
679
0
0
356
0
459
0
264
619
0
0
237
0
0
0
312
0
0
152
0
0
0
0
0
513
230
664
0
0
0
860
0
0
0
0
642
0
251
0
0
946
632
989
472
499
0
803
0
848
303
152
0
0
0
0
0
0
0
0
419
557
0
0
588
371
620
0
432
0
238
0
0
0
0
850
410
184
0
0
0
930
853
584
0
991
0
0
0
0
0
0
0
0
0
297
0
0
325
379
216
0
0
0
904
0
940
643
470
0
0
865
710
0
894
0
706
687
735
0
0
806
159
345
374
446
0
0
603
0
406
0
769
920
299
0
0
208
0
0
0
0
0
0
756
913
456
382
0
0
0
205
367
0
387
0
417
0
640
0
0
0
0
819
0
596
496
0
0
272
0
0
0
315
376
692
729
250
0
0
613
970
0
0
126
0
575
844
547
406
996
349
0
127
0
245
0
892
0
0
0
411
356
904
0
569
0
0
0
874
0
655
559
0
0
832
0
0
0
813
0
0
0
0
0
502
0
468
0
108
566
354
187
826
0
648
0
0
0
179
0
879
632
226
157
379
909
449
0
0
0
0
332
671
902
283
0
0
936
579
478
565
893
401
619
238
0
0
0
0
546
0
0
379
688
0
101
123
166
0
953
0
679
340
0
0
0
263
0
956
0
871
0
265
893
0
0
946
135
0
0
0
0
0
569
0
0
0
556
181
545
0
991
0
623
764
0
845
0
980
766
0
501
735
0
0
0
0
0
495
0
169
0
491
875
0
610
754
580
317
0
0
0
863
0
0
0
0
0
0
627
445
117
434
0
0
0
0
511
0
0
0
620
0
753
119
359
708
835
988
0
0
654
0
0
0
0
233
482
0
0
0
0
836
0
0
914
0
0
820
959
906
0
0
0
0
0
0
0
140
769
447
459
940
0
0
0
565
189
680
895
433
0
0
340
0
0
460
0
0
142
0
0
0
901
0
280
0
137
147
0
266
0
0
114
0
237
0
494
340
785
329
231
0
0
586
0
790
0
451
391
839
345
0
579
0
903
0
0
425
0
0
0
0
0
0
0
983
918
0
179
441
0
0
0
0
809
996
431
0
0
511
209
299
501
0
443
739
0
0
652
439
110
944
0
0
243
518
440
277
527
734
0
643
0
0
565
0
323
186
183
0
432
898
0
0
950
0
275
0
409
0
0
889
0
875
0
133
0
0
943
331
972
0
0
182
325
261
0
920
0
0
0
960
422
248
0
0
122
316
0
0
0
0
707
823
0
440
687
997
0
295
260
911
0
672
0
0
822
926
852
0
208
120
0
776
0
415
0
0
580
0
380
0
469
555
0
304
0
0
0
443
323
899
104
0
212
0
0
445
0
841
264
470
0
556
189
323
0
0
0
0
0
129
0
0
347
747
852
329
0
0
257
0
0
386
0
0
373
695
0
848
348
474
390
0
790
154
233
0
0
946
557
0
239
0
103
638
296
0
0
126
208
198
0
655
494
0
127
0
0
0
868
533
285
973
367
0
0
245
0
0
379
0
705
0
145
0
0
0
184
0
683
0
0
0
258
0
0
783
0
0
0
0
0
283
0
0
0
0
371
595
619
0
874
181
680
186
0
0
274
0
971
0
0
158
387
0
0
0
0
313
364
964
0
557
0
862
913
102
0
0
0
0
0
0
777
0
426
238
462
982
787
735
867
0
602
426
0
723
0
0
0
830
185
0
0
549
984
0
873
0
0
920
0
838
595
346
0
609
0
650
647
0
0
304
0
0
259
196
552
501
424
0
534
934
700
707
0
750
0
380
0
0
235
0
309
851
0
512
810
647
0
0
0
545
895
183
0
274
0
783
593
0
0
0
0
685
148
0
0
476
0
665
0
0
0
238
954
0
741
392
0
833
924
0
0
0
0
0
0
647
140
0
219
266
928
236
489
639
873
0
138
146
269
768
0
614
0
0
209
623
786
625
0
0
0
863
0
231
183
0
0
0
0
685
0
0
0
398
719
822
849
117
439
339
199
586
0
0
0
465
0
0
0
458
0
0
0
142
219
362
0
865
655
0
433
0
0
0
783
0
0
0
824
0
274
912
0
0
669
828
0
0
285
957
133
0
0
0
198
0
519
0
0
0
0
0
0
788
0
382
0
0
280
834
0
302
235
0
0
0
0
252
176
0
0
917
337
0
373
641
253
744
497
0
0
732
941
0
0
0
0
0
770
0
0
113
0
349
511
463
0
0
0
0
272
939
327
691
834
0
0
0
771
189
140
0
0
380
0
0
237
710
559
991
0
432
0
971
593
0
0
267
0
985
0
314
388
130
102
0
499
243
0
443
382
0
0
705
862
367
0
0
0
156
132
451
0
982
0
175
0
0
489
0
532
267
801
225
445
843
838
389
0
659
544
259
0
187
307
933
0
0
0
0
0
0
746
0
0
893
0
583
0
600
0
763
382
848
926
836
0
0
728
153
969
691
0
624
0
0
695
635
0
0
0
0
557
293
249
0
0
0
0
0
0
898
129
0
0
0
267
0
0
0
477
0
0
992
708
185
0
513
527
277
864
0
0
614
0
667
0
0
0
0
549
0
0
984
889
0
0
801
0
756
0
513
343
0
0
0
0
996
0
130
594
0
283
0
0
153
0
0
0
579
0
0
465
0
0
360
0
0
0
713
0
213
0
418
0
0
0
377
371
0
839
316
0
941
335
736
697
0
165
984
681
0
636
909
0
507
0
894
0
623
340
0
0
0
0
824
0
0
0
0
0
0
347
0
0
891
0
177
392
0
0
0
0
221
0
0
163
0
405
243
0
291
486
765
0
0
0
325
0
820
0
625
684
0
666
0
0
0
521
0
206
0
0
0
869
390
507
878
561
331
0
702
0
351
0
976
129
0
785
0
399
170
0
0
0
806
318
0
372
0
305
0
892
0
448
327
0
0
919
829
0
921
537
253
394
193
0
0
832
764
0
0
0
158
0
0
985
0
0
0
0
918
430
946
650
0
0
0
900
0
0
0
280
0
174
0
0
638
998
423
0
731
720
130
0
0
324
424
968
0
0
0
731
0
856
0
0
1000
0
393
0
377
825
835
0
480
0
604
0
0
602
0
0
997
0
0
386
857
0
0
345
0
138
0
0
273
0
0
0
0
153
839
878
0
434
0
287
977
0
0
0
0
120
0
0
700
312
706
0
0
0
950
347
387
0
274
0
477
0
0
0
0
0
801
102
421
0
349
831
0
0
0
551
843
0
0
0
0
0
282
0
407
917
408
0
0
0
0
0
0
763
140
0
274
917
0
485
0
0
421
0
0
0
351
0
312
992
0
0
0
0
0
901
422
0
548
0
929
0
230
0
0
0
0
691
0
0
836
0
817
681
687
0
0
0
431
0
302
0
433
785
733
193
151
732
0
0
687
0
845
460
0
747
0
685
912
314
0
0
918
0
0
0
829
0
0
0
0
0
480
0
690
426
396
0
0
0
552
767
0
0
197
0
0
0
0
682
0
0
594
0
102
951
522
0
0
293
797
0
542
0
0
389
0
403
553
168
712
363
502
0
130
0
615
879
0
698
0
0
663
285
482
418
0
530
0
0
709
775
791
0
0
863
0
790
0
911
148
0
776
0
290
538
859
307
121
0
735
0
0
0
275
852
0
148
0
388
0
347
430
0
0
0
0
340
0
0
742
0
918
0
107
986
0
0
0
315
0
0
0
447
0
0
0
0
338
328
0
0
322
0
601
217
0
986
958
239
0
205
0
509
0
0
464
0
0
586
0
0
0
0
0
0
711
0
794
643
158
364
0
975
607
0
514
131
325
0
0
334
0
0
0
574
390
888
0
0
454
0
0
0
0
0
176
0
0
152
0
813
980
0
0
329
0
0
0
130
992
0
946
801
829
0
0
998
236
817
0
161
792
366
0
0
0
531
0
0
445
678
400
0
0
775
0
151
313
0
0
0
0
328
0
0
696
0
112
0
773
0
0
263
768
0
0
206
611
0
106
452
0
0
0
0
924
555
0
0
556
646
0
0
0
332
882
0
472
0
0
0
0
0
0
774
881
407
0
0
832
149
0
332
493
0
0
0
147
0
0
0
766
142
409
0
0
0
669
102
708
0
650
102
0
340
998
0
984
883
0
921
0
454
252
568
0
749
888
573
514
898
0
150
0
948
0
0
617
0
230
177
794
337
0
0
207
0
0
812
420
176
268
0
0
386
909
0
0
911
160
459
801
0
817
123
274
576
0
482
0
553
0
0
630
0
885
0
0
121
0
0
0
0
531
0
133
204
0
0
256
0
0
0
0
0
198
0
462
0
806
0
0
0
0
0
313
476
828
0
185
891
0
421
0
0
236
984
0
178
0
0
0
269
0
0
0
621
519
0
727
829
0
0
444
234
503
0
725
0
0
0
546
474
0
0
0
0
721
0
844
0
0
0
375
0
187
584
0
846
0
0
0
0
0
0
0
0
673
0
0
0
610
823
337
993
897
0
0
355
911
578
264
0
0
771
0
721
553
0
454
644
875
0
990
586
0
283
725
0
159
0
501
0
0
257
364
0
0
499
0
0
0
0
0
0
817
883
178
0
0
959
514
796
0
972
714
0
0
856
0
0
982
0
129
456
0
230
0
889
0
813
0
149
592
0
0
0
585
205
218
255
0
955
967
0
246
828
888
0
805
0
0
437
629
0
392
289
0
884
0
0
0
728
985
913
0
0
0
623
0
0
441
0
0
367
498
0
0
0
0
475
0
419
0
0
523
0
0
0
345
0
735
0
889
0
964
665
0
243
513
177
0
349
0
742
0
0
0
0
0
1000
344
662
0
337
668
350
434
0
894
142
466
415
809
806
0
339
944
300
224
0
322
818
649
480
0
946
0
291
963
932
825
0
420
430
618
0
864
0
0
0
277
774
723
698
367
590
0
767
761
0
0
0
414
0
0
0
128
648
698
430
0
492
977
0
0
0
804
0
0
964
861
0
493
0
582
304
0
0
374
0
0
901
0
0
0
0
285
0
527
392
900
831
0
0
161
921
0
959
1000
0
622
308
230
0
0
391
0
876
176
625
0
0
413
780
835
0
428
519
876
427
0
914
911
0
860
0
488
0
812
0
0
517
0
0
0
0
0
0
612
0
0
658
0
0
320
381
496
0
420
0
539
793
0
508
0
0
410
0
0
900
0
0
0
132
0
977
0
596
475
332
0
267
0
0
0
0
676
513
446
502
0
0
875
386
557
0
957
443
277
0
0
0
480
918
792
0
0
514
344
622
0
633
0
808
105
108
199
0
699
0
0
490
185
0
0
0
587
582
0
0
0
0
0
0
133
0
0
857
0
175
585
186
721
0
0
772
0
418
0
686
0
0
0
0
0
178
862
623
0
242
0
0
413
0
0
0
0
750
0
0
0
677
0
574
0
0
0
0
825
870
0
794
0
340
0
976
554
230
0
0
0
280
0
0
0
0
133
382
864
0
0
0
0
0
366
454
269
796
662
308
633
0
0
655
743
0
0
0
0
0
0
0
0
392
669
170
0
918
0
0
222
0
740
0
0
535
0
705
953
135
0
0
0
395
0
0
0
382
209
832
724
0
0
644
340
843
0
296
648
697
777
705
0
731
0
0
0
198
573
321
828
319
0
0
882
0
341
501
966
0
480
425
0
0
0
0
950
664
0
468
0
0
133
0
862
238
0
0
0
0
0
0
690
107
0
252
0
0
0
230
0
0
0
639
667
0
0
817
0
884
0
0
0
150
894
790
0
107
234
0
576
0
0
601
0
0
0
0
0
656
571
302
0
0
0
169
0
0
351
0
197
0
0
0
483
0
458
0
299
0
0
0
688
887
406
0
774
0
485
0
0
441
0
0
629
0
586
332
839
986
0
282
614
0
0
0
0
0
603
0
0
137
0
373
913
954
0
0
0
0
280
551
426
986
0
568
0
972
337
0
808
655
639
0
0
454
518
0
0
560
890
0
0
653
0
0
954
713
0
0
713
0
0
0
992
0
0
0
838
0
0
0
0
0
0
806
909
0
778
318
538
302
911
908
346
0
400
457
373
728
0
678
404
403
0
144
0
0
0
0
0
0
449
0
0
0
148
384
0
0
632
0
253
544
237
0
404
0
0
108
495
147
0
695
102
0
0
705
614
221
0
843
396
0
0
0
0
714
668
0
105
743
667
0
0
0
888
0
0
0
0
0
0
0
0
745
962
0
220
0
0
0
0
716
554
0
910
0
0
0
0
431
546
0
0
0
429
0
0
0
724
558
0
0
0
401
181
946
0
994
0
0
981
871
0
169
0
0
0
0
114
0
0
812
767
0
856
0
0
389
824
0
878
0
189
0
500
0
406
566
0
0
943
0
0
741
198
862
0
0
174
0
0
0
531
749
621
0
350
391
108
0
0
454
0
0
448
0
482
0
0
0
531
173
0
0
954
0
0
0
0
225
0
0
0
0
0
0
0
202
629
700
0
0
0
284
0
0
0
111
824
0
0
0
0
0
899
677
0
693
828
0
463
0
0
982
0
562
689
214
0
238
947
395
0
625
0
0
0
0
0
698
762
943
0
0
0
860
0
354
169
266
331
848
0
392
0
367
667
0
0
0
0
0
0
888
519
0
434
0
199
0
0
518
888
448
0
234
0
0
243
0
507
0
0
0
0
0
524
0
0
355
0
0
0
188
0
778
183
714
0
607
0
244
0
316
0
114
582
0
538
0
0
0
0
0
584
0
980
223
0
994
759
993
399
0
500
603
0
146
0
0
0
992
0
384
0
929
0
0
401
850
0
861
0
0
0
0
769
187
0
0
972
348
0
0
519
0
0
163
0
0
0
315
0
573
0
856
0
876
0
0
817
0
0
0
234
0
0
411
0
612
0
301
663
319
0
378
0
722
216
942
906
0
0
0
0
450
543
117
0
0
544
0
0
0
0
867
671
0
0
0
0
0
243
467
0
0
0
765
814
127
512
960
0
576
615
0
0
444
0
0
0
0
0
0
0
333
819
0
0
0
375
0
899
0
0
0
920
826
491
0
0
474
0
833
0
0
0
0
638
0
552
0
445
514
727
0
894
176
699
0
0
0
0
482
0
0
0
0
0
882
601
0
784
466
0
0
0
0
209
496
0
423
801
0
0
915
0
0
740
0
732
0
0
0
816
644
0
0
853
980
715
615
0
989
325
336
696
0
0
601
0
937
0
0
236
0
421
0
0
272
0
0
784
0
0
269
734
784
0
521
598
0
988
281
101
0
299
0
875
114
0
390
0
924
0
0
0
405
998
0
767
0
678
898
829
0
142
625
0
0
884
560
0
0
0
411
0
0
0
0
655
0
568
0
0
0
0
0
107
701
242
700
0
785
100
386
478
0
0
111
336
968
509
700
0
529
0
0
0
0
233
0
907
466
0
0
859
657
0
533
657
0
320
623
0
0
927
423
289
907
627
251
290
0
0
291
0
953
896
0
0
0
768
0
985
0
0
648
0
0
182
0
0
0
0
156
0
243
423
282
0
0
400
0
0
982
466
0
0
0
0
890
0
0
243
0
0
0
0
0
0
0
181
676
0
0
0
855
0
218
616
712
0
389
0
0
0
0
0
0
0
392
0
885
971
919
142
637
531
0
380
751
668
326
353
800
788
0
859
618
0
0
488
0
0
502
600
843
353
130
0
0
0
683
389
0
658
197
570
671
0
810
0
916
0
642
0
0
610
237
325
790
777
0
0
132
549
0
0
0
0
447
0
150
0
0
415
0
490
0
0
0
0
0
0
612
882
0
0
0
958
921
660
0
0
0
268
222
0
955
661
0
962
751
520
517
962
0
0
159
0
0
624
657
0
0
0
513
0
0
838
0
0
0
0
0
562
949
0
0
477
865
450
0
0
741
864
657
733
0
0
350
0
0
0
374
486
907
0
0
854
273
0
0
460
0
208
0
754
0
261
154
0
0
0
451
0
291
731
407
197
0
0
0
444
129
809
413
185
0
0
0
0
531
507
0
601
655
0
958
0
257
0
561
341
389
507
130
0
0
510
630
390
629
798
0
0
238
0
366
0
705
650
449
0
130
348
255
0
0
0
282
438
993
753
103
0
0
0
113
0
412
0
377
393
875
638
383
199
0
0
461
833
124
552
915
0
979
0
0
0
801
495
0
0
251
0
0
580
494
0
233
426
0
0
0
0
486
720
917
0
0
775
948
234
456
806
780
0
392
150
653
0
173
0
301
0
0
0
921
257
0
0
1000
0
0
777
840
0
942
0
876
0
0
0
0
771
836
532
0
667
0
0
757
730
0
0
0
899
521
0
204
256
292
571
0
886
0
723
0
152
0
0
0
466
0
539
628
660
908
0
331
763
0
0
0
0
0
921
0
0
250
0
998
513
0
0
179
317
340
920
0
238
0
788
982
984
765
130
408
0
0
0
0
503
0
0
835
0
669
894
0
0
0
0
663
784
568
181
660
0
0
0
0
0
783
442
773
0
0
0
116
0
369
891
676
0
0
0
0
278
583
0
0
282
0
0
0
0
434
507
694
843
0
0
694
995
0
0
828
0
0
900
0
0
867
0
522
883
0
0
0
0
0
874
579
0
1000
354
0
0
934
0
0
0
0
0
0
0
785
0
0
462
0
0
0
889
0
0
0
0
0
151
0
0
230
339
0
0
170
790
0
745
0
0
319
466
0
676
0
561
1000
0
0
0
961
636
431
0
262
0
452
270
644
644
0
0
519
0
378
948
720
0
691
0
0
764
0
0
512
0
0
342
653
578
320
556
0
211
0
0
527
0
0
0
0
580
699
0
230
0
853
0
107
794
0
741
0
0
419
0
540
859
0
0
946
0
879
0
329
0
946
982
647
382
175
0
0
0
0
0
338
313
617
725
0
944
428
587
0
0
954
962
954
0
0
0
0
0
0
341
0
0
0
0
0
322
730
0
868
0
0
861
974
264
781
764
471
982
641
381
0
0
0
0
859
0
0
564
294
426
369
0
0
842
616
116
0
0
0
127
616
0
0
354
0
0
0
0
0
0
451
0
0
0
104
359
242
766
240
455
0
0
0
371
632
0
632
0
231
0
557
787
140
0
0
0
0
324
0
682
328
0
0
0
889
300
519
582
918
107
713
0
0
0
378
0
0
0
0
389
0
783
961
0
0
360
141
0
0
0
0
0
760
0
0
893
305
0
708
813
0
0
251
434
0
952
0
152
0
400
0
200
0
482
0
0
859
246
0
0
0
805
0
0
0
0
759
0
568
0
0
394
988
0
372
659
0
199
841
599
309
0
821
893
989
0
226
863
0
960
0
735
0
0
0
801
325
424
0
0
0
0
230
0
0
224
876
0
0
234
0
220
0
524
0
0
0
0
268
507
777
442
636
322
360
0
0
0
641
818
873
323
334
845
418
920
0
627
0
0
0
736
628
210
0
579
395
380
0
0
245
435
719
470
0
0
0
574
0
0
0
0
218
0
933
0
0
0
114
0
0
287
0
578
0
0
0
171
582
0
0
0
0
455
472
756
157
0
0
422
239
867
219
280
489
0
0
968
0
0
0
0
177
0
813
0
427
0
0
0
0
0
0
0
722
0
0
855
222
130
840
773
431
730
141
0
0
474
0
585
0
0
189
0
0
957
302
0
0
0
0
0
671
305
0
358
133
0
0
615
184
255
489
0
0
739
673
0
0
0
703
0
764
0
0
0
0
0
686
890
0
0
303
457
0
714
0
193
0
0
0
0
0
0
499
913
379
0
586
248
0
0
266
834
0
756
820
0
0
594
322
0
794
546
0
322
0
0
222
576
713
0
0
0
216
209
107
0
0
0
0
0
0
0
0
0
474
0
735
0
748
0
0
0
0
809
0
757
0
0
698
0
174
673
0
819
406
0
0
720
0
147
675
0
179
0
0
110
0
350
0
197
0
0
0
781
0
0
0
0
0
699
0
0
511
355
0
0
0
837
668
900
0
597
0
456
909
0
0
0
103
602
928
0
532
0
0
0
763
0
0
328
337
474
149
818
914
0
0
0
0
0
225
355
942
496
701
218
955
0
942
0
262
868
0
641
0
735
0
0
379
0
322
0
136
0
0
0
0
0
0
0
916
0
810
0
645
327
0
0
0
808
0
0
0
0
0
0
558
0
336
0
0
645
0
0
0
202
796
0
0
0
356
0
230
487
953
769
0
389
794
0
444
114
803
382
449
0
790
0
638
426
236
302
267
513
625
0
140
102
601
0
0
0
592
649
911
0
740
0
0
0
0
0
906
0
242
616
661
510
0
0
0
0
0
818
585
0
0
0
374
0
848
0
988
158
0
0
566
0
0
0
0
132
0
0
0
181
516
0
0
0
969
448
0
0
0
460
828
461
347
396
0
0
0
0
996
159
0
0
0
0
585
414
0
861
0
429
0
0
368
903
495
0
0
0
0
0
0
122
296
0
489
235
801
343
684
731
0
951
217
0
0
0
0
480
0
0
0
601
0
716
0
0
0
423
700
712
0
630
876
116
452
0
0
873
0
748
379
374
0
575
709
545
0
0
142
434
0
0
184
727
372
0
228
279
0
151
822
0
0
0
0
618
770
0
0
707
295
0
0
790
0
299
155
0
434
0
0
200
906
0
496
297
268
121
298
904
0
155
0
0
0
0
848
0
0
0
451
316
0
723
639
0
225
0
0
0
274
522
0
696
207
0
0
0
860
133
0
0
992
554
0
0
0
801
0
0
962
390
0
0
270
861
0
323
0
0
0
0
575
0
376
547
297
0
0
524
221
0
587
926
976
0
547
880
222
0
0
0
310
0
0
0
413
0
681
210
769
700
0
515
463
0
0
275
0
0
104
324
0
257
0
682
609
0
0
967
767
882
660
0
287
0
303
0
0
627
391
0
0
0
873
0
445
0
666
856
917
0
986
0
0
0
0
946
0
0
535
0
0
0
0
188
0
0
785
389
751
629
0
369
644
974
760
334
189
0
322
848
709
376
0
0
364
0
0
0
160
0
0
0
0
212
577
351
201
554
0
0
0
0
383
0
100
167
616
0
0
0
0
801
594
0
638
280
632
0
0
253
0
0
0
155
0
0
259
0
0
863
0
0
817
754
152
205
0
445
839
0
126
0
0
0
843
0
0
0
0
0
958
112
0
721
585
0
488
0
0
0
0
910
0
0
0
0
100
0
520
798
0
891
644
264
0
845
0
0
0
0
545
547
0
0
967
0
433
0
419
718
858
0
254
243
0
244
0
0
0
338
0
0
0
295
0
0
0
0
597
920
653
965
162
766
287
754
0
0
0
0
438
0
0
254
0
726
966
0
568
439
237
847
0
665
0
367
332
117
345
0
208
0
138
0
838
0
0
0
485
293
239
0
812
0
205
291
0
857
705
0
0
0
0
778
450
915
386
0
517
0
0
676
0
781
0
418
0
0
136
988
0
297
364
967
0
