0
373
855
670
502
248
302
866
177
568
311
986
770
200
310
226
987
664
218
171
426
101
261
640
784
522
370
921
508
796
434
309
98
278
285
949
108
284
703
732
61
179
452
554
840
190
201
367
267
297
972
836
120
752
351
547
87
818
86
650
274
891
273
636
272
584
692
275
875
613
555
777
631
480
491
436
725
553
468
422
715
191
700
752
239
126
342
862
583
83
503
548
490
684
335
542
393
799
255
211
373
0
823
488
268
660
617
899
792
429
950
519
881
324
748
870
602
697
385
324
457
553
210
168
874
993
293
194
288
293
850
504
294
491
238
971
220
242
172
707
843
862
433
234
196
315
142
56
643
975
619
745
943
215
869
431
556
821
864
203
759
382
513
687
743
513
145
324
263
200
601
320
946
675
718
430
436
371
330
559
278
779
960
800
552
645
195
959
730
475
848
853
732
563
237
113
777
709
749
122
855
823
0
591
861
452
428
797
653
345
217
275
94
573
183
141
535
663
429
581
96
167
795
367
939
263
328
876
334
726
244
334
511
235
275
625
883
776
106
837
486
542
399
574
889
454
337
151
138
385
930
56
583
524
314
765
147
901
900
525
334
130
890
457
605
983
642
981
588
676
134
432
832
188
767
802
749
312
457
171
195
956
600
524
924
239
525
203
743
678
601
100
301
462
674
357
278
179
190
774
670
488
591
0
867
633
107
54
122
999
81
979
982
54
589
241
373
297
901
726
872
635
593
197
903
192
553
913
535
184
762
492
310
403
745
134
750
165
984
171
65
94
255
435
60
802
412
631
469
456
542
594
213
850
990
470
918
532
911
770
904
619
916
234
102
897
533
930
857
212
750
513
319
635
177
137
723
542
386
132
830
212
70
422
776
542
719
404
794
811
498
309
170
569
334
63
762
747
258
581
502
268
861
867
0
86
783
86
493
246
396
736
572
760
744
660
470
441
397
953
718
385
806
848
413
762
990
476
936
81
136
272
1000
231
235
658
627
549
720
480
379
863
430
906
338
746
290
57
682
736
700
165
265
840
938
320
836
240
993
595
520
988
800
472
417
952
581
922
254
554
433
390
794
806
156
210
415
596
911
191
390
893
929
510
696
812
801
980
503
892
345
629
673
552
906
83
451
639
412
779
248
660
452
633
86
0
142
109
943
368
691
819
529
328
588
107
143
729
482
145
231
90
994
984
664
866
768
857
920
546
951
944
205
216
898
647
283
684
689
829
207
981
794
86
211
558
78
241
109
792
288
930
75
621
701
506
777
669
921
998
421
760
421
276
473
143
72
284
369
358
698
136
647
154
488
887
569
292
504
93
980
555
51
97
477
507
611
69
224
627
412
746
344
611
457
293
858
700
977
719
302
617
428
107
783
142
0
463
956
132
980
349
525
246
216
173
236
777
779
754
221
351
468
902
867
890
654
405
834
90
764
943
538
714
877
587
867
752
974
240
398
795
117
450
672
469
384
483
784
388
495
981
840
641
965
879
160
833
210
379
790
562
272
604
86
168
929
464
61
779
265
848
973
174
493
850
197
286
878
856
664
359
579
721
830
876
462
877
975
635
630
124
609
865
372
115
970
424
800
808
866
899
797
54
86
109
463
0
786
279
522
729
254
431
807
729
211
287
284
658
248
772
703
271
630
995
800
57
248
569
929
103
538
95
877
259
797
162
621
755
179
320
904
666
92
915
147
609
110
322
960
66
401
875
167
585
410
79
420
161
306
160
134
933
112
886
481
746
442
122
968
231
854
250
362
252
386
720
839
79
369
567
591
372
963
586
70
951
194
76
237
582
802
975
392
350
364
890
352
373
177
792
653
122
493
943
956
786
0
769
150
1000
553
809
571
967
224
737
928
419
904
899
269
648
752
210
939
195
913
657
895
447
385
567
567
410
160
980
918
480
780
90
690
142
982
57
685
840
138
321
283
166
155
392
375
940
874
302
585
688
875
681
124
407
776
327
117
710
809
81
75
667
869
723
931
127
681
825
629
222
687
414
271
435
767
173
594
302
56
332
349
262
840
126
263
130
847
499
495
463
568
429
345
999
246
368
132
279
769
0
629
451
258
354
374
708
730
682
442
216
217
500
221
186
504
743
693
601
466
122
423
613
198
391
733
826
78
224
774
797
166
743
392
642
147
804
868
712
392
257
321
600
837
509
887
422
191
678
895
91
508
767
858
721
402
194
742
372
719
430
570
113
540
345
988
831
919
270
377
759
433
529
257
709
807
807
601
256
926
559
123
726
204
929
867
551
273
711
166
677
311
950
217
81
396
691
980
522
150
629
0
790
917
809
889
616
128
557
319
383
723
601
188
910
278
523
233
903
894
488
927
386
93
322
149
343
183
369
92
989
197
567
510
559
225
824
189
582
518
128
843
100
582
977
754
236
712
58
819
631
521
62
629
386
983
279
129
886
154
439
208
140
684
120
328
69
533
482
534
825
287
927
369
692
140
823
842
85
506
52
101
181
565
63
645
438
338
555
334
241
986
519
275
979
736
819
349
729
1000
451
790
0
606
246
531
950
57
165
988
652
526
827
617
110
391
757
938
401
371
451
216
846
557
675
696
162
685
458
217
489
565
476
381
958
656
125
838
373
935
87
346
695
523
787
977
624
167
488
873
113
400
676
763
134
260
848
153
780
618
171
420
736
570
856
767
748
273
341
725
389
927
310
642
125
617
338
996
129
775
885
103
720
258
362
586
552
353
943
831
639
770
881
94
982
572
529
525
254
553
258
917
606
0
158
108
430
533
107
909
940
89
503
734
495
767
329
845
548
912
839
95
972
85
549
536
660
908
605
992
57
781
716
326
762
436
190
89
784
691
489
405
787
87
419
532
299
562
155
481
472
626
776
93
435
552
780
973
780
619
318
958
878
818
900
987
521
798
176
992
142
791
801
702
124
884
901
206
584
61
911
501
759
160
955
981
263
537
832
719
625
200
324
573
54
760
328
246
431
809
354
809
246
158
0
542
568
895
674
218
432
492
441
207
190
758
933
327
802
593
56
770
644
725
383
335
266
990
189
721
262
541
562
259
866
769
370
502
390
822
435
597
841
63
988
712
677
928
254
313
555
245
981
831
741
543
943
587
997
475
239
734
684
410
979
877
435
432
653
870
951
132
727
368
405
266
404
203
232
645
273
601
682
463
297
159
67
693
766
142
380
310
748
183
589
744
588
216
807
571
374
889
531
108
542
0
861
732
773
371
431
146
842
505
237
472
237
753
491
304
161
851
199
395
528
775
484
127
839
70
298
350
376
699
489
529
946
527
479
484
566
716
914
617
95
205
756
188
997
804
586
148
454
562
678
611
643
348
240
932
454
570
618
909
203
323
507
422
471
425
192
727
436
309
282
235
652
965
278
696
348
754
349
451
337
411
813
969
357
717
469
226
870
141
241
660
107
173
729
967
708
616
950
430
568
861
0
330
480
223
146
839
872
883
160
701
330
97
783
892
240
235
768
70
606
582
569
389
698
215
95
701
323
53
1000
685
348
292
306
368
673
930
542
531
445
99
539
620
86
920
324
159
595
146
138
164
495
57
313
438
281
391
270
52
342
422
598
659
316
939
814
216
369
545
517
974
576
628
718
615
111
179
691
818
920
914
817
491
472
799
873
987
602
535
373
470
143
236
211
224
730
128
57
533
895
732
330
0
638
520
709
748
592
884
550
185
412
809
625
625
977
575
253
912
795
498
170
889
535
824
905
68
685
311
186
601
354
915
384
256
873
117
727
706
90
868
562
432
135
329
893
241
291
378
590
111
213
219
381
720
661
532
393
525
889
840
151
559
553
157
84
501
270
292
775
662
211
920
596
715
987
295
827
482
307
945
532
603
136
670
910
664
697
663
297
441
729
777
287
737
682
557
165
107
674
773
480
638
0
584
682
675
451
626
336
225
878
219
947
470
95
224
243
892
464
268
533
973
607
195
216
367
110
886
77
413
100
516
311
675
374
147
733
890
865
712
486
916
141
406
747
921
394
663
928
283
917
629
858
963
534
560
405
588
834
427
882
356
838
653
921
494
187
218
646
498
362
486
102
902
97
78
599
369
194
198
500
129
66
562
453
218
385
429
901
397
482
779
284
928
442
319
988
909
218
371
223
520
584
0
850
957
317
940
870
442
389
125
809
747
334
156
296
409
975
889
67
209
717
154
753
691
628
620
440
687
603
455
412
803
179
673
883
461
786
944
587
249
753
630
129
393
83
618
680
117
684
829
258
510
491
393
259
832
834
257
459
195
480
346
290
995
742
625
416
588
339
559
605
64
829
74
710
264
646
723
787
754
50
858
619
171
324
581
726
953
145
754
658
419
216
383
652
940
432
431
146
709
682
850
0
582
272
806
424
536
548
168
814
496
210
957
134
757
425
403
705
856
290
738
656
661
840
73
383
967
193
886
72
309
146
113
861
373
553
506
635
971
429
909
101
234
74
682
824
558
665
294
763
356
392
491
711
779
605
257
663
602
450
205
481
667
420
462
758
406
205
197
277
454
419
320
799
902
394
265
305
96
112
56
534
426
457
96
872
718
231
221
248
904
217
723
526
89
492
146
839
748
675
957
582
0
831
355
203
435
724
512
201
183
559
911
149
911
383
216
594
869
483
449
426
514
98
937
399
505
136
788
768
776
513
842
583
84
682
609
339
729
788
861
254
602
581
174
920
795
771
742
750
807
794
415
195
746
693
350
980
259
194
59
853
640
547
997
122
126
255
459
867
177
718
573
160
665
986
598
121
294
234
456
296
101
553
167
635
385
90
351
772
899
500
601
827
503
441
842
872
592
451
317
272
831
0
100
106
458
431
87
165
630
964
888
176
444
673
585
921
777
112
974
808
374
91
140
885
932
203
384
138
91
56
221
223
873
575
483
990
283
83
577
215
432
738
166
481
800
60
968
163
843
894
987
225
511
712
532
309
659
280
680
770
219
456
664
147
231
753
315
874
822
226
721
401
698
722
221
543
391
840
747
388
261
210
795
593
806
994
468
703
269
221
188
617
734
207
505
883
884
626
940
806
355
100
0
895
593
68
718
831
527
601
224
99
457
134
798
755
478
772
273
50
652
789
65
128
906
927
553
212
414
53
404
262
671
584
315
406
707
673
359
209
334
325
897
704
443
385
63
637
823
543
133
443
555
232
912
748
427
105
569
650
310
99
624
979
244
242
900
867
607
582
423
318
512
666
721
257
986
310
369
179
640
168
367
197
848
984
902
271
648
186
910
110
495
190
237
160
550
336
870
424
203
106
895
0
135
532
946
470
580
628
237
588
588
712
434
935
503
89
420
116
898
532
754
426
905
262
83
196
401
53
916
439
192
805
629
394
456
812
260
252
601
936
797
287
747
379
174
277
123
108
843
287
561
980
910
56
704
827
615
110
255
551
801
139
854
925
71
858
93
995
913
508
724
651
912
460
600
569
229
431
784
874
939
903
413
664
867
630
752
504
278
391
767
758
472
701
185
225
442
536
435
458
593
135
0
256
850
344
578
293
459
487
197
421
52
962
805
504
415
61
490
675
150
471
584
593
292
263
470
193
121
864
897
854
696
534
359
403
977
776
439
374
659
979
194
626
240
642
206
931
372
667
339
142
867
372
866
128
758
911
816
775
858
581
106
633
834
828
92
73
983
319
576
439
276
316
147
836
285
512
522
993
263
192
762
866
890
995
210
743
523
757
329
933
237
330
412
878
389
548
724
431
68
532
256
0
839
99
937
756
861
64
777
745
808
856
421
649
726
398
991
196
737
235
938
530
984
182
809
861
771
339
636
682
454
881
398
822
553
491
895
93
139
69
691
407
119
221
831
99
582
271
551
814
119
132
491
142
105
653
392
366
897
805
172
498
451
177
540
953
796
83
118
562
487
780
551
369
205
231
370
293
328
553
990
768
654
800
939
693
233
938
845
327
753
97
809
219
125
168
512
87
718
946
850
839
0
58
381
192
353
288
304
628
755
968
167
909
73
532
244
644
690
796
315
688
402
247
205
649
900
858
668
171
500
955
743
631
855
797
687
661
90
381
411
425
291
526
58
371
954
397
961
944
680
613
559
113
431
976
229
968
390
763
164
70
687
496
141
609
927
931
188
246
386
931
526
866
677
334
921
194
876
913
476
857
405
57
195
601
903
401
548
802
491
783
625
947
809
814
201
165
831
470
344
99
58
0
249
852
940
315
784
153
51
459
135
121
687
155
340
316
830
609
822
96
339
760
373
360
857
199
502
152
302
890
94
414
623
980
121
622
522
326
591
50
526
600
589
606
568
548
858
348
412
233
901
625
796
808
424
150
525
449
945
361
951
694
115
840
169
726
995
473
788
783
923
423
488
208
508
288
334
535
936
920
834
248
913
466
894
371
912
593
304
892
625
470
747
496
183
630
527
580
578
937
381
249
0
677
476
307
238
679
224
710
445
215
432
262
402
52
321
56
822
750
722
995
841
729
249
678
474
681
610
491
709
823
500
121
71
834
155
558
869
324
813
90
833
636
703
761
511
629
593
643
825
853
935
214
567
535
165
937
384
935
159
241
141
644
257
549
568
72
646
591
594
336
691
375
796
293
726
184
81
546
90
569
657
122
488
451
839
56
161
240
977
95
334
210
559
964
601
628
293
756
192
852
677
0
498
161
958
67
745
858
185
524
55
413
463
805
542
865
114
873
747
588
683
222
439
917
974
886
178
221
891
895
677
490
459
737
154
67
592
994
643
351
802
433
978
175
868
948
231
723
52
396
143
188
117
976
747
411
765
400
458
629
679
804
593
105
822
481
986
724
534
777
664
431
434
850
244
762
136
951
764
929
895
423
927
216
95
770
851
235
575
224
156
957
911
888
224
237
459
861
353
940
476
498
0
215
917
243
572
427
629
159
68
409
52
965
361
88
779
213
399
930
572
273
393
680
814
842
986
862
615
443
674
755
442
129
609
763
431
799
187
174
106
581
334
601
102
79
608
216
501
352
990
156
543
513
72
945
181
857
873
127
333
995
472
956
141
487
311
973
70
172
271
230
309
504
334
492
272
944
943
103
447
613
386
846
972
644
199
768
253
243
296
134
149
176
99
588
487
64
288
315
307
161
215
0
763
655
80
945
857
326
493
407
420
103
592
718
437
433
222
75
341
377
328
153
283
994
275
101
907
220
232
466
297
692
87
913
297
846
928
453
283
847
875
209
567
436
713
746
735
421
54
621
657
213
610
531
773
108
961
388
65
632
994
93
426
364
592
907
701
156
56
64
98
294
511
310
1000
205
538
538
385
198
93
557
85
725
395
70
912
892
409
757
911
444
457
588
197
777
304
784
238
958
917
763
0
205
947
65
881
693
828
119
392
794
558
75
795
381
792
615
144
804
359
963
500
693
508
214
983
548
615
497
299
524
57
702
893
948
495
70
922
866
105
455
454
828
498
178
711
881
796
108
110
896
659
781
123
456
223
526
731
913
638
917
294
61
87
436
456
172
198
261
278
491
235
403
231
216
714
95
567
391
322
675
549
383
528
606
795
464
975
425
383
673
134
712
421
745
628
153
679
67
243
655
205
0
285
798
491
609
147
666
101
547
429
633
128
534
308
347
210
477
96
500
542
555
700
827
270
910
203
98
944
868
237
809
996
346
334
954
747
189
602
999
498
501
976
382
995
872
1000
257
460
479
841
861
364
803
943
569
392
462
141
452
612
148
795
303
615
233
680
373
285
238
275
745
235
898
877
877
567
733
149
696
536
335
775
582
498
268
889
403
216
585
798
434
52
808
755
51
224
745
572
80
947
285
0
735
73
875
844
375
748
681
212
365
509
259
829
760
670
999
999
309
983
314
272
838
290
899
365
452
845
622
582
931
978
913
228
62
690
536
906
787
54
210
274
523
111
648
392
464
676
300
552
192
362
663
379
778
663
535
290
842
766
938
721
698
243
544
416
401
949
971
625
134
658
647
587
259
410
826
343
162
660
266
484
569
170
533
67
705
594
921
755
935
962
856
968
459
710
858
427
945
65
798
735
0
884
73
610
899
836
367
726
951
239
936
399
496
470
602
507
705
242
632
214
626
664
244
556
598
598
61
742
625
953
942
921
107
351
333
383
731
549
728
111
132
574
632
254
919
112
516
370
651
690
647
536
420
233
606
58
229
698
206
964
699
608
89
512
188
108
220
883
750
627
283
867
797
160
78
183
685
908
990
127
389
889
973
209
856
869
777
478
503
805
421
167
135
445
185
629
857
881
491
73
884
0
947
675
445
236
397
192
661
294
155
674
580
654
377
724
975
307
715
590
910
355
390
464
944
281
283
251
833
808
322
677
887
385
367
408
460
817
343
129
203
332
400
886
183
525
422
789
351
814
414
566
817
277
578
438
897
487
464
326
452
888
377
316
353
284
242
776
165
549
684
752
162
980
224
369
458
605
189
839
698
535
607
717
290
483
112
772
89
504
649
909
121
215
524
159
326
693
609
875
73
947
0
488
732
290
891
81
137
816
436
476
725
211
68
404
827
912
355
164
301
700
350
405
867
332
256
529
392
277
295
382
131
653
381
260
359
989
94
864
773
785
682
128
804
479
454
534
155
889
73
901
90
111
804
416
828
766
932
482
421
145
781
363
442
703
172
106
984
720
689
974
621
918
774
92
217
992
721
70
215
824
195
154
738
449
974
273
420
415
726
73
687
432
55
68
493
828
147
844
610
675
488
0
365
757
246
554
815
778
613
300
258
93
781
418
386
266
910
455
776
252
988
728
56
546
219
330
533
126
186
142
411
500
445
698
419
317
694
632
96
360
655
431
109
964
501
117
661
56
78
393
831
433
449
186
52
658
418
270
684
594
805
569
635
732
707
837
171
480
829
240
755
480
797
989
489
57
262
298
95
905
216
753
656
426
808
50
116
61
398
532
155
262
413
409
407
119
666
375
899
445
732
365
0
178
191
445
627
73
535
271
826
442
823
174
169
144
948
464
568
354
915
517
784
155
241
122
378
746
261
662
817
100
434
645
561
966
685
473
197
381
276
981
756
447
600
215
734
841
609
398
307
964
890
814
513
197
786
959
784
560
295
420
839
61
843
486
65
379
207
398
179
780
166
197
565
781
541
350
701
68
367
691
661
514
374
652
898
490
991
244
340
402
463
52
420
392
101
748
836
236
290
757
178
0
708
802
639
310
278
421
520
122
409
491
494
720
937
260
692
750
132
845
614
414
119
690
820
981
146
463
751
712
686
267
940
988
52
399
855
908
610
698
546
333
564
497
142
592
801
879
187
680
610
1000
357
900
552
69
992
364
911
188
190
179
862
542
94
863
981
795
320
90
743
567
476
716
562
376
323
685
110
628
840
98
91
789
532
675
196
644
316
52
805
965
103
794
547
681
367
397
891
246
191
708
0
450
877
505
460
599
529
210
417
974
917
117
846
854
172
418
641
961
54
656
493
101
525
778
537
768
360
879
234
117
453
91
871
139
557
210
312
737
585
930
715
322
709
560
165
955
842
724
530
61
800
197
400
53
805
571
383
703
260
452
433
399
255
430
794
117
904
690
392
510
381
326
259
699
53
311
886
620
73
937
140
65
754
150
737
690
830
321
542
361
592
558
429
212
726
192
81
554
445
802
450
0
413
70
762
589
432
647
450
536
982
660
852
487
494
171
153
870
919
416
156
332
989
767
499
199
467
119
512
452
997
236
935
867
731
361
279
659
338
74
883
559
477
301
534
167
472
943
349
437
455
354
253
405
178
569
377
477
323
554
234
574
435
906
86
450
666
142
642
559
958
762
866
489
1000
186
77
440
383
399
885
128
426
471
235
796
609
56
865
88
718
75
633
365
951
661
137
815
627
639
877
413
0
195
191
524
805
130
178
800
763
337
348
905
763
836
101
125
802
764
826
936
269
294
769
806
553
513
254
643
541
273
440
951
513
807
446
907
532
832
849
159
55
972
995
235
446
523
460
725
616
818
414
771
932
842
945
162
877
840
196
889
60
338
211
672
92
982
147
225
656
436
769
529
685
601
413
687
967
505
932
906
905
584
938
315
822
822
114
779
437
795
128
509
239
294
816
778
73
310
505
70
195
0
309
449
536
726
593
569
93
392
571
128
746
924
763
993
135
538
483
318
778
966
750
871
878
731
451
324
197
950
550
343
796
351
478
548
695
523
242
352
374
700
465
859
169
210
466
316
997
559
770
507
852
941
736
758
188
190
315
454
802
746
558
469
915
57
804
824
125
190
370
946
348
354
100
603
193
136
203
927
262
593
530
688
96
750
873
213
433
381
534
259
936
155
436
613
535
278
460
762
191
309
0
368
217
105
328
514
484
250
464
997
61
177
472
134
744
553
397
474
272
829
631
113
748
142
541
794
451
911
370
517
374
597
888
652
229
437
413
651
67
580
459
545
463
383
420
61
755
265
235
725
718
344
323
89
528
201
142
337
412
290
78
384
147
685
868
189
838
89
502
527
292
915
516
455
886
788
384
553
83
292
984
402
339
722
747
399
222
792
308
829
399
674
476
300
271
421
599
589
524
449
368
0
342
455
864
117
342
245
72
557
147
878
805
468
411
241
644
64
774
223
296
263
466
533
419
359
440
388
106
657
656
517
195
690
480
216
465
536
761
110
288
367
604
596
353
998
141
579
654
965
972
58
732
988
751
367
56
151
631
57
241
483
609
840
712
582
373
784
390
479
306
384
311
412
72
768
138
212
196
263
182
247
760
995
588
930
75
615
347
760
496
580
725
258
826
520
529
432
805
536
217
342
0
387
372
159
951
878
574
124
787
234
331
990
695
223
124
763
475
122
797
851
346
318
625
521
400
899
99
107
953
813
336
587
424
472
300
261
842
933
800
109
581
280
954
558
185
121
570
127
907
627
493
604
832
267
643
138
469
682
109
784
110
138
392
518
935
691
822
484
368
256
675
803
309
776
91
414
401
470
809
205
373
841
683
572
341
144
210
670
470
654
211
93
442
122
210
647
130
726
105
455
387
0
219
343
195
205
184
723
827
728
370
305
148
386
572
278
817
272
721
244
210
346
801
965
968
633
629
383
253
647
652
861
649
389
367
504
537
577
369
69
846
267
514
770
902
478
114
808
724
820
867
653
367
297
975
385
456
736
792
388
322
321
257
128
87
489
435
566
673
873
374
179
146
513
56
53
53
193
861
649
360
729
222
273
377
804
477
999
602
377
68
781
823
409
417
450
178
593
328
864
372
219
0
522
156
587
201
310
649
902
875
860
258
123
493
542
769
508
664
578
812
860
826
354
495
596
507
580
377
341
615
251
664
861
375
402
225
345
543
197
807
399
652
459
323
939
424
473
684
806
288
171
133
972
619
930
542
700
288
495
960
283
321
843
346
405
597
716
930
117
147
673
113
842
221
404
916
121
771
900
857
249
439
393
328
359
96
999
507
724
404
418
174
491
974
536
800
569
514
117
159
343
522
0
746
616
706
202
865
164
69
121
402
684
367
923
812
505
702
910
967
75
686
625
464
275
271
822
809
804
50
532
89
610
100
850
453
362
449
813
186
438
837
724
247
524
673
794
889
951
973
90
665
836
745
56
594
165
930
981
66
166
600
100
695
787
841
914
542
727
733
883
861
583
223
262
439
864
339
858
199
678
917
680
153
963
500
309
705
975
827
386
169
494
917
982
763
93
484
342
951
195
156
746
0
616
116
912
185
110
795
723
58
725
407
99
298
367
283
259
328
328
389
900
791
71
457
607
360
724
745
916
304
144
440
352
518
875
226
639
678
862
518
385
608
732
98
135
827
569
664
392
926
120
943
583
213
265
75
840
401
155
837
582
523
87
63
617
531
706
890
461
373
84
873
671
192
897
636
668
502
474
974
814
283
500
542
983
242
307
912
266
144
720
117
660
337
392
250
245
878
205
587
616
616
0
535
469
249
310
615
352
274
308
261
656
138
377
710
465
307
930
667
172
748
273
815
119
227
752
690
201
636
772
937
999
743
573
776
671
908
697
91
235
621
384
594
953
437
793
992
166
255
752
215
524
850
840
621
641
875
392
509
977
787
419
988
95
445
90
865
786
553
682
575
584
805
854
682
171
152
681
886
842
994
693
555
314
632
715
355
910
948
937
846
852
348
571
464
72
574
184
201
706
116
535
0
926
939
277
339
884
850
736
368
776
413
774
85
526
432
666
584
964
707
460
464
392
262
960
909
379
627
354
205
69
345
444
794
963
441
344
416
712
933
704
338
775
116
850
518
110
850
351
869
314
990
938
701
965
167
375
887
754
977
532
712
205
99
868
712
944
506
609
483
315
629
696
454
500
302
610
178
986
275
508
700
272
214
590
164
455
464
260
854
487
905
128
997
557
124
723
310
202
912
469
926
0
97
710
92
766
592
585
796
465
785
338
862
955
412
1000
595
51
366
155
544
152
225
212
599
50
342
988
275
172
764
385
896
293
879
972
812
972
756
304
684
816
338
933
783
679
912
547
431
765
470
320
506
879
585
940
422
236
624
299
677
756
539
562
486
587
635
339
990
406
394
534
881
955
890
491
221
862
101
214
827
838
626
910
301
776
568
692
172
494
763
746
61
147
787
827
649
865
185
249
939
97
0
256
760
750
575
519
864
635
130
582
865
906
522
528
800
645
791
955
209
759
368
366
355
370
365
939
333
783
668
83
845
622
767
572
366
828
455
313
447
631
714
413
729
688
888
87
556
147
918
836
777
160
410
874
191
712
167
562
928
188
620
432
916
249
971
729
283
707
456
359
398
743
94
709
891
615
907
983
270
290
664
355
700
252
354
750
418
171
836
924
177
878
234
728
902
164
110
310
277
710
256
0
819
80
411
100
891
856
557
834
378
734
56
868
811
672
527
912
582
232
756
998
290
366
716
380
614
843
766
761
492
212
828
122
287
328
213
981
809
228
208
289
132
285
299
818
821
901
532
240
669
833
79
302
678
58
488
155
254
997
86
135
141
753
429
788
83
673
812
403
822
631
414
823
895
443
220
548
910
899
244
390
350
988
915
132
641
153
101
763
472
805
331
370
875
69
795
615
339
92
760
819
0
790
952
348
399
710
532
955
788
359
895
474
543
968
356
926
370
231
990
924
328
603
954
141
564
552
74
220
468
158
604
388
129
117
862
636
446
558
666
99
114
486
264
86
864
900
911
993
921
210
420
585
895
819
873
481
313
804
920
329
406
630
909
861
577
359
260
977
553
855
623
500
677
674
232
615
203
365
556
464
405
728
517
845
961
870
125
993
134
468
990
305
860
121
723
352
884
766
750
80
790
0
694
517
495
525
926
811
97
865
232
449
483
995
550
164
737
913
651
922
794
485
980
123
365
384
720
903
921
548
60
277
384
106
62
862
519
283
901
675
899
67
878
650
203
525
770
595
998
379
161
688
91
631
113
472
555
586
324
893
747
129
101
254
215
209
252
776
491
797
980
121
490
755
466
497
98
452
598
944
867
56
784
614
54
919
802
135
744
411
695
148
258
402
58
274
850
592
575
411
952
694
0
208
504
640
931
704
338
729
965
636
596
532
56
197
381
381
74
698
663
490
661
496
190
581
329
851
254
886
907
834
807
918
678
528
888
90
978
297
925
276
541
274
759
334
904
520
421
790
306
875
508
521
400
626
245
148
159
241
921
393
234
602
432
334
601
439
895
687
121
71
459
442
297
299
944
845
598
281
332
546
155
414
656
416
764
538
553
241
223
386
123
684
725
308
736
585
519
100
348
517
208
0
421
895
339
600
135
126
579
584
643
532
665
791
446
881
966
265
823
891
288
190
831
680
381
816
700
628
456
600
155
922
448
1000
353
662
85
86
940
989
469
891
382
130
619
988
760
562
160
681
767
62
676
776
981
454
595
291
394
83
74
581
738
325
936
374
93
661
622
834
737
129
692
524
868
622
61
283
256
219
241
119
493
156
826
483
397
644
124
572
493
367
407
261
368
796
864
891
399
495
504
421
0
225
127
751
465
93
394
368
752
430
696
722
563
958
925
256
547
776
193
173
831
959
563
545
625
455
395
574
746
610
423
651
426
765
543
466
915
944
898
273
513
890
916
800
421
272
134
124
858
629
763
93
831
562
146
378
663
618
682
174
166
897
797
659
139
90
522
155
154
609
87
57
237
582
742
251
529
330
122
690
101
332
936
318
474
64
763
278
542
923
99
656
776
465
635
856
710
525
640
895
225
0
157
903
863
791
822
151
68
96
266
353
183
580
439
384
859
706
895
828
372
218
427
774
965
586
623
329
861
596
177
854
810
696
527
754
505
94
313
636
687
457
234
472
276
604
933
407
721
386
134
435
741
678
138
590
928
680
824
920
481
704
287
979
69
381
326
558
67
763
913
702
809
931
625
833
392
533
378
820
525
989
269
778
272
774
475
817
769
812
298
138
413
785
130
557
532
926
931
339
127
157
0
769
752
450
923
589
357
502
314
789
993
747
418
947
247
423
456
500
877
60
638
128
94
127
583
573
643
994
926
146
976
619
268
590
518
421
590
272
743
605
102
417
473
86
112
776
402
983
260
552
543
611
164
111
283
117
558
795
800
443
747
194
691
411
591
869
592
431
297
893
996
978
953
808
277
126
746
981
778
767
294
966
829
223
122
272
508
505
367
377
774
338
582
834
955
811
704
600
751
903
769
0
732
307
785
846
549
80
475
414
769
339
158
244
75
484
338
815
104
168
415
604
373
697
62
932
463
814
889
259
355
567
883
124
828
100
534
584
513
983
897
952
143
168
886
327
194
279
848
780
943
643
495
213
917
684
665
771
60
385
379
626
407
425
50
324
994
799
846
948
346
913
942
322
295
186
261
146
537
499
769
750
631
296
797
721
664
702
283
710
85
862
865
378
788
97
338
135
465
863
752
732
0
577
731
164
631
880
772
793
585
496
640
159
928
893
973
297
908
779
328
856
236
197
139
184
552
933
183
223
661
630
67
662
567
259
55
692
145
642
533
581
72
929
481
117
742
129
153
973
587
348
57
219
629
829
294
742
968
63
174
240
119
291
526
813
643
187
928
495
334
228
921
677
382
142
662
463
768
199
806
871
113
263
851
244
578
910
259
465
526
955
906
734
359
865
729
126
93
791
450
307
577
0
894
528
908
499
652
696
949
536
956
771
296
118
620
212
496
258
388
648
332
902
90
916
861
597
344
121
942
514
565
937
590
957
189
275
324
981
930
922
284
464
746
710
372
886
780
780
997
240
313
381
858
258
763
750
163
637
277
642
221
526
600
90
351
174
453
70
954
62
107
887
131
411
817
751
360
467
553
878
748
466
346
210
812
967
328
307
432
412
522
56
895
232
965
579
394
822
923
785
731
894
0
565
436
252
487
554
586
829
744
315
732
473
260
396
413
494
672
304
780
538
98
100
661
505
880
565
965
847
663
756
397
744
986
875
263
588
857
254
369
61
442
809
719
154
618
619
475
932
438
720
963
510
356
807
843
823
123
206
831
58
589
833
802
106
283
922
747
690
351
385
653
500
100
712
879
119
513
731
142
533
318
346
860
75
328
930
666
1000
528
868
474
449
636
584
368
151
589
846
164
528
565
0
579
73
537
643
54
307
701
279
65
238
54
469
751
67
662
446
957
776
837
382
757
231
824
766
265
55
757
324
215
358
650
613
200
676
212
554
358
779
122
81
430
439
171
318
239
454
281
661
534
491
392
794
894
543
108
931
99
371
606
636
433
581
847
866
189
536
333
367
381
445
434
686
234
512
254
451
541
419
625
801
826
686
389
667
584
595
800
811
543
483
596
643
752
68
357
549
631
908
436
579
0
927
80
192
278
328
162
451
234
466
205
164
589
150
313
699
77
331
317
714
369
703
475
352
461
657
875
920
238
309
264
555
601
134
750
433
698
265
968
75
570
208
420
958
734
570
391
532
560
393
491
415
987
133
843
372
582
954
568
703
978
334
875
105
602
906
383
408
260
698
645
267
117
452
643
324
794
359
521
965
354
625
900
172
964
51
645
672
968
995
532
532
430
96
502
80
880
499
252
73
927
0
554
633
562
236
569
106
678
57
305
175
298
825
377
702
256
950
894
362
922
521
386
896
913
997
957
821
947
968
425
777
320
432
513
390
136
848
231
667
113
140
736
878
684
618
270
393
405
259
711
195
225
443
287
667
271
397
548
761
175
601
209
455
999
787
731
460
359
419
561
940
453
997
541
197
451
440
400
968
495
464
791
748
707
366
791
527
356
550
56
665
696
266
314
475
772
652
487
537
80
554
0
462
931
823
164
92
865
608
149
889
903
506
945
362
958
397
842
395
756
600
834
802
720
437
884
401
466
458
797
631
946
832
319
794
647
973
854
869
540
684
570
818
410
909
52
525
588
832
779
746
511
555
561
339
551
961
858
511
868
102
567
454
498
54
549
817
989
317
966
988
91
236
273
950
911
388
899
633
596
275
71
273
460
155
955
912
926
164
197
791
722
353
789
414
793
696
554
643
192
633
462
0
414
717
287
666
692
976
272
346
448
108
264
932
912
515
200
700
892
359
931
561
67
967
421
112
195
304
368
480
675
188
635
806
154
174
250
723
345
120
856
900
979
203
342
889
834
834
605
693
712
232
980
142
814
944
348
629
948
79
436
828
501
210
728
343
94
694
685
52
871
935
440
550
370
106
99
629
507
271
457
815
464
544
209
582
370
737
381
446
563
183
993
769
585
949
586
54
278
562
931
414
0
673
715
888
189
71
834
254
623
88
737
920
978
263
832
300
769
743
275
529
93
280
890
94
471
820
773
491
718
767
177
156
488
493
362
931
988
328
767
987
877
323
422
840
427
257
257
350
532
912
910
867
119
680
412
593
231
608
713
498
976
274
111
129
864
632
473
399
139
867
951
343
517
657
107
383
580
822
607
119
392
152
759
232
231
913
381
881
958
580
747
339
496
536
829
307
328
236
823
717
673
0
471
477
593
595
515
994
277
890
487
104
376
132
906
169
209
110
509
382
866
675
516
286
939
834
251
436
430
802
137
210
887
850
252
127
831
69
748
521
435
507
598
151
882
459
663
980
309
748
56
372
132
613
233
643
723
216
746
178
382
523
132
203
773
96
197
855
557
731
513
796
374
656
953
253
377
809
360
227
262
225
368
756
990
651
74
966
925
439
418
158
640
956
744
701
162
569
164
287
715
471
0
337
227
231
256
565
198
934
746
245
544
266
944
104
375
744
830
326
827
112
396
312
737
190
325
725
436
749
723
415
569
197
386
681
919
533
273
798
432
422
659
559
356
195
602
259
659
427
704
866
491
559
901
825
52
501
735
711
995
111
574
332
785
360
381
908
210
361
807
351
597
517
813
647
341
804
724
752
960
212
366
998
924
922
698
265
256
384
947
244
159
771
315
279
451
106
92
666
888
477
337
0
349
242
958
731
458
398
887
907
617
481
934
437
531
163
505
994
267
426
866
635
161
335
565
553
371
312
542
596
292
286
720
825
270
482
341
176
653
471
316
553
838
480
450
194
280
105
827
128
142
113
625
853
396
352
421
881
872
648
632
400
682
655
276
610
312
279
446
478
888
195
336
652
615
50
745
690
909
599
355
290
328
794
663
823
547
859
247
75
928
296
732
65
234
678
865
692
189
593
227
349
0
333
570
973
506
173
377
776
201
160
523
877
929
341
155
182
260
778
902
207
522
389
849
468
330
457
386
911
504
878
839
629
377
534
725
992
870
425
939
157
653
346
205
59
680
569
615
758
105
431
796
935
143
990
54
796
1000
392
254
886
128
431
981
698
737
659
907
548
652
690
587
861
251
532
916
201
379
50
370
366
603
485
490
891
776
706
423
484
893
118
473
238
466
57
608
976
71
595
231
242
333
0
942
534
656
774
433
944
295
68
614
810
80
921
325
655
367
333
497
461
890
378
709
422
559
171
132
191
93
856
79
222
759
825
389
142
951
192
814
84
921
290
481
853
770
650
110
911
653
976
808
214
188
156
621
108
257
464
919
183
804
109
756
546
585
338
532
695
229
480
424
649
664
89
304
636
627
342
365
716
954
980
661
288
193
895
456
338
973
620
260
54
205
305
149
272
834
515
256
958
570
942
0
176
822
832
221
752
471
454
350
311
387
920
911
543
684
919
411
655
978
628
733
715
278
195
830
390
980
664
369
687
433
287
927
791
132
727
216
501
494
995
667
640
219
310
255
816
392
229
424
567
117
543
657
110
460
676
112
525
479
964
447
333
930
74
832
523
437
216
472
389
861
610
144
772
354
988
939
380
141
123
496
190
173
828
500
815
297
212
396
469
164
175
889
346
254
994
565
731
973
534
176
0
984
902
963
323
478
999
369
912
791
489
305
681
211
377
384
983
538
453
357
191
779
956
212
893
555
359
567
414
529
927
310
801
727
436
369
270
187
742
420
547
456
99
551
775
366
968
150
535
976
513
213
896
479
300
516
422
454
501
600
564
715
883
849
242
413
465
300
367
375
100
440
937
205
275
333
614
564
365
190
831
831
372
877
104
908
496
413
751
589
298
903
448
623
277
198
458
506
656
822
984
0
548
905
343
587
848
581
701
619
158
667
112
685
948
409
184
1000
620
658
700
960
600
70
929
51
579
591
271
257
369
642
702
368
309
545
292
218
625
462
997
664
624
801
858
897
390
525
165
747
72
610
659
841
552
370
789
534
117
215
497
322
559
159
352
651
536
261
504
402
850
352
999
69
172
783
843
552
384
581
680
959
218
60
168
779
258
494
67
150
825
506
108
88
890
934
398
173
774
832
902
548
0
789
664
513
989
992
358
427
907
305
868
852
225
786
991
391
163
689
752
800
524
422
510
97
721
372
435
709
692
125
124
405
282
517
775
646
416
758
122
147
979
139
581
805
763
449
937
411
945
531
781
861
192
651
351
155
661
734
142
709
477
55
374
67
761
842
537
225
453
518
743
345
764
668
766
74
720
329
381
563
427
638
415
328
388
672
662
313
377
945
264
737
487
746
887
377
433
221
963
905
789
0
806
339
475
765
569
857
111
449
132
342
482
165
689
722
760
348
239
552
924
776
696
477
830
963
767
807
140
617
884
266
235
974
662
498
588
406
126
231
244
854
106
172
164
945
384
765
181
773
123
364
362
690
814
889
56
841
592
560
301
972
700
580
110
933
577
345
362
875
573
444
385
83
761
220
903
851
816
545
774
128
604
856
648
304
446
699
702
362
932
920
104
245
907
776
944
752
323
343
664
806
0
73
406
777
345
283
479
373
669
715
660
709
920
118
457
767
126
645
239
542
812
507
876
586
173
807
823
338
901
404
652
576
211
362
339
205
255
753
242
925
633
498
70
361
935
400
857
108
456
803
663
647
414
73
78
609
801
165
534
995
465
459
288
800
369
543
449
226
776
794
896
845
492
468
921
254
700
625
965
94
373
236
332
780
957
77
256
958
912
978
376
544
617
201
295
471
478
587
513
339
73
0
472
549
792
967
577
407
685
126
988
375
737
345
757
302
342
195
525
719
801
611
462
70
594
601
842
996
206
203
965
628
920
486
559
197
459
315
900
71
834
451
687
951
159
458
873
961
223
943
379
536
566
901
393
398
879
955
167
235
859
545
367
109
69
197
813
639
671
963
293
622
212
158
548
886
628
455
586
127
697
197
902
538
776
331
950
397
515
263
132
266
481
160
68
454
999
848
989
475
406
472
0
838
446
172
781
212
311
633
271
154
803
968
842
250
862
959
203
404
980
69
877
951
302
256
85
129
584
232
278
718
596
102
605
277
867
874
867
858
828
177
496
694
241
629
127
388
526
569
778
420
817
90
831
307
187
842
472
446
169
463
604
581
846
807
186
678
908
441
879
767
828
604
60
907
456
395
623
583
62
139
90
98
837
317
894
842
200
832
906
944
934
523
614
350
369
581
992
765
777
549
838
0
714
308
838
784
861
744
556
477
777
118
735
981
583
730
743
794
503
224
975
194
56
926
506
775
61
645
696
615
715
902
64
454
177
822
607
93
92
540
141
115
141
679
333
65
731
392
663
233
277
111
433
964
680
724
943
523
210
383
596
280
267
399
438
862
697
344
972
572
122
388
277
834
600
574
329
573
932
184
916
100
382
714
362
395
700
300
169
104
437
877
810
311
912
701
358
569
345
792
446
714
0
130
490
59
686
454
171
966
231
815
582
701
83
475
678
811
892
627
635
76
332
559
52
885
911
273
348
111
987
97
829
419
718
226
582
995
73
953
609
840
644
804
995
632
913
462
535
606
578
804
449
890
610
530
349
460
466
420
353
954
514
652
837
518
91
416
812
366
287
129
384
807
155
746
861
643
463
552
861
661
757
369
922
756
892
769
209
375
531
929
80
387
791
619
427
857
283
967
172
308
130
0
222
459
473
458
809
929
340
155
128
264
503
848
601
498
345
412
630
237
349
123
101
103
501
601
754
179
295
78
74
320
573
721
423
913
983
796
927
169
257
593
472
994
638
141
290
58
438
416
186
814
1000
61
437
725
316
61
998
558
770
459
724
385
235
712
972
828
328
117
106
918
922
610
596
994
814
933
597
505
231
703
521
600
359
743
110
744
163
341
921
920
489
158
907
111
479
577
781
838
490
222
0
256
324
846
894
361
675
807
948
289
548
853
100
309
629
746
124
582
262
726
181
720
759
682
349
691
827
599
710
799
160
401
318
508
319
83
931
726
549
105
956
93
917
452
842
229
897
828
52
513
357
800
455
616
997
755
141
185
902
323
247
608
621
933
756
455
213
862
62
678
448
423
177
926
889
183
344
880
824
475
386
834
931
275
509
830
505
155
325
911
305
667
305
449
373
407
212
784
59
459
256
0
105
828
162
666
434
884
676
322
490
732
301
170
673
344
609
802
840
204
565
258
160
463
451
818
482
369
264
902
665
698
512
724
576
118
188
995
568
822
141
426
294
612
766
698
487
766
658
197
900
197
354
818
559
265
579
121
478
939
524
732
384
704
304
313
981
636
862
528
1000
651
854
146
259
223
121
565
766
352
896
802
561
529
382
326
994
182
655
543
681
112
868
132
669
685
311
861
686
473
324
105
0
55
492
273
919
143
153
796
684
563
462
569
552
611
865
975
126
929
63
362
955
297
337
920
307
194
646
394
986
722
666
651
439
562
246
473
72
481
487
364
61
148
938
206
464
932
418
786
552
400
253
414
770
235
654
570
114
424
673
98
594
338
684
447
809
446
519
888
353
426
810
976
355
661
942
965
265
461
913
720
67
93
866
827
267
260
367
684
211
685
852
342
715
126
633
744
454
458
846
828
55
0
681
53
406
140
170
349
335
237
674
334
906
457
372
392
263
867
645
586
981
159
411
914
945
198
723
265
598
221
721
912
276
487
386
788
646
986
311
592
87
795
721
964
326
482
270
959
69
53
405
771
507
725
965
127
808
473
794
135
953
775
816
631
228
558
283
90
662
765
696
619
567
630
514
847
55
657
997
437
967
280
675
112
426
778
333
919
377
948
225
482
660
988
271
556
171
809
894
162
492
681
0
335
270
954
147
730
542
113
357
63
83
293
115
350
130
551
438
552
263
67
813
817
532
500
787
305
121
543
257
460
316
780
931
783
591
724
973
907
436
303
698
699
452
421
684
784
992
805
178
932
852
718
972
907
724
684
889
827
437
116
338
714
208
666
901
978
85
543
527
268
883
67
565
663
757
875
957
884
421
890
516
396
866
902
497
411
384
409
786
165
709
375
154
477
966
929
361
666
273
53
335
0
154
475
840
688
393
777
278
762
451
858
970
364
847
273
338
353
537
693
969
491
603
129
754
96
294
391
986
600
147
551
526
923
594
534
70
701
456
615
243
608
888
145
594
560
364
571
569
842
941
344
58
627
820
806
951
569
793
850
933
413
289
99
675
297
86
466
754
590
124
662
937
756
324
920
821
401
112
94
286
312
635
207
461
655
983
184
991
689
920
737
803
777
231
340
675
434
919
406
270
154
0
543
56
681
799
709
179
747
639
700
424
890
499
711
555
943
832
766
357
472
136
66
50
112
234
840
310
569
836
369
866
423
336
777
172
156
172
233
544
89
377
781
805
295
911
383
377
945
736
323
732
493
867
288
973
664
992
518
783
729
132
114
899
925
940
915
505
518
828
567
590
397
215
238
947
466
195
471
939
737
161
522
890
978
538
1000
391
722
118
345
968
118
815
155
807
884
143
140
954
475
543
0
190
188
255
749
190
258
412
977
800
352
495
166
334
831
719
142
717
799
670
562
858
56
456
747
369
229
285
205
677
488
691
664
271
56
198
680
416
512
316
363
569
420
188
703
477
162
758
89
988
604
653
171
90
392
166
110
679
688
285
486
67
276
989
944
94
421
100
259
957
744
358
309
968
458
304
820
834
190
335
389
378
628
453
620
163
760
457
757
842
735
582
128
948
676
153
170
147
840
56
190
0
678
211
122
774
581
779
719
808
373
463
677
241
639
625
380
469
873
910
453
619
534
296
388
179
431
512
231
334
208
375
431
230
64
261
373
401
188
353
442
635
839
190
260
323
877
188
528
751
832
367
133
665
926
255
850
912
888
299
264
878
541
469
898
313
590
534
55
189
986
650
264
425
797
368
773
251
325
565
849
709
733
357
658
689
348
767
302
250
981
701
264
289
322
796
349
730
688
681
188
678
0
