0
393
505
222
0
351
208
0
811
382
0
0
905
165
208
113
64
996
639
0
887
987
0
378
883
61
253
678
57
772
375
0
69
136
542
959
667
711
818
107
437
0
945
113
0
495
676
964
143
0
0
0
826
680
144
645
870
0
777
0
0
516
519
366
671
154
291
528
352
614
625
924
614
521
745
243
240
214
824
547
494
203
253
474
183
772
822
491
393
404
825
131
246
819
121
688
901
423
0
955
393
0
99
0
495
0
197
645
761
0
650
693
494
150
615
825
0
237
921
60
467
797
382
465
825
792
0
689
214
139
887
239
0
74
273
932
0
949
400
743
838
410
412
0
0
526
0
0
0
194
975
187
645
233
350
759
0
837
813
65
198
598
241
120
297
609
957
568
388
554
206
0
310
608
360
653
666
530
550
555
782
0
635
197
861
452
701
748
0
339
495
165
484
815
0
126
853
145
454
524
505
99
0
337
78
0
0
150
562
734
0
0
0
0
0
0
478
420
442
511
301
423
836
827
940
576
492
675
827
795
909
968
584
853
416
770
197
490
240
211
185
906
902
852
200
0
861
992
584
67
887
720
986
783
0
376
138
559
291
0
550
454
811
244
705
611
1000
393
0
704
0
649
842
992
420
156
617
607
734
460
775
534
460
693
0
107
511
943
720
967
106
869
445
817
96
0
0
413
479
833
222
0
337
0
862
184
297
663
0
472
756
952
748
193
807
0
0
848
522
431
284
83
642
358
67
784
0
305
735
221
273
693
182
906
528
226
0
125
735
741
0
350
308
0
242
253
761
707
0
105
189
256
640
914
423
551
0
922
279
0
100
964
352
351
0
78
884
287
450
0
0
632
847
0
437
0
583
389
592
994
756
734
756
0
481
103
357
949
0
874
707
203
547
296
0
305
537
69
559
845
0
495
78
862
0
342
547
0
397
241
921
0
690
111
506
0
322
0
83
0
769
140
0
264
224
0
0
0
501
0
551
294
358
792
692
248
830
479
827
498
102
0
165
345
153
593
861
55
133
0
192
0
915
592
133
544
710
340
999
419
0
737
486
363
646
113
461
692
998
394
440
822
799
332
490
0
761
625
64
380
819
170
280
462
0
0
0
343
759
699
54
93
603
288
0
0
536
582
527
948
351
0
0
184
342
0
189
326
135
160
227
926
415
0
0
0
627
232
626
775
52
905
323
946
585
0
876
554
808
737
219
304
700
379
476
506
0
0
507
141
897
63
246
986
771
0
876
245
473
543
477
423
415
277
523
283
688
357
141
0
0
761
862
526
396
451
0
600
134
837
0
596
901
729
756
711
423
549
222
713
0
0
0
371
543
919
804
722
0
451
0
0
159
728
855
0
0
592
951
173
208
197
0
297
547
189
0
0
0
571
0
651
201
0
528
155
597
713
611
815
708
0
752
626
66
313
642
695
196
162
799
0
492
391
313
0
769
201
890
729
91
756
337
385
283
155
790
0
393
966
257
452
162
210
498
101
681
0
495
723
660
274
865
0
844
728
875
0
879
444
0
908
350
145
379
485
0
866
321
132
552
727
161
928
835
0
996
492
507
363
841
0
632
0
758
634
88
0
612
0
0
645
150
663
0
326
0
0
663
633
446
0
92
709
451
346
625
144
574
0
0
988
0
0
724
233
911
370
903
572
616
869
117
632
965
0
158
0
809
952
722
0
609
718
308
994
844
838
477
0
450
0
226
974
625
0
468
0
758
383
0
0
310
0
848
362
313
81
593
691
929
942
120
968
215
223
98
0
255
417
572
318
835
952
939
500
515
731
381
737
992
699
526
813
642
853
114
606
772
370
811
761
562
0
397
135
0
663
0
887
0
191
717
0
137
764
538
915
327
179
162
0
746
91
115
928
624
0
789
518
419
176
104
891
0
0
852
202
982
681
835
106
477
770
85
182
955
352
700
888
839
784
538
763
0
194
360
0
625
695
873
0
676
585
353
883
165
0
0
440
0
946
206
797
500
245
611
805
933
67
344
324
344
348
0
0
634
396
676
61
782
0
360
0
794
118
0
0
904
663
382
0
734
472
241
160
571
633
887
0
210
72
0
680
672
124
437
0
135
815
798
731
792
100
516
120
420
740
972
0
0
345
613
0
280
750
418
0
413
418
465
629
702
997
692
745
325
923
283
745
581
943
173
779
249
995
488
961
345
789
620
678
616
411
0
342
237
0
154
811
225
417
788
0
0
0
0
349
110
60
302
898
476
0
706
0
645
0
248
72
159
453
874
177
999
667
0
198
748
911
0
650
0
756
921
227
0
446
0
210
0
339
713
0
304
111
527
939
804
702
810
0
978
277
387
0
0
674
870
689
764
517
306
289
731
0
89
316
227
494
93
251
384
456
484
780
766
140
231
732
0
61
666
153
921
708
703
0
556
496
486
127
500
491
993
68
0
0
539
70
579
870
320
507
311
726
906
187
839
0
590
271
0
365
941
895
791
272
335
0
0
0
0
0
701
864
468
0
294
341
0
693
0
952
0
926
651
0
191
72
339
0
641
219
699
712
821
583
69
0
118
674
0
693
602
667
495
774
408
611
739
291
400
993
105
430
710
911
544
883
727
0
310
0
979
318
0
136
894
0
269
0
735
732
191
508
851
712
124
801
0
274
697
871
870
0
232
525
708
713
642
648
319
82
901
354
721
487
675
638
59
916
784
684
257
738
0
333
939
531
944
0
279
443
0
126
763
474
240
456
905
494
0
748
690
415
201
92
717
0
713
641
0
656
238
485
926
133
877
528
270
171
224
109
253
650
413
436
0
1000
0
940
713
0
548
219
994
0
79
322
934
872
356
842
483
406
905
938
231
552
836
415
658
0
879
513
328
726
906
419
518
580
510
292
254
110
919
742
243
360
323
273
825
0
0
686
0
247
805
745
291
650
158
0
319
451
872
0
352
98
67
111
382
338
959
158
751
599
279
0
165
150
0
193
111
0
0
709
0
680
0
219
656
0
0
0
349
528
258
0
122
92
994
332
197
273
166
186
979
493
0
255
95
661
505
447
983
837
153
0
476
898
718
113
762
0
486
0
881
924
441
690
806
479
214
969
122
337
152
0
769
553
489
311
776
713
57
555
246
601
0
354
0
318
0
936
344
0
631
689
467
531
846
88
537
405
174
0
459
575
253
0
218
279
101
0
0
420
627
132
208
615
0
807
506
0
528
451
137
672
304
699
238
0
0
0
679
397
0
657
257
421
297
576
349
431
823
292
677
102
196
998
350
328
0
958
598
997
318
433
622
838
0
52
355
0
446
635
266
319
789
730
752
456
661
721
0
0
825
0
608
716
785
0
498
297
280
537
508
525
0
687
496
266
506
0
620
517
0
770
149
511
474
0
167
660
419
974
0
669
244
668
696
247
211
0
0
963
919
295
113
825
0
0
0
0
155
346
764
124
111
712
485
0
0
0
0
538
486
507
0
236
67
0
570
0
923
460
142
0
432
586
867
889
604
651
372
656
401
430
411
120
259
926
187
0
73
266
243
267
821
0
655
468
101
454
577
733
358
0
841
0
520
55
357
277
1000
779
509
103
0
924
104
385
0
107
719
906
274
868
430
306
256
597
808
775
427
619
147
0
748
941
0
167
912
0
0
878
590
371
64
0
478
0
322
627
597
625
538
437
527
821
926
349
679
0
0
862
644
629
978
388
232
89
330
198
0
0
755
147
462
958
283
330
405
0
0
532
0
436
593
142
0
0
0
312
371
0
0
529
564
0
551
747
973
0
0
549
0
322
957
742
153
729
769
969
821
706
155
292
758
0
568
845
285
459
594
215
620
811
599
751
240
174
179
877
947
184
0
168
710
677
486
122
0
782
92
0
0
0
996
237
420
848
0
232
713
144
915
0
939
583
133
528
397
538
862
0
0
132
98
221
678
0
279
527
0
749
273
676
626
0
921
483
504
607
768
341
818
756
118
543
835
716
0
778
96
0
592
78
503
944
986
906
768
520
850
711
187
0
481
319
204
336
722
393
0
283
167
844
129
194
861
493
0
886
681
416
0
157
338
439
0
379
608
0
223
915
631
0
101
169
0
412
595
212
771
545
150
290
639
921
442
522
83
626
611
574
327
135
804
69
877
258
0
486
644
0
0
897
0
761
376
0
504
608
621
448
679
0
755
0
423
212
429
378
835
201
218
514
597
659
704
866
0
765
0
693
941
502
894
58
582
303
590
787
0
586
814
930
866
345
817
866
413
973
0
490
254
734
126
587
876
849
636
960
894
857
0
474
961
865
980
741
950
0
816
533
960
0
209
66
0
770
0
447
471
356
796
897
0
60
511
431
0
775
815
0
179
815
702
0
528
0
657
507
629
132
897
0
303
898
0
250
645
416
940
191
476
382
0
458
913
128
827
400
91
518
854
0
71
0
178
356
923
826
627
801
696
0
995
0
518
55
184
590
924
96
536
944
0
719
76
419
178
0
969
173
0
440
0
142
337
422
839
816
407
734
548
743
321
138
626
929
69
218
427
379
0
399
102
672
242
469
332
0
820
358
0
257
887
467
301
284
769
52
708
0
162
798
810
118
270
122
257
0
978
98
0
303
0
673
707
0
678
525
892
0
991
100
0
673
0
602
698
662
957
0
843
448
0
660
925
657
0
142
665
592
0
682
522
380
568
0
395
294
164
752
105
412
429
789
700
261
0
386
731
342
834
0
907
119
448
449
384
0
993
0
954
0
134
767
925
733
0
804
984
179
591
220
0
980
816
69
125
485
270
660
956
600
987
797
423
83
140
905
0
988
0
731
0
674
171
92
421
236
388
221
761
898
673
0
745
63
204
294
427
979
648
755
0
590
931
461
921
0
830
641
460
298
298
323
645
70
538
655
526
765
280
339
390
876
757
507
684
361
793
0
982
609
461
641
452
525
314
0
266
0
0
537
461
87
369
637
511
0
619
903
540
612
98
609
275
548
0
584
350
676
552
906
889
0
852
0
864
392
84
0
0
897
0
382
836
642
0
323
752
0
746
792
978
0
224
994
297
67
232
678
376
0
707
745
0
673
822
956
0
131
845
271
0
156
326
167
413
526
249
272
589
893
914
0
793
0
353
306
393
897
816
0
583
0
254
317
338
754
514
0
501
0
0
958
505
776
633
479
579
329
219
619
655
267
61
340
0
244
643
0
810
778
179
467
278
216
718
119
465
736
294
907
502
565
179
0
382
0
68
309
495
333
378
465
827
358
264
946
626
0
91
100
277
693
109
332
576
0
89
0
0
250
0
63
673
0
335
933
82
339
62
272
122
0
668
151
684
380
733
449
510
215
435
527
0
58
0
739
331
360
150
621
376
218
712
698
470
993
340
883
123
638
338
614
681
431
326
375
0
928
385
217
0
0
267
394
316
0
103
510
0
934
965
301
0
393
974
0
208
195
112
0
407
181
0
170
240
555
995
905
765
394
883
825
940
67
224
585
66
724
115
516
387
602
253
197
349
570
330
279
504
645
678
204
822
335
0
0
977
543
0
435
587
642
663
913
0
0
449
452
162
0
607
999
903
0
135
89
255
663
290
762
0
0
218
654
826
0
373
813
0
715
730
0
486
783
191
960
57
402
909
353
142
0
0
277
318
556
220
265
198
193
77
146
0
240
529
74
458
976
192
672
129
875
685
996
937
987
869
0
0
621
61
792
576
784
0
0
313
233
928
120
0
667
650
273
431
0
198
527
608
416
525
294
956
933
0
0
58
765
725
638
571
818
0
196
0
868
331
953
0
62
643
509
668
919
99
776
0
0
445
886
299
368
409
478
441
722
258
892
311
0
618
450
503
841
472
0
726
140
0
293
0
929
0
123
765
0
669
568
800
0
0
782
987
618
233
655
0
521
292
536
632
886
574
503
641
595
562
502
552
454
253
0
492
0
0
876
642
911
624
420
0
495
413
166
823
923
0
0
621
940
892
427
0
82
977
58
0
964
871
996
0
986
883
69
693
945
0
581
921
256
236
468
0
0
344
628
0
458
0
0
670
831
584
547
303
243
0
531
0
203
565
525
0
86
319
0
217
519
467
0
127
373
0
132
0
540
0
398
813
0
425
528
96
214
578
737
366
373
0
210
669
893
930
0
0
420
201
223
784
893
678
689
675
305
0
554
695
370
0
740
674
774
436
186
292
460
0
749
448
191
0
979
131
339
543
765
964
0
0
0
900
494
932
676
608
877
623
177
500
0
341
0
0
934
699
554
817
274
177
815
117
144
0
570
0
369
105
375
556
853
400
581
0
0
747
0
356
610
917
168
215
585
431
279
938
910
0
382
510
59
583
0
943
751
585
807
842
693
340
469
341
0
865
518
601
996
307
554
367
0
57
214
827
735
501
808
196
903
789
972
870
408
0
979
677
142
755
273
679
476
991
648
845
62
0
725
871
0
0
728
125
579
701
620
638
623
640
0
947
0
249
251
489
286
858
650
828
136
984
583
0
666
0
883
52
0
393
576
0
0
794
0
957
244
807
542
592
577
345
963
309
0
118
191
297
874
279
0
393
657
55
163
0
642
978
316
794
662
0
221
112
372
806
0
187
764
619
633
0
944
772
139
795
221
0
737
162
572
518
0
689
611
1000
493
102
0
147
676
0
382
100
755
271
272
435
638
996
0
728
0
931
798
58
628
941
472
735
871
775
605
710
618
0
577
461
205
330
477
914
545
340
720
0
542
0
770
65
748
349
215
349
214
0
0
656
0
763
632
317
482
486
103
541
325
335
937
212
70
447
959
673
0
128
671
586
806
852
701
275
543
313
0
432
872
907
759
0
542
791
0
375
887
909
273
551
219
799
616
419
0
764
739
0
0
196
432
462
626
755
0
0
0
0
122
587
571
0
900
125
931
0
0
974
0
637
400
451
0
357
968
531
635
835
505
492
0
578
307
637
664
950
705
844
170
853
676
114
507
902
0
353
774
728
281
603
480
543
770
413
484
655
911
285
0
0
520
0
190
332
429
803
768
748
0
584
103
70
0
611
934
932
649
645
210
0
629
996
144
787
0
0
239
968
693
294
304
0
869
176
345
517
291
940
255
998
586
958
0
0
458
673
590
156
0
642
818
986
494
579
798
0
0
919
594
316
675
342
0
0
448
564
481
0
621
0
472
366
875
975
870
0
0
681
202
598
0
770
916
786
238
380
976
528
927
857
69
0
738
670
609
999
646
726
876
474
0
823
880
0
622
803
210
926
188
56
0
430
408
701
0
991
571
0
975
529
994
910
595
556
154
69
0
584
182
358
700
492
117
104
613
306
400
713
95
350
867
283
921
423
913
0
931
326
668
663
0
883
932
701
58
974
919
0
167
0
914
65
994
0
999
445
363
290
296
0
98
0
0
217
776
0
862
0
357
742
987
995
903
639
624
829
702
501
416
511
277
863
650
0
0
414
629
0
629
846
784
0
681
0
627
0
775
0
0
468
910
0
247
566
350
622
404
690
77
752
696
321
170
221
701
136
74
853
906
792
379
391
632
891
0
289
993
0
661
328
889
330
483
212
128
602
461
167
151
913
196
69
676
620
628
0
594
167
0
330
896
82
0
903
278
411
417
0
395
338
852
464
118
734
129
61
505
924
0
959
762
899
0
666
941
267
736
333
310
562
208
787
847
406
467
470
343
928
0
0
654
0
56
786
622
0
666
262
0
720
614
902
0
977
474
425
0
765
808
880
579
0
790
526
488
542
273
416
528
692
476
313
965
0
280
731
105
548
505
0
604
405
504
429
827
698
921
413
684
0
0
693
608
638
941
637
316
0
330
0
810
714
486
0
0
329
316
820
316
691
977
0
0
523
254
0
661
537
727
693
952
390
540
101
0
667
0
806
655
837
519
105
306
0
505
813
758
0
606
434
864
405
465
938
0
0
752
544
515
692
927
0
640
156
895
859
896
83
523
615
458
115
401
214
814
959
932
770
226
248
506
0
0
0
750
0
430
219
447
958
651
0
607
378
400
662
0
526
380
0
868
945
877
623
472
400
675
914
896
810
0
93
283
979
892
851
384
0
0
994
279
65
780
711
975
526
285
81
887
130
625
436
0
478
400
0
62
916
730
484
192
0
0
757
0
115
91
94
464
923
639
715
263
222
124
777
537
261
74
283
273
524
241
384
491
381
0
790
0
281
285
794
0
419
375
667
0
197
0
830
0
769
158
852
418
89
710
994
983
598
372
0
768
835
91
957
830
249
733
449
331
0
623
640
735
451
342
65
82
714
93
0
458
331
657
87
0
213
0
876
891
293
292
0
800
665
922
421
720
404
658
0
833
697
193
209
866
853
773
236
0
0
771
897
686
260
470
766
365
856
248
729
110
894
630
208
550
469
564
636
216
684
0
0
484
953
874
0
939
0
979
661
837
229
93
711
949
490
125
479
0
201
0
202
0
316
911
0
837
997
656
532
341
201
518
0
641
272
449
452
953
581
177
0
871
0
0
994
0
486
283
458
0
0
690
843
668
615
664
293
0
0
118
656
183
457
407
294
0
0
839
712
0
696
0
719
604
0
930
560
772
374
246
0
342
388
0
587
0
0
784
0
816
200
363
477
0
308
0
0
479
456
0
316
203
0
149
0
381
0
99
730
780
621
645
818
400
240
735
827
507
890
809
982
413
227
544
79
153
318
401
0
818
218
854
843
460
589
510
162
0
921
500
947
775
357
0
0
903
0
979
331
0
0
713
0
825
0
400
961
605
0
0
0
0
55
0
0
450
512
527
579
338
192
658
441
422
990
428
610
267
58
319
0
921
758
689
0
783
825
400
740
560
720
262
0
940
750
349
117
52
0
361
171
164
411
0
51
204
495
381
495
787
164
843
107
743
211
741
498
141
729
952
681
418
494
883
322
0
433
430
436
756
514
0
448
298
893
215
0
62
256
0
0
605
968
448
999
278
0
892
657
690
713
0
272
0
311
0
324
289
976
692
575
0
0
381
251
918
185
0
822
887
0
268
154
0
381
458
965
0
247
469
219
148
173
0
500
320
669
612
323
596
827
325
0
786
0
938
609
443
260
551
293
344
0
876
0
426
489
724
0
518
0
447
437
838
185
0
102
897
91
722
835
465
93
727
934
476
622
411
593
118
597
71
0
298
914
435
607
643
236
341
249
710
531
564
445
411
329
851
87
843
0
272
0
97
489
693
634
190
117
175
82
891
0
429
912
0
295
235
965
0
203
881
116
845
901
597
0
0
854
704
74
0
551
821
421
427
731
0
836
0
0
0
417
239
201
956
0
615
945
973
766
491
0
408
0
511
184
234
0
624
369
62
0
410
906
350
0
63
756
0
106
629
251
0
872
898
838
120
142
543
659
0
660
323
0
527
999
509
468
0
251
618
635
481
363
417
316
384
0
668
825
0
97
0
867
736
89
769
494
926
431
0
159
0
0
912
751
562
276
612
187
220
0
317
843
508
656
788
1000
526
0
995
203
376
382
0
748
92
0
295
979
791
110
402
786
645
595
584
527
304
0
0
658
646
669
108
504
0
508
302
657
0
945
412
902
308
165
246
337
609
477
702
384
310
356
718
0
259
0
835
704
178
925
645
793
0
903
668
0
0
489
0
835
0
290
0
820
0
213
615
0
311
489
867
0
367
174
0
463
0
147
434
715
187
0
228
0
527
154
982
212
562
456
664
0
0
188
0
827
559
493
0
336
417
696
956
220
528
880
656
803
341
670
0
845
725
486
0
962
276
677
0
639
0
954
518
574
867
0
878
0
0
113
0
852
0
345
986
385
718
770
997
456
0
842
113
52
926
0
716
866
356
657
70
0
58
0
919
0
934
286
577
505
621
296
395
316
0
0
664
400
0
693
736
367
0
505
136
784
0
0
91
0
0
0
407
818
924
0
157
144
522
758
135
464
0
65
811
377
444
982
171
286
340
278
632
686
958
813
476
424
183
994
673
846
264
196
383
734
174
0
768
472
0
323
91
0
487
694
483
0
100
0
0
200
242
153
771
283
308
85
692
484
979
483
762
355
187
0
0
0
923
0
538
353
0
135
99
344
699
858
461
492
0
0
338
691
994
876
293
961
324
634
89
174
505
0
421
205
198
847
581
0
0
512
517
410
834
709
864
284
812
542
1000
446
0
0
688
0
59
207
495
380
725
926
0
559
789
879
288
0
142
380
865
190
453
703
0
530
92
108
0
270
900
0
302
267
194
701
0
953
838
495
526
0
253
593
0
155
994
182
745
780
318
406
0
0
0
312
778
765
826
142
655
306
739
89
776
628
554
650
205
0
472
98
852
977
279
891
0
605
289
190
769
0
136
421
0
0
553
0
271
641
0
184
501
875
690
807
502
614
0
0
497
384
250
571
688
259
924
0
519
0
327
684
483
918
279
259
0
233
625
362
572
524
886
723
619
885
435
621
51
995
266
318
245
350
0
0
898
790
726
676
0
861
761
861
876
790
844
955
325
766
0
905
486
446
73
371
96
0
627
665
526
393
331
255
0
0
817
828
330
578
366
0
464
0
65
293
0
0
976
117
494
463
784
205
0
0
0
0
451
768
379
557
723
371
0
388
987
671
743
0
321
761
603
437
563
284
642
0
515
914
584
0
452
83
620
489
410
933
798
0
760
900
739
0
126
0
347
896
749
565
992
873
251
508
0
420
56
0
63
964
0
992
707
55
245
0
838
352
923
140
136
938
0
635
266
0
0
693
801
592
765
897
360
663
0
458
274
136
477
307
875
0
118
0
780
292
118
0
692
175
926
0
0
198
553
0
0
794
424
404
314
997
227
0
629
892
253
814
441
683
603
528
128
561
0
471
267
0
968
641
682
0
928
811
569
964
301
0
116
0
726
397
877
75
998
0
0
0
0
695
954
350
544
865
200
235
830
918
0
143
0
584
0
133
473
393
477
700
283
231
894
231
881
266
243
0
592
941
696
0
280
816
150
290
445
0
177
984
914
637
975
217
734
523
711
0
656
0
575
82
431
147
0
847
0
0
794
0
215
112
516
702
0
822
959
0
531
359
623
749
0
0
0
559
627
746
367
0
569
912
307
978
158
922
877
539
0
188
342
203
0
929
528
841
496
961
830
0
412
955
630
835
193
0
874
641
106
874
0
0
194
67
105
0
543
966
0
888
745
732
0
552
924
319
267
529
78
502
0
682
339
0
621
762
886
0
815
583
545
664
870
776
129
254
975
800
183
0
0
891
0
434
91
581
271
451
424
215
0
437
0
236
0
180
529
818
621
169
447
0
816
147
466
0
378
613
556
82
0
328
717
990
543
409
903
295
750
87
919
238
634
0
613
598
594
823
994
376
339
688
0
899
72
887
543
171
233
0
754
0
975
887
189
192
477
257
450
839
581
0
269
836
441
789
821
564
503
894
995
522
390
583
376
0
299
670
117
0
340
950
0
0
61
0
526
665
457
55
0
0
159
715
0
0
641
768
404
112
437
0
626
385
185
692
0
848
654
0
522
350
0
204
941
58
562
553
705
920
349
836
0
955
601
923
392
533
452
80
252
968
0
0
290
575
563
439
167
984
770
600
224
285
762
0
936
285
487
0
932
0
187
720
256
0
423
452
0
784
943
61
0
415
690
730
0
0
944
58
0
380
876
0
218
0
368
831
144
666
720
705
0
862
505
661
285
922
407
0
381
429
0
187
0
0
0
379
314
516
0
626
0
0
664
654
0
110
0
591
653
0
673
626
645
780
57
768
59
877
975
674
98
670
360
567
812
799
124
320
0
128
510
387
184
0
132
282
52
330
180
702
728
873
880
72
0
0
224
74
661
826
645
986
640
915
415
162
226
538
173
666
735
658
806
752
655
551
986
582
518
568
757
254
712
218
409
584
0
0
0
844
681
0
924
537
81
421
294
0
251
912
0
0
0
512
184
557
997
702
236
385
0
0
397
0
271
859
554
228
477
383
0
0
0
860
0
128
335
258
198
400
0
827
278
576
843
920
826
230
780
770
0
264
636
790
455
0
680
324
150
658
916
232
378
966
0
899
188
0
0
680
233
783
914
592
277
210
974
763
779
153
732
0
479
456
468
747
906
303
55
0
507
317
698
654
478
547
570
883
542
170
202
357
0
727
887
720
0
450
918
0
912
228
407
517
501
723
227
0
0
185
664
397
0
337
221
265
787
630
484
468
71
613
818
0
649
672
881
851
0
80
379
550
248
712
0
0
0
722
0
579
215
579
939
0
426
796
699
771
608
0
950
997
0
813
0
881
956
816
765
144
350
0
423
133
523
498
625
0
249
921
191
879
214
661
101
973
768
590
184
395
684
338
470
826
441
303
0
52
0
853
598
742
959
693
130
404
0
512
185
295
751
0
818
410
875
371
0
822
180
692
654
0
337
0
361
0
58
896
242
184
655
0
0
650
0
612
935
642
656
213
88
496
0
700
624
121
0
113
150
784
0
405
522
218
139
234
791
118
395
707
345
701
393
980
197
722
477
805
0
645
759
376
551
544
283
101
0
194
995
708
508
513
969
721
454
0
520
787
590
294
361
754
993
0
722
243
369
0
770
676
0
987
762
952
625
658
839
527
0
235
562
527
924
834
690
0
629
959
529
0
0
271
221
361
0
211
579
0
0
299
0
860
0
0
0
743
327
0
618
599
0
528
974
491
0
266
306
894
727
489
0
0
460
382
928
675
903
893
282
322
415
165
879
98
0
795
926
0
803
870
0
138
0
710
688
681
468
360
488
703
851
328
122
0
577
0
850
0
924
164
793
514
340
373
258
0
105
393
65
114
770
995
899
390
436
0
712
579
822
965
276
154
0
709
807
388
892
0
818
848
110
859
265
0
211
0
388
543
824
793
434
408
430
857
894
706
0
841
794
727
515
940
867
260
898
206
236
713
0
883
968
460
775
446
633
736
300
0
302
884
0
346
709
0
747
331
199
207
887
0
837
559
922
340
357
0
0
0
961
0
712
726
337
0
733
549
711
586
96
752
0
0
883
813
892
531
375
576
748
507
916
903
0
540
0
833
0
338
887
0
612
982
157
864
502
987
253
531
621
654
0
554
787
58
579
388
0
778
166
440
767
482
843
0
842
496
0
347
554
0
90
621
564
992
682
0
343
172
538
510
539
679
132
342
463
434
632
792
294
165
0
667
0
713
833
299
0
317
484
777
813
291
279
999
141
495
758
625
345
556
124
906
152
825
358
0
187
814
536
105
982
501
123
0
311
0
556
0
349
902
786
639
666
101
478
697
696
192
0
203
187
212
144
284
614
671
814
359
169
0
591
228
630
896
0
543
778
0
322
835
0
72
390
302
965
984
240
982
504
692
0
736
320
0
697
706
421
0
413
696
898
0
651
0
956
809
389
0
661
988
166
204
54
843
0
981
668
0
855
0
65
0
0
419
0
723
383
695
789
496
801
419
0
0
0
322
0
930
944
412
609
0
638
715
0
203
853
0
215
0
238
624
941
0
400
193
0
658
268
881
220
562
522
812
0
743
441
623
447
522
653
477
484
242
0
824
166
322
0
801
835
367
439
355
321
676
255
140
132
0
949
925
443
349
253
90
932
375
759
597
745
269
597
812
845
668
231
138
158
71
0
802
858
616
0
0
836
613
810
0
198
550
100
0
0
660
0
873
620
486
0
518
769
608
841
957
481
866
0
429
461
0
338
730
618
565
400
794
349
353
380
829
267
667
0
209
719
441
154
116
0
456
758
542
0
0
683
749
0
350
0
383
468
184
299
793
440
835
801
0
61
500
329
766
719
486
424
209
196
497
603
121
634
797
638
587
579
806
690
751
643
290
128
802
147
280
0
0
137
738
976
701
862
402
737
808
869
452
189
516
598
454
964
737
761
274
0
0
678
127
274
580
553
716
0
742
319
345
719
789
641
958
614
0
450
525
581
0
214
774
976
702
736
0
62
866
604
422
0
845
317
664
135
1000
497
321
603
0
816
0
673
0
71
655
0
434
767
0
835
61
0
911
0
856
691
713
477
252
512
842
0
350
0
164
150
351
580
553
642
598
779
0
592
731
182
910
518
306
796
897
79
165
976
507
63
0
339
0
294
519
241
811
352
486
862
865
310
676
616
500
697
510
489
785
520
153
204
817
76
700
452
505
681
486
503
0
0
957
0
728
528
501
333
806
916
853
0
990
381
901
843
0
464
446
384
761
528
0
147
204
626
0
613
0
860
408
482
72
367
500
911
0
0
129
0
956
220
446
636
988
496
916
123
0
227
896
508
681
150
330
0
0
509
971
72
135
979
989
85
0
0
362
518
703
775
948
993
0
0
366
120
244
351
363
526
0
0
585
411
491
871
292
311
0
55
729
336
866
419
261
525
776
431
783
841
86
0
244
0
281
927
416
310
655
730
773
930
428
458
597
508
0
0
0
250
603
128
0
466
941
645
0
818
0
0
430
843
390
439
329
0
0
0
952
0
271
0
224
529
393
110
696
751
179
288
807
798
249
161
397
0
0
880
554
171
579
922
720
204
169
539
977
557
662
639
794
0
459
0
671
297
705
0
646
396
844
848
353
0
993
870
254
776
498
357
769
722
413
178
0
314
633
326
191
472
319
747
807
656
603
857
511
562
837
484
236
560
610
965
0
656
188
65
0
571
437
561
559
0
58
780
860
0
650
0
857
0
302
355
766
856
129
952
0
145
380
853
108
0
0
118
328
351
734
0
525
0
446
0
977
705
0
667
0
0
152
833
809
617
0
189
993
254
493
0
359
0
65
0
154
609
611
78
113
451
728
362
883
342
68
0
110
713
297
277
969
393
973
0
386
0
479
375
960
0
0
0
542
0
480
69
277
208
519
192
0
772
267
0
0
788
0
811
688
688
563
0
627
378
562
57
0
649
0
0
894
842
965
321
719
691
0
0
145
0
459
736
983
204
698
274
211
930
256
199
397
483
250
0
629
0
902
833
57
577
564
600
656
77
848
665
745
886
603
622
0
261
222
0
291
957
1000
884
461
0
875
313
165
237
0
232
919
57
280
1000
821
0
0
969
731
266
579
0
57
726
217
356
592
763
543
0
863
787
105
0
0
374
58
247
854
1000
827
377
0
259
284
471
746
613
553
768
128
672
612
743
706
496
984
676
486
713
956
271
380
459
0
932
0
345
135
670
210
543
561
869
596
0
0
445
119
909
939
0
704
0
206
923
85
0
940
352
0
0
255
132
296
469
428
217
528
568
393
287
692
600
0
81
0
0
0
525
742
555
537
779
706
283
490
173
342
0
329
928
402
140
519
610
577
632
770
738
650
847
306
0
771
246
319
469
704
526
559
444
59
924
642
267
367
556
705
59
335
881
935
327
0
0
240
255
424
477
220
0
853
736
932
0
891
0
250
56
751
118
933
326
683
838
943
654
0
463
60
70
263
0
587
826
880
0
263
0
997
0
602
267
356
0
703
450
352
388
0
450
998
134
879
593
0
154
539
708
243
246
508
509
155
167
254
0
834
0
219
385
909
0
467
917
345
317
413
670
0
406
0
757
897
0
0
219
74
0
493
982
207
0
0
0
0
82
920
877
258
851
642
0
841
347
982
140
209
252
446
224
108
983
0
891
0
782
919
0
0
254
470
435
614
769
842
467
0
630
0
538
227
673
0
724
728
0
977
0
848
783
327
248
486
108
228
552
614
554
704
0
394
837
444
691
440
811
70
713
360
601
525
103
292
844
734
440
0
537
619
217
353
293
0
168
963
482
484
609
0
467
505
0
686
342
921
148
0
995
0
171
495
519
515
968
569
0
349
975
198
0
656
618
794
554
504
132
196
512
636
529
0
204
345
0
782
0
610
0
875
51
574
0
352
0
955
0
477
667
493
586
0
859
750
424
949
825
0
242
286
148
149
220
498
562
127
757
625
206
0
0
440
0
0
929
0
225
579
642
323
0
0
0
758
129
126
0
907
461
655
0
142
0
127
215
309
486
655
999
414
470
813
115
260
388
758
173
551
203
336
286
380
0
914
641
912
328
836
674
400
80
213
599
727
0
692
0
497
842
988
393
0
698
135
250
919
610
0
911
736
753
383
980
670
158
302
0
0
0
97
921
94
443
315
295
640
0
333
217
0
336
0
0
0
173
477
990
924
0
649
632
822
596
908
942
946
417
870
648
273
354
687
924
0
194
587
142
119
87
267
0
0
929
373
585
0
103
911
646
629
343
758
91
470
0
689
0
821
376
417
340
725
327
584
682
307
717
0
98
0
379
88
0
515
90
0
949
603
0
496
110
118
274
670
56
0
0
911
0
548
0
286
0
0
378
680
397
148
612
0
169
789
736
0
0
680
888
778
948
753
224
925
288
0
107
0
406
614
310
842
847
799
901
350
120
206
788
320
319
825
0
496
104
568
861
876
337
448
369
61
267
0
0
0
431
118
541
285
726
0
928
0
94
766
587
0
500
421
382
696
278
926
684
0
0
978
990
955
670
827
550
496
528
940
621
736
925
121
350
916
696
328
211
210
751
0
875
736
548
0
0
129
732
263
788
742
692
0
915
262
744
0
764
0
521
745
555
747
996
659
245
744
897
684
282
0
815
521
608
992
0
332
729
145
968
797
0
507
82
0
318
266
385
845
493
849
422
449
637
340
394
277
123
132
279
191
325
0
876
629
0
606
464
365
0
783
320
427
0
956
632
0
483
452
928
158
543
601
360
278
248
0
974
867
564
320
443
634
0
123
751
351
930
543
118
254
51
753
0
0
0
0
977
0
193
554
79
531
443
717
0
679
103
531
0
58
493
256
0
110
723
830
202
319
751
372
888
745
360
420
437
490
756
379
215
500
0
311
901
0
0
506
0
285
0
636
839
384
511
0
316
318
765
0
938
297
335
0
474
846
0
434
923
856
0
825
669
731
748
220
686
559
918
83
811
922
409
923
567
576
712
700
491
260
992
0
349
797
164
0
179
734
256
561
933
470
574
383
286
129
0
0
72
0
948
173
915
770
464
298
0
880
488
480
0
807
344
700
416
584
259
226
773
782
425
616
569
243
653
156
0
0
711
485
223
245
0
726
354
686
936
0
107
459
886
960
816
0
0
244
0
556
0
540
910
874
937
520
0
784
654
864
639
248
784
400
612
0
92
528
958
789
279
620
569
877
903
392
812
843
0
624
0
898
682
697
253
638
150
227
288
0
199
869
326
435
0
980
0
732
977
72
0
877
0
796
0
612
396
971
189
0
269
292
276
54
592
0
693
226
851
238
819
686
0
390
238
240
666
617
583
761
423
0
98
611
0
906
721
0
344
620
719
594
681
894
407
993
619
643
103
220
669
0
0
279
212
0
823
0
0
405
715
729
0
740
323
836
0
880
813
879
259
489
964
539
295
533
799
920
0
121
266
206
0
706
90
587
351
896
807
525
397
596
683
614
352
670
0
263
0
0
877
0
650
259
748
181
532
0
0
488
0
982
0
780
699
171
449
781
717
627
151
150
185
180
596
214
530
607
389
625
549
866
0
805
349
187
487
247
0
517
906
215
416
857
734
0
903
0
510
265
568
398
382
0
70
190
880
681
56
465
263
110
816
560
596
0
295
656
476
288
0
410
301
0
750
452
124
826
0
0
306
236
343
421
932
579
580
508
798
0
483
0
838
769
0
158
378
788
193
948
0
650
0
635
0
104
960
73
517
0
183
985
793
458
0
0
513
947
506
278
192
580
721
937
938
824
550
734
592
64
222
321
255
933
110
839
675
805
631
0
274
620
0
0
548
954
540
810
0
198
800
813
510
393
447
332
0
0
786
938
222
894
200
720
827
0
979
803
424
0
233
933
0
188
87
80
320
230
722
113
894
713
172
0
375
806
553
681
249
446
250
0
943
842
955
302
680
742
554
173
796
259
635
0
574
529
838
573
497
836
0
0
799
267
0
358
546
0
427
959
493
412
946
796
0
547
555
460
994
380
713
132
417
67
60
0
638
745
689
770
868
811
157
474
743
0
612
778
934
193
0
0
59
657
959
429
622
627
622
0
124
630
363
262
325
0
791
341
183
142
625
798
116
342
919
252
0
780
0
150
727
0
538
413
759
690
642
150
161
0
0
445
654
467
0
0
397
692
79
915
0
748
0
574
0
0
697
885
719
0
318
202
219
923
715
0
936
551
478
689
431
449
275
847
784
494
782
775
756
819
0
552
572
344
302
590
59
291
467
149
430
599
338
961
321
134
98
179
965
77
0
425
583
55
673
803
803
0
0
0
777
208
477
0
0
417
110
670
994
380
362
0
0
203
238
968
128
770
579
784
489
883
510
696
597
751
598
330
397
977
629
119
0
0
477
0
148
0
531
770
612
181
104
529
0
0
0
647
787
328
312
0
899
0
124
120
0
484
67
420
474
542
203
723
581
203
0
534
734
170
0
727
318
324
898
271
916
650
531
511
306
751
439
865
138
767
609
467
301
146
782
528
0
163
0
768
210
775
666
752
537
550
0
940
786
239
402
0
673
865
572
760
726
0
634
0
510
0
215
0
0
968
539
898
745
643
779
0
0
705
0
909
463
630
667
0
612
915
443
464
396
532
960
838
697
0
0
436
256
729
901
733
840
221
965
330
304
194
719
575
395
70
313
892
0
253
635
460
756
280
0
161
835
344
476
0
784
158
846
474
256
240
0
980
626
925
275
278
0
0
987
96
943
0
128
748
926
0
262
544
261
469
308
750
0
201
786
845
846
190
524
900
397
929
0
0
387
264
579
405
0
460
679
0
269
290
0
0
0
0
902
939
60
0
493
97
0
262
717
298
971
0
73
573
885
647
436
0
737
719
554
407
770
60
597
584
57
91
440
783
570
345
0
0
476
474
197
693
0
462
371
928
952
348
0
365
684
0
88
0
597
174
379
741
929
733
548
216
393
240
618
214
751
642
671
0
188
0
0
515
74
564
0
349
938
956
645
725
264
453
886
739
877
528
613
290
184
636
939
522
460
775
132
651
597
128
592
509
880
667
833
0
70
538
586
921
169
744
0
0
189
0
517
497
719
787
256
737
0
162
823
0
0
234
146
0
740
491
339
403
711
803
891
216
983
183
861
0
481
0
543
835
939
0
706
941
257
319
537
167
808
179
608
950
69
0
0
718
974
529
233
578
585
978
586
584
56
468
720
692
283
636
0
117
609
0
595
486
196
703
723
0
75
841
598
575
0
790
0
218
382
446
342
0
812
802
731
971
554
0
57
704
263
227
0
94
789
0
679
880
0
488
0
836
0
328
729
719
162
0
655
148
451
0
406
0
853
873
389
0
0
0
912
801
640
772
452
107
103
0
919
0
500
0
0
895
738
451
405
660
775
877
0
0
218
804
584
119
0
74
655
737
807
316
806
103
0
910
614
927
273
216
479
52
443
615
584
0
383
0
619
126
998
496
594
563
132
455
426
139
928
633
463
956
845
147
182
72
171
0
577
0
0
673
859
443
736
764
103
488
269
0
183
0
318
312
901
554
823
655
0
0
975
0
0
344
997
0
161
872
501
260
566
455
767
822
701
511
357
0
804
996
515
634
645
791
0
872
174
419
427
947
223
816
427
984
350
465
208
458
0
366
842
794
852
70
430
0
902
0
524
684
456
0
260
945
527
962
734
530
885
0
0
961
823
439
282
0
796
234
675
736
434
809
668
280
910
135
579
152
564
206
587
0
750
315
0
0
531
480
292
982
985
0
202
0
733
407
0
148
0
0
721
88
197
608
122
960
721
116
482
210
187
937
77
491
748
943
949
343
722
492
731
396
0
272
333
0
0
974
619
184
915
533
379
179
676
736
195
976
521
373
693
662
701
0
408
247
0
640
241
0
0
361
551
973
304
276
174
92
435
347
0
830
994
167
52
680
699
791
903
300
632
389
231
0
518
979
922
833
600
923
826
724
424
295
0
521
0
0
276
0
793
799
219
899
840
770
0
451
975
721
0
216
254
204
468
103
675
568
491
81
326
61
175
393
0
720
0
759
0
507
381
676
248
335
939
352
459
0
147
0
631
960
0
591
552
294
112
192
292
0
340
0
275
611
701
566
977
156
384
0
316
171
293
766
0
677
0
108
621
896
0
0
376
984
330
324
771
118
893
0
792
0
138
0
306
989
720
809
656
85
880
728
949
640
680
745
58
807
54
780
458
267
923
0
221
60
234
0
0
88
216
0
854
840
596
98
371
0
194
0
743
932
999
404
339
967
874
699
451
363
737
61
72
0
531
98
575
669
0
168
0
0
399
220
906
907
0
672
536
210
469
221
543
934
0
350
474
895
491
484
203
164
344
491
0
0
768
0
51
749
0
412
339
770
180
150
608
395
282
302
294
661
158
137
796
85
204
617
77
0
0
0
825
0
888
555
493
344
592
699
0
0
715
124
965
597
146
406
0
197
254
854
0
597
443
0
901
522
677
239
773
59
237
825
495
106
707
54
0
841
992
782
159
0
944
67
253
244
748
710
101
209
102
0
889
502
407
129
632
669
341
112
313
932
991
622
425
859
381
953
0
411
0
0
658
639
472
270
995
565
695
955
688
600
702
658
0
707
322
884
165
988
71
738
897
0
169
0
848
940
263
977
0
333
778
747
256
700
0
171
0
358
0
120
330
584
0
0
344
608
204
840
597
0
672
925
196
65
475
262
708
880
598
131
165
869
203
93
0
0
699
0
453
0
0
111
0
668
941
677
169
66
672
980
0
565
181
875
886
893
0
372
0
649
571
404
0
896
0
874
149
0
876
408
646
0
0
900
266
992
954
630
0
224
728
916
950
345
415
0
0
166
0
976
79
0
539
189
665
352
0
0
242
217
948
996
0
416
693
449
513
546
936
0
304
57
740
853
997
122
468
596
443
672
0
724
0
581
344
749
0
166
669
246
484
445
547
603
159
632
526
360
874
0
279
382
218
696
0
486
0
0
242
816
852
179
0
685
574
930
865
806
432
645
0
690
765
83
790
0
0
51
0
0
669
954
323
0
318
873
350
835
899
285
873
232
997
701
165
346
667
204
802
701
165
362
977
993
745
0
997
848
286
0
753
659
110
584
226
781
947
0
551
484
194
91
491
873
0
960
103
98
0
925
724
0
814
821
313
761
817
110
775
819
815
817
296
288
728
0
813
0
177
0
443
338
279
247
167
122
412
770
469
69
0
0
170
996
503
0
518
0
872
210
975
77
808
523
0
939
381
204
426
511
108
518
91
302
245
251
544
193
72
762
880
378
0
393
879
709
0
54
858
862
976
518
557
254
886
0
0
783
148
336
224
245
723
259
851
717
506
427
478
67
719
440
339
389
161
721
675
371
901
196
0
814
0
927
306
81
0
987
717
121
0
96
0
0
855
758
642
794
999
701
0
959
101
211
912
0
595
0
332
125
864
382
240
937
641
0
601
187
907
0
529
752
880
615
281
0
0
495
489
184
504
574
0
267
350
508
865
0
887
0
72
966
813
980
98
0
713
843
616
402
507
703
662
493
603
255
602
327
149
0
925
744
830
226
238
627
278
959
689
420
575
783
403
0
872
116
568
0
522
65
581
821
927
0
466
445
286
491
0
688
126
0
305
0
0
634
853
118
667
864
126
158
0
0
0
782
212
447
0
485
392
0
555
987
595
420
996
764
759
629
994
696
579
458
285
979
99
381
724
234
0
867
487
194
0
0
200
874
543
936
0
0
0
197
0
747
833
0
0
737
63
775
639
0
622
132
267
248
220
0
288
897
202
773
819
151
192
493
431
474
395
570
711
0
501
482
491
194
677
475
344
313
306
466
0
0
421
459
754
901
853
0
537
536
0
88
114
0
0
468
763
751
0
0
0
92
771
471
820
270
84
68
995
869
562
201
307
619
0
996
910
321
0
115
794
661
730
495
0
0
508
0
694
701
0
420
235
641
171
285
0
899
881
722
795
331
299
981
0
808
0
948
794
359
0
296
356
486
498
0
0
684
319
782
686
150
580
412
449
542
70
345
803
0
260
210
81
0
239
262
749
761
81
445
0
0
824
143
840
423
145
413
69
582
592
0
606
0
198
0
474
599
420
963
878
0
545
356
358
660
0
309
905
0
502
223
554
633
542
144
595
170
790
401
0
837
780
787
518
624
302
878
483
0
898
56
830
106
233
487
224
188
956
477
926
199
0
668
836
869
339
993
0
0
261
469
0
108
562
173
107
282
751
425
0
185
721
946
275
203
313
0
891
912
566
187
326
743
773
708
0
817
0
286
421
824
0
570
215
0
454
479
559
527
951
612
772
904
748
294
240
279
627
919
590
0
150
796
0
956
0
495
765
0
552
784
367
0
791
787
556
221
526
214
419
229
621
164
0
369
657
0
0
953
790
0
918
874
0
0
74
0
816
805
0
207
317
0
613
452
0
0
459
65
222
428
703
228
127
477
0
0
372
616
390
180
937
796
847
723
892
0
216
801
455
937
61
932
59
880
166
110
987
491
459
143
570
0
409
955
524
833
845
948
173
0
370
663
911
341
456
0
132
295
371
0
290
897
257
600
897
333
394
621
454
893
0
944
0
0
154
701
488
814
375
93
645
843
447
62
0
0
100
838
726
63
0
0
754
932
661
0
765
0
803
887
484
855
810
189
294
0
0
0
0
217
450
552
757
990
406
815
888
569
238
596
938
0
784
581
0
476
983
640
767
77
175
999
237
598
669
775
717
0
754
840
215
409
0
