0
648
353
761
834
371
631
273
506
799
807
369
643
926
779
675
0
506
368
946
944
992
0
772
551
399
0
945
0
874
0
0
117
238
692
800
377
179
88
237
150
419
513
77
604
446
381
112
592
525
0
789
471
540
341
332
745
320
912
120
560
765
705
57
813
201
919
57
0
245
790
921
190
725
474
992
252
83
692
334
115
339
132
0
991
0
140
0
87
641
84
327
0
560
654
127
175
198
269
824
648
0
610
865
693
195
148
461
551
802
783
0
887
69
857
880
722
420
452
661
0
828
653
957
259
183
288
872
0
0
801
387
800
201
467
392
801
925
588
536
92
0
445
798
176
448
0
245
621
540
343
140
361
714
780
551
689
463
835
76
399
488
146
62
79
143
456
973
532
652
664
759
283
0
612
523
395
186
834
0
308
496
149
184
740
581
272
876
800
725
490
285
473
0
826
0
837
625
0
874
353
610
0
707
319
640
311
368
0
0
700
319
796
898
756
133
730
262
869
829
540
61
203
0
428
961
131
886
496
460
614
829
81
514
612
394
831
0
430
599
361
91
811
132
0
0
974
670
871
647
236
916
998
917
901
650
0
433
705
206
858
394
804
76
279
654
874
0
743
590
490
651
156
978
654
529
240
309
539
357
363
0
825
73
492
744
980
730
223
411
770
851
72
534
182
237
786
114
302
0
761
865
707
0
929
495
816
617
0
134
64
766
179
959
197
828
95
487
988
478
505
893
485
358
204
203
940
764
860
261
446
526
222
722
477
480
412
207
609
0
0
0
683
678
263
453
228
663
292
0
84
970
225
0
248
0
296
84
378
630
74
0
154
390
682
665
294
862
267
0
529
987
0
651
244
468
0
87
562
275
143
501
577
306
371
811
556
765
388
114
467
889
0
572
241
595
513
0
627
0
834
693
319
929
0
596
0
437
147
805
289
719
601
744
792
68
542
427
979
390
680
735
579
603
591
588
347
890
442
0
795
393
132
795
489
923
728
282
0
74
0
964
527
462
854
0
908
651
0
440
599
395
161
852
174
560
436
886
759
194
51
859
662
445
0
671
175
360
215
668
331
416
962
808
297
0
638
347
0
630
0
123
181
377
0
0
333
796
0
0
680
453
907
833
988
665
0
104
207
813
371
195
640
495
596
0
780
0
455
513
444
688
120
994
374
152
693
911
735
0
423
172
517
495
675
669
261
0
757
0
0
60
518
592
841
812
734
327
529
540
710
178
952
132
851
466
713
187
594
469
0
132
433
618
0
337
188
914
239
753
962
821
158
381
736
887
734
341
0
387
787
514
892
893
559
921
898
0
460
203
808
854
173
351
0
0
460
695
0
246
0
393
451
481
273
676
670
674
229
483
631
148
311
816
0
780
0
844
627
153
575
501
657
394
578
580
0
192
765
731
491
225
0
919
904
0
302
664
101
220
225
0
992
916
366
883
607
306
0
926
0
881
743
900
393
905
498
601
96
979
245
893
0
688
225
539
278
655
583
678
90
999
499
899
444
525
699
699
692
592
861
552
170
639
336
640
131
616
922
784
508
635
114
0
573
83
603
716
590
0
0
842
434
289
0
456
550
360
626
874
273
461
368
617
437
0
844
0
397
908
0
695
0
0
895
534
607
0
0
345
764
0
652
584
727
234
911
716
767
966
389
813
651
200
0
129
223
566
165
661
77
639
0
166
596
836
0
133
0
0
0
575
958
313
959
133
151
765
524
191
816
879
695
109
788
537
727
767
830
913
0
827
917
0
931
0
0
472
501
0
774
0
410
638
263
437
0
61
656
162
233
574
0
0
927
103
563
127
202
0
506
551
0
0
147
455
627
397
0
216
716
170
159
419
588
69
0
603
822
554
500
876
496
905
87
0
502
135
0
0
827
118
0
0
0
894
351
695
700
158
735
484
980
151
440
945
782
61
971
362
959
509
642
556
665
0
928
338
0
324
331
213
0
369
193
389
689
960
769
159
404
450
275
0
551
374
164
971
305
411
692
0
861
151
274
0
539
147
141
560
188
939
425
0
649
532
140
393
777
187
799
802
0
134
805
513
153
908
216
0
174
503
452
678
354
277
76
822
472
574
397
802
418
351
597
723
783
0
874
444
737
537
881
192
717
720
995
99
251
730
0
0
326
182
324
637
751
416
302
885
644
0
185
134
792
57
773
337
161
886
0
890
587
389
256
659
650
456
320
232
0
522
248
525
956
535
708
241
0
628
686
903
0
620
564
776
297
644
865
368
383
906
225
0
755
0
697
487
125
0
807
783
700
64
289
444
575
0
716
174
0
68
443
183
633
198
974
973
423
987
902
371
455
170
766
0
572
565
881
643
838
606
769
371
752
71
135
651
424
696
0
895
240
785
748
814
693
612
515
154
667
226
601
511
916
205
59
876
869
988
407
385
222
952
0
741
594
134
636
223
795
661
953
253
0
457
0
441
88
702
281
451
357
533
155
243
721
461
988
954
0
51
806
319
0
822
713
556
455
483
369
0
319
766
719
688
501
695
170
503
68
0
351
543
0
352
560
205
908
99
885
218
655
0
593
309
0
911
0
357
995
668
998
95
116
278
933
262
372
107
0
0
218
542
452
0
340
0
353
832
671
959
628
132
718
295
0
305
493
127
0
536
199
846
679
114
674
180
565
948
518
538
66
778
0
796
936
713
477
0
564
688
0
142
693
0
408
888
385
153
0
485
779
360
547
306
496
276
0
150
643
887
796
179
601
120
657
0
159
452
443
351
0
578
954
0
0
593
944
902
479
929
482
0
750
813
0
235
89
258
0
531
75
0
780
933
736
639
917
231
537
296
523
153
469
93
841
141
418
280
705
771
486
563
309
347
225
0
214
680
612
409
637
630
620
466
942
145
274
388
640
224
360
0
922
909
0
691
311
901
230
896
526
782
401
210
586
163
811
718
977
0
247
910
0
786
0
125
230
109
926
69
898
959
744
994
394
0
419
678
183
543
578
0
451
620
899
262
476
987
956
79
510
799
542
0
442
929
153
763
423
827
147
153
280
300
0
832
398
291
405
407
884
904
516
744
0
72
362
989
643
976
741
497
499
0
217
932
488
379
62
671
115
634
797
102
326
623
589
239
702
0
637
0
907
590
876
570
0
384
539
726
254
121
244
786
79
458
423
225
0
0
277
927
748
0
0
890
939
0
779
857
756
197
792
374
578
895
588
354
633
0
954
451
0
201
835
265
330
0
534
471
763
824
391
313
0
774
927
745
0
205
542
150
58
0
494
901
623
337
74
538
172
0
512
479
683
818
881
649
973
817
0
50
661
169
244
607
845
960
990
299
718
523
730
920
361
130
655
0
744
668
377
283
998
403
938
231
755
615
339
0
228
623
553
544
565
0
553
751
891
616
647
875
315
59
0
625
690
582
675
880
133
828
68
152
580
534
69
277
198
352
0
620
201
0
885
408
874
435
774
143
444
441
0
194
540
878
816
157
811
530
933
928
914
666
132
376
434
441
50
646
903
66
708
312
847
390
0
268
345
803
0
864
871
320
103
347
199
127
911
460
417
0
595
547
528
800
0
639
88
622
203
401
885
578
501
77
0
59
152
335
142
387
294
459
235
570
78
0
222
0
320
0
707
233
835
518
837
172
0
722
730
95
542
693
0
607
0
76
974
560
0
899
835
885
0
317
403
0
221
0
503
887
213
346
805
864
736
524
701
319
225
554
820
131
683
791
897
0
447
849
91
454
911
312
990
523
317
129
152
314
610
440
252
473
441
658
0
886
877
585
258
0
362
224
0
326
905
805
606
530
733
444
640
686
676
0
948
649
680
582
623
477
0
242
371
0
538
563
174
0
281
655
563
457
778
586
0
534
506
420
262
487
427
911
192
0
603
822
973
205
593
262
265
408
317
0
762
0
297
794
530
707
103
758
651
948
651
439
934
0
0
228
687
699
852
373
524
595
858
0
462
0
569
217
551
0
159
266
468
776
332
215
0
290
366
0
0
447
683
465
792
601
0
0
220
512
793
0
617
674
970
0
505
688
733
450
883
0
235
535
950
447
814
874
843
510
0
288
79
413
452
450
342
415
948
527
256
198
368
452
869
988
979
735
765
0
822
472
423
908
944
476
330
874
403
762
0
578
883
317
578
479
946
744
513
616
904
0
963
498
0
305
701
909
512
465
209
980
0
671
968
172
967
389
0
132
579
290
565
241
767
354
0
822
505
0
557
109
586
578
849
367
915
991
711
700
86
0
605
884
430
455
370
664
877
866
393
213
823
369
503
501
692
518
324
489
181
0
966
243
364
537
993
492
119
472
0
166
946
661
829
478
390
0
731
345
554
574
987
99
902
987
0
435
0
0
578
0
114
0
488
594
255
0
780
428
229
324
733
934
688
281
630
389
937
910
136
179
877
96
621
483
900
183
745
993
107
348
139
772
612
180
733
54
914
923
668
471
720
977
405
0
0
591
866
588
809
0
276
0
377
517
575
0
881
664
509
722
804
532
71
596
982
202
0
539
0
770
834
808
698
0
677
785
456
233
439
981
944
0
540
505
680
423
491
764
500
397
902
885
479
956
534
774
221
297
883
114
0
245
87
725
448
736
430
541
967
424
472
334
269
50
130
635
373
295
744
82
454
570
785
223
363
174
81
185
912
0
384
146
0
0
939
92
767
997
938
741
0
597
446
494
899
137
779
216
879
0
397
847
109
115
977
521
986
0
962
395
567
529
384
346
945
853
627
827
363
355
663
635
264
0
148
240
76
823
331
290
992
828
61
893
735
172
225
0
876
802
371
218
929
79
471
143
0
794
317
0
245
0
268
268
93
507
193
620
721
112
0
352
0
184
461
154
344
358
947
0
669
465
458
531
83
433
369
0
51
155
528
942
872
0
233
205
533
0
617
769
345
958
334
423
295
889
169
723
420
818
802
539
214
0
0
0
285
321
339
943
750
414
228
967
547
519
180
578
322
915
493
851
76
0
292
669
995
886
626
280
0
653
203
485
579
517
0
652
496
418
455
655
482
510
763
444
503
530
578
488
87
268
0
425
396
0
394
697
448
478
156
441
877
587
332
98
314
454
914
763
441
880
559
249
449
438
269
77
93
683
628
0
423
364
63
0
966
93
974
195
626
864
636
730
0
158
226
640
68
802
955
158
316
908
0
0
578
104
0
457
929
911
695
0
440
247
510
343
350
629
484
0
324
575
469
55
450
383
542
468
772
957
0
358
603
495
919
584
905
351
170
0
0
799
824
441
887
707
479
594
725
268
425
0
375
604
61
274
496
75
437
911
228
801
748
406
517
946
0
822
166
370
370
810
0
928
962
83
760
801
0
0
0
0
725
884
757
333
325
514
706
828
821
67
127
279
989
0
574
975
184
223
563
215
132
157
113
0
311
897
289
544
697
352
828
257
169
0
990
972
153
774
700
514
417
0
216
347
681
916
551
259
428
204
591
675
904
727
87
597
766
593
750
542
391
0
213
103
946
255
448
93
396
375
0
513
903
523
462
913
674
64
265
945
0
330
332
917
798
584
364
0
603
520
196
148
0
539
101
627
343
509
797
417
855
792
217
379
650
977
962
638
614
368
506
291
0
70
98
818
645
249
728
714
516
858
0
910
524
468
247
580
736
860
0
703
411
459
589
683
533
820
137
929
622
776
202
0
999
947
399
183
961
203
588
669
0
234
0
723
0
309
813
0
313
194
346
758
744
0
736
507
0
604
513
0
537
955
846
694
236
214
655
91
584
376
0
607
264
754
412
650
53
832
690
125
666
0
0
963
766
629
639
849
0
272
792
646
656
102
430
213
203
933
0
974
400
720
147
195
0
439
417
714
185
691
692
93
864
505
0
223
155
513
393
935
710
86
829
896
96
215
840
407
622
390
520
665
577
0
0
288
131
940
347
261
302
911
502
783
572
0
0
442
0
540
805
651
513
780
430
193
394
61
903
537
0
992
515
187
294
0
818
697
585
83
307
0
778
628
0
146
799
196
0
0
354
836
765
0
810
776
0
673
962
247
787
883
690
0
128
954
115
343
752
165
616
0
86
442
654
298
276
994
882
693
0
669
223
654
109
357
65
690
954
292
906
506
0
163
310
195
78
340
921
327
125
994
714
947
945
872
886
764
890
0
664
716
135
0
565
911
235
929
774
878
864
948
616
428
541
620
697
274
523
955
992
0
88
0
254
445
0
0
154
0
140
690
0
677
122
384
0
564
954
561
60
502
711
870
0
951
545
783
932
898
180
355
567
338
243
590
827
63
524
299
832
636
0
348
782
994
746
0
861
786
467
483
529
414
304
0
0
405
278
0
0
976
0
0
527
128
673
0
0
360
71
80
521
0
0
0
496
860
442
757
101
767
0
874
881
0
89
153
927
816
736
651
904
229
967
721
448
496
462
846
515
88
0
392
157
796
373
963
278
782
515
107
315
364
0
437
470
735
283
480
852
0
323
497
755
907
984
449
486
856
376
642
425
360
617
294
357
352
601
480
603
756
266
0
863
0
862
466
0
708
243
0
983
729
961
645
0
338
266
176
375
875
278
875
169
881
185
0
0
150
0
367
0
0
874
0
460
261
0
0
220
966
0
444
643
357
258
763
745
157
524
439
0
324
424
112
478
75
913
694
187
0
392
0
79
838
269
733
0
617
890
955
726
830
0
90
790
971
781
384
395
681
890
509
60
489
581
0
363
997
343
938
747
791
644
313
578
521
261
0
175
341
392
211
0
227
236
467
0
699
967
610
855
480
899
0
124
606
0
606
766
912
108
690
0
469
0
110
817
885
213
951
801
403
0
801
614
446
795
0
225
389
827
737
838
995
0
423
0
811
701
934
963
733
472
0
156
437
674
236
294
254
157
79
0
948
55
666
0
487
0
887
0
850
251
192
415
177
145
0
433
696
389
153
309
136
127
0
0
101
50
990
913
348
283
0
365
188
845
985
182
956
745
267
765
251
194
0
301
566
321
262
74
914
878
0
603
803
750
108
496
543
514
501
692
249
873
171
427
396
371
0
451
408
0
387
829
526
393
60
0
813
118
537
606
668
531
827
205
530
319
0
498
934
334
352
441
911
64
214
0
445
796
838
948
0
246
52
247
154
409
262
449
994
981
831
363
483
219
332
231
195
968
0
381
901
521
372
394
554
0
206
908
677
0
283
338
0
963
342
922
833
300
912
688
449
371
342
84
775
893
918
320
768
0
194
730
114
293
437
474
556
364
604
663
185
269
69
409
652
0
100
663
313
117
800
81
222
132
518
992
651
0
881
769
998
75
147
542
933
225
0
0
688
269
0
877
228
265
655
818
0
373
269
55
246
0
533
334
798
872
375
266
414
114
125
0
126
780
392
931
209
212
605
479
787
163
850
374
725
0
953
838
209
832
472
549
0
448
893
758
247
318
877
286
260
992
229
133
812
678
0
494
900
938
671
148
382
420
335
905
563
869
946
495
904
631
790
53
154
0
523
0
232
238
201
514
722
795
592
916
200
0
192
371
95
0
153
150
928
554
228
305
281
50
184
587
801
945
91
697
0
963
733
666
52
533
0
590
413
609
0
62
757
359
127
0
431
138
677
504
284
499
565
987
214
176
427
80
985
108
898
0
914
373
227
606
639
0
332
0
945
354
0
583
420
0
512
614
0
728
257
231
429
796
106
951
442
834
453
671
391
113
575
0
845
442
861
144
85
104
993
788
355
692
467
612
477
489
841
366
0
0
717
752
116
780
280
58
914
820
687
701
630
130
461
332
748
0
584
585
154
278
0
0
247
334
590
0
931
0
76
586
0
982
91
0
211
834
459
0
339
0
535
165
382
763
0
693
590
889
0
871
581
481
152
600
506
647
0
234
755
511
978
792
175
374
0
928
497
621
678
463
382
435
957
824
286
975
714
0
812
952
277
0
919
688
790
865
0
648
261
824
922
800
392
394
480
923
812
883
129
894
720
71
278
933
300
0
666
131
699
909
389
635
154
98
406
330
376
83
0
782
617
487
154
798
413
931
0
554
337
885
0
189
311
0
879
628
707
764
433
303
147
0
643
367
0
700
0
250
823
789
468
0
400
737
339
370
0
911
432
77
147
368
481
650
975
654
0
709
761
924
622
974
0
353
0
353
714
140
118
296
670
651
989
655
985
0
732
474
558
612
0
377
801
831
412
728
734
607
223
351
995
135
933
736
0
494
132
683
852
512
937
373
344
314
517
332
0
307
140
515
890
0
409
872
609
0
554
0
698
0
831
363
533
935
887
502
739
448
268
816
306
138
690
598
105
0
907
264
771
415
724
124
665
0
582
132
929
771
605
0
817
762
139
886
0
56
309
246
597
0
141
224
715
492
863
461
917
524
598
833
593
581
434
675
0
768
726
924
766
502
422
179
925
0
207
282
327
306
566
695
99
651
262
639
832
901
376
791
373
465
910
295
358
454
946
917
607
0
690
107
955
887
262
375
0
76
337
698
0
713
0
128
859
94
761
525
0
875
970
673
188
0
738
348
941
204
409
783
185
570
272
660
85
726
840
174
930
665
527
77
214
883
161
384
403
173
985
964
377
610
650
214
0
138
0
356
705
400
405
547
376
173
772
808
176
858
684
240
0
853
524
88
588
430
609
0
529
0
165
700
251
424
372
917
398
623
434
897
524
209
136
744
947
914
0
798
264
778
0
315
726
0
449
266
62
586
885
0
713
0
136
503
408
680
265
874
912
556
702
362
715
323
601
726
158
407
709
616
329
757
780
536
821
642
903
979
641
981
858
134
898
101
965
728
249
855
0
611
729
0
711
986
0
978
845
382
583
617
368
816
191
184
0
542
868
383
583
164
348
825
297
237
536
599
0
74
540
926
661
158
730
696
107
231
291
337
441
0
595
980
179
82
0
763
822
584
754
628
677
364
830
850
994
414
757
0
0
831
0
136
0
815
0
747
639
843
451
831
72
438
168
916
0
93
388
664
582
141
102
204
0
0
958
0
442
0
0
208
0
740
329
914
983
940
957
99
404
563
652
223
313
210
180
435
987
110
105
664
300
684
786
882
666
0
562
762
181
564
931
644
749
150
92
361
0
0
710
0
77
735
0
0
0
537
405
74
50
447
858
0
877
454
669
441
166
364
412
0
122
0
0
251
981
114
359
982
189
363
128
503
815
0
905
295
728
273
0
346
676
331
727
0
0
718
241
642
0
106
366
948
762
510
70
639
0
381
693
620
353
715
124
0
820
0
0
516
287
942
650
585
775
459
273
494
560
840
889
166
0
577
490
0
663
797
188
758
538
545
0
908
602
419
0
91
0
964
178
881
639
484
0
895
0
296
407
538
646
849
0
671
96
570
465
880
370
0
650
146
384
437
90
192
831
125
127
91
311
533
859
408
0
905
0
359
486
649
292
918
0
0
0
567
410
999
110
727
878
669
295
567
756
782
226
583
0
838
647
979
515
659
463
315
654
668
455
368
706
701
346
466
453
0
192
86
110
101
582
574
589
918
445
776
505
330
862
887
471
0
125
0
284
513
445
811
683
527
952
743
0
980
326
240
218
523
884
172
903
91
462
968
621
785
458
559
370
603
53
799
0
470
790
415
363
0
0
0
0
935
94
680
747
295
359
0
284
581
648
125
464
270
910
435
230
768
453
0
620
873
326
926
491
284
890
607
869
472
713
615
392
589
531
592
304
157
278
885
222
911
0
873
109
915
353
854
361
956
482
565
422
0
0
224
635
869
0
888
496
126
770
101
592
77
798
132
678
462
132
900
166
151
182
785
542
153
904
0
66
454
0
172
483
223
531
249
810
520
832
196
564
735
971
177
483
126
431
211
879
887
761
265
639
728
486
284
0
114
393
0
130
752
214
826
470
363
585
937
549
356
114
623
598
59
89
269
752
160
561
777
159
357
103
851
128
630
963
232
606
475
60
819
827
325
265
887
56
145
972
71
558
956
786
409
408
432
481
614
206
733
0
746
625
604
176
0
263
854
851
393
596
440
324
748
452
469
516
512
708
911
569
967
900
363
83
449
0
196
690
0
954
283
781
145
219
780
138
834
628
502
525
874
843
273
649
581
114
0
85
964
422
142
439
573
596
809
0
108
76
549
686
376
226
90
95
661
459
987
842
0
212
846
127
593
582
110
840
0
157
0
370
374
149
99
708
193
425
582
650
778
931
766
314
0
716
402
362
0
438
0
313
378
238
446
448
0
453
0
466
905
836
945
637
814
0
93
744
479
312
312
217
389
183
174
433
438
928
148
125
0
561
480
384
0
332
392
677
459
707
739
0
912
451
0
292
648
393
85
0
878
253
86
262
978
74
921
172
0
267
928
0
427
995
0
183
73
143
620
438
935
58
316
130
976
457
786
414
282
701
109
664
992
752
0
866
710
960
944
983
795
953
86
422
0
843
676
701
449
506
928
532
0
72
381
0
974
228
908
713
498
0
782
751
693
340
841
0
683
847
990
551
0
745
81
369
269
962
0
666
354
60
852
395
433
231
931
504
0
764
448
875
556
831
346
918
125
0
964
878
0
415
950
88
520
163
793
725
0
0
512
521
525
367
0
383
920
927
586
936
866
773
199
779
640
812
210
85
458
656
822
800
627
197
370
152
902
895
934
738
0
624
342
186
382
182
469
609
120
653
460
739
528
477
112
245
670
663
651
187
601
133
61
416
612
0
141
72
818
390
523
0
132
993
185
0
77
83
539
0
836
502
0
681
696
195
209
284
339
433
268
970
702
72
676
0
464
130
422
253
415
0
218
0
0
344
203
915
923
319
629
678
214
174
445
379
0
951
713
861
879
765
794
861
699
699
812
342
900
588
352
411
0
242
834
200
460
0
953
0
279
253
892
745
749
158
159
561
995
851
0
589
377
467
592
621
871
292
0
594
96
0
971
302
515
353
418
362
881
0
317
159
579
107
912
51
93
760
101
0
765
711
323
890
389
968
212
499
0
303
816
673
362
438
331
0
270
752
142
86
950
218
0
754
999
102
893
503
952
691
542
0
304
0
0
0
0
725
871
752
998
543
946
736
0
62
653
784
220
176
181
0
239
826
892
678
759
478
896
577
808
547
166
114
205
860
665
866
461
614
949
374
91
252
525
540
647
0
440
469
979
0
362
885
154
832
280
989
649
268
129
266
290
348
0
155
683
801
627
963
0
870
497
509
153
0
605
565
535
147
306
188
715
168
727
0
910
214
439
262
88
0
754
0
76
305
0
0
585
323
634
310
601
615
772
295
614
404
657
957
511
0
760
0
896
318
438
223
574
891
736
255
988
0
938
398
0
132
888
281
398
0
476
0
396
262
0
712
464
74
521
707
496
815
0
343
236
84
599
0
245
0
959
644
667
671
705
643
973
345
152
468
565
139
384
528
628
0
343
766
810
0
755
60
309
381
479
987
165
0
138
0
323
916
0
567
435
826
573
978
520
0
999
76
0
574
134
880
821
505
852
939
0
998
0
201
599
747
212
802
693
804
279
196
596
396
407
265
727
776
648
0
771
601
553
298
808
933
100
207
507
350
183
558
640
624
242
902
367
0
504
0
795
945
789
140
916
970
395
132
893
575
509
0
226
959
771
976
817
803
314
776
241
772
146
942
0
0
509
629
776
951
907
489
136
901
787
214
382
643
690
738
601
0
0
410
230
470
596
74
163
344
102
305
574
0
766
713
378
510
482
679
514
803
153
939
718
120
946
118
222
968
275
901
978
207
849
639
620
463
0
865
548
652
332
735
235
523
0
721
301
107
80
204
559
318
856
198
257
971
556
112
855
244
471
361
998
225
161
433
0
958
642
185
601
628
486
741
0
0
610
332
767
612
0
872
423
0
797
639
0
545
984
581
127
521
163
176
763
367
598
348
726
93
718
999
768
363
809
921
793
203
893
0
134
766
0
384
0
433
62
216
740
831
586
0
621
130
472
0
936
702
764
643
209
988
771
0
854
353
345
262
314
257
888
361
992
194
0
62
328
838
199
556
870
754
262
905
0
99
76
208
739
795
540
714
917
0
852
618
688
313
556
134
511
132
563
497
50
864
440
215
354
180
0
0
364
0
417
849
673
783
449
0
0
372
850
427
0
0
105
941
158
388
241
110
453
585
0
172
725
915
503
0
880
713
384
0
300
902
297
804
549
878
732
0
183
97
844
263
914
0
176
392
473
980
381
184
266
650
180
0
862
753
0
737
203
881
557
837
967
654
832
633
949
347
818
509
665
226
395
192
158
856
341
780
901
248
174
0
225
959
665
792
916
718
309
499
661
871
252
0
0
733
939
233
63
725
855
0
962
932
486
363
0
394
374
80
693
700
0
204
407
664
642
727
0
937
108
0
0
923
952
585
821
378
0
300
0
259
248
151
375
886
71
676
134
0
156
641
284
949
0
420
354
574
67
955
360
475
180
129
298
384
649
323
0
808
908
549
694
0
185
920
270
741
811
585
731
218
0
0
0
845
332
551
650
0
560
337
539
133
0
57
205
295
347
0
169
320
473
290
822
54
92
205
0
884
792
272
247
898
856
997
101
554
725
985
590
0
907
409
709
582
0
878
620
549
76
267
0
319
691
323
505
510
433
902
259
0
654
0
693
0
365
582
731
75
188
215
100
0
705
54
919
0
441
0
219
912
336
435
153
836
144
68
442
191
570
357
934
769
394
717
0
0
830
320
711
580
456
783
914
72
745
689
0
296
436
188
278
151
928
773
59
0
225
217
244
103
441
366
505
914
767
533
966
757
217
792
787
180
376
343
50
0
0
108
889
250
264
783
616
141
106
669
873
356
549
928
512
629
542
634
852
482
62
297
248
654
0
590
958
93
489
227
593
195
300
404
71
0
102
250
415
826
205
0
591
55
256
500
678
973
318
396
551
641
0
0
523
217
348
168
327
665
357
0
262
548
822
563
107
726
320
463
433
84
886
914
655
765
338
337
876
305
0
932
607
347
658
0
0
923
997
0
93
333
379
646
883
355
642
938
990
206
953
898
0
823
771
185
329
102
366
295
326
114
686
0
521
678
0
310
939
679
216
804
151
0
590
0
987
865
77
216
0
0
648
247
0
666
54
479
404
717
611
317
229
51
987
811
221
153
689
0
819
215
603
0
404
503
786
0
837
741
447
995
638
637
0
494
572
184
912
835
705
378
759
239
583
524
0
161
869
493
214
488
845
199
0
0
557
668
938
617
974
325
650
656
690
567
425
747
913
908
838
0
871
789
415
570
757
204
948
567
926
623
376
427
525
214
304
601
0
514
740
549
375
693
958
987
0
335
149
126
894
291
340
569
735
252
0
0
192
0
757
370
560
143
429
226
305
0
308
150
60
148
550
623
438
378
839
892
376
585
0
207
66
960
411
605
224
914
120
76
206
630
194
753
678
191
324
886
988
127
680
379
960
127
886
447
109
471
741
769
195
514
977
102
0
338
360
791
348
677
209
914
581
468
724
272
780
0
762
756
491
598
226
995
367
174
0
615
998
803
831
878
886
0
93
865
335
0
383
517
970
142
812
624
792
814
856
505
0
0
831
143
898
526
158
917
0
758
0
775
259
0
148
170
0
526
782
966
692
0
830
737
460
55
803
406
196
798
560
399
858
74
51
962
90
816
331
0
407
0
612
62
990
911
877
683
586
720
0
345
626
706
962
430
128
243
617
644
283
0
832
373
481
0
124
660
536
0
510
782
284
59
90
0
0
445
0
772
0
153
586
732
71
365
489
77
149
383
0
270
674
619
0
972
0
832
122
246
242
594
96
0
486
783
291
262
477
95
491
396
209
921
0
155
535
991
417
438
733
0
771
645
682
994
350
588
114
103
765
488
394
0
859
821
999
879
213
890
385
536
409
671
299
460
585
465
578
977
597
958
864
828
638
213
954
590
294
313
0
283
472
227
152
400
665
85
821
958
70
226
890
89
95
183
383
379
0
295
201
939
0
0
676
582
227
216
126
517
270
0
609
904
916
998
461
175
690
873
748
860
0
52
903
287
677
119
0
343
56
719
243
417
0
0
615
633
585
654
593
0
664
755
660
0
874
414
0
100
705
146
804
154
662
158
499
695
0
587
222
199
637
115
718
417
258
792
849
405
446
334
636
821
614
203
115
827
357
578
365
338
549
606
600
737
0
726
642
0
639
583
607
269
661
73
920
0
0
614
599
718
621
183
134
731
593
0
894
970
674
609
0
575
421
669
747
494
90
276
572
151
499
134
0
812
71
520
642
0
180
104
337
996
152
0
448
633
451
674
206
0
499
906
576
406
0
0
540
834
57
62
76
390
445
381
899
109
369
389
952
846
630
634
523
0
0
601
367
0
494
423
730
67
368
933
343
63
352
521
188
0
0
639
506
339
582
840
903
442
0
0
869
752
459
143
927
951
725
404
747
120
130
97
0
75
195
0
291
142
619
904
575
0
531
159
779
836
886
419
557
599
469
661
605
377
542
397
445
100
349
866
340
85
546
896
487
785
106
564
0
867
0
0
176
945
974
0
933
737
813
79
279
682
0
736
444
788
193
256
0
679
620
797
730
595
362
0
915
0
899
295
0
127
506
0
752
524
601
261
845
963
448
0
647
370
132
174
979
0
381
838
472
160
987
620
586
713
871
657
212
946
472
844
156
188
300
648
340
812
0
916
421
531
0
500
232
619
697
108
895
322
275
766
144
640
803
930
709
335
798
510
171
491
539
519
153
765
90
815
724
244
538
0
344
378
655
0
531
606
201
143
654
665
671
887
525
537
389
659
741
114
466
102
920
547
224
0
991
591
137
889
158
279
291
974
165
299
480
0
985
342
893
332
0
0
929
930
641
0
693
647
713
561
842
438
936
861
752
957
802
118
0
263
641
215
404
247
569
624
972
998
669
159
500
0
149
682
93
0
132
149
757
428
500
83
908
991
379
303
111
954
306
724
408
631
658
0
407
733
683
599
435
0
511
899
721
180
251
782
919
456
874
294
175
734
699
727
689
650
594
674
942
326
361
528
0
220
711
866
779
169
226
989
0
400
616
832
603
175
182
922
758
0
234
911
771
665
981
208
620
979
615
777
0
935
866
879
998
511
693
222
936
914
284
100
71
0
735
792
0
461
747
779
232
149
0
335
553
466
545
376
781
867
107
139
566
737
650
428
908
487
708
591
300
689
132
0
721
980
362
741
230
707
452
194
953
507
948
675
57
973
0
862
360
341
699
767
960
456
134
180
145
623
130
800
326
512
700
588
216
723
640
0
70
720
0
636
756
341
956
833
247
945
755
432
605
527
858
0
353
515
392
159
212
58
773
765
543
0
804
968
702
0
949
0
0
666
252
814
832
175
494
836
619
682
335
0
774
820
197
112
961
0
252
0
562
239
713
230
834
642
298
76
117
913
304
810
502
264
404
479
711
928
514
424
324
352
554
159
0
532
743
267
215
0
692
830
769
320
636
565
274
589
655
0
905
793
86
809
879
420
68
574
98
147
86
0
266
392
745
300
318
354
511
77
0
77
134
740
715
659
589
357
846
316
199
794
946
760
279
275
764
176
0
705
102
54
0
856
122
690
90
886
697
93
553
774
0
645
816
337
213
64
596
732
88
143
906
565
0
0
465
287
0
0
263
585
122
815
795
829
444
250
365
594
392
302
313
508
245
652
590
0
668
387
592
913
159
232
223
948
388
239
0
639
805
0
0
0
0
818
802
975
818
195
442
348
0
211
267
912
877
0
978
147
817
214
898
329
124
463
531
103
127
130
779
861
736
0
196
901
643
392
420
54
250
479
0
505
246
873
276
419
108
0
466
820
645
0
460
214
183
481
259
0
288
586
934
487
994
82
0
450
0
263
923
491
152
993
170
246
353
0
822
308
186
656
973
52
790
664
490
529
331
787
861
0
404
0
795
518
640
702
744
88
606
617
605
276
397
802
955
184
645
0
654
782
863
0
765
688
286
583
792
368
762
883
101
914
0
315
592
851
593
976
640
699
0
896
596
978
209
473
354
919
415
404
192
0
242
748
572
557
895
132
545
197
816
460
0
954
0
355
70
474
874
0
159
655
0
557
208
866
176
255
607
0
0
0
830
73
237
617
0
184
259
823
248
976
921
759
651
987
416
514
552
827
450
522
661
538
224
0
668
622
530
674
884
0
847
539
158
223
249
439
298
994
0
227
251
449
260
420
175
481
139
161
965
983
820
654
304
128
582
457
812
699
62
318
396
207
988
980
574
0
826
717
0
0
594
860
151
599
322
149
376
112
337
214
954
0
327
330
103
704
661
941
820
668
460
138
615
0
194
851
290
0
106
491
309
414
0
121
135
979
466
0
523
980
190
283
156
0
962
892
170
917
275
248
953
66
360
637
377
203
733
970
430
377
109
214
316
563
728
417
276
746
862
236
194
371
992
0
374
650
886
384
728
940
0
668
157
630
110
786
210
812
653
438
407
849
771
381
67
441
205
611
757
831
96
0
499
469
275
757
781
961
213
183
0
327
0
566
149
93
733
392
160
93
382
785
0
141
82
716
80
641
793
419
276
461
0
83
651
701
644
0
0
904
725
0
978
651
808
893
639
0
0
525
253
778
0
0
283
401
444
0
455
517
115
0
908
215
714
714
994
0
466
467
0
342
229
512
0
975
0
403
249
957
0
455
278
963
840
414
85
342
784
223
265
639
0
184
955
0
0
317
370
143
0
52
134
661
766
428
867
0
64
481
355
330
566
0
585
970
408
758
282
551
782
350
738
869
403
797
445
590
62
584
397
0
993
478
801
0
0
411
934
291
474
612
654
244
297
559
336
931
551
956
0
0
922
907
998
885
640
505
370
575
977
0
0
132
516
185
882
861
0
0
301
84
133
614
928
654
56
173
855
99
516
368
885
232
0
282
458
900
220
574
727
620
854
266
360
219
591
229
560
898
486
903
0
605
144
500
107
252
596
259
70
103
149
585
0
557
510
873
325
201
0
873
0
512
135
0
857
413
0
812
579
0
189
0
713
0
560
213
323
348
992
523
529
468
0
921
640
0
374
535
457
796
909
590
403
578
686
688
664
0
521
0
0
157
858
691
693
786
708
699
566
775
812
0
497
0
309
985
0
404
287
706
222
606
157
701
656
588
176
891
776
463
353
650
475
912
55
51
143
526
783
287
812
377
640
83
139
0
732
0
474
704
93
970
557
0
555
405
467
454
977
991
983
491
160
121
715
0
444
236
948
668
136
0
198
999
363
0
683
182
252
395
240
0
638
898
131
0
164
708
0
936
0
876
938
501
676
733
877
881
986
285
578
113
0
692
0
467
243
967
321
893
678
728
621
709
246
964
611
563
942
701
911
475
0
109
822
352
181
736
648
0
345
180
180
336
256
987
429
158
291
677
71
542
803
908
566
562
88
288
874
661
733
408
510
555
0
401
901
210
542
0
579
993
152
945
328
567
803
195
0
569
475
658
749
633
417
785
851
226
83
186
309
87
347
0
616
472
971
241
441
713
691
570
231
77
0
450
866
664
0
321
104
0
910
93
669
483
0
610
262
918
0
257
678
761
597
377
729
652
650
346
0
60
370
664
800
411
0
255
0
865
262
0
129
435
500
811
226
917
262
119
520
397
930
991
737
239
143
586
0
941
392
758
873
405
401
0
370
842
521
841
59
963
128
576
534
444
0
879
0
324
515
548
145
989
326
404
373
165
692
834
539
562
0
460
922
501
305
0
88
477
311
0
755
0
948
883
393
509
962
339
0
311
524
864
223
529
983
855
74
320
494
231
463
924
0
610
0
223
585
466
873
819
374
992
627
0
239
988
771
548
314
862
298
153
678
221
305
0
477
0
642
445
709
379
650
713
906
934
159
820
160
282
325
467
901
370
0
318
112
62
472
523
364
0
390
667
417
0
0
569
438
102
686
370
635
0
667
200
334
0
357
275
630
203
784
0
411
628
702
0
901
384
615
59
649
0
213
722
395
943
457
897
468
505
654
414
729
480
914
768
900
429
382
622
141
650
711
313
775
453
109
827
149
752
197
242
826
0
601
652
257
753
384
836
973
153
0
758
95
343
0
100
335
303
428
230
565
487
655
668
93
551
201
454
210
842
318
0
360
323
983
660
757
634
372
79
348
324
154
210
0
248
326
662
61
299
280
172
115
308
363
143
0
808
508
774
692
686
281
564
230
539
339
152
680
235
823
804
567
750
929
289
247
0
109
304
961
899
878
0
938
796
435
974
224
214
986
210
459
0
915
325
99
0
370
834
892
938
553
332
888
0
649
144
318
689
308
0
491
56
180
349
798
111
908
834
0
994
0
460
382
782
0
977
542
521
112
360
0
297
576
776
0
0
207
483
364
549
611
490
946
763
714
661
52
412
691
300
339
496
0
501
123
854
635
0
0
903
451
688
896
726
0
335
582
535
369
532
529
414
911
544
580
223
357
0
645
0
0
194
671
106
957
0
715
0
0
180
273
192
353
265
708
866
152
200
678
398
298
735
361
737
323
68
396
0
150
775
396
719
104
866
510
954
487
642
0
82
557
138
785
350
873
991
0
841
62
323
297
0
182
434
0
354
477
0
923
77
114
998
0
682
0
863
901
812
889
135
132
149
825
577
181
173
114
410
861
0
357
0
526
254
228
142
623
950
503
71
384
228
695
697
736
155
65
0
0
124
603
730
148
951
824
353
492
138
978
435
494
86
854
887
193
710
902
460
759
0
808
235
992
203
0
442
551
819
60
259
209
243
337
340
171
306
708
298
465
0
208
615
0
738
0
983
579
59
472
983
576
182
0
835
790
225
0
0
227
223
476
987
0
135
843
161
974
310
234
259
0
184
73
306
377
351
0
638
151
620
533
142
782
121
623
387
477
447
501
596
346
967
0
352
860
513
690
405
338
606
803
114
382
442
286
0
863
0
845
987
560
110
361
56
425
960
895
0
478
132
933
523
194
881
808
191
641
215
148
0
921
417
996
85
491
724
591
76
287
450
866
0
141
869
512
491
993
963
523
660
776
434
835
0
946
597
55
533
611
898
226
336
956
640
515
750
216
0
637
543
991
740
492
371
0
0
573
263
274
564
155
693
401
244
553
294
0
814
692
982
945
547
440
828
0
393
954
278
266
0
750
293
420
834
975
353
461
356
382
110
840
101
956
145
582
944
934
953
896
888
100
0
0
557
908
570
0
603
550
148
0
0
152
546
539
408
300
117
0
0
176
194
82
403
135
160
152
128
364
757
0
0
790
946
0
567
175
386
59
752
417
260
291
337
83
305
810
729
733
727
0
581
744
811
0
0
83
437
0
776
243
0
210
786
544
459
242
874
518
202
853
519
247
257
703
935
292
0
176
606
108
437
335
453
714
714
917
705
583
105
889
582
482
972
650
983
738
0
577
281
207
721
62
837
549
357
0
0
623
170
155
0
0
896
519
631
689
913
0
263
255
851
716
797
0
121
945
576
0
634
0
354
225
597
567
0
683
200
459
622
797
158
994
971
440
0
620
937
440
798
140
272
980
556
333
460
603
0
539
297
721
408
586
79
565
235
371
843
324
0
627
180
510
169
411
710
906
0
375
766
496
474
905
671
0
140
524
400
617
664
166
574
565
71
778
795
0
279
808
398
507
301
328
967
694
934
523
404
438
0
535
615
448
487
153
658
132
304
263
923
607
290
80
445
857
715
328
534
390
372
207
477
0
55
175
683
0
926
376
206
0
716
532
532
105
942
306
698
443
857
0
876
730
765
796
695
716
61
147
644
461
888
163
458
0
570
0
510
489
539
827
578
343
0
459
86
506
976
875
912
543
556
563
391
812
118
598
405
368
300
0
589
422
558
931
953
624
253
547
0
350
107
838
654
0
769
217
503
378
526
991
633
633
785
765
0
0
810
585
491
0
0
641
590
413
0
567
444
667
79
483
0
0
533
386
200
926
0
293
772
741
119
514
634
353
389
764
843
892
436
87
800
223
388
0
0
590
656
141
865
988
385
811
423
553
78
538
0
181
0
363
322
350
990
589
829
0
0
278
108
514
364
869
113
952
296
833
547
816
684
577
918
0
956
766
86
342
892
166
476
183
80
199
832
185
394
348
786
839
782
417
585
451
106
90
407
721
502
122
152
0
106
793
62
0
444
803
0
417
348
364
923
227
611
59
459
376
293
0
606
992
785
987
930
0
748
157
978
590
849
641
725
411
114
0
246
0
162
560
368
954
153
718
225
751
0
563
288
0
770
355
915
629
972
683
896
163
0
875
690
501
604
946
575
277
670
593
376
191
786
490
445
0
786
314
422
186
745
114
0
558
204
556
633
920
717
168
0
892
966
438
654
674
564
815
733
980
264
815
993
0
491
419
584
812
236
195
879
0
324
549
77
223
898
752
622
206
772
606
0
337
785
133
95
645
153
856
126
763
744
84
490
770
467
680
0
0
233
188
383
0
0
977
0
891
222
174
79
966
834
663
493
484
153
533
96
310
527
169
0
692
663
495
0
0
651
581
173
184
882
0
776
224
409
0
0
382
749
205
396
640
559
870
949
270
0
327
837
376
692
733
593
206
0
724
683
362
404
795
170
830
309
276
397
579
948
0
0
0
154
611
114
476
226
417
797
0
741
992
337
0
94
345
699
963
851
456
52
836
985
327
285
851
889
453
393
842
574
939
906
51
485
0
0
616
0
0
413
243
808
635
851
0
774
820
215
195
128
881
469
249
185
904
845
919
989
434
772
0
666
663
505
635
408
716
843
182
158
860
262
624
318
754
347
741
0
665
741
585
0
0
0
0
867
244
599
741
479
829
246
73
414
461
0
0
668
569
324
569
210
490
998
987
336
260
158
716
119
785
785
94
0
878
549
0
686
463
0
216
892
0
473
72
0
907
451
434
0
425
225
806
779
247
277
647
320
281
452
364
698
264
76
324
700
137
840
78
673
185
0
873
269
631
442
688
655
675
808
542
0
797
330
869
432
402
676
469
159
665
0
242
856
262
818
811
830
357
447
0
830
771
664
499
0
538
435
230
711
444
353
237
0
0
993
189
136
475
515
438
0
946
0
0
956
291
994
532
514
987
133
345
878
0
491
669
0
0
506
569
814
560
0
534
572
833
481
289
0
0
0
319
360
910
927
875
0
655
450
537
0
0
0
575
514
929
407
340
0
0
110
171
69
790
861
790
985
0
176
868
562
188
862
0
481
362
701
609
561
866
712
902
198
905
509
585
320
0
995
207
737
645
755
906
0
0
0
707
928
250
0
617
121
83
478
0
0
658
548
102
248
763
682
135
640
337
971
532
634
930
95
699
549
491
0
598
208
583
181
766
0
654
826
182
241
988
273
0
927
649
755
0
547
0
748
315
707
563
342
993
677
148
292
469
417
622
622
921
0
0
817
427
409
53
144
865
0
768
858
383
762
758
887
888
614
0
449
120
995
461
464
367
257
0
665
731
711
262
638
66
460
682
660
576
176
344
511
452
514
365
822
0
135
651
801
713
198
749
145
686
326
714
0
843
515
83
440
105
353
0
645
963
0
669
598
0
650
745
306
704
280
127
0
237
595
665
676
456
103
532
0
822
306
786
0
59
233
457
415
492
785
240
669
55
0
776
390
327
360
150
885
396
652
154
85
0
732
726
684
583
181
538
471
496
206
438
506
653
851
614
74
0
971
99
226
218
580
548
637
960
55
994
0
406
945
378
899
194
424
594
308
184
979
701
0
0
999
633
989
370
662
661
863
161
750
305
0
942
389
748
153
851
686
0
208
650
0
127
184
548
0
175
837
786
513
0
670
550
563
140
697
713
496
0
0
0
835
778
948
119
456
76
995
450
216
202
520
125
71
0
213
371
0
0
104
648
474
924
240
164
564
545
0
126
733
0
928
460
0
949
521
504
556
76
395
0
456
822
0
411
803
350
874
0
974
655
721
953
324
392
186
259
466
644
0
560
363
417
326
635
61
52
901
974
216
810
620
306
764
157
856
456
463
0
583
745
127
0
120
651
239
198
625
114
0
104
674
360
127
393
487
556
276
125
890
625
518
586
527
472
233
823
886
383
347
0
665
994
80
367
951
0
100
523
993
261
558
766
0
348
931
0
125
770
0
313
532
739
589
374
707
0
112
208
192
0
783
563
494
605
406
588
414
0
0
0
180
507
352
302
656
823
0
0
411
213
0
785
404
0
299
412
812
310
0
729
937
698
843
978
126
52
0
506
181
306
184
120
0
802
255
269
0
302
627
207
229
626
202
777
125
455
0
230
939
690
837
0
256
0
439
331
626
542
681
999
577
714
521
0
801
451
663
0
788
824
612
502
853
825
644
908
0
101
746
378
0
528
377
91
496
795
855
739
158
0
914
107
572
224
196
114
0
540
933
531
251
948
554
313
973
248
523
0
934
323
683
851
373
667
280
691
889
234
637
733
440
443
892
590
763
836
216
569
766
704
548
651
802
0
855
824
874
0
0
813
483
874
0
187
0
483
150
109
0
582
172
534
198
166
981
290
280
468
916
947
0
947
0
0
403
408
313
232
355
922
0
422
524
297
749
602
284
592
625
238
72
477
467
252
815
945
244
795
856
845
72
726
184
914
798
103
100
834
737
606
782
675
159
508
52
976
980
904
291
348
182
226
165
200
172
300
135
259
543
727
798
857
436
849
744
985
892
814
0
280
0
239
255
855
0
