0
0
0
325
0
0
0
857
200
0
606
0
389
0
735
0
208
0
0
0
0
779
0
0
0
0
563
0
0
0
0
0
0
0
0
505
537
0
0
0
0
998
0
852
0
0
0
0
145
954
0
0
0
179
95
0
0
54
0
0
0
0
477
0
0
0
0
0
0
548
0
0
757
356
0
0
893
0
0
695
752
0
924
0
0
0
601
0
0
0
0
0
725
103
0
0
114
0
0
0
0
0
0
0
0
973
0
0
0
0
0
0
0
0
0
330
0
0
0
0
0
621
0
0
0
0
0
0
0
0
0
0
0
0
0
0
0
0
0
462
0
0
0
0
0
0
0
0
0
0
974
0
0
0
0
0
0
0
471
826
0
0
579
562
0
0
0
0
302
0
0
0
0
0
511
0
0
0
988
0
113
0
0
221
0
242
0
0
0
0
0
674
0
569
0
0
475
0
0
0
0
0
0
0
305
0
0
0
0
864
0
0
0
0
0
0
0
0
577
0
0
0
0
0
0
0
0
0
0
0
0
0
0
0
0
0
0
0
0
0
262
0
0
0
0
0
0
0
0
0
0
0
323
0
0
0
17
0
0
0
789
0
0
881
973
0
0
0
0
0
0
0
254
0
0
0
0
0
0
872
0
0
0
0
0
0
0
0
387
0
0
0
0
0
0
0
0
506
0
0
325
0
0
0
0
0
0
981
0
0
0
0
659
258
0
0
685
0
187
0
0
0
0
691
0
0
0
0
22
914
0
0
0
0
0
261
0
856
0
0
989
0
0
98
0
0
0
0
0
216
0
0
413
0
513
0
0
0
0
0
0
0
0
88
639
0
141
0
0
0
0
0
0
267
0
0
704
0
0
0
0
0
541
0
0
0
0
201
0
0
0
0
871
381
0
0
0
0
0
0
0
0
305
0
0
0
234
0
0
0
310
0
0
0
0
0
0
0
0
0
0
0
0
0
0
0
0
0
0
0
151
0
764
0
0
0
0
0
0
0
0
98
0
0
0
54
0
0
606
0
0
0
0
0
0
0
0
583
0
0
0
0
0
0
0
0
0
0
0
921
0
0
99
207
0
0
0
0
0
856
0
0
0
0
0
0
920
0
0
0
263
0
750
0
0
0
0
741
0
0
0
973
0
0
0
0
0
17
0
0
0
820
0
0
0
0
0
0
477
0
0
0
0
0
522
0
0
0
0
0
0
0
0
0
0
0
0
0
202
0
0
0
0
570
0
0
0
0
680
547
0
0
33
0
0
477
712
0
0
0
0
0
608
0
0
0
0
0
0
118
0
0
465
0
776
0
0
0
0
472
0
0
0
406
0
0
0
0
0
0
0
0
0
848
0
836
0
0
113
622
0
0
0
0
234
0
0
0
0
963
951
0
0
0
0
0
0
654
0
0
0
0
0
0
0
0
0
0
564
3
204
285
0
0
0
0
151
0
0
0
612
0
0
0
113
0
139
0
0
0
422
0
0
0
0
0
0
0
0
0
0
235
0
0
0
0
541
0
705
0
868
0
0
528
0
0
0
0
0
0
0
0
0
0
592
0
639
0
0
0
0
0
0
0
0
63
0
0
818
192
857
0
0
981
0
17
0
0
0
0
0
0
0
0
0
0
808
0
0
902
0
0
0
0
0
0
0
170
0
0
0
0
0
688
0
0
0
0
0
608
0
0
0
0
0
0
0
0
969
548
0
0
0
463
766
0
0
0
0
133
642
0
235
0
413
820
0
0
0
646
0
539
0
265
0
0
0
0
0
0
0
0
804
0
0
0
0
0
0
0
0
0
0
0
0
0
0
267
863
0
200
0
0
0
0
0
0
0
0
0
859
0
0
0
0
0
41
0
0
5
0
0
0
0
258
0
0
0
0
0
0
369
600
0
0
0
0
0
0
823
0
0
0
0
0
0
449
0
0
0
0
964
0
685
0
170
0
0
0
0
0
0
397
0
0
0
0
700
423
0
0
0
0
0
0
810
0
0
857
929
0
652
0
0
0
291
0
0
0
0
0
0
0
0
0
0
832
0
0
0
0
0
864
0
0
0
963
0
0
0
0
0
74
688
297
0
515
615
0
0
0
0
0
0
815
0
0
0
0
0
394
0
935
978
0
0
0
0
0
0
0
0
0
0
0
0
0
0
279
0
0
0
89
0
0
0
0
0
714
0
0
0
0
595
119
0
0
0
0
917
0
0
0
0
0
333
0
602
0
0
0
0
958
0
0
0
0
0
0
0
0
0
0
0
0
0
0
0
0
0
606
0
0
0
310
0
951
0
859
0
0
0
0
0
0
0
236
0
0
0
0
0
0
659
212
0
0
0
0
0
0
0
0
641
0
15
0
0
0
752
0
0
464
0
109
0
0
0
0
0
0
0
0
0
0
0
0
0
0
0
0
0
0
0
0
0
0
0
0
0
0
755
529
0
0
0
0
0
0
0
0
0
768
0
0
0
0
0
0
0
0
0
695
0
0
824
0
0
0
0
0
0
0
0
0
820
0
0
0
0
0
0
0
578
464
0
250
0
0
0
289
0
0
0
0
0
0
0
847
206
0
0
0
0
0
0
0
0
0
0
0
0
0
0
560
798
0
0
0
0
0
0
0
29
0
458
0
0
0
934
0
0
0
0
0
0
817
293
0
0
0
0
0
0
0
0
0
392
792
0
0
0
0
0
0
0
0
0
0
0
0
232
0
0
0
0
261
0
0
0
389
0
0
659
0
0
0
0
0
74
0
0
0
0
0
0
0
0
0
0
0
0
0
611
0
0
0
0
0
0
0
0
0
0
0
0
0
0
54
424
568
0
0
0
0
0
0
984
0
0
0
0
0
0
0
0
0
892
0
0
0
0
496
0
0
336
561
0
0
217
0
97
0
0
0
0
0
0
969
0
0
0
0
314
0
0
0
0
0
0
0
0
0
803
0
216
0
0
0
0
0
0
0
258
0
0
0
0
0
688
0
578
0
0
0
0
0
0
0
0
0
0
0
0
0
892
0
0
0
0
0
0
0
0
0
612
0
0
0
0
406
0
0
170
0
0
0
0
0
0
0
21
0
0
0
229
0
0
0
0
0
0
0
64
0
0
0
0
0
0
0
0
155
0
0
60
0
0
0
0
0
291
0
0
161
0
0
0
701
190
0
0
0
623
0
0
0
0
0
0
735
0
0
0
0
0
0
0
0
297
0
464
0
0
0
0
0
0
0
0
0
0
0
0
923
0
0
0
0
0
685
0
0
0
587
0
0
991
0
0
0
497
876
0
0
0
0
59
0
989
0
0
0
93
0
0
0
0
197
0
0
0
0
0
0
0
0
0
0
0
0
325
0
0
0
0
0
70
0
0
0
587
0
0
0
0
0
0
0
0
0
876
0
370
0
0
575
0
0
0
0
330
0
0
0
0
0
0
0
0
0
0
0
0
0
0
0
0
0
419
0
0
0
0
0
0
299
0
0
0
0
0
511
0
0
0
0
722
366
0
0
516
0
0
0
0
0
297
0
0
40
0
0
0
537
0
0
0
0
0
614
0
0
0
0
0
0
0
0
0
0
840
0
0
0
0
0
0
0
0
0
0
0
0
0
250
0
0
0
0
0
0
891
0
253
0
0
0
0
0
208
0
0
685
0
0
0
808
41
515
236
250
0
0
0
0
0
0
0
0
0
0
0
0
0
0
0
0
0
0
0
541
0
0
0
0
0
763
0
0
304
658
0
0
0
0
0
0
640
0
0
0
0
0
376
0
958
0
0
0
0
0
0
0
0
0
907
0
0
0
951
0
0
0
336
947
0
0
0
0
0
0
216
0
0
382
0
707
0
0
739
0
0
0
198
0
0
0
0
0
0
0
0
0
0
0
654
0
0
615
0
0
0
0
0
0
0
0
0
0
0
580
0
0
0
0
216
501
504
0
0
798
0
0
0
0
0
0
0
266
0
0
0
0
0
0
0
557
0
0
0
0
0
0
831
0
0
0
0
0
0
879
0
0
0
912
0
0
0
0
0
0
0
0
0
298
0
0
0
0
0
0
0
0
409
0
0
0
0
0
492
0
0
0
0
463
0
0
0
0
0
0
577
187
0
477
0
0
0
0
0
0
0
0
0
0
0
0
0
209
0
0
0
0
0
16
0
448
0
0
0
0
0
0
0
0
0
0
0
0
0
0
0
654
0
0
0
0
0
0
0
0
0
0
0
0
0
0
977
0
429
539
0
0
0
0
0
450
0
0
0
927
0
0
740
415
0
0
0
0
0
0
0
0
0
0
0
381
0
327
0
0
0
862
0
0
0
552
0
0
0
0
0
0
0
0
0
902
5
0
0
0
0
0
0
419
0
0
209
0
337
0
0
0
0
0
0
0
0
0
0
0
0
0
0
463
0
732
679
0
0
123
0
0
0
0
0
0
0
0
0
0
0
0
0
0
0
0
0
0
0
702
474
0
0
0
0
0
426
0
0
881
0
289
0
136
0
731
0
0
0
0
0
0
0
0
0
0
0
0
11
0
0
0
0
991
637
0
490
0
0
0
0
0
0
0
0
0
0
0
0
289
0
0
0
0
0
0
0
337
0
0
0
0
0
0
0
0
790
0
0
0
535
0
0
544
0
0
0
0
781
0
0
890
0
0
212
992
452
0
0
314
0
0
614
313
0
0
584
0
0
0
0
0
0
673
0
428
0
0
0
0
0
0
0
528
0
0
0
277
0
0
0
0
0
0
698
0
0
0
0
0
0
0
0
760
0
0
0
0
779
621
0
0
0
0
0
0
0
0
0
0
0
0
0
0
0
580
0
0
0
0
0
0
0
197
0
0
185
0
0
0
0
627
0
0
0
0
0
0
0
0
0
0
0
0
152
0
0
0
418
0
0
0
0
0
0
0
0
0
0
0
0
889
0
0
267
0
0
0
0
0
0
177
0
0
0
0
0
0
0
0
0
763
0
0
0
502
0
0
0
0
0
0
213
0
0
0
0
0
0
0
0
0
0
0
0
0
0
0
0
0
0
0
0
0
0
0
0
0
0
0
0
0
303
0
0
742
0
0
0
466
0
0
0
531
0
0
0
0
0
0
0
996
0
280
0
0
0
0
0
0
759
0
0
0
0
0
0
0
0
0
0
0
0
0
0
0
0
0
0
44
0
0
678
0
0
0
0
0
0
0
0
0
0
0
350
0
0
0
0
0
0
113
0
0
0
0
989
0
0
0
0
691
0
0
0
0
0
0
659
0
611
0
0
0
0
0
0
0
0
0
0
0
0
0
145
0
0
0
0
0
0
0
0
0
0
0
0
0
0
851
0
184
179
0
0
0
326
511
0
522
316
936
0
0
0
0
0
0
470
333
0
0
0
0
0
0
0
0
823
0
0
0
0
0
0
17
231
0
46
0
0
0
0
0
413
0
0
112
0
0
0
0
0
0
68
0
0
0
0
0
0
0
0
522
0
0
258
815
212
0
0
0
923
0
0
0
0
0
0
0
303
0
0
842
0
0
806
0
0
0
0
0
0
0
0
0
0
0
0
862
0
760
0
0
900
0
0
0
0
0
0
0
0
0
0
0
0
0
0
0
0
534
0
536
0
0
0
163
0
0
0
0
0
0
291
604
0
0
0
812
0
0
418
0
0
544
0
0
0
288
0
0
833
0
0
0
0
546
0
0
0
0
0
0
0
0
0
0
0
0
0
892
0
0
0
0
16
0
0
197
0
0
842
0
381
0
0
76
0
656
589
0
0
493
0
0
125
0
0
0
0
0
0
305
0
828
0
0
0
0
0
0
0
0
0
0
0
0
0
0
0
351
0
0
0
0
0
0
0
0
0
0
0
90
0
0
0
0
0
549
0
0
0
197
815
118
82
0
0
0
527
0
0
955
0
0
0
0
563
0
0
0
0
0
0
0
0
0
0
0
0
0
0
299
0
216
0
0
0
0
0
145
0
381
0
0
0
0
0
0
259
412
712
0
0
0
0
0
0
0
0
0
0
0
0
0
756
0
0
0
0
0
640
0
0
0
0
764
0
0
0
0
0
126
936
0
0
590
0
0
0
0
0
750
0
950
660
0
0
0
0
982
94
0
0
339
0
0
0
0
0
918
0
0
0
0
0
0
0
0
0
0
0
0
0
170
0
0
0
0
0
0
0
0
0
501
448
0
0
0
742
0
0
0
0
0
0
0
0
585
0
153
0
0
0
0
0
0
0
0
0
0
0
0
721
0
0
0
866
944
0
0
0
0
0
0
898
0
0
0
0
0
0
0
0
0
976
0
0
0
0
64
318
0
776
0
0
0
0
0
643
0
0
0
0
0
998
702
0
0
250
769
0
0
0
412
0
323
0
0
0
22
0
0
564
0
0
0
0
847
0
0
0
0
0
504
0
0
790
185
0
0
806
0
0
0
0
0
216
0
0
0
0
0
0
896
0
429
0
0
0
0
0
0
0
0
0
0
0
0
0
0
0
0
434
0
0
0
0
0
0
0
0
0
0
276
0
959
340
0
0
0
0
0
0
0
0
0
0
638
0
0
0
0
0
0
0
0
0
652
0
0
0
0
0
552
0
0
0
0
0
914
0
0
3
0
0
0
0
206
0
0
0
0
0
0
0
0
0
0
0
0
0
76
0
0
0
0
990
0
0
0
0
0
0
0
0
0
0
0
0
0
326
0
0
0
0
0
0
0
0
0
0
0
0
0
732
0
777
0
425
701
0
0
0
0
0
0
0
0
0
637
0
0
0
0
0
0
543
0
0
0
0
0
0
990
237
208
0
0
0
0
0
0
0
0
0
0
0
0
0
0
151
0
204
0
0
394
0
0
0
0
685
0
0
0
0
0
0
0
0
0
0
0
0
0
216
990
0
0
0
632
0
210
0
98
0
0
0
0
0
0
0
0
0
0
932
0
0
0
0
75
0
0
0
895
0
0
0
0
0
0
0
0
0
0
761
282
257
0
0
681
0
0
0
50
0
0
0
0
0
0
956
218
0
967
0
0
292
920
296
0
0
0
0
0
0
0
0
0
0
0
0
0
285
0
369
0
0
0
0
0
0
0
541
798
0
0
0
0
466
0
0
656
0
585
0
0
0
0
0
979
0
0
0
0
0
802
0
0
0
0
507
0
609
0
382
0
0
0
0
0
0
0
0
195
85
0
0
0
0
0
0
0
0
0
0
0
0
0
0
0
0
0
0
0
0
0
0
898
0
0
0
0
0
0
488
0
0
0
0
0
0
611
0
29
0
0
0
0
0
0
764
0
0
0
600
935
0
0
0
0
0
511
0
0
0
0
535
0
0
0
0
589
259
0
0
0
0
0
0
390
0
412
0
0
670
0
0
0
0
0
0
0
0
0
0
0
0
0
0
0
0
0
142
0
0
0
0
0
0
562
0
0
0
0
860
0
0
0
0
0
0
0
622
244
0
0
0
723
0
0
296
0
430
0
0
0
273
0
0
0
0
492
0
0
0
0
0
0
0
0
0
0
0
688
0
978
641
0
0
0
0
0
0
0
0
0
0
627
0
0
0
0
412
153
0
0
632
979
390
0
0
0
528
0
0
0
0
0
420
0
287
0
0
0
0
0
0
0
0
0
0
0
0
0
0
0
0
0
0
0
0
0
0
0
200
0
0
0
842
720
0
871
0
905
0
0
0
53
0
426
375
0
0
0
0
0
0
118
0
0
710
0
0
493
0
154
0
0
0
0
0
0
0
0
0
0
0
0
0
0
587
0
0
0
0
0
0
0
0
0
0
0
712
0
0
0
0
0
0
0
0
0
0
0
55
0
0
0
0
0
0
0
778
0
0
0
0
0
0
0
0
0
0
0
133
0
273
927
0
1
0
0
0
0
0
0
139
732
0
0
0
0
0
0
0
0
0
0
0
0
0
0
0
0
0
429
8
0
138
0
946
0
0
0
0
0
505
0
0
261
0
0
0
0
0
0
15
0
0
612
0
0
0
0
0
463
544
0
531
0
0
493
0
0
0
0
210
0
412
0
0
0
300
508
152
0
0
372
0
0
0
0
262
0
0
58
0
0
0
0
0
0
0
0
0
740
368
0
0
0
0
0
805
0
406
0
0
0
345
0
0
0
0
694
0
0
0
0
0
0
907
0
0
0
0
0
0
0
0
0
0
808
0
21
0
692
537
0
0
0
0
0
151
0
0
0
0
0
0
0
0
0
0
0
0
0
0
0
0
0
0
0
0
0
0
0
0
0
0
528
0
300
0
0
0
0
0
477
0
0
0
0
0
0
84
0
0
0
0
0
0
0
0
0
0
0
0
0
0
0
0
0
0
0
0
0
0
0
32
0
0
0
0
0
0
0
0
0
708
0
0
0
0
0
0
0
0
0
0
0
0
0
0
0
0
0
0
0
0
856
0
0
0
0
0
0
0
0
0
0
991
722
763
0
0
732
0
0
0
0
0
0
0
0
896
0
98
0
0
0
0
508
0
0
0
406
0
982
408
0
0
0
0
0
0
0
0
0
313
0
0
215
340
774
127
0
893
0
0
0
0
0
0
0
880
0
0
0
859
0
0
0
0
0
0
0
0
0
0
0
0
442
0
0
0
0
0
0
0
0
212
0
249
0
0
0
0
0
0
0
0
202
0
0
0
0
0
0
54
0
0
366
0
0
0
679
0
0
0
0
0
125
0
0
0
0
0
0
670
0
55
152
0
0
0
0
0
0
0
0
0
0
985
0
295
0
104
0
0
0
0
0
0
0
0
0
0
0
0
0
0
0
0
0
0
0
0
0
0
0
0
0
0
0
0
0
0
0
0
0
945
0
0
0
727
0
0
0
0
0
0
0
408
881
0
0
0
462
0
0
0
0
0
608
823
0
752
0
424
0
0
0
0
266
0
0
0
0
0
0
0
0
0
0
429
0
0
802
0
0
0
0
0
406
0
0
219
0
0
0
0
0
0
0
0
0
0
0
0
0
0
0
0
0
0
0
0
0
0
0
0
664
0
0
0
0
508
729
0
0
0
0
0
0
0
0
0
0
0
0
0
0
269
0
0
511
740
0
0
0
0
0
355
987
0
305
0
0
262
989
0
0
612
0
0
0
0
0
568
406
0
0
304
0
0
0
781
0
0
0
0
0
0
0
0
0
0
0
0
0
0
0
0
0
0
219
0
0
719
678
0
989
0
0
0
0
0
0
0
0
0
0
0
0
0
0
0
0
0
0
0
0
357
0
909
670
0
0
0
0
0
0
0
883
0
634
419
990
0
0
872
0
0
0
0
0
0
0
956
0
650
0
0
0
0
0
998
0
0
0
98
0
0
0
0
0
0
0
0
0
497
516
658
0
0
123
0
0
0
851
862
0
0
0
0
0
0
0
0
0
0
372
477
982
0
0
0
0
0
39
0
0
0
0
855
0
520
0
5
0
0
826
802
0
0
0
0
0
0
0
0
326
0
0
0
646
0
0
0
0
0
0
195
0
0
0
0
0
961
0
0
0
0
4
0
0
0
763
442
0
0
0
402
0
253
417
0
0
0
0
0
0
0
0
0
0
464
0
0
0
876
0
0
0
0
0
0
0
0
0
0
0
0
0
0
0
0
0
0
420
0
0
0
408
0
0
719
0
0
852
0
0
0
0
0
0
0
0
941
0
0
0
0
0
0
0
0
0
0
887
0
105
226
0
0
0
0
0
0
0
703
0
279
0
0
0
0
804
611
0
0
0
0
0
0
0
0
0
0
0
0
0
0
0
0
0
852
0
0
98
0
570
0
0
0
0
0
0
0
170
0
0
0
0
654
0
890
0
996
184
760
0
0
0
0
0
0
0
0
0
0
0
0
0
0
0
678
39
852
0
0
826
0
0
0
0
0
0
0
0
0
0
627
0
19
0
0
0
0
173
0
775
0
0
605
0
459
0
0
0
0
0
0
892
0
895
0
0
550
0
0
0
0
0
990
19
874
0
0
0
0
0
0
0
0
0
0
0
0
0
0
0
113
0
0
0
109
560
0
0
0
0
0
0
0
0
0
0
0
179
0
0
0
0
0
326
0
507
0
287
0
0
0
0
0
0
0
0
0
0
0
0
0
0
0
206
0
0
599
0
0
155
0
0
0
0
0
947
0
0
0
0
0
0
0
0
0
757
0
0
0
0
0
0
0
0
0
0
0
0
385
0
0
0
0
0
0
0
0
0
0
0
0
126
0
0
0
0
0
0
54
0
0
0
0
0
0
798
0
0
0
0
0
0
0
0
0
0
280
0
0
305
0
0
0
0
0
0
0
0
0
0
0
0
0
0
989
0
0
826
0
0
970
93
527
0
889
632
234
139
0
0
0
0
0
0
0
0
0
0
477
0
42
0
0
0
0
426
0
78
0
5
0
587
946
0
0
0
0
786
0
0
0
0
312
0
135
614
0
469
0
933
0
756
842
0
0
0
0
0
0
0
139
0
449
0
0
0
0
0
0
0
0
0
0
0
212
152
0
0
900
0
0
721
0
0
0
609
0
0
778
262
0
0
985
0
0
0
0
0
0
970
0
0
0
0
25
0
0
0
0
0
152
657
0
138
0
0
0
250
0
0
0
0
504
0
0
0
0
0
0
0
24
0
0
355
625
0
25
0
0
168
0
0
0
62
0
0
0
0
0
0
0
0
0
0
0
0
0
0
0
0
0
0
0
0
0
0
984
0
59
297
0
557
0
0
992
0
0
0
0
828
0
0
0
0
0
0
0
0
0
0
0
0
0
0
0
0
0
0
0
93
0
0
0
0
0
0
852
0
0
0
0
0
0
0
0
734
0
0
0
0
0
811
0
0
0
0
0
0
356
0
0
0
715
0
0
0
0
0
414
0
0
0
0
0
0
0
0
0
0
0
0
0
428
994
145
0
0
0
606
680
0
969
0
279
0
0
0
0
0
0
640
0
0
0
452
0
0
326
0
0
756
0
0
0
932
382
0
0
0
0
84
0
295
0
0
855
0
0
0
527
0
0
0
0
0
0
0
0
0
0
0
0
0
0
0
0
0
808
0
0
664
0
0
0
0
0
0
0
0
0
0
0
32
0
0
0
0
0
800
0
0
143
138
494
0
0
776
0
0
338
0
0
0
0
954
0
0
216
0
547
0
548
0
0
0
0
0
0
989
0
0
0
0
0
0
0
0
511
0
0
0
0
0
0
0
0
0
0
0
58
0
0
0
0
0
0
0
0
206
0
0
0
0
0
0
0
0
0
0
0
507
0
0
0
0
0
0
0
127
689
0
0
0
0
0
291
0
0
0
0
292
0
0
0
0
0
0
0
0
0
0
923
0
0
804
0
519
0
909
0
0
0
0
423
0
974
0
0
0
0
422
0
0
0
0
0
0
0
0
40
0
0
0
0
0
418
0
0
0
0
0
866
0
0
0
0
0
0
0
0
0
0
104
0
0
520
0
0
0
889
25
0
0
0
0
0
0
0
0
803
0
0
0
0
0
0
0
0
0
0
886
0
0
0
452
0
0
0
354
397
0
0
123
0
0
988
577
0
0
0
0
0
0
0
0
0
547
0
163
607
0
907
861
187
0
0
0
0
0
0
0
0
964
0
0
0
0
21
0
0
0
0
0
0
314
0
0
522
0
0
0
944
0
0
0
0
0
0
0
0
0
0
0
0
0
0
0
0
0
632
0
0
0
0
0
0
324
936
0
0
0
0
378
638
612
0
596
0
626
0
47
122
0
0
0
501
0
0
346
0
981
0
0
0
0
0
402
0
0
0
0
0
0
0
0
0
0
0
0
0
0
0
0
0
0
0
323
413
0
33
0
0
0
89
0
0
0
0
0
0
0
0
0
0
0
0
759
316
0
0
0
0
0
0
0
0
0
0
0
0
0
313
0
0
0
5
941
0
599
234
0
852
0
0
0
324
0
0
0
0
947
166
0
138
0
0
0
0
0
0
0
4
0
0
0
780
0
0
0
0
0
0
0
0
0
0
754
881
0
20
0
0
603
65
96
0
0
0
0
0
0
0
0
0
179
0
0
0
0
0
0
463
685
0
0
29
0
0
93
0
0
0
0
0
0
0
0
936
0
0
0
0
0
0
75
0
0
0
0
0
0
0
0
0
0
0
0
0
0
139
0
0
0
0
0
936
0
0
0
0
18
0
0
0
0
0
0
0
0
0
0
671
359
761
0
0
0
0
0
0
0
0
0
0
0
0
94
0
0
27
0
0
0
0
918
0
0
333
0
0
0
0
760
151
95
0
0
513
0
0
0
766
0
0
0
0
0
0
0
537
376
831
0
0
614
0
0
0
0
0
640
0
0
0
0
0
0
0
0
0
0
0
0
0
0
0
0
0
0
0
0
0
0
0
0
0
0
0
0
0
0
0
0
411
0
0
0
0
0
0
0
0
0
69
0
0
0
332
0
0
0
217
0
0
7
0
0
0
0
0
0
0
0
0
0
0
0
439
750
0
0
0
0
0
0
0
0
0
0
477
0
0
170
0
0
458
0
229
0
0
0
0
0
0
313
0
0
0
0
0
0
0
0
0
0
0
0
0
0
0
0
215
0
0
0
826
0
0
155
0
0
0
0
0
803
0
0
0
0
0
0
0
44
0
447
0
0
0
0
0
907
0
795
0
0
0
205
0
0
0
0
0
0
0
0
684
0
0
0
0
0
0
186
0
312
0
0
929
0
0
0
0
0
0
0
0
17
0
0
712
0
0
0
0
0
0
0
0
0
0
958
0
0
0
0
0
0
0
0
0
0
0
434
0
0
0
142
0
0
0
0
340
0
0
0
802
0
627
0
0
152
0
0
507
0
0
947
18
0
0
0
0
0
0
0
641
0
0
0
0
0
660
645
0
0
0
0
662
0
0
0
0
0
0
114
0
0
0
0
0
55
0
0
0
0
0
0
0
0
0
0
0
97
0
54
0
0
0
583
0
0
0
0
0
0
0
892
0
0
0
0
0
0
0
0
0
0
0
0
0
0
0
0
0
895
195
0
0
0
0
0
774
0
0
0
0
0
0
0
0
657
0
0
0
0
0
166
0
0
0
0
0
0
771
0
0
0
0
0
0
0
0
0
0
0
0
0
0
0
965
0
0
0
7
524
273
0
0
838
0
0
62
0
704
0
0
0
0
0
677
0
0
0
0
0
471
0
0
0
0
0
0
0
714
0
0
0
0
197
0
0
0
977
0
584
0
0
0
0
0
0
898
0
732
0
85
0
0
133
0
0
127
0
0
0
0
0
19
0
0
0
0
0
0
0
378
0
0
0
44
0
0
0
0
966
0
0
0
0
0
0
0
706
0
0
0
0
0
530
926
0
0
0
975
0
164
301
0
0
882
0
0
0
0
0
242
0
95
0
0
24
760
617
0
0
826
0
0
0
0
0
133
0
0
0
934
0
0
0
0
0
0
0
0
0
0
0
0
0
0
764
0
0
0
0
0
0
0
0
740
0
0
0
0
0
0
0
0
0
0
138
0
0
0
0
638
138
0
411
0
0
771
0
0
0
0
111
0
0
0
0
549
0
0
499
0
0
0
0
0
0
0
0
0
0
961
0
0
0
0
0
0
0
643
0
0
490
0
0
0
0
0
0
0
0
0
789
0
0
0
0
642
0
0
0
0
0
0
0
614
0
0
429
0
0
0
0
470
0
0
0
0
0
777
0
0
0
0
273
368
0
893
0
0
0
0
0
0
0
0
0
0
0
0
0
612
0
0
0
447
0
0
966
0
0
0
0
0
0
0
584
0
0
670
0
0
0
0
0
0
720
0
0
936
0
126
0
932
0
0
0
0
0
0
0
0
0
0
730
0
0
0
0
0
0
0
0
0
0
0
235
0
0
0
0
0
0
0
0
0
0
879
539
702
0
0
0
333
0
0
0
0
0
0
0
0
0
0
927
0
0
0
0
0
0
0
0
0
947
0
0
734
0
0
0
0
0
0
0
0
641
0
0
0
0
0
187
0
0
265
0
0
0
0
0
0
0
0
86
73
747
0
0
0
0
0
0
0
0
0
0
411
0
731
0
0
289
0
0
0
0
0
0
0
477
579
0
0
0
608
0
235
397
0
0
0
496
0
0
0
0
0
0
474
0
0
0
0
0
0
0
0
0
425
0
0
0
0
0
0
0
0
0
0
0
0
0
0
0
0
0
0
0
0
0
596
0
0
0
0
0
0
0
111
0
187
0
0
6
752
0
0
0
0
0
0
0
0
0
0
129
0
0
0
0
543
0
315
0
0
0
0
0
0
557
0
0
0
0
0
0
559
0
0
0
562
881
88
0
0
0
0
0
595
0
0
0
64
0
0
0
0
0
0
0
889
0
0
534
351
0
0
0
701
0
0
562
0
1
0
0
0
0
0
0
0
887
173
0
0
250
0
808
0
0
0
0
0
0
0
0
0
0
0
0
0
0
0
0
0
0
1000
0
0
0
0
0
647
0
0
913
0
0
0
0
0
715
0
0
0
0
0
0
965
0
0
0
0
0
0
0
0
0
0
0
0
973
639
0
0
0
413
0
119
0
0
0
0
0
0
0
0
0
0
0
0
0
0
0
0
0
0
0
0
0
0
0
0
0
0
0
0
0
0
0
0
0
0
0
477
0
0
0
127
0
626
0
0
0
0
0
0
0
0
0
0
6
0
0
0
659
282
552
0
0
0
0
0
0
0
0
0
485
707
189
0
0
483
0
648
0
0
0
29
798
0
0
0
0
0
0
76
0
0
0
0
0
0
0
0
0
820
0
0
0
0
336
0
0
0
0
912
0
0
673
0
0
0
536
0
126
0
0
0
0
0
0
0
0
0
0
0
0
664
0
326
105
775
0
0
0
0
0
689
0
0
0
0
0
0
0
0
0
0
0
265
752
0
0
0
0
0
0
0
452
132
0
0
0
0
0
0
0
0
0
0
0
0
0
0
0
0
0
0
0
0
0
0
0
0
0
0
0
0
0
0
0
141
0
0
541
0
0
0
0
817
561
0
0
0
907
0
0
0
0
267
0
0
0
0
936
0
0
0
0
0
0
0
0
805
0
0
0
0
357
0
226
0
0
42
0
0
664
0
886
47
0
0
0
907
0
0
0
0
584
0
0
0
659
0
0
0
0
0
0
0
0
0
0
0
551
0
0
330
0
0
0
0
0
357
0
0
0
0
0
0
0
0
0
0
724
234
0
0
0
0
0
0
0
0
0
0
700
0
0
293
0
0
0
0
0
0
450
0
428
0
0
0
0
0
0
0
276
0
0
0
0
0
0
0
0
0
0
0
0
0
0
0
0
0
0
811
0
0
0
122
4
671
0
0
660
0
0
549
0
0
0
1000
282
0
0
0
0
0
349
0
0
0
0
0
0
0
0
401
904
0
0
0
0
0
0
0
0
0
0
0
0
293
169
0
0
247
0
0
0
302
0
0
0
0
705
0
423
0
0
0
0
0
0
0
0
0
0
426
0
0
0
0
0
0
0
976
0
0
761
0
860
200
0
406
0
880
0
0
909
0
0
605
0
0
504
0
0
0
0
0
0
359
0
795
645
0
706
0
0
0
0
0
552
0
0
0
0
0
436
0
0
0
0
230
0
0
0
0
0
0
0
0
0
0
0
0
0
0
0
836
0
0
0
0
0
282
0
0
548
0
0
0
921
118
0
646
0
917
0
0
217
0
0
0
0
0
0
0
0
0
0
0
163
0
590
0
959
0
282
0
0
0
0
0
0
0
0
0
670
646
0
0
0
0
0
0
0
0
0
0
0
761
69
0
0
0
0
0
670
0
0
0
0
0
0
0
0
0
0
0
528
0
0
0
0
0
877
898
0
350
877
0
0
33
0
164
0
0
0
296
398
0
0
340
0
0
0
0
0
0
0
0
0
0
868
0
0
0
0
0
0
0
0
0
951
0
0
0
0
0
0
823
0
0
0
0
340
0
257
0
0
0
139
0
0
0
0
508
0
0
0
459
0
0
0
0
0
0
452
0
0
0
0
0
0
0
0
499
0
0
0
0
0
452
0
349
436
0
0
686
591
628
0
0
0
294
0
0
0
0
0
0
0
0
0
0
0
0
0
0
0
0
0
0
0
0
0
0
0
0
0
0
0
0
0
539
0
0
755
0
97
0
325
840
0
0
927
881
0
0
44
0
0
0
0
0
0
0
0
0
0
0
732
0
0
0
0
729
0
0
0
0
757
426
0
0
0
291
0
501
780
0
0
0
0
0
0
0
0
0
0
0
0
132
0
0
0
0
686
0
0
381
0
0
858
0
0
0
0
115
0
0
0
0
0
0
0
0
0
0
0
0
0
754
0
0
646
0
757
0
254
0
99
465
0
0
0
0
529
0
0
155
0
0
0
0
0
0
0
0
0
0
0
0
0
0
0
0
0
0
0
842
0
345
32
859
0
0
0
0
0
0
0
0
0
0
0
0
0
0
0
0
0
205
0
0
0
0
0
0
0
0
0
0
0
0
0
528
591
0
0
0
0
0
0
769
225
0
0
0
721
0
0
0
0
575
0
0
746
0
0
846
0
0
0
0
0
0
356
0
0
267
207
0
528
265
0
0
0
0
0
0
0
0
0
0
0
289
0
177
0
0
0
0
0
64
0
637
681
0
0
720
0
0
0
0
0
0
0
0
0
0
0
78
0
0
0
0
0
0
0
0
332
0
662
0
0
0
0
0
0
647
0
0
0
0
0
0
628
381
0
0
261
841
0
0
0
0
417
0
0
0
0
0
0
888
0
0
0
0
0
190
0
0
0
0
0
602
0
511
0
0
0
776
0
0
0
0
0
0
0
0
0
0
336
0
740
0
0
0
678
0
0
0
0
318
0
0
0
0
0
0
0
0
0
0
0
0
0
0
703
0
0
0
0
356
0
0
354
346
0
0
0
0
0
0
530
0
0
86
0
0
0
0
0
0
0
0
0
0
0
261
0
0
93
0
0
0
0
0
0
0
0
364
0
0
0
0
0
0
0
0
0
0
0
0
0
0
0
0
0
0
0
0
0
0
810
333
0
0
0
60
0
0
947
298
415
136
528
0
0
0
0
90
750
0
0
0
0
0
0
871
0
0
0
0
0
0
0
0
0
0
0
5
0
0
0
0
397
0
0
0
0
0
0
965
926
0
0
73
0
0
0
0
0
0
230
0
0
0
0
841
0
0
0
0
0
0
0
0
0
0
0
0
0
377
924
350
0
333
0
0
0
0
0
0
0
0
893
0
0
704
0
0
0
0
0
0
0
0
0
0
0
0
0
0
0
0
0
0
0
0
291
0
0
776
0
0
0
0
622
0
0
0
0
0
0
0
0
195
279
0
0
0
24
0
0
292
0
981
0
0
0
0
0
0
0
0
720
747
129
913
0
0
551
0
0
0
0
858
0
0
93
0
0
0
0
0
243
0
98
0
408
0
0
0
0
0
0
0
0
0
0
797
0
0
11
0
0
0
0
0
0
0
0
0
0
602
0
392
0
0
70
0
0
0
0
731
0
0
0
17
604
0
950
0
0
0
50
0
244
905
0
694
0
0
0
0
883
0
0
892
0
587
0
0
0
0
0
0
0
0
217
0
0
0
0
0
0
0
0
0
0
0
0
0
0
0
294
0
769
0
0
0
0
0
582
0
0
268
0
815
0
676
0
0
0
0
218
35
0
0
0
0
444
0
0
0
0
988
0
0
0
0
0
0
857
0
0
792
969
0
0
0
0
0
0
0
0
0
0
231
0
0
660
0
0
0
0
0
0
0
0
0
0
0
0
0
0
0
0
0
0
946
0
715
32
0
123
0
0
0
0
0
0
0
0
0
0
0
0
0
485
0
0
0
0
877
0
0
225
0
0
0
0
582
0
161
348
0
0
0
0
0
0
0
0
377
0
0
0
0
0
223
0
0
0
38
695
0
872
0
856
472
0
0
929
0
0
0
0
0
0
0
0
0
0
0
277
0
0
0
0
0
0
0
0
0
0
0
0
0
0
0
0
0
0
0
634
0
0
895
0
0
355
0
0
0
0
0
0
0
0
0
0
7
975
0
936
0
0
0
707
0
330
401
0
898
0
0
0
0
0
0
0
0
161
0
0
0
0
0
0
0
0
0
0
143
0
0
939
624
0
0
605
0
811
0
752
113
0
0
0
0
0
0
0
0
0
0
0
0
0
0
0
0
0
0
0
0
0
46
0
0
0
0
0
543
0
0
0
0
0
0
0
0
0
0
419
0
0
0
0
0
625
0
0
0
0
0
0
0
7
0
114
524
0
0
0
0
0
0
189
0
0
904
0
0
0
0
0
417
0
0
243
0
348
0
0
0
0
359
0
0
276
0
0
0
0
0
48
0
0
0
0
0
0
0
0
0
0
0
0
0
0
0
652
0
0
0
0
291
587
0
0
0
0
0
0
0
0
0
812
549
0
0
638
0
0
898
723
53
0
0
0
0
0
0
990
0
804
0
0
0
0
0
0
0
988
0
0
0
0
684
0
273
164
961
126
0
543
0
0
0
0
0
0
350
0
115
0
0
0
0
0
268
0
0
0
0
0
0
0
0
0
306
0
0
0
0
0
0
0
221
0
0
0
0
924
0
0
541
0
0
0
804
0
958
768
0
0
0
0
0
216
0
0
0
0
0
0
0
0
0
0
643
0
0
0
0
0
0
0
0
708
0
0
0
0
961
611
550
0
0
25
0
0
0
577
402
754
94
0
0
0
0
301
0
0
0
0
715
0
0
0
0
0
877
0
0
721
0
0
0
98
0
0
0
0
0
0
0
0
0
0
0
0
0
0
0
396
0
303
0
0
0
254
0
0
221
0
0
0
406
0
0
0
0
0
0
314
0
0
0
0
0
0
0
0
763
0
0
0
0
982
0
0
0
0
0
0
426
0
0
0
0
0
0
0
0
0
0
0
786
0
0
0
0
0
0
881
0
0
0
0
0
0
0
932
0
315
0
483
0
0
0
0
0
0
0
0
0
0
0
0
815
0
0
359
0
0
0
0
705
0
0
0
0
0
0
0
0
491
0
0
0
0
39
0
0
0
0
0
0
592
0
0
0
0
0
0
161
0
0
0
409
0
0
0
0
0
0
418
0
94
0
0
0
956
0
296
375
0
907
0
0
945
0
872
0
0
0
385
0
0
414
800
0
0
0
0
0
0
0
0
838
0
0
0
0
0
0
0
0
0
0
0
0
0
0
0
0
0
0
408
0
0
0
0
0
0
0
0
0
920
0
363
0
374
0
0
0
0
0
0
0
606
0
0
242
0
0
0
0
0
0
291
0
0
0
0
0
0
250
382
0
0
0
0
0
0
0
0
197
0
0
0
0
218
0
0
0
0
0
0
442
0
0
0
0
0
0
0
0
168
0
0
0
0
0
20
27
0
0
0
0
882
0
0
0
0
0
648
0
357
0
0
33
0
0
0
0
364
0
0
676
0
0
0
0
0
705
0
0
0
376
0
0
0
0
877
0
0
0
0
0
0
0
601
0
0
0
920
0
639
0
0
0
0
0
0
0
0
0
0
0
0
0
698
0
350
413
0
815
0
0
0
0
0
0
430
0
0
0
0
0
0
269
0
0
0
0
0
0
0
0
0
0
0
0
0
0
0
0
55
0
0
0
0
0
0
0
0
0
0
0
0
0
0
0
0
0
0
0
0
0
0
0
276
0
0
0
920
0
0
0
0
970
0
0
0
0
0
0
0
840
0
0
0
0
0
201
0
0
0
0
0
0
0
0
0
0
0
0
707
0
381
0
0
502
0
0
544
118
339
0
0
990
967
0
0
0
0
0
0
0
0
0
0
4
0
0
0
0
0
0
143
923
0
0
0
0
0
0
0
62
0
0
0
411
0
0
0
0
0
0
0
164
0
0
575
888
0
377
0
0
0
0
0
306
0
0
0
376
0
0
0
0
0
0
0
0
767
0
0
0
0
0
0
0
387
0
0
0
0
0
0
0
0
0
0
701
0
0
0
0
0
0
0
0
0
0
0
82
0
998
0
237
0
488
0
0
0
0
0
0
727
0
0
0
0
990
0
312
0
0
138
0
0
0
603
0
0
186
0
0
0
0
0
0
0
0
0
0
0
0
0
0
0
0
0
0
0
924
0
0
0
0
0
0
0
0
363
0
0
0
0
0
0
0
510
0
0
0
0
0
0
0
0
0
0
0
0
0
0
0
0
0
0
0
0
190
0
0
0
0
327
0
0
0
0
112
0
0
0
702
0
208
0
0
0
0
429
0
0
0
0
511
0
0
0
19
0
0
62
0
494
0
0
0
65
0
0
0
0
704
0
643
0
731
0
965
29
0
0
0
0
0
0
0
0
0
0
350
0
0
377
143
0
0
0
0
0
0
970
0
0
0
828
0
778
0
0
472
0
0
0
0
0
0
0
0
263
0
0
0
0
0
0
0
0
0
0
0
739
492
0
11
0
0
0
0
0
0
0
0
0
0
292
0
273
0
8
0
0
0
0
740
0
0
0
874
0
135
0
0
0
804
0
0
96
918
0
312
0
0
0
0
0
0
557
0
798
0
0
0
0
0
0
0
746
0
0
0
0
218
0
0
0
0
0
0
374
0
0
0
0
828
0
0
0
0
743
0
609
0
877
0
0
674
0
0
0
0
0
0
0
0
0
232
0
0
876
0
0
0
0
0
0
0
0
0
288
0
0
0
652
0
920
0
0
118
0
0
0
0
0
0
0
763
0
0
0
614
0
0
0
0
0
0
0
0
0
0
0
0
242
0
0
0
0
0
0
0
0
0
836
296
0
0
0
0
0
333
0
35
0
0
0
0
0
0
0
0
0
0
0
0
0
0
0
0
0
0
0
611
0
0
725
0
0
871
750
0
0
0
0
0
695
0
0
0
0
891
0
0
0
0
0
0
0
0
0
527
0
250
0
0
296
0
0
0
138
0
0
0
0
0
956
442
0
0
0
0
0
0
776
519
547
0
0
0
0
0
0
0
0
490
0
289
0
0
0
0
0
0
0
398
0
0
0
0
0
0
0
0
0
939
48
0
396
0
0
877
0
0
510
778
0
0
0
0
0
617
0
0
0
0
103
569
0
381
0
848
0
0
0
0
0
0
803
623
370
0
0
0
862
0
0
0
113
0
0
0
918
769
0
0
0
0
0
0
0
0
0
0
0
0
0
0
0
0
0
469
0
0
0
0
0
0
0
333
439
929
0
0
95
0
0
0
0
0
0
0
0
293
0
0
0
0
846
190
0
0
0
0
0
624
0
0
0
0
0
0
0
0
0
0
0
0
0
0
0
0
0
0
0
529
0
0
0
0
0
0
0
0
0
0
0
0
0
0
0
253
198
0
0
0
0
213
0
0
833
0
0
0
0
0
0
0
0
710
946
0
0
212
0
0
650
0
0
0
0
0
0
0
0
909
163
0
0
0
750
0
0
0
0
0
730
0
0
0
0
0
0
169
0
0
0
0
0
0
0
0
0
0
0
0
0
0
303
491
0
0
0
767
0
0
743
0
0
0
0
705
0
700
0
839
0
0
0
0
0
836
63
0
0
0
824
0
216
0
0
0
0
463
0
991
760
0
0
0
0
955
0
0
0
0
0
611
492
0
0
808
0
0
0
0
0
0
0
0
0
933
0
0
338
0
607
0
0
0
0
0
0
677
0
0
0
0
0
0
0
0
0
0
0
340
0
754
0
0
0
0
797
0
223
0
0
221
0
0
0
0
0
0
0
472
0
0
617
0
705
0
735
510
0
0
114
475
0
0
0
0
0
0
832
0
0
261
0
0
575
0
0
0
0
637
0
0
0
68
0
0
0
0
0
0
0
0
0
0
0
0
0
249
408
355
0
402
0
0
0
0
0
0
0
0
0
0
0
0
0
0
0
0
24
0
0
0
0
0
0
0
724
0
0
0
0
0
0
0
0
0
0
444
0
605
0
0
0
0
0
0
0
0
0
0
609
0
0
0
0
735
0
626
593
0
0
0
506
0
741
0
0
267
0
0
0
0
0
0
0
0
0
0
552
0
0
0
0
0
0
0
0
412
552
0
0
29
0
493
0
21
0
0
881
987
0
0
0
0
126
756
0
0
0
0
907
0
0
0
0
0
0
0
760
0
0
0
559
0
76
0
234
247
282
0
0
0
0
0
0
0
0
0
0
0
0
0
0
0
0
0
840
0
0
0
0
611
0
0
700
510
626
0
0
0
0
0
0
0
0
113
818
863
0
0
0
0
0
0
0
0
0
0
0
490
0
0
989
0
0
0
0
0
0
0
0
0
0
0
0
0
0
0
0
0
0
253
0
0
0
842
0
428
0
0
861
0
0
760
0
0
97
0
617
0
0
0
0
0
0
0
0
0
0
0
0
646
0
0
0
0
11
0
0
811
0
0
254
0
606
0
0
0
0
0
877
0
0
0
0
0
593
0
0
737
0
0
0
0
0
622
192
0
0
0
0
0
0
0
0
0
0
0
0
0
0
0
0
0
546
0
0
323
0
0
0
0
0
154
0
692
0
0
0
305
0
417
0
0
0
0
0
994
0
423
187
0
0
151
0
0
0
0
0
0
0
0
0
0
0
0
0
0
0
0
0
0
0
602
0
0
0
0
38
0
0
0
0
39
0
0
0
0
0
0
0
0
0
529
839
0
0
0
737
0
