0
65
864
438
886
753
170
226
629
89
108
28
316
857
871
101
394
16
494
362
213
105
825
477
416
537
909
321
253
386
23
868
138
403
3
75
74
420
751
8
235
450
88
633
7
71
453
519
328
208
870
656
807
979
418
428
286
44
929
811
280
595
866
964
81
156
557
135
763
424
61
572
43
929
471
813
924
721
388
406
691
744
125
231
885
504
637
386
899
175
289
945
985
279
920
63
592
300
419
217
65
0
531
14
446
660
28
976
556
10
15
678
737
406
260
361
103
237
712
63
138
187
37
71
491
130
357
596
136
545
924
97
548
756
167
759
76
884
638
555
333
462
752
947
399
355
928
622
247
905
718
381
942
872
369
163
222
798
726
424
614
630
552
595
705
795
125
124
396
286
737
499
750
318
397
242
149
867
677
294
697
372
941
112
381
25
664
254
778
965
938
251
774
442
151
981
388
439
148
753
864
531
0
683
567
312
304
495
575
962
159
86
806
30
797
516
590
920
154
592
937
994
783
413
324
964
979
533
978
498
536
637
454
850
211
464
857
7
188
377
297
237
75
480
211
335
39
866
591
968
374
703
660
940
111
274
546
329
331
537
131
58
241
699
638
66
951
952
260
28
546
181
582
849
469
83
152
386
93
781
816
280
309
784
489
580
612
641
991
34
558
965
407
620
308
653
215
417
704
896
438
14
683
0
200
822
357
510
779
655
347
513
711
392
25
18
465
301
72
945
531
812
899
605
749
219
588
392
403
113
854
463
564
551
723
753
796
134
161
482
25
843
51
996
833
274
78
198
7
107
507
587
209
634
666
644
890
98
581
714
508
717
396
73
949
339
830
885
62
875
4
208
189
405
346
782
435
224
386
486
168
301
876
949
99
668
992
856
580
152
313
84
268
736
734
363
484
231
330
740
886
446
567
200
0
457
173
126
14
450
471
948
965
152
894
41
421
639
625
954
982
427
98
875
816
470
129
15
324
347
981
636
199
196
938
125
661
177
849
958
503
841
91
175
809
591
628
439
492
147
103
244
573
584
632
560
729
322
849
608
973
973
274
95
293
647
970
361
536
851
256
996
200
702
311
786
429
831
649
57
782
652
803
1000
556
192
249
919
41
494
96
946
581
743
192
85
972
342
805
654
753
660
312
822
457
0
155
478
299
957
979
654
300
820
457
95
106
900
862
404
892
203
150
247
417
809
930
633
822
201
157
204
675
669
408
474
420
208
379
156
590
422
4
586
400
796
165
362
865
187
378
54
289
66
193
309
841
540
57
601
352
643
969
214
10
642
875
638
78
310
510
952
251
979
289
938
204
61
803
10
115
394
257
789
726
154
326
811
224
384
986
63
819
989
715
944
47
528
680
949
170
28
304
357
173
155
0
537
474
15
286
258
587
592
176
747
602
885
590
936
711
131
447
787
304
973
915
366
662
665
356
410
711
479
553
435
920
530
957
421
149
295
768
965
603
762
118
253
188
263
835
688
343
756
780
554
765
213
755
77
348
119
219
776
446
480
513
44
946
473
38
242
595
780
685
658
124
658
568
306
126
748
381
750
804
906
153
606
42
238
358
641
246
532
153
482
731
180
73
389
226
976
495
510
126
478
537
0
274
407
94
466
407
711
685
409
93
124
519
913
420
412
552
906
609
17
158
57
895
477
599
673
50
917
662
591
1
716
804
607
839
84
624
837
217
733
125
866
306
411
712
488
824
215
687
189
731
791
490
845
464
722
758
89
667
105
680
15
167
202
730
696
374
425
35
367
1000
159
382
258
233
311
815
320
298
517
164
345
881
391
962
67
627
892
558
556
392
355
83
496
629
556
575
779
14
299
474
274
0
151
499
936
221
842
758
469
367
44
992
689
322
475
379
325
588
723
397
84
587
44
639
925
695
782
595
149
280
327
709
348
69
451
688
46
820
992
388
804
10
54
637
881
952
844
589
326
647
343
576
460
931
542
73
312
473
678
767
67
753
956
143
850
991
433
774
113
109
731
436
74
243
728
870
765
887
907
439
592
839
449
642
678
823
473
200
757
725
979
788
151
89
10
962
655
450
957
15
407
151
0
198
387
965
450
949
753
521
267
219
772
30
248
686
65
434
761
166
175
690
492
27
846
575
560
343
220
143
750
705
340
34
97
529
594
313
290
99
612
127
116
787
565
823
789
61
361
626
772
433
283
568
53
584
849
503
898
343
867
324
367
58
268
937
64
522
220
719
92
271
795
700
851
851
771
277
635
20
221
474
82
409
585
78
922
350
652
631
558
517
802
108
15
159
347
471
979
286
94
499
198
0
939
945
381
277
815
173
341
542
782
562
581
150
157
56
236
586
486
796
721
267
576
502
838
23
393
90
332
835
398
729
286
500
696
38
526
10
171
970
890
149
41
673
491
155
642
675
220
91
401
840
141
435
929
909
538
829
698
437
125
375
204
10
638
174
890
632
64
161
745
909
528
720
537
79
593
579
452
463
719
804
121
308
495
183
22
606
205
779
503
28
678
86
513
948
654
258
466
936
387
939
0
286
589
336
858
689
715
717
242
971
220
853
88
432
840
746
439
540
624
452
458
74
199
689
662
123
981
94
440
889
524
761
61
819
967
536
699
144
549
679
55
592
670
784
737
48
97
85
829
437
209
466
582
703
790
88
93
555
500
954
300
431
633
234
782
99
638
109
825
385
330
433
74
934
875
913
254
483
465
477
948
847
5
884
916
82
754
22
695
316
737
806
711
965
300
587
407
221
965
945
286
0
98
44
441
158
747
197
334
178
926
813
561
999
891
377
100
950
376
413
551
218
380
578
63
959
149
425
381
246
682
150
555
615
485
965
412
758
764
146
728
136
873
302
511
91
419
475
256
281
5
277
246
527
913
898
183
191
282
367
591
772
60
909
659
365
243
121
324
221
13
229
417
925
924
504
283
527
464
153
383
786
464
388
359
848
959
219
36
857
406
30
392
152
820
592
711
842
450
381
589
98
0
267
177
355
778
219
396
644
274
329
902
273
951
344
589
103
154
25
867
589
486
658
262
750
510
691
104
724
60
958
917
845
742
331
99
391
686
200
961
320
228
397
598
644
506
722
743
309
42
73
436
958
817
93
62
325
615
227
507
327
399
334
259
918
568
907
120
678
337
806
318
379
740
998
309
507
387
253
164
625
218
263
665
245
253
753
530
871
260
797
25
894
457
176
685
758
949
277
336
44
267
0
957
476
942
966
166
822
179
633
454
45
116
493
351
969
749
274
586
383
604
325
424
883
246
320
697
979
835
315
987
734
370
922
502
869
198
254
878
722
676
507
65
269
68
237
368
54
823
936
338
81
474
647
534
49
778
604
396
85
522
641
638
982
889
25
69
884
519
1000
690
540
778
50
535
551
840
199
575
916
571
649
490
698
684
128
917
101
361
516
18
41
95
747
409
469
753
815
858
441
177
957
0
585
485
137
905
388
101
461
981
342
910
530
321
720
73
868
950
445
922
952
759
814
260
366
748
145
805
311
427
97
932
744
714
952
264
286
682
477
86
462
214
714
890
842
901
494
631
119
107
196
589
926
656
601
649
146
629
7
21
868
598
68
777
179
257
303
973
52
738
343
955
622
348
610
353
427
352
569
508
22
837
997
195
251
946
394
103
590
465
421
106
602
93
367
521
173
689
158
355
476
585
0
950
794
604
111
30
292
208
943
698
761
875
945
410
13
609
623
913
99
959
68
879
510
509
724
442
224
651
185
452
33
841
892
943
617
748
548
488
467
766
965
553
579
915
212
580
209
313
321
128
961
646
644
694
889
628
565
594
391
551
75
426
384
788
443
157
900
155
596
379
193
532
125
972
39
151
567
113
168
606
73
240
295
259
16
237
920
301
639
900
885
124
44
267
341
715
747
778
942
485
950
0
889
997
70
874
559
510
908
71
275
599
181
414
523
359
888
647
308
29
431
675
254
747
60
452
846
646
88
106
289
264
971
466
179
336
250
217
526
365
747
900
94
954
821
415
742
748
294
566
611
68
170
807
220
569
685
252
100
175
635
645
390
631
790
81
839
316
821
426
480
994
261
930
281
123
257
821
374
89
541
456
374
623
494
712
154
72
625
862
590
519
992
219
542
717
197
219
966
137
794
889
0
134
802
80
581
71
742
59
374
201
916
338
561
653
118
99
836
885
871
566
37
547
310
367
188
558
381
1
245
836
932
934
179
322
608
565
818
692
191
956
230
135
39
444
406
589
914
423
184
12
129
118
232
206
994
820
431
143
605
874
880
201
267
729
199
571
54
249
898
777
795
171
762
791
68
177
395
42
109
429
57
952
362
63
592
945
954
404
936
913
689
772
782
242
334
396
166
905
604
997
134
0
93
442
47
652
833
397
811
159
129
5
359
347
84
695
979
369
735
242
307
806
316
859
862
53
185
343
689
24
442
574
950
688
48
352
832
31
910
378
467
97
24
595
9
667
340
418
471
38
784
257
891
727
268
577
68
305
352
802
244
309
848
947
787
361
803
896
457
766
546
569
488
131
725
931
453
895
513
159
945
412
213
138
937
531
982
892
711
420
322
30
562
971
178
644
822
388
111
70
802
93
0
399
415
522
740
59
22
864
161
607
147
132
77
405
237
626
782
234
18
338
953
529
772
637
631
843
710
139
415
274
668
321
778
180
614
397
698
447
791
279
404
424
902
140
974
328
249
249
652
843
568
501
260
424
596
494
389
30
369
342
676
918
281
466
751
134
658
42
374
871
729
598
908
117
829
235
97
69
651
993
105
187
994
812
427
203
131
412
475
248
581
220
926
274
179
101
30
874
80
442
399
0
118
712
731
638
254
162
492
826
516
250
598
327
484
184
384
827
180
231
343
148
586
530
936
647
892
25
974
188
244
839
18
22
973
172
729
780
611
22
702
850
580
895
757
127
866
577
241
559
222
228
740
74
104
521
424
340
336
870
276
141
163
79
326
674
917
876
345
579
78
103
264
884
940
265
545
332
776
46
825
37
783
899
98
150
447
552
379
686
150
853
813
329
633
461
292
559
581
47
415
118
0
63
565
261
702
733
274
221
790
157
92
875
390
702
48
923
437
234
143
937
554
585
896
185
396
183
656
290
1000
299
658
566
669
408
756
889
255
542
988
68
117
421
531
654
804
757
807
109
284
713
938
105
304
43
69
500
843
262
603
704
155
126
318
539
174
794
362
646
244
501
212
996
921
813
313
119
502
823
477
71
413
605
875
247
787
906
325
65
157
88
561
902
454
981
208
510
71
652
522
712
63
0
73
696
459
594
103
816
492
706
737
362
123
389
234
584
586
454
268
934
736
673
511
280
320
923
993
251
968
247
674
649
34
207
801
392
719
435
777
493
964
165
310
669
647
632
413
775
690
807
895
895
156
339
578
364
346
514
61
327
719
753
768
481
482
50
526
742
460
200
521
883
1
212
581
841
88
926
416
491
324
749
816
417
304
609
588
434
56
432
999
273
45
342
943
908
742
833
740
731
565
73
0
723
438
388
65
932
731
754
518
117
177
26
863
247
929
355
381
487
9
523
236
88
802
926
293
181
261
757
721
799
100
83
88
902
725
632
976
132
807
699
911
134
485
722
215
67
732
504
350
216
864
274
3
536
307
354
417
782
650
913
348
461
981
558
593
613
343
253
919
8
895
139
754
924
515
904
537
130
964
219
470
809
973
17
723
761
236
840
891
951
116
910
698
71
59
397
59
638
261
696
723
0
995
218
658
866
361
539
274
930
893
148
374
403
572
843
627
568
575
658
330
253
842
528
119
502
898
450
538
492
342
702
325
483
532
970
991
831
63
879
929
527
828
72
261
257
245
331
691
498
305
261
179
289
260
305
72
369
874
388
224
627
977
333
460
1
856
525
730
88
738
129
967
616
790
838
909
357
979
588
129
930
915
158
397
166
586
746
377
344
493
530
761
275
374
811
22
254
702
459
438
995
0
86
393
951
179
453
715
39
960
830
624
511
272
419
430
709
129
263
657
766
582
98
444
592
398
124
505
743
128
288
963
267
199
716
930
87
187
467
950
761
230
181
241
938
426
14
107
880
419
7
104
860
911
354
52
783
574
56
992
530
283
419
993
650
967
55
364
566
416
727
387
152
227
158
321
596
533
392
15
633
366
57
84
175
486
439
100
589
351
321
875
599
201
159
864
162
733
594
388
218
86
0
558
982
133
888
702
535
457
1
548
546
792
873
322
657
533
675
550
606
999
847
142
903
909
429
207
567
542
852
107
158
785
355
458
626
102
882
653
873
111
347
527
173
2
945
547
500
638
859
567
169
765
363
343
564
506
298
442
37
637
309
722
436
699
948
399
870
732
236
754
978
825
797
253
136
978
403
324
822
662
895
587
690
796
540
950
103
969
720
945
181
916
129
161
492
274
103
65
658
393
558
0
939
897
5
91
163
779
792
887
76
680
696
942
354
235
779
551
276
477
267
910
794
571
548
903
367
10
119
873
364
283
551
309
847
925
923
218
627
800
928
76
138
252
369
223
275
638
480
319
114
98
305
980
841
21
248
542
359
76
150
758
554
265
47
497
272
556
593
628
924
204
215
386
545
498
113
347
201
665
477
44
492
721
624
376
154
749
73
410
414
338
5
607
826
221
816
932
866
951
982
939
0
549
796
725
278
133
966
290
659
575
21
570
100
288
780
483
589
895
982
763
736
343
246
320
717
535
906
433
380
770
239
29
956
5
981
381
105
488
558
326
93
541
875
106
697
428
968
111
597
913
589
868
909
147
295
720
778
190
901
180
324
254
740
832
896
969
898
233
801
429
645
23
924
536
854
981
157
356
599
639
27
267
452
413
25
274
868
13
523
561
359
147
516
790
492
731
361
179
133
897
549
0
339
765
584
158
689
1000
69
470
181
354
130
667
500
427
557
382
700
614
962
621
74
375
766
27
960
910
657
240
512
299
275
511
779
866
464
220
174
675
947
102
390
41
329
175
959
600
219
714
777
959
662
586
956
324
223
462
338
217
222
207
593
907
852
41
162
549
51
219
529
868
97
637
463
636
204
410
673
925
846
576
458
551
867
586
950
609
359
653
347
132
250
157
706
754
539
453
888
5
796
339
0
176
611
199
510
875
250
945
161
453
34
366
924
305
670
220
756
548
915
210
132
822
852
917
480
826
202
88
388
81
515
216
131
380
43
369
128
421
366
983
295
347
146
523
345
922
297
78
697
875
146
982
409
112
895
195
908
804
610
341
287
137
683
606
311
955
163
904
578
138
548
454
564
199
675
711
50
695
575
502
74
218
589
383
445
623
888
118
84
77
598
92
737
518
274
715
702
91
725
765
176
0
886
881
811
243
254
878
419
542
111
773
47
833
890
432
933
740
286
81
871
544
448
127
578
98
692
915
650
200
439
102
861
351
63
338
522
882
570
85
595
317
707
38
348
291
551
698
324
984
2
179
377
984
269
348
753
794
580
470
457
792
60
298
91
742
390
462
515
403
756
850
551
196
669
479
917
782
560
838
199
380
486
604
922
913
647
99
695
405
327
875
362
117
930
39
535
163
278
584
611
886
0
462
589
108
567
180
876
378
352
523
211
167
246
516
296
226
133
787
469
746
99
61
452
461
925
327
98
486
154
875
299
855
19
504
27
383
506
971
340
20
246
777
371
871
319
635
581
152
783
905
909
920
1000
43
43
167
405
336
909
949
963
56
540
306
834
627
306
3
167
211
723
938
408
553
662
595
343
23
689
578
658
325
952
99
308
836
979
237
484
390
123
177
893
960
457
779
133
158
199
881
462
0
969
763
84
21
477
530
213
199
75
181
569
470
836
797
781
590
290
261
447
448
898
396
924
647
855
362
40
700
761
440
97
613
241
86
714
669
436
532
952
579
634
511
7
481
850
935
707
282
620
692
823
976
339
346
602
732
367
679
744
789
735
196
952
273
310
75
759
464
753
125
474
435
591
149
220
393
662
63
262
424
759
959
29
885
369
626
184
702
389
26
148
830
1
792
966
689
510
811
589
969
0
979
992
756
835
39
457
614
581
720
920
486
752
299
226
326
216
285
374
435
39
821
858
290
618
166
813
995
667
213
407
25
57
384
592
584
17
719
98
316
860
403
889
348
208
96
975
525
643
554
454
665
996
441
909
276
692
968
991
448
873
347
150
734
705
74
76
857
796
661
420
920
1
280
143
90
123
959
750
883
814
68
431
871
735
782
384
48
234
863
374
624
548
887
290
1000
875
243
108
763
979
0
58
338
379
370
217
336
723
245
157
3
728
534
28
701
141
782
846
861
892
58
139
321
168
411
731
8
830
125
5
822
375
852
390
764
584
707
897
466
934
587
815
397
399
773
725
622
460
63
136
961
143
653
289
118
969
499
769
907
252
117
257
62
528
420
884
7
134
177
208
530
716
327
750
332
981
149
510
246
260
879
675
566
242
234
827
923
584
247
403
511
546
76
659
69
250
254
567
84
992
58
0
654
177
34
675
120
387
378
246
11
464
915
575
14
415
436
718
72
21
660
781
820
319
979
258
340
696
782
814
735
465
698
977
78
656
209
62
109
728
444
374
543
600
341
529
68
508
787
820
417
615
110
255
190
489
249
333
631
773
582
906
238
322
751
638
188
161
849
379
957
804
709
705
835
94
425
691
320
366
510
254
37
307
18
180
437
586
929
572
272
792
680
575
470
945
878
180
21
756
338
654
0
668
894
110
508
969
751
885
73
202
329
432
38
581
382
986
332
932
644
429
624
715
630
480
41
492
698
248
127
304
261
567
36
899
788
682
249
523
692
599
251
367
473
498
193
623
700
667
901
139
800
62
789
843
588
595
919
29
988
594
859
366
8
555
377
482
958
156
421
607
348
340
398
440
381
104
697
748
509
747
547
806
338
231
234
454
355
843
419
873
696
21
181
161
419
876
477
835
379
177
668
0
563
872
261
625
553
286
755
102
597
122
983
49
572
592
672
963
528
444
503
377
631
391
888
272
385
633
206
991
922
868
155
83
49
202
722
27
384
947
840
90
858
565
697
227
303
859
608
519
973
789
223
891
612
49
380
371
106
985
439
410
235
333
297
25
503
590
149
839
69
34
729
889
246
724
979
145
724
60
310
316
953
343
143
268
381
627
430
322
942
570
354
453
542
378
530
39
370
34
894
563
0
353
896
87
620
663
84
791
207
285
314
172
803
117
159
583
509
261
945
827
453
522
337
673
188
392
769
643
470
920
126
96
886
512
863
875
331
135
510
687
674
336
858
104
132
372
969
8
279
700
739
770
965
856
570
576
774
38
158
145
450
462
237
843
841
422
295
84
451
97
286
524
682
60
835
805
442
452
367
859
529
148
937
934
487
568
709
657
354
100
130
34
111
352
213
457
217
675
110
872
353
0
836
242
57
938
152
689
543
40
663
43
585
920
119
482
378
140
410
574
859
97
918
601
48
284
383
900
537
442
787
383
981
69
791
3
542
204
968
823
121
5
350
286
642
244
520
926
896
263
333
228
428
483
827
189
44
940
866
154
88
752
75
51
91
4
768
624
688
529
500
761
150
958
315
311
224
846
188
862
772
586
554
736
9
575
129
533
235
288
667
366
773
523
199
614
336
120
508
261
896
836
0
987
504
240
444
264
241
855
347
60
240
254
593
590
204
588
162
731
559
218
862
338
11
335
529
517
23
223
800
428
722
957
723
825
916
252
953
687
29
297
358
161
355
716
526
193
669
951
816
605
382
922
707
404
321
859
750
717
633
947
480
996
175
586
965
837
46
594
696
61
555
917
987
427
651
646
558
53
637
530
585
673
523
658
263
675
779
780
500
924
47
211
75
581
723
387
969
625
87
242
987
0
731
575
609
109
640
432
54
221
926
183
245
575
901
246
794
422
401
611
520
254
543
726
811
113
342
78
431
116
627
731
504
508
41
273
539
249
767
735
63
706
408
837
790
693
114
995
602
420
416
546
657
610
482
221
771
302
7
399
211
833
809
400
603
217
820
313
38
819
615
845
734
97
185
88
381
185
631
936
896
511
236
330
657
550
551
483
427
305
833
167
181
720
245
378
751
553
620
57
504
731
0
177
180
933
905
747
180
14
741
35
671
702
159
224
919
875
392
449
763
948
876
185
832
706
591
749
957
936
521
993
983
516
280
235
979
866
80
118
392
619
433
24
698
781
890
394
678
807
487
105
349
639
420
263
136
507
71
355
335
274
591
796
762
733
992
290
526
967
485
742
370
932
452
106
1
343
843
647
185
280
88
253
766
606
276
589
557
670
890
246
569
920
157
246
885
286
663
938
240
575
177
0
867
289
954
955
721
211
654
114
376
76
746
484
732
626
524
654
980
998
931
677
399
458
519
253
698
639
676
372
954
995
329
627
781
183
40
430
226
1000
233
308
115
58
484
947
665
768
824
379
508
113
763
343
934
904
453
928
39
78
628
165
118
125
388
99
10
536
965
331
922
744
33
289
245
689
710
892
396
320
802
842
582
999
477
895
382
220
432
516
470
486
3
11
73
755
84
152
444
609
180
867
0
467
96
586
236
417
61
159
311
820
789
549
915
578
449
566
525
637
384
27
653
141
942
869
871
538
986
9
408
632
694
237
430
245
432
70
848
40
947
495
557
961
171
25
574
527
387
381
727
989
582
564
111
649
519
622
866
198
439
362
253
866
804
612
171
699
412
99
502
714
841
264
836
24
139
25
183
923
926
528
98
847
267
982
700
756
933
296
836
752
728
464
202
102
791
689
264
109
933
289
467
0
647
129
309
161
987
922
393
701
747
848
893
497
333
503
322
706
164
536
526
816
851
601
292
990
866
230
558
521
310
73
839
104
386
715
853
112
617
180
177
824
77
680
872
967
609
46
539
141
461
822
633
622
328
247
591
7
492
865
188
306
10
127
970
144
758
391
869
952
892
971
932
442
415
974
656
993
293
119
444
142
910
763
614
548
740
226
797
299
534
915
329
597
207
543
241
640
905
954
96
647
0
186
574
399
874
14
24
357
38
872
662
382
324
659
312
584
1
834
384
805
263
822
457
79
316
463
723
869
934
787
819
262
494
386
849
615
790
234
914
510
983
917
940
235
503
608
79
2
404
620
880
698
208
905
968
107
147
187
263
411
54
116
890
549
764
686
198
264
943
466
934
574
274
188
290
251
181
502
592
903
794
736
962
915
286
133
781
226
28
575
432
122
285
40
855
432
747
955
586
129
186
0
286
866
845
61
581
95
420
670
426
868
188
538
708
51
398
954
236
14
976
539
548
671
56
960
658
478
339
415
490
589
985
690
680
9
260
163
745
366
362
255
713
178
926
975
964
453
317
46
980
816
870
718
374
507
103
378
835
712
637
787
149
679
146
200
254
286
617
179
179
950
668
244
1000
968
261
898
398
909
571
343
621
210
81
787
590
326
701
14
38
983
314
663
347
54
180
721
236
309
574
286
0
202
857
962
659
333
702
562
28
540
460
168
91
54
978
335
1
855
526
265
225
22
23
801
46
253
834
47
684
801
828
240
349
863
282
747
350
168
53
776
113
262
310
183
868
180
260
348
109
460
656
381
703
587
244
54
688
488
881
565
41
55
728
961
878
682
748
336
322
688
321
839
299
247
757
450
124
429
548
246
74
132
871
469
290
216
141
415
581
49
172
43
60
221
14
211
417
161
399
866
202
0
976
672
874
759
717
253
634
817
250
178
265
429
889
373
596
262
204
222
262
406
269
142
783
564
671
880
200
547
320
458
933
397
338
764
264
238
478
853
641
304
655
703
177
762
373
194
855
341
807
942
660
209
573
289
343
824
952
823
673
592
136
320
722
477
548
250
608
48
778
18
658
674
721
538
505
207
903
320
375
822
544
746
261
285
782
436
382
572
803
585
240
926
741
654
61
987
874
845
857
976
0
381
692
600
566
761
609
681
116
978
788
642
549
385
132
414
796
639
122
853
509
242
590
207
236
724
148
748
985
972
923
326
8
172
616
210
205
24
471
806
359
986
67
449
964
83
430
695
979
872
940
634
584
66
756
215
844
789
491
670
873
228
676
86
488
217
565
352
180
22
566
649
799
492
743
567
367
717
766
852
448
99
447
374
846
718
986
592
117
920
254
183
35
114
159
922
14
61
962
672
381
0
475
294
121
451
105
484
512
7
344
149
500
783
452
497
246
367
944
222
795
662
779
461
959
339
606
570
712
562
161
84
777
723
339
222
642
440
75
135
437
740
114
276
829
244
681
37
418
369
111
666
632
193
780
687
589
61
155
784
302
397
507
462
467
526
818
832
614
973
669
34
100
342
128
542
10
535
27
917
127
61
448
435
861
72
332
672
159
119
593
245
671
376
311
393
24
581
659
874
692
475
0
352
57
299
347
823
18
318
351
152
473
784
30
491
554
831
896
431
583
768
311
182
937
80
516
192
368
721
848
93
283
834
971
353
338
797
13
356
446
879
137
983
520
859
796
472
428
163
274
644
560
309
554
189
326
361
642
737
511
598
65
214
766
365
692
31
397
172
408
207
83
702
288
852
119
906
960
480
578
452
898
39
892
21
932
963
583
482
590
575
702
76
820
701
357
95
333
759
600
294
352
0
708
327
311
938
698
218
330
603
651
155
813
768
149
78
866
159
100
53
918
628
850
561
117
924
999
926
548
725
746
66
75
367
225
158
13
776
542
717
875
37
752
754
807
875
286
222
546
890
729
841
765
731
647
626
675
48
91
644
269
714
965
747
191
910
698
729
756
801
88
325
963
107
873
433
910
826
98
461
396
821
58
660
644
528
509
378
204
901
159
746
789
747
38
420
702
717
566
121
57
708
0
859
577
498
241
215
208
348
917
917
642
254
299
391
305
204
324
31
900
329
441
595
133
432
965
685
307
962
212
567
641
544
812
393
931
530
787
903
354
844
661
766
589
608
44
798
329
98
322
540
213
791
343
772
220
97
419
506
68
890
553
900
956
378
447
780
889
392
902
483
267
158
364
380
657
202
692
925
924
858
139
781
429
444
261
140
588
246
224
484
549
848
872
670
562
253
761
451
299
327
859
0
395
507
298
261
972
152
94
454
591
358
398
933
276
415
486
158
950
958
483
686
342
371
179
359
822
971
361
775
586
115
955
850
691
982
990
896
41
459
636
463
708
585
929
726
331
581
849
57
755
490
576
433
91
85
475
722
237
842
579
94
230
467
791
611
255
719
725
532
199
785
283
770
240
88
915
327
647
290
321
820
624
503
945
410
162
794
919
732
915
893
662
426
28
634
609
105
347
311
577
395
0
228
371
587
573
120
395
370
624
976
848
839
117
788
867
330
778
173
721
512
63
919
247
387
704
699
564
515
502
97
622
588
781
973
326
291
228
415
55
474
282
536
811
424
537
714
608
601
77
845
460
283
401
829
256
743
368
901
915
954
135
97
279
22
542
435
632
970
716
355
551
239
512
388
650
98
855
618
168
319
715
377
827
574
731
422
875
626
578
497
382
868
540
817
681
484
823
938
498
507
228
0
791
20
503
778
982
199
368
772
591
176
950
442
342
710
386
683
936
668
660
626
574
690
162
106
587
728
748
807
926
773
761
200
194
815
915
320
460
738
347
972
280
614
131
508
973
352
348
464
931
568
840
437
281
309
54
494
212
821
39
24
404
702
988
777
976
991
930
458
309
29
299
81
200
486
362
166
411
979
630
631
453
859
559
401
392
524
449
333
324
188
460
250
116
512
18
698
241
298
371
791
0
82
254
399
292
430
687
87
42
264
646
278
552
865
425
152
329
324
256
181
932
310
413
957
660
631
879
939
931
934
707
773
436
468
772
703
132
552
848
544
595
630
58
717
973
643
119
722
542
53
141
209
5
42
823
631
580
415
444
595
424
850
68
493
132
831
87
626
847
956
275
515
439
154
40
813
731
258
480
391
522
97
218
611
449
654
566
503
659
538
168
178
978
7
318
218
215
261
587
20
82
0
968
755
528
902
326
747
812
583
973
98
468
270
921
916
455
859
533
942
410
920
689
385
793
231
740
472
732
568
389
369
71
319
205
852
927
595
566
52
866
552
241
396
274
969
219
758
73
584
435
466
277
73
936
119
209
742
406
9
902
580
117
964
807
63
187
102
925
5
511
216
102
875
700
995
8
340
41
888
337
918
862
520
763
980
525
322
312
708
91
265
788
344
351
330
208
972
573
503
254
968
0
671
295
145
356
176
910
428
497
615
286
632
426
51
971
665
217
561
829
533
414
631
814
530
340
337
420
373
996
274
533
180
94
55
68
940
570
168
964
595
699
73
95
214
776
89
312
849
929
582
246
436
338
107
313
748
589
667
140
895
421
165
699
879
467
882
923
981
779
131
861
299
761
667
830
696
492
272
673
601
338
254
948
998
637
706
584
51
54
429
642
149
152
603
348
152
120
778
399
755
671
0
272
960
810
963
220
103
281
11
960
40
39
278
330
486
58
885
382
412
619
660
455
637
394
972
675
17
937
824
162
780
497
696
960
617
190
989
81
705
638
949
293
10
446
667
473
503
909
703
527
958
81
196
321
294
914
340
974
757
531
310
911
929
950
653
218
381
866
380
351
855
440
213
125
782
698
385
188
48
11
543
876
931
384
164
1
398
978
889
549
500
473
651
917
94
395
982
292
528
295
272
0
610
604
966
220
841
304
488
971
644
439
469
7
663
744
573
376
713
582
690
397
613
719
870
343
793
911
605
873
323
971
504
1
110
419
979
156
795
66
339
647
642
480
105
678
898
538
790
913
817
474
589
128
566
423
418
328
127
654
669
134
527
761
873
627
105
464
43
63
19
97
407
5
814
248
633
392
284
335
726
185
677
27
536
834
954
335
373
385
783
784
155
917
454
370
199
430
902
145
960
610
0
685
502
926
696
242
588
608
568
451
831
701
515
232
268
758
638
805
192
560
878
37
743
536
259
626
562
476
281
868
209
87
611
706
219
557
125
951
830
970
875
513
680
767
343
829
88
898
93
647
926
961
611
184
471
249
866
804
647
485
828
230
111
800
488
220
369
338
504
613
25
822
735
127
206
769
383
529
811
832
399
653
526
384
236
1
596
132
452
30
813
642
591
624
368
687
326
356
810
604
685
0
958
427
278
827
979
110
726
647
157
17
258
186
42
322
517
123
916
639
972
309
957
623
800
202
500
425
770
186
379
609
982
297
475
135
124
952
885
361
638
44
15
67
867
698
93
183
62
534
656
646
68
12
38
249
577
757
632
722
72
181
347
928
558
174
128
522
27
241
57
375
465
304
991
643
900
517
113
706
458
141
816
805
14
855
262
414
497
491
768
254
358
976
772
87
747
176
963
966
502
958
0
618
210
330
155
840
645
266
360
697
683
814
969
464
739
221
250
172
129
77
819
103
985
445
70
438
426
927
861
825
709
847
192
763
396
260
62
536
78
946
167
753
324
437
555
191
325
49
601
644
170
129
784
652
241
807
413
215
261
241
527
76
326
675
421
882
383
86
384
852
698
261
922
470
537
23
342
591
519
942
851
263
976
526
204
796
246
554
149
299
398
848
591
42
812
910
220
220
926
427
618
0
1
409
226
732
753
771
585
769
152
812
980
611
319
976
579
898
60
518
875
426
967
453
158
872
494
718
707
574
657
841
757
424
286
28
875
851
310
473
202
956
367
125
500
282
615
778
649
694
807
118
257
843
559
109
775
67
257
938
173
138
93
947
366
570
506
714
592
390
977
567
868
920
442
223
78
749
253
869
601
822
539
265
222
639
367
831
78
391
933
839
176
264
583
428
103
841
696
278
210
1
0
428
146
734
727
88
663
789
84
635
28
193
594
66
993
263
85
62
635
335
287
630
177
811
110
943
396
244
118
282
388
61
737
546
4
256
510
38
730
143
58
375
954
367
227
604
146
889
220
232
891
568
222
284
690
732
245
426
2
252
541
102
983
85
971
669
584
764
78
36
155
126
787
800
431
957
698
871
292
457
548
225
262
122
944
896
866
305
276
117
950
646
973
497
281
304
242
827
330
409
428
0
114
95
651
845
996
62
368
533
423
619
484
660
462
387
388
712
134
670
114
586
705
277
836
944
243
124
521
44
250
572
499
181
208
996
952
242
696
850
268
204
300
591
507
396
629
628
569
206
727
501
228
713
807
504
331
14
945
369
875
390
295
595
340
436
17
584
656
899
83
96
383
428
116
936
639
538
990
79
671
22
406
853
222
431
159
204
415
788
442
278
98
615
11
488
588
979
155
226
146
114
0
95
522
4
249
948
322
462
908
857
928
77
150
639
9
84
262
866
788
743
202
596
776
958
467
37
881
104
239
43
750
582
189
200
251
595
374
991
937
10
431
772
327
85
7
565
685
994
268
260
740
938
895
350
691
107
547
223
106
41
347
317
20
532
719
707
209
788
49
886
981
722
627
521
676
986
866
316
56
23
269
509
795
583
100
324
486
867
342
552
468
286
960
971
608
110
840
732
734
95
95
0
205
633
891
505
140
859
486
291
693
391
701
769
408
900
773
538
473
872
278
6
274
679
788
960
280
74
719
929
318
849
405
702
979
780
425
433
64
638
633
60
399
522
21
594
252
820
577
424
74
105
895
216
498
880
500
275
697
329
146
707
246
952
98
897
62
682
202
512
69
957
731
993
372
9
230
463
960
801
142
242
662
768
53
31
158
330
710
865
270
632
40
644
568
726
645
753
727
651
522
205
0
885
908
60
280
32
705
190
855
813
978
14
845
137
946
453
561
814
736
974
326
192
124
209
866
498
324
471
397
469
346
311
289
685
35
774
522
174
234
909
334
641
868
391
100
431
68
596
104
304
156
864
305
419
638
638
428
175
523
38
777
579
316
466
109
249
722
863
791
723
504
983
954
408
558
723
658
46
783
590
779
311
918
900
950
778
386
425
921
426
39
439
451
647
266
771
88
845
4
633
885
0
513
509
388
269
741
168
968
951
797
429
374
775
16
396
954
926
948
848
669
486
901
738
562
526
565
813
242
83
782
786
938
658
367
113
220
890
782
659
259
638
598
551
175
143
305
494
521
43
339
274
261
7
859
480
968
959
345
348
371
634
860
934
728
523
27
875
3
825
508
516
995
632
521
869
478
253
564
207
461
182
628
329
958
173
683
152
916
51
278
469
831
157
360
585
663
996
249
891
908
513
0
11
521
699
236
278
854
545
118
277
679
829
495
397
430
604
143
291
268
199
889
381
804
889
86
924
149
152
435
429
204
124
1000
109
719
632
99
365
918
982
68
75
635
605
352
389
424
69
578
3
179
104
567
319
111
600
922
291
871
511
403
587
444
692
384
331
542
916
41
280
329
694
310
934
339
834
671
236
959
937
850
441
483
721
936
329
455
971
330
7
701
17
697
769
789
62
948
505
60
509
11
0
291
76
541
206
75
412
242
20
439
802
42
456
944
697
325
364
565
309
471
756
564
53
119
721
867
386
224
831
61
658
159
731
92
64
638
243
568
889
777
426
645
874
802
30
340
500
364
536
289
860
169
114
597
219
297
551
319
7
889
815
374
599
947
135
204
252
273
235
627
237
73
787
415
47
880
724
339
80
561
595
686
512
668
324
859
665
486
663
515
258
683
152
84
368
322
140
280
388
521
291
0
295
107
734
568
354
2
610
908
513
342
477
196
789
617
825
19
559
130
575
777
482
923
388
677
93
386
649
803
568
382
436
271
161
109
121
907
25
179
384
390
880
244
369
336
843
346
307
260
911
765
98
913
714
78
698
635
481
348
397
543
251
840
510
968
953
539
979
781
430
839
819
490
684
200
148
606
516
117
133
342
63
660
256
533
217
58
744
232
186
814
812
635
533
462
859
32
269
699
76
295
0
445
683
453
173
774
325
113
125
935
162
626
49
199
892
163
735
623
894
206
517
558
406
294
781
486
57
10
306
258
74
795
745
825
324
120
69
257
788
631
201
309
342
870
262
514
354
305
354
363
305
589
777
697
324
581
850
208
399
600
367
90
687
823
687
249
866
183
245
104
262
589
801
547
748
570
192
924
432
371
919
626
181
942
561
885
573
268
42
969
980
28
423
908
486
705
741
236
541
107
445
0
265
348
666
837
441
274
979
574
870
898
581
31
388
859
391
654
931
486
826
303
691
697
816
168
782
115
126
233
243
700
909
385
221
678
884
303
443
790
267
848
676
276
603
61
417
72
52
343
980
868
959
875
984
152
935
96
773
341
473
858
674
121
29
767
80
40
432
386
494
985
828
320
985
712
368
999
965
179
247
574
932
410
829
382
376
758
322
464
611
193
619
857
291
190
168
278
206
734
683
265
0
332
264
399
220
291
310
910
135
467
294
454
639
401
343
580
163
270
328
914
744
372
280
301
652
394
748
311
728
851
528
330
13
337
519
973
157
81
729
947
918
141
704
327
782
369
783
564
841
909
662
146
2
783
707
975
725
529
498
565
336
5
297
735
118
430
70
715
386
690
240
458
972
562
721
926
685
359
387
690
310
920
533
412
713
638
517
739
319
594
484
928
693
855
968
854
75
568
453
348
332
0
524
276
920
514
244
404
279
871
500
237
842
118
21
191
866
990
313
957
125
941
309
876
803
257
381
815
870
851
720
433
229
806
1000
52
900
839
199
787
281
163
155
719
650
874
574
506
21
147
586
982
179
905
282
525
622
68
193
697
858
350
358
63
392
226
848
853
849
680
349
933
923
161
848
548
307
822
704
162
413
689
414
619
582
805
123
221
976
66
660
77
391
813
951
545
412
354
173
666
264
524
0
8
9
767
170
185
456
244
54
998
263
955
175
402
886
213
418
562
231
112
784
949
1000
789
750
320
765
771
537
74
417
318
690
738
155
316
571
361
466
79
126
753
913
388
56
298
248
295
956
409
377
909
620
643
460
508
623
227
104
286
161
706
619
1000
40
112
615
9
863
397
326
84
93
725
962
971
699
106
957
385
631
660
690
192
916
250
579
993
462
150
701
978
797
118
242
2
774
837
399
276
8
0
864
50
20
316
852
472
916
478
735
459
943
957
937
274
39
315
885
381
489
99
556
726
804
298
887
277
79
934
925
379
540
343
596
821
54
803
751
326
318
768
348
224
992
442
542
720
324
112
984
920
692
554
63
787
700
303
132
642
355
408
433
233
947
617
790
260
282
338
8
777
283
746
212
361
564
587
660
793
814
455
397
560
639
172
898
263
387
639
769
14
429
277
20
610
325
441
220
920
9
864
0
58
121
409
855
901
770
462
348
555
804
520
155
597
945
163
504
25
580
668
192
154
906
517
907
635
593
875
924
740
778
955
379
426
249
896
134
674
539
481
461
627
530
37
359
778
223
895
269
1000
823
454
136
820
667
859
372
244
716
837
24
308
495
180
234
163
747
764
172
723
834
66
567
775
515
728
631
231
530
637
613
878
972
129
60
85
388
9
408
845
374
679
439
908
113
274
291
514
767
50
58
0
70
454
60
416
76
498
626
897
456
850
253
981
267
878
637
664
612
992
249
326
153
164
439
20
579
913
504
998
50
622
193
480
898
457
658
917
174
482
981
977
283
637
76
190
462
195
348
43
976
665
961
417
901
608
969
520
526
790
698
115
557
177
914
745
350
264
616
339
971
75
641
586
502
748
879
740
340
394
719
37
309
77
518
62
712
84
900
137
775
829
802
513
125
979
310
244
170
20
121
70
0
240
70
894
938
937
288
553
351
343
748
601
405
15
386
254
641
856
919
811
606
345
592
221
452
254
283
309
535
348
532
994
777
766
42
876
794
50
558
333
419
309
150
901
338
908
753
43
339
996
143
615
139
519
8
926
193
693
781
58
961
824
510
366
168
238
210
222
353
367
544
115
97
807
939
472
337
972
870
743
957
819
875
635
134
262
773
946
16
495
42
342
935
574
910
404
185
316
409
454
240
0
906
483
783
989
648
693
297
673
682
644
856
924
899
778
991
580
41
224
42
881
839
474
463
483
527
507
551
610
125
261
795
546
374
345
362
526
593
460
993
722
758
180
217
804
794
167
346
441
653
110
800
973
279
896
669
114
890
484
171
77
983
362
53
478
205
642
338
225
812
955
622
926
931
732
420
675
343
536
623
103
426
335
670
866
538
453
396
397
456
477
162
870
135
279
456
852
855
60
70
906
0
818
178
737
654
911
958
580
543
680
516
17
175
965
34
152
494
384
238
391
449
82
719
465
464
387
840
353
972
930
171
569
871
579
646
742
613
1
650
436
554
324
222
610
580
405
602
909
289
255
62
789
700
263
951
995
394
947
25
680
917
255
776
853
24
440
797
158
393
850
588
773
934
568
373
17
793
259
800
985
967
287
114
788
473
561
954
430
944
196
626
898
467
871
244
472
901
416
894
483
818
0
295
614
8
922
865
676
320
732
898
760
289
938
558
313
96
986
358
962
642
409
804
477
153
253
199
427
39
281
762
488
729
78
244
460
343
856
967
699
265
254
207
341
470
336
732
276
118
190
789
223
739
333
816
602
678
665
574
872
940
713
113
641
471
75
13
13
931
691
781
761
707
389
996
937
911
626
202
445
453
630
586
743
872
814
926
604
697
789
49
581
294
500
54
916
770
76
938
783
178
295
0
607
441
149
872
483
392
903
684
860
945
251
965
84
946
63
641
67
678
585
121
948
383
164
575
352
151
123
791
131
598
103
501
200
253
525
55
948
47
740
593
287
457
909
367
692
969
489
843
891
770
228
605
420
807
768
527
967
235
178
262
304
806
135
356
776
530
982
973
200
773
369
274
824
605
562
500
70
158
177
705
202
278
736
948
143
325
617
199
31
454
237
998
478
462
498
937
989
737
614
607
0
366
950
439
672
39
110
564
466
985
774
407
268
581
819
246
627
823
78
308
847
786
625
916
569
567
257
68
725
908
264
212
521
919
730
364
399
497
832
907
137
792
949
679
968
499
249
588
612
965
428
382
416
487
824
387
609
503
926
310
655
359
437
446
542
787
990
326
194
436
71
533
162
873
476
425
438
872
811
277
596
6
974
848
291
364
825
892
388
639
842
263
735
348
626
288
648
654
8
441
366
0
538
914
595
450
119
130
389
279
442
620
736
743
989
532
892
473
922
495
5
464
218
571
508
113
821
177
931
117
884
996
883
8
88
566
870
272
896
852
683
60
963
744
991
769
333
595
49
856
483
922
546
105
379
381
46
608
975
183
703
986
740
879
717
903
896
291
815
468
319
180
780
323
281
770
426
494
110
836
776
274
326
669
268
565
19
163
859
401
118
955
459
555
897
553
693
911
922
149
950
538
0
301
623
103
768
249
403
920
151
308
734
192
715
153
558
200
350
183
884
388
263
649
22
168
374
395
453
829
940
921
1
895
738
416
732
556
969
41
606
298
56
789
448
907
631
919
380
570
827
707
657
349
508
727
539
79
964
868
177
67
114
137
875
354
41
228
915
772
205
94
497
971
868
186
927
718
943
944
958
679
192
486
199
309
559
735
391
343
21
175
943
804
456
351
297
958
865
872
439
914
301
0
526
455
651
188
129
63
981
653
363
85
944
482
556
757
652
22
916
359
665
490
837
606
89
42
895
235
265
813
212
139
129
727
236
593
898
162
311
91
540
735
873
252
773
29
371
576
189
404
610
639
113
989
141
2
453
180
762
449
276
983
37
844
459
415
320
703
852
55
696
504
209
379
861
707
396
243
467
788
124
901
889
471
130
623
654
580
191
402
957
520
850
343
673
580
676
483
672
595
623
526
0
951
773
187
272
592
388
215
484
972
47
731
392
725
631
606
82
848
245
698
997
73
541
109
513
97
545
313
581
754
967
387
754
628
233
549
955
742
306
196
347
117
582
988
106
774
44
321
482
420
763
582
461
404
317
260
373
964
829
520
752
661
636
55
460
132
927
68
960
1
87
609
825
574
244
124
37
960
209
738
381
756
575
894
931
163
866
886
937
155
253
748
682
543
320
392
39
450
103
455
951
0
703
657
66
300
439
417
231
342
528
180
355
979
558
205
754
959
253
684
195
240
456
429
159
69
332
119
841
924
616
152
978
924
801
51
163
390
834
952
150
257
906
594
985
38
940
859
221
263
343
564
822
620
46
348
194
83
244
859
754
766
463
474
738
552
595
940
617
110
611
982
709
657
118
521
881
280
866
562
804
564
777
206
486
270
990
213
274
597
981
601
644
680
732
903
110
119
768
651
773
703
0
535
827
419
148
704
330
805
680
73
83
788
517
779
22
219
753
128
251
295
374
57
945
651
776
502
88
515
790
227
825
204
429
219
904
462
627
273
734
62
238
859
439
158
866
750
771
136
934
111
633
880
980
109
855
430
681
796
807
589
708
282
347
848
566
570
190
419
706
297
847
841
282
44
104
74
498
526
889
53
482
517
826
328
313
418
39
945
267
405
856
516
898
684
564
130
249
188
187
657
535
0
260
217
753
896
740
654
949
389
496
151
802
503
695
36
530
917
946
259
623
952
412
993
46
823
926
904
838
158
797
215
645
529
578
515
306
310
705
528
322
366
410
145
154
717
302
507
904
649
622
698
816
460
341
695
37
472
875
608
585
536
972
544
52
168
989
979
219
475
192
757
388
250
239
719
324
565
86
119
923
558
303
914
957
562
315
163
878
15
924
17
760
860
466
389
403
129
272
66
827
260
0
