0
480
373
0
0
818
414
511
0
735
585
0
0
0
312
0
104
0
217
904
0
578
0
746
318
419
0
0
270
0
0
858
199
215
864
0
952
222
0
217
401
0
0
601
576
0
0
0
0
0
93
235
0
663
0
215
230
418
0
369
467
306
0
945
0
0
641
745
0
0
120
759
0
94
0
975
0
0
0
2
0
250
286
0
432
0
162
0
0
519
43
0
0
890
0
323
0
619
923
0
480
0
0
248
893
0
642
0
0
401
471
584
0
268
0
905
794
312
333
0
662
58
32
691
0
0
0
0
0
795
0
0
520
0
473
0
610
145
0
0
991
860
0
0
0
510
466
398
0
830
293
828
594
152
0
0
0
862
997
501
0
0
0
862
0
0
0
638
881
0
0
0
0
748
253
860
396
0
119
0
463
0
211
0
906
833
492
37
0
0
946
505
404
752
724
0
0
658
939
683
373
0
0
0
0
948
0
101
103
0
0
0
191
22
0
581
749
0
101
945
577
740
622
599
392
995
0
0
0
0
216
0
656
0
959
749
726
782
0
998
0
33
251
284
0
712
446
646
0
151
0
0
0
0
0
391
259
881
885
493
539
497
0
0
285
747
44
688
0
125
285
741
0
515
0
250
0
0
0
0
817
348
739
5
562
322
678
0
298
368
380
0
482
308
385
0
199
887
956
0
0
248
0
0
0
315
0
474
0
115
356
643
258
136
12
529
279
677
956
262
0
942
199
279
0
82
412
882
988
0
810
0
0
0
0
125
452
0
0
0
0
318
0
0
0
150
469
0
565
0
817
698
160
0
0
124
717
0
791
115
583
64
363
0
0
524
724
0
0
0
218
0
770
0
833
0
287
696
0
0
250
0
0
0
775
210
400
0
0
373
804
0
739
260
0
0
0
193
0
562
0
893
0
0
0
518
0
0
200
574
713
422
791
277
0
0
0
358
0
714
980
756
67
639
0
145
0
0
0
0
0
0
985
784
657
414
371
112
0
0
0
313
391
0
0
0
315
178
0
436
766
935
232
258
410
0
166
0
0
0
0
245
754
0
363
587
0
802
196
808
334
565
676
191
0
266
317
405
814
0
785
0
0
0
0
489
819
98
664
272
0
0
0
0
87
296
543
0
74
531
818
0
948
315
518
0
0
489
0
141
24
999
749
877
0
522
270
966
460
910
149
0
0
331
541
0
0
0
230
497
116
289
0
0
824
878
0
889
931
930
0
0
953
161
243
954
0
483
0
178
972
0
0
157
0
0
0
200
425
0
0
531
120
854
501
371
887
0
387
497
309
448
0
603
217
0
0
0
608
0
581
953
278
228
212
0
876
492
0
374
532
643
320
123
0
0
0
579
454
0
414
642
0
0
0
0
0
342
249
979
87
362
857
989
0
0
0
0
0
70
936
0
781
225
698
387
0
0
0
0
263
557
164
0
0
366
0
925
632
0
330
0
0
850
0
0
0
906
0
975
0
0
0
0
0
714
0
253
729
90
719
258
0
325
0
970
0
68
0
743
0
247
850
607
535
0
0
954
0
350
236
0
0
167
945
50
0
0
0
282
21
402
825
0
517
0
604
337
0
503
511
0
101
474
0
489
342
0
0
0
455
0
395
0
518
313
0
129
759
515
0
0
949
287
311
315
493
0
0
766
405
591
0
890
0
674
252
0
0
198
0
675
0
953
0
0
127
823
0
377
0
931
0
432
0
984
0
0
0
849
512
928
747
0
346
0
254
901
0
709
748
0
0
727
520
946
0
594
807
0
0
865
0
862
168
871
760
0
0
687
924
430
0
177
0
0
864
0
114
161
0
0
103
0
200
0
249
0
0
0
531
698
0
506
886
0
960
923
564
920
908
520
0
412
0
0
395
825
0
89
0
575
492
129
0
358
0
296
42
0
0
0
0
0
749
863
0
640
843
222
255
587
957
0
0
336
0
265
167
288
0
0
162
321
575
624
170
0
0
629
0
0
0
881
0
79
558
0
639
527
654
825
0
152
15
775
911
792
784
351
920
0
693
0
953
255
0
0
0
434
735
401
0
115
574
141
979
0
0
0
574
764
232
86
719
572
0
719
0
297
545
779
641
0
650
444
0
476
0
747
585
499
482
0
173
0
202
0
250
577
896
377
0
553
129
369
0
945
319
953
95
0
178
74
0
0
472
0
42
31
0
0
74
0
0
0
468
0
394
805
0
0
0
0
141
49
437
418
901
0
0
595
0
521
868
0
285
537
798
432
614
0
0
416
298
0
923
0
378
762
585
471
0
356
713
24
87
455
531
574
0
916
444
0
0
0
0
0
0
638
0
0
0
468
800
0
0
304
0
380
0
0
371
0
0
115
283
608
0
193
668
401
164
844
0
770
297
383
585
169
353
0
179
839
790
148
0
0
253
0
0
211
0
282
457
0
0
0
371
0
0
445
0
383
436
855
242
0
84
0
894
989
0
101
0
817
776
0
618
741
0
0
62
0
181
515
977
0
162
989
0
584
0
643
422
999
362
0
698
764
916
0
0
777
840
0
0
0
0
424
284
346
0
0
0
0
714
75
0
0
252
76
407
0
0
0
985
624
111
830
600
0
0
0
0
0
451
0
0
383
91
686
841
469
0
0
0
0
0
0
0
381
669
0
492
32
0
969
0
0
900
0
323
383
692
46
55
794
0
311
0
0
0
0
682
0
0
385
0
0
308
0
78
282
0
559
403
660
135
0
0
0
191
258
791
749
857
395
0
232
444
0
0
0
0
131
0
336
691
910
32
0
0
721
0
0
981
580
885
0
805
0
273
352
547
322
576
164
149
0
0
571
309
61
0
522
0
392
0
0
0
0
0
0
0
0
0
138
633
85
505
0
119
0
0
356
0
135
0
0
919
0
0
0
0
588
863
352
48
0
0
114
200
17
0
0
0
0
474
0
438
770
464
651
315
40
0
566
460
953
0
268
22
136
277
877
989
0
506
86
0
777
0
0
0
697
0
0
89
775
720
0
140
771
0
0
0
787
584
1
883
614
587
131
815
294
221
309
651
0
0
600
142
736
104
149
0
0
24
123
0
0
191
411
283
0
0
414
470
119
0
0
122
36
0
176
612
0
0
614
0
0
276
317
0
744
553
734
0
743
957
526
0
778
181
0
331
0
811
0
0
0
271
0
776
0
0
0
325
0
312
0
0
12
0
0
0
518
886
719
0
840
0
0
0
782
131
152
328
819
560
0
0
355
0
977
0
0
776
2
0
0
0
0
985
0
825
0
281
74
227
461
0
883
972
536
0
712
637
0
0
479
0
0
0
0
0
0
988
733
231
459
0
574
0
295
888
57
0
0
441
0
0
86
654
491
0
485
0
904
783
0
0
508
0
0
0
0
0
0
728
173
40
255
0
0
0
197
348
112
0
905
581
529
0
522
0
313
0
572
0
0
131
697
782
0
0
0
0
0
171
0
613
0
0
110
0
0
0
444
0
26
0
0
855
0
956
871
442
0
385
591
381
731
942
0
0
0
0
577
326
0
0
607
0
598
0
0
103
238
863
0
516
235
0
107
578
0
0
986
705
0
0
560
46
643
0
0
0
40
445
633
0
0
0
0
0
885
48
540
0
0
0
0
0
846
359
280
0
230
104
794
749
279
0
270
0
0
960
0
0
0
0
0
131
0
0
0
559
0
389
665
359
906
32
0
776
0
860
645
137
0
808
0
873
0
0
0
982
0
0
239
0
374
933
101
0
484
0
0
0
0
149
435
420
778
0
0
86
110
179
0
390
0
544
407
0
629
0
0
0
273
0
0
944
985
0
0
301
0
568
0
0
0
59
396
274
0
0
723
0
665
696
0
754
0
46
429
0
0
0
312
0
677
358
966
0
129
923
719
0
0
336
0
152
0
0
0
0
208
0
0
0
0
482
0
0
0
167
0
0
20
406
0
581
0
147
607
0
226
0
0
0
894
0
233
980
505
861
733
0
304
0
0
0
0
740
0
331
0
117
471
505
0
837
172
482
965
0
0
750
0
759
200
0
168
0
947
263
0
624
0
397
0
0
0
656
26
33
0
0
0
89
842
931
406
0
340
0
0
217
333
101
956
0
460
0
759
564
0
0
0
691
89
328
0
559
0
0
567
531
0
683
444
0
0
979
63
0
0
0
755
640
0
0
401
985
444
193
0
0
44
407
0
0
941
0
0
98
0
0
0
0
833
48
648
0
416
925
55
587
341
329
0
590
760
0
0
0
0
266
0
0
0
881
803
0
0
105
0
389
12
197
9
623
502
279
777
0
599
42
0
0
259
998
0
984
0
32
0
904
0
945
262
714
910
70
515
920
297
638
424
910
775
819
0
0
208
567
0
337
0
681
550
346
0
33
0
829
169
282
563
0
623
449
858
360
781
0
969
0
0
0
0
704
764
0
588
253
1
377
394
0
753
495
919
108
0
0
0
0
0
951
0
206
0
281
0
284
206
0
0
0
278
379
0
0
0
648
0
263
321
0
210
0
824
64
0
0
0
0
0
230
0
747
769
158
196
0
0
0
662
577
0
980
149
936
0
908
545
0
284
32
720
560
171
389
0
531
337
0
0
421
0
0
0
0
507
0
0
0
212
0
823
269
0
0
197
265
0
0
0
0
0
0
465
0
191
878
0
591
0
599
577
450
0
640
223
0
693
917
801
305
0
458
0
0
959
0
0
149
136
903
0
0
0
0
0
63
0
97
962
0
886
319
246
120
876
803
0
387
790
0
940
0
0
724
361
0
0
578
58
740
942
756
0
0
0
520
779
0
346
0
0
0
0
665
0
0
0
0
0
120
962
213
0
229
413
624
432
294
591
0
19
505
140
232
912
715
424
155
93
494
521
844
0
306
0
0
0
0
714
248
655
0
0
0
413
901
0
657
0
0
775
17
0
0
995
931
931
395
0
0
0
0
469
931
0
957
724
0
0
710
308
376
0
663
735
0
0
598
0
0
940
94
794
742
201
0
0
0
32
622
199
67
0
781
949
0
641
0
0
0
140
0
613
359
0
683
681
421
120
0
412
0
996
0
0
891
773
0
0
534
593
0
876
597
0
0
0
732
0
0
0
30
0
0
0
0
0
193
796
0
0
677
43
345
0
0
0
0
403
0
958
708
403
42
0
0
671
0
899
121
793
838
0
101
352
90
116
118
0
0
0
0
0
631
0
0
0
64
0
0
468
548
369
0
114
309
0
746
691
599
279
639
331
225
287
412
0
468
0
721
771
355
0
906
0
444
550
0
962
412
0
1
0
0
944
645
172
0
350
806
0
791
0
0
0
0
0
0
0
898
687
0
204
661
481
0
0
134
401
325
0
0
0
768
0
213
257
0
492
0
598
61
733
322
751
0
421
0
0
621
0
0
0
0
462
0
927
173
163
0
934
0
495
0
694
0
447
883
779
59
899
844
85
537
0
0
27
318
0
392
0
0
541
698
311
0
650
800
0
0
0
0
0
32
482
0
346
0
213
0
1
0
991
0
0
938
934
456
0
0
825
631
276
721
0
294
869
359
0
494
392
975
733
963
0
0
0
7
285
0
340
746
831
0
884
0
0
0
0
529
930
781
0
497
0
578
489
877
780
813
56
0
336
54
451
0
0
0
0
314
540
615
176
0
0
0
0
739
0
134
0
734
990
172
0
0
246
419
0
995
82
145
0
387
315
0
444
0
0
0
0
977
110
0
0
0
0
0
0
996
0
991
0
620
829
0
348
221
0
0
650
29
128
302
139
75
0
0
0
627
915
0
258
669
322
612
744
0
0
0
753
0
0
0
550
235
0
0
911
112
0
993
599
429
821
0
514
669
0
642
0
0
263
727
560
521
0
772
0
0
0
0
728
0
717
0
0
0
733
0
0
550
0
0
323
0
938
0
0
0
412
0
0
0
493
395
0
0
714
981
0
0
0
776
0
979
33
0
229
0
0
0
620
0
693
112
0
851
645
0
285
470
0
461
0
177
786
685
560
0
581
0
990
131
322
0
131
0
0
975
0
564
0
337
0
0
323
858
549
310
977
0
0
467
871
0
53
0
0
0
0
0
0
0
0
883
0
288
864
0
349
0
529
0
0
599
275
0
262
0
0
228
418
0
799
0
768
0
0
0
882
0
0
0
0
825
476
304
75
580
787
0
0
0
0
63
0
507
413
0
944
0
829
693
0
0
0
0
0
547
0
0
616
0
0
825
0
0
578
0
124
410
705
153
84
585
0
436
0
122
929
0
233
95
0
527
329
98
194
0
0
0
22
0
419
0
177
952
0
0
298
0
471
342
0
0
718
0
0
0
0
0
511
0
776
0
0
180
0
309
943
184
0
0
974
0
389
270
0
0
988
0
230
0
0
0
0
0
0
885
584
776
0
860
167
0
829
0
624
891
645
938
0
112
0
0
244
285
170
0
0
77
921
962
667
353
0
0
142
454
0
0
0
223
0
475
0
0
67
203
1
0
154
0
758
107
0
707
0
0
174
668
0
34
380
290
0
0
577
455
0
146
718
540
643
0
0
0
370
420
0
957
153
72
820
723
0
104
0
0
0
0
0
0
732
822
834
0
795
0
0
0
497
0
766
89
747
380
0
0
1
2
444
645
0
0
169
0
432
773
172
934
348
0
0
244
0
368
0
0
777
966
642
0
416
258
269
0
942
352
280
0
383
646
636
674
803
0
248
0
242
537
0
0
820
0
207
0
768
0
0
972
291
0
0
0
0
803
0
0
191
0
79
0
0
0
0
0
80
738
0
643
439
480
0
0
7
0
0
330
0
328
148
869
734
930
0
0
0
216
810
0
116
263
405
0
585
0
252
805
883
0
0
137
0
0
282
0
294
0
0
456
221
851
0
285
368
0
0
76
0
88
0
509
369
119
0
987
0
0
490
0
0
0
156
386
0
0
0
0
0
381
138
0
0
66
0
253
0
0
0
410
16
1000
0
88
668
825
0
397
359
0
0
161
29
827
0
0
0
165
699
507
72
0
0
0
0
135
0
0
688
0
794
759
493
229
858
858
0
0
0
0
289
557
591
575
499
0
76
0
614
0
26
0
20
755
563
212
591
0
350
0
0
645
0
170
0
0
0
0
110
0
0
477
247
179
630
248
361
0
0
203
668
0
636
207
0
409
0
0
0
236
0
0
855
886
0
188
222
956
968
304
0
0
3
236
0
450
0
0
0
0
0
210
0
570
0
0
567
921
465
0
0
422
0
0
0
724
981
0
67
0
435
873
0
218
186
199
520
656
0
985
0
164
0
492
482
371
407
273
587
0
0
808
406
640
0
0
0
534
806
0
0
0
547
0
0
76
0
0
911
0
0
0
0
0
0
0
557
527
0
844
411
781
737
0
0
481
954
487
462
223
168
162
0
0
524
0
492
665
0
639
842
0
173
0
0
128
0
383
0
138
339
509
339
0
0
0
249
0
362
0
55
0
0
488
907
0
645
0
0
0
539
0
265
438
0
215
0
0
0
784
0
0
890
129
0
0
0
352
131
0
0
0
0
0
623
823
19
593
0
825
650
285
0
0
777
0
110
911
0
184
837
587
6
0
244
96
23
0
375
502
0
249
132
563
0
171
0
241
763
0
0
170
435
976
0
200
0
987
287
0
883
332
412
138
0
0
0
0
132
0
0
734
928
0
10
133
0
550
924
327
413
928
631
259
0
598
0
0
714
0
502
0
377
0
0
864
473
959
0
657
824
0
0
0
173
0
0
547
815
985
855
873
581
0
449
269
505
0
791
631
29
470
0
77
966
88
0
0
184
0
0
674
0
0
80
221
350
0
122
0
856
399
0
0
790
142
0
226
159
101
524
830
0
0
399
0
707
0
966
528
982
0
655
0
367
0
0
453
0
0
0
984
0
0
594
742
621
0
156
0
670
407
0
743
161
0
710
0
0
0
594
0
0
915
152
0
0
749
125
414
878
366
674
358
0
115
0
322
294
0
0
0
0
401
858
0
140
876
0
276
128
0
616
921
642
0
0
0
837
0
0
882
819
0
94
0
843
64
0
872
0
0
0
0
0
105
0
787
449
883
277
686
12
0
998
0
41
875
990
0
678
0
824
0
775
861
0
362
0
0
0
984
140
299
920
0
403
169
140
0
0
607
542
560
0
0
616
0
699
769
0
494
718
0
740
952
610
726
452
371
0
0
252
0
202
283
985
576
221
825
956
0
147
985
360
0
232
597
0
721
302
461
0
962
0
509
477
0
587
674
882
0
452
0
956
616
0
95
834
158
113
324
0
419
0
0
0
776
0
699
0
0
0
0
318
0
0
956
0
0
286
0
792
0
201
0
0
611
0
624
61
0
271
0
69
650
0
0
0
0
417
923
0
0
0
0
557
0
837
686
0
0
93
0
0
222
145
782
0
112
889
925
0
296
0
608
624
164
309
0
871
0
607
444
781
197
912
0
0
0
139
0
0
667
416
369
247
0
6
0
819
452
0
21
0
0
0
861
363
0
0
0
0
863
232
194
34
947
0
204
0
0
827
589
294
0
2
0
522
813
215
0
0
0
0
0
842
0
0
0
77
0
224
858
0
893
381
0
0
737
0
0
0
0
43
0
766
0
821
0
0
740
0
330
0
0
0
0
0
0
931
632
0
42
250
0
111
149
651
281
442
982
0
193
0
265
715
0
0
294
75
177
825
353
258
119
179
0
0
0
0
0
21
0
0
0
0
827
0
0
331
0
0
54
754
496
0
0
363
561
565
0
926
403
35
0
933
0
752
0
0
5
0
0
133
65
603
566
0
855
0
0
0
517
537
0
274
0
730
846
0
152
26
0
806
823
0
0
100
276
818
424
856
259
0
217
0
998
0
0
930
0
198
0
577
193
830
0
0
74
0
0
226
0
969
0
424
0
0
869
0
786
0
0
269
0
630
0
244
80
94
956
0
0
0
0
88
16
33
0
0
453
0
972
156
678
575
0
0
0
0
0
766
619
0
281
0
0
438
336
72
574
0
274
0
35
85
0
286
409
0
739
690
0
613
46
363
0
988
0
401
228
0
0
0
0
666
766
0
619
782
679
361
0
590
401
991
0
0
0
0
330
0
0
896
668
600
0
0
227
385
0
0
0
0
0
155
732
0
359
0
685
0
0
0
987
248
0
96
221
0
616
0
0
0
0
696
551
29
414
706
0
270
0
0
346
0
0
882
0
365
0
131
0
248
725
0
0
0
0
911
49
0
0
569
0
872
359
0
8
0
0
0
0
602
0
724
0
0
0
107
0
0
0
989
56
0
93
0
584
0
706
421
960
68
0
860
33
318
313
0
0
675
0
377
401
0
571
600
461
591
239
0
44
0
0
93
0
0
0
0
560
578
142
942
0
361
557
23
350
843
0
0
0
88
696
0
500
136
0
284
415
730
0
0
549
695
543
0
192
0
0
0
0
0
759
0
680
615
0
0
314
438
0
0
0
547
973
873
0
899
0
0
888
245
106
0
0
0
4
102
0
995
521
0
0
0
1000
786
38
0
295
0
0
894
0
0
251
0
391
953
0
0
0
0
164
0
309
142
0
381
0
0
407
0
0
494
0
898
494
627
0
0
454
352
0
0
527
0
0
64
95
861
827
16
551
500
0
0
986
507
0
0
210
0
0
619
957
0
957
0
789
485
0
852
509
711
0
978
317
0
0
623
0
389
610
0
759
752
343
11
0
0
0
190
307
0
791
193
130
934
176
867
0
0
0
959
235
0
891
0
787
445
6
596
601
0
284
0
0
161
850
953
0
553
844
0
61
736
883
731
374
894
0
0
0
521
0
687
392
915
581
124
0
280
490
0
0
375
122
0
834
363
0
33
29
136
0
0
124
648
0
210
227
0
0
0
714
0
734
0
0
381
577
838
739
247
337
0
883
0
376
155
113
382
516
93
771
377
0
90
0
916
202
0
501
0
0
616
0
555
0
755
55
485
803
0
711
0
0
0
191
0
0
24
576
0
0
0
0
243
0
0
749
129
0
0
0
104
972
942
933
0
0
704
0
844
30
0
975
0
0
410
0
0
0
203
844
502
0
872
158
0
0
0
414
0
986
124
0
0
0
0
649
696
0
0
392
0
0
0
0
524
195
898
0
0
50
751
244
0
300
0
929
845
893
0
0
385
0
0
590
0
31
719
430
943
112
924
313
0
0
404
610
961
955
0
459
0
76
0
0
475
258
0
0
510
712
150
0
954
0
0
863
369
770
0
522
149
536
0
101
233
941
764
465
0
0
204
733
258
990
705
0
383
0
668
411
0
856
0
113
0
331
0
706
284
507
648
0
0
552
725
414
0
896
915
0
79
756
0
882
688
0
0
0
0
0
78
968
973
0
0
852
0
0
162
0
618
923
56
690
261
326
909
0
776
0
0
341
610
0
0
0
0
0
424
0
0
0
238
0
0
919
472
0
466
446
469
315
0
0
127
0
0
297
451
0
0
0
0
0
980
0
0
0
306
0
661
963
669
131
153
223
646
0
0
781
249
399
0
324
0
0
453
0
415
0
0
0
552
0
19
0
0
0
44
0
0
0
761
835
0
0
0
0
0
0
421
764
104
824
0
0
719
0
362
0
522
544
0
687
724
894
594
0
45
281
0
467
269
362
0
0
794
0
339
144
0
0
106
671
0
0
568
0
398
646
0
178
483
906
823
640
945
383
0
392
0
712
0
484
505
0
588
191
0
0
481
0
322
322
84
0
636
156
636
737
132
0
0
0
0
0
0
270
730
0
210
0
725
19
0
0
0
545
0
614
356
0
0
0
744
146
0
0
0
264
0
873
693
0
41
0
0
0
83
266
0
0
856
534
566
192
603
882
0
297
551
821
163
0
352
0
0
23
912
0
0
427
0
640
505
84
936
0
0
0
565
0
0
0
0
843
319
585
0
0
24
637
0
0
861
98
253
878
0
0
0
0
612
0
585
475
674
386
207
0
563
0
0
419
863
54
972
0
0
210
227
649
414
0
0
0
604
0
526
287
573
0
447
0
410
479
0
649
919
271
726
778
0
0
0
73
932
0
972
0
0
0
0
0
398
240
671
880
791
945
0
97
872
0
441
0
0
273
519
0
0
0
0
0
363
0
415
0
830
151
0
436
178
975
377
222
953
169
383
0
123
0
577
0
733
0
1
0
0
0
0
0
744
131
0
0
803
0
0
0
0
790
0
0
232
754
156
0
0
0
0
696
0
0
0
604
0
255
0
414
0
0
397
0
536
0
686
0
147
0
0
448
698
739
541
0
0
165
822
74
0
990
0
425
340
0
425
0
0
201
312
0
114
0
814
0
361
605
0
333
722
0
991
232
287
0
755
93
293
0
817
766
972
0
0
255
95
353
91
0
0
0
326
0
0
0
377
591
0
193
134
7
0
0
436
0
0
0
409
481
171
142
105
0
194
496
678
346
549
0
0
0
896
0
545
0
255
0
148
0
0
599
0
40
97
512
339
0
0
633
0
795
0
0
793
0
0
0
145
891
0
0
0
702
520
586
0
767
0
0
0
0
0
351
0
47
490
714
0
645
557
0
691
856
966
0
0
235
828
0
698
935
0
0
931
587
0
0
686
0
0
479
0
0
304
0
394
0
714
796
401
285
0
0
0
67
248
0
0
954
0
0
0
0
34
0
575
0
695
619
0
0
915
44
0
526
0
148
0
504
0
203
0
724
371
689
56
247
0
0
503
434
0
756
409
611
407
193
0
0
0
0
0
153
0
426
0
974
981
568
253
0
657
509
0
531
54
24
272
365
0
716
60
920
346
758
0
0
594
0
160
232
0
0
0
957
178
179
841
0
191
0
0
149
0
0
0
599
248
0
325
0
0
975
122
203
0
0
0
487
241
226
787
776
947
0
0
0
543
957
714
392
0
0
614
287
414
0
504
0
114
721
274
0
889
0
0
0
467
0
0
0
501
0
0
0
0
615
129
560
0
0
0
422
0
0
0
423
534
0
170
0
897
616
727
0
730
0
0
544
597
737
570
0
734
372
0
663
152
0
0
258
157
0
432
0
74
839
469
0
411
0
607
435
0
833
753
577
655
0
0
340
753
0
929
1
242
0
0
462
763
159
449
0
0
363
0
882
0
0
0
0
79
0
356
573
0
0
0
114
0
859
154
78
0
0
502
398
0
259
927
0
0
254
961
995
46
0
0
373
0
765
60
365
0
554
486
700
196
399
476
640
0
0
0
0
500
693
431
866
743
0
0
123
0
71
62
0
0
0
0
410
0
0
0
0
0
790
0
0
283
0
0
420
0
48
495
450
0
677
0
746
0
564
0
0
537
381
236
223
0
101
883
699
204
561
0
0
192
957
734
0
756
0
0
0
0
599
203
721
859
0
0
0
0
0
0
0
932
0
895
0
132
901
0
235
0
0
123
72
0
879
0
0
0
712
893
370
665
0
0
803
167
0
0
0
0
220
246
768
0
0
431
589
613
589
411
215
0
391
124
0
0
714
984
336
0
148
0
0
0
0
598
778
0
648
919
0
0
43
0
831
0
0
233
154
0
138
0
168
0
524
277
0
0
565
0
365
0
0
0
0
0
761
0
447
397
0
0
274
154
0
0
0
804
0
0
834
0
0
0
842
0
416
0
200
512
859
999
594
0
0
620
585
378
0
776
0
704
59
478
442
0
0
741
197
418
837
73
813
608
0
0
0
708
0
0
230
0
259
717
166
0
0
0
0
472
0
0
0
0
0
0
0
740
0
108
640
0
345
768
0
0
337
95
0
0
0
0
162
170
830
686
0
0
0
0
0
0
789
0
0
882
835
0
0
0
40
724
0
78
0
0
0
0
351
0
0
0
0
0
839
189
929
46
565
972
0
0
226
0
0
688
0
252
679
730
0
333
0
827
0
184
289
688
804
0
0
718
66
0
0
0
0
83
331
0
418
862
881
0
0
200
253
0
265
0
0
0
138
414
0
0
0
0
416
0
223
413
0
0
884
550
0
0
758
820
0
855
0
435
0
12
0
827
926
766
131
0
485
381
524
688
0
744
410
536
97
371
889
0
0
804
0
0
265
399
517
237
959
635
595
0
704
0
0
0
388
0
0
950
65
819
177
0
460
21
0
0
253
251
0
15
192
447
0
0
0
986
0
475
290
269
0
544
599
0
0
997
885
791
0
425
729
0
167
42
253
0
633
470
988
103
86
331
925
0
0
901
0
213
0
235
0
527
107
0
66
886
0
976
0
0
0
589
403
619
0
0
0
577
195
0
0
146
479
0
512
689
0
0
0
0
351
265
0
745
546
0
232
0
965
0
883
0
0
162
0
885
0
0
0
0
210
0
0
299
0
155
0
188
0
681
0
0
0
837
0
0
0
0
0
318
818
92
0
0
369
501
493
115
0
0
90
849
288
31
0
0
85
119
733
238
110
0
55
0
693
0
0
257
0
0
323
329
0
207
0
0
524
0
399
998
318
294
35
0
248
0
852
838
898
0
0
0
0
686
339
56
0
502
0
0
0
399
745
0
99
162
518
0
711
213
0
0
845
0
0
712
506
694
688
0
194
638
287
296
0
0
0
135
950
0
0
70
0
279
753
781
641
0
0
0
0
0
446
0
467
0
539
583
0
0
719
512
0
0
0
0
505
0
231
863
179
117
587
0
917
657
0
0
0
0
858
98
707
0
253
188
0
200
0
0
0
0
0
281
725
759
509
739
0
0
0
0
649
0
0
247
0
398
0
834
0
517
546
99
0
375
289
612
363
992
422
0
786
143
0
598
0
0
0
0
312
0
821
0
177
0
12
786
998
0
510
598
0
0
605
0
0
0
0
997
390
0
0
0
306
0
497
64
245
531
258
928
0
0
211
381
0
0
459
0
0
471
341
0
801
0
403
492
0
911
549
194
0
768
0
222
492
0
707
41
0
2
933
0
0
0
711
247
0
0
0
0
919
147
0
0
467
0
932
0
0
237
0
162
375
0
449
183
0
469
0
784
0
108
418
0
348
586
625
82
0
0
0
0
0
0
818
593
0
60
533
0
0
460
0
0
566
179
34
871
514
817
0
0
0
0
0
363
754
120
0
747
162
74
0
669
119
122
0
516
390
505
329
951
305
0
0
0
529
112
310
0
0
0
0
956
665
987
0
875
956
0
0
0
0
680
0
337
50
0
0
264
271
0
633
0
0
259
0
0
0
959
232
518
289
449
0
757
82
0
96
0
377
250
700
48
967
0
0
742
993
0
0
325
0
0
64
27
811
0
623
422
230
872
0
153
0
188
50
0
887
642
0
585
945
862
0
0
0
854
325
0
321
0
282
0
0
36
574
235
0
0
0
0
0
775
958
598
930
0
977
0
174
0
0
968
0
287
966
990
0
522
752
438
0
615
978
0
751
78
421
0
726
0
0
503
0
927
895
0
0
635
0
0
612
183
757
0
211
281
0
530
0
0
0
0
0
193
424
768
783
960
0
264
0
232
162
370
740
980
0
0
0
0
0
27
0
0
164
647
0
0
0
0
0
0
285
0
363
501
0
346
575
0
457
492
0
0
0
0
544
837
590
206
458
17
708
61
781
993
0
0
668
972
410
304
639
0
528
0
0
813
0
336
0
0
317
883
244
968
764
873
778
448
795
434
0
0
0
842
839
595
965
711
363
0
82
211
0
0
0
817
0
0
0
0
0
0
908
872
0
87
178
0
527
833
0
0
684
572
0
523
799
31
0
592
0
64
489
97
0
0
0
484
0
0
747
524
587
371
970
0
624
0
0
32
356
176
295
107
407
172
760
0
0
0
403
733
0
599
0
22
0
291
16
0
842
883
982
678
286
215
0
72
911
0
0
0
0
973
104
693
0
698
0
0
501
0
132
0
189
0
0
213
992
469
0
281
0
0
830
0
0
527
618
342
392
475
0
0
855
397
621
0
0
123
145
730
0
0
0
547
945
676
629
743
854
0
538
0
543
397
0
261
641
0
44
724
0
887
0
254
170
468
0
0
0
612
888
578
0
482
0
281
0
0
42
322
497
429
467
0
34
0
1000
0
0
332
0
0
0
0
5
574
49
314
0
376
300
0
824
0
0
739
0
756
0
254
901
416
929
704
883
0
422
0
96
0
0
830
0
0
633
575
556
0
681
390
110
0
954
540
281
384
0
361
0
612
0
0
0
0
0
161
0
0
216
220
0
0
0
959
0
0
745
638
688
0
802
0
68
901
0
0
0
969
135
0
57
0
629
965
0
0
959
995
0
751
0
821
871
419
380
0
0
3
173
412
655
824
792
0
0
0
0
438
623
155
0
0
0
41
0
541
793
409
0
961
0
0
46
0
0
0
0
784
0
530
817
0
0
0
0
314
307
0
482
910
0
0
245
580
0
401
641
0
422
968
616
0
0
699
0
844
0
0
0
0
446
0
906
225
0
126
0
881
0
0
196
387
0
0
0
394
371
0
0
0
0
0
0
0
0
284
0
931
0
0
578
0
0
0
290
0
88
236
0
138
0
0
0
0
0
274
0
0
0
113
929
852
0
0
73
0
0
611
0
995
235
200
565
0
0
845
786
0
377
0
0
0
633
0
0
0
0
896
0
293
0
0
466
0
0
334
0
904
0
922
0
669
0
0
0
232
981
417
55
0
868
0
0
536
0
718
0
0
125
0
808
497
743
709
629
805
0
0
0
614
0
986
0
0
0
206
0
931
671
421
489
514
53
177
0
0
668
0
0
0
367
775
201
0
133
0
569
0
389
382
845
0
719
0
932
0
0
407
0
46
0
512
972
0
162
0
143
108
250
0
0
527
575
314
0
0
474
0
694
0
600
976
668
727
0
623
8
385
116
0
750
0
155
0
0
0
0
0
0
260
0
250
0
364
0
0
120
0
285
218
334
309
0
748
0
0
0
900
919
0
441
705
0
750
266
0
149
395
0
0
877
669
0
952
0
803
825
450
128
0
0
861
0
0
65
35
0
0
610
516
893
0
0
0
0
165
0
193
615
0
0
859
0
388
0
0
0
418
700
0
0
618
556
307
0
474
0
175
0
0
814
447
991
489
0
694
13
0
840
604
0
744
0
412
0
351
876
681
0
0
0
320
0
737
206
0
759
0
741
0
565
448
247
0
0
0
445
0
0
0
0
0
273
0
0
0
136
0
899
0
780
0
0
0
577
0
0
0
0
0
0
0
0
842
603
85
872
547
0
93
0
162
362
83
972
822
145
0
129
0
123
999
0
0
885
712
598
0
48
0
0
342
0
0
896
0
175
0
924
644
577
0
226
0
0
0
390
834
337
46
588
0
132
241
0
159
0
0
0
939
0
409
0
628
721
624
0
0
0
770
676
0
850
0
0
0
0
323
0
276
0
0
0
759
0
0
903
0
121
621
813
642
0
0
455
0
397
0
383
0
453
362
611
0
566
0
359
973
759
771
0
0
0
266
0
74
891
0
560
373
72
594
226
0
0
506
0
348
967
0
0
392
681
482
0
694
0
924
0
896
435
0
0
483
0
0
321
941
0
400
331
0
0
798
0
363
0
101
938
583
0
628
360
975
0
556
94
748
515
0
191
603
607
727
881
0
383
383
0
317
86
560
0
200
0
278
0
0
793
0
56
0
0
298
0
191
359
0
0
132
0
0
0
0
0
286
0
873
752
377
385
618
522
0
0
0
0
0
0
0
0
0
0
950
0
694
0
586
0
193
0
475
390
910
293
0
0
644
896
0
95
878
266
42
0
0
0
807
94
195
0
368
704
867
328
0
0
0
0
0
610
566
0
0
0
676
0
253
0
833
0
217
535
520
0
141
436
692
0
0
654
46
944
0
881
379
0
0
838
0
0
0
0
0
146
0
0
0
138
0
0
0
624
0
855
409
8
0
343
0
0
923
544
0
0
990
0
0
0
765
879
0
0
65
0
688
0
625
0
424
908
0
110
0
0
600
814
577
435
95
0
0
0
0
0
351
778
0
222
0
238
0
0
718
532
89
0
0
959
0
68
829
0
928
0
652
975
860
250
0
266
0
0
946
79
49
855
46
588
744
491
643
985
168
803
0
0
469
0
0
336
263
0
471
718
79
0
0
339
0
0
0
61
77
0
0
0
899
11
90
0
56
0
856
0
0
0
0
0
60
0
620
688
819
0
0
0
82
742
768
872
0
0
0
0
976
447
0
0
878
0
0
0
173
0
0
0
870
0
750
0
819
0
748
606
547
933
0
803
459
473
946
834
0
718
116
0
396
0
287
317
0
0
0
558
437
242
55
863
553
0
0
0
0
0
0
0
931
101
0
54
727
0
342
540
0
161
210
509
734
984
984
0
0
0
739
0
0
0
0
590
690
687
534
0
425
702
153
422
365
0
585
0
177
210
194
312
0
993
783
0
855
954
245
466
668
991
226
0
266
0
0
0
0
782
0
53
0
539
785
0
404
0
993
342
541
0
0
786
0
423
0
642
0
668
0
0
0
0
696
405
0
954
594
0
418
0
794
352
734
485
0
0
947
0
0
0
0
352
462
451
560
0
0
643
0
29
0
339
928
0
140
271
224
0
690
0
0
0
916
0
261
724
566
398
340
520
0
0
0
0
378
252
0
0
638
0
0
0
960
87
397
540
580
0
727
489
0
483
42
0
173
0
0
0
0
967
184
249
0
901
246
683
0
578
0
655
0
829
997
0
0
548
0
0
685
0
119
0
0
814
608
0
807
639
901
84
0
48
0
0
0
301
263
105
648
63
957
90
0
0
521
883
0
0
0
827
570
0
0
0
299
0
858
517
0
0
888
0
202
31
326
894
192
240
0
586
426
0
554
712
0
679
460
0
287
821
0
0
0
178
621
281
0
0
0
0
0
0
0
0
0
782
0
0
336
588
677
269
839
0
819
0
379
436
0
0
0
0
655
0
0
0
919
313
541
2
0
0
0
0
0
350
0
527
0
0
311
0
743
904
40
0
0
0
0
0
724
116
927
0
0
0
718
0
0
0
0
0
10
594
920
69
0
537
613
602
245
190
0
719
909
594
603
671
425
0
0
0
486
893
776
730
21
299
296
0
0
325
264
0
0
384
401
334
623
694
0
0
0
351
0
0
0
336
0
0
457
806
0
0
0
0
984
0
0
0
0
737
0
509
0
712
628
0
956
0
463
817
250
785
581
236
0
654
0
894
0
0
957
783
445
568
624
389
263
97
0
118
173
0
772
288
0
0
0
0
0
0
133
742
0
650
893
0
46
0
106
307
501
430
0
0
882
880
0
767
974
423
700
370
0
0
0
0
0
177
0
0
0
527
0
0
641
0
8
13
390
321
0
778
0
53
967
588
0
0
0
0
0
0
0
474
210
468
535
3
82
776
84
408
111
0
0
490
751
250
0
348
0
0
953
0
865
825
595
989
0
114
526
0
633
0
0
12
321
962
0
0
163
0
0
864
0
370
80
0
567
249
0
621
403
0
381
274
363
724
0
0
0
943
776
45
0
791
0
0
981
534
196
665
704
333
0
155
0
0
0
0
232
833
123
361
0
904
385
0
834
941
807
0
870
0
184
677
457
0
0
795
0
76
0
0
0
368
104
212
301
0
41
0
642
0
595
0
0
286
211
739
0
0
278
0
0
0
0
0
0
200
0
0
0
0
397
197
0
0
710
0
0
314
0
0
0
420
738
165
921
0
550
0
169
0
0
0
0
0
0
791
0
112
0
281
297
945
201
0
568
0
399
0
59
0
253
0
0
12
818
64
162
0
145
0
422
0
116
840
337
0
94
222
0
539
249
269
806
0
795
0
712
737
0
573
229
0
73
921
941
0
0
139
475
0
972
578
0
0
0
5
0
0
228
167
862
152
521
101
0
17
778
508
0
0
0
9
210
886
308
0
934
540
0
349
0
0
0
699
465
362
924
156
140
0
0
730
988
0
0
193
616
924
0
0
551
0
312
0
253
170
476
0
478
827
251
188
135
786
593
27
370
0
730
612
968
922
0
604
46
400
195
0
750
785
0
839
0
0
0
712
0
0
502
455
0
0
0
398
0
0
984
0
749
854
0
0
0
432
906
562
775
0
212
945
168
15
868
0
682
0
181
0
0
59
0
623
0
319
376
0
0
615
0
0
0
957
643
507
0
0
327
0
0
0
737
846
0
0
4
130
0
313
341
467
821
97
0
0
0
0
640
803
442
0
0
0
950
998
0
811
740
684
0
0
616
0
750
0
588
331
0
238
0
0
901
0
0
0
76
737
0
0
0
0
0
768
0
0
641
441
0
560
0
0
0
0
0
0
833
322
210
489
0
50
871
775
0
817
0
0
0
0
0
396
0
502
824
246
0
0
495
176
728
529
511
153
439
72
0
55
413
670
0
417
0
0
401
107
102
934
555
0
610
269
163
872
114
0
657
897
0
167
0
184
15
681
0
0
60
0
980
572
0
0
0
669
0
744
0
0
368
0
819
404
246
819
0
0
0
0
502
0
0
0
30
395
0
994
0
0
0
845
0
0
0
860
0
162
492
678
400
819
876
0
760
911
285
776
0
0
331
0
0
274
656
279
64
120
663
631
0
0
0
0
0
72
480
0
422
0
928
407
607
923
0
152
228
0
0
176
0
0
0
362
0
0
0
351
509
616
0
0
0
289
192
0
0
510
533
623
0
0
0
0
0
0
155
0
132
0
704
0
0
0
683
0
0
474
0
573
455
0
0
0
471
0
0
806
0
227
0
0
335
0
0
0
0
0
37
0
0
98
492
0
0
792
537
0
385
0
0
0
885
0
26
777
0
876
735
0
694
0
717
0
776
820
0
0
0
0
631
0
542
0
0
26
0
0
995
867
755
404
0
0
352
441
814
0
0
727
0
0
741
688
447
0
70
598
0
422
0
523
547
0
699
0
0
412
241
798
867
718
748
993
0
379
984
210
0
229
0
0
30
471
0
538
328
987
814
0
929
960
177
216
225
0
0
0
0
298
0
664
0
0
0
784
798
618
0
474
811
0
48
0
33
0
0
803
0
0
0
0
0
599
0
723
0
0
0
488
259
743
560
0
0
0
0
0
521
0
55
610
0
0
0
0
0
47
531
0
0
0
197
804
0
0
0
0
0
230
0
799
945
0
0
0
0
0
0
0
328
532
606
342
578
436
0
468
368
0
0
768
395
0
538
0
0
0
0
858
0
0
0
894
797
162
524
519
0
368
373
272
374
282
687
351
432
741
0
0
0
0
540
723
0
599
0
0
0
0
447
0
0
275
0
0
7
0
0
907
0
161
0
0
43
806
0
989
0
0
485
961
0
794
0
0
361
490
54
730
500
0
418
0
0
837
279
0
460
872
0
31
676
161
844
232
0
351
159
363
0
89
547
541
0
0
0
535
104
73
0
0
0
0
328
0
0
0
0
0
617
0
343
84
0
528
0
43
946
380
804
0
532
21
924
920
614
0
308
438
0
728
0
0
0
42
0
387
598
64
883
739
0
0
180
104
0
135
724
0
598
0
0
0
0
823
0
56
0
0
803
955
0
0
23
273
605
714
24
0
693
220
837
0
0
0
753
605
0
0
0
0
629
0
0
981
0
876
0
0
0
0
933
0
655
0
0
3
212
921
398
0
994
806
987
0
0
0
158
835
648
0
628
893
0
611
89
0
505
0
0
0
643
402
430
0
0
0
0
770
0
173
0
665
0
0
0
790
0
0
779
0
733
262
0
0
0
0
981
645
0
710
616
557
766
0
666
0
0
959
0
0
424
339
912
519
0
0
272
0
431
246
73
718
986
0
781
0
0
153
27
592
743
0
0
417
0
681
0
101
0
0
0
0
0
0
0
82
301
941
0
641
0
0
814
0
0
158
0
0
0
842
147
287
5
941
255
0
404
482
739
0
320
825
0
693
0
62
78
464
271
40
0
696
89
0
230
0
0
0
59
134
0
0
309
0
330
0
0
0
0
0
0
0
0
0
766
93
1000
235
711
459
0
144
0
0
333
645
365
544
866
768
813
66
0
0
641
0
566
0
0
0
854
216
0
55
0
0
0
938
0
959
803
786
829
0
737
776
0
0
0
441
0
227
0
858
0
835
0
0
0
640
938
0
0
145
0
890
752
308
260
0
123
0
177
0
416
0
282
651
0
255
0
0
842
259
0
940
940
468
899
0
0
0
943
0
0
688
67
0
714
0
699
837
821
100
0
0
786
0
0
0
0
0
0
0
722
557
0
597
743
0
608
0
475
0
0
0
179
188
0
64
0
220
0
0
260
0
939
583
0
0
459
0
997
655
0
84
41
0
984
0
0
0
929
0
617
648
0
0
0
450
0
0
504
0
543
0
724
385
0
87
0
517
0
953
298
181
0
315
776
0
0
754
931
998
747
0
94
548
844
734
550
228
184
0
328
0
0
0
0
0
769
686
0
276
619
584
38
891
0
76
0
0
427
0
0
0
716
737
0
0
0
0
290
0
0
0
34
50
164
489
538
0
446
868
0
0
0
0
610
68
473
423
0
0
509
408
0
139
0
560
845
0
960
0
0
0
842
640
450
0
0
0
0
0
0
323
0
0
0
296
0
0
0
255
0
515
559
40
0
0
846
0
406
0
769
0
794
369
85
990
0
418
0
0
148
794
435
539
502
594
0
0
0
818
782
0
0
0
0
0
238
106
0
0
991
691
60
570
0
431
0
0
269
318
0
997
871
0
647
97
0
0
0
0
250
320
409
628
566
829
946
0
0
0
0
111
642
475
749
0
0
335
177
0
343
628
147
938
0
0
0
0
607
0
799
0
0
199
0
543
0
604
864
0
923
977
403
0
0
0
359
46
0
984
158
724
742
0
537
172
0
0
0
0
869
759
873
0
0
0
494
0
740
424
679
706
295
787
191
0
0
671
640
0
232
856
920
0
123
589
0
0
0
818
0
390
514
887
0
0
543
0
906
0
0
0
0
360
0
0
834
642
548
0
712
0
0
0
854
0
0
0
216
894
84
893
287
0
0
0
0
0
765
67
205
619
658
887
193
0
579
337
0
0
0
0
660
566
0
197
280
429
340
0
196
361
201
114
0
0
323
799
974
732
734
493
0
265
377
0
718
93
0
856
361
421
0
445
0
475
0
0
505
363
287
966
346
734
0
613
708
83
544
92
0
0
817
642
0
0
397
959
225
536
364
737
628
975
0
928
0
0
0
919
628
0
595
972
0
0
0
0
225
797
0
0
5
0
504
0
607
765
0
0
204
923
939
956
0
74
454
0
114
0
378
162
135
460
325
348
0
0
0
32
0
0
0
309
0
0
0
0
0
822
930
229
218
438
0
915
0
0
330
259
0
960
0
6
0
258
919
0
84
0
0
0
758
372
71
589
0
331
599
0
446
0
0
0
0
0
0
0
0
0
0
206
721
0
0
0
718
668
0
313
0
490
0
578
0
0
860
0
0
162
528
611
941
145
0
0
0
67
0
0
0
0
683
0
562
531
0
503
161
434
762
989
0
953
0
112
230
0
0
0
0
0
0
0
27
246
938
768
389
834
0
858
186
0
0
152
740
0
0
0
590
68
894
596
24
0
472
568
936
415
755
0
0
0
62
411
0
0
0
0
0
0
0
585
0
484
261
0
126
718
0
0
624
556
676
652
116
0
685
541
956
751
0
0
0
0
0
0
0
524
0
89
255
0
543
0
799
205
204
0
0
